1124700 2938.8
1124710 2938.8
1124720 2941.9
1124730 2937.5
1124740 2937.5
1124750 2927.0
1124760 2926.0
1124770 2926.0
1124780 2925.7
1124790 2923.8
1124800 2929.0
1124810 2912.0
1124820 2915.1
1124830 2918.0
1124840 2918.0
1124850 2917.9
1124860 2915.4
1124870 2915.4
1124880 2913.8
1124890 2912.8
1124900 2912.8
1124910 2910.7
1124920 2903.5
1124930 2903.5
1124940 2894.8
1124950 2878.0
1124960 2878.0
1124970 2873.6
1124980 2871.7
1124990 2869.4
1125000 2869.4
1125010 2866.2
1125020 2861.2
1125030 2861.2
1125040 2855.5
1125050 2850.3
1125060 2850.3
1125070 2845.5
1125080 2842.0
1125090 2842.0
1125100 2839.4
1125110 2838.5
1125120 2838.5
1125130 2838.1
1125140 2840.9
1125150 2840.9
1125160 2838.4
1125170 2841.8
1125180 2842.8
1125190 2842.8
