1123010 2906.9
1123020 2911.7
1123030 2911.7
1123040 2921.3
1123050 2926.8
1123060 2928.6
1123070 2928.6
1123080 2931.7
1123090 2939.0
1123100 2939.0
1123110 2947.3
1123120 2953.1
1123130 2953.1
1123140 2957.2
1123150 2963.9
1123160 2963.9
1123170 2980.2
1123180 2990.5
1123190 2990.5
1123200 2995.7
1123210 3002.7
1123220 3002.7
1123230 3007.4
1123240 3012.6
1123250 3018.5
1123260 3018.5
1123270 3022.8
1123280 3031.9
1123290 3031.9
1123300 3051.1
1123310 3053.3
1123320 3053.3
1123330 3054.4
1123340 3061.8
1123350 3061.8
1123360 3076.0
1123370 3090.1
1123380 3090.1
1123390 3097.1
1123400 3102.2
1123410 3108.8
1123420 3108.8
1123430 3112.8
1123440 3113.0
1123450 3113.0
1123460 3114.1
1123470 3112.9
1123480 3112.9
1123490 3099.0
1123500 3086.4
1123510 3086.4
1123520 3080.2
1123530 3076.6
1123540 3076.6
1123550 3072.4
1123560 3065.4
1123570 3065.4
1123580 3056.0
1123590 3050.5
1123600 3047.0
1123610 3047.0
1123620 3043.7
1123630 3038.5
1123640 3038.5
1123650 3038.4
1123660 3033.7
1123670 3033.7
1123680 3029.4
1123690 3025.1
1123700 3025.1
1123710 3021.2
1123720 3018.0
1123730 3018.0
1123740 3015.1
1123750 3012.0
1123760 3012.0
1123770 3009.0
1123780 3006.2
1123790 3003.8
1123800 3003.8
1123810 3001.9
1123820 3000.8
1123830 3000.8
1123840 3000.7
1123850 2999.9
1123860 2999.9
1123870 2998.1
1123880 2995.8
1123890 2995.8
1123900 2992.9
1123910 2989.6
1123920 2989.6
1123930 2986.2
1123940 2982.4
1123950 2982.4
1123960 2978.4
1123970 2974.1
1123980 2969.5
1123990 2969.5
1124000 2964.4
1124010 2959.5
1124020 2959.5
1124030 2954.9
1124040 2950.6
1124050 2950.6
1124060 2946.5
1124070 2942.5
1124080 2942.5
1124090 2939.2
1124100 2936.4
1124110 2936.4
1124120 2933.8
1124130 2931.1
1124140 2931.1
1124150 2928.6
1124160 2925.9
1124170 2923.1
1124180 2923.1
1124190 2919.9
1124200 2916.8
1124210 2916.8
1124220 2913.6
1124230 2910.2
1124240 2910.2
1124250 2905.8
1124260 2901.8
1124270 2901.8
1124280 2896.5
1124290 2890.3
1124300 2890.3
1124310 2882.9
1124320 2875.0
1124330 2875.0
1124340 2867.7
1124350 2864.4
1124360 2860.0
1124370 2860.0
1124380 2856.6
1124390 2854.0
1124400 2854.0
1124410 2852.1
1124420 2850.4
1124430 2850.4
1124440 2849.1
1124450 2848.3
1124460 2848.3
1124470 2847.7
1124480 2847.3
1124490 2847.3
1124500 2846.8
1124510 2846.7
1124520 2846.7
1124530 2846.6
1124540 2846.6
1124550 2846.7
1124560 2846.7
1124570 2846.8
1124580 2846.9
1124590 2846.9
1124600 2847.5
1124610 2847.7
1124620 2847.7
1124630 2848.0
1124640 2848.2
1124650 2848.2
1124660 2848.4
1124670 2848.5
1124680 2848.5
1124690 2849.5
1124700 2850.9
1124710 2850.9
1124720 2851.4
1124730 2851.5
1124740 2851.9
1124750 2851.9
1124760 2852.3
1124770 2852.7
1124780 2852.7
1124790 2852.8
1124800 2853.1
1124810 2853.1
1124820 2853.5
1124830 2854.1
1124840 2854.1
1124850 2855.1
1124860 2855.9
1124870 2855.9
1124880 2856.3
1124890 2856.8
1124900 2856.8
1124910 2857.4
1124920 2858.6
1124930 2859.6
1124940 2859.6
1124950 2860.8
1124960 2862.1
1124970 2862.1
1124980 2861.8
1124990 2861.3
1125000 2861.3
1125010 2861.2
1125020 2860.6
1125030 2860.6
1125040 2859.8
1125050 2862.5
1125060 2862.5
1125070 2862.4
1125080 2860.6
1125090 2860.6
1125100 2853.1
1125110 2847.5
1125120 2849.6
1125130 2849.6
1125140 2852.3
1125150 2848.1
1125160 2848.1
1125170 2846.6
1125180 2849.2
1125190 2849.2
1125200 2848.3
1125210 2845.3
1125220 2845.3
1125230 2844.5
1125240 2841.2
1125250 2841.2
1125260 2833.2
1125270 2835.2
1125280 2835.2
1125290 2836.6
1125300 2830.0
1125310 2825.1
1125320 2825.1
1125330 2821.7
1125340 2818.2
1125350 2818.2
1125360 2816.3
1125370 2813.5
1125380 2813.5
1125390 2811.4
1125400 2808.0
1125410 2821.4
1125420 2819.7
1125430 2813.3
1125440 2813.3
1125450 2798.9
1125460 2794.8
1125470 2794.8
1125480 2800.0
1125490 2805.4
1125500 2812.6
1125510 2812.6
1125520 2819.2
1125530 2825.6
1125540 2825.6
1125550 2829.0
1125560 2835.2
1125570 2835.2
1125580 2848.1
1125590 2857.5
1125600 2857.5
1125610 2859.6
1125620 2863.8
1125630 2863.8
1125640 2867.0
1125650 2869.5
1125660 2869.5
1125670 2874.3
1125680 2881.8
1125690 2889.7
1125700 2889.7
1125710 2899.0
1125720 2904.8
1125730 2904.8
1125740 2904.3
1125750 2906.0
1125760 2916.9
1125770 2923.4
1125780 2933.5
1125790 2933.5
1125800 2942.6
1125810 2947.5
1125820 2947.5
1125830 2952.4
1125840 2961.0
1125850 2961.0
1125860 2967.9
1125870 2964.2
1125880 2952.9
1125890 2952.9
1125900 2938.3
1125910 2921.1
1125920 2921.1
1125930 2905.4
1125940 2892.4
1125950 2892.4
1125960 2884.5
1125970 2878.2
1125980 2878.2
1125990 2874.4
1126000 2871.8
1126010 2871.8
1126020 2869.5
1126030 2867.3
1126040 2867.3
1126050 2865.0
1126060 2862.4
1126070 2859.6
1126080 2859.6
1126090 2856.8
1126100 2853.6
1126110 2856.4
1126120 2853.2
1126130 2849.9
1126140 2849.9
1126150 2846.3
1126160 2842.2
1126170 2842.2
1126180 2837.8
1126190 2832.2
1126200 2832.2
1126210 2826.0
1126220 2819.5
1126230 2819.5
1126240 2813.4
1126250 2808.3
1126260 2804.5
1126270 2804.5
1126280 2803.8
1126290 2803.0
1126300 2803.0
1126310 2796.4
1126320 2790.8
1126330 2790.8
1126340 2790.4
1126350 2786.5
1126360 2786.5
1126370 2781.0
1126380 2773.7
1126390 2773.7
1126400 2770.6
1126410 2768.7
1126420 2768.7
1126430 2766.2
1126440 2763.8
1126450 2761.8
1126460 2765.1
1126470 2764.1
1126480 2763.2
1126490 2763.2
1126500 2762.0
1126510 2760.3
1126520 2760.3
1126530 2758.4
1126540 2756.3
1126550 2756.3
1126560 2753.2
1126570 2750.1
1126580 2750.1
1126590 2747.2
1126600 2742.4
1126610 2742.4
1126620 2737.5
1126630 2732.4
1126640 2727.7
1126650 2727.7
1126660 2723.4
1126670 2719.4
1126680 2719.4
1126690 2715.7
1126700 2712.3
1126710 2712.3
1126720 2709.6
1126730 2707.2
1126740 2707.2
1126750 2705.5
1126760 2704.7
1126770 2704.7
1126780 2704.8
1126790 2706.1
1126800 2706.1
1126810 2703.0
1126820 2703.6
1126830 2703.9
1126840 2703.9
1126850 2702.3
1126860 2702.4
1126870 2702.4
1126880 2703.2
1126890 2704.0
1126900 2704.0
1126910 2704.7
1126920 2705.5
1126930 2705.5
1126940 2706.3
1126950 2707.3
1126960 2707.3
1126970 2708.2
1126980 2709.2
1126990 2709.2
1127000 2710.2
1127010 2711.3
1127020 2712.3
1127030 2712.3
1127040 2713.4
1127050 2714.5
1127060 2714.5
1127070 2715.6
1127080 2716.7
1127090 2716.7
1127100 2717.7
1127110 2718.8
1127120 2718.8
1127130 2719.7
1127140 2720.6
1127150 2720.6
1127160 2721.5
1127170 2724.1
1127180 2724.1
1127190 2724.7
1127200 2725.3
1127210 2725.7
1127220 2725.7
1127230 2726.1
1127240 2726.5
1127250 2726.5
1127260 2726.7
1127270 2727.0
1127280 2727.0
1127290 2727.3
1127300 2727.5
1127310 2727.5
1127320 2727.6
1127330 2727.9
1127340 2727.9
1127350 2728.1
1127360 2728.6
1127370 2728.6
1127380 2729.4
1127390 2730.6
1127400 2732.4
1127410 2732.4
1127420 2734.4
1127430 2736.8
1127440 2736.8
1127450 2738.9
1127460 2742.7
1127470 2742.7
1127480 2745.0
1127490 2745.3
1127500 2745.3
1127510 2745.4
1127520 2752.0
1127530 2752.0
1127540 2751.9
1127550 2752.0
1127560 2752.0
1127570 2753.0
1127580 2754.3
1127590 2755.7
1127600 2755.7
1127610 2757.1
1127620 2758.5
1127630 2758.5
1127640 2759.9
1127650 2761.5
1127660 2761.5
1127670 2763.1
1127680 2764.5
1127690 2764.5
1127700 2765.9
1127710 2767.3
1127720 2767.3
1127730 2768.7
1127740 2770.0
1127750 2770.0
1127760 2771.3
1127770 2772.4
1127780 2773.5
1127790 2773.5
1127800 2774.6
1127810 2775.9
1127820 2775.9
1127830 2776.9
1127840 2778.0
1127850 2778.0
1127860 2779.1
1127870 2780.1
1127880 2782.3
1127890 2783.5
1127900 2784.8
1127910 2784.8
1127920 2785.8
1127930 2786.9
1127940 2788.3
1127950 2788.3
1127960 2789.6
1127970 2790.6
1127980 2790.6
1127990 2792.1
1128000 2793.4
1128010 2793.4
1128020 2794.9
1128030 2796.2
1128040 2796.2
1128050 2797.3
1128060 2798.6
1128070 2798.6
1128080 2799.8
1128090 2801.1
1128100 2801.1
1128110 2802.8
1128120 2805.0
1128130 2806.8
1128140 2806.8
1128150 2809.2
1128160 2813.4
1128170 2813.4
1128180 2819.2
1128190 2827.2
1128200 2827.2
1128210 2839.1
1128220 2848.2
1128230 2844.4
1128240 2855.8
1128250 2863.7
1128260 2863.7
1128270 2872.2
1128280 2880.8
1128290 2880.8
1128300 2892.2
1128310 2900.6
1128320 2907.1
1128330 2907.1
1128340 2912.1
1128350 2914.5
1128360 2914.5
1128370 2914.6
1128380 2912.4
1128390 2912.4
1128400 2910.1
1128410 2908.7
1128420 2908.7
1128430 2907.3
1128440 2906.2
1128450 2906.2
1128460 2905.9
1128470 2908.0
1128480 2908.0
1128490 2910.7
1128500 2913.6
1128510 2916.7
1128520 2916.7
1128530 2921.2
1128540 2925.8
1128550 2925.8
1128560 2929.2
1128570 2932.7
1128580 2932.7
1128590 2928.6
1128600 2932.1
1128610 2932.1
1128620 2936.2
1128630 2941.3
1128640 2941.3
1128650 2945.9
1128660 2949.1
1128670 2949.1
1128680 2954.9
1128690 2963.4
1128700 2972.7
1128710 2972.7
1128720 2981.2
1128730 2988.4
1128740 2988.4
1128750 2991.3
1128760 2985.9
1128770 2985.9
1128780 2988.1
1128790 2995.8
1128800 2995.8
1128810 3005.1
1128820 3010.7
1128830 3010.7
1128840 3012.6
1128850 3018.9
1128860 3018.9
1128870 3027.1
1128880 3023.5
1128890 3032.5
1128900 3032.5
1128910 3041.2
1128920 3048.7
1128930 3048.7
1128940 3045.5
1128950 3054.2
1128960 3054.2
1128970 3055.7
1128980 3066.8
1128990 3066.8
1129000 3075.4
1129010 3079.6
1129020 3079.6
1129030 3087.1
1129040 3088.3
1129050 3088.3
1129060 3092.3
1129070 3088.5
1129080 3082.8
1129090 3082.8
1129100 3084.7
1129110 3087.7
1129120 3087.7
1129130 3091.1
1129140 3093.5
1129150 3093.5
1129160 3095.4
1129170 3098.4
1129180 3098.4
1129190 3101.8
1129200 3105.5
1129210 3105.5
1129220 3109.0
1129230 3112.7
1129240 3112.7
1129250 3116.2
1129260 3122.0
1129270 3116.6
1129280 3116.6
1129290 3104.5
1129300 3102.4
1129310 3102.4
1129320 3095.0
1129330 3089.8
1129340 3089.8
1129350 3085.9
1129360 3080.5
1129370 3080.5
1129380 3073.2
1129390 3066.7
1129400 3066.7
1129410 3059.4
1129420 3049.3
1129430 3049.3
1129440 3040.6
1129450 3032.2
1129460 3025.7
1129470 3025.7
1129480 3022.7
1129490 3020.0
1129500 3020.0
1129510 3016.9
1129520 3014.0
1129530 3014.0
1129540 3011.5
1129550 3010.4
1129560 3010.4
1129570 3011.0
1129580 3013.4
1129590 3013.4
1129600 3017.1
1129610 3018.2
1129620 3018.2
1129630 3019.2
1129640 3022.4
1129650 3026.7
1129660 3026.7
1129670 3021.1
1129680 3014.5
1129690 3014.5
1129700 3001.5
1129710 2996.0
1129720 2996.0
1129730 2994.3
1129740 2992.6
1129750 2992.6
1129760 2991.4
1129770 2992.0
1129780 2992.0
1129790 2992.8
1129800 2993.8
1129810 2993.8
1129820 2996.0
1129830 2999.4
1129840 3002.6
1129850 3002.6
1129860 3003.9
1129870 3004.6
1129880 3004.6
1129890 3005.0
1129900 3005.3
1129910 3005.3
1129920 3005.5
1129930 3005.9
1129940 3005.9
1129950 3006.8
1129960 3007.9
1129970 3007.9
1129980 3009.0
1129990 3010.1
1130000 3010.1
1130010 3013.9
1130020 3015.1
1130030 3016.1
1130040 3016.1
1130050 3017.2
1130060 3018.2
1130070 3018.2
1130080 3019.1
1130090 3020.2
1130100 3020.2
1130110 3021.5
1130120 3023.2
1130130 3023.2
1130140 3025.3
1130150 3028.5
1130160 3028.5
1130170 3035.7
1130180 3045.7
1130190 3045.7
1130200 3055.7
1130210 3064.5
1130220 3074.2
1130230 3074.2
1130240 3083.5
1130250 3093.6
1130260 3093.6
1130270 3104.0
1130280 3116.8
1130290 3116.8
1130300 3127.9
1130310 3137.0
1130320 3137.0
1130330 3147.8
1130340 3160.5
1130350 3160.5
1130360 3163.6
1130370 3160.2
1130380 3160.2
1130390 3156.7
1130400 3154.9
1130410 3153.0
1130420 3153.0
1130430 3151.3
1130440 3154.6
1130450 3154.6
1130460 3155.8
1130470 3155.6
1130480 3155.6
1130490 3147.5
1130500 3138.4
1130510 3138.4
1130520 3131.9
1130530 3130.3
1130540 3130.3
1130550 3126.4
1130560 3115.0
1130570 3115.0
1130580 3104.8
1130590 3087.0
1130600 3064.7
1130610 3064.7
1130620 3051.9
1130630 3041.2
1130640 3041.2
1130650 3027.1
1130660 3011.0
1130670 3011.0
1130680 2990.8
1130690 2978.4
1130700 2978.4
1130710 2975.6
1130720 2975.5
1130730 2975.5
1130740 2973.7
1130750 2972.2
1130760 2972.2
1130770 2971.2
1130780 2970.3
1130790 2969.7
1130800 2969.7
1130810 2969.2
1130820 2968.9
1130830 2968.9
1130840 2968.8
1130850 2968.8
1130860 2968.8
1130870 2968.8
1130880 2968.9
1130890 2968.9
1130900 2969.0
1130910 2969.1
1130920 2969.1
1130930 2969.3
1130940 2969.4
1130950 2969.4
1130960 2969.5
1130970 2969.5
1130980 2969.3
1130990 2969.3
1131000 2968.9
1131010 2968.7
1131020 2968.7
1131030 2968.4
1131040 2968.0
1131050 2968.0
1131060 2967.6
1131070 2967.2
1131080 2969.3
1131090 2968.7
1131100 2968.1
1131110 2968.1
1131120 2967.3
1131130 2966.1
1131140 2966.1
1131150 2964.8
1131160 2964.1
1131170 2963.6
1131180 2963.6
1131190 2963.1
1131200 2962.2
1131210 2962.2
1131220 2961.0
1131230 2959.3
1131240 2959.3
1131250 2957.2
1131260 2954.6
1131270 2954.6
1131280 2951.8
1131290 2948.8
1131300 2948.8
1131310 2945.9
1131320 2943.1
1131330 2943.1
1131340 2942.0
1131350 2942.8
1131360 2937.9
1131370 2937.9
1131380 2931.4
1131390 2926.0
1131400 2926.0
1131410 2922.3
1131420 2919.3
1131430 2919.3
1131440 2919.0
1131450 2917.4
1131460 2917.4
1131470 2914.1
1131480 2911.8
1131490 2911.8
1131500 2909.8
1131510 2905.1
1131520 2905.1
1131530 2901.7
1131540 2899.5
1131550 2897.4
1131560 2897.4
1131570 2895.2
1131580 2893.1
1131590 2893.1
1131600 2891.1
1131610 2889.3
1131620 2889.3
1131630 2887.6
1131640 2885.9
1131650 2885.9
1131660 2884.4
1131670 2882.9
1131680 2882.9
1131690 2881.5
1131700 2880.2
1131710 2879.0
1131720 2879.0
1131730 2877.9
1131740 2876.8
1131750 2876.8
1131760 2875.8
1131770 2875.0
1131780 2875.0
1131790 2875.9
1131800 2875.5
1131810 2875.5
1131820 2875.3
1131830 2875.4
1131840 2875.4
1131850 2875.8
1131860 2876.3
1131870 2876.3
1131880 2877.2
1131890 2878.4
1131900 2879.8
1131910 2879.8
1131920 2881.7
1131930 2883.9
1131940 2883.9
1131950 2886.4
1131960 2889.6
1131970 2889.6
1131980 2893.5
1131990 2898.0
1132000 2898.0
1132010 2902.9
1132020 2908.6
1132030 2908.6
1132040 2914.6
1132050 2920.8
1132060 2920.8
1132070 2927.6
1132080 2935.2
1132090 2943.3
1132100 2943.3
1132110 2951.7
1132120 2960.7
1132130 2960.7
1132140 2968.2
1132150 2979.9
1132160 2979.9
1132170 2991.9
1132180 3000.3
1132190 3000.3
1132200 2990.5
1132210 2985.4
1132220 2985.4
1132230 2975.9
1132240 2976.6
1132250 2976.6
1132260 2968.5
1132270 2956.6
1132280 2948.0
1132290 2948.0
1132300 2948.5
1132310 2955.4
1132320 2955.4
1132330 2961.2
1132340 2951.5
1132350 2951.5
1132360 2935.3
1132370 2924.7
1132380 2924.7
1132390 2917.8
1132400 2913.0
1132410 2913.0
1132420 2909.3
1132430 2898.2
1132440 2898.2
1132450 2889.5
1132460 2887.8
1132470 2885.9
1132480 2885.9
1132490 2884.7
1132500 2883.9
1132510 2876.0
1132520 2874.8
1132530 2872.1
1132540 2872.1
1132550 2871.1
1132560 2878.5
1132570 2878.5
1132580 2882.5
1132590 2866.7
1132600 2866.7
1132610 2863.1
1132620 2855.0
1132630 2855.0
1132640 2842.5
1132650 2839.8
1132660 2837.6
1132670 2837.6
1132680 2840.1
1132690 2841.2
1132700 2841.2
1132710 2838.5
1132720 2835.9
1132730 2835.9
1132740 2836.0
1132750 2835.4
1132760 2835.4
1132770 2834.6
1132780 2833.4
1132790 2833.4
1132800 2832.0
1132810 2831.9
1132820 2831.9
1132830 2833.1
1132840 2835.2
1132850 2837.2
1132860 2837.2
1132870 2837.7
1132880 2839.4
1132890 2839.4
1132900 2841.1
1132910 2842.7
1132920 2842.7
1132930 2844.8
1132940 2846.7
1132950 2846.7
1132960 2848.2
1132970 2849.7
1132980 2849.7
1132990 2851.1
1133000 2852.4
1133010 2852.4
1133020 2853.5
1133030 2854.5
1133040 2855.4
1133050 2855.4
1133060 2856.4
1133070 2857.4
1133080 2857.4
1133090 2858.2
1133100 2859.1
1133110 2859.1
1133120 2859.9
1133130 2860.5
1133140 2860.5
1133150 2861.0
1133160 2861.5
1133170 2861.5
1133180 2861.8
1133190 2862.1
1133200 2862.1
1133210 2862.2
1133220 2862.2
1133230 2859.5
1133240 2859.5
1133250 2859.5
1133260 2859.7
1133270 2859.7
1133280 2860.1
1133290 2860.3
1133300 2860.3
1133310 2860.5
1133320 2860.5
1133330 2860.5
1133340 2860.7
1133350 2861.0
1133360 2861.0
1133370 2861.2
1133380 2861.6
1133390 2861.6
1133400 2862.0
1133410 2862.6
1133420 2863.1
1133430 2863.1
1133440 2863.9
1133450 2865.2
1133460 2865.2
1133470 2866.0
1133480 2867.2
1133490 2867.2
1133500 2868.6
1133510 2870.3
1133520 2870.3
1133530 2872.1
1133540 2874.2
1133550 2874.2
1133560 2876.5
1133570 2879.3
1133580 2879.3
1133590 2881.3
1133600 2885.0
1133610 2889.3
1133620 2889.3
1133630 2894.3
1133640 2899.7
1133650 2899.7
1133660 2905.2
1133670 2912.0
1133680 2912.0
1133690 2919.4
1133700 2926.0
1133710 2926.0
1133720 2933.5
1133730 2941.1
1133740 2941.1
1133750 2947.9
1133760 2957.1
1133770 2957.1
1133780 2971.9
1133790 2986.3
1133800 2995.2
1133810 2995.2
1133820 3002.2
1133830 3008.3
1133840 3008.3
1133850 3013.3
1133860 3012.9
1133870 3012.9
