1120000 2528.1
1120010 2528.1
1120020 2530.2
1120030 2534.7
1120040 2534.7
1120050 2537.6
1120060 2538.7
1120070 2538.7
1120080 2538.5
1120090 2542.8
1120100 2544.7
1120110 2551.5
1120120 2556.9
1120130 2556.9
1120140 2560.7
1120150 2566.7
1120160 2573.4
1120170 2573.4
1120180 2576.6
1120190 2578.6
1120200 2578.6
1120210 2582.4
1120220 2586.5
1120230 2586.5
1120240 2589.3
1120250 2590.5
1120260 2590.5
1120270 2592.1
1120280 2594.8
1120290 2594.8
1120300 2596.9
1120310 2599.2
1120320 2599.2
1120330 2600.9
1120340 2603.0
1120350 2605.4
1120360 2605.4
1120370 2607.7
1120380 2609.7
1120390 2609.7
1120400 2611.8
1120410 2613.2
1120420 2613.2
1120430 2613.9
1120440 2617.9
1120450 2617.9
1120460 2620.1
1120470 2622.4
1120480 2622.4
1120490 2624.4
1120500 2626.5
1120510 2626.5
1120520 2629.5
1120530 2632.9
1120540 2635.9
1120550 2635.9
1120560 2638.7
1120570 2641.4
1120580 2641.4
1120590 2643.8
1120600 2648.3
1120610 2648.3
1120620 2650.8
1120630 2653.5
1120640 2653.5
1120650 2657.3
1120660 2660.7
1120670 2660.7
1120680 2661.4
1120690 2661.9
1120700 2661.9
1120710 2665.0
1120720 2669.0
1120730 2672.1
1120740 2672.1
1120750 2673.7
1120760 2675.7
1120770 2675.7
1120780 2677.2
1120790 2680.7
1120800 2680.7
1120810 2684.7
1120820 2688.1
1120830 2688.1
1120840 2691.3
1120850 2693.7
1120860 2693.7
1120870 2694.8
1120880 2697.4
1120890 2697.4
1120900 2699.3
1120910 2701.2
1120920 2703.7
1120930 2703.7
1120940 2705.8
1120950 2708.9
1120960 2708.9
1120970 2711.7
1120980 2713.9
1120990 2713.9
1121000 2716.1
1121010 2718.3
1121020 2718.3
1121030 2720.6
1121040 2723.8
1121050 2723.8
1121060 2726.3
1121070 2728.6
1121080 2728.6
1121090 2730.6
1121100 2732.7
1121110 2735.1
1121120 2735.1
1121130 2737.4
1121140 2742.2
1121150 2742.2
1121160 2744.2
1121170 2746.2
1121180 2746.2
1121190 2748.1
1121200 2750.7
1121210 2750.7
1121220 2753.5
1121230 2758.2
1121240 2758.2
1121250 2762.0
1121260 2770.5
1121270 2770.5
1121280 2785.5
1121290 2791.6
1121300 2795.8
1121310 2795.8
1121320 2800.3
1121330 2806.5
1121340 2806.5
1121350 2814.7
1121360 2823.7
1121370 2823.7
1121380 2836.6
1121390 2844.8
1121400 2844.8
1121410 2853.0
1121420 2859.9
1121430 2859.9
1121440 2867.6
1121450 2873.2
1121460 2873.2
1121470 2876.7
1121480 2880.7
1121490 2886.1
1121500 2886.1
1121510 2892.8
1121520 2898.0
1121530 2898.0
1121540 2901.7
1121550 2904.0
1121560 2904.0
1121570 2908.1
1121580 2914.2
1121590 2914.2
1121600 2922.6
1121610 2930.2
1121620 2930.2
1121630 2936.6
1121640 2944.8
1121650 2944.8
1121660 2948.9
1121670 2950.1
1121680 2950.8
1121690 2950.8
1121700 2950.9
1121710 2950.3
1121720 2950.3
1121730 2947.5
1121740 2941.4
1121750 2941.4
1121760 2938.3
1121770 2934.8
1121780 2934.8
1121790 2927.7
1121800 2922.3
1121810 2922.3
1121820 2920.2
1121830 2921.0
1121840 2921.0
1121850 2920.5
1121860 2920.5
1121870 2921.0
1121880 2921.0
1121890 2921.8
1121900 2922.9
1121910 2922.9
1121920 2924.1
1121930 2925.7
1121940 2925.7
1121950 2927.2
1121960 2928.9
1121970 2928.9
1121980 2930.7
1121990 2932.6
1122000 2932.6
1122010 2934.5
1122020 2936.6
1122030 2936.6
1122040 2939.0
1122050 2941.5
1122060 2944.3
1122070 2944.3
1122080 2947.6
1122090 2951.0
1122100 2951.0
1122110 2955.3
1122120 2960.3
1122130 2960.3
1122140 2965.7
1122150 2971.7
1122160 2971.7
1122170 2984.2
1122180 3000.3
1122190 3000.3
1122200 3013.9
1122210 3023.5
1122220 3023.5
1122230 3033.5
1122240 3041.7
1122250 3050.3
1122260 3050.3
1122270 3059.7
1122280 3068.9
1122290 3068.9
1122300 3077.1
1122310 3089.0
1122320 3089.0
1122330 3100.5
1122340 3106.8
1122350 3106.8
1122360 3107.9
1122370 3110.7
1122380 3110.7
1122390 3112.8
1122400 3107.0
1122410 3107.0
1122420 3111.0
1122430 3113.1
1122440 3115.9
1122450 3115.9
1122460 3120.7
1122470 3121.1
1122480 3121.1
1122490 3118.8
1122500 3116.4
1122510 3116.4
1122520 3112.7
1122530 3120.9
1122540 3120.9
1122550 3116.8
1122560 3110.1
1122570 3110.1
1122580 3104.3
1122590 3102.6
1122600 3102.6
1122610 3102.4
1122620 3102.7
1122630 3104.1
1122640 3104.1
1122650 3106.1
1122660 3108.1
1122670 3108.1
1122680 3109.9
1122690 3109.3
1122700 3109.3
1122710 3109.3
1122720 3110.3
1122730 3110.3
1122740 3111.5
1122750 3113.2
1122760 3113.2
1122770 3114.7
1122780 3118.7
1122790 3118.7
1122800 3122.6
1122810 3123.8
1122820 3122.1
1122830 3122.1
1122840 3122.3
1122850 3122.1
1122860 3122.1
1122870 3122.2
1122880 3133.8
1122890 3133.8
1122900 3127.4
1122910 3112.5
1122920 3112.5
1122930 3095.4
1122940 3078.4
1122950 3078.4
1122960 3058.7
1122970 3036.6
1122980 3036.6
1122990 3030.2
1123000 3025.9
1123010 3024.7
1123020 3024.7
1123030 3021.5
1123040 3015.9
1123050 3015.9
1123060 3009.4
1123070 3001.6
1123080 3001.6
1123090 2996.9
1123100 2987.8
1123110 2987.8
1123120 2977.6
1123130 2974.4
1123140 2974.4
1123150 2964.0
1123160 2952.9
1123170 2952.9
1123180 2934.7
1123190 2921.8
1123200 2908.8
1123210 2908.8
1123220 2891.9
1123230 2858.9
1123240 2858.9
1123250 2848.8
1123260 2828.4
1123270 2828.4
1123280 2806.8
1123290 2801.9
1123300 2801.9
1123310 2801.7
1123320 2799.9
1123330 2799.9
1123340 2797.5
1123350 2795.2
1123360 2795.2
1123370 2793.3
1123380 2791.2
1123390 2789.5
1123400 2789.5
1123410 2787.8
1123420 2786.0
1123430 2786.0
1123440 2783.8
1123450 2781.6
1123460 2781.6
1123470 2779.2
1123480 2776.4
1123490 2776.4
1123500 2773.3
1123510 2769.8
1123520 2769.8
1123530 2766.1
1123540 2762.2
1123550 2762.2
1123560 2758.2
1123570 2753.9
1123580 2750.5
1123590 2750.5
1123600 2746.8
1123610 2743.0
1123620 2743.0
1123630 2739.4
1123640 2736.0
1123650 2736.0
1123660 2733.0
1123670 2730.0
1123680 2730.0
1123690 2727.1
1123700 2724.3
1123710 2724.3
1123720 2721.8
1123730 2719.4
1123740 2719.4
1123750 2717.0
1123760 2714.7
1123770 2712.8
1123780 2712.8
1123790 2710.7
1123800 2709.0
1123810 2709.0
1123820 2707.4
1123830 2706.0
1123840 2706.0
1123850 2704.7
1123860 2703.6
1123870 2703.6
1123880 2702.7
1123890 2701.9
1123900 2701.9
1123910 2701.0
1123920 2700.0
1123930 2702.8
1123940 2701.8
1123950 2700.6
1123960 2699.6
1123970 2699.6
1123980 2698.2
1123990 2696.5
1124000 2696.5
1124010 2694.7
1124020 2692.5
1124030 2692.5
1124040 2689.9
1124050 2686.7
1124060 2686.7
1124070 2682.6
1124080 2677.6
1124090 2677.6
1124100 2671.7
1124110 2664.4
1124120 2664.4
1124130 2658.4
1124140 2654.7
1124150 2651.8
1124160 2651.8
1124170 2650.0
1124180 2648.5
1124190 2648.5
1124200 2647.8
1124210 2646.9
1124220 2646.9
1124230 2647.6
1124240 2651.6
1124250 2651.6
1124260 2654.3
1124270 2656.3
1124280 2660.8
1124290 2662.9
1124300 2664.0
1124310 2664.0
1124320 2665.5
1124330 2668.8
1124340 2671.3
1124350 2671.3
1124360 2672.4
1124370 2672.7
1124380 2672.7
1124390 2671.6
1124400 2669.7
1124410 2669.7
1124420 2665.1
1124430 2658.2
1124440 2658.2
1124450 2649.4
1124460 2643.5
1124470 2643.5
1124480 2629.2
1124490 2618.5
1124500 2618.5
1124510 2613.7
1124520 2605.0
1124530 2597.3
1124540 2597.3
1124550 2585.3
1124560 2563.9
1124570 2563.9
1124580 2547.0
1124590 2539.1
1124600 2539.1
1124610 2530.8
1124620 2521.2
1124630 2521.8
1124640 2510.0
1124650 2503.1
1124660 2503.1
1124670 2499.3
1124680 2495.5
1124690 2495.5
1124700 2492.3
1124710 2488.4
1124720 2484.5
1124730 2484.5
1124740 2480.4
1124750 2477.3
1124760 2477.3
1124770 2475.3
1124780 2472.9
1124790 2472.9
1124800 2470.7
1124810 2466.3
1124820 2466.3
1124830 2460.9
1124840 2456.5
1124850 2456.5
1124860 2453.8
1124870 2449.1
1124880 2449.1
1124890 2440.2
1124900 2431.9
1124910 2423.4
1124920 2423.4
1124930 2416.2
1124940 2409.4
1124950 2409.4
1124960 2402.1
1124970 2394.1
1124980 2398.3
1124990 2393.9
1125000 2388.7
1125010 2388.7
1125020 2383.2
1125030 2376.4
1125040 2376.4
1125050 2364.8
1125060 2351.1
1125070 2351.1
1125080 2344.2
1125090 2338.3
1125100 2332.2
1125110 2332.2
1125120 2326.9
1125130 2322.0
1125140 2322.0
1125150 2317.4
1125160 2313.1
1125170 2313.1
1125180 2308.9
1125190 2305.2
1125200 2305.2
1125210 2302.2
1125220 2300.6
1125230 2300.6
1125240 2298.2
1125250 2296.2
1125260 2296.2
1125270 2294.0
1125280 2294.0
1125290 2294.4
1125300 2294.4
1125310 2295.0
1125320 2295.3
1125330 2296.3
1125340 2297.5
1125350 2298.7
1125360 2298.7
1125370 2299.8
1125380 2302.2
1125390 2302.2
1125400 2305.8
1125410 2309.5
1125420 2309.5
1125430 2313.3
1125440 2318.3
1125450 2318.3
1125460 2324.0
1125470 2330.8
1125480 2337.1
1125490 2337.1
1125500 2343.7
1125510 2350.3
1125520 2350.3
1125530 2357.4
1125540 2365.3
1125550 2365.3
1125560 2373.8
1125570 2382.5
1125580 2382.5
1125590 2393.4
1125600 2404.7
1125610 2404.7
1125620 2406.8
1125630 2400.7
1125640 2400.7
1125650 2393.8
1125660 2385.8
1125670 2378.9
1125680 2380.9
1125690 2375.6
1125700 2371.7
1125710 2371.7
1125720 2368.4
1125730 2366.8
1125740 2366.8
1125750 2366.8
1125760 2366.5
1125770 2366.5
1125780 2366.0
1125790 2365.2
1125800 2365.2
1125810 2365.5
1125820 2364.8
1125830 2364.8
1125840 2365.7
1125850 2367.3
1125860 2368.6
1125870 2368.6
1125880 2369.8
1125890 2371.2
1125900 2371.2
1125910 2372.4
1125920 2375.7
1125930 2375.7
1125940 2381.7
1125950 2387.9
1125960 2387.9
1125970 2394.1
1125980 2398.7
1125990 2398.7
1126000 2401.4
1126010 2403.3
1126020 2403.3
1126030 2405.0
1126040 2406.1
1126050 2406.1
1126060 2407.6
1126070 2408.7
1126080 2410.2
1126090 2410.2
1126100 2412.2
1126110 2415.1
1126120 2415.1
1126130 2416.9
1126140 2418.9
1126150 2418.9
1126160 2421.6
1126170 2425.3
1126180 2425.3
1126190 2428.5
1126200 2432.1
1126210 2432.1
1126220 2437.3
1126230 2443.1
1126240 2443.1
1126250 2448.4
1126260 2452.0
1126270 2457.1
1126280 2457.1
1126290 2460.7
1126300 2464.0
1126310 2464.0
1126320 2466.2
1126330 2469.6
1126340 2469.6
1126350 2471.6
1126360 2470.8
1126370 2470.8
1126380 2469.4
1126390 2471.2
1126400 2471.2
1126410 2471.8
1126420 2472.0
1126430 2472.0
1126440 2472.5
1126450 2474.8
1126460 2477.2
1126470 2477.2
1126480 2478.8
1126490 2480.8
1126500 2480.8
1126510 2483.5
1126520 2485.8
1126530 2485.8
1126540 2487.9
1126550 2488.8
1126560 2488.8
1126570 2492.2
1126580 2496.3
1126590 2496.3
1126600 2500.0
1126610 2503.7
1126620 2503.7
1126630 2508.0
1126640 2512.6
1126650 2517.3
1126660 2517.3
1126670 2521.0
1126680 2524.7
1126690 2524.7
1126700 2528.6
1126710 2533.1
1126720 2533.1
1126730 2538.4
1126740 2543.6
1126750 2543.6
1126760 2548.9
1126770 2554.6
1126780 2554.6
1126790 2560.4
1126800 2566.3
1126810 2566.3
1126820 2572.2
1126830 2578.2
1126840 2584.6
1126850 2584.6
1126860 2591.5
1126870 2598.2
1126880 2598.2
1126890 2605.1
1126900 2612.1
1126910 2612.1
1126920 2621.4
1126930 2638.7
1126940 2638.7
1126950 2656.4
1126960 2671.3
1126970 2671.3
1126980 2688.4
1126990 2695.3
1127000 2695.3
1127010 2700.9
1127020 2706.0
1127030 2710.2
1127040 2710.2
1127050 2713.5
1127060 2716.7
1127070 2716.7
1127080 2721.0
1127090 2724.0
1127100 2726.8
1127110 2728.8
1127120 2732.1
1127130 2732.1
1127140 2737.6
1127150 2739.2
1127160 2739.2
1127170 2739.9
1127180 2740.9
1127190 2740.9
1127200 2742.1
1127210 2743.2
1127220 2743.1
1127230 2743.1
1127240 2742.6
1127250 2741.4
1127260 2741.4
1127270 2740.0
1127280 2738.2
1127290 2738.2
1127300 2735.5
1127310 2735.2
1127320 2735.2
1127330 2735.9
1127340 2737.2
1127350 2737.2
1127360 2737.8
1127370 2738.1
1127380 2738.1
1127390 2738.9
1127400 2741.2
1127410 2740.8
1127420 2740.8
1127430 2737.0
1127440 2733.9
1127450 2736.9
1127460 2736.8
1127470 2737.5
1127480 2737.5
1127490 2739.3
1127500 2741.0
1127510 2741.0
1127520 2741.3
1127530 2741.4
1127540 2741.4
1127550 2741.0
1127560 2741.0
1127570 2741.0
1127580 2741.4
1127590 2742.5
1127600 2742.5
1127610 2742.5
1127620 2741.2
1127630 2740.9
1127640 2740.9
1127650 2741.6
1127660 2743.5
1127670 2743.5
1127680 2747.2
1127690 2751.8
1127700 2751.8
1127710 2754.8
1127720 2758.1
1127730 2758.1
1127740 2761.9
1127750 2764.6
1127760 2764.6
1127770 2765.9
1127780 2766.5
1127790 2767.2
1127800 2766.5
1127810 2768.3
1127820 2769.7
1127830 2769.7
1127840 2769.8
1127850 2768.4
1127860 2768.4
1127870 2768.2
1127880 2768.3
1127890 2768.3
1127900 2768.0
1127910 2770.4
1127920 2770.4
1127930 2773.5
1127940 2776.4
1127950 2776.4
1127960 2776.5
1127970 2777.6
1127980 2778.7
1127990 2778.7
1128000 2780.4
1128010 2780.3
1128020 2780.3
1128030 2779.9
1128040 2780.7
1128050 2780.7
1128060 2782.2
1128070 2783.9
1128080 2783.9
1128090 2785.8
1128100 2788.3
1128110 2788.3
1128120 2790.3
1128130 2791.2
1128140 2791.2
1128150 2792.7
1128160 2798.9
1128170 2799.8
1128180 2799.8
1128190 2802.4
1128200 2805.3
1128210 2805.3
1128220 2808.1
1128230 2810.2
1128240 2810.2
1128250 2812.2
1128260 2813.9
1128270 2813.9
1128280 2815.7
1128290 2817.7
1128300 2817.7
1128310 2820.2
1128320 2822.2
1128330 2822.2
1128340 2824.9
1128350 2828.1
1128360 2830.7
1128370 2830.7
1128380 2835.0
1128390 2839.8
1128400 2839.8
1128410 2845.0
1128420 2850.4
1128430 2850.4
1128440 2854.8
1128450 2857.3
1128460 2857.3
1128470 2859.9
1128480 2864.9
1128490 2864.9
1128500 2871.1
1128510 2871.5
1128520 2871.5
1128530 2875.8
1128540 2879.0
1128550 2882.8
1128560 2882.8
1128570 2886.9
1128580 2893.2
1128590 2893.2
1128600 2902.0
1128610 2921.1
1128620 2921.1
1128630 2938.8
1128640 2952.0
1128650 2952.0
1128660 2963.0
1128670 2968.0
1128680 2968.0
1128690 2975.9
1128700 2985.3
1128710 2985.3
1128720 2992.2
1128730 2999.2
1128740 3008.1
1128750 3008.1
1128760 3017.1
1128770 3024.4
1128780 3024.4
1128790 3034.5
1128800 3043.4
1128810 3043.4
1128820 3054.0
1128830 3063.4
1128840 3063.4
1128850 3070.5
1128860 3076.2
1128870 3066.7
1128880 3076.0
1128890 3081.3
1128900 3081.3
1128910 3066.5
1128920 3046.8
1128930 3030.0
1128940 3030.0
1128950 3011.3
1128960 3000.3
1128970 3000.3
1128980 2998.9
1128990 2997.0
1129000 2997.0
1129010 3000.4
1129020 2997.1
1129030 2997.1
1129040 2991.2
1129050 2982.2
1129060 2982.2
1129070 2976.1
1129080 2973.8
1129090 2973.8
1129100 2974.7
1129110 2977.7
1129120 2978.8
1129130 2978.8
1129140 2973.8
1129150 2966.9
1129160 2966.9
1129170 2959.7
1129180 2952.9
1129190 2952.9
1129200 2937.5
1129210 2921.9
1129220 2925.7
1129230 2915.8
1129240 2900.4
1129250 2900.4
1129260 2885.3
1129270 2875.6
1129280 2875.6
1129290 2866.5
1129300 2854.3
1129310 2844.5
1129320 2844.5
1129330 2834.1
1129340 2819.4
1129350 2819.4
1129360 2806.7
1129370 2797.9
1129380 2797.9
1129390 2791.0
1129400 2783.9
1129410 2783.9
1129420 2776.7
1129430 2771.3
1129440 2771.3
1129450 2765.9
1129460 2760.9
1129470 2760.9
1129480 2755.5
1129490 2751.0
1129500 2748.5
1129510 2748.5
1129520 2746.2
1129530 2742.5
1129540 2742.5
1129550 2737.7
1129560 2735.1
1129570 2735.1
1129580 2731.5
1129590 2730.2
1129600 2730.2
1129610 2726.9
1129620 2723.0
1129630 2723.0
1129640 2719.9
1129650 2718.4
1129660 2718.4
1129670 2717.6
1129680 2716.8
1129690 2716.5
1129700 2716.5
1129710 2716.8
1129720 2717.7
1129730 2717.7
1129740 2718.4
1129750 2718.7
1129760 2718.7
1129770 2717.8
1129780 2715.2
1129790 2715.2
1129800 2713.3
1129810 2716.0
1129820 2716.0
1129830 2719.9
1129840 2716.6
1129850 2716.6
1129860 2708.1
1129870 2703.9
1129880 2702.8
1129890 2702.8
1129900 2702.1
1129910 2701.7
1129920 2701.7
1129930 2705.8
1129940 2705.0
1129950 2705.0
1129960 2703.7
1129970 2701.1
1129980 2701.1
1129990 2694.2
1130000 2686.2
1130010 2686.2
1130020 2678.5
1130030 2672.7
1130040 2672.7
1130050 2671.0
1130060 2670.1
1130070 2669.3
1130080 2669.3
1130090 2668.3
1130100 2666.6
1130110 2666.6
1130120 2664.2
1130130 2661.3
1130140 2661.3
1130150 2657.6
1130160 2653.2
1130170 2653.2
1130180 2648.5
1130190 2644.0
1130200 2644.0
1130210 2639.8
1130220 2636.1
1130230 2636.1
1130240 2633.2
1130250 2631.0
1130260 2628.8
1130270 2628.8
1130280 2627.5
1130290 2625.6
1130300 2625.6
1130310 2623.2
1130320 2619.7
1130330 2619.7
1130340 2617.8
1130350 2617.0
1130360 2617.0
1130370 2614.6
1130380 2610.1
1130390 2610.1
1130400 2608.4
1130410 2606.7
1130420 2606.7
1130430 2604.2
1130440 2602.1
1130450 2599.4
1130460 2599.4
1130470 2595.3
1130480 2593.0
1130490 2593.0
1130500 2590.7
1130510 2586.9
1130520 2586.9
1130530 2583.1
1130540 2578.9
1130550 2578.9
1130560 2574.0
1130570 2568.2
1130580 2568.2
1130590 2562.2
1130600 2556.0
1130610 2556.0
1130620 2548.4
1130630 2538.7
1130640 2530.5
1130650 2527.6
1130660 2522.6
1130670 2518.0
1130680 2518.0
1130690 2514.9
1130700 2513.6
1130710 2513.6
1130720 2512.7
1130730 2511.9
1130740 2511.9
1130750 2512.1
1130760 2511.8
1130770 2511.8
1130780 2511.0
1130790 2510.9
1130800 2510.9
1130810 2510.7
1130820 2510.6
1130830 2510.7
1130840 2510.7
1130850 2510.7
1130860 2510.6
1130870 2510.6
1130880 2510.5
1130890 2510.6
1130900 2510.6
1130910 2510.8
1130920 2510.9
1130930 2510.9
1130940 2510.6
1130950 2510.0
1130960 2510.0
1130970 2509.6
1130980 2509.1
1130990 2509.1
1131000 2510.1
1131010 2509.7
1131020 2510.7
1131030 2510.7
1131040 2513.5
1131050 2512.2
1131060 2512.2
1131070 2508.9
1131080 2508.2
1131090 2508.2
1131100 2507.9
1131110 2507.8
1131120 2507.8
1131130 2507.7
1131140 2507.3
1131150 2507.3
1131160 2506.4
1131170 2504.9
1131180 2504.9
1131190 2502.9
1131200 2500.3
1131210 2497.4
1131220 2497.4
1131230 2494.1
1131240 2490.2
1131250 2490.2
1131260 2485.7
1131270 2481.2
1131280 2481.2
1131290 2476.7
1131300 2473.1
1131310 2473.1
1131320 2472.5
1131330 2471.9
1131340 2471.9
1131350 2471.0
1131360 2475.5
1131370 2475.5
1131380 2476.2
1131390 2476.9
1131400 2478.2
1131410 2478.2
1131420 2481.3
1131430 2484.9
1131440 2484.9
1131450 2488.3
1131460 2491.6
1131470 2491.6
1131480 2494.6
1131490 2498.5
1131500 2498.5
1131510 2504.7
1131520 2509.9
1131530 2509.9
1131540 2511.0
1131550 2514.0
1131560 2514.0
1131570 2515.6
1131580 2512.9
1131590 2510.8
1131600 2510.8
1131610 2511.6
1131620 2514.0
1131630 2514.0
1131640 2516.8
1131650 2519.9
1131660 2519.9
1131670 2522.5
1131680 2524.9
1131690 2524.9
1131700 2529.9
1131710 2534.4
1131720 2540.0
1131730 2543.3
1131740 2546.7
1131750 2546.7
1131760 2550.8
1131770 2556.2
1131780 2561.3
1131790 2561.3
1131800 2567.4
1131810 2575.4
1131820 2575.4
1131830 2588.8
1131840 2601.5
1131850 2601.5
1131860 2613.4
1131870 2621.6
1131880 2621.6
1131890 2630.6
1131900 2641.2
1131910 2641.2
1131920 2645.3
1131930 2648.7
1131940 2648.7
1131950 2655.9
1131960 2664.2
1131970 2671.5
1131980 2671.5
1131990 2675.6
1132000 2676.9
1132010 2676.9
1132020 2680.1
1132030 2679.8
1132040 2679.8
1132050 2679.6
1132060 2679.6
1132070 2679.6
1132080 2682.4
1132090 2682.1
1132100 2682.1
1132110 2681.4
1132120 2680.4
1132130 2680.4
1132140 2678.9
1132150 2677.8
1132160 2676.8
1132170 2676.8
1132180 2674.4
1132190 2670.1
1132200 2670.1
1132210 2665.7
1132220 2661.1
1132230 2661.1
1132240 2655.6
1132250 2648.2
1132260 2648.2
1132270 2639.9
1132280 2632.2
1132290 2632.2
1132300 2624.6
1132310 2617.4
1132320 2617.4
1132330 2609.7
1132340 2602.6
1132350 2598.5
1132360 2598.5
1132370 2597.7
1132380 2595.7
1132390 2595.7
1132400 2593.0
1132410 2591.1
1132420 2591.1
1132430 2589.6
1132440 2592.6
1132450 2592.6
1132460 2592.5
1132470 2592.5
1132480 2592.5
1132490 2593.3
1132500 2592.7
1132510 2592.7
1132520 2591.6
1132530 2591.4
1132540 2592.0
1132550 2592.0
1132560 2592.9
1132570 2592.8
1132580 2592.8
1132590 2594.3
1132600 2594.5
1132610 2594.5
1132620 2593.2
1132630 2592.4
1132640 2592.4
1132650 2593.5
1132660 2593.7
1132670 2593.7
1132680 2593.7
1132690 2596.5
1132700 2596.5
1132710 2600.2
1132720 2602.4
1132730 2603.5
1132740 2603.5
1132750 2605.1
1132760 2607.6
1132770 2607.6
1132780 2609.6
1132790 2610.3
1132800 2614.9
1132810 2616.0
1132820 2619.2
1132830 2619.2
1132840 2623.8
1132850 2627.9
1132860 2627.9
1132870 2629.0
1132880 2627.7
1132890 2627.7
1132900 2628.3
1132910 2629.3
1132920 2630.5
1132930 2630.5
1132940 2632.6
1132950 2636.4
1132960 2636.4
1132970 2641.4
1132980 2646.7
1132990 2646.7
1133000 2650.9
1133010 2655.6
1133020 2655.6
1133030 2661.8
1133040 2669.1
1133050 2669.1
1133060 2675.6
1133070 2682.4
1133080 2682.4
1133090 2692.4
1133100 2702.6
1133110 2711.5
1133120 2711.5
1133130 2718.9
1133140 2727.6
1133150 2727.6
1133160 2749.7
1133170 2769.1
1133180 2769.1
1133190 2784.8
1133200 2795.1
1133210 2795.1
1133220 2810.1
1133230 2832.1
1133240 2832.1
1133250 2849.1
1133260 2850.2
1133270 2850.2
1133280 2841.3
1133290 2840.4
1133300 2835.9
1133310 2835.9
1133320 2837.3
1133330 2842.1
1133340 2842.1
1133350 2839.7
1133360 2826.6
1133370 2826.6
1133380 2818.2
1133390 2805.6
1133400 2805.6
1133410 2797.6
1133420 2795.9
1133430 2795.9
1133440 2796.2
1133450 2796.0
1133460 2796.0
1133470 2796.0
1133480 2796.4
1133490 2797.2
1133500 2797.2
1133510 2798.3
1133520 2805.3
1133530 2805.3
1133540 2806.5
1133550 2807.7
1133560 2807.7
1133570 2809.1
1133580 2810.8
1133590 2810.8
1133600 2812.6
1133610 2814.9
1133620 2814.9
1133630 2817.4
1133640 2819.9
1133650 2819.9
1133660 2822.2
1133670 2824.3
1133680 2826.2
1133690 2826.2
1133700 2827.7
1133710 2828.9
1133720 2828.9
1133730 2829.5
1133740 2829.4
1133750 2829.4
1133760 2829.8
1133770 2830.0
1133780 2830.0
1133790 2829.9
1133800 2829.5
1133810 2829.5
1133820 2829.1
1133830 2828.7
1133840 2828.7
1133850 2828.5
1133860 2828.5
1133870 2828.7
1133880 2831.2
1133890 2831.7
1133900 2832.5
1133910 2832.5
1133920 2833.5
1133930 2834.5
1133940 2834.5
1133950 2835.6
1133960 2836.8
1133970 2836.8
1133980 2838.2
1133990 2840.1
1134000 2840.1
1134010 2841.7
1134020 2843.6
1134030 2843.6
1134040 2845.4
1134050 2847.3
1134060 2849.7
1134070 2849.7
1134080 2851.8
1134090 2854.0
1134100 2854.0
1134110 2856.1
1134120 2857.9
1134130 2857.9
1134140 2860.2
1134150 2862.9
1134160 2862.9
1134170 2865.3
1134180 2869.0
1134190 2869.0
1134200 2873.5
1134210 2878.3
1134220 2878.3
1134230 2885.0
1134240 2888.2
1134250 2894.5
1134260 2894.5
1134270 2903.1
1134280 2914.1
1134290 2914.1
1134300 2923.5
1134310 2932.3
1134320 2932.3
1134330 2941.1
1134340 2948.5
1134350 2948.5
1134360 2956.4
1134370 2964.5
1134380 2964.5
1134390 2975.5
1134400 2987.0
1134410 2987.0
1134420 2997.4
1134430 3001.6
1134440 3002.2
1134450 3002.2
1134460 3006.3
1134470 3010.6
1134480 3010.6
1134490 3014.4
1134500 3018.4
1134510 3018.4
1134520 3022.1
1134530 3025.0
1134540 3025.0
1134550 3028.4
1134560 3033.0
1134570 3033.0
1134580 3037.9
1134590 3045.0
1134600 3044.0
1134610 3051.8
1134620 3060.2
1134630 3068.6
1134640 3068.6
1134650 3078.3
1134660 3095.3
1134670 3095.3
1134680 3113.4
1134690 3117.7
1134700 3117.7
1134710 3118.3
1134720 3118.4
1134730 3118.4
1134740 3113.3
1134750 3101.9
1134760 3101.9
1134770 3092.0
1134780 3084.0
1134790 3084.0
1134800 3078.9
1134810 3075.2
1134820 3077.0
1134830 3077.0
1134840 3071.8
1134850 3055.7
1134860 3055.7
1134870 3045.4
1134880 3037.5
1134890 3037.5
1134900 3032.2
1134910 3026.4
1134920 3026.4
1134930 3023.4
1134940 3020.0
1134950 3020.0
1134960 3009.0
1134970 3007.8
1134980 3007.8
1134990 3007.2
1135000 3007.0
1135010 3007.8
1135020 3007.8
1135030 3009.5
1135040 3010.9
1135050 3010.9
1135060 3012.7
1135070 3014.6
1135080 3014.6
1135090 3016.5
1135100 3018.4
1135110 3018.4
1135120 3020.4
1135130 3022.2
1135140 3022.2
1135150 3024.0
1135160 3025.5
1135170 3025.5
1135180 3027.0
1135190 3028.4
1135200 3029.7
1135210 3029.7
1135220 3030.9
1135230 3032.3
1135240 3032.3
1135250 3034.3
1135260 3035.5
1135270 3035.5
1135280 3037.5
1135290 3041.2
1135300 3041.2
1135310 3043.7
1135320 3044.0
1135330 3044.0
1135340 3046.1
1135350 3049.6
1135360 3049.6
1135370 3053.2
1135380 3056.9
1135390 3060.5
1135400 3060.5
1135410 3063.8
1135420 3067.0
1135430 3067.0
1135440 3070.2
1135450 3073.2
1135460 3073.2
1135470 3077.0
1135480 3081.7
1135490 3081.7
1135500 3087.6
1135510 3093.5
1135520 3093.5
1135530 3099.8
1135540 3106.3
1135550 3106.3
1135560 3112.5
1135570 3119.3
1135580 3125.9
1135590 3125.9
1135600 3134.8
1135610 3145.0
1135620 3145.0
1135630 3146.9
1135640 3147.1
1135650 3147.1
1135660 3143.5
1135670 3138.9
1135680 3149.0
1135690 3150.3
1135700 3140.4
1135710 3140.4
1135720 3130.5
1135730 3128.1
1135740 3128.1
1135750 3125.5
1135760 3121.9
1135770 3117.5
1135780 3117.5
1135790 3118.8
1135800 3117.8
1135810 3117.8
1135820 3112.7
1135830 3117.0
1135840 3117.0
1135850 3124.6
1135860 3126.9
1135870 3126.9
1135880 3130.1
1135890 3120.6
1135900 3120.6
1135910 3115.4
1135920 3105.9
1135930 3105.9
1135940 3097.2
1135950 3103.2
1135960 3094.3
1135970 3094.3
1135980 3090.4
1135990 3097.4
1136000 3097.4
1136010 3097.6
1136020 3104.8
1136030 3104.8
1136040 3129.0
1136050 3126.3
1136060 3126.3
1136070 3115.4
1136080 3103.0
1136090 3103.0
1136100 3089.0
1136110 3076.5
1136120 3076.5
1136130 3066.0
1136140 3059.7
1136150 3057.1
1136160 3057.1
1136170 3053.4
1136180 3050.3
1136190 3050.3
1136200 3043.6
1136210 3034.9
1136220 3034.9
1136230 3026.5
1136240 3021.7
1136250 3021.7
1136260 3018.4
1136270 3010.3
1136280 3010.3
1136290 3001.2
1136300 2999.8
1136310 2999.8
1136320 2993.2
1136330 2989.1
1136340 2987.6
1136350 2987.6
1136360 2980.1
1136370 2968.9
1136380 2968.9
1136390 2958.6
1136400 2950.3
1136410 2959.9
1136420 2946.1
1136430 2932.9
1136440 2932.9
1136450 2919.9
1136460 2912.8
1136470 2912.8
1136480 2909.8
1136490 2910.6
1136500 2910.6
1136510 2914.6
1136520 2916.7
1136530 2910.0
1136540 2910.0
1136550 2904.2
1136560 2903.2
1136570 2903.2
1136580 2907.1
1136590 2903.8
1136600 2903.8
1136610 2898.0
1136620 2892.8
1136630 2892.8
1136640 2887.9
1136650 2883.2
1136660 2883.2
1136670 2879.5
1136680 2875.4
1136690 2875.4
1136700 2870.2
1136710 2865.3
1136720 2859.8
1136730 2859.8
1136740 2853.9
1136750 2847.2
1136760 2847.2
1136770 2846.7
1136780 2841.9
1136790 2841.9
1136800 2836.6
1136810 2832.1
1136820 2832.1
1136830 2827.6
1136840 2823.3
1136850 2823.3
1136860 2818.3
1136870 2813.4
1136880 2813.4
1136890 2808.5
1136900 2803.8
1136910 2799.5
1136920 2799.5
1136930 2795.5
1136940 2791.7
1136950 2791.7
1136960 2787.8
1136970 2783.6
1136980 2783.6
1136990 2779.2
1137000 2775.5
1137010 2775.5
1137020 2772.4
1137030 2768.2
1137040 2768.2
1137050 2763.9
1137060 2760.0
1137070 2760.0
1137080 2755.8
1137090 2752.4
1137100 2750.8
1137110 2750.8
1137120 2751.6
1137130 2748.7
1137140 2748.7
1137150 2748.8
1137160 2749.8
1137170 2749.8
1137180 2751.6
1137190 2754.2
1137200 2754.2
1137210 2759.2
1137220 2763.9
1137230 2763.9
1137240 2767.6
1137250 2767.6
1137260 2767.6
1137270 2767.6
1137280 2768.9
1137290 2768.5
1137300 2768.5
1137310 2766.4
1137320 2764.2
1137330 2764.2
1137340 2765.5
1137350 2768.5
1137360 2768.5
1137370 2771.4
1137380 2773.1
1137390 2773.1
1137400 2775.3
1137410 2777.2
1137420 2777.2
1137430 2781.8
1137440 2784.7
1137450 2784.7
1137460 2786.3
1137470 2789.0
1137480 2791.4
1137490 2791.4
1137500 2790.6
1137510 2794.0
1137520 2794.0
1137530 2797.5
1137540 2800.8
1137550 2800.8
1137560 2803.6
1137570 2806.0
1137580 2806.0
1137590 2809.1
1137600 2813.2
1137610 2813.2
1137620 2817.4
1137630 2821.6
1137640 2821.6
1137650 2826.4
1137660 2831.3
1137670 2836.4
1137680 2836.4
1137690 2841.8
1137700 2847.0
1137710 2847.0
1137720 2851.6
1137730 2855.5
1137740 2855.5
1137750 2859.5
1137760 2863.4
1137770 2863.4
1137780 2869.2
1137790 2873.5
1137800 2873.5
1137810 2875.5
1137820 2876.5
1137830 2876.5
1137840 2877.9
1137850 2880.0
1137860 2877.3
1137870 2877.3
1137880 2879.1
1137890 2880.8
1137900 2880.8
1137910 2882.5
1137920 2884.6
1137930 2884.6
1137940 2886.9
1137950 2889.0
1137960 2889.0
1137970 2891.1
1137980 2893.5
1137990 2893.5
1138000 2896.3
1138010 2899.3
1138020 2899.3
1138030 2901.3
1138040 2902.9
1138050 2904.3
1138060 2904.3
1138070 2905.9
1138080 2907.4
1138090 2907.4
1138100 2908.8
1138110 2910.8
1138120 2910.8
1138130 2913.1
1138140 2915.8
1138150 2915.8
1138160 2918.5
1138170 2921.2
1138180 2921.2
1138190 2923.7
1138200 2925.9
1138210 2925.9
1138220 2927.7
1138230 2926.9
1138240 2927.2
1138250 2927.2
1138260 2928.0
1138270 2929.5
1138280 2929.5
1138290 2930.7
1138300 2930.5
1138310 2930.5
1138320 2929.5
1138330 2929.6
1138340 2929.6
1138350 2930.4
1138360 2931.9
1138370 2931.9
1138380 2933.8
1138390 2936.0
1138400 2936.0
1138410 2939.4
1138420 2941.0
1138430 2938.2
1138440 2938.2
1138450 2932.0
1138460 2925.8
1138470 2925.8
1138480 2920.6
1138490 2917.4
1138500 2917.4
1138510 2916.2
1138520 2915.5
1138530 2915.5
1138540 2916.1
1138550 2918.0
1138560 2918.0
1138570 2921.0
1138580 2924.0
1138590 2920.4
1138600 2923.1
1138610 2925.8
1138620 2928.6
1138630 2928.6
1138640 2931.1
1138650 2932.7
1138660 2932.7
1138670 2933.2
1138680 2932.6
1138690 2932.6
1138700 2930.8
1138710 2929.4
1138720 2929.4
1138730 2928.0
1138740 2927.7
1138750 2927.7
1138760 2928.3
1138770 2930.3
1138780 2930.3
1138790 2934.5
1138800 2938.4
1138810 2941.6
1138820 2941.6
1138830 2945.2
1138840 2948.7
1138850 2948.7
1138860 2952.1
1138870 2954.5
1138880 2954.5
1138890 2954.0
1138900 2952.9
1138910 2952.9
1138920 2954.8
1138930 2957.9
1138940 2957.9
1138950 2962.9
1138960 2966.1
1138970 2966.1
1138980 2970.8
1138990 2973.3
1139000 2977.2
1139010 2977.2
1139020 2981.5
1139030 2985.5
1139040 2985.5
1139050 2991.8
1139060 2999.3
1139070 2999.3
1139080 3006.8
1139090 3014.5
1139100 3014.5
1139110 3021.8
1139120 3025.9
1139130 3025.9
1139140 3010.4
1139150 2987.3
1139160 2987.3
1139170 2966.4
1139180 2961.3
1139190 2954.4
1139200 2954.4
1139210 2934.5
1139220 2905.4
1139230 2905.4
1139240 2894.1
1139250 2885.6
1139260 2885.6
1139270 2875.5
1139280 2865.4
1139290 2865.4
1139300 2854.7
1139310 2847.1
1139320 2843.9
1139330 2837.1
1139340 2830.2
1139350 2830.2
1139360 2823.4
1139370 2816.7
1139380 2810.1
1139390 2810.1
1139400 2803.4
1139410 2796.8
1139420 2796.8
1139430 2790.5
1139440 2784.4
1139450 2784.4
1139460 2778.7
1139470 2773.2
1139480 2773.2
1139490 2767.9
1139500 2762.8
1139510 2762.8
1139520 2757.9
1139530 2753.3
1139540 2753.3
1139550 2748.6
1139560 2744.8
1139570 2739.9
1139580 2739.9
1139590 2736.8
1139600 2734.7
1139610 2734.7
1139620 2731.7
1139630 2730.0
1139640 2730.0
1139650 2728.9
1139660 2728.5
1139670 2728.5
1139680 2729.2
1139690 2725.2
1139700 2725.2
1139710 2724.7
1139720 2726.0
1139730 2726.0
1139740 2730.6
1139750 2734.2
1139760 2737.1
1139770 2737.1
1139780 2740.8
1139790 2744.9
1139800 2744.9
1139810 2747.8
1139820 2749.6
1139830 2749.6
1139840 2751.5
1139850 2752.9
1139860 2752.9
1139870 2753.5
1139880 2752.8
1139890 2752.8
1139900 2751.1
1139910 2750.0
1139920 2750.0
1139930 2750.7
1139940 2754.7
1139950 2756.7
1139960 2756.7
1139970 2757.5
1139980 2756.0
1139990 2756.0
