1120000 2534.2
1120010 2534.5
1120020 2535.5
1120030 2540.8
1120040 2540.8
1120050 2544.6
1120060 2549.7
1120070 2549.7
1120080 2552.4
1120090 2553.1
1120100 2553.1
1120110 2554.3
1120120 2558.6
1120130 2558.6
1120140 2563.6
1120150 2568.7
1120160 2568.7
1120170 2572.5
1120180 2578.5
1120190 2578.5
1120200 2584.8
1120210 2589.7
1120220 2592.5
1120230 2592.5
1120240 2595.9
1120250 2599.3
1120260 2599.3
1120270 2601.7
1120280 2603.1
1120290 2603.1
1120300 2607.3
1120310 2609.0
1120320 2609.0
1120330 2610.3
1120340 2612.4
1120350 2612.4
1120360 2614.1
1120370 2615.8
1120380 2615.8
1120390 2617.8
1120400 2619.8
1120410 2622.0
1120420 2622.0
1120430 2623.7
1120440 2624.9
1120450 2624.9
1120460 2625.8
1120470 2626.4
1120480 2626.4
1120490 2628.0
1120500 2629.2
1120510 2629.2
1120520 2630.7
1120530 2632.3
1120540 2632.3
1120550 2634.2
1120560 2636.4
1120570 2636.4
1120580 2640.5
1120590 2644.9
1120600 2644.9
1120610 2646.7
1120620 2649.2
1120630 2651.3
1120640 2651.3
1120650 2653.9
1120660 2656.5
1120670 2656.5
1120680 2658.6
1120690 2661.5
1120700 2661.5
1120710 2664.5
1120720 2666.7
1120730 2666.7
1120740 2668.7
1120750 2670.5
1120760 2670.5
1120770 2670.8
1120780 2673.2
1120790 2673.2
1120800 2676.9
1120810 2680.3
1120820 2683.2
1120830 2683.2
1120840 2685.6
1120850 2688.8
1120860 2688.8
1120870 2693.1
1120880 2697.2
1120890 2697.2
1120900 2701.3
1120910 2705.2
1120920 2705.2
1120930 2708.6
1120940 2711.2
1120950 2711.2
1120960 2714.0
1120970 2717.3
1120980 2717.3
1120990 2722.5
1121000 2725.5
1121010 2728.5
1121020 2728.5
1121030 2731.1
1121040 2733.7
1121050 2733.7
1121060 2736.4
1121070 2738.7
1121080 2738.7
1121090 2741.1
1121100 2743.5
1121110 2743.5
1121120 2745.7
1121130 2748.0
1121140 2748.0
1121150 2750.1
1121160 2751.9
1121170 2751.9
1121180 2753.6
1121190 2755.1
1121200 2756.5
1121210 2756.5
1121220 2758.4
1121230 2759.8
1121240 2759.8
1121250 2761.5
1121260 2763.1
1121270 2763.1
1121280 2765.2
1121290 2769.2
1121300 2769.2
1121310 2774.9
1121320 2783.0
1121330 2783.0
1121340 2782.2
1121350 2788.5
1121360 2788.5
1121370 2796.4
1121380 2804.7
1121390 2810.6
1121400 2810.6
1121410 2817.9
1121420 2824.4
1121430 2824.4
1121440 2833.6
1121450 2842.1
1121460 2842.1
1121470 2851.3
1121480 2860.9
1121490 2860.9
1121500 2874.0
1121510 2883.0
1121520 2883.0
1121530 2888.5
1121540 2893.3
1121550 2893.3
1121560 2898.7
1121570 2904.8
1121580 2911.8
1121590 2911.8
1121600 2918.8
1121610 2925.8
1121620 2925.8
1121630 2931.0
1121640 2937.0
1121650 2937.0
1121660 2942.9
1121670 2948.6
1121680 2948.6
1121690 2955.0
1121700 2958.6
1121710 2958.6
1121720 2959.4
1121730 2958.0
1121740 2958.0
1121750 2955.7
1121760 2951.7
1121770 2945.5
1121780 2945.5
1121790 2939.9
1121800 2933.4
1121810 2933.4
1121820 2928.5
1121830 2925.4
1121840 2925.4
1121850 2924.4
1121860 2924.0
1121870 2924.0
1121880 2924.1
1121890 2924.8
1121900 2924.8
1121910 2925.8
1121920 2927.0
1121930 2927.0
1121940 2928.6
1121950 2930.4
1121960 2932.3
1121970 2932.3
1121980 2934.2
1121990 2936.3
1122000 2936.3
1122010 2938.7
1122020 2941.0
1122030 2941.0
1122040 2944.8
1122050 2947.4
1122060 2947.4
1122070 2950.0
1122080 2953.3
1122090 2953.3
1122100 2957.4
1122110 2962.7
1122120 2962.7
1122130 2968.0
1122140 2977.7
1122150 2990.4
1122160 2990.4
1122170 3002.9
1122180 3013.1
1122190 3013.1
1122200 3021.3
1122210 3030.1
1122220 3030.1
1122230 3042.1
1122240 3059.0
1122250 3059.0
1122260 3070.9
1122270 3079.9
1122280 3079.9
1122290 3092.0
1122300 3103.3
1122310 3103.3
1122320 3109.7
1122330 3116.5
1122340 3123.8
1122350 3123.8
1122360 3130.3
1122370 3134.3
1122380 3134.3
1122390 3141.1
1122400 3145.3
1122410 3145.3
1122420 3147.8
1122430 3150.5
1122440 3150.5
1122450 3151.3
1122460 3151.3
1122470 3151.3
1122480 3152.6
1122490 3152.9
1122500 3152.9
1122510 3152.2
1122520 3151.1
1122530 3149.9
1122540 3149.9
1122550 3148.4
1122560 3146.2
1122570 3146.2
1122580 3144.3
1122590 3140.1
1122600 3140.1
1122610 3136.1
1122620 3131.4
1122630 3131.4
1122640 3130.9
1122650 3132.0
1122660 3132.0
1122670 3133.9
1122680 3136.6
1122690 3136.6
1122700 3140.6
1122710 3142.8
1122720 3145.0
1122730 3145.0
1122740 3155.2
1122750 3156.6
1122760 3156.6
1122770 3156.2
1122780 3155.5
1122790 3155.5
1122800 3154.9
1122810 3155.0
1122820 3155.0
1122830 3154.9
1122840 3154.7
1122850 3154.7
1122860 3152.6
1122870 3146.0
1122880 3146.0
1122890 3136.1
1122900 3118.0
1122910 3095.5
1122920 3095.5
1122930 3081.0
1122940 3072.0
1122950 3072.0
1122960 3058.6
1122970 3046.3
1122980 3046.3
1122990 3036.5
1123000 3028.1
1123010 3028.1
1123020 3019.3
1123030 3009.5
1123040 3009.5
1123050 3001.1
1123060 2996.0
1123070 2996.0
1123080 2978.8
1123090 2967.0
1123100 2954.7
1123110 2954.7
1123120 2943.0
1123130 2935.9
1123140 2935.9
1123150 2927.0
1123160 2907.6
1123170 2907.6
1123180 2888.7
1123190 2880.0
1123200 2880.0
1123210 2860.0
1123220 2847.2
1123230 2847.2
1123240 2832.3
1123250 2822.3
1123260 2822.3
1123270 2817.2
1123280 2813.7
1123290 2810.7
1123300 2810.7
1123310 2807.9
1123320 2805.1
1123330 2805.1
1123340 2802.6
1123350 2800.3
1123360 2800.3
1123370 2798.0
1123380 2795.7
1123390 2795.7
1123400 2793.3
1123410 2790.6
1123420 2790.6
1123430 2789.3
1123440 2786.5
1123450 2786.5
1123460 2783.2
1123470 2779.7
1123480 2776.1
1123490 2776.1
1123500 2772.4
1123510 2768.6
1123520 2768.6
1123530 2764.8
1123540 2761.2
1123550 2761.2
1123560 2757.8
1123570 2754.3
1123580 2754.3
1123590 2751.0
1123600 2748.1
1123610 2748.1
1123620 2745.1
1123630 2742.3
1123640 2742.3
1123650 2739.6
1123660 2737.1
1123670 2734.7
1123680 2734.7
1123690 2732.5
1123700 2730.3
1123710 2730.3
1123720 2728.2
1123730 2726.2
1123740 2726.2
1123750 2724.2
1123760 2722.3
1123770 2722.3
1123780 2722.7
1123790 2721.1
1123800 2721.1
1123810 2719.5
1123820 2718.0
1123830 2718.0
1123840 2716.7
1123850 2715.6
1123860 2714.5
1123870 2714.5
1123880 2713.6
1123890 2712.7
1123900 2712.7
1123910 2711.9
1123920 2711.0
1123930 2711.0
1123940 2710.1
1123950 2709.1
1123960 2709.1
1123970 2707.8
1123980 2706.5
1123990 2706.5
1124000 2705.1
1124010 2703.1
1124020 2703.1
1124030 2701.1
1124040 2699.0
1124050 2696.5
1124060 2696.5
1124070 2693.6
1124080 2690.3
1124090 2690.3
1124100 2685.6
1124110 2680.0
1124120 2680.0
1124130 2677.9
1124140 2685.1
1124150 2685.1
1124160 2683.1
1124170 2680.9
1124180 2680.9
1124190 2678.8
1124200 2673.8
1124210 2673.8
1124220 2671.7
1124230 2670.1
1124240 2668.7
1124250 2668.7
1124260 2669.1
1124270 2670.4
1124280 2670.4
1124290 2673.1
1124300 2676.5
1124310 2676.5
1124320 2680.6
1124330 2684.7
1124340 2684.7
1124350 2687.1
1124360 2688.3
1124370 2688.3
1124380 2688.2
1124390 2685.1
1124400 2685.1
1124410 2678.7
1124420 2671.8
1124430 2665.9
1124440 2665.9
1124450 2659.2
1124460 2652.4
1124470 2652.4
1124480 2642.0
1124490 2627.8
1124500 2627.8
1124510 2615.4
1124520 2602.5
1124530 2602.5
1124540 2590.2
1124550 2581.6
1124560 2581.6
1124570 2571.0
1124580 2561.0
1124590 2561.0
1124600 2549.3
1124610 2531.2
1124620 2521.3
1124630 2521.3
1124640 2515.9
1124650 2511.1
1124660 2511.1
1124670 2506.6
1124680 2501.8
1124690 2501.8
1124700 2496.9
1124710 2492.5
1124720 2492.5
1124730 2488.5
1124740 2484.7
1124750 2484.7
1124760 2480.8
1124770 2478.2
1124780 2478.2
1124790 2475.4
1124800 2472.5
1124810 2468.6
1124820 2468.6
1124830 2465.0
1124840 2464.3
1124850 2464.3
1124860 2461.6
1124870 2456.9
1124880 2456.9
1124890 2449.0
1124900 2441.2
1124910 2441.2
1124920 2433.4
1124930 2426.0
1124940 2426.0
1124950 2418.8
1124960 2411.7
1124970 2411.7
1124980 2404.7
1124990 2397.7
1125000 2391.0
1125010 2391.0
1125020 2384.3
1125030 2377.6
1125040 2377.6
1125050 2369.2
1125060 2356.1
1125070 2356.1
1125080 2349.6
1125090 2344.3
1125100 2344.3
1125110 2339.3
1125120 2334.6
1125130 2334.6
1125140 2330.3
1125150 2326.1
1125160 2326.1
1125170 2320.6
1125180 2313.5
1125190 2312.4
1125200 2312.4
1125210 2309.9
1125220 2307.1
1125230 2307.1
1125240 2304.2
1125250 2302.3
1125260 2302.3
1125270 2301.6
1125280 2300.3
1125290 2300.3
1125300 2300.3
1125310 2299.8
1125320 2299.8
1125330 2300.3
1125340 2302.5
1125350 2302.5
1125360 2304.2
1125370 2305.4
1125380 2308.2
1125390 2308.2
1125400 2311.2
1125410 2314.4
1125420 2314.4
1125430 2319.1
1125440 2324.2
1125450 2324.2
1125460 2330.1
1125470 2336.3
1125480 2336.3
1125490 2341.6
1125500 2347.7
1125510 2347.7
1125520 2354.9
1125530 2362.2
1125540 2363.8
1125550 2371.4
1125560 2380.3
1125570 2389.6
1125580 2389.6
1125590 2399.8
1125600 2411.2
1125610 2411.2
1125620 2412.2
1125630 2405.8
1125640 2405.8
1125650 2398.7
1125660 2391.1
1125670 2391.1
1125680 2384.0
1125690 2379.2
1125700 2379.2
1125710 2375.3
1125720 2372.4
1125730 2372.4
1125740 2370.3
1125750 2369.5
1125760 2368.9
1125770 2368.9
1125780 2368.1
1125790 2367.9
1125800 2367.9
1125810 2367.9
1125820 2367.7
1125830 2367.7
1125840 2368.4
1125850 2368.7
1125860 2368.7
1125870 2370.0
1125880 2372.2
1125890 2372.5
1125900 2373.6
1125910 2374.7
1125920 2374.7
1125930 2376.2
1125940 2380.6
1125950 2382.1
1125960 2382.1
1125970 2385.1
1125980 2390.3
1125990 2390.3
1126000 2395.6
1126010 2401.3
1126020 2401.3
1126030 2404.4
1126040 2406.5
1126050 2406.5
1126060 2407.4
1126070 2408.4
1126080 2408.4
1126090 2409.9
1126100 2411.5
1126110 2411.5
1126120 2412.9
1126130 2415.3
1126140 2417.7
1126150 2417.7
1126160 2420.9
1126170 2423.8
1126180 2423.8
1126190 2427.3
1126200 2431.1
1126210 2431.1
1126220 2434.9
1126230 2439.6
1126240 2438.5
1126250 2444.1
1126260 2448.4
1126270 2448.4
1126280 2452.1
1126290 2456.4
1126300 2456.4
1126310 2462.0
1126320 2466.4
1126330 2471.2
1126340 2471.2
1126350 2476.0
1126360 2476.7
1126370 2476.7
1126380 2475.4
1126390 2474.9
1126400 2474.9
1126410 2475.3
1126420 2476.0
1126430 2476.0
1126440 2476.2
1126450 2479.3
1126460 2479.3
1126470 2481.7
1126480 2483.7
1126490 2483.7
1126500 2486.0
1126510 2488.7
1126520 2489.7
1126530 2489.7
1126540 2491.7
1126550 2494.0
1126560 2494.0
1126570 2496.7
1126580 2497.1
1126590 2497.1
1126600 2501.0
1126610 2505.3
1126620 2505.3
1126630 2508.3
1126640 2512.6
1126650 2512.6
1126660 2515.8
1126670 2519.2
1126680 2519.2
1126690 2524.5
1126700 2529.5
1126710 2534.6
1126720 2534.6
1126730 2538.8
1126740 2541.9
1126750 2541.9
1126760 2545.8
1126770 2550.8
1126780 2550.8
1126790 2555.8
1126800 2560.8
1126810 2560.8
1126820 2566.6
1126830 2572.0
1126840 2572.0
1126850 2578.0
1126860 2584.5
1126870 2584.5
1126880 2591.2
1126890 2597.9
1126900 2605.2
1126910 2605.2
1126920 2612.6
1126930 2621.3
1126940 2621.3
1126950 2627.6
1126960 2638.5
1126970 2638.5
1126980 2651.6
1126990 2669.9
1127000 2669.9
1127010 2683.2
1127020 2692.6
1127030 2692.6
1127040 2700.2
1127050 2715.7
1127060 2715.7
1127070 2725.2
1127080 2728.9
1127090 2731.0
1127100 2731.0
1127110 2733.5
1127120 2738.2
1127130 2738.2
1127140 2743.7
1127150 2752.7
1127160 2752.7
1127170 2762.1
1127180 2766.0
1127190 2766.0
1127200 2769.3
1127210 2771.0
1127220 2771.0
1127230 2771.8
1127240 2771.5
1127250 2771.5
1127260 2771.4
1127270 2771.7
1127280 2768.8
1127290 2768.8
1127300 2770.4
1127310 2775.2
1127320 2775.2
1127330 2784.1
1127340 2786.0
1127350 2786.0
1127360 2780.9
1127370 2774.1
1127380 2774.1
1127390 2766.8
1127400 2762.0
1127410 2762.0
1127420 2757.8
1127430 2754.3
1127440 2754.3
1127450 2751.1
1127460 2748.2
1127470 2746.0
1127480 2746.0
1127490 2745.6
1127500 2746.3
1127510 2746.3
1127520 2747.9
1127530 2749.4
1127540 2749.4
1127550 2750.9
1127560 2751.7
1127570 2751.7
1127580 2751.9
1127590 2751.3
1127600 2751.3
1127610 2749.9
1127620 2748.5
1127630 2748.5
1127640 2746.9
1127650 2746.4
1127660 2747.5
1127670 2747.5
1127680 2748.1
1127690 2749.0
1127700 2749.0
1127710 2750.2
1127720 2751.6
1127730 2751.6
1127740 2752.8
1127750 2753.7
1127760 2753.7
1127770 2754.7
1127780 2756.0
1127790 2756.0
1127800 2758.2
1127810 2761.0
1127820 2761.0
1127830 2766.4
1127840 2769.8
1127850 2773.0
1127860 2773.0
1127870 2777.3
1127880 2778.8
1127890 2778.8
1127900 2779.1
1127910 2779.4
1127920 2779.4
1127930 2780.4
1127940 2780.5
1127950 2780.5
1127960 2782.3
1127970 2783.1
1127980 2783.1
1127990 2783.4
1128000 2783.7
1128010 2785.3
1128020 2785.5
1128030 2788.0
1128040 2791.0
1128050 2791.0
1128060 2792.0
1128070 2792.9
1128080 2792.9
1128090 2795.0
1128100 2797.5
1128110 2797.5
1128120 2800.6
1128130 2804.7
1128140 2804.7
1128150 2808.3
1128160 2809.2
1128170 2809.2
1128180 2809.9
1128190 2810.9
1128200 2810.9
1128210 2812.5
1128220 2814.0
1128230 2819.9
1128240 2819.9
1128250 2823.9
1128260 2824.9
1128270 2824.9
1128280 2825.2
1128290 2825.6
1128300 2825.6
1128310 2825.5
1128320 2825.7
1128330 2825.7
1128340 2826.4
1128350 2828.3
1128360 2828.3
1128370 2831.0
1128380 2832.1
1128390 2832.1
1128400 2832.8
1128410 2834.1
1128420 2836.3
1128430 2836.3
1128440 2838.5
1128450 2839.8
1128460 2839.8
1128470 2842.6
1128480 2847.3
1128490 2847.3
1128500 2852.4
1128510 2856.5
1128520 2856.5
1128530 2859.1
1128540 2862.9
1128550 2862.9
1128560 2866.9
1128570 2872.4
1128580 2872.4
1128590 2878.4
1128600 2887.9
1128610 2901.2
1128620 2901.2
1128630 2911.5
1128640 2923.6
1128650 2923.6
1128660 2938.2
1128670 2942.3
1128680 2942.3
1128690 2947.4
1128700 2953.2
1128710 2953.2
1128720 2952.6
1128730 2961.2
1128740 2961.2
1128750 2967.4
1128760 2974.8
1128770 2974.8
1128780 2986.8
1128790 2998.9
1128800 3007.9
1128810 3007.9
1128820 3015.5
1128830 3024.7
1128840 3024.7
1128850 3034.1
1128860 3046.4
1128870 3046.4
1128880 3058.0
1128890 3066.2
1128900 3066.2
1128910 3062.1
1128920 3049.8
1128930 3049.8
1128940 3035.0
1128950 3016.1
1128960 3016.1
1128970 2998.0
1128980 2981.7
1128990 2972.8
1129000 2972.8
1129010 2965.4
1129020 2961.4
1129030 2961.4
1129040 2960.8
1129050 2964.7
1129060 2964.7
1129070 2962.9
1129080 2943.8
1129090 2943.8
1129100 2937.1
1129110 2940.8
1129120 2940.8
1129130 2936.5
1129140 2930.0
1129150 2930.0
1129160 2926.5
1129170 2927.6
1129180 2931.6
1129190 2931.6
1129200 2934.5
1129210 2928.3
1129220 2928.3
1129230 2919.7
1129240 2910.1
1129250 2910.1
1129260 2902.6
1129270 2891.5
1129280 2891.5
1129290 2880.3
1129300 2869.8
1129310 2869.8
1129320 2857.9
1129330 2840.4
1129340 2840.4
1129350 2820.9
1129360 2805.1
1129370 2792.7
1129380 2792.7
1129390 2784.2
1129400 2778.6
1129410 2778.6
1129420 2775.0
1129430 2769.6
1129440 2769.6
1129450 2765.0
1129460 2761.2
1129470 2761.2
1129480 2758.2
1129490 2755.3
1129500 2755.3
1129510 2752.5
1129520 2747.1
1129530 2747.1
1129540 2739.2
1129550 2732.0
1129560 2727.2
1129570 2727.2
1129580 2724.7
1129590 2721.6
1129600 2721.6
1129610 2718.5
1129620 2717.5
1129630 2717.5
1129640 2716.5
1129650 2715.5
1129660 2715.5
1129670 2715.3
1129680 2715.1
1129690 2715.1
1129700 2714.9
1129710 2714.7
1129720 2714.7
1129730 2715.2
1129740 2715.9
1129750 2715.9
1129760 2715.0
1129770 2713.1
1129780 2712.2
1129790 2707.9
1129800 2707.3
1129810 2708.5
1129820 2708.5
1129830 2708.9
1129840 2705.2
1129850 2705.2
1129860 2702.7
1129870 2706.6
1129880 2706.6
1129890 2708.5
1129900 2707.2
1129910 2707.2
1129920 2706.3
1129930 2705.6
1129940 2705.6
1129950 2704.1
1129960 2702.7
1129970 2698.6
1129980 2698.6
1129990 2693.6
1130000 2687.1
1130010 2687.1
1130020 2679.6
1130030 2673.2
1130040 2673.2
1130050 2666.4
1130060 2662.8
1130070 2662.8
1130080 2660.5
1130090 2659.8
1130100 2659.8
1130110 2658.4
1130120 2656.2
1130130 2656.2
1130140 2647.2
1130150 2643.2
1130160 2639.2
1130170 2639.2
1130180 2635.4
1130190 2632.2
1130200 2632.2
1130210 2628.7
1130220 2624.8
1130230 2624.8
1130240 2621.8
1130250 2619.3
1130260 2619.3
1130270 2617.0
1130280 2615.2
1130290 2615.2
1130300 2613.5
1130310 2612.1
1130320 2612.1
1130330 2610.1
1130340 2607.8
1130350 2605.8
1130360 2605.8
1130370 2603.9
1130380 2601.9
1130390 2601.9
1130400 2599.3
1130410 2596.3
1130420 2596.3
1130430 2593.4
1130440 2590.4
1130450 2590.4
1130460 2587.4
1130470 2584.5
1130480 2584.5
1130490 2583.0
1130500 2578.3
1130510 2578.3
1130520 2575.7
1130530 2572.1
1130540 2568.1
1130550 2568.1
1130560 2561.9
1130570 2554.1
1130580 2554.1
1130590 2547.5
1130600 2541.4
1130610 2541.4
1130620 2536.7
1130630 2529.4
1130640 2529.4
1130650 2526.4
1130660 2524.6
1130670 2524.6
1130680 2522.6
1130690 2521.0
1130700 2521.0
1130710 2519.5
1130720 2518.0
1130730 2517.7
1130740 2517.7
1130750 2516.1
1130760 2515.5
1130770 2515.5
1130780 2515.3
1130790 2515.2
1130800 2515.2
1130810 2515.0
1130820 2515.0
1130830 2515.0
1130840 2515.0
1130850 2515.0
1130860 2516.4
1130870 2516.4
1130880 2516.2
1130890 2516.2
1130900 2516.1
1130910 2515.9
1130920 2515.8
1130930 2515.8
1130940 2515.6
1130950 2515.6
1130960 2515.6
1130970 2515.8
1130980 2515.4
1130990 2515.4
1131000 2515.0
1131010 2514.5
1131020 2514.5
1131030 2514.3
1131040 2513.9
1131050 2513.9
1131060 2513.3
1131070 2512.8
1131080 2512.8
1131090 2512.5
1131100 2512.5
1131110 2512.6
1131120 2512.6
1131130 2512.1
1131140 2511.6
1131150 2511.6
1131160 2510.5
1131170 2508.9
1131180 2508.9
1131190 2506.6
1131200 2503.9
1131210 2503.9
1131220 2502.6
1131230 2499.3
1131240 2499.3
1131250 2495.9
1131260 2492.5
1131270 2492.5
1131280 2489.7
1131290 2488.1
1131300 2489.4
1131310 2489.4
1131320 2488.5
1131330 2488.1
1131340 2488.1
1131350 2487.7
1131360 2486.3
1131370 2486.3
1131380 2488.9
1131390 2492.9
1131400 2492.9
1131410 2497.2
1131420 2504.0
1131430 2504.0
1131440 2512.0
1131450 2520.4
1131460 2520.4
1131470 2529.8
1131480 2535.5
1131490 2540.4
1131500 2540.4
1131510 2546.2
1131520 2550.6
1131530 2550.6
1131540 2551.1
1131550 2550.3
1131560 2550.3
1131570 2562.7
1131580 2571.6
1131590 2571.6
1131600 2574.7
1131610 2576.5
1131620 2576.5
1131630 2573.3
1131640 2570.8
1131650 2570.8
1131660 2568.3
1131670 2568.0
1131680 2563.6
1131690 2563.6
1131700 2557.8
1131710 2558.7
1131720 2558.7
1131730 2562.2
1131740 2565.8
1131750 2565.8
1131760 2569.8
1131770 2573.6
1131780 2573.6
1131790 2576.9
1131800 2579.9
1131810 2579.9
1131820 2585.5
1131830 2592.3
1131840 2592.3
1131850 2599.9
1131860 2609.3
1131870 2623.4
1131880 2623.4
1131890 2636.8
1131900 2645.0
1131910 2645.0
1131920 2653.2
1131930 2658.4
1131940 2658.4
1131950 2663.7
1131960 2666.4
1131970 2666.4
1131980 2668.9
1131990 2672.0
1132000 2672.0
1132010 2674.4
1132020 2676.3
1132030 2676.3
1132040 2677.9
1132050 2679.3
1132060 2680.4
1132070 2680.4
1132080 2681.3
1132090 2681.7
1132100 2681.7
1132110 2681.6
1132120 2681.0
1132130 2681.0
1132140 2679.2
1132150 2676.8
1132160 2676.8
1132170 2673.7
1132180 2670.6
1132190 2670.6
1132200 2667.3
1132210 2664.1
1132220 2664.1
1132230 2660.2
1132240 2656.5
1132250 2652.4
1132260 2652.4
1132270 2647.0
1132280 2640.3
1132290 2641.2
1132300 2635.7
1132310 2628.7
1132320 2628.7
1132330 2623.7
1132340 2620.3
1132350 2620.3
1132360 2617.1
1132370 2614.3
1132380 2614.3
1132390 2612.7
1132400 2611.6
1132410 2611.6
1132420 2610.7
1132430 2609.2
1132440 2607.9
1132450 2607.9
1132460 2606.8
1132470 2605.9
1132480 2605.9
1132490 2606.4
1132500 2604.9
1132510 2604.9
1132520 2603.3
1132530 2602.2
1132540 2602.2
1132550 2601.7
1132560 2601.2
1132570 2601.2
1132580 2600.9
1132590 2601.3
1132600 2601.3
1132610 2602.0
1132620 2603.0
1132630 2604.2
1132640 2604.2
1132650 2608.9
1132660 2608.6
1132670 2608.6
1132680 2608.8
1132690 2609.4
1132700 2609.4
1132710 2610.9
1132720 2612.4
1132730 2612.4
1132740 2613.6
1132750 2615.1
1132760 2615.1
1132770 2617.8
1132780 2622.2
1132790 2622.2
1132800 2625.9
1132810 2627.3
1132820 2631.1
1132830 2631.1
1132840 2635.0
1132850 2639.8
1132860 2639.8
1132870 2641.6
1132880 2641.5
1132890 2641.5
1132900 2641.1
1132910 2642.2
1132920 2642.2
1132930 2643.9
1132940 2645.8
1132950 2645.8
1132960 2648.7
1132970 2651.7
1132980 2651.7
1132990 2656.1
1133000 2660.5
1133010 2668.3
1133020 2668.3
1133030 2673.3
1133040 2678.2
1133050 2678.2
1133060 2684.1
1133070 2690.5
1133080 2690.5
1133090 2697.4
1133100 2706.8
1133110 2706.8
1133120 2716.1
1133130 2723.9
1133140 2723.9
1133150 2734.1
1133160 2749.9
1133170 2749.9
1133180 2777.9
1133190 2802.7
1133200 2814.3
1133210 2814.3
1133220 2825.6
1133230 2841.3
1133240 2841.3
1133250 2856.7
1133260 2880.7
1133270 2880.7
1133280 2892.7
1133290 2895.1
1133300 2895.1
1133310 2899.4
1133320 2903.0
1133330 2903.0
1133340 2896.5
1133350 2883.5
1133360 2883.5
1133370 2896.4
1133380 2887.2
1133390 2889.3
1133400 2889.3
1133410 2877.4
1133420 2866.9
1133430 2866.9
1133440 2849.5
1133450 2832.5
1133460 2832.5
1133470 2829.8
1133480 2831.0
1133490 2831.0
1133500 2831.0
1133510 2831.1
1133520 2831.1
1133530 2829.4
1133540 2827.0
1133550 2827.0
1133560 2825.5
1133570 2825.9
1133580 2826.9
1133590 2826.9
1133600 2828.6
1133610 2829.9
1133620 2829.9
1133630 2831.3
1133640 2833.2
1133650 2833.2
1133660 2835.0
1133670 2836.4
1133680 2836.4
1133690 2837.5
1133700 2837.7
1133710 2837.7
1133720 2838.6
1133730 2842.3
1133740 2842.3
1133750 2842.2
1133760 2841.7
1133770 2841.0
1133780 2841.0
1133790 2840.3
1133800 2839.6
1133810 2839.6
1133820 2839.1
1133830 2838.8
1133840 2838.8
1133850 2838.8
1133860 2839.0
1133870 2839.0
1133880 2839.5
1133890 2840.2
1133900 2840.2
1133910 2841.0
1133920 2842.0
1133930 2842.0
1133940 2843.2
1133950 2844.4
1133960 2845.5
1133970 2845.5
1133980 2846.8
1133990 2847.7
1134000 2847.7
1134010 2849.1
1134020 2850.6
1134030 2850.6
1134040 2852.7
1134050 2854.8
1134060 2854.8
1134070 2857.0
1134080 2858.9
1134090 2861.2
1134100 2862.3
1134110 2864.3
1134120 2864.3
1134130 2866.0
1134140 2866.7
1134150 2869.5
1134160 2869.5
1134170 2871.6
1134180 2872.8
1134190 2872.8
1134200 2876.4
1134210 2880.9
1134220 2880.9
1134230 2884.9
1134240 2888.4
1134250 2888.4
1134260 2892.1
1134270 2896.6
1134280 2896.6
1134290 2903.3
1134300 2910.3
1134310 2910.3
1134320 2917.0
1134330 2923.9
1134340 2932.2
1134350 2932.2
1134360 2941.2
1134370 2950.5
1134380 2950.5
1134390 2959.5
1134400 2966.4
1134410 2966.4
1134420 2973.3
1134430 2981.8
1134440 2981.8
1134450 2987.5
1134460 2994.2
1134470 2994.2
1134480 2998.9
1134490 3003.1
1134500 3003.1
1134510 3007.5
1134520 3012.0
1134530 3016.6
1134540 3016.6
1134550 3022.3
1134560 3028.0
1134570 3028.0
1134580 3034.1
1134590 3041.7
1134600 3041.7
1134610 3052.9
1134620 3068.9
1134630 3068.9
1134640 3088.5
1134650 3108.3
1134660 3108.3
1134670 3118.5
1134680 3102.0
1134690 3102.0
1134700 3092.7
1134710 3090.6
1134720 3094.7
1134730 3094.7
1134740 3091.1
1134750 3077.8
1134760 3077.8
1134770 3067.5
1134780 3062.4
1134790 3062.4
1134800 3061.1
1134810 3053.4
1134820 3053.4
1134830 3053.9
1134840 3047.0
1134850 3047.0
1134860 3030.7
1134870 3015.1
1134880 3015.1
1134890 3008.7
1134900 3005.1
1134910 3001.3
1134920 3001.3
1134930 2997.3
1134940 2994.9
1134950 2994.9
1134960 2993.8
1134970 2994.2
1134980 2994.2
1134990 2994.9
1135000 2995.9
1135010 2995.9
1135020 2997.2
1135030 2998.6
1135040 2998.6
1135050 3000.3
1135060 3001.8
1135070 3001.8
1135080 3003.4
1135090 3005.6
1135100 3007.6
1135110 3007.6
1135120 3009.8
1135130 3011.7
1135140 3011.7
1135150 3013.6
1135160 3015.7
1135170 3012.6
1135180 3014.8
1135190 3016.9
1135200 3016.9
1135210 3018.9
1135220 3021.0
1135230 3021.0
1135240 3023.1
1135250 3025.2
1135260 3025.2
1135270 3027.5
1135280 3029.9
1135290 3032.4
1135300 3032.4
1135310 3034.8
1135320 3037.2
1135330 3037.2
1135340 3039.3
1135350 3042.5
1135360 3042.5
1135370 3045.7
1135380 3049.9
1135390 3049.9
1135400 3053.7
1135410 3057.2
1135420 3057.2
1135430 3060.7
1135440 3064.0
1135450 3064.0
1135460 3067.5
1135470 3071.0
1135480 3074.8
1135490 3074.8
1135500 3079.3
1135510 3084.9
1135520 3084.9
1135530 3086.5
1135540 3091.3
1135550 3091.3
1135560 3096.5
1135570 3101.9
1135580 3101.9
1135590 3107.3
1135600 3113.1
1135610 3113.1
1135620 3119.0
1135630 3124.7
1135640 3124.7
1135650 3130.2
1135660 3135.3
1135670 3139.6
1135680 3139.6
1135690 3143.9
1135700 3148.2
1135710 3148.2
1135720 3152.9
1135730 3159.2
1135740 3159.2
1135750 3165.8
1135760 3165.2
1135770 3165.2
1135780 3158.6
1135790 3158.5
1135800 3158.5
1135810 3159.1
1135820 3160.3
1135830 3160.3
1135840 3159.3
1135850 3159.4
1135860 3163.5
1135870 3163.5
1135880 3164.5
1135890 3158.7
1135900 3172.2
1135910 3160.5
1135920 3152.5
1135930 3152.5
1135940 3151.0
1135950 3155.4
1135960 3155.4
1135970 3158.3
1135980 3153.8
1135990 3153.8
1136000 3156.5
1136010 3164.6
1136020 3164.6
1136030 3164.1
1136040 3161.4
1136050 3152.8
1136060 3152.8
1136070 3141.1
1136080 3129.2
1136090 3129.2
1136100 3116.6
1136110 3103.6
1136120 3103.6
1136130 3091.5
1136140 3083.8
1136150 3083.8
1136160 3079.8
1136170 3076.5
1136180 3076.5
1136190 3074.9
1136200 3068.5
1136210 3068.5
1136220 3062.4
1136230 3061.1
1136240 3059.2
1136250 3059.2
1136260 3054.1
1136270 3048.2
1136280 3048.2
1136290 3042.9
1136300 3035.9
1136310 3035.9
1136320 3025.3
1136330 3016.4
1136340 3016.4
1136350 3004.7
1136360 2989.7
1136370 2989.7
1136380 2975.9
1136390 2966.2
1136400 2966.2
1136410 2958.3
1136420 2951.3
1136430 2946.8
1136440 2946.8
1136450 2947.5
1136460 2948.0
1136470 2948.0
1136480 2945.3
1136490 2944.2
1136500 2944.2
1136510 2943.1
1136520 2937.9
1136530 2937.9
1136540 2936.0
1136550 2933.2
1136560 2933.2
1136570 2932.0
1136580 2931.1
1136590 2931.1
1136600 2926.3
1136610 2917.5
1136620 2916.6
1136630 2916.6
1136640 2910.9
1136650 2901.6
1136660 2901.6
1136670 2894.8
1136680 2886.8
1136690 2886.8
1136700 2881.2
1136710 2876.1
1136720 2876.1
1136730 2871.0
1136740 2865.7
1136750 2865.7
1136760 2859.3
1136770 2853.0
1136780 2853.0
1136790 2847.5
1136800 2842.9
1136810 2838.5
1136820 2838.5
1136830 2833.5
1136840 2828.4
1136850 2828.4
1136860 2823.6
1136870 2819.0
1136880 2819.0
1136890 2814.3
1136900 2809.5
1136910 2809.5
1136920 2804.7
1136930 2799.8
1136940 2799.8
1136950 2794.7
1136960 2789.4
1136970 2789.4
1136980 2784.4
1136990 2779.4
1137000 2774.9
1137010 2774.9
1137020 2770.5
1137030 2765.7
1137040 2765.7
1137050 2761.1
1137060 2757.3
1137070 2757.3
1137080 2753.8
1137090 2750.6
1137100 2750.6
1137110 2747.6
1137120 2744.9
1137130 2744.9
1137140 2742.2
1137150 2739.3
1137160 2739.3
1137170 2736.5
1137180 2735.4
1137190 2735.1
1137200 2735.1
1137210 2735.0
1137220 2737.8
1137230 2737.8
1137240 2740.0
1137250 2739.7
1137260 2739.7
1137270 2740.4
1137280 2741.9
1137290 2741.9
1137300 2742.7
1137310 2742.8
1137320 2742.8
1137330 2744.3
1137340 2746.2
1137350 2740.9
1137360 2743.3
1137370 2744.9
1137380 2746.8
1137390 2746.8
1137400 2750.7
1137410 2755.7
1137420 2755.7
1137430 2759.9
1137440 2763.6
1137450 2763.6
1137460 2767.0
1137470 2770.6
1137480 2770.6
1137490 2776.0
1137500 2780.9
1137510 2780.9
1137520 2784.6
1137530 2787.4
1137540 2787.4
1137550 2789.8
1137560 2791.7
1137570 2794.4
1137580 2794.4
1137590 2798.6
1137600 2803.2
1137610 2803.2
1137620 2808.0
1137630 2812.7
1137640 2812.7
1137650 2817.3
1137660 2822.2
1137670 2822.2
1137680 2826.9
1137690 2831.6
1137700 2831.6
1137710 2831.5
1137720 2835.8
1137730 2835.8
1137740 2839.5
1137750 2843.0
1137760 2846.3
1137770 2846.3
1137780 2849.4
1137790 2851.8
1137800 2851.8
1137810 2854.0
1137820 2855.5
1137830 2855.5
1137840 2857.0
1137850 2859.4
1137860 2859.4
1137870 2862.2
1137880 2864.8
1137890 2864.8
1137900 2867.1
1137910 2869.5
1137920 2869.5
1137930 2871.8
1137940 2874.0
1137950 2876.3
1137960 2876.3
1137970 2879.1
1137980 2882.7
1137990 2882.7
1138000 2886.3
1138010 2889.9
1138020 2889.9
1138030 2893.4
1138040 2896.9
1138050 2896.9
1138060 2900.2
1138070 2903.0
1138080 2898.0
1138090 2900.0
1138100 2900.7
1138110 2900.7
1138120 2901.4
1138130 2902.6
1138140 2902.8
1138150 2902.8
1138160 2903.8
1138170 2905.6
1138180 2905.6
1138190 2906.6
1138200 2907.4
1138210 2907.4
1138220 2908.2
1138230 2908.8
1138240 2908.8
1138250 2909.1
1138260 2909.0
1138270 2909.0
1138280 2908.6
1138290 2907.8
1138300 2907.8
1138310 2904.4
1138320 2901.3
1138330 2900.6
1138340 2900.6
1138350 2902.1
1138360 2903.8
1138370 2903.8
1138380 2906.1
1138390 2907.5
1138400 2907.5
1138410 2907.4
1138420 2907.4
1138430 2907.4
1138440 2897.3
1138450 2895.4
1138460 2895.4
1138470 2895.5
1138480 2897.4
1138490 2897.4
1138500 2899.7
1138510 2902.0
1138520 2903.8
1138530 2903.8
1138540 2905.1
1138550 2906.4
1138560 2906.4
1138570 2907.3
1138580 2907.7
1138590 2907.7
1138600 2909.0
1138610 2911.0
1138620 2911.0
1138630 2912.6
1138640 2914.2
1138650 2914.2
1138660 2916.2
1138670 2919.6
1138680 2919.6
1138690 2921.1
1138700 2921.5
1138710 2918.3
1138720 2918.3
1138730 2915.7
1138740 2914.5
1138750 2914.5
1138760 2914.5
1138770 2915.7
1138780 2915.7
1138790 2918.3
1138800 2921.7
1138810 2916.6
1138820 2921.0
1138830 2928.1
1138840 2928.1
1138850 2935.2
1138860 2940.6
1138870 2940.6
1138880 2942.1
1138890 2944.3
1138900 2950.0
1138910 2950.0
1138920 2955.3
1138930 2957.7
1138940 2957.7
1138950 2964.3
1138960 2971.0
1138970 2971.0
1138980 2977.5
1138990 2981.3
1139000 2981.3
1139010 2983.9
1139020 2986.6
1139030 2986.6
1139040 2989.8
1139050 2994.0
1139060 2994.0
1139070 2994.9
1139080 2996.5
1139090 2999.4
1139100 2999.4
1139110 3005.8
1139120 3009.0
1139130 3009.0
1139140 3009.8
1139150 3006.2
1139160 3006.2
1139170 2970.8
1139180 2939.5
1139190 2939.5
1139200 2929.9
1139210 2918.9
1139220 2918.9
1139230 2906.7
1139240 2895.4
1139250 2895.4
1139260 2881.8
1139270 2864.7
1139280 2850.6
1139290 2850.6
1139300 2841.3
1139310 2833.3
1139320 2833.3
1139330 2826.3
1139340 2819.7
1139350 2819.7
1139360 2813.6
1139370 2807.7
1139380 2807.7
1139390 2801.9
1139400 2796.2
1139410 2796.2
1139420 2790.9
1139430 2785.2
1139440 2785.2
1139450 2779.5
1139460 2773.7
1139470 2768.0
1139480 2768.0
1139490 2762.5
1139500 2756.9
1139510 2756.9
1139520 2751.7
1139530 2746.9
1139540 2744.3
1139550 2739.7
1139560 2735.7
1139570 2735.7
1139580 2731.8
1139590 2728.1
1139600 2728.1
1139610 2724.0
1139620 2720.4
1139630 2720.4
1139640 2718.7
1139650 2715.7
1139660 2714.0
1139670 2714.0
1139680 2714.7
1139690 2714.4
1139700 2714.4
1139710 2713.8
1139720 2713.8
1139730 2713.8
1139740 2715.5
1139750 2717.7
1139760 2717.7
1139770 2720.7
1139780 2723.4
1139790 2723.4
1139800 2725.5
1139810 2728.2
1139820 2728.2
1139830 2730.2
1139840 2732.1
1139850 2734.3
1139860 2734.3
1139870 2736.8
1139880 2740.5
1139890 2740.5
1139900 2739.1
1139910 2741.4
1139920 2741.4
1139930 2746.7
1139940 2751.3
1139950 2751.3
1139960 2751.5
1139970 2748.7
1139980 2748.7
1139990 2745.7
