1120000 2439.7
1120010 2439.7
1120020 2440.6
1120030 2442.4
1120040 2442.4
1120050 2444.0
1120060 2446.9
1120070 2446.9
1120080 2449.4
1120090 2449.0
1120100 2449.0
1120110 2449.1
1120120 2450.4
1120130 2451.8
1120140 2451.8
1120150 2460.0
1120160 2463.1
1120170 2463.1
1120180 2464.7
1120190 2467.5
1120200 2467.5
1120210 2468.8
1120220 2471.1
1120230 2471.1
1120240 2475.7
1120250 2476.2
1120260 2476.2
1120270 2475.8
1120280 2477.5
1120290 2477.5
1120300 2481.2
1120310 2484.9
1120320 2489.5
1120330 2489.5
1120340 2494.2
1120350 2498.9
1120360 2498.9
1120370 2502.9
1120380 2505.7
1120390 2505.7
1120400 2508.4
1120410 2510.4
1120420 2510.4
1120430 2511.1
1120440 2512.1
1120450 2512.1
1120460 2516.3
1120470 2520.3
1120480 2520.3
1120490 2523.0
1120500 2526.3
1120510 2528.6
1120520 2528.6
1120530 2531.5
1120540 2533.6
1120550 2533.6
1120560 2538.1
1120570 2543.1
1120580 2543.1
1120590 2552.6
1120600 2559.5
1120610 2559.5
1120620 2562.2
1120630 2565.0
1120640 2565.0
1120650 2570.2
1120660 2576.9
1120670 2576.9
1120680 2583.5
1120690 2590.0
1120700 2596.6
1120710 2596.6
1120720 2603.3
1120730 2609.3
1120740 2609.3
1120750 2615.1
1120760 2620.5
1120770 2620.5
1120780 2624.1
1120790 2627.3
1120800 2627.3
1120810 2630.9
1120820 2633.4
1120830 2633.4
1120840 2633.9
1120850 2633.6
1120860 2633.6
1120870 2631.8
1120880 2629.3
1120890 2624.2
1120900 2624.2
1120910 2621.4
1120920 2623.2
1120930 2629.5
1120940 2631.2
1120950 2632.9
1120960 2632.9
1120970 2634.3
1120980 2636.4
1120990 2636.4
1121000 2638.0
1121010 2640.5
1121020 2640.5
1121030 2642.8
1121040 2644.8
1121050 2644.8
1121060 2649.4
1121070 2653.4
1121080 2656.6
1121090 2656.6
1121100 2660.1
1121110 2663.9
1121120 2663.9
1121130 2667.9
1121140 2671.2
1121150 2671.2
1121160 2671.8
1121170 2671.6
1121180 2671.6
1121190 2673.4
1121200 2675.2
1121210 2675.2
1121220 2678.1
1121230 2682.7
1121240 2682.7
1121250 2688.9
1121260 2694.4
1121270 2698.8
1121280 2701.0
1121290 2705.5
1121300 2709.6
1121310 2709.6
1121320 2713.7
1121330 2717.4
1121340 2717.4
1121350 2721.1
1121360 2724.7
1121370 2724.7
1121380 2728.3
1121390 2732.0
1121400 2732.0
1121410 2735.7
1121420 2740.8
1121430 2740.8
1121440 2749.8
1121450 2759.9
1121460 2767.0
1121470 2767.0
1121480 2770.1
1121490 2771.0
1121500 2771.0
1121510 2773.9
1121520 2777.6
1121530 2777.6
1121540 2781.6
1121550 2784.4
1121560 2784.4
1121570 2786.9
1121580 2788.6
1121590 2788.6
1121600 2790.1
1121610 2791.4
1121620 2791.4
1121630 2795.6
1121640 2798.0
1121650 2799.9
1121660 2799.9
1121670 2803.4
1121680 2806.0
1121690 2806.0
1121700 2808.6
1121710 2811.3
1121720 2811.3
1121730 2814.3
1121740 2817.7
1121750 2817.7
1121760 2821.2
1121770 2824.4
1121780 2824.4
1121790 2827.5
1121800 2832.2
1121810 2832.2
1121820 2836.4
1121830 2840.4
1121840 2846.4
1121850 2846.4
1121860 2849.7
1121870 2851.9
1121880 2851.9
1121890 2855.3
1121900 2858.8
1121910 2858.8
1121920 2862.1
1121930 2865.2
1121940 2865.2
1121950 2868.2
1121960 2871.6
1121970 2871.6
1121980 2875.1
1121990 2877.6
1122000 2877.6
1122010 2880.0
1122020 2883.8
1122030 2887.0
1122040 2887.0
1122050 2890.6
1122060 2894.5
1122070 2894.5
1122080 2900.3
1122090 2908.1
1122100 2908.1
1122110 2917.1
1122120 2930.1
1122130 2930.1
1122140 2951.0
1122150 2966.5
1122160 2966.5
1122170 2976.9
1122180 2991.6
1122190 2991.6
1122200 2997.0
1122210 3001.5
1122220 3005.9
1122230 3005.9
1122240 3009.7
1122250 3016.4
1122260 3016.4
1122270 3023.4
1122280 3029.9
1122290 3029.9
1122300 3035.6
1122310 3041.6
1122320 3041.6
1122330 3043.5
1122340 3050.1
1122350 3050.1
1122360 3057.1
1122370 3064.3
1122380 3064.3
1122390 3071.8
1122400 3078.9
1122410 3078.9
1122420 3085.8
1122430 3095.3
1122440 3100.9
1122450 3100.9
1122460 3091.4
1122470 3075.5
1122480 3075.5
1122490 3057.3
1122500 3035.6
1122510 3035.6
1122520 3016.9
1122530 3005.5
1122540 3005.5
1122550 2998.4
1122560 2987.4
1122570 2987.4
1122580 2968.3
1122590 2951.1
1122600 2951.1
1122610 2942.8
1122620 2939.5
1122630 2937.4
1122640 2937.4
1122650 2932.4
1122660 2929.8
1122670 2929.8
1122680 2941.9
1122690 2941.5
1122700 2941.5
1122710 2938.2
1122720 2928.5
1122730 2928.5
1122740 2918.2
1122750 2912.7
1122760 2912.7
1122770 2909.0
1122780 2906.9
1122790 2906.9
1122800 2905.2
1122810 2903.6
1122820 2901.9
1122830 2901.9
1122840 2900.1
1122850 2898.7
1122860 2898.7
1122870 2897.2
1122880 2895.7
1122890 2895.7
1122900 2894.1
1122910 2892.5
1122920 2892.5
1122930 2891.0
1122940 2889.5
1122950 2889.5
1122960 2888.3
1122970 2886.7
1122980 2886.7
1122990 2885.6
1123000 2885.1
1123010 2884.8
1123020 2884.8
1123030 2885.6
1123040 2885.9
1123050 2885.9
1123060 2886.2
1123070 2886.5
1123080 2886.5
1123090 2886.7
1123100 2886.6
1123110 2886.6
1123120 2886.5
1123130 2886.1
1123140 2886.1
1123150 2885.6
1123160 2885.0
1123170 2885.0
1123180 2884.4
1123190 2884.0
1123200 2883.6
1123210 2883.6
1123220 2883.3
1123230 2882.8
1123240 2882.8
1123250 2882.2
1123260 2881.4
1123270 2881.4
1123280 2880.6
1123290 2879.6
1123300 2879.6
1123310 2878.6
1123320 2877.5
1123330 2877.5
1123340 2876.7
1123350 2875.7
1123360 2875.7
1123370 2874.5
1123380 2876.3
1123390 2874.6
1123400 2874.6
1123410 2872.5
1123420 2870.1
1123430 2870.1
1123440 2867.4
1123450 2864.4
1123460 2864.4
1123470 2859.4
1123480 2854.9
1123490 2854.9
1123500 2856.8
1123510 2861.3
1123520 2861.3
1123530 2863.6
1123540 2869.1
1123550 2869.1
1123560 2876.6
1123570 2873.9
1123580 2854.5
1123590 2854.5
1123600 2834.9
1123610 2818.5
1123620 2818.5
1123630 2808.5
1123640 2801.1
1123650 2801.1
1123660 2792.7
1123670 2783.7
1123680 2783.7
1123690 2774.2
1123700 2763.3
1123710 2763.3
1123720 2753.2
1123730 2741.4
1123740 2741.4
1123750 2734.0
1123760 2727.2
1123770 2720.1
1123780 2720.1
1123790 2713.6
1123800 2707.3
1123810 2707.3
1123820 2700.7
1123830 2694.1
1123840 2694.1
1123850 2687.5
1123860 2681.3
1123870 2681.3
1123880 2675.1
1123890 2668.7
1123900 2668.7
1123910 2662.3
1123920 2654.9
1123930 2654.9
1123940 2648.0
1123950 2642.2
1123960 2639.7
1123970 2639.7
1123980 2639.1
1123990 2637.1
1124000 2637.1
1124010 2635.7
1124020 2635.0
1124030 2635.0
1124040 2633.4
1124050 2630.7
1124060 2630.7
1124070 2627.8
1124080 2626.9
1124090 2626.9
1124100 2625.5
1124110 2624.5
1124120 2624.5
1124130 2622.2
1124140 2618.8
1124150 2615.6
1124160 2615.6
1124170 2611.7
1124180 2607.6
1124190 2607.6
1124200 2603.4
1124210 2599.3
1124220 2599.3
1124230 2595.3
1124240 2591.1
1124250 2591.1
1124260 2585.4
1124270 2576.5
1124280 2576.5
1124290 2567.1
1124300 2559.7
1124310 2559.7
1124320 2551.5
1124330 2544.3
1124340 2538.8
1124350 2538.8
1124360 2533.7
1124370 2526.8
1124380 2526.8
1124390 2520.4
1124400 2510.8
1124410 2510.8
1124420 2506.1
1124430 2508.3
1124440 2508.3
1124450 2504.6
1124460 2503.9
1124470 2503.9
1124480 2499.1
1124490 2494.6
1124500 2494.6
1124510 2490.5
1124520 2481.9
1124530 2478.4
1124540 2478.4
1124550 2475.0
1124560 2470.7
1124570 2470.7
1124580 2465.8
1124590 2459.5
1124600 2459.5
1124610 2453.8
1124620 2453.9
1124630 2453.9
1124640 2451.7
1124650 2446.6
1124660 2446.6
1124670 2437.5
1124680 2426.3
1124690 2426.3
1124700 2417.4
1124710 2407.0
1124720 2390.1
1124730 2390.1
1124740 2380.0
1124750 2372.7
1124760 2372.7
1124770 2365.3
1124780 2362.5
1124790 2362.5
1124800 2356.0
1124810 2351.4
1124820 2351.4
1124830 2346.3
1124840 2340.0
1124850 2340.0
1124860 2334.4
1124870 2330.3
1124880 2330.3
1124890 2325.5
1124900 2321.1
1124910 2315.8
1124920 2315.8
1124930 2310.9
1124940 2306.5
1124950 2306.5
1124960 2301.5
1124970 2295.0
1124980 2295.0
1124990 2288.7
1125000 2282.2
1125010 2282.2
1125020 2276.1
1125030 2272.0
1125040 2272.0
1125050 2266.5
1125060 2262.8
1125070 2262.8
1125080 2260.3
1125090 2256.8
1125100 2254.5
1125110 2254.5
1125120 2250.7
1125130 2251.9
1125140 2251.9
1125150 2249.0
1125160 2247.9
1125170 2247.9
1125180 2247.7
1125190 2246.3
1125200 2246.3
1125210 2245.7
1125220 2244.6
1125230 2244.6
1125240 2242.8
1125250 2242.3
1125260 2242.3
1125270 2244.2
1125280 2247.5
1125290 2249.0
1125300 2249.0
1125310 2251.4
1125320 2255.2
1125330 2255.2
1125340 2259.0
1125350 2262.2
1125360 2262.2
1125370 2264.9
1125380 2268.1
1125390 2268.1
1125400 2271.4
1125410 2274.8
1125420 2274.8
1125430 2278.8
1125440 2283.5
1125450 2283.5
1125460 2288.0
1125470 2292.8
1125480 2298.2
1125490 2298.2
1125500 2303.9
1125510 2310.1
1125520 2310.1
1125530 2314.8
1125540 2320.1
1125550 2320.1
1125560 2323.6
1125570 2325.3
1125580 2325.3
1125590 2326.5
1125600 2330.5
1125610 2330.5
1125620 2336.4
1125630 2343.4
1125640 2343.4
1125650 2349.4
1125660 2354.1
1125670 2357.0
1125680 2357.0
1125690 2359.5
1125700 2363.1
1125710 2363.1
1125720 2367.0
1125730 2371.4
1125740 2371.4
1125750 2375.8
1125760 2380.4
1125770 2380.4
1125780 2385.6
1125790 2390.6
1125800 2390.6
1125810 2397.4
1125820 2404.9
1125830 2401.3
1125840 2408.3
1125850 2413.8
1125860 2420.5
1125870 2420.5
1125880 2425.8
1125890 2430.0
1125900 2430.0
1125910 2434.7
1125920 2439.3
1125930 2439.3
1125940 2444.1
1125950 2448.0
1125960 2448.0
1125970 2449.6
1125980 2453.1
1125990 2453.1
1126000 2457.2
1126010 2461.1
1126020 2461.1
1126030 2463.0
1126040 2465.2
1126050 2467.7
1126060 2467.7
1126070 2469.9
1126080 2472.3
1126090 2472.3
1126100 2475.2
1126110 2477.3
1126120 2477.3
1126130 2482.4
1126140 2486.6
1126150 2486.6
1126160 2490.0
1126170 2491.9
1126180 2487.8
1126190 2490.8
1126200 2492.8
1126210 2492.8
1126220 2497.8
1126230 2503.8
1126240 2508.4
1126250 2508.4
1126260 2513.2
1126270 2519.1
1126280 2519.1
1126290 2525.6
1126300 2531.7
1126310 2531.7
1126320 2538.4
1126330 2549.4
1126340 2549.4
1126350 2553.3
1126360 2555.3
1126370 2555.3
1126380 2557.2
1126390 2560.1
1126400 2560.1
1126410 2563.8
1126420 2567.1
1126430 2569.6
1126440 2569.6
1126450 2571.6
1126460 2573.4
1126470 2573.4
1126480 2576.7
1126490 2578.2
1126500 2578.2
1126510 2579.2
1126520 2581.3
1126530 2581.3
1126540 2578.5
1126550 2578.7
1126560 2578.7
1126570 2578.9
1126580 2579.9
1126590 2579.9
1126600 2579.9
1126610 2580.6
1126620 2582.2
1126630 2582.2
1126640 2583.9
1126650 2586.6
1126660 2586.6
1126670 2591.7
1126680 2597.5
1126690 2597.5
1126700 2600.8
1126710 2604.9
1126720 2604.9
1126730 2606.7
1126740 2609.2
1126750 2609.2
1126760 2611.2
1126770 2612.7
1126780 2612.7
1126790 2614.8
1126800 2616.9
1126810 2616.9
1126820 2618.9
1126830 2620.6
1126840 2623.3
1126850 2623.3
1126860 2625.2
1126870 2626.2
1126880 2626.2
1126890 2632.7
1126900 2637.2
1126910 2637.2
1126920 2641.7
1126930 2644.9
1126940 2644.9
1126950 2646.9
1126960 2648.3
1126970 2648.3
1126980 2650.8
1126990 2657.1
1127000 2657.1
1127010 2663.7
1127020 2670.5
1127030 2677.7
1127040 2677.7
1127050 2685.2
1127060 2696.7
1127070 2696.7
1127080 2713.5
1127090 2724.6
1127100 2724.6
1127110 2733.4
1127120 2743.4
1127130 2743.4
1127140 2756.3
1127150 2770.2
1127160 2770.2
1127170 2778.4
1127180 2784.7
1127190 2784.7
1127200 2789.8
1127210 2794.2
1127220 2799.4
1127230 2799.4
1127240 2803.6
1127250 2808.8
1127260 2808.8
1127270 2813.8
1127280 2819.1
1127290 2819.1
1127300 2824.7
1127310 2830.3
1127320 2830.3
1127330 2836.1
1127340 2842.1
1127350 2842.1
1127360 2846.7
1127370 2849.1
1127380 2849.1
1127390 2846.0
1127400 2839.2
1127410 2835.8
1127420 2835.8
1127430 2833.0
1127440 2827.7
1127450 2827.7
1127460 2816.2
1127470 2806.5
1127480 2806.5
1127490 2800.5
1127500 2795.3
1127510 2795.3
1127520 2792.7
1127530 2791.6
1127540 2791.6
1127550 2792.0
1127560 2791.7
1127570 2791.7
1127580 2788.3
1127590 2784.2
1127600 2788.4
1127610 2788.4
1127620 2787.0
1127630 2786.2
1127640 2786.2
1127650 2785.3
1127660 2784.6
1127670 2784.6
1127680 2784.0
1127690 2783.4
1127700 2783.4
1127710 2782.8
1127720 2782.2
1127730 2782.2
1127740 2781.6
1127750 2781.1
1127760 2781.1
1127770 2780.5
1127780 2780.1
1127790 2779.6
1127800 2779.6
1127810 2779.3
1127820 2779.1
1127830 2779.1
1127840 2779.1
1127850 2779.0
1127860 2779.0
1127870 2779.1
1127880 2779.3
1127890 2779.3
1127900 2779.5
1127910 2779.9
1127920 2779.9
1127930 2780.3
1127940 2780.8
1127950 2783.6
1127960 2784.0
1127970 2784.6
1127980 2785.3
1127990 2785.3
1128000 2786.1
1128010 2787.1
1128020 2787.1
1128030 2788.0
1128040 2788.8
1128050 2788.8
1128060 2789.8
1128070 2791.1
1128080 2791.1
1128090 2792.4
1128100 2793.7
1128110 2793.7
1128120 2795.2
1128130 2796.8
1128140 2796.8
1128150 2798.6
1128160 2800.5
1128170 2802.7
1128180 2802.7
1128190 2804.9
1128200 2807.4
1128210 2807.4
1128220 2809.9
1128230 2812.6
1128240 2812.6
1128250 2815.3
1128260 2818.1
1128270 2818.1
1128280 2820.9
1128290 2823.8
1128300 2823.8
1128310 2829.4
1128320 2832.6
1128330 2832.6
1128340 2836.3
1128350 2839.8
1128360 2842.6
1128370 2842.6
1128380 2845.8
1128390 2849.4
1128400 2849.4
1128410 2853.1
1128420 2857.0
1128430 2857.0
1128440 2860.8
1128450 2864.6
1128460 2864.6
1128470 2868.6
1128480 2872.8
1128490 2872.8
1128500 2877.0
1128510 2881.6
1128520 2881.6
1128530 2886.2
1128540 2890.6
1128550 2895.1
1128560 2895.1
1128570 2899.7
1128580 2904.6
1128590 2904.6
1128600 2909.9
1128610 2915.3
1128620 2915.3
1128630 2921.0
1128640 2926.8
1128650 2926.8
1128660 2935.6
1128670 2941.1
1128680 2941.1
1128690 2949.3
1128700 2955.5
1128710 2955.5
1128720 2960.4
1128730 2965.9
1128740 2971.1
1128750 2971.1
1128760 2976.7
1128770 2980.8
1128780 2980.8
1128790 2985.2
1128800 2989.2
1128810 2989.2
1128820 2992.8
1128830 2995.9
1128840 2995.9
1128850 2998.5
1128860 3000.5
1128870 3000.5
1128880 3002.4
1128890 3004.0
1128900 3004.0
1128910 3005.2
1128920 3006.2
1128930 3007.0
1128940 3007.0
1128950 3007.8
1128960 3009.3
1128970 3009.3
1128980 3007.9
1128990 3010.8
1129000 3010.8
1129010 3017.4
1129020 3020.1
1129030 3020.1
1129040 3015.1
1129050 3000.7
1129060 3000.7
1129070 2985.1
1129080 2971.3
1129090 2971.3
1129100 2961.0
1129110 2958.7
1129120 2953.5
1129130 2953.5
1129140 2934.4
1129150 2917.0
1129160 2917.0
1129170 2912.2
1129180 2907.1
1129190 2907.1
1129200 2904.5
1129210 2903.0
1129220 2903.0
1129230 2911.7
1129240 2904.7
1129250 2904.7
1129260 2892.9
1129270 2888.2
1129280 2888.2
1129290 2892.2
1129300 2893.9
1129310 2874.8
1129320 2874.8
1129330 2857.7
1129340 2844.4
1129350 2844.4
1129360 2841.4
1129370 2831.9
1129380 2831.9
1129390 2828.6
1129400 2824.9
1129410 2824.9
1129420 2822.1
1129430 2819.7
1129440 2819.7
1129450 2817.0
1129460 2814.6
1129470 2814.6
1129480 2813.5
1129490 2812.1
1129500 2809.9
1129510 2809.9
1129520 2807.6
1129530 2805.7
1129540 2805.7
1129550 2804.5
1129560 2803.4
1129570 2803.4
1129580 2803.0
1129590 2802.8
1129600 2802.8
1129610 2802.5
1129620 2801.7
1129630 2801.7
1129640 2800.4
1129650 2798.6
1129660 2798.6
1129670 2797.5
1129680 2796.8
1129690 2796.8
1129700 2796.8
1129710 2797.9
1129720 2800.0
1129730 2796.1
1129740 2798.7
1129750 2802.6
1129760 2802.6
1129770 2806.7
1129780 2809.7
1129790 2809.7
1129800 2812.5
1129810 2814.4
1129820 2814.4
1129830 2816.0
1129840 2816.7
1129850 2816.7
1129860 2816.8
1129870 2818.1
1129880 2820.2
1129890 2820.2
1129900 2823.4
1129910 2825.4
1129920 2825.4
1129930 2825.3
1129940 2826.4
1129950 2826.4
1129960 2826.5
1129970 2825.7
1129980 2825.7
1129990 2824.8
1130000 2822.8
1130010 2822.8
1130020 2818.8
1130030 2814.6
1130040 2814.6
1130050 2812.5
1130060 2811.5
1130070 2810.4
1130080 2809.7
1130090 2806.0
1130100 2800.5
1130110 2800.5
1130120 2793.5
1130130 2785.9
1130140 2785.9
1130150 2780.1
1130160 2776.7
1130170 2776.7
1130180 2774.1
1130190 2771.0
1130200 2771.0
1130210 2766.8
1130220 2765.3
1130230 2765.3
1130240 2763.6
1130250 2757.2
1130260 2750.9
1130270 2750.9
1130280 2745.7
1130290 2741.9
1130300 2741.9
1130310 2740.2
1130320 2739.3
1130330 2739.3
1130340 2737.4
1130350 2736.1
1130360 2736.1
1130370 2736.4
1130380 2737.8
1130390 2737.8
1130400 2741.0
1130410 2738.5
1130420 2738.5
1130430 2736.8
1130440 2727.1
1130450 2725.8
1130460 2725.8
1130470 2727.3
1130480 2726.4
1130490 2726.4
1130500 2726.5
1130510 2726.1
1130520 2726.1
1130530 2726.4
1130540 2726.3
1130550 2726.3
1130560 2721.5
1130570 2718.4
1130580 2718.4
1130590 2714.0
1130600 2710.4
1130610 2710.4
1130620 2704.6
1130630 2696.9
1130640 2691.3
1130650 2691.3
1130660 2682.4
1130670 2671.8
1130680 2671.8
1130690 2658.9
1130700 2649.8
1130710 2649.8
1130720 2644.6
1130730 2637.4
1130740 2637.4
1130750 2629.8
1130760 2623.9
1130770 2623.9
1130780 2618.0
1130790 2609.5
1130800 2604.2
1130810 2597.2
1130820 2584.1
1130830 2572.5
1130840 2572.5
1130850 2564.5
1130860 2557.1
1130870 2557.1
1130880 2550.1
1130890 2544.4
1130900 2544.4
1130910 2541.0
1130920 2539.1
1130930 2539.1
1130940 2532.4
1130950 2524.1
1130960 2524.1
1130970 2515.8
1130980 2506.6
1130990 2506.6
1131000 2498.5
1131010 2491.6
1131020 2484.4
1131030 2484.4
1131040 2478.1
1131050 2471.7
1131060 2471.7
1131070 2466.0
1131080 2460.2
1131090 2460.2
1131100 2454.5
1131110 2449.6
1131120 2449.6
1131130 2446.0
1131140 2442.8
1131150 2442.8
1131160 2435.3
1131170 2432.3
1131180 2432.3
1131190 2429.6
1131200 2427.2
1131210 2424.8
1131220 2424.8
1131230 2423.5
1131240 2422.2
1131250 2422.2
1131260 2420.8
1131270 2419.3
1131280 2419.3
1131290 2417.9
1131300 2417.2
1131310 2417.2
1131320 2416.1
1131330 2415.1
1131340 2415.1
1131350 2414.8
1131360 2413.8
1131370 2413.8
1131380 2413.1
1131390 2412.8
1131400 2411.0
1131410 2411.0
1131420 2409.1
1131430 2408.5
1131440 2408.5
1131450 2408.0
1131460 2408.1
1131470 2408.1
1131480 2408.3
1131490 2407.7
1131500 2407.7
1131510 2407.5
1131520 2407.8
1131530 2407.8
1131540 2409.1
1131550 2411.0
1131560 2411.0
1131570 2413.2
1131580 2413.9
1131590 2414.0
1131600 2414.0
1131610 2414.6
1131620 2414.8
1131630 2414.8
1131640 2414.6
1131650 2413.3
1131660 2413.3
1131670 2411.7
1131680 2409.1
1131690 2409.1
1131700 2405.8
1131710 2402.7
1131720 2402.7
1131730 2399.3
1131740 2397.0
1131750 2397.0
1131760 2395.7
1131770 2393.7
1131780 2391.7
1131790 2391.7
1131800 2391.8
1131810 2393.1
1131820 2393.1
1131830 2394.7
1131840 2395.5
1131850 2395.5
1131860 2396.3
1131870 2398.0
1131880 2398.0
1131890 2401.0
1131900 2405.6
1131910 2405.6
1131920 2409.5
1131930 2413.9
1131940 2413.9
1131950 2419.3
1131960 2425.8
1131970 2425.8
1131980 2431.3
1131990 2439.3
1132000 2449.5
1132010 2449.5
1132020 2459.9
1132030 2470.9
1132040 2470.9
1132050 2478.1
1132060 2476.8
1132070 2476.8
1132080 2474.3
1132090 2472.6
1132100 2472.6
1132110 2470.8
1132120 2469.5
1132130 2469.5
1132140 2470.1
1132150 2471.1
1132160 2471.1
1132170 2470.7
1132180 2471.1
1132190 2471.9
1132200 2471.9
1132210 2470.4
1132220 2470.2
1132230 2471.8
1132240 2472.7
1132250 2475.1
1132260 2475.1
1132270 2475.6
1132280 2474.9
1132290 2474.9
1132300 2475.3
1132310 2476.6
1132320 2476.6
1132330 2477.2
1132340 2477.4
1132350 2477.4
1132360 2478.6
1132370 2481.5
1132380 2484.4
1132390 2484.4
1132400 2486.8
1132410 2488.7
1132420 2488.7
1132430 2491.0
1132440 2494.0
1132450 2494.0
1132460 2496.0
1132470 2496.2
1132480 2496.2
1132490 2496.2
1132500 2497.2
1132510 2497.2
1132520 2497.7
1132530 2496.9
1132540 2496.9
1132550 2496.1
1132560 2494.8
1132570 2495.7
1132580 2495.7
1132590 2498.5
1132600 2498.9
1132610 2498.9
1132620 2498.6
1132630 2499.6
1132640 2499.6
1132650 2500.8
1132660 2501.7
1132670 2501.7
1132680 2502.6
1132690 2503.6
1132700 2503.6
1132710 2505.1
1132720 2507.0
1132730 2507.0
1132740 2509.0
1132750 2511.1
1132760 2512.4
1132770 2512.4
1132780 2514.4
1132790 2517.8
1132800 2517.8
1132810 2520.3
1132820 2523.0
1132830 2523.0
1132840 2525.7
1132850 2528.6
1132860 2528.6
1132870 2531.3
1132880 2532.7
1132890 2532.7
1132900 2534.4
1132910 2536.6
1132920 2536.6
1132930 2538.2
1132940 2540.3
1132950 2543.3
1132960 2543.3
1132970 2545.5
1132980 2547.5
1132990 2547.5
1133000 2549.6
1133010 2551.8
1133020 2551.8
1133030 2553.8
1133040 2555.8
1133050 2555.8
1133060 2557.9
1133070 2560.1
1133080 2560.1
1133090 2562.9
1133100 2565.2
1133110 2565.2
1133120 2567.5
1133130 2570.5
1133140 2575.0
1133150 2575.0
1133160 2579.7
1133170 2583.8
1133180 2583.8
1133190 2588.9
1133200 2593.8
1133210 2593.8
1133220 2598.3
1133230 2602.3
1133240 2602.3
1133250 2604.6
1133260 2605.8
1133270 2605.8
1133280 2606.3
1133290 2607.6
1133300 2607.6
1133310 2611.8
1133320 2615.8
1133330 2622.9
1133340 2622.9
1133350 2630.7
1133360 2639.1
1133370 2639.1
1133380 2647.8
1133390 2654.2
1133400 2654.2
1133410 2658.5
1133420 2661.6
1133430 2661.6
1133440 2664.8
1133450 2668.8
1133460 2668.8
1133470 2673.4
1133480 2678.2
1133490 2678.2
1133500 2683.2
1133510 2688.2
1133520 2693.4
1133530 2693.4
1133540 2698.7
1133550 2704.1
1133560 2704.1
1133570 2709.6
1133580 2715.2
1133590 2715.2
1133600 2720.8
1133610 2726.7
1133620 2726.7
1133630 2732.5
1133640 2738.4
1133650 2738.4
1133660 2746.0
1133670 2754.2
1133680 2754.2
1133690 2760.2
1133700 2766.5
1133710 2773.2
1133720 2773.2
1133730 2780.1
1133740 2787.2
1133750 2787.2
1133760 2794.4
1133770 2802.0
1133780 2802.0
1133790 2809.8
1133800 2817.4
1133810 2817.4
1133820 2825.4
1133830 2834.5
1133840 2834.5
1133850 2842.8
1133860 2850.9
1133870 2850.9
1133880 2859.4
1133890 2868.7
1133900 2877.3
1133910 2877.3
1133920 2884.0
1133930 2890.9
1133940 2890.9
1133950 2898.9
1133960 2906.9
1133970 2906.9
1133980 2914.5
1133990 2922.2
1134000 2922.2
1134010 2932.4
1134020 2947.7
1134030 2946.9
1134040 2966.7
1134050 2980.2
1134060 2980.2
1134070 2989.2
1134080 2995.5
1134090 3002.0
1134100 3002.0
1134110 3006.8
1134120 3012.0
1134130 3012.0
1134140 3020.0
1134150 3026.4
1134160 3026.4
1134170 3039.9
1134180 3064.5
1134190 3064.5
1134200 3079.9
1134210 3076.0
1134220 3076.0
1134230 3067.8
1134240 3055.1
1134250 3055.1
1134260 3045.1
1134270 3046.9
1134280 3046.8
1134290 3046.8
1134300 3037.7
1134310 3030.6
1134320 3030.6
1134330 3025.1
1134340 3019.3
1134350 3019.3
1134360 3016.0
1134370 3013.9
1134380 3013.9
1134390 3017.0
1134400 3013.6
1134410 3013.6
1134420 3010.1
1134430 3006.3
1134440 3006.3
1134450 3002.1
1134460 2997.1
1134470 2991.3
1134480 2991.3
1134490 2985.3
1134500 2979.5
1134510 2979.5
1134520 2971.4
1134530 2964.2
1134540 2964.2
1134550 2956.9
1134560 2951.1
1134570 2951.1
1134580 2943.9
1134590 2932.9
1134600 2932.9
1134610 2920.3
1134620 2912.2
1134630 2912.2
1134640 2907.4
1134650 2902.0
1134660 2897.1
1134670 2897.1
1134680 2893.0
1134690 2889.9
1134700 2889.9
1134710 2886.5
1134720 2881.0
1134730 2881.0
1134740 2872.3
1134750 2866.9
1134760 2866.9
1134770 2858.1
1134780 2848.8
1134790 2848.8
1134800 2837.2
1134810 2825.4
1134820 2825.4
1134830 2817.0
1134840 2811.1
1134850 2804.8
1134860 2804.8
1134870 2800.4
1134880 2797.0
1134890 2797.0
1134900 2793.0
1134910 2789.6
1134920 2789.6
1134930 2786.1
1134940 2782.6
1134950 2782.6
1134960 2778.7
1134970 2774.9
1134980 2774.9
1134990 2771.8
1135000 2769.1
1135010 2769.1
1135020 2766.9
1135030 2765.2
1135040 2763.7
1135050 2763.7
1135060 2762.1
1135070 2760.0
1135080 2760.0
1135090 2757.6
1135100 2754.9
1135110 2757.6
1135120 2754.7
1135130 2751.7
1135140 2751.7
1135150 2748.6
1135160 2745.4
1135170 2745.4
1135180 2742.2
1135190 2739.1
1135200 2739.1
1135210 2736.3
1135220 2733.2
1135230 2730.0
1135240 2730.0
1135250 2726.5
1135260 2723.0
1135270 2723.0
1135280 2719.5
1135290 2716.1
1135300 2716.1
1135310 2712.7
1135320 2709.7
1135330 2709.7
1135340 2707.3
1135350 2705.0
1135360 2705.0
1135370 2703.3
1135380 2701.5
1135390 2701.5
1135400 2699.5
1135410 2697.7
1135420 2696.1
1135430 2696.1
1135440 2694.4
1135450 2692.9
1135460 2692.9
1135470 2694.0
1135480 2693.7
1135490 2693.7
1135500 2693.8
1135510 2694.0
1135520 2694.0
1135530 2694.5
1135540 2695.1
1135550 2695.1
1135560 2695.7
1135570 2695.9
1135580 2695.9
1135590 2695.5
1135600 2694.4
1135610 2693.1
1135620 2693.1
1135630 2691.7
1135640 2690.5
1135650 2690.5
1135660 2689.5
1135670 2688.8
1135680 2688.8
1135690 2688.3
1135700 2688.1
1135710 2688.1
1135720 2687.7
1135730 2688.2
1135740 2688.2
1135750 2688.1
1135760 2687.1
1135770 2687.1
1135780 2685.5
1135790 2683.2
1135800 2680.2
1135810 2680.2
1135820 2680.2
1135830 2690.4
1135840 2690.4
1135850 2693.3
1135860 2694.7
1135870 2694.7
1135880 2694.5
1135890 2694.0
1135900 2694.0
1135910 2695.1
1135920 2694.5
1135930 2694.5
1135940 2694.2
1135950 2695.2
1135960 2695.2
1135970 2695.0
1135980 2695.5
1135990 2693.7
1136000 2693.7
1136010 2692.1
1136020 2694.2
1136030 2694.2
1136040 2694.6
1136050 2691.4
1136060 2691.4
1136070 2690.1
1136080 2688.3
1136090 2688.3
1136100 2685.0
1136110 2682.9
1136120 2682.9
1136130 2680.7
1136140 2678.8
1136150 2678.8
1136160 2677.1
1136170 2675.8
1136180 2673.5
1136190 2673.5
1136200 2681.3
1136210 2679.1
1136220 2679.1
1136230 2677.4
1136240 2675.9
1136250 2675.9
1136260 2674.5
1136270 2671.5
1136280 2671.5
1136290 2668.4
1136300 2664.8
1136310 2664.8
1136320 2660.7
1136330 2658.3
1136340 2658.3
1136350 2657.4
1136360 2656.8
1136370 2656.2
1136380 2656.2
1136390 2656.7
1136400 2656.0
1136410 2656.0
1136420 2656.2
1136430 2656.6
1136440 2656.6
1136450 2657.7
1136460 2658.5
1136470 2658.5
1136480 2659.6
1136490 2661.0
1136500 2661.0
1136510 2663.0
1136520 2664.5
1136530 2664.5
1136540 2663.9
1136550 2662.1
1136560 2663.9
1136570 2663.9
1136580 2664.3
1136590 2664.7
1136600 2664.7
1136610 2665.5
1136620 2667.5
1136630 2667.5
1136640 2669.6
1136650 2671.3
1136660 2671.3
1136670 2672.2
1136680 2672.8
1136690 2672.8
1136700 2672.4
1136710 2670.8
1136720 2670.8
1136730 2668.6
1136740 2666.3
1136750 2663.5
1136760 2663.5
1136770 2660.8
1136780 2658.4
1136790 2658.4
1136800 2655.6
1136810 2652.7
1136820 2652.7
1136830 2650.3
1136840 2648.6
1136850 2648.6
1136860 2648.4
1136870 2648.0
1136880 2648.0
1136890 2649.1
1136900 2650.5
1136910 2650.5
1136920 2655.3
1136930 2656.3
1136940 2656.6
1136950 2656.6
1136960 2655.2
1136970 2652.6
1136980 2652.6
1136990 2651.8
1137000 2652.8
1137010 2652.8
1137020 2655.8
1137030 2659.9
1137040 2659.9
1137050 2662.5
1137060 2663.8
1137070 2663.8
1137080 2665.6
1137090 2667.6
1137100 2667.6
1137110 2670.1
1137120 2672.3
1137130 2673.5
1137140 2673.5
1137150 2675.2
1137160 2677.2
1137170 2677.2
1137180 2679.4
1137190 2681.9
1137200 2681.9
1137210 2684.3
1137220 2688.1
1137230 2688.1
1137240 2691.9
1137250 2694.9
1137260 2694.9
1137270 2698.7
1137280 2702.9
1137290 2702.3
1137300 2706.2
1137310 2709.4
1137320 2712.5
1137330 2712.5
1137340 2715.8
1137350 2719.1
1137360 2719.1
1137370 2723.2
1137380 2726.6
1137390 2726.6
1137400 2729.2
1137410 2731.7
1137420 2731.7
1137430 2733.8
1137440 2734.6
1137450 2734.6
1137460 2733.7
1137470 2732.4
1137480 2732.4
1137490 2732.7
1137500 2733.5
1137510 2734.4
1137520 2734.4
1137530 2737.8
1137540 2741.5
1137550 2741.5
1137560 2745.0
1137570 2748.9
1137580 2748.9
1137590 2751.0
1137600 2752.7
1137610 2752.7
1137620 2754.9
1137630 2757.7
1137640 2757.7
1137650 2760.7
1137660 2762.4
1137670 2762.4
1137680 2763.8
1137690 2765.1
1137700 2765.6
1137710 2765.6
1137720 2765.3
1137730 2765.4
1137740 2765.4
1137750 2767.1
1137760 2768.7
1137770 2768.7
1137780 2768.8
1137790 2766.7
1137800 2766.7
1137810 2763.6
1137820 2760.9
1137830 2760.9
1137840 2760.2
1137850 2759.2
1137860 2759.2
1137870 2756.9
1137880 2755.2
1137890 2754.0
1137900 2754.0
1137910 2752.4
1137920 2751.5
1137930 2751.5
1137940 2752.8
1137950 2754.6
1137960 2754.6
1137970 2759.1
1137980 2763.3
1137990 2763.3
1138000 2766.8
1138010 2769.8
1138020 2770.7
1138030 2772.4
1138040 2773.3
1138050 2773.3
1138060 2774.7
1138070 2777.0
1138080 2780.4
1138090 2780.4
1138100 2783.5
1138110 2787.0
1138120 2787.0
1138130 2790.2
1138140 2792.5
1138150 2792.5
1138160 2794.7
1138170 2797.2
1138180 2797.2
1138190 2800.6
1138200 2805.0
1138210 2805.0
1138220 2807.8
1138230 2806.8
1138240 2806.8
1138250 2804.2
1138260 2803.7
1138270 2803.7
1138280 2804.5
1138290 2805.6
1138300 2806.0
1138310 2806.0
1138320 2805.1
1138330 2803.9
1138340 2803.9
1138350 2802.7
1138360 2802.8
1138370 2802.8
1138380 2806.7
1138390 2807.7
1138400 2807.7
1138410 2808.9
1138420 2810.7
1138430 2810.7
1138440 2813.0
1138450 2815.8
1138460 2815.8
1138470 2818.7
1138480 2820.2
1138490 2823.0
1138500 2823.0
1138510 2828.6
1138520 2836.3
1138530 2836.3
1138540 2844.5
1138550 2852.1
1138560 2852.1
1138570 2859.4
1138580 2865.5
1138590 2865.5
1138600 2871.2
1138610 2877.5
1138620 2877.5
1138630 2883.4
1138640 2889.3
1138650 2889.3
1138660 2896.1
1138670 2903.8
1138680 2911.3
1138690 2911.3
1138700 2918.3
1138710 2925.5
1138720 2925.5
1138730 2934.1
1138740 2943.6
1138750 2941.3
1138760 2951.2
1138770 2959.8
1138780 2959.8
1138790 2966.3
1138800 2971.0
1138810 2971.0
1138820 2975.4
1138830 2979.4
1138840 2979.4
1138850 2983.5
1138860 2987.1
1138870 2991.3
1138880 2991.3
1138890 2995.7
1138900 3000.1
1138910 3000.1
1138920 3004.5
1138930 3007.8
1138940 3007.8
1138950 3010.2
1138960 3011.3
1138970 3011.3
1138980 3010.2
1138990 3009.0
1139000 3009.0
1139010 3007.8
1139020 2998.3
1139030 2998.3
1139040 2987.7
1139050 2979.3
1139060 2971.1
1139070 2971.1
1139080 2963.0
1139090 2956.2
1139100 2956.2
1139110 2947.1
1139120 2945.1
1139130 2945.1
1139140 2941.9
1139150 2937.9
1139160 2937.9
1139170 2934.5
1139180 2931.5
1139190 2931.5
1139200 2928.6
1139210 2926.0
1139220 2926.0
1139230 2924.4
1139240 2924.4
1139250 2924.4
1139260 2924.4
1139270 2924.4
1139280 2924.9
1139290 2924.9
1139300 2926.3
1139310 2929.1
1139320 2929.1
1139330 2932.3
1139340 2936.2
1139350 2936.2
1139360 2940.5
1139370 2945.0
1139380 2945.0
1139390 2949.7
1139400 2954.7
1139410 2954.7
1139420 2959.6
1139430 2964.0
1139440 2967.8
1139450 2967.8
1139460 2971.5
1139470 2975.0
1139480 2974.9
1139490 2978.8
1139500 2983.0
1139510 2983.0
1139520 2986.7
1139530 2988.3
1139540 2988.3
1139550 2989.7
1139560 2991.0
1139570 2991.0
1139580 2990.8
1139590 2990.5
1139600 2990.5
1139610 2990.5
1139620 2990.9
1139630 2990.1
1139640 2990.1
1139650 2989.3
1139660 2988.6
1139670 2988.6
1139680 2987.3
1139690 2985.2
1139700 2985.2
1139710 2982.2
1139720 2978.1
1139730 2978.1
1139740 2974.9
1139750 2972.2
1139760 2972.2
1139770 2970.2
1139780 2970.3
1139790 2970.3
1139800 2973.6
1139810 2977.4
1139820 2981.2
1139830 2981.2
1139840 2976.8
1139850 2980.2
1139860 2980.2
1139870 2983.7
1139880 2986.1
1139890 2986.1
1139900 2987.6
1139910 2988.4
1139920 2988.4
1139930 2988.7
1139940 2988.5
1139950 2988.5
1139960 2987.2
1139970 2985.7
1139980 2985.7
1139990 2984.6
