1120000 2408.1
1120010 2407.3
1120020 2407.3
1120030 2406.8
1120040 2405.8
1120050 2405.8
1120060 2405.8
1120070 2405.1
1120080 2403.9
1120090 2403.9
1120100 2401.9
1120110 2402.3
1120120 2402.3
1120130 2403.7
1120140 2405.5
1120150 2405.5
1120160 2406.7
1120170 2408.2
1120180 2408.2
1120190 2409.4
1120200 2411.0
1120210 2411.0
1120220 2412.4
1120230 2413.4
1120240 2413.4
1120250 2417.4
1120260 2422.0
1120270 2427.5
1120280 2427.5
1120290 2431.9
1120300 2433.6
1120310 2433.6
1120320 2431.2
1120330 2431.1
1120340 2431.1
1120350 2433.6
1120360 2437.1
1120370 2437.1
1120380 2440.7
1120390 2444.7
1120400 2444.7
1120410 2449.0
1120420 2453.2
1120430 2453.2
1120440 2457.1
1120450 2460.9
1120460 2464.7
1120470 2464.7
1120480 2468.4
1120490 2472.0
1120500 2472.0
1120510 2475.6
1120520 2478.9
1120530 2478.9
1120540 2481.7
1120550 2485.1
1120560 2485.1
1120570 2488.7
1120580 2492.2
1120590 2492.2
1120600 2496.1
1120610 2499.9
1120620 2502.6
1120630 2506.1
1120640 2510.1
1120650 2514.5
1120660 2514.5
1120670 2518.2
1120680 2521.8
1120690 2521.8
1120700 2526.3
1120710 2530.2
1120720 2530.2
1120730 2533.8
1120740 2538.1
1120750 2538.1
1120760 2542.9
1120770 2548.4
1120780 2548.4
1120790 2554.2
1120800 2559.6
1120810 2559.6
1120820 2565.1
1120830 2569.5
1120840 2574.7
1120850 2574.7
1120860 2580.7
1120870 2586.9
1120880 2586.9
1120890 2592.7
1120900 2599.3
1120910 2599.3
1120920 2606.2
1120930 2612.8
1120940 2612.8
1120950 2618.5
1120960 2624.6
1120970 2625.5
1120980 2631.2
1120990 2636.7
1121000 2636.7
1121010 2642.2
1121020 2647.6
1121030 2652.1
1121040 2652.1
1121050 2656.4
1121060 2660.5
1121070 2660.5
1121080 2664.2
1121090 2667.0
1121100 2667.0
1121110 2669.6
1121120 2672.6
1121130 2672.6
1121140 2675.1
1121150 2676.8
1121160 2676.8
1121170 2677.6
1121180 2679.6
1121190 2679.6
1121200 2684.6
1121210 2691.3
1121220 2698.4
1121230 2698.4
1121240 2705.6
1121250 2712.5
1121260 2712.5
1121270 2721.6
1121280 2741.0
1121290 2741.0
1121300 2774.6
1121310 2789.9
1121320 2781.7
1121330 2797.7
1121340 2808.6
1121350 2808.6
1121360 2833.0
1121370 2853.6
1121380 2853.6
1121390 2867.9
1121400 2875.3
1121410 2881.7
1121420 2881.7
1121430 2888.3
1121440 2891.0
1121450 2891.0
1121460 2890.3
1121470 2883.1
1121480 2883.1
1121490 2878.2
1121500 2882.6
1121510 2882.6
1121520 2887.8
1121530 2892.0
1121540 2892.0
1121550 2894.3
1121560 2902.1
1121570 2902.1
1121580 2912.9
1121590 2915.2
1121600 2918.0
1121610 2918.0
1121620 2920.9
1121630 2923.0
1121640 2923.0
1121650 2926.1
1121660 2923.6
1121670 2923.6
1121680 2928.0
1121690 2933.2
1121700 2933.2
1121710 2938.4
1121720 2943.5
1121730 2943.5
1121740 2948.9
1121750 2954.4
1121760 2954.4
1121770 2960.4
1121780 2967.3
1121790 2974.4
1121800 2974.4
1121810 2981.5
1121820 2987.2
1121830 2987.2
1121840 2985.0
1121850 2982.6
1121860 2982.6
1121870 2984.0
1121880 2988.1
1121890 2988.1
1121900 2986.1
1121910 2983.0
1121920 2983.0
1121930 2986.9
1121940 2993.5
1121950 2993.5
1121960 2997.5
1121970 2991.2
1121980 2995.5
1121990 2995.5
1122000 3005.3
1122010 3000.8
1122020 3000.8
1122030 3006.9
1122040 3014.4
1122050 3014.4
1122060 3018.0
1122070 3023.9
1122080 3023.9
1122090 3029.8
1122100 3034.0
1122110 3034.0
1122120 3039.2
1122130 3047.9
1122140 3047.9
1122150 3059.1
1122160 3072.2
1122170 3081.1
1122180 3081.1
1122190 3075.9
1122200 3050.7
1122210 3050.7
1122220 3029.5
1122230 3007.5
1122240 3007.5
1122250 2998.3
1122260 2992.3
1122270 2992.3
1122280 2987.3
1122290 2982.2
1122300 2982.2
1122310 2977.0
1122320 2970.4
1122330 2970.4
1122340 2964.6
1122350 2960.1
1122360 2957.9
1122370 2957.9
1122380 2953.8
1122390 2950.2
1122400 2950.2
1122410 2947.5
1122420 2946.5
1122430 2946.5
1122440 2945.8
1122450 2941.1
1122460 2941.1
1122470 2932.0
1122480 2917.2
1122490 2917.2
1122500 2903.3
1122510 2895.5
1122520 2895.5
1122530 2885.7
1122540 2856.9
1122550 2826.0
1122560 2826.0
1122570 2817.7
1122580 2814.3
1122590 2814.3
1122600 2811.4
1122610 2808.5
1122620 2808.5
1122630 2805.8
1122640 2803.3
1122650 2803.3
1122660 2801.0
1122670 2798.9
1122680 2798.9
1122690 2796.9
1122700 2795.7
1122710 2798.0
1122720 2796.4
1122730 2795.1
1122740 2794.3
1122750 2794.3
1122760 2793.8
1122770 2793.3
1122780 2793.3
1122790 2792.9
1122800 2792.6
1122810 2792.6
1122820 2792.5
1122830 2792.3
1122840 2792.3
1122850 2792.3
1122860 2792.1
1122870 2792.1
1122880 2792.0
1122890 2792.0
1122900 2792.0
1122910 2791.9
1122920 2791.8
1122930 2791.8
1122940 2791.6
1122950 2791.2
1122960 2790.8
1122970 2790.8
1122980 2790.2
1122990 2789.6
1123000 2789.6
1123010 2789.1
1123020 2788.4
1123030 2788.4
1123040 2787.8
1123050 2787.3
1123060 2787.2
1123070 2786.7
1123080 2786.6
1123090 2786.6
1123100 2786.4
1123110 2786.0
1123120 2786.0
1123130 2785.6
1123140 2784.9
1123150 2783.8
1123160 2783.8
1123170 2782.0
1123180 2779.5
1123190 2779.5
1123200 2776.5
1123210 2773.7
1123220 2773.7
1123230 2770.2
1123240 2766.4
1123250 2766.4
1123260 2762.2
1123270 2758.1
1123280 2758.1
1123290 2754.0
1123300 2749.8
1123310 2749.8
1123320 2745.4
1123330 2744.8
1123340 2745.6
1123350 2745.6
1123360 2745.3
1123370 2739.9
1123380 2739.9
1123390 2721.6
1123400 2709.4
1123410 2721.8
1123420 2714.6
1123430 2706.1
1123440 2706.1
1123450 2700.1
1123460 2695.7
1123470 2695.7
1123480 2692.2
1123490 2690.2
1123500 2690.2
1123510 2689.1
1123520 2689.8
1123530 2689.7
1123540 2689.7
1123550 2687.7
1123560 2685.8
1123570 2685.8
1123580 2684.9
1123590 2682.8
1123600 2682.8
1123610 2680.7
1123620 2680.2
1123630 2680.2
1123640 2678.9
1123650 2678.7
1123660 2678.7
1123670 2681.7
1123680 2685.2
1123690 2685.2
1123700 2688.8
1123710 2693.0
1123720 2700.2
1123730 2700.2
1123740 2706.5
1123750 2708.4
1123760 2712.0
1123770 2715.4
1123780 2721.7
1123790 2721.7
1123800 2725.9
1123810 2724.2
1123820 2724.2
1123830 2717.8
1123840 2709.2
1123850 2709.2
1123860 2696.0
1123870 2680.0
1123880 2680.0
1123890 2652.2
1123900 2643.5
1123910 2628.6
1123920 2628.6
1123930 2605.8
1123940 2595.4
1123950 2595.4
1123960 2575.2
1123970 2570.7
1123980 2570.7
1123990 2565.0
1124000 2559.5
1124010 2559.5
1124020 2558.5
1124030 2559.0
1124040 2559.0
1124050 2558.7
1124060 2559.1
1124070 2559.1
1124080 2558.5
1124090 2555.4
1124100 2551.4
1124110 2555.2
1124120 2549.7
1124130 2543.5
1124140 2543.5
1124150 2531.6
1124160 2519.4
1124170 2519.4
1124180 2513.5
1124190 2501.5
1124200 2501.5
1124210 2490.0
1124220 2477.5
1124230 2477.5
1124240 2470.1
1124250 2462.4
1124260 2462.4
1124270 2454.3
1124280 2447.5
1124290 2441.3
1124300 2441.3
1124310 2435.6
1124320 2429.3
1124330 2429.3
1124340 2424.2
1124350 2420.6
1124360 2420.6
1124370 2419.2
1124380 2417.4
1124390 2417.4
1124400 2415.8
1124410 2413.5
1124420 2413.5
1124430 2409.8
1124440 2405.7
1124450 2405.7
1124460 2403.1
1124470 2395.9
1124480 2390.2
1124490 2390.2
1124500 2384.2
1124510 2377.0
1124520 2377.0
1124530 2367.8
1124540 2361.0
1124550 2361.0
1124560 2353.8
1124570 2345.1
1124580 2345.1
1124590 2336.3
1124600 2323.7
1124610 2323.7
1124620 2315.2
1124630 2310.1
1124640 2310.1
1124650 2305.4
1124660 2299.4
1124670 2292.3
1124680 2292.3
1124690 2285.2
1124700 2279.0
1124710 2279.0
1124720 2274.3
1124730 2268.9
1124740 2268.9
1124750 2265.1
1124760 2260.2
1124770 2260.2
1124780 2255.9
1124790 2251.8
1124800 2251.8
1124810 2251.8
1124820 2249.0
1124830 2249.0
1124840 2245.5
1124850 2242.9
1124860 2239.8
1124870 2239.8
1124880 2237.4
1124890 2236.1
1124900 2236.1
1124910 2232.6
1124920 2229.5
1124930 2229.5
1124940 2226.7
1124950 2225.2
1124960 2225.2
1124970 2223.5
1124980 2221.1
1124990 2221.1
1125000 2220.0
1125010 2218.2
1125020 2218.2
1125030 2216.4
1125040 2214.5
1125050 2213.2
1125060 2213.2
1125070 2212.2
1125080 2210.5
1125090 2210.5
1125100 2208.6
1125110 2207.0
1125120 2207.0
1125130 2205.3
1125140 2204.8
1125150 2204.8
1125160 2205.1
1125170 2205.8
1125180 2205.8
1125190 2208.0
1125200 2209.3
1125210 2209.3
1125220 2212.1
1125230 2212.1
1125240 2212.7
1125250 2212.7
1125260 2215.6
1125270 2221.1
1125280 2221.1
1125290 2227.3
1125300 2234.3
1125310 2234.3
1125320 2241.5
1125330 2249.0
1125340 2249.0
1125350 2255.5
1125360 2261.6
1125370 2261.6
1125380 2268.2
1125390 2276.2
1125400 2276.2
1125410 2282.4
1125420 2289.2
1125430 2296.9
1125440 2296.9
1125450 2304.6
1125460 2310.8
1125470 2310.8
1125480 2317.3
1125490 2323.7
1125500 2323.7
1125510 2329.0
1125520 2334.8
1125530 2334.8
1125540 2339.8
1125550 2344.8
1125560 2344.8
1125570 2348.7
1125580 2352.7
1125590 2352.7
1125600 2361.2
1125610 2366.5
1125620 2371.1
1125630 2371.1
1125640 2376.7
1125650 2381.7
1125660 2381.7
1125670 2387.0
1125680 2394.2
1125690 2394.2
1125700 2404.0
1125710 2411.3
1125720 2411.3
1125730 2416.4
1125740 2422.1
1125750 2422.1
1125760 2427.0
1125770 2432.0
1125780 2432.0
1125790 2438.8
1125800 2444.7
1125810 2450.8
1125820 2450.8
1125830 2454.9
1125840 2459.0
1125850 2459.0
1125860 2463.3
1125870 2467.1
1125880 2467.1
1125890 2471.0
1125900 2474.8
1125910 2474.8
1125920 2477.8
1125930 2480.4
1125940 2480.4
1125950 2482.9
1125960 2487.0
1125970 2487.0
1125980 2491.1
1125990 2495.6
1126000 2498.6
1126010 2498.6
1126020 2505.2
1126030 2513.2
1126040 2513.2
1126050 2515.7
1126060 2517.8
1126070 2517.8
1126080 2520.3
1126090 2521.9
1126100 2521.9
1126110 2522.5
1126120 2524.0
1126130 2524.0
1126140 2526.8
1126150 2532.4
1126160 2532.4
1126170 2537.6
1126180 2542.6
1126190 2542.6
1126200 2548.1
1126210 2552.4
1126220 2554.5
1126230 2554.5
1126240 2554.8
1126250 2554.7
1126260 2554.7
1126270 2555.1
1126280 2556.0
1126290 2556.0
1126300 2557.2
1126310 2558.3
1126320 2558.3
1126330 2559.5
1126340 2560.8
1126350 2560.8
1126360 2562.1
1126370 2563.2
1126380 2563.2
1126390 2564.4
1126400 2565.2
1126410 2565.2
1126420 2565.2
1126430 2564.5
1126440 2563.7
1126450 2563.7
1126460 2562.6
1126470 2561.6
1126480 2561.6
1126490 2561.3
1126500 2561.3
1126510 2561.3
1126520 2561.4
1126530 2561.5
1126540 2561.5
1126550 2561.5
1126560 2561.5
1126570 2561.3
1126580 2561.3
1126590 2561.3
1126600 2561.2
1126610 2561.2
1126620 2561.9
1126630 2565.2
1126640 2565.2
1126650 2569.5
1126660 2574.4
1126670 2574.4
1126680 2580.1
1126690 2586.1
1126700 2586.1
1126710 2591.6
1126720 2597.2
1126730 2597.2
1126740 2604.3
1126750 2609.4
1126760 2609.4
1126770 2613.0
1126780 2616.0
1126790 2619.2
1126800 2619.2
1126810 2623.0
1126820 2627.1
1126830 2627.1
1126840 2632.3
1126850 2636.6
1126860 2636.6
1126870 2642.1
1126880 2648.5
1126890 2648.5
1126900 2655.5
1126910 2661.0
1126920 2661.0
1126930 2663.1
1126940 2664.5
1126950 2664.5
1126960 2668.2
1126970 2672.7
1126980 2675.8
1126990 2675.8
1127000 2677.5
1127010 2678.0
1127020 2678.0
1127030 2677.3
1127040 2676.1
1127050 2676.1
1127060 2674.6
1127070 2673.0
1127080 2673.0
1127090 2671.3
1127100 2670.5
1127110 2670.5
1127120 2670.0
1127130 2671.0
1127140 2671.0
1127150 2673.1
1127160 2675.6
1127170 2677.8
1127180 2677.8
1127190 2679.7
1127200 2680.8
1127210 2680.8
1127220 2681.4
1127230 2681.2
1127240 2681.2
1127250 2680.6
1127260 2680.8
1127270 2680.8
1127280 2680.3
1127290 2681.8
1127300 2681.8
1127310 2683.4
1127320 2684.6
1127330 2684.6
1127340 2685.1
1127350 2684.4
1127360 2682.8
1127370 2682.8
1127380 2680.8
1127390 2678.5
1127400 2678.5
1127410 2676.9
1127420 2675.9
1127430 2675.9
1127440 2676.0
1127450 2677.6
1127460 2677.6
1127470 2679.7
1127480 2681.1
1127490 2681.1
1127500 2682.5
1127510 2683.4
1127520 2683.4
1127530 2683.9
1127540 2684.3
1127550 2686.0
1127560 2686.0
1127570 2686.6
1127580 2687.1
1127590 2687.1
1127600 2687.1
1127610 2687.9
1127620 2687.9
1127630 2687.7
1127640 2689.2
1127650 2689.2
1127660 2691.6
1127670 2693.9
1127680 2693.9
1127690 2696.0
1127700 2698.1
1127710 2698.1
1127720 2699.3
1127730 2699.9
1127740 2700.2
1127750 2700.2
1127760 2700.8
1127770 2701.9
1127780 2701.9
1127790 2704.4
1127800 2708.2
1127810 2708.2
1127820 2712.5
1127830 2716.1
1127840 2716.1
1127850 2719.3
1127860 2722.1
1127870 2722.1
1127880 2724.1
1127890 2726.1
1127900 2726.1
1127910 2729.0
1127920 2732.6
1127930 2737.4
1127940 2737.4
1127950 2742.0
1127960 2746.7
1127970 2746.7
1127980 2752.8
1127990 2757.7
1128000 2757.7
1128010 2763.5
1128020 2770.0
1128030 2770.0
1128040 2775.9
1128050 2781.5
1128060 2781.5
1128070 2787.1
1128080 2791.4
1128090 2791.4
1128100 2794.2
1128110 2796.7
1128120 2798.1
1128130 2798.1
1128140 2797.9
1128150 2798.7
1128160 2798.7
1128170 2802.3
1128180 2803.9
1128190 2803.9
1128200 2803.8
1128210 2805.8
1128220 2805.8
1128230 2809.4
1128240 2812.1
1128250 2812.1
1128260 2814.0
1128270 2815.0
1128280 2815.0
1128290 2815.0
1128300 2815.8
1128310 2815.4
1128320 2815.4
1128330 2810.9
1128340 2808.2
1128350 2808.2
1128360 2806.8
1128370 2804.4
1128380 2804.4
1128390 2803.4
1128400 2805.0
1128410 2805.0
1128420 2807.7
1128430 2811.3
1128440 2811.3
1128450 2815.3
1128460 2819.6
1128470 2819.6
1128480 2824.1
1128490 2828.9
1128500 2834.0
1128510 2834.0
1128520 2839.2
1128530 2844.5
1128540 2844.5
1128550 2849.8
1128560 2855.2
1128570 2855.2
1128580 2860.4
1128590 2865.3
1128600 2865.3
1128610 2869.1
1128620 2874.6
1128630 2874.6
1128640 2881.1
1128650 2890.1
1128660 2890.1
1128670 2904.0
1128680 2916.0
1128690 2924.0
1128700 2920.0
1128710 2925.8
1128720 2931.8
1128730 2931.8
1128740 2938.9
1128750 2949.8
1128760 2949.8
1128770 2957.8
1128780 2965.2
1128790 2965.2
1128800 2972.6
1128810 2980.1
1128820 2980.1
1128830 2988.0
1128840 2997.0
1128850 2997.0
1128860 3005.2
1128870 3013.7
1128880 3024.9
1128890 3024.9
1128900 3031.1
1128910 3026.5
1128920 3026.5
1128930 3014.2
1128940 2997.1
1128950 2997.1
1128960 2989.4
1128970 2975.7
1128980 2975.7
1128990 2968.8
1129000 2963.5
1129010 2963.5
1129020 2958.6
1129030 2953.9
1129040 2953.9
1129050 2951.6
1129060 2947.5
1129070 2944.0
1129080 2944.0
1129090 2940.9
1129100 2938.1
1129110 2938.1
1129120 2935.5
1129130 2933.0
1129140 2933.0
1129150 2930.6
1129160 2928.4
1129170 2928.4
1129180 2926.1
1129190 2922.9
1129200 2922.9
1129210 2921.4
1129220 2918.9
1129230 2918.9
1129240 2917.1
1129250 2916.2
1129260 2914.3
1129270 2914.3
1129280 2913.0
1129290 2910.7
1129300 2910.7
1129310 2908.6
1129320 2906.2
1129330 2906.2
1129340 2903.5
1129350 2900.8
1129360 2900.8
1129370 2896.7
1129380 2894.5
1129390 2894.5
1129400 2892.5
1129410 2890.4
1129420 2890.4
1129430 2888.1
1129440 2884.1
1129450 2882.2
1129460 2882.2
1129470 2883.6
1129480 2884.5
1129490 2884.5
1129500 2883.6
1129510 2882.3
1129520 2882.3
1129530 2881.0
1129540 2879.9
1129550 2879.9
1129560 2878.8
1129570 2877.6
1129580 2877.6
1129590 2876.5
1129600 2875.3
1129610 2875.3
1129620 2874.3
1129630 2873.3
1129640 2872.6
1129650 2872.6
1129660 2872.1
1129670 2871.9
1129680 2871.9
1129690 2872.0
1129700 2872.4
1129710 2872.4
1129720 2873.1
1129730 2873.9
1129740 2873.9
1129750 2874.9
1129760 2879.7
1129770 2879.7
1129780 2879.8
1129790 2880.7
1129800 2880.7
1129810 2882.6
1129820 2884.5
1129830 2884.5
1129840 2886.0
1129850 2889.0
1129860 2892.0
1129870 2892.0
1129880 2896.4
1129890 2903.3
1129900 2903.3
1129910 2912.6
1129920 2922.8
1129930 2922.8
1129940 2934.5
1129950 2943.5
1129960 2943.5
1129970 2954.5
1129980 2969.6
1129990 2969.6
1130000 2983.6
1130010 2987.6
1130020 2987.6
1130030 2972.3
1130040 2970.6
1130050 2982.9
1130060 2982.9
1130070 2981.3
1130080 2984.0
1130090 2984.0
1130100 2992.8
1130110 3001.4
1130120 3005.0
1130130 3014.4
1130140 3021.3
1130150 3021.3
1130160 3026.6
1130170 3033.2
1130180 3033.2
1130190 3039.4
1130200 3046.2
1130210 3046.2
1130220 3050.4
1130230 3033.1
1130240 3015.0
1130250 3015.0
1130260 3007.3
1130270 3012.3
1130280 3012.3
1130290 3010.8
1130300 3016.0
1130310 3016.0
1130320 3017.9
1130330 3019.0
1130340 3019.0
1130350 3012.3
1130360 2999.5
1130370 2999.5
1130380 2989.9
1130390 2987.5
1130400 2987.5
1130410 2988.8
1130420 2987.1
1130430 2982.4
1130440 2982.4
1130450 2972.4
1130460 2959.6
1130470 2959.6
1130480 2948.6
1130490 2936.7
1130500 2936.7
1130510 2924.7
1130520 2905.6
1130530 2905.6
1130540 2887.7
1130550 2872.5
1130560 2872.5
1130570 2864.1
1130580 2850.1
1130590 2850.1
1130600 2840.5
1130610 2834.0
1130620 2832.5
1130630 2832.5
1130640 2838.3
1130650 2842.1
1130660 2842.1
1130670 2841.4
1130680 2835.9
1130690 2835.9
1130700 2826.3
1130710 2818.6
1130720 2818.6
1130730 2807.2
1130740 2802.4
1130750 2802.4
1130760 2809.0
1130770 2815.2
1130780 2815.2
1130790 2806.4
1130800 2791.1
1130810 2775.8
1130820 2775.8
1130830 2766.9
1130840 2745.9
1130850 2745.9
1130860 2723.1
1130870 2696.5
1130880 2696.5
1130890 2678.3
1130900 2662.3
1130910 2662.3
1130920 2651.7
1130930 2644.2
1130940 2644.2
1130950 2637.0
1130960 2625.7
1130970 2625.7
1130980 2612.4
1130990 2594.7
1131000 2582.6
1131010 2582.6
1131020 2574.6
1131030 2563.1
1131040 2563.1
1131050 2543.5
1131060 2534.4
1131070 2534.4
1131080 2525.9
1131090 2518.6
1131100 2518.6
1131110 2509.5
1131120 2500.4
1131130 2500.4
1131140 2492.5
1131150 2485.3
1131160 2485.3
1131170 2477.0
1131180 2465.9
1131190 2456.0
1131200 2456.0
1131210 2445.8
1131220 2437.8
1131230 2437.8
1131240 2430.0
1131250 2422.5
1131260 2422.5
1131270 2415.3
1131280 2408.3
1131290 2408.3
1131300 2401.8
1131310 2395.6
1131320 2395.6
1131330 2389.7
1131340 2384.4
1131350 2384.4
1131360 2379.4
1131370 2375.4
1131380 2372.4
1131390 2372.4
1131400 2369.1
1131410 2365.1
1131420 2365.1
1131430 2357.8
1131440 2351.0
1131450 2351.0
1131460 2347.0
1131470 2345.0
1131480 2345.0
1131490 2343.2
1131500 2339.2
1131510 2339.2
1131520 2334.0
1131530 2332.3
1131540 2332.3
1131550 2333.0
1131560 2331.3
1131570 2329.0
1131580 2329.0
1131590 2327.4
1131600 2325.9
1131610 2325.9
1131620 2325.2
1131630 2324.2
1131640 2324.2
1131650 2322.1
1131660 2320.4
1131670 2320.4
1131680 2318.7
1131690 2317.0
1131700 2317.0
1131710 2315.0
1131720 2313.0
1131730 2313.0
1131740 2311.7
1131750 2310.1
1131760 2309.1
1131770 2309.1
1131780 2308.9
1131790 2309.2
1131800 2309.2
1131810 2309.3
1131820 2309.2
1131830 2309.2
1131840 2310.2
1131850 2310.9
1131860 2310.9
1131870 2313.0
1131880 2316.5
1131890 2316.5
1131900 2320.6
1131910 2331.2
1131920 2331.2
1131930 2336.8
1131940 2342.7
1131950 2349.7
1131960 2349.7
1131970 2355.3
1131980 2359.0
1131990 2359.0
1132000 2361.7
1132010 2364.7
1132020 2364.7
1132030 2369.7
1132040 2376.3
1132050 2376.3
1132060 2384.4
1132070 2393.6
1132080 2393.6
1132090 2401.4
1132100 2405.6
1132110 2405.6
1132120 2408.3
1132130 2409.8
1132140 2410.0
1132150 2410.0
1132160 2411.0
1132170 2411.8
1132180 2411.8
1132190 2410.6
1132200 2409.3
1132210 2409.3
1132220 2408.1
1132230 2406.9
1132240 2406.9
1132250 2405.8
1132260 2404.4
1132270 2406.7
1132280 2405.3
1132290 2403.5
1132300 2403.5
1132310 2403.0
1132320 2404.4
1132330 2406.5
1132340 2406.5
1132350 2408.9
1132360 2411.3
1132370 2411.3
1132380 2413.9
1132390 2417.0
1132400 2417.0
1132410 2420.1
1132420 2421.3
1132430 2421.3
1132440 2423.3
1132450 2426.4
1132460 2426.4
1132470 2429.1
1132480 2431.7
1132490 2431.7
1132500 2434.4
1132510 2437.3
1132520 2439.9
1132530 2439.9
1132540 2442.3
1132550 2445.3
1132560 2445.3
1132570 2449.3
1132580 2454.6
1132590 2454.6
1132600 2460.3
1132610 2463.5
1132620 2467.0
1132630 2469.0
1132640 2471.5
1132650 2471.5
1132660 2475.4
1132670 2480.2
1132680 2480.2
1132690 2486.5
1132700 2493.2
1132710 2500.1
1132720 2500.1
1132730 2502.1
1132740 2498.1
1132750 2498.1
1132760 2496.6
1132770 2497.2
1132780 2497.2
1132790 2498.1
1132800 2499.8
1132810 2499.8
1132820 2501.5
1132830 2502.8
1132840 2502.8
1132850 2503.4
1132860 2503.9
1132870 2503.9
1132880 2504.6
1132890 2504.7
1132900 2503.9
1132910 2503.9
1132920 2503.1
1132930 2506.5
1132940 2506.5
1132950 2512.3
1132960 2518.8
1132970 2518.8
1132980 2528.2
1132990 2535.2
1133000 2535.2
1133010 2542.6
1133020 2550.5
1133030 2550.5
1133040 2557.3
1133050 2564.1
1133060 2564.1
1133070 2570.5
1133080 2576.3
1133090 2582.4
1133100 2582.4
1133110 2589.2
1133120 2595.2
1133130 2595.2
1133140 2601.4
1133150 2608.8
1133160 2608.8
1133170 2615.1
1133180 2621.1
1133190 2621.1
1133200 2627.5
1133210 2635.8
1133220 2635.8
1133230 2641.5
1133240 2646.1
1133250 2646.1
1133260 2650.6
1133270 2654.5
1133280 2661.8
1133290 2661.8
1133300 2670.2
1133310 2676.3
1133320 2676.3
1133330 2681.1
1133340 2688.1
1133350 2688.1
1133360 2692.8
1133370 2696.7
1133380 2696.7
1133390 2700.6
1133400 2705.8
1133410 2705.8
1133420 2708.1
1133430 2709.5
1133440 2709.5
1133450 2713.5
1133460 2716.9
1133470 2719.6
1133480 2719.6
1133490 2722.0
1133500 2725.9
1133510 2725.9
1133520 2731.2
1133530 2732.6
1133540 2732.6
1133550 2732.0
1133560 2734.7
1133570 2734.7
1133580 2738.3
1133590 2741.7
1133600 2741.7
1133610 2746.2
1133620 2751.1
1133630 2751.1
1133640 2755.4
1133650 2761.8
1133660 2770.7
1133670 2770.7
1133680 2776.3
1133690 2782.5
1133700 2788.2
1133710 2794.1
1133720 2801.6
1133730 2801.6
1133740 2810.6
1133750 2815.5
1133760 2815.5
1133770 2824.0
1133780 2837.9
1133790 2837.9
1133800 2851.5
1133810 2864.1
1133820 2864.1
1133830 2877.2
1133840 2884.2
1133850 2884.2
1133860 2885.0
1133870 2881.2
1133880 2884.6
1133890 2884.6
1133900 2897.9
1133910 2912.8
1133920 2912.8
1133930 2920.3
1133940 2922.3
1133950 2922.3
1133960 2923.3
1133970 2921.0
1133980 2921.0
1133990 2918.0
1134000 2920.4
1134010 2920.4
1134020 2922.8
1134030 2930.1
1134040 2930.1
1134050 2946.1
1134060 2960.6
1134070 2953.6
1134080 2953.6
1134090 2946.7
1134100 2941.7
1134110 2941.7
1134120 2937.9
1134130 2934.4
1134140 2934.4
1134150 2931.5
1134160 2929.1
1134170 2929.1
1134180 2926.1
1134190 2923.9
1134200 2923.9
1134210 2922.8
1134220 2922.5
1134230 2922.5
1134240 2922.6
1134250 2922.8
1134260 2923.3
1134270 2923.3
1134280 2924.3
1134290 2925.5
1134300 2925.5
1134310 2926.9
1134320 2928.0
1134330 2928.0
1134340 2928.7
1134350 2933.4
1134360 2933.4
1134370 2942.1
1134380 2952.2
1134390 2952.2
1134400 2957.4
1134410 2957.5
1134420 2954.8
1134430 2954.2
1134440 2951.7
1134450 2951.0
1134460 2951.0
1134470 2948.3
1134480 2933.1
1134490 2933.1
1134500 2918.3
1134510 2908.3
1134520 2908.3
1134530 2897.7
1134540 2891.3
1134550 2891.3
1134560 2886.2
1134570 2882.1
1134580 2882.1
1134590 2879.0
1134600 2876.9
1134610 2876.9
1134620 2873.7
1134630 2863.8
1134640 2851.7
1134650 2851.7
1134660 2827.1
1134670 2804.2
1134680 2804.2
1134690 2794.6
1134700 2786.0
1134710 2786.0
1134720 2777.0
1134730 2768.1
1134740 2768.1
1134750 2751.6
1134760 2737.5
1134770 2737.5
1134780 2732.2
1134790 2727.4
1134800 2727.4
1134810 2724.3
1134820 2721.0
1134830 2716.6
1134840 2716.6
1134850 2712.2
1134860 2709.2
1134870 2709.2
1134880 2706.9
1134890 2704.5
1134900 2704.5
1134910 2702.3
1134920 2700.6
1134930 2700.6
1134940 2699.2
1134950 2698.4
1134960 2698.4
1134970 2698.0
1134980 2697.7
1134990 2697.7
1135000 2696.8
1135010 2696.9
1135020 2695.8
1135030 2695.8
1135040 2694.4
1135050 2692.8
1135060 2692.8
1135070 2691.0
1135080 2689.0
1135090 2689.0
1135100 2686.6
1135110 2683.9
1135120 2683.9
1135130 2681.2
1135140 2678.3
1135150 2680.9
1135160 2677.7
1135170 2674.5
1135180 2674.5
1135190 2671.7
1135200 2668.9
1135210 2666.6
1135220 2666.6
1135230 2665.5
1135240 2664.7
1135250 2664.7
1135260 2661.4
1135270 2656.8
1135280 2656.8
1135290 2651.5
1135300 2646.1
1135310 2646.1
1135320 2640.6
1135330 2635.9
1135340 2635.9
1135350 2632.5
1135360 2630.0
1135370 2630.0
1135380 2628.2
1135390 2627.2
1135400 2626.7
1135410 2626.7
1135420 2626.2
1135430 2625.1
1135440 2625.1
1135450 2624.2
1135460 2623.2
1135470 2623.2
1135480 2622.0
1135490 2620.5
1135500 2620.5
1135510 2618.8
1135520 2615.3
1135530 2615.3
1135540 2612.0
1135550 2609.3
1135560 2609.3
1135570 2606.3
1135580 2602.8
1135590 2599.2
1135600 2599.2
1135610 2594.2
1135620 2588.1
1135630 2588.1
1135640 2581.6
1135650 2576.3
1135660 2576.3
1135670 2572.6
1135680 2572.0
1135690 2572.0
1135700 2570.6
1135710 2569.9
1135720 2569.9
1135730 2569.2
1135740 2569.5
1135750 2569.5
1135760 2571.1
1135770 2573.1
1135780 2573.8
1135790 2573.8
1135800 2574.3
1135810 2576.1
1135820 2576.1
1135830 2578.9
1135840 2578.7
1135850 2578.7
1135860 2578.3
1135870 2583.4
1135880 2583.4
1135890 2584.7
1135900 2582.8
1135910 2582.8
1135920 2581.7
1135930 2586.3
1135940 2586.3
1135950 2591.5
1135960 2595.4
1135970 2598.5
1135980 2598.5
1135990 2601.1
1136000 2604.3
1136010 2604.3
1136020 2607.6
1136030 2613.2
1136040 2613.2
1136050 2620.2
1136060 2626.0
1136070 2626.0
1136080 2629.8
1136090 2633.0
1136100 2633.0
1136110 2635.8
1136120 2637.2
1136130 2637.2
1136140 2633.9
1136150 2631.7
1136160 2633.4
1136170 2633.4
1136180 2635.5
1136190 2637.7
1136200 2637.7
1136210 2638.8
1136220 2638.6
1136230 2641.7
1136240 2639.8
1136250 2637.8
1136260 2637.8
1136270 2636.2
1136280 2633.7
1136290 2633.7
1136300 2631.0
1136310 2629.4
1136320 2629.4
1136330 2628.6
1136340 2628.6
1136350 2628.1
1136360 2628.1
1136370 2627.2
1136380 2626.0
1136390 2626.0
1136400 2624.1
1136410 2622.6
1136420 2622.6
1136430 2620.2
1136440 2618.5
1136450 2618.5
1136460 2616.8
1136470 2614.5
1136480 2614.5
1136490 2613.1
1136500 2612.6
1136510 2612.6
1136520 2610.8
1136530 2609.0
1136540 2608.3
1136550 2608.3
1136560 2608.0
1136570 2609.3
1136580 2609.3
1136590 2610.9
1136600 2611.3
1136610 2611.3
1136620 2613.6
1136630 2616.2
1136640 2616.2
1136650 2619.3
1136660 2621.9
1136670 2621.9
1136680 2623.6
1136690 2624.3
1136700 2624.3
1136710 2624.6
1136720 2626.9
1136730 2627.3
1136740 2627.3
1136750 2627.9
1136760 2627.9
1136770 2627.9
1136780 2626.2
1136790 2624.3
1136800 2624.3
1136810 2623.6
1136820 2622.8
1136830 2622.8
1136840 2621.1
1136850 2617.9
1136860 2617.9
1136870 2619.9
1136880 2623.1
1136890 2623.1
1136900 2624.8
1136910 2626.5
1136920 2628.1
1136930 2628.1
1136940 2629.1
1136950 2630.8
1136960 2633.0
1136970 2634.9
1136980 2637.0
1136990 2637.0
1137000 2639.4
1137010 2642.4
1137020 2642.4
1137030 2646.2
1137040 2650.0
1137050 2650.0
1137060 2652.7
1137070 2654.2
1137080 2654.2
1137090 2655.2
1137100 2655.8
1137110 2656.9
1137120 2656.9
1137130 2658.7
1137140 2660.4
1137150 2660.4
1137160 2662.1
1137170 2663.4
1137180 2663.4
1137190 2663.1
1137200 2660.8
1137210 2660.8
1137220 2659.2
1137230 2659.4
1137240 2659.4
1137250 2659.8
1137260 2660.1
1137270 2660.1
1137280 2660.8
1137290 2661.7
1137300 2662.4
1137310 2662.4
1137320 2663.9
1137330 2664.5
1137340 2664.5
1137350 2665.4
1137360 2666.2
1137370 2666.2
1137380 2666.6
1137390 2667.7
1137400 2667.7
1137410 2670.3
1137420 2673.6
1137430 2673.6
1137440 2676.8
1137450 2680.6
1137460 2680.6
1137470 2684.2
1137480 2686.5
1137490 2688.6
1137500 2688.6
1137510 2691.3
1137520 2694.0
1137530 2694.0
1137540 2695.6
1137550 2697.2
1137560 2697.2
1137570 2699.1
1137580 2701.3
1137590 2701.3
1137600 2703.1
1137610 2705.3
1137620 2705.3
1137630 2707.6
1137640 2709.0
1137650 2709.0
1137660 2709.9
1137670 2710.0
1137680 2710.0
1137690 2709.9
1137700 2710.1
1137710 2710.2
1137720 2710.2
1137730 2710.6
1137740 2710.9
1137750 2710.9
1137760 2711.3
1137770 2711.7
1137780 2711.7
1137790 2712.2
1137800 2712.8
1137810 2712.8
1137820 2713.4
1137830 2714.4
1137840 2714.4
1137850 2715.4
1137860 2716.2
1137870 2717.1
1137880 2717.1
1137890 2718.4
1137900 2720.1
1137910 2720.1
1137920 2722.6
1137930 2725.0
1137940 2725.0
1137950 2727.6
1137960 2730.5
1137970 2730.5
1137980 2734.2
1137990 2738.2
1138000 2738.2
1138010 2741.6
1138020 2744.8
1138030 2744.8
1138040 2747.8
1138050 2749.4
1138060 2749.4
1138070 2753.1
1138080 2755.6
1138090 2756.7
1138100 2756.7
1138110 2758.1
1138120 2759.1
1138130 2759.1
1138140 2760.2
1138150 2761.9
1138160 2761.9
1138170 2764.0
1138180 2766.2
1138190 2766.2
1138200 2768.6
1138210 2771.5
1138220 2771.5
1138230 2774.7
1138240 2777.9
1138250 2777.9
1138260 2780.9
1138270 2784.1
1138280 2787.0
1138290 2787.0
1138300 2789.5
1138310 2792.7
1138320 2792.7
1138330 2796.2
1138340 2799.3
1138350 2799.3
1138360 2802.0
1138370 2805.4
1138380 2805.4
1138390 2809.8
1138400 2814.1
1138410 2814.1
1138420 2815.5
1138430 2819.0
1138440 2819.0
1138450 2822.5
1138460 2825.6
1138470 2829.0
1138480 2829.0
1138490 2832.4
1138500 2836.5
1138510 2836.5
1138520 2841.0
1138530 2845.4
1138540 2845.4
1138550 2849.7
1138560 2854.1
1138570 2854.1
1138580 2858.6
1138590 2862.9
1138600 2862.9
1138610 2867.4
1138620 2871.8
1138630 2871.8
1138640 2875.9
1138650 2879.7
1138660 2883.6
1138670 2883.6
1138680 2888.4
1138690 2893.0
1138700 2893.0
1138710 2897.5
1138720 2902.1
1138730 2902.1
1138740 2906.8
1138750 2911.3
1138760 2911.3
1138770 2915.8
1138780 2915.3
1138790 2915.3
1138800 2919.0
1138810 2922.7
1138820 2922.7
1138830 2925.5
1138840 2926.5
1138850 2927.8
1138860 2927.8
1138870 2930.9
1138880 2934.3
1138890 2934.3
1138900 2939.4
1138910 2945.6
1138920 2945.6
1138930 2951.2
1138940 2956.0
1138950 2956.0
1138960 2961.0
1138970 2966.4
1138980 2966.4
1138990 2971.7
1139000 2976.9
1139010 2976.9
1139020 2981.6
1139030 2986.5
1139040 2991.3
1139050 2991.3
1139060 2995.9
1139070 3000.1
1139080 3000.1
1139090 3003.8
1139100 3006.9
1139110 3006.9
1139120 3008.0
1139130 3007.3
1139140 3007.3
1139150 3004.4
1139160 3005.0
1139170 3005.0
1139180 3005.6
1139190 3006.0
1139200 3006.0
1139210 3005.9
1139220 3004.8
1139230 3002.5
1139240 3002.5
1139250 3001.3
1139260 3001.0
1139270 3001.0
1139280 3001.6
1139290 3002.3
1139300 3002.3
1139310 3002.9
1139320 3003.2
1139330 3003.2
1139340 3003.4
1139350 3003.1
1139360 3003.1
1139370 3002.1
1139380 3000.2
1139390 3000.2
1139400 2997.6
1139410 2993.0
1139420 2982.7
1139430 2982.7
1139440 2972.0
1139450 2964.7
1139460 2964.7
1139470 2956.9
1139480 2949.9
1139490 2949.9
1139500 2943.6
1139510 2936.1
1139520 2936.1
1139530 2931.3
1139540 2928.1
1139550 2928.1
1139560 2924.8
1139570 2920.7
1139580 2920.7
1139590 2915.8
1139600 2910.6
1139610 2906.7
1139620 2906.7
1139630 2903.9
1139640 2902.0
1139650 2902.0
1139660 2900.5
1139670 2899.2
1139680 2899.2
1139690 2897.9
1139700 2896.6
1139710 2896.6
1139720 2894.9
1139730 2894.7
1139740 2894.7
1139750 2894.3
1139760 2893.8
1139770 2893.8
1139780 2893.3
1139790 2892.9
1139800 2892.4
1139810 2892.4
1139820 2892.0
1139830 2891.6
1139840 2891.6
1139850 2891.2
1139860 2890.7
1139870 2890.7
1139880 2892.6
1139890 2892.2
1139900 2892.2
1139910 2891.8
