1120000 2407.4
1120010 2406.4
1120020 2406.4
1120030 2405.9
1120040 2405.4
1120050 2405.4
1120060 2405.6
1120070 2404.9
1120080 2404.9
1120090 2403.1
1120100 2404.4
1120110 2404.4
1120120 2405.0
1120130 2405.9
1120140 2406.7
1120150 2406.7
1120160 2408.9
1120170 2410.5
1120180 2410.5
1120190 2411.9
1120200 2413.4
1120210 2413.4
1120220 2416.7
1120230 2420.7
1120240 2420.7
1120250 2425.0
1120260 2428.8
1120270 2428.8
1120280 2431.8
1120290 2435.4
1120300 2435.4
1120310 2438.7
1120320 2439.9
1120330 2439.0
1120340 2439.0
1120350 2438.3
1120360 2440.8
1120370 2440.8
1120380 2443.9
1120390 2446.8
1120400 2446.8
1120410 2450.6
1120420 2454.2
1120430 2454.2
1120440 2458.2
1120450 2462.1
1120460 2462.1
1120470 2466.2
1120480 2468.6
1120490 2468.6
1120500 2471.8
1120510 2475.1
1120520 2478.7
1120530 2478.7
1120540 2482.5
1120550 2486.8
1120560 2486.8
1120570 2491.4
1120580 2495.5
1120590 2495.5
1120600 2499.3
1120610 2503.4
1120620 2503.4
1120630 2507.9
1120640 2512.1
1120650 2512.1
1120660 2516.7
1120670 2521.5
1120680 2521.5
1120690 2526.3
1120700 2530.6
1120710 2530.6
1120720 2534.8
1120730 2538.9
1120740 2543.0
1120750 2543.0
1120760 2547.2
1120770 2551.3
1120780 2551.3
1120790 2555.5
1120800 2560.4
1120810 2560.4
1120820 2566.5
1120830 2571.4
1120840 2571.4
1120850 2577.3
1120860 2583.2
1120870 2583.2
1120880 2589.0
1120890 2595.3
1120900 2595.3
1120910 2601.3
1120920 2607.0
1120930 2612.2
1120940 2612.2
1120950 2616.8
1120960 2620.5
1120970 2620.5
1120980 2623.4
1120990 2625.8
1121000 2625.8
1121010 2628.1
1121020 2631.1
1121030 2631.1
1121040 2633.3
1121050 2637.7
1121060 2637.7
1121070 2642.4
1121080 2647.3
1121090 2647.3
1121100 2652.3
1121110 2656.5
1121120 2661.1
1121130 2661.1
1121140 2665.3
1121150 2669.0
1121160 2669.0
1121170 2667.9
1121180 2671.5
1121190 2671.5
1121200 2675.7
1121210 2680.6
1121220 2680.6
1121230 2685.9
1121240 2690.6
1121250 2690.6
1121260 2697.2
1121270 2716.8
1121280 2716.8
1121290 2738.5
1121300 2756.1
1121310 2773.5
1121320 2773.5
1121330 2792.1
1121340 2805.1
1121350 2805.1
1121360 2812.7
1121370 2814.2
1121380 2814.2
1121390 2815.7
1121400 2823.6
1121410 2823.6
1121420 2838.5
1121430 2849.7
1121440 2849.7
1121450 2856.2
1121460 2859.5
1121470 2859.5
1121480 2864.3
1121490 2863.1
1121500 2853.0
1121510 2853.0
1121520 2842.3
1121530 2845.4
1121540 2845.4
1121550 2857.1
1121560 2862.6
1121570 2862.6
1121580 2866.2
1121590 2871.3
1121600 2871.3
1121610 2875.1
1121620 2879.2
1121630 2879.2
1121640 2887.7
1121650 2897.2
1121660 2897.2
1121670 2904.4
1121680 2909.4
1121690 2914.0
1121700 2914.0
1121710 2920.2
1121720 2925.4
1121730 2925.4
1121740 2931.7
1121750 2936.9
1121760 2936.9
1121770 2944.0
1121780 2950.9
1121790 2950.9
1121800 2952.9
1121810 2953.2
1121820 2953.2
1121830 2941.4
1121840 2926.0
1121850 2926.0
1121860 2925.9
1121870 2917.2
1121880 2922.5
1121890 2922.5
1121900 2928.2
1121910 2935.1
1121920 2935.1
1121930 2942.5
1121940 2949.9
1121950 2949.9
1121960 2955.4
1121970 2959.3
1121980 2959.3
1121990 2963.0
1122000 2966.4
1122010 2966.4
1122020 2971.6
1122030 2978.0
1122040 2978.0
1122050 2986.0
1122060 2995.5
1122070 3003.5
1122080 3003.5
1122090 3009.5
1122100 3019.8
1122110 3019.8
1122120 3027.0
1122130 3033.6
1122140 3033.6
1122150 3043.2
1122160 3053.9
1122170 3053.9
1122180 3064.3
1122190 3071.8
1122200 3071.8
1122210 3062.7
1122220 3047.6
1122230 3047.6
1122240 3027.0
1122250 3013.7
1122260 3006.8
1122270 3006.8
1122280 3000.2
1122290 2993.8
1122300 2993.8
1122310 2987.2
1122320 2980.5
1122330 2980.5
1122340 2974.2
1122350 2968.0
1122360 2968.0
1122370 2962.1
1122380 2956.5
1122390 2956.5
1122400 2951.9
1122410 2946.3
1122420 2946.3
1122430 2940.3
1122440 2934.0
1122450 2928.1
1122460 2928.1
1122470 2923.6
1122480 2919.2
1122490 2919.2
1122500 2912.4
1122510 2899.5
1122520 2899.5
1122530 2876.1
1122540 2843.8
1122550 2843.8
1122560 2827.5
1122570 2826.6
1122580 2826.6
1122590 2822.7
1122600 2819.6
1122610 2819.6
1122620 2816.7
1122630 2814.2
1122640 2812.6
1122650 2812.6
1122660 2810.3
1122670 2808.0
1122680 2808.0
1122690 2805.4
1122700 2803.4
1122710 2803.4
1122720 2802.0
1122730 2800.6
1122740 2800.6
1122750 2799.6
1122760 2798.2
1122770 2798.2
1122780 2797.2
1122790 2796.5
1122800 2796.5
1122810 2796.0
1122820 2795.6
1122830 2795.3
1122840 2795.3
1122850 2794.9
1122860 2794.4
1122870 2794.4
1122880 2794.2
1122890 2794.0
1122900 2794.0
1122910 2793.8
1122920 2794.1
1122930 2794.1
1122940 2793.4
1122950 2792.7
1122960 2792.7
1122970 2792.0
1122980 2791.3
1122990 2791.3
1123000 2790.7
1123010 2790.0
1123020 2789.3
1123030 2789.3
1123040 2788.6
1123050 2787.9
1123060 2787.9
1123070 2787.3
1123080 2786.9
1123090 2786.9
1123100 2786.5
1123110 2786.2
1123120 2786.2
1123130 2786.0
1123140 2785.7
1123150 2785.7
1123160 2785.6
1123170 2785.6
1123180 2785.6
1123190 2785.4
1123200 2784.8
1123210 2783.8
1123220 2783.8
1123230 2782.6
1123240 2780.9
1123250 2780.9
1123260 2778.6
1123270 2781.5
1123280 2781.5
1123290 2779.4
1123300 2777.3
1123310 2777.3
1123320 2775.4
1123330 2773.8
1123340 2773.8
1123350 2774.0
1123360 2779.8
1123370 2779.8
1123380 2786.2
1123390 2789.9
1123400 2785.7
1123410 2785.7
1123420 2780.7
1123430 2772.0
1123440 2772.0
1123450 2762.6
1123460 2750.4
1123470 2750.4
1123480 2735.9
1123490 2717.9
1123500 2717.9
1123510 2708.3
1123520 2706.5
1123530 2706.5
1123540 2705.7
1123550 2705.6
1123560 2705.6
1123570 2705.3
1123580 2704.0
1123590 2702.2
1123600 2702.2
1123610 2700.1
1123620 2704.9
1123630 2704.9
1123640 2704.0
1123650 2704.9
1123660 2704.9
1123670 2702.8
1123680 2699.6
1123690 2699.6
1123700 2698.8
1123710 2699.7
1123720 2699.7
1123730 2702.4
1123740 2708.4
1123750 2708.4
1123760 2716.0
1123770 2721.8
1123780 2721.8
1123790 2722.1
1123800 2722.1
1123810 2728.7
1123820 2728.7
1123830 2734.4
1123840 2737.0
1123850 2737.0
1123860 2727.5
1123870 2708.2
1123880 2708.2
1123890 2692.9
1123900 2687.2
1123910 2687.2
1123920 2666.5
1123930 2640.8
1123940 2640.8
1123950 2630.6
1123960 2613.1
1123970 2624.0
1123980 2600.4
1123990 2585.8
1124000 2580.3
1124010 2580.3
1124020 2574.4
1124030 2570.4
1124040 2570.4
1124050 2569.5
1124060 2568.0
1124070 2568.0
1124080 2568.6
1124090 2568.2
1124100 2568.2
1124110 2564.7
1124120 2558.1
1124130 2558.1
1124140 2551.2
1124150 2543.4
1124160 2543.4
1124170 2536.6
1124180 2532.0
1124190 2524.2
1124200 2524.2
1124210 2507.4
1124220 2495.9
1124230 2495.9
1124240 2481.0
1124250 2472.2
1124260 2472.2
1124270 2464.3
1124280 2458.7
1124290 2458.7
1124300 2454.7
1124310 2451.5
1124320 2456.6
1124330 2453.0
1124340 2443.3
1124350 2443.3
1124360 2441.9
1124370 2440.4
1124380 2436.6
1124390 2436.6
1124400 2430.6
1124410 2423.9
1124420 2423.9
1124430 2419.5
1124440 2417.3
1124450 2417.3
1124460 2413.6
1124470 2407.8
1124480 2407.8
1124490 2401.6
1124500 2395.9
1124510 2395.9
1124520 2389.8
1124530 2382.5
1124540 2382.5
1124550 2369.1
1124560 2359.5
1124570 2352.2
1124580 2352.2
1124590 2345.0
1124600 2336.9
1124610 2336.9
1124620 2327.7
1124630 2320.5
1124640 2320.5
1124650 2314.8
1124660 2309.0
1124670 2311.9
1124680 2307.6
1124690 2301.4
1124700 2301.4
1124710 2295.0
1124720 2290.6
1124730 2290.6
1124740 2286.5
1124750 2282.4
1124760 2276.1
1124770 2276.1
1124780 2270.8
1124790 2266.0
1124800 2266.0
1124810 2261.8
1124820 2257.3
1124830 2257.3
1124840 2253.3
1124850 2249.6
1124860 2249.6
1124870 2246.9
1124880 2243.2
1124890 2243.2
1124900 2239.1
1124910 2236.0
1124920 2236.0
1124930 2234.5
1124940 2232.8
1124950 2230.8
1124960 2230.8
1124970 2228.2
1124980 2226.0
1124990 2226.0
1125000 2225.0
1125010 2223.5
1125020 2224.9
1125030 2222.8
1125040 2220.2
1125050 2220.2
1125060 2218.3
1125070 2216.3
1125080 2216.3
1125090 2215.0
1125100 2212.9
1125110 2212.9
1125120 2209.8
1125130 2207.5
1125140 2208.0
1125150 2208.0
1125160 2208.3
1125170 2207.8
1125180 2207.8
1125190 2209.0
1125200 2211.3
1125210 2211.3
1125220 2213.6
1125230 2215.0
1125240 2215.0
1125250 2215.8
1125260 2216.7
1125270 2216.7
1125280 2221.4
1125290 2227.0
1125300 2227.0
1125310 2232.2
1125320 2239.6
1125330 2247.2
1125340 2247.2
1125350 2254.6
1125360 2261.3
1125370 2260.8
1125380 2267.8
1125390 2275.6
1125400 2275.6
1125410 2283.6
1125420 2289.1
1125430 2289.1
1125440 2295.0
1125450 2301.2
1125460 2301.2
1125470 2307.9
1125480 2314.5
1125490 2314.5
1125500 2320.6
1125510 2327.0
1125520 2332.8
1125530 2332.8
1125540 2338.1
1125550 2343.1
1125560 2343.1
1125570 2348.1
1125580 2353.1
1125590 2353.1
1125600 2357.2
1125610 2365.3
1125620 2365.3
1125630 2370.3
1125640 2375.4
1125650 2375.4
1125660 2380.0
1125670 2383.8
1125680 2383.8
1125690 2388.1
1125700 2394.2
1125710 2404.7
1125720 2402.6
1125730 2415.7
1125740 2420.0
1125750 2420.0
1125760 2423.0
1125770 2427.3
1125780 2427.3
1125790 2432.3
1125800 2436.7
1125810 2436.7
1125820 2441.0
1125830 2446.8
1125840 2446.8
1125850 2455.7
1125860 2462.4
1125870 2462.4
1125880 2466.2
1125890 2470.2
1125900 2473.9
1125910 2473.9
1125920 2477.7
1125930 2481.5
1125940 2481.5
1125950 2485.3
1125960 2489.1
1125970 2489.1
1125980 2493.0
1125990 2496.9
1126000 2496.9
1126010 2501.7
1126020 2506.7
1126030 2506.7
1126040 2510.9
1126050 2514.1
1126060 2514.1
1126070 2518.6
1126080 2524.4
1126090 2532.0
1126100 2532.0
1126110 2536.4
1126120 2539.3
1126130 2539.3
1126140 2541.5
1126150 2541.8
1126160 2541.8
1126170 2542.0
1126180 2545.1
1126190 2545.1
1126200 2548.6
1126210 2550.8
1126220 2550.8
1126230 2552.5
1126240 2553.8
1126250 2553.8
1126260 2554.3
1126270 2554.9
1126280 2555.8
1126290 2555.8
1126300 2556.5
1126310 2557.0
1126320 2557.0
1126330 2557.1
1126340 2557.4
1126350 2557.4
1126360 2557.9
1126370 2558.5
1126380 2558.5
1126390 2559.4
1126400 2560.4
1126410 2560.4
1126420 2561.0
1126430 2562.0
1126440 2562.0
1126450 2562.1
1126460 2561.9
1126470 2561.5
1126480 2561.5
1126490 2561.2
1126500 2561.2
1126510 2561.2
1126520 2561.1
1126530 2561.0
1126540 2561.0
1126550 2561.0
1126560 2561.1
1126570 2561.1
1126580 2561.1
1126590 2561.1
1126600 2561.1
1126610 2561.3
1126620 2562.1
1126630 2562.1
1126640 2563.9
1126650 2567.6
1126660 2572.4
1126670 2572.4
1126680 2577.1
1126690 2582.2
1126700 2582.2
1126710 2588.0
1126720 2595.1
1126730 2595.1
1126740 2602.0
1126750 2608.3
1126760 2608.3
1126770 2612.9
1126780 2617.3
1126790 2617.3
1126800 2621.6
1126810 2626.1
1126820 2626.1
1126830 2631.4
1126840 2635.7
1126850 2639.0
1126860 2639.0
1126870 2642.5
1126880 2647.6
1126890 2647.6
1126900 2653.8
1126910 2660.5
1126920 2660.5
1126930 2667.0
1126940 2671.2
1126950 2671.2
1126960 2671.8
1126970 2673.2
1126980 2673.2
1126990 2676.0
1127000 2678.4
1127010 2678.4
1127020 2680.6
1127030 2681.4
1127040 2681.4
1127050 2681.4
1127060 2680.3
1127070 2678.8
1127080 2678.8
1127090 2676.7
1127100 2673.6
1127110 2673.6
1127120 2671.4
1127130 2671.1
1127140 2671.1
1127150 2671.1
1127160 2671.9
1127170 2671.9
1127180 2673.2
1127190 2675.1
1127200 2675.1
1127210 2677.2
1127220 2679.4
1127230 2679.4
1127240 2681.0
1127250 2682.3
1127260 2682.2
1127270 2682.2
1127280 2680.9
1127290 2680.6
1127300 2680.6
1127310 2680.8
1127320 2681.0
1127330 2681.0
1127340 2680.2
1127350 2679.8
1127360 2679.8
1127370 2679.6
1127380 2679.4
1127390 2679.4
1127400 2679.1
1127410 2678.4
1127420 2678.4
1127430 2677.5
1127440 2677.2
1127450 2678.5
1127460 2678.5
1127470 2679.9
1127480 2681.1
1127490 2681.5
1127500 2682.1
1127510 2682.3
1127520 2682.3
1127530 2683.8
1127540 2686.8
1127550 2686.8
1127560 2689.9
1127570 2692.3
1127580 2692.3
1127590 2691.8
1127600 2690.4
1127610 2690.4
1127620 2689.7
1127630 2688.4
1127640 2688.2
1127650 2688.2
1127660 2688.5
1127670 2688.9
1127680 2688.9
1127690 2690.2
1127700 2693.7
1127710 2693.7
1127720 2696.8
1127730 2698.6
1127740 2698.6
1127750 2699.4
1127760 2699.8
1127770 2699.8
1127780 2700.5
1127790 2701.6
1127800 2701.6
1127810 2703.5
1127820 2707.0
1127830 2711.4
1127840 2709.3
1127850 2714.1
1127860 2719.1
1127870 2719.1
1127880 2723.6
1127890 2726.9
1127900 2726.9
1127910 2729.7
1127920 2733.2
1127930 2733.2
1127940 2736.6
1127950 2740.8
1127960 2740.8
1127970 2746.0
1127980 2751.0
1127990 2751.0
1128000 2755.6
1128010 2760.2
1128020 2765.3
1128030 2765.3
1128040 2771.1
1128050 2776.8
1128060 2776.8
1128070 2780.2
1128080 2782.1
1128090 2782.1
1128100 2783.7
1128110 2785.5
1128120 2785.5
1128130 2788.2
1128140 2790.9
1128150 2790.9
1128160 2793.4
1128170 2796.1
1128180 2796.1
1128190 2799.1
1128200 2799.6
1128210 2802.5
1128220 2802.5
1128230 2806.3
1128240 2809.3
1128250 2809.3
1128260 2812.0
1128270 2813.5
1128280 2813.5
1128290 2815.2
1128300 2817.9
1128310 2817.9
1128320 2819.2
1128330 2818.1
1128340 2818.1
1128350 2816.8
1128360 2814.2
1128370 2814.2
1128380 2811.5
1128390 2810.2
1128400 2809.6
1128410 2809.6
1128420 2811.2
1128430 2814.4
1128440 2814.4
1128450 2818.4
1128460 2822.7
1128470 2822.7
1128480 2827.2
1128490 2832.1
1128500 2832.1
1128510 2837.2
1128520 2842.6
1128530 2842.6
1128540 2848.1
1128550 2854.5
1128560 2854.5
1128570 2860.1
1128580 2865.7
1128590 2871.3
1128600 2871.3
1128610 2876.8
1128620 2881.8
1128630 2881.8
1128640 2886.5
1128650 2890.1
1128660 2890.1
1128670 2892.9
1128680 2895.1
1128690 2895.1
1128700 2904.2
1128710 2918.7
1128720 2918.7
1128730 2920.8
1128740 2925.4
1128750 2925.4
1128760 2934.0
1128770 2951.7
1128780 2964.5
1128790 2964.5
1128800 2973.3
1128810 2984.3
1128820 2984.3
1128830 3000.4
1128840 3009.1
1128850 3009.1
1128860 3015.6
1128870 3022.1
1128880 3022.1
1128890 3031.7
1128900 3043.4
1128910 3043.8
1128920 3043.4
1128930 3028.4
1128940 3028.4
1128950 3020.8
1128960 3009.8
1128970 2992.1
1128980 2992.1
1128990 2978.9
1129000 2974.6
1129010 2974.6
1129020 2968.9
1129030 2963.2
1129040 2963.2
1129050 2958.8
1129060 2954.6
1129070 2954.6
1129080 2950.6
1129090 2946.8
1129100 2946.8
1129110 2943.5
1129120 2940.6
1129130 2940.6
1129140 2937.8
1129150 2935.0
1129160 2932.4
1129170 2932.4
1129180 2929.9
1129190 2927.2
1129200 2927.2
1129210 2924.5
1129220 2921.2
1129230 2921.2
1129240 2919.1
1129250 2917.4
1129260 2919.6
1129270 2917.7
1129280 2915.9
1129290 2915.9
1129300 2914.4
1129310 2912.3
1129320 2912.3
1129330 2910.4
1129340 2908.4
1129350 2906.6
1129360 2906.6
1129370 2904.9
1129380 2903.0
1129390 2903.0
1129400 2900.9
1129410 2898.8
1129420 2898.8
1129430 2896.6
1129440 2894.4
1129450 2894.4
1129460 2893.2
1129470 2893.1
1129480 2893.1
1129490 2891.8
1129500 2890.4
1129510 2890.4
1129520 2889.2
1129530 2888.0
1129540 2886.7
1129550 2886.7
1129560 2885.5
1129570 2885.1
1129580 2885.1
1129590 2884.7
1129600 2884.1
1129610 2884.1
1129620 2887.3
1129630 2887.5
1129640 2887.5
1129650 2887.5
1129660 2886.6
1129670 2886.6
1129680 2884.8
1129690 2883.9
1129700 2883.9
1129710 2885.5
1129720 2887.2
1129730 2888.4
1129740 2888.4
1129750 2888.7
1129760 2889.8
1129770 2889.8
1129780 2891.8
1129790 2893.3
1129800 2893.3
1129810 2894.9
1129820 2896.6
1129830 2896.6
1129840 2898.0
1129850 2899.3
1129860 2899.3
1129870 2900.7
1129880 2911.1
1129890 2911.1
1129900 2930.5
1129910 2936.7
1129920 2947.8
1129930 2947.8
1129940 2951.6
1129950 2957.5
1129960 2957.5
1129970 2967.7
1129980 2975.9
1129990 2975.9
1130000 2977.5
1130010 2980.0
1130020 2980.0
1130030 2977.1
1130040 2973.0
1130050 2973.0
1130060 2971.5
1130070 2970.9
1130080 2970.9
1130090 2968.7
1130100 2977.1
1130110 2985.8
1130120 2985.8
1130130 2992.7
1130140 2996.5
1130150 2996.5
1130160 2999.0
1130170 3003.7
1130180 3003.7
1130190 3010.0
1130200 3020.7
1130210 3020.7
1130220 3023.6
1130230 3011.1
1130240 3011.1
1130250 2993.9
1130260 2971.3
1130270 2971.3
1130280 2972.7
1130290 2968.8
1130300 2977.1
1130310 2977.1
1130320 2975.8
1130330 2967.6
1130340 2967.6
1130350 2977.3
1130360 2985.6
1130370 2985.6
1130380 2978.0
1130390 2964.2
1130400 2964.2
1130410 2952.7
1130420 2946.0
1130430 2946.0
1130440 2943.0
1130450 2942.6
1130460 2942.6
1130470 2935.1
1130480 2924.8
1130490 2910.2
1130500 2910.2
1130510 2891.8
1130520 2876.8
1130530 2876.8
1130540 2858.5
1130550 2845.0
1130560 2845.0
1130570 2836.0
1130580 2829.0
1130590 2829.0
1130600 2822.3
1130610 2816.0
1130620 2816.0
1130630 2809.3
1130640 2807.1
1130650 2807.1
1130660 2813.2
1130670 2815.7
1130680 2814.1
1130690 2806.1
1130700 2802.0
1130710 2794.0
1130720 2794.0
1130730 2781.9
1130740 2770.5
1130750 2770.5
1130760 2771.7
1130770 2780.8
1130780 2780.8
1130790 2788.8
1130800 2779.4
1130810 2779.4
1130820 2751.3
1130830 2730.9
1130840 2730.9
1130850 2724.8
1130860 2706.2
1130870 2689.6
1130880 2689.6
1130890 2671.5
1130900 2654.9
1130910 2654.9
1130920 2645.5
1130930 2637.9
1130940 2637.9
1130950 2635.3
1130960 2632.6
1130970 2632.6
1130980 2624.2
1130990 2605.2
1131000 2605.2
1131010 2582.6
1131020 2566.9
1131030 2566.9
1131040 2560.7
1131050 2555.2
1131060 2555.2
1131070 2547.7
1131080 2537.5
1131090 2530.4
1131100 2530.4
1131110 2520.4
1131120 2505.4
1131130 2505.4
1131140 2495.1
1131150 2489.8
1131160 2489.8
1131170 2485.1
1131180 2481.3
1131190 2481.3
1131200 2475.3
1131210 2457.7
1131220 2457.7
1131230 2436.3
1131240 2428.4
1131250 2428.4
1131260 2422.3
1131270 2415.3
1131280 2408.6
1131290 2408.6
1131300 2401.8
1131310 2394.8
1131320 2394.8
1131330 2388.5
1131340 2383.9
1131350 2383.9
1131360 2381.7
1131370 2377.9
1131380 2377.9
1131390 2374.8
1131400 2372.3
1131410 2372.3
1131420 2364.7
1131430 2359.4
1131440 2359.4
1131450 2357.0
1131460 2354.4
1131470 2352.6
1131480 2352.6
1131490 2350.6
1131500 2348.2
1131510 2348.2
1131520 2345.2
1131530 2342.5
1131540 2342.5
1131550 2340.5
1131560 2338.7
1131570 2338.7
1131580 2337.7
1131590 2336.6
1131600 2336.6
1131610 2336.5
1131620 2335.2
1131630 2335.2
1131640 2332.0
1131650 2330.3
1131660 2328.2
1131670 2328.2
1131680 2326.1
1131690 2323.8
1131700 2323.8
1131710 2321.9
1131720 2320.5
1131730 2320.5
1131740 2319.7
1131750 2319.7
1131760 2324.2
1131770 2324.4
1131780 2324.4
1131790 2324.4
1131800 2324.6
1131810 2325.4
1131820 2325.4
1131830 2325.9
1131840 2325.8
1131850 2326.8
1131860 2326.8
1131870 2330.1
1131880 2334.2
1131890 2334.2
1131900 2338.3
1131910 2342.5
1131920 2342.5
1131930 2347.9
1131940 2355.2
1131950 2355.2
1131960 2362.2
1131970 2367.6
1131980 2367.6
1131990 2371.7
1132000 2375.7
1132010 2375.7
1132020 2380.6
1132030 2387.0
1132040 2393.8
1132050 2393.8
1132060 2400.1
1132070 2406.4
1132080 2406.4
1132090 2411.1
1132100 2414.4
1132110 2414.4
1132120 2422.7
1132130 2427.9
1132140 2427.9
1132150 2431.5
1132160 2433.9
1132170 2433.9
1132180 2435.4
1132190 2434.9
1132200 2434.9
1132210 2431.8
1132220 2427.8
1132230 2423.5
1132240 2423.5
1132250 2419.4
1132260 2416.2
1132270 2416.2
1132280 2413.6
1132290 2412.1
1132300 2412.1
1132310 2410.9
1132320 2411.4
1132330 2411.4
1132340 2413.0
1132350 2415.6
1132360 2415.6
1132370 2418.4
1132380 2421.2
1132390 2421.2
1132400 2424.4
1132410 2427.8
1132420 2431.2
1132430 2431.2
1132440 2433.6
1132450 2433.3
1132460 2433.3
1132470 2436.2
1132480 2441.1
1132490 2441.1
1132500 2444.7
1132510 2448.1
1132520 2448.1
1132530 2451.5
1132540 2455.2
1132550 2455.2
1132560 2458.4
1132570 2461.3
1132580 2461.3
1132590 2464.5
1132600 2468.9
1132610 2475.8
1132620 2475.8
1132630 2482.7
1132640 2485.4
1132650 2485.4
1132660 2484.8
1132670 2486.3
1132680 2486.3
1132690 2489.4
1132700 2493.6
1132710 2493.6
1132720 2498.9
1132730 2504.4
1132740 2504.4
1132750 2509.0
1132760 2508.0
1132770 2508.0
1132780 2504.1
1132790 2503.1
1132800 2504.3
1132810 2504.3
1132820 2505.8
1132830 2507.0
1132840 2507.1
1132850 2508.0
1132860 2508.8
1132870 2508.8
1132880 2509.3
1132890 2510.3
1132900 2510.3
1132910 2509.9
1132920 2511.7
1132930 2511.7
1132940 2516.4
1132950 2521.6
1132960 2521.6
1132970 2529.0
1132980 2535.5
1132990 2545.1
1133000 2545.1
1133010 2550.7
1133020 2559.1
1133030 2559.1
1133040 2572.5
1133050 2582.8
1133060 2582.8
1133070 2589.9
1133080 2592.9
1133090 2592.9
1133100 2594.7
1133110 2599.2
1133120 2599.2
1133130 2602.2
1133140 2604.4
1133150 2604.4
1133160 2611.2
1133170 2617.8
1133180 2620.8
1133190 2620.8
1133200 2628.6
1133210 2630.8
1133220 2630.8
1133230 2635.4
1133240 2641.2
1133250 2641.2
1133260 2647.2
1133270 2651.6
1133280 2651.6
1133290 2655.5
1133300 2661.1
1133310 2661.1
1133320 2669.7
1133330 2676.5
1133340 2676.5
1133350 2682.8
1133360 2690.9
1133370 2698.8
1133380 2698.8
1133390 2705.5
1133400 2710.3
1133410 2710.3
1133420 2716.3
1133430 2719.8
1133440 2719.8
1133450 2724.1
1133460 2728.5
1133470 2728.5
1133480 2732.5
1133490 2735.4
1133500 2735.4
1133510 2737.6
1133520 2741.6
1133530 2741.6
1133540 2746.5
1133550 2749.7
1133560 2760.1
1133570 2760.1
1133580 2764.2
1133590 2770.4
1133600 2770.4
1133610 2775.3
1133620 2779.6
1133630 2779.6
1133640 2784.4
1133650 2788.5
1133660 2788.5
1133670 2794.1
1133680 2801.8
1133690 2801.8
1133700 2809.9
1133710 2817.4
1133720 2817.4
1133730 2820.2
1133740 2825.2
1133750 2831.9
1133760 2831.9
1133770 2838.8
1133780 2844.8
1133790 2844.8
1133800 2851.2
1133810 2861.7
1133820 2861.7
1133830 2876.9
1133840 2898.4
1133850 2898.4
1133860 2910.4
1133870 2915.5
1133880 2915.5
1133890 2918.3
1133900 2921.4
1133910 2921.4
1133920 2923.2
1133930 2929.9
1133940 2936.6
1133950 2936.6
1133960 2944.2
1133970 2951.5
1133980 2951.5
1133990 2955.3
1134000 2956.5
1134010 2956.5
1134020 2961.4
1134030 2961.8
1134040 2961.8
1134050 2963.8
1134060 2964.3
1134070 2964.3
1134080 2959.9
1134090 2953.8
1134100 2953.8
1134110 2950.0
1134120 2947.1
1134130 2945.4
1134140 2945.4
1134150 2943.7
1134160 2941.9
1134170 2941.9
1134180 2939.7
1134190 2937.7
1134200 2937.7
1134210 2936.3
1134220 2935.5
1134230 2935.5
1134240 2935.2
1134250 2935.2
1134260 2935.2
1134270 2935.5
1134280 2939.4
1134290 2939.4
1134300 2940.2
1134310 2941.3
1134320 2942.4
1134330 2942.4
1134340 2943.6
1134350 2944.7
1134360 2944.7
1134370 2945.7
1134380 2946.9
1134390 2946.9
1134400 2948.5
1134410 2950.0
1134420 2950.0
1134430 2950.7
1134440 2950.8
1134450 2950.8
1134460 2950.3
1134470 2949.7
1134480 2949.7
1134490 2944.0
1134500 2937.5
1134510 2934.9
1134520 2934.9
1134530 2935.0
1134540 2932.9
1134550 2932.9
1134560 2922.8
1134570 2913.6
1134580 2913.6
1134590 2902.7
1134600 2895.8
1134610 2895.8
1134620 2876.1
1134630 2866.7
1134640 2859.6
1134650 2842.0
1134660 2818.5
1134670 2818.5
1134680 2803.5
1134690 2790.7
1134700 2778.3
1134710 2778.3
1134720 2766.4
1134730 2759.1
1134740 2759.1
1134750 2751.8
1134760 2744.6
1134770 2744.6
1134780 2738.0
1134790 2732.1
1134800 2732.1
1134810 2728.3
1134820 2724.7
1134830 2724.7
1134840 2721.4
1134850 2718.3
1134860 2718.3
1134870 2716.2
1134880 2714.0
1134890 2712.5
1134900 2712.5
1134910 2710.8
1134920 2709.5
1134930 2709.5
1134940 2708.5
1134950 2707.7
1134960 2707.7
1134970 2706.9
1134980 2706.0
1134990 2706.0
1135000 2707.0
1135010 2705.8
1135020 2705.8
1135030 2704.6
1135040 2703.4
1135050 2703.4
1135060 2701.9
1135070 2700.2
1135080 2698.4
1135090 2698.4
1135100 2696.4
1135110 2694.1
1135120 2694.1
1135130 2691.5
1135140 2688.6
1135150 2688.6
1135160 2685.3
1135170 2682.0
1135180 2682.0
1135190 2678.4
1135200 2674.7
1135210 2674.7
1135220 2671.3
1135230 2668.3
1135240 2668.3
1135250 2664.9
1135260 2661.9
1135270 2658.3
1135280 2658.3
1135290 2654.5
1135300 2650.4
1135310 2650.4
1135320 2646.8
1135330 2644.1
1135340 2644.1
1135350 2640.8
1135360 2640.1
1135370 2640.1
1135380 2637.5
1135390 2635.3
1135400 2635.3
1135410 2633.4
1135420 2631.6
1135430 2631.6
1135440 2630.2
1135450 2629.1
1135460 2629.1
1135470 2627.9
1135480 2626.5
1135490 2624.1
1135500 2624.1
1135510 2621.3
1135520 2618.3
1135530 2618.3
1135540 2614.5
1135550 2611.5
1135560 2611.5
1135570 2609.0
1135580 2605.1
1135590 2605.1
1135600 2600.7
1135610 2594.6
1135620 2594.6
1135630 2588.7
1135640 2584.1
1135650 2584.1
1135660 2582.8
1135670 2582.0
1135680 2580.4
1135690 2580.4
1135700 2580.4
1135710 2578.5
1135720 2581.7
1135730 2582.2
1135740 2584.1
1135750 2584.1
1135760 2586.3
1135770 2586.5
1135780 2586.5
1135790 2585.2
1135800 2585.9
1135810 2585.9
1135820 2587.8
1135830 2587.7
1135840 2587.7
1135850 2585.9
1135860 2586.2
1135870 2587.4
1135880 2587.4
1135890 2585.8
1135900 2586.6
1135910 2586.6
1135920 2590.4
1135930 2595.6
1135940 2595.6
1135950 2600.2
1135960 2603.6
1135970 2603.6
1135980 2605.7
1135990 2608.3
1136000 2608.3
1136010 2610.7
1136020 2614.5
1136030 2614.5
1136040 2620.9
1136050 2626.2
1136060 2629.8
1136070 2629.8
1136080 2629.6
1136090 2630.3
1136100 2630.3
1136110 2634.4
1136120 2636.4
1136130 2636.4
1136140 2638.0
1136150 2639.9
1136160 2639.9
1136170 2640.9
1136180 2641.3
1136190 2641.3
1136200 2641.3
1136210 2641.3
1136220 2641.3
1136230 2640.7
1136240 2639.9
1136250 2638.2
1136260 2638.2
1136270 2635.8
1136280 2634.8
1136290 2634.8
1136300 2634.0
1136310 2633.5
1136320 2633.5
1136330 2633.8
1136340 2633.1
1136350 2633.1
1136360 2632.0
1136370 2630.3
1136380 2630.3
1136390 2628.2
1136400 2626.0
1136410 2626.0
1136420 2624.0
1136430 2622.1
1136440 2620.1
1136450 2621.3
1136460 2618.4
1136470 2616.0
1136480 2616.0
1136490 2614.0
1136500 2611.7
1136510 2611.7
1136520 2608.9
1136530 2607.4
1136540 2607.4
1136550 2605.3
1136560 2603.7
1136570 2603.7
1136580 2603.6
1136590 2604.0
1136600 2604.0
1136610 2604.8
1136620 2605.9
1136630 2608.1
1136640 2608.1
1136650 2610.8
1136660 2613.1
1136670 2613.1
1136680 2615.1
1136690 2616.3
1136700 2616.3
1136710 2616.9
1136720 2617.8
1136730 2617.8
1136740 2618.8
1136750 2619.8
1136760 2619.8
1136770 2621.2
1136780 2621.3
1136790 2621.3
1136800 2619.7
1136810 2619.8
1136820 2619.1
1136830 2619.1
1136840 2615.7
1136850 2617.8
1136860 2617.8
1136870 2622.0
1136880 2625.6
1136890 2625.6
1136900 2629.5
1136910 2632.8
1136920 2632.8
1136930 2635.5
1136940 2637.9
1136950 2637.9
1136960 2640.0
1136970 2642.3
1136980 2642.3
1136990 2644.9
1137000 2647.7
1137010 2650.6
1137020 2650.6
1137030 2653.1
1137040 2655.3
1137050 2655.3
1137060 2656.5
1137070 2657.3
1137080 2657.3
1137090 2658.4
1137100 2660.3
1137110 2660.3
1137120 2663.0
1137130 2665.4
1137140 2665.4
1137150 2667.1
1137160 2668.4
1137170 2670.8
1137180 2671.0
1137190 2670.7
1137200 2670.1
1137210 2670.1
1137220 2667.7
1137230 2666.9
1137240 2666.9
1137250 2668.2
1137260 2669.5
1137270 2669.5
1137280 2670.2
1137290 2671.0
1137300 2671.0
1137310 2671.7
1137320 2672.4
1137330 2672.4
1137340 2672.5
1137350 2672.0
1137360 2672.0
1137370 2670.9
1137380 2671.6
1137390 2675.1
1137400 2675.1
1137410 2678.5
1137420 2681.3
1137430 2681.3
1137440 2683.8
1137450 2687.0
1137460 2687.0
1137470 2689.4
1137480 2689.7
1137490 2689.7
1137500 2690.1
1137510 2690.7
1137520 2690.7
1137530 2691.5
1137540 2692.1
1137550 2692.1
1137560 2693.8
1137570 2695.2
1137580 2696.3
1137590 2696.3
1137600 2698.7
1137610 2701.4
1137620 2701.4
1137630 2704.1
1137640 2706.9
1137650 2706.9
1137660 2709.4
1137670 2710.5
1137680 2710.5
1137690 2710.9
1137700 2710.6
1137710 2710.6
1137720 2711.0
1137730 2711.6
1137740 2711.6
1137750 2711.8
1137760 2712.0
1137770 2712.4
1137780 2712.4
1137790 2713.2
1137800 2714.2
1137810 2714.2
1137820 2715.2
1137830 2716.6
1137840 2716.6
1137850 2718.6
1137860 2721.0
1137870 2721.0
1137880 2722.8
1137890 2724.5
1137900 2725.2
1137910 2725.7
1137920 2726.0
1137930 2726.0
1137940 2726.6
1137950 2728.6
1137960 2731.2
1137970 2731.2
1137980 2734.1
1137990 2736.3
1138000 2736.3
1138010 2737.8
1138020 2740.2
1138030 2740.2
1138040 2743.3
1138050 2747.6
1138060 2747.6
1138070 2751.2
1138080 2754.7
1138090 2754.7
1138100 2757.8
1138110 2759.6
1138120 2759.6
1138130 2761.2
1138140 2763.0
1138150 2764.3
1138160 2764.3
1138170 2765.3
1138180 2766.7
1138190 2766.7
1138200 2768.4
1138210 2770.3
1138220 2770.3
1138230 2773.1
1138240 2776.6
1138250 2776.6
1138260 2779.1
1138270 2781.7
1138280 2781.7
1138290 2783.6
1138300 2785.9
1138310 2785.9
1138320 2788.6
1138330 2791.2
1138340 2793.5
1138350 2793.5
1138360 2796.0
1138370 2798.7
1138380 2798.7
1138390 2801.7
1138400 2804.7
1138410 2804.7
1138420 2807.6
1138430 2810.6
1138440 2810.6
1138450 2813.4
1138460 2817.6
1138470 2817.6
1138480 2821.6
1138490 2825.7
1138500 2825.7
1138510 2830.0
1138520 2833.8
1138530 2837.0
1138540 2837.0
1138550 2840.4
1138560 2843.8
1138570 2843.8
1138580 2847.1
1138590 2850.6
1138600 2850.6
1138610 2854.4
1138620 2858.9
1138630 2857.0
1138640 2861.2
1138650 2865.4
1138660 2865.4
1138670 2870.3
1138680 2875.0
1138690 2875.0
1138700 2879.2
1138710 2883.2
1138720 2887.0
1138730 2887.0
1138740 2890.1
1138750 2892.4
1138760 2892.4
1138770 2896.4
1138780 2901.0
1138790 2901.0
1138800 2905.0
1138810 2907.9
1138820 2907.9
1138830 2911.7
1138840 2914.3
1138850 2914.3
1138860 2916.8
1138870 2919.8
1138880 2919.8
1138890 2922.0
1138900 2924.5
1138910 2928.3
1138920 2928.3
1138930 2933.3
1138940 2938.4
1138950 2938.4
1138960 2944.3
1138970 2950.3
1138980 2950.3
1138990 2956.2
1139000 2956.7
1139010 2956.7
1139020 2962.1
1139030 2968.1
1139040 2968.1
1139050 2973.1
1139060 2977.9
1139070 2977.9
1139080 2983.5
1139090 2988.9
1139100 2993.5
1139110 2993.5
1139120 2997.1
1139130 2997.8
1139140 2997.8
1139150 2997.3
1139160 2996.9
1139170 2996.9
1139180 2996.0
1139190 2994.7
1139200 2994.7
1139210 2992.9
1139220 2990.2
1139230 2990.2
1139240 2987.6
1139250 2986.4
1139260 2986.4
1139270 2986.7
1139280 2987.1
1139290 2987.3
1139300 2987.3
1139310 2988.0
1139320 2988.4
1139330 2988.4
1139340 2988.3
1139350 2987.9
1139360 2984.9
1139370 2984.5
1139380 2981.8
1139390 2981.8
1139400 2975.9
1139410 2969.2
1139420 2969.2
1139430 2964.1
1139440 2960.7
1139450 2960.7
1139460 2954.4
1139470 2943.7
1139480 2939.2
1139490 2939.2
1139500 2935.4
1139510 2930.8
1139520 2930.8
1139530 2928.1
1139540 2925.2
1139550 2925.2
1139560 2921.2
1139570 2915.8
1139580 2915.8
1139590 2910.5
1139600 2908.4
1139610 2908.4
1139620 2906.8
1139630 2905.2
1139640 2905.2
1139650 2904.0
1139660 2902.9
1139670 2901.8
1139680 2901.8
1139690 2901.0
1139700 2900.4
1139710 2900.4
1139720 2900.0
1139730 2901.4
1139740 2901.4
1139750 2901.1
1139760 2900.7
1139770 2900.7
1139780 2900.6
1139790 2900.5
1139800 2900.5
1139810 2900.5
1139820 2900.4
1139830 2900.4
1139840 2900.4
1139850 2900.3
1139860 2900.3
1139870 2900.4
1139880 2900.3
1139890 2900.3
1139900 2900.3
1139910 2900.3
