1120000 2464.6
1120010 2464.6
1120020 2453.5
1120030 2443.6
1120040 2443.6
1120050 2436.0
1120060 2428.2
1120070 2422.4
1120080 2422.4
1120090 2400.8
1120100 2382.7
1120110 2382.7
1120120 2368.6
1120130 2360.2
1120140 2360.2
1120150 2350.8
1120160 2342.2
1120170 2342.2
1120180 2333.4
1120190 2326.3
1120200 2326.3
1120210 2320.1
1120220 2315.0
1120230 2315.0
1120240 2310.9
1120250 2307.1
1120260 2303.1
1120270 2303.1
1120280 2298.8
1120290 2293.1
1120300 2293.1
1120310 2287.6
1120320 2284.6
1120330 2284.6
1120340 2282.0
1120350 2282.5
1120360 2282.5
1120370 2282.9
1120380 2283.5
1120390 2283.5
1120400 2283.3
1120410 2281.0
1120420 2281.0
1120430 2283.7
1120440 2283.7
1120450 2283.3
1120460 2283.3
1120470 2283.1
1120480 2281.0
1120490 2281.0
1120500 2278.7
1120510 2275.5
1120520 2275.5
1120530 2272.1
1120540 2270.9
1120550 2270.9
1120560 2270.4
1120570 2270.7
1120580 2270.7
1120590 2272.6
1120600 2276.8
1120610 2276.8
1120620 2282.3
1120630 2285.8
1120640 2288.5
1120650 2288.5
1120660 2291.1
1120670 2294.0
1120680 2294.0
1120690 2296.8
1120700 2299.8
1120710 2299.8
1120720 2302.9
1120730 2306.3
1120740 2306.3
1120750 2308.6
1120760 2312.9
1120770 2312.9
1120780 2322.2
1120790 2326.9
1120800 2326.9
1120810 2335.4
1120820 2340.4
1120830 2340.4
1120840 2338.4
1120850 2332.7
1120860 2331.5
1120870 2331.5
1120880 2334.1
1120890 2338.1
1120900 2338.1
1120910 2341.6
1120920 2344.7
1120930 2344.7
1120940 2347.7
1120950 2351.7
1120960 2351.7
1120970 2356.7
1120980 2361.9
1120990 2361.9
1121000 2366.1
1121010 2371.2
1121020 2371.2
1121030 2376.8
1121040 2381.1
1121050 2384.4
1121060 2384.4
1121070 2387.9
1121080 2391.6
1121090 2391.6
1121100 2395.7
1121110 2400.2
1121120 2400.2
1121130 2410.2
1121140 2415.1
1121150 2415.1
1121160 2420.9
1121170 2429.0
1121180 2429.0
1121190 2431.8
1121200 2431.8
1121210 2431.8
1121220 2434.7
1121230 2437.7
1121240 2442.6
1121250 2442.6
1121260 2449.5
1121270 2458.3
1121280 2458.3
1121290 2465.3
1121300 2469.4
1121310 2469.4
1121320 2472.5
1121330 2472.6
1121340 2472.6
1121350 2476.8
1121360 2481.2
1121370 2481.2
1121380 2486.8
1121390 2491.7
1121400 2491.7
1121410 2494.0
1121420 2497.1
1121430 2496.5
1121440 2496.5
1121450 2497.7
1121460 2501.1
1121470 2501.1
1121480 2507.0
1121490 2509.5
1121500 2509.5
1121510 2510.9
1121520 2513.1
1121530 2513.1
1121540 2516.2
1121550 2520.3
1121560 2520.3
1121570 2523.9
1121580 2524.6
1121590 2524.6
1121600 2524.8
1121610 2526.4
1121620 2524.7
1121630 2524.7
1121640 2519.2
1121650 2515.9
1121660 2515.9
1121670 2510.7
1121680 2508.3
1121690 2508.3
1121700 2506.5
1121710 2505.3
1121720 2505.3
1121730 2505.8
1121740 2505.9
1121750 2505.9
1121760 2505.8
1121770 2505.4
1121780 2505.4
1121790 2504.7
1121800 2503.6
1121810 2501.9
1121820 2507.8
1121830 2506.2
1121840 2507.2
1121850 2507.2
1121860 2507.5
1121870 2508.3
1121880 2508.3
1121890 2508.0
1121900 2507.6
1121910 2507.6
1121920 2506.7
1121930 2506.3
1121940 2506.3
1121950 2506.6
1121960 2507.3
1121970 2507.3
1121980 2507.9
1121990 2508.9
1122000 2509.6
1122010 2509.6
1122020 2510.0
1122030 2510.5
1122040 2510.5
1122050 2511.1
1122060 2512.0
1122070 2512.0
1122080 2514.0
1122090 2518.7
1122100 2518.7
1122110 2524.1
1122120 2528.0
1122130 2528.0
1122140 2531.8
1122150 2535.9
1122160 2535.9
1122170 2539.4
1122180 2542.7
1122190 2546.7
1122200 2546.7
1122210 2551.3
1122220 2554.0
1122230 2554.0
1122240 2554.9
1122250 2557.7
1122260 2557.7
1122270 2561.5
1122280 2565.2
1122290 2565.2
1122300 2567.3
1122310 2569.1
1122320 2569.1
1122330 2572.4
1122340 2576.2
1122350 2576.2
1122360 2579.1
1122370 2580.9
1122380 2581.2
1122390 2581.2
1122400 2581.2
1122410 2582.0
1122420 2582.0
1122430 2582.1
1122440 2583.6
1122450 2583.6
1122460 2587.1
1122470 2591.3
1122480 2591.3
1122490 2597.3
1122500 2602.4
1122510 2602.4
1122520 2607.7
1122530 2611.5
1122540 2611.5
1122550 2615.6
1122560 2620.0
1122570 2620.0
1122580 2622.6
1122590 2626.4
1122600 2632.1
1122610 2632.1
1122620 2636.2
1122630 2642.3
1122640 2642.3
1122650 2647.9
1122660 2649.6
1122670 2649.6
1122680 2651.0
1122690 2654.2
1122700 2654.2
1122710 2656.5
1122720 2657.5
1122730 2657.5
1122740 2658.2
1122750 2657.9
1122760 2657.9
1122770 2655.7
1122780 2653.8
1122790 2654.8
1122800 2654.8
1122810 2660.7
1122820 2666.0
1122830 2666.0
1122840 2663.6
1122850 2657.2
1122860 2657.2
1122870 2649.3
1122880 2648.4
1122890 2648.4
1122900 2641.9
1122910 2638.5
1122920 2638.5
1122930 2621.6
1122940 2611.2
1122950 2611.2
1122960 2605.0
1122970 2597.8
1122980 2586.7
1122990 2586.7
1123000 2581.5
1123010 2577.2
1123020 2577.2
1123030 2572.0
1123040 2566.2
1123050 2566.2
1123060 2561.0
1123070 2555.8
1123080 2555.8
1123090 2551.7
1123100 2548.9
1123110 2548.9
1123120 2544.8
1123130 2539.8
1123140 2539.8
1123150 2537.0
1123160 2536.4
1123170 2535.8
1123180 2535.8
1123190 2532.7
1123200 2523.4
1123210 2523.4
1123220 2520.8
1123230 2517.9
1123240 2517.9
1123250 2516.3
1123260 2515.4
1123270 2515.4
1123280 2514.5
1123290 2513.4
1123300 2513.4
1123310 2510.2
1123320 2504.9
1123330 2504.9
1123340 2498.6
1123350 2491.9
1123360 2486.0
1123370 2486.0
1123380 2481.4
1123390 2478.4
1123400 2478.4
1123410 2476.4
1123420 2473.2
1123430 2473.2
1123440 2468.2
1123450 2462.4
1123460 2462.4
1123470 2456.1
1123480 2450.9
1123490 2450.9
1123500 2447.0
1123510 2444.3
1123520 2444.3
1123530 2441.8
1123540 2437.8
1123550 2435.1
1123560 2435.1
1123570 2431.9
1123580 2428.9
1123590 2428.9
1123600 2425.6
1123610 2421.9
1123620 2421.9
1123630 2417.8
1123640 2413.1
1123650 2413.1
1123660 2404.4
1123670 2398.8
1123680 2398.8
1123690 2395.8
1123700 2392.1
1123710 2392.1
1123720 2387.8
1123730 2384.0
1123740 2380.9
1123750 2380.9
1123760 2376.6
1123770 2371.3
1123780 2371.3
1123790 2366.6
1123800 2362.2
1123810 2362.2
1123820 2351.9
1123830 2344.6
1123840 2344.6
1123850 2339.2
1123860 2333.3
1123870 2333.3
1123880 2327.8
1123890 2322.3
1123900 2322.3
1123910 2318.1
1123920 2317.9
1123930 2312.4
1123940 2312.4
1123950 2305.0
1123960 2296.8
1123970 2296.8
1123980 2287.9
1123990 2278.9
1124000 2278.9
1124010 2268.5
1124020 2259.9
1124030 2259.9
1124040 2253.9
1124050 2249.4
1124060 2249.4
1124070 2243.9
1124080 2237.8
1124090 2237.8
1124100 2232.0
1124110 2226.3
1124120 2221.4
1124130 2221.4
1124140 2218.6
1124150 2216.0
1124160 2216.0
1124170 2212.2
1124180 2208.3
1124190 2208.3
1124200 2204.9
1124210 2201.2
1124220 2201.2
1124230 2197.7
1124240 2194.0
1124250 2194.0
1124260 2190.1
1124270 2187.4
1124280 2187.4
1124290 2183.9
1124300 2180.9
1124310 2180.9
1124320 2178.1
1124330 2175.9
1124340 2173.6
1124350 2173.6
1124360 2172.8
1124370 2170.8
1124380 2170.8
1124390 2168.2
1124400 2165.9
1124410 2165.9
1124420 2163.9
1124430 2161.7
1124440 2161.7
1124450 2159.9
1124460 2158.0
1124470 2158.0
1124480 2156.1
1124490 2154.8
1124500 2154.8
1124510 2153.5
1124520 2153.2
1124530 2152.8
1124540 2152.8
1124550 2151.8
1124560 2151.3
1124570 2151.3
1124580 2151.1
1124590 2151.0
1124600 2151.0
1124610 2150.5
1124620 2151.8
1124630 2151.8
1124640 2151.7
1124650 2150.9
1124660 2150.9
1124670 2146.6
1124680 2139.1
1124690 2139.1
1124700 2136.7
1124710 2141.1
1124720 2148.4
1124730 2148.4
1124740 2151.9
1124750 2152.1
1124760 2152.1
1124770 2152.8
1124780 2155.2
1124790 2155.2
1124800 2158.4
1124810 2162.8
1124820 2162.8
1124830 2167.7
1124840 2172.5
1124850 2172.5
1124860 2175.3
1124870 2179.0
1124880 2179.0
1124890 2184.2
1124900 2188.4
1124910 2192.3
1124920 2192.3
1124930 2195.8
1124940 2200.5
1124950 2200.5
1124960 2205.4
1124970 2209.2
1124980 2209.2
1124990 2214.3
1125000 2219.5
1125010 2219.5
1125020 2224.5
1125030 2230.2
1125040 2230.2
1125050 2234.4
1125060 2238.9
1125070 2238.9
1125080 2243.5
1125090 2248.2
1125100 2253.9
1125110 2253.9
1125120 2261.7
1125130 2268.5
1125140 2268.5
1125150 2272.5
1125160 2274.8
1125170 2274.8
1125180 2277.4
1125190 2279.6
1125200 2279.6
1125210 2282.8
1125220 2288.2
1125230 2288.2
1125240 2294.5
1125250 2301.7
1125260 2301.7
1125270 2309.0
1125280 2313.6
1125290 2317.3
1125300 2317.3
1125310 2321.4
1125320 2324.6
1125330 2324.6
1125340 2329.1
1125350 2333.0
1125360 2333.0
1125370 2336.7
1125380 2340.1
1125390 2340.1
1125400 2343.8
1125410 2347.2
1125420 2347.2
1125430 2353.1
1125440 2359.5
1125450 2359.5
1125460 2363.1
1125470 2360.8
1125480 2358.7
1125490 2358.7
1125500 2359.3
1125510 2362.6
1125520 2362.6
1125530 2367.6
1125540 2374.2
1125550 2374.2
1125560 2381.3
1125570 2387.9
1125580 2387.9
1125590 2392.9
1125600 2397.4
1125610 2397.4
1125620 2402.1
1125630 2406.7
1125640 2406.7
1125650 2411.2
1125660 2416.1
1125670 2420.3
1125680 2418.1
1125690 2423.3
1125700 2429.0
1125710 2429.0
1125720 2433.8
1125730 2438.6
1125740 2438.6
1125750 2444.0
1125760 2449.4
1125770 2449.4
1125780 2455.2
1125790 2460.6
1125800 2460.6
1125810 2466.9
1125820 2473.6
1125830 2473.6
1125840 2480.0
1125850 2486.6
1125860 2493.1
1125870 2493.1
1125880 2498.7
1125890 2503.2
1125900 2503.2
1125910 2505.7
1125920 2507.4
1125930 2507.4
1125940 2508.4
1125950 2510.8
1125960 2510.8
1125970 2513.7
1125980 2516.7
1125990 2516.7
1126000 2519.4
1126010 2521.6
1126020 2521.6
1126030 2522.6
1126040 2526.1
1126050 2530.0
1126060 2530.0
1126070 2536.1
1126080 2540.4
1126090 2540.4
1126100 2543.0
1126110 2544.7
1126120 2544.7
1126130 2547.2
1126140 2550.6
1126150 2550.6
1126160 2555.3
1126170 2560.5
1126180 2560.5
1126190 2565.7
1126200 2570.5
1126210 2570.5
1126220 2573.9
1126230 2584.0
1126240 2584.0
1126250 2590.9
1126260 2591.0
1126270 2589.6
1126280 2589.6
1126290 2593.6
1126300 2593.5
1126310 2593.5
1126320 2597.0
1126330 2601.3
1126340 2601.3
1126350 2603.1
1126360 2603.3
1126370 2603.3
1126380 2600.3
1126390 2602.6
1126400 2602.6
1126410 2604.3
1126420 2610.6
1126430 2610.6
1126440 2617.5
1126450 2621.2
1126460 2624.4
1126470 2624.4
1126480 2628.0
1126490 2632.8
1126500 2632.8
1126510 2637.4
1126520 2642.6
1126530 2642.6
1126540 2648.4
1126550 2652.7
1126560 2652.7
1126570 2656.7
1126580 2659.5
1126590 2659.5
1126600 2661.9
1126610 2663.3
1126620 2663.3
1126630 2663.4
1126640 2662.0
1126650 2661.4
1126660 2661.4
1126670 2663.2
1126680 2663.2
1126690 2663.2
1126700 2661.3
1126710 2659.4
1126720 2659.4
1126730 2660.0
1126740 2658.0
1126750 2658.0
1126760 2656.8
1126770 2656.3
1126780 2656.3
1126790 2655.2
1126800 2653.8
1126810 2653.8
1126820 2652.1
1126830 2647.0
1126840 2638.1
1126850 2638.1
1126860 2628.3
1126870 2619.1
1126880 2619.1
1126890 2612.2
1126900 2607.5
1126910 2607.5
1126920 2604.8
1126930 2600.5
1126940 2600.5
1126950 2595.1
1126960 2590.8
1126970 2590.8
1126980 2590.8
1126990 2591.9
1127000 2591.9
1127010 2593.1
1127020 2594.5
1127030 2596.4
1127040 2596.4
1127050 2598.6
1127060 2601.1
1127070 2601.1
1127080 2602.7
1127090 2605.0
1127100 2605.0
1127110 2603.8
1127120 2600.9
1127130 2600.9
1127140 2599.6
1127150 2598.4
1127160 2598.4
1127170 2595.4
1127180 2589.9
1127190 2589.9
1127200 2585.3
1127210 2580.9
1127220 2579.4
1127230 2579.4
1127240 2581.3
1127250 2584.4
1127260 2584.4
1127270 2583.0
1127280 2583.1
1127290 2583.1
1127300 2579.2
1127310 2577.1
1127320 2577.1
1127330 2580.7
1127340 2582.6
1127350 2582.6
1127360 2582.6
1127370 2582.9
1127380 2582.9
1127390 2585.7
1127400 2587.4
1127410 2590.1
1127420 2590.1
1127430 2593.2
1127440 2599.3
1127450 2599.3
1127460 2600.3
1127470 2600.9
1127480 2600.9
1127490 2598.1
1127500 2594.0
1127510 2594.0
1127520 2592.5
1127530 2592.4
1127540 2592.4
1127550 2590.0
1127560 2587.0
1127570 2587.0
1127580 2576.0
1127590 2560.6
1127600 2557.1
1127610 2557.1
1127620 2553.9
1127630 2549.9
1127640 2549.9
1127650 2545.5
1127660 2540.6
1127670 2540.6
1127680 2536.8
1127690 2534.2
1127700 2534.2
1127710 2531.6
1127720 2529.0
1127730 2529.0
1127740 2526.4
1127750 2524.1
1127760 2524.1
1127770 2522.1
1127780 2520.7
1127790 2518.2
1127800 2522.3
1127810 2522.3
1127820 2518.5
1127830 2518.5
1127840 2521.1
1127850 2527.7
1127860 2527.7
1127870 2528.9
1127880 2526.8
1127890 2526.8
1127900 2525.0
1127910 2523.6
1127920 2523.6
1127930 2525.0
1127940 2525.4
1127950 2525.4
1127960 2526.6
1127970 2529.7
1127980 2529.7
1127990 2533.0
1128000 2536.2
1128010 2537.4
1128020 2537.4
1128030 2537.9
1128040 2540.2
1128050 2540.2
1128060 2539.5
1128070 2538.7
1128080 2538.7
1128090 2539.6
1128100 2540.6
1128110 2540.6
1128120 2542.1
1128130 2540.0
1128140 2540.0
1128150 2542.7
1128160 2542.3
1128170 2542.3
1128180 2546.2
1128190 2551.3
1128200 2551.8
1128210 2551.8
1128220 2550.6
1128230 2549.3
1128240 2549.3
1128250 2548.0
1128260 2548.0
1128270 2548.0
1128280 2550.7
1128290 2552.5
1128300 2552.5
1128310 2552.3
1128320 2552.5
1128330 2552.5
1128340 2551.7
1128350 2553.2
1128360 2553.2
1128370 2555.9
1128380 2558.1
1128390 2561.0
1128400 2561.0
1128410 2564.4
1128420 2568.2
1128430 2568.2
1128440 2572.2
1128450 2576.2
1128460 2576.2
1128470 2580.8
1128480 2585.4
1128490 2585.4
1128500 2588.6
1128510 2592.6
1128520 2592.6
1128530 2596.1
1128540 2599.8
1128550 2599.8
1128560 2603.7
1128570 2606.5
1128580 2608.5
1128590 2608.5
1128600 2610.9
1128610 2614.7
1128620 2614.7
1128630 2618.1
1128640 2621.2
1128650 2621.2
1128660 2624.6
1128670 2628.0
1128680 2628.0
1128690 2631.6
1128700 2634.9
1128710 2634.9
1128720 2637.7
1128730 2639.6
1128740 2639.6
1128750 2640.8
1128760 2641.8
1128770 2643.2
1128780 2643.2
1128790 2645.8
1128800 2648.5
1128810 2648.5
1128820 2650.7
1128830 2652.8
1128840 2652.8
1128850 2654.7
1128860 2655.5
1128870 2655.5
1128880 2657.5
1128890 2659.4
1128900 2659.4
1128910 2661.1
1128920 2663.0
1128930 2663.0
1128940 2665.6
1128950 2668.9
1128960 2672.2
1128970 2672.2
1128980 2675.2
1128990 2678.0
1129000 2678.0
1129010 2680.6
1129020 2683.3
1129030 2683.3
1129040 2685.2
1129050 2687.1
1129060 2687.1
1129070 2689.0
1129080 2690.9
1129090 2690.9
1129100 2695.0
1129110 2699.0
1129120 2699.0
1129130 2699.9
1129140 2699.3
1129150 2699.6
1129160 2699.6
1129170 2702.3
1129180 2705.2
1129190 2705.2
1129200 2707.2
1129210 2709.5
1129220 2712.5
1129230 2713.1
1129240 2713.2
1129250 2713.2
1129260 2715.1
1129270 2717.2
1129280 2717.2
1129290 2720.4
1129300 2731.5
1129310 2731.5
1129320 2743.7
1129330 2747.4
1129340 2748.5
1129350 2748.5
1129360 2750.2
1129370 2751.9
1129380 2751.9
1129390 2752.4
1129400 2752.9
1129410 2752.9
1129420 2753.1
1129430 2755.3
1129440 2755.3
1129450 2756.5
1129460 2756.1
1129470 2756.1
1129480 2755.8
1129490 2756.3
1129500 2756.3
1129510 2755.1
1129520 2754.6
1129530 2757.3
1129540 2757.3
1129550 2758.8
1129560 2759.1
1129570 2765.0
1129580 2764.7
1129590 2766.7
1129600 2766.7
1129610 2769.6
1129620 2772.4
1129630 2772.4
1129640 2774.8
1129650 2777.0
1129660 2777.0
1129670 2780.6
1129680 2784.3
1129690 2784.3
1129700 2787.0
1129710 2787.9
1129720 2789.7
1129730 2789.7
1129740 2792.1
1129750 2794.8
1129760 2794.8
1129770 2797.4
1129780 2800.1
1129790 2800.1
1129800 2802.7
1129810 2805.3
1129820 2805.3
1129830 2807.8
1129840 2810.2
1129850 2810.2
1129860 2812.6
1129870 2815.0
1129880 2815.0
1129890 2817.4
1129900 2819.9
1129910 2822.5
1129920 2822.5
1129930 2831.2
1129940 2834.1
1129950 2834.1
1129960 2837.5
1129970 2841.2
1129980 2841.2
1129990 2845.7
1130000 2855.6
1130010 2855.6
1130020 2867.2
1130030 2874.8
1130040 2874.8
1130050 2878.6
1130060 2882.2
1130070 2882.2
1130080 2885.2
1130090 2878.8
1130100 2878.8
1130110 2871.7
1130120 2873.8
1130130 2883.7
1130140 2883.7
1130150 2903.0
1130160 2898.6
1130170 2898.6
1130180 2885.9
1130190 2883.8
1130200 2883.8
1130210 2869.6
1130220 2864.5
1130230 2864.5
1130240 2862.8
1130250 2858.4
1130260 2858.4
1130270 2856.4
1130280 2834.6
1130290 2834.6
1130300 2825.0
1130310 2813.2
1130320 2806.0
1130330 2806.0
1130340 2803.3
1130350 2801.7
1130360 2801.7
1130370 2800.8
1130380 2801.4
1130390 2801.4
1130400 2812.6
1130410 2821.9
1130420 2821.9
1130430 2824.1
1130440 2820.2
1130450 2820.2
1130460 2804.1
1130470 2794.0
1130480 2794.0
1130490 2790.8
1130500 2790.2
1130510 2791.3
1130520 2791.3
1130530 2796.7
1130540 2815.5
1130550 2815.5
1130560 2822.3
1130570 2831.9
1130580 2831.9
1130590 2837.4
1130600 2846.3
1130610 2846.3
1130620 2854.1
1130630 2861.6
1130640 2849.4
1130650 2852.1
1130660 2854.6
1130670 2854.6
1130680 2857.1
1130690 2857.2
1130700 2850.3
1130710 2850.3
1130720 2847.6
1130730 2843.8
1130740 2843.8
1130750 2834.6
1130760 2825.6
1130770 2825.6
1130780 2819.5
1130790 2810.6
1130800 2810.6
1130810 2797.7
1130820 2789.4
1130830 2789.4
1130840 2779.3
1130850 2767.4
1130860 2767.4
1130870 2754.3
1130880 2743.7
1130890 2734.6
1130900 2734.6
1130910 2728.7
1130920 2726.5
1130930 2726.5
1130940 2733.5
1130950 2732.5
1130960 2732.5
1130970 2725.9
1130980 2722.1
1130990 2722.1
1131000 2709.0
1131010 2704.9
1131020 2704.9
1131030 2703.2
1131040 2695.3
1131050 2695.3
1131060 2685.2
1131070 2680.3
1131080 2669.7
1131090 2669.7
1131100 2664.7
1131110 2664.1
1131120 2664.1
1131130 2654.3
1131140 2645.5
1131150 2645.5
1131160 2642.2
1131170 2631.8
1131180 2631.8
1131190 2617.1
1131200 2607.8
1131210 2607.8
1131220 2605.1
1131230 2592.9
1131240 2592.9
1131250 2578.3
1131260 2566.0
1131270 2558.2
1131280 2558.2
1131290 2549.2
1131300 2541.2
1131310 2541.2
1131320 2533.8
1131330 2526.6
1131340 2526.6
1131350 2519.9
1131360 2512.5
1131370 2512.5
1131380 2505.5
1131390 2496.3
1131400 2496.3
1131410 2486.6
1131420 2480.0
1131430 2480.0
1131440 2473.6
1131450 2467.0
1131460 2460.8
1131470 2460.8
1131480 2455.6
1131490 2452.0
1131500 2452.0
1131510 2446.5
1131520 2440.2
1131530 2440.2
1131540 2433.8
1131550 2423.8
1131560 2423.8
1131570 2414.0
1131580 2406.9
1131590 2406.9
1131600 2400.1
1131610 2392.4
1131620 2392.4
1131630 2384.4
1131640 2379.7
1131650 2373.1
1131660 2373.1
1131670 2363.3
1131680 2350.5
1131690 2350.5
1131700 2343.5
1131710 2337.4
1131720 2337.4
1131730 2331.1
1131740 2325.1
1131750 2325.1
1131760 2319.6
1131770 2314.7
1131780 2314.7
1131790 2309.1
1131800 2303.1
1131810 2303.1
1131820 2295.4
1131830 2288.8
1131840 2281.8
1131850 2281.8
1131860 2274.9
1131870 2268.8
1131880 2268.8
1131890 2262.7
1131900 2255.5
1131910 2255.5
1131920 2247.5
1131930 2239.7
1131940 2239.7
1131950 2231.5
1131960 2222.8
1131970 2222.8
1131980 2214.2
1131990 2206.4
1132000 2206.4
1132010 2200.3
1132020 2192.9
1132030 2192.9
1132040 2184.8
1132050 2177.0
1132060 2170.1
1132070 2169.6
1132080 2163.7
1132090 2159.7
1132100 2159.7
1132110 2156.8
1132120 2154.0
1132130 2154.0
1132140 2151.6
1132150 2149.1
1132160 2149.1
1132170 2146.6
1132180 2145.0
1132190 2145.0
1132200 2143.3
1132210 2141.2
1132220 2141.2
1132230 2138.5
1132240 2138.1
1132250 2138.3
1132260 2138.3
1132270 2137.7
1132280 2138.2
1132290 2138.2
1132300 2138.6
1132310 2139.6
1132320 2139.6
1132330 2140.8
1132340 2142.2
1132350 2142.2
1132360 2144.1
1132370 2146.3
1132380 2146.3
1132390 2148.1
1132400 2148.6
1132410 2148.6
1132420 2147.0
1132430 2146.0
1132440 2145.7
1132450 2145.7
1132460 2145.2
1132470 2145.3
1132480 2145.3
1132490 2145.4
1132500 2146.4
1132510 2146.4
1132520 2148.7
1132530 2153.4
1132540 2153.4
1132550 2159.5
1132560 2165.7
1132570 2165.7
1132580 2172.7
1132590 2180.9
1132600 2180.9
1132610 2187.9
1132620 2193.8
1132630 2197.4
1132640 2197.4
1132650 2200.7
1132660 2204.6
1132670 2204.6
1132680 2209.9
1132690 2216.2
1132700 2216.2
1132710 2222.5
1132720 2229.6
1132730 2229.6
1132740 2235.3
1132750 2237.9
1132760 2237.9
1132770 2243.6
1132780 2249.6
1132790 2252.0
1132800 2258.4
1132810 2265.2
1132820 2273.3
1132830 2273.3
1132840 2282.5
1132850 2288.3
1132860 2288.3
1132870 2293.7
1132880 2298.0
1132890 2298.0
1132900 2301.9
1132910 2303.1
1132920 2303.1
1132930 2303.9
1132940 2304.5
1132950 2304.5
1132960 2303.2
1132970 2301.7
1132980 2301.7
1132990 2299.6
1133000 2298.0
1133010 2299.4
1133020 2299.4
1133030 2297.7
1133040 2295.1
1133050 2295.1
1133060 2297.8
1133070 2301.9
1133080 2301.9
1133090 2305.6
1133100 2308.8
1133110 2308.8
1133120 2310.9
1133130 2313.6
1133140 2313.6
1133150 2316.9
1133160 2313.7
1133170 2313.7
1133180 2310.7
1133190 2310.5
1133200 2311.8
1133210 2311.8
1133220 2312.1
1133230 2311.5
1133240 2311.5
1133250 2311.9
1133260 2312.2
1133270 2312.2
1133280 2311.3
1133290 2310.8
1133300 2310.8
1133310 2310.9
1133320 2309.5
1133330 2309.5
1133340 2308.4
1133350 2307.1
1133360 2307.1
1133370 2306.3
1133380 2306.7
1133390 2307.6
1133400 2307.6
1133410 2308.5
1133420 2309.3
1133430 2309.3
1133440 2310.7
1133450 2311.6
1133460 2311.6
1133470 2311.2
1133480 2311.4
1133490 2311.4
1133500 2311.2
1133510 2316.0
1133520 2316.0
1133530 2316.5
1133540 2317.3
1133550 2317.3
1133560 2316.8
1133570 2315.8
1133580 2315.3
1133590 2315.3
1133600 2316.2
1133610 2317.5
1133620 2317.5
1133630 2317.8
1133640 2319.1
1133650 2319.1
1133660 2320.8
1133670 2322.1
1133680 2322.1
1133690 2323.4
1133700 2325.1
1133710 2325.1
1133720 2326.0
1133730 2325.9
1133740 2325.9
1133750 2326.2
1133760 2326.5
1133770 2326.5
1133780 2326.5
1133790 2327.4
1133800 2329.3
1133810 2329.3
1133820 2330.7
1133830 2331.8
1133840 2331.8
1133850 2332.0
1133860 2332.6
1133870 2335.0
1133880 2336.7
1133890 2338.0
1133900 2338.0
1133910 2337.9
1133920 2336.7
1133930 2336.7
1133940 2335.5
1133950 2335.5
1133960 2336.4
1133970 2336.4
1133980 2337.6
1133990 2339.2
1134000 2339.2
1134010 2340.1
1134020 2341.0
1134030 2341.0
1134040 2342.2
1134050 2343.9
1134060 2343.9
1134070 2345.8
1134080 2347.8
1134090 2347.8
1134100 2349.6
1134110 2351.5
1134120 2351.5
1134130 2353.6
1134140 2355.7
1134150 2355.7
1134160 2357.4
1134170 2357.8
1134180 2358.2
1134190 2358.2
1134200 2358.5
1134210 2358.9
1134220 2358.9
1134230 2364.6
1134240 2365.5
1134250 2365.5
1134260 2366.2
1134270 2367.0
1134280 2367.0
1134290 2367.3
1134300 2367.1
1134310 2367.1
1134320 2366.5
1134330 2366.3
1134340 2366.3
1134350 2367.1
1134360 2367.9
1134370 2368.8
1134380 2368.8
1134390 2369.8
1134400 2370.6
1134410 2370.6
1134420 2371.5
1134430 2372.1
1134440 2372.1
1134450 2372.7
1134460 2373.6
1134470 2373.6
1134480 2374.0
1134490 2374.0
1134500 2374.0
1134510 2374.1
1134520 2373.2
1134530 2373.2
1134540 2372.3
1134550 2371.1
1134560 2370.1
1134570 2370.1
1134580 2371.3
1134590 2380.5
1134600 2380.5
1134610 2383.4
1134620 2386.3
1134630 2386.3
1134640 2389.4
1134650 2393.6
1134660 2393.6
1134670 2398.9
1134680 2406.1
1134690 2406.1
1134700 2411.9
1134710 2415.6
1134720 2415.6
1134730 2418.2
1134740 2420.9
1134750 2425.6
1134760 2425.6
1134770 2431.2
1134780 2436.8
1134790 2436.8
1134800 2442.4
1134810 2448.5
1134820 2448.5
1134830 2455.6
1134840 2462.7
1134850 2462.7
1134860 2467.0
1134870 2466.9
1134880 2466.9
1134890 2467.0
1134900 2465.5
1134910 2465.5
1134920 2464.0
1134930 2461.2
1134940 2455.2
1134950 2461.1
1134960 2455.2
1134970 2450.4
1134980 2450.4
1134990 2446.1
1135000 2442.2
1135010 2442.2
1135020 2438.2
1135030 2434.9
1135040 2434.9
1135050 2432.2
1135060 2429.6
1135070 2429.6
1135080 2427.7
1135090 2425.9
1135100 2425.9
1135110 2424.5
1135120 2424.8
1135130 2426.3
1135140 2426.3
1135150 2425.9
1135160 2424.9
1135170 2424.9
1135180 2424.2
1135190 2423.4
1135200 2423.4
1135210 2422.2
1135220 2419.8
1135230 2419.8
1135240 2418.0
1135250 2416.1
1135260 2416.1
1135270 2413.3
1135280 2410.9
1135290 2410.9
1135300 2408.8
1135310 2408.4
1135320 2405.7
1135330 2405.7
1135340 2403.1
1135350 2400.3
1135360 2400.3
1135370 2398.0
1135380 2396.0
1135390 2396.0
1135400 2393.5
1135410 2392.0
1135420 2392.0
1135430 2391.9
1135440 2393.9
1135450 2393.9
1135460 2397.2
1135470 2398.7
1135480 2398.7
1135490 2400.0
1135500 2401.0
1135510 2400.2
1135520 2400.2
1135530 2399.7
1135540 2399.0
1135550 2399.0
1135560 2399.3
1135570 2401.4
1135580 2401.4
1135590 2404.2
1135600 2407.5
1135610 2407.5
1135620 2409.4
1135630 2410.0
1135640 2410.0
1135650 2411.8
1135660 2410.8
1135670 2410.8
1135680 2416.2
1135690 2414.4
1135700 2413.8
1135710 2413.8
1135720 2414.1
1135730 2416.3
1135740 2416.3
1135750 2420.3
1135760 2424.4
1135770 2424.4
1135780 2427.5
1135790 2431.1
1135800 2431.1
1135810 2434.6
1135820 2438.0
1135830 2438.0
1135840 2441.6
1135850 2445.5
1135860 2445.5
1135870 2449.3
1135880 2453.0
1135890 2456.8
1135900 2456.8
1135910 2460.5
1135920 2463.9
1135930 2463.9
1135940 2466.1
1135950 2467.0
1135960 2467.0
1135970 2468.5
1135980 2468.8
1135990 2468.8
1136000 2469.8
1136010 2473.3
1136020 2473.3
1136030 2477.2
1136040 2477.4
1136050 2477.4
1136060 2480.6
1136070 2484.0
1136080 2487.6
1136090 2487.6
1136100 2491.1
1136110 2498.3
1136120 2498.3
1136130 2506.0
1136140 2511.8
1136150 2511.8
1136160 2517.5
1136170 2523.4
1136180 2523.4
1136190 2529.9
1136200 2536.8
1136210 2536.8
1136220 2543.2
1136230 2548.6
1136240 2548.6
1136250 2553.0
1136260 2556.8
1136270 2556.8
1136280 2560.1
1136290 2563.4
1136300 2568.3
1136310 2568.3
1136320 2573.2
1136330 2574.8
1136340 2574.8
1136350 2576.4
1136360 2578.4
1136370 2578.4
1136380 2579.8
1136390 2581.3
1136400 2579.7
1136410 2582.2
1136420 2584.3
1136430 2584.3
1136440 2586.3
1136450 2590.0
1136460 2590.0
1136470 2592.3
1136480 2595.6
1136490 2601.4
1136500 2601.4
1136510 2608.3
1136520 2615.4
1136530 2615.4
1136540 2622.3
1136550 2629.4
1136560 2629.4
1136570 2636.5
1136580 2643.5
1136590 2643.5
1136600 2649.8
1136610 2655.8
1136620 2655.8
1136630 2662.1
1136640 2668.6
1136650 2668.6
1136660 2675.5
1136670 2682.7
1136680 2690.2
1136690 2690.2
1136700 2698.0
1136710 2706.1
1136720 2706.1
1136730 2714.1
1136740 2721.4
1136750 2721.4
1136760 2727.0
1136770 2731.8
1136780 2731.8
1136790 2733.2
1136800 2736.0
1136810 2736.0
1136820 2737.9
1136830 2738.9
1136840 2738.9
1136850 2737.8
1136860 2736.8
1136870 2736.0
1136880 2736.0
1136890 2735.4
1136900 2735.9
1136910 2735.9
1136920 2739.0
1136930 2741.5
1136940 2741.5
1136950 2742.8
1136960 2744.8
1136970 2744.8
1136980 2746.5
1136990 2747.9
1137000 2747.9
1137010 2749.2
1137020 2750.4
1137030 2750.4
1137040 2750.6
1137050 2751.9
1137060 2754.8
1137070 2754.8
1137080 2757.9
1137090 2760.8
1137100 2760.8
1137110 2765.0
1137120 2769.5
1137130 2769.5
1137140 2774.2
1137150 2778.8
1137160 2778.8
1137170 2781.8
1137180 2784.0
1137190 2784.0
1137200 2786.1
1137210 2787.3
1137220 2787.3
1137230 2788.1
1137240 2789.0
1137250 2791.9
1137260 2791.9
1137270 2795.8
1137280 2800.5
1137290 2800.5
1137300 2805.8
1137310 2811.0
1137320 2811.0
1137330 2815.7
1137340 2819.7
1137350 2819.7
1137360 2822.8
1137370 2824.9
1137380 2824.9
1137390 2827.8
1137400 2831.0
1137410 2831.0
1137420 2835.1
1137430 2838.3
1137440 2838.9
1137450 2838.9
1137460 2838.7
1137470 2839.4
1137480 2839.4
1137490 2834.8
1137500 2835.6
1137510 2835.6
1137520 2836.7
1137530 2839.5
1137540 2839.5
1137550 2843.1
1137560 2844.7
1137570 2844.7
1137580 2845.4
1137590 2845.6
1137600 2845.6
1137610 2845.1
1137620 2844.0
1137630 2845.1
1137640 2845.1
1137650 2846.7
1137660 2846.5
1137670 2846.5
1137680 2846.9
1137690 2848.6
1137700 2848.6
1137710 2851.5
1137720 2853.9
1137730 2853.9
1137740 2855.5
1137750 2857.0
1137760 2857.0
1137770 2857.0
1137780 2856.8
1137790 2856.8
1137800 2855.7
1137810 2853.0
1137820 2851.3
1137830 2851.3
1137840 2851.5
1137850 2854.0
1137860 2855.0
1137870 2855.6
1137880 2856.5
1137890 2856.5
1137900 2857.4
1137910 2858.6
1137920 2858.6
1137930 2859.3
1137940 2859.5
1137950 2859.5
1137960 2859.3
1137970 2858.4
1137980 2858.4
1137990 2857.4
1138000 2856.0
1138010 2855.0
1138020 2855.0
1138030 2854.8
1138040 2855.1
1138050 2855.1
1138060 2854.4
1138070 2853.5
1138080 2853.5
1138090 2852.4
1138100 2851.1
1138110 2851.1
1138120 2849.9
1138130 2847.9
1138140 2847.9
1138150 2845.8
1138160 2844.5
1138170 2844.5
1138180 2843.8
1138190 2842.6
1138200 2840.9
1138210 2840.9
1138220 2831.4
1138230 2829.7
1138240 2829.7
1138250 2828.2
1138260 2826.5
1138270 2826.5
1138280 2826.0
1138290 2825.8
1138300 2825.8
1138310 2825.8
1138320 2825.9
1138330 2825.9
1138340 2826.8
1138350 2827.1
1138360 2827.1
1138370 2826.5
1138380 2825.1
1138390 2825.1
1138400 2823.7
1138410 2822.7
1138420 2822.5
1138430 2822.5
1138440 2823.1
1138450 2824.6
1138460 2824.6
1138470 2825.8
1138480 2826.5
1138490 2826.5
1138500 2826.8
1138510 2826.2
1138520 2826.2
1138530 2824.6
1138540 2823.8
1138550 2823.8
1138560 2823.6
1138570 2822.7
1138580 2822.7
1138590 2823.3
1138600 2826.2
1138610 2829.4
1138620 2829.4
1138630 2832.8
1138640 2836.1
1138650 2836.1
1138660 2839.4
1138670 2842.7
1138680 2842.7
1138690 2845.8
1138700 2848.9
1138710 2848.9
1138720 2852.0
1138730 2855.0
1138740 2855.0
1138750 2858.0
1138760 2861.0
1138770 2861.0
1138780 2864.0
1138790 2867.1
1138800 2870.2
1138810 2870.2
1138820 2873.5
1138830 2876.8
1138840 2876.8
1138850 2880.0
1138860 2883.3
1138870 2883.3
1138880 2886.8
1138890 2890.8
1138900 2890.8
1138910 2895.1
1138920 2898.8
1138930 2898.8
1138940 2902.0
1138950 2903.4
1138960 2903.4
1138970 2904.3
1138980 2906.3
1138990 2909.4
1139000 2909.4
1139010 2912.6
1139020 2915.9
1139030 2915.9
1139040 2919.4
1139050 2923.1
1139060 2923.1
1139070 2927.0
1139080 2931.1
1139090 2931.1
1139100 2935.3
1139110 2939.7
1139120 2939.7
1139130 2944.2
1139140 2948.8
1139150 2948.8
1139160 2953.6
1139170 2958.0
1139180 2962.3
1139190 2962.3
1139200 2977.5
1139210 2997.0
1139220 2997.0
1139230 3015.6
1139240 3033.8
1139250 3033.8
1139260 3042.8
1139270 3027.0
1139280 3027.0
1139290 3006.2
1139300 2991.7
1139310 2991.7
1139320 2976.4
1139330 2962.0
1139340 2962.0
1139350 2954.7
1139360 2944.8
1139370 2936.2
1139380 2936.2
1139390 2929.6
1139400 2924.0
1139410 2924.0
1139420 2919.1
1139430 2915.3
1139440 2915.3
1139450 2912.0
1139460 2908.5
1139470 2908.5
1139480 2906.3
1139490 2907.6
1139500 2907.6
1139510 2909.2
1139520 2906.4
1139530 2906.4
1139540 2902.2
1139550 2897.7
1139560 2894.7
1139570 2894.7
1139580 2890.9
1139590 2889.0
1139600 2889.0
1139610 2888.6
1139620 2888.3
1139630 2888.3
1139640 2888.5
1139650 2887.5
1139660 2887.5
1139670 2884.1
1139680 2884.7
1139690 2884.7
1139700 2884.6
1139710 2885.6
1139720 2885.6
1139730 2887.1
1139740 2889.8
1139750 2893.6
1139760 2893.6
1139770 2893.6
1139780 2889.0
1139790 2889.0
1139800 2882.1
1139810 2874.7
1139820 2874.7
1139830 2866.8
1139840 2859.1
1139850 2859.1
1139860 2851.7
1139870 2844.3
1139880 2844.3
1139890 2837.3
1139900 2830.3
1139910 2830.3
1139920 2823.1
1139930 2815.0
1139940 2806.4
1139950 2806.4
1139960 2798.6
1139970 2790.9
1139980 2790.9
1139990 2783.7
