1120000 2706.7
1120010 2703.0
1120020 2699.0
1120030 2699.0
1120040 2677.4
1120050 2648.0
1120060 2648.0
1120070 2634.6
1120080 2628.2
1120090 2628.2
1120100 2621.5
1120110 2606.1
1120120 2594.6
1120130 2594.6
1120140 2586.5
1120150 2579.1
1120160 2579.1
1120170 2571.2
1120180 2563.4
1120190 2563.4
1120200 2556.8
1120210 2542.4
1120220 2542.4
1120230 2533.4
1120240 2525.5
1120250 2525.5
1120260 2519.3
1120270 2511.2
1120280 2511.2
1120290 2498.0
1120300 2490.5
1120310 2479.5
1120320 2479.5
1120330 2472.5
1120340 2465.4
1120350 2465.4
1120360 2458.1
1120370 2452.8
1120380 2452.8
1120390 2447.0
1120400 2440.8
1120410 2440.8
1120420 2429.3
1120430 2417.2
1120440 2417.2
1120450 2410.2
1120460 2407.7
1120470 2407.7
1120480 2394.3
1120490 2382.3
1120500 2372.3
1120510 2372.3
1120520 2364.7
1120530 2358.8
1120540 2358.8
1120550 2351.8
1120560 2339.5
1120570 2339.5
1120580 2332.4
1120590 2326.4
1120600 2326.4
1120610 2320.9
1120620 2315.3
1120630 2315.3
1120640 2310.8
1120650 2304.7
1120660 2304.7
1120670 2298.2
1120680 2292.9
1120690 2287.8
1120700 2287.8
1120710 2282.6
1120720 2277.1
1120730 2277.1
1120740 2271.6
1120750 2265.9
1120760 2265.9
1120770 2260.2
1120780 2254.4
1120790 2254.4
1120800 2249.5
1120810 2245.4
1120820 2245.4
1120830 2238.2
1120840 2235.6
1120850 2235.6
1120860 2233.2
1120870 2229.1
1120880 2229.1
1120890 2226.7
1120900 2219.7
1120910 2215.3
1120920 2215.3
1120930 2212.1
1120940 2210.0
1120950 2210.0
1120960 2205.0
1120970 2201.3
1120980 2201.3
1120990 2200.3
1121000 2199.2
1121010 2199.2
1121020 2198.8
1121030 2197.4
1121040 2197.4
1121050 2195.4
1121060 2193.1
1121070 2193.1
1121080 2189.4
1121090 2186.5
1121100 2183.5
1121110 2183.5
1121120 2183.1
1121130 2185.2
1121140 2185.2
1121150 2186.3
1121160 2186.5
1121170 2186.5
1121180 2190.1
1121190 2193.6
1121200 2193.6
1121210 2196.2
1121220 2198.7
1121230 2198.7
1121240 2201.1
1121250 2208.2
1121260 2208.2
1121270 2212.6
1121280 2215.0
1121290 2217.7
1121300 2217.7
1121310 2220.1
1121320 2222.5
1121330 2222.5
1121340 2226.1
1121350 2230.7
1121360 2230.7
1121370 2236.6
1121380 2243.0
1121390 2243.0
1121400 2249.9
1121410 2255.9
1121420 2255.9
1121430 2257.7
1121440 2258.9
1121450 2258.9
1121460 2261.5
1121470 2262.9
1121480 2263.5
1121490 2263.5
1121500 2263.2
1121510 2265.5
1121520 2265.5
1121530 2268.0
1121540 2270.7
1121550 2270.7
1121560 2275.0
1121570 2280.1
1121580 2280.1
1121590 2284.7
1121600 2292.0
1121610 2292.0
1121620 2295.7
1121630 2298.9
1121640 2298.9
1121650 2300.7
1121660 2303.1
1121670 2306.3
1121680 2306.3
1121690 2309.5
1121700 2312.6
1121710 2312.6
1121720 2316.6
1121730 2322.6
1121740 2322.6
1121750 2329.1
1121760 2338.0
1121770 2338.0
1121780 2345.8
1121790 2352.4
1121800 2352.4
1121810 2358.3
1121820 2363.1
1121830 2363.1
1121840 2366.5
1121850 2369.3
1121860 2373.8
1121870 2373.8
1121880 2379.0
1121890 2381.2
1121900 2381.2
1121910 2384.4
1121920 2389.1
1121930 2389.1
1121940 2393.0
1121950 2396.9
1121960 2396.9
1121970 2398.9
1121980 2402.0
1121990 2402.0
1122000 2404.0
1122010 2408.4
1122020 2408.4
1122030 2412.9
1122040 2414.2
1122050 2412.1
1122060 2412.1
1122070 2410.5
1122080 2412.5
1122090 2412.5
1122100 2415.9
1122110 2419.9
1122120 2419.9
1122130 2425.6
1122140 2432.2
1122150 2432.2
1122160 2437.2
1122170 2443.5
1122180 2443.5
1122190 2451.3
1122200 2459.8
1122210 2459.8
1122220 2466.3
1122230 2471.1
1122240 2475.4
1122250 2475.4
1122260 2480.2
1122270 2484.1
1122280 2484.1
1122290 2486.8
1122300 2490.9
1122310 2490.9
1122320 2492.8
1122330 2494.6
1122340 2494.6
1122350 2496.6
1122360 2500.4
1122370 2500.4
1122380 2505.8
1122390 2512.7
1122400 2512.7
1122410 2519.4
1122420 2526.1
1122430 2526.1
1122440 2532.8
1122450 2540.1
1122460 2547.9
1122470 2547.9
1122480 2556.1
1122490 2565.2
1122500 2565.2
1122510 2583.1
1122520 2603.7
1122530 2603.7
1122540 2619.8
1122550 2628.6
1122560 2628.6
1122570 2635.4
1122580 2642.1
1122590 2642.1
1122600 2650.6
1122610 2660.6
1122620 2660.6
1122630 2658.7
1122640 2654.3
1122650 2661.7
1122660 2661.7
1122670 2654.3
1122680 2646.8
1122690 2646.8
1122700 2633.5
1122710 2619.4
1122720 2619.4
1122730 2608.9
1122740 2597.9
1122750 2597.9
1122760 2586.7
1122770 2576.7
1122780 2576.7
1122790 2570.6
1122800 2565.5
1122810 2565.5
1122820 2559.8
1122830 2548.3
1122840 2539.4
1122850 2539.4
1122860 2520.6
1122870 2505.0
1122880 2505.0
1122890 2498.7
1122900 2492.5
1122910 2492.5
1122920 2486.2
1122930 2479.4
1122940 2479.4
1122950 2472.3
1122960 2465.5
1122970 2465.5
1122980 2458.7
1122990 2450.4
1123000 2452.4
1123010 2443.4
1123020 2435.3
1123030 2427.2
1123040 2427.2
1123050 2411.8
1123060 2400.7
1123070 2400.7
1123080 2393.9
1123090 2387.6
1123100 2387.6
1123110 2383.1
1123120 2379.0
1123130 2379.0
1123140 2373.3
1123150 2366.2
1123160 2366.2
1123170 2360.1
1123180 2350.5
1123190 2350.5
1123200 2341.0
1123210 2335.1
1123220 2330.6
1123230 2330.6
1123240 2327.6
1123250 2324.4
1123260 2324.4
1123270 2320.3
1123280 2314.7
1123290 2314.7
1123300 2310.0
1123310 2305.9
1123320 2305.9
1123330 2302.9
1123340 2300.9
1123350 2305.8
1123360 2305.1
1123370 2308.3
1123380 2308.3
1123390 2309.7
1123400 2308.9
1123410 2305.7
1123420 2305.7
1123430 2302.1
1123440 2295.9
1123450 2295.9
1123460 2289.3
1123470 2284.5
1123480 2284.5
1123490 2281.6
1123500 2275.4
1123510 2275.4
1123520 2268.4
1123530 2265.4
1123540 2265.4
1123550 2258.6
1123560 2245.7
1123570 2245.7
1123580 2234.3
1123590 2221.0
1123600 2211.8
1123610 2211.8
1123620 2203.9
1123630 2195.3
1123640 2195.3
1123650 2188.3
1123660 2182.5
1123670 2182.5
1123680 2176.2
1123690 2168.8
1123700 2176.3
1123710 2170.0
1123720 2168.9
1123730 2168.9
1123740 2160.9
1123750 2148.2
1123760 2148.2
1123770 2144.4
1123780 2141.2
1123790 2141.2
1123800 2136.5
1123810 2131.1
1123820 2126.3
1123830 2126.3
1123840 2121.1
1123850 2116.2
1123860 2116.2
1123870 2111.7
1123880 2107.4
1123890 2107.4
1123900 2105.4
1123910 2101.9
1123920 2101.9
1123930 2101.3
1123940 2098.9
1123950 2098.9
1123960 2098.5
1123970 2099.0
1123980 2099.0
1123990 2099.1
1124000 2099.6
1124010 2101.1
1124020 2101.1
1124030 2105.6
1124040 2109.7
1124050 2109.3
1124060 2113.2
1124070 2117.4
1124080 2117.4
1124090 2121.3
1124100 2125.8
1124110 2125.8
1124120 2128.8
1124130 2130.8
1124140 2130.8
1124150 2132.5
1124160 2133.1
1124170 2133.1
1124180 2132.9
1124190 2132.8
1124200 2133.6
1124210 2133.6
1124220 2135.3
1124230 2136.9
1124240 2136.9
1124250 2138.6
1124260 2140.6
1124270 2140.6
1124280 2143.3
1124290 2146.4
1124300 2146.4
1124310 2150.3
1124320 2154.1
1124330 2154.1
1124340 2157.7
1124350 2161.8
1124360 2161.8
1124370 2166.4
1124380 2171.0
1124390 2175.8
1124400 2172.6
1124410 2177.2
1124420 2182.2
1124430 2182.2
1124440 2186.4
1124450 2190.8
1124460 2190.8
1124470 2195.5
1124480 2200.1
1124490 2200.1
1124500 2204.7
1124510 2209.3
1124520 2209.3
1124530 2214.2
1124540 2219.4
1124550 2219.4
1124560 2224.7
1124570 2229.7
1124580 2234.4
1124590 2234.4
1124600 2239.3
1124610 2245.8
1124620 2245.8
1124630 2252.1
1124640 2257.8
1124650 2257.8
1124660 2262.7
1124670 2267.1
1124680 2267.1
1124690 2270.3
1124700 2273.8
1124710 2273.8
1124720 2278.4
1124730 2284.2
1124740 2284.2
1124750 2285.5
1124760 2291.5
1124770 2296.7
1124780 2296.7
1124790 2300.7
1124800 2304.5
1124810 2304.5
1124820 2310.2
1124830 2315.8
1124840 2315.8
1124850 2320.8
1124860 2324.4
1124870 2324.4
1124880 2328.6
1124890 2333.4
1124900 2333.4
1124910 2338.6
1124920 2341.7
1124930 2341.7
1124940 2346.5
1124950 2351.5
1124960 2355.5
1124970 2355.5
1124980 2361.8
1124990 2368.7
1125000 2368.7
1125010 2374.6
1125020 2379.7
1125030 2379.7
1125040 2384.3
1125050 2389.0
1125060 2389.0
1125070 2392.9
1125080 2396.3
1125090 2396.3
1125100 2395.6
1125110 2400.4
1125120 2400.4
1125130 2406.5
1125140 2412.7
1125150 2412.7
1125160 2421.0
1125170 2431.5
1125180 2440.6
1125190 2440.6
1125200 2447.4
1125210 2453.6
1125220 2453.6
1125230 2458.9
1125240 2463.4
1125250 2463.4
1125260 2467.8
1125270 2473.1
1125280 2473.1
1125290 2479.4
1125300 2485.7
1125310 2485.7
1125320 2491.6
1125330 2498.1
1125340 2498.1
1125350 2506.1
1125360 2512.2
1125370 2518.6
1125380 2518.6
1125390 2524.6
1125400 2529.8
1125410 2529.8
1125420 2534.9
1125430 2540.7
1125440 2540.7
1125450 2541.7
1125460 2546.7
1125470 2546.7
1125480 2552.4
1125490 2563.2
1125500 2563.2
1125510 2572.0
1125520 2578.9
1125530 2578.9
1125540 2586.2
1125550 2600.2
1125560 2613.7
1125570 2613.7
1125580 2621.8
1125590 2630.8
1125600 2630.8
1125610 2645.6
1125620 2662.0
1125630 2662.0
1125640 2675.2
1125650 2687.2
1125660 2687.2
1125670 2697.5
1125680 2713.3
1125690 2713.3
1125700 2722.2
1125710 2723.9
1125720 2723.9
1125730 2720.3
1125740 2717.4
1125750 2716.8
1125760 2716.8
1125770 2725.5
1125780 2732.1
1125790 2732.1
1125800 2729.7
1125810 2743.9
1125820 2743.9
1125830 2756.8
1125840 2774.4
1125850 2774.4
1125860 2789.4
1125870 2802.2
1125880 2802.2
1125890 2804.4
1125900 2813.5
1125910 2813.5
1125920 2823.6
1125930 2827.9
1125940 2831.9
1125950 2831.9
1125960 2838.1
1125970 2842.6
1125980 2842.6
1125990 2840.5
1126000 2832.9
1126010 2832.9
1126020 2825.0
1126030 2817.3
1126040 2817.3
1126050 2807.7
1126060 2795.1
1126070 2795.1
1126080 2774.7
1126090 2749.1
1126100 2749.1
1126110 2721.0
1126120 2688.4
1126130 2669.1
1126140 2669.1
1126150 2658.7
1126160 2652.0
1126170 2652.0
1126180 2640.7
1126190 2635.3
1126200 2635.3
1126210 2628.9
1126220 2624.4
1126230 2624.4
1126240 2622.8
1126250 2624.0
1126260 2624.0
1126270 2624.4
1126280 2624.0
1126290 2624.0
1126300 2622.8
1126310 2621.7
1126320 2623.0
1126330 2623.0
1126340 2624.7
1126350 2625.4
1126360 2625.4
1126370 2623.5
1126380 2620.3
1126390 2620.3
1126400 2615.1
1126410 2609.7
1126420 2609.7
1126430 2607.7
1126440 2607.7
1126450 2607.7
1126460 2605.2
1126470 2600.3
1126480 2600.3
1126490 2596.6
1126500 2598.2
1126510 2597.9
1126520 2597.9
1126530 2594.9
1126540 2591.4
1126550 2591.4
1126560 2587.6
1126570 2583.5
1126580 2583.5
1126590 2578.8
1126600 2571.7
1126610 2571.7
1126620 2564.7
1126630 2559.6
1126640 2559.6
1126650 2556.6
1126660 2553.3
1126670 2553.3
1126680 2550.4
1126690 2547.7
1126700 2547.7
1126710 2545.4
1126720 2544.1
1126730 2542.7
1126740 2542.7
1126750 2542.8
1126760 2541.7
1126770 2541.7
1126780 2539.5
1126790 2536.2
1126800 2536.2
1126810 2532.8
1126820 2527.0
1126830 2527.0
1126840 2522.0
1126850 2516.8
1126860 2518.4
1126870 2514.4
1126880 2512.4
1126890 2512.4
1126900 2511.2
1126910 2508.4
1126920 2505.0
1126930 2505.0
1126940 2503.0
1126950 2502.0
1126960 2502.0
1126970 2498.7
1126980 2493.2
1126990 2493.2
1127000 2486.8
1127010 2482.6
1127020 2482.6
1127030 2478.4
1127040 2473.2
1127050 2473.2
1127060 2471.2
1127070 2471.2
1127080 2471.2
1127090 2469.7
1127100 2467.7
1127110 2467.1
1127120 2467.1
1127130 2467.3
1127140 2468.0
1127150 2468.0
1127160 2468.9
1127170 2468.6
1127180 2468.6
1127190 2466.8
1127200 2463.8
1127210 2466.8
1127220 2462.6
1127230 2455.7
1127240 2455.7
1127250 2447.3
1127260 2443.2
1127270 2443.2
1127280 2440.2
1127290 2438.8
1127300 2438.5
1127310 2438.5
1127320 2436.9
1127330 2430.1
1127340 2430.1
1127350 2414.7
1127360 2406.1
1127370 2406.1
1127380 2400.5
1127390 2399.5
1127400 2399.5
1127410 2398.1
1127420 2394.5
1127430 2394.5
1127440 2390.2
1127450 2390.4
1127460 2390.4
1127470 2392.6
1127480 2393.5
1127490 2394.5
1127500 2394.5
1127510 2395.1
1127520 2395.4
1127530 2395.4
1127540 2396.2
1127550 2397.8
1127560 2397.8
1127570 2400.1
1127580 2401.8
1127590 2401.8
1127600 2403.9
1127610 2406.1
1127620 2406.1
1127630 2408.7
1127640 2411.5
1127650 2411.5
1127660 2414.3
1127670 2417.4
1127680 2420.4
1127690 2420.4
1127700 2423.6
1127710 2426.9
1127720 2426.9
1127730 2430.5
1127740 2434.5
1127750 2434.5
1127760 2439.3
1127770 2445.0
1127780 2445.0
1127790 2450.3
1127800 2455.8
1127810 2455.8
1127820 2461.4
1127830 2466.6
1127840 2466.6
1127850 2471.6
1127860 2477.1
1127870 2482.3
1127880 2482.3
1127890 2486.5
1127900 2492.7
1127910 2492.7
1127920 2498.9
1127930 2502.0
1127940 2502.0
1127950 2506.5
1127960 2511.5
1127970 2511.5
1127980 2516.9
1127990 2522.2
1128000 2522.2
1128010 2526.8
1128020 2530.7
1128030 2530.7
1128040 2535.0
1128050 2539.8
1128060 2546.4
1128070 2546.4
1128080 2557.4
1128090 2569.6
1128100 2569.6
1128110 2574.6
1128120 2577.7
1128130 2577.7
1128140 2580.7
1128150 2583.1
1128160 2583.1
1128170 2585.1
1128180 2586.2
1128190 2586.2
1128200 2586.8
1128210 2586.6
1128220 2586.6
1128230 2585.8
1128240 2585.7
1128250 2585.7
1128260 2586.6
1128270 2588.3
1128280 2591.7
1128290 2591.7
1128300 2594.1
1128310 2597.1
1128320 2597.1
1128330 2600.5
1128340 2604.4
1128350 2604.4
1128360 2608.6
1128370 2612.8
1128380 2612.8
1128390 2617.0
1128400 2621.5
1128410 2621.5
1128420 2625.7
1128430 2628.9
1128440 2628.9
1128450 2630.7
1128460 2631.8
1128470 2632.1
1128480 2632.1
1128490 2631.7
1128500 2629.6
1128510 2629.6
1128520 2628.9
1128530 2629.4
1128540 2629.4
1128550 2631.2
1128560 2634.1
1128570 2634.1
1128580 2635.2
1128590 2636.0
1128600 2636.0
1128610 2636.3
1128620 2635.8
1128630 2637.1
1128640 2636.9
1128650 2637.2
1128660 2638.6
1128670 2638.6
1128680 2639.6
1128690 2639.7
1128700 2639.7
1128710 2639.6
1128720 2640.6
1128730 2640.6
1128740 2642.5
1128750 2648.5
1128760 2648.5
1128770 2654.9
1128780 2656.8
1128790 2656.8
1128800 2657.7
1128810 2660.0
1128820 2660.0
1128830 2663.3
1128840 2667.4
1128850 2669.4
1128860 2669.4
1128870 2671.5
1128880 2673.2
1128890 2673.2
1128900 2676.6
1128910 2681.1
1128920 2681.1
1128930 2684.2
1128940 2688.9
1128950 2688.9
1128960 2691.0
1128970 2691.7
1128980 2691.7
1128990 2697.6
1129000 2700.3
1129010 2700.3
1129020 2702.3
1129030 2705.6
1129040 2710.4
1129050 2710.4
1129060 2716.9
1129070 2724.3
1129080 2724.3
1129090 2730.8
1129100 2737.3
1129110 2737.3
1129120 2743.4
1129130 2749.4
1129140 2749.4
1129150 2754.8
1129160 2759.6
1129170 2759.6
1129180 2763.5
1129190 2768.5
1129200 2768.5
1129210 2775.1
1129220 2781.2
1129230 2786.9
1129240 2786.9
1129250 2793.2
1129260 2799.9
1129270 2799.9
1129280 2806.1
1129290 2813.3
1129300 2813.3
1129310 2820.1
1129320 2825.5
1129330 2825.5
1129340 2833.9
1129350 2839.7
1129360 2839.7
1129370 2847.7
1129380 2855.3
1129390 2855.3
1129400 2863.1
1129410 2875.2
1129420 2872.6
1129430 2872.6
1129440 2856.8
1129450 2839.3
1129460 2839.3
1129470 2832.8
1129480 2830.5
1129490 2830.5
1129500 2827.8
1129510 2824.8
1129520 2824.8
1129530 2822.0
1129540 2819.5
1129550 2819.5
1129560 2817.0
1129570 2815.3
1129580 2815.3
1129590 2813.6
1129600 2811.9
1129610 2810.4
1129620 2810.4
1129630 2809.1
1129640 2808.6
1129650 2808.6
1129660 2807.6
1129670 2807.2
1129680 2807.2
1129690 2806.6
1129700 2809.4
1129710 2809.4
1129720 2809.3
1129730 2809.4
1129740 2809.4
1129750 2810.0
1129760 2811.0
1129770 2811.0
1129780 2813.1
1129790 2818.3
1129800 2818.3
1129810 2823.9
1129820 2828.9
1129830 2834.2
1129840 2834.2
1129850 2836.1
1129860 2834.8
1129870 2834.8
1129880 2826.2
1129890 2828.2
1129900 2828.2
1129910 2828.8
1129920 2827.8
1129930 2827.8
1129940 2839.4
1129950 2834.8
1129960 2834.8
1129970 2819.3
1129980 2806.7
1129990 2806.7
1130000 2795.3
1130010 2782.7
1130020 2773.4
1130030 2773.4
1130040 2763.8
1130050 2756.5
1130060 2761.6
1130070 2755.0
1130080 2740.2
1130090 2740.2
1130100 2721.1
1130110 2708.7
1130120 2708.7
1130130 2701.8
1130140 2696.5
1130150 2696.5
1130160 2692.6
1130170 2688.5
1130180 2688.5
1130190 2684.3
1130200 2679.8
1130210 2674.4
1130220 2674.4
1130230 2668.5
1130240 2663.1
1130250 2663.1
1130260 2657.6
1130270 2651.8
1130280 2651.8
1130290 2646.4
1130300 2641.6
1130310 2641.6
1130320 2637.3
1130330 2633.2
1130340 2633.2
1130350 2629.6
1130360 2625.8
1130370 2625.8
1130380 2622.4
1130390 2619.4
1130400 2616.0
1130410 2615.7
1130420 2611.8
1130430 2604.2
1130440 2604.2
1130450 2601.7
1130460 2599.1
1130470 2599.1
1130480 2595.3
1130490 2590.4
1130500 2590.4
1130510 2585.0
1130520 2580.0
1130530 2580.0
1130540 2576.4
1130550 2573.7
1130560 2573.7
1130570 2571.2
1130580 2569.5
1130590 2567.2
1130600 2567.2
1130610 2564.0
1130620 2561.0
1130630 2561.0
1130640 2559.1
1130650 2557.5
1130660 2557.5
1130670 2556.4
1130680 2556.1
1130690 2556.1
1130700 2554.6
1130710 2552.6
1130720 2552.6
1130730 2550.9
1130740 2550.9
1130750 2550.9
1130760 2551.4
1130770 2551.5
1130780 2552.4
1130790 2552.4
1130800 2553.8
1130810 2553.9
1130820 2553.9
1130830 2554.1
1130840 2554.6
1130850 2554.6
1130860 2554.6
1130870 2552.2
1130880 2552.2
1130890 2546.2
1130900 2538.9
1130910 2538.9
1130920 2531.5
1130930 2523.8
1130940 2523.8
1130950 2516.0
1130960 2508.6
1130970 2502.1
1130980 2502.1
1130990 2498.0
1131000 2494.3
1131010 2494.3
1131020 2492.2
1131030 2491.8
1131040 2491.8
1131050 2494.1
1131060 2498.2
1131070 2498.2
1131080 2501.3
1131090 2503.2
1131100 2503.2
1131110 2506.1
1131120 2507.2
1131130 2509.8
1131140 2510.6
1131150 2511.2
1131160 2510.8
1131170 2510.8
1131180 2509.7
1131190 2509.2
1131200 2509.2
1131210 2509.4
1131220 2508.8
1131230 2508.8
1131240 2507.7
1131250 2506.7
1131260 2506.7
1131270 2504.6
1131280 2503.2
1131290 2503.2
1131300 2502.3
1131310 2501.2
1131320 2501.2
1131330 2500.4
1131340 2499.1
1131350 2499.1
1131360 2495.9
1131370 2493.8
1131380 2490.6
1131390 2490.6
1131400 2486.6
1131410 2482.0
1131420 2482.0
1131430 2477.3
1131440 2472.5
1131450 2472.5
1131460 2470.8
1131470 2468.4
1131480 2467.6
1131490 2465.2
1131500 2462.5
1131510 2462.5
1131520 2458.0
1131530 2451.8
1131540 2451.8
1131550 2445.1
1131560 2437.9
1131570 2430.5
1131580 2430.5
1131590 2422.8
1131600 2415.2
1131610 2415.2
1131620 2408.0
1131630 2400.4
1131640 2400.4
1131650 2393.1
1131660 2386.0
1131670 2386.0
1131680 2378.7
1131690 2370.3
1131700 2370.3
1131710 2361.9
1131720 2352.8
1131730 2352.8
1131740 2344.5
1131750 2337.3
1131760 2329.2
1131770 2329.2
1131780 2322.7
1131790 2316.4
1131800 2316.4
1131810 2310.1
1131820 2303.7
1131830 2303.7
1131840 2297.4
1131850 2289.3
1131860 2289.3
1131870 2281.7
1131880 2275.0
1131890 2275.0
1131900 2268.6
1131910 2260.7
1131920 2260.7
1131930 2247.7
1131940 2234.0
1131950 2219.8
1131960 2219.8
1131970 2205.4
1131980 2193.5
1131990 2193.5
1132000 2183.9
1132010 2176.6
1132020 2176.6
1132030 2170.3
1132040 2164.4
1132050 2164.4
1132060 2158.3
1132070 2152.2
1132080 2152.2
1132090 2146.6
1132100 2142.1
1132110 2142.1
1132120 2137.0
1132130 2130.0
1132140 2122.0
1132150 2122.0
1132160 2113.8
1132170 2106.2
1132180 2106.2
1132190 2099.7
1132200 2093.8
1132210 2093.8
1132220 2088.5
1132230 2083.9
1132240 2083.9
1132250 2079.7
1132260 2075.4
1132270 2075.4
1132280 2071.7
1132290 2068.4
1132300 2068.4
1132310 2065.2
1132320 2062.2
1132330 2058.7
1132340 2058.7
1132350 2052.4
1132360 2051.5
1132370 2051.5
1132380 2053.9
1132390 2056.7
1132400 2056.7
1132410 2057.4
1132420 2057.1
1132430 2057.1
1132440 2056.8
1132450 2056.7
1132460 2056.7
1132470 2057.2
1132480 2060.0
1132490 2060.0
1132500 2063.3
1132510 2066.8
1132520 2070.1
1132530 2070.1
1132540 2073.6
1132550 2076.6
1132560 2077.6
1132570 2081.1
1132580 2085.4
1132590 2085.4
1132600 2089.2
1132610 2093.8
1132620 2093.8
1132630 2097.6
1132640 2099.7
1132650 2099.7
1132660 2104.1
1132670 2108.7
1132680 2108.7
1132690 2112.8
1132700 2116.9
1132710 2121.9
1132720 2121.9
1132730 2126.5
1132740 2125.9
1132750 2125.9
1132760 2124.7
1132770 2125.6
1132780 2125.6
1132790 2127.3
1132800 2133.5
1132810 2133.5
1132820 2143.6
1132830 2149.2
1132840 2149.2
1132850 2153.8
1132860 2155.3
1132870 2155.3
1132880 2156.8
1132890 2161.4
1132900 2161.4
1132910 2168.1
1132920 2174.1
1132930 2181.2
1132940 2181.2
1132950 2188.0
1132960 2193.1
1132970 2193.1
1132980 2197.7
1132990 2201.9
1133000 2201.9
1133010 2203.8
1133020 2205.1
1133030 2205.1
1133040 2206.2
1133050 2209.6
1133060 2209.6
1133070 2214.2
1133080 2219.7
1133090 2219.7
1133100 2226.0
1133110 2230.9
1133120 2234.9
1133130 2234.9
1133140 2238.8
1133150 2242.2
1133160 2242.2
1133170 2244.3
1133180 2246.1
1133190 2246.1
1133200 2248.3
1133210 2251.4
1133220 2251.4
1133230 2255.2
1133240 2258.9
1133250 2258.9
1133260 2262.2
1133270 2265.9
1133280 2262.6
1133290 2266.5
1133300 2270.3
1133310 2274.4
1133320 2274.4
1133330 2278.8
1133340 2283.0
1133350 2283.0
1133360 2286.8
1133370 2290.8
1133380 2290.8
1133390 2294.4
1133400 2298.0
1133410 2298.0
1133420 2302.1
1133430 2305.8
1133440 2305.8
1133450 2309.6
1133460 2312.7
1133470 2312.7
1133480 2315.5
1133490 2318.5
1133500 2322.2
1133510 2322.2
1133520 2325.7
1133530 2328.6
1133540 2328.6
1133550 2331.8
1133560 2334.9
1133570 2334.9
1133580 2338.1
1133590 2341.5
1133600 2341.5
1133610 2345.0
1133620 2348.4
1133630 2348.4
1133640 2347.1
1133650 2350.4
1133660 2350.4
1133670 2353.8
1133680 2357.1
1133690 2360.9
1133700 2360.9
1133710 2365.5
1133720 2368.7
1133730 2368.7
1133740 2370.7
1133750 2369.4
1133760 2369.4
1133770 2368.5
1133780 2369.1
1133790 2369.1
1133800 2371.9
1133810 2375.7
1133820 2375.7
1133830 2380.5
1133840 2383.9
1133850 2383.9
1133860 2385.6
1133870 2386.7
1133880 2387.8
1133890 2387.8
1133900 2390.0
1133910 2392.7
1133920 2392.7
1133930 2394.2
1133940 2396.1
1133950 2396.1
1133960 2399.3
1133970 2402.7
1133980 2402.7
1133990 2405.4
1134000 2404.1
1134010 2404.1
1134020 2406.1
1134030 2408.9
1134040 2408.9
1134050 2411.6
1134060 2415.0
1134070 2418.5
1134080 2418.5
1134090 2421.8
1134100 2424.9
1134110 2424.9
1134120 2428.4
1134130 2432.0
1134140 2432.0
1134150 2435.9
1134160 2439.9
1134170 2439.9
1134180 2444.1
1134190 2448.9
1134200 2448.9
1134210 2453.6
1134220 2457.5
1134230 2457.5
1134240 2460.2
1134250 2461.4
1134260 2461.4
1134270 2461.4
1134280 2460.6
1134290 2460.3
1134300 2460.3
1134310 2460.4
1134320 2460.7
1134330 2460.7
1134340 2461.0
1134350 2462.5
1134360 2456.4
1134370 2459.2
1134380 2462.4
1134390 2462.4
1134400 2465.4
1134410 2468.9
1134420 2468.9
1134430 2471.0
1134440 2469.7
1134450 2470.2
1134460 2470.2
1134470 2471.2
1134480 2471.1
1134490 2471.1
1134500 2469.9
1134510 2468.5
1134520 2468.5
1134530 2466.8
1134540 2467.1
1134550 2467.1
1134560 2468.4
1134570 2469.4
1134580 2469.4
1134590 2471.3
1134600 2473.5
1134610 2473.5
1134620 2475.3
1134630 2479.2
1134640 2479.2
1134650 2483.5
1134660 2486.0
1134670 2487.2
1134680 2487.2
1134690 2486.9
1134700 2486.4
1134710 2486.4
1134720 2482.0
1134730 2482.6
1134740 2482.6
1134750 2482.3
1134760 2481.8
1134770 2481.8
1134780 2481.9
1134790 2483.1
1134800 2483.1
1134810 2483.9
1134820 2483.8
1134830 2483.8
1134840 2484.6
1134850 2485.9
1134860 2485.7
1134870 2485.7
1134880 2484.0
1134890 2484.3
1134900 2484.3
1134910 2484.7
1134920 2483.6
1134930 2483.6
1134940 2482.9
1134950 2480.6
1134960 2480.6
1134970 2476.7
1134980 2475.9
1134990 2475.9
1135000 2476.5
1135010 2477.6
1135020 2477.6
1135030 2480.5
1135040 2481.2
1135050 2483.1
1135060 2483.1
1135070 2485.9
1135080 2483.3
1135090 2483.3
1135100 2485.0
1135110 2487.8
1135120 2487.8
1135130 2489.9
1135140 2491.2
1135150 2491.2
1135160 2492.6
1135170 2493.9
1135180 2493.9
1135190 2495.3
1135200 2497.2
1135210 2497.2
1135220 2499.0
1135230 2500.7
1135240 2501.8
1135250 2501.8
1135260 2501.5
1135270 2499.9
1135280 2499.9
1135290 2498.7
1135300 2497.5
1135310 2497.5
1135320 2496.3
1135330 2496.2
1135340 2496.2
1135350 2494.9
1135360 2492.2
1135370 2492.2
1135380 2489.6
1135390 2490.3
1135400 2490.3
1135410 2492.1
1135420 2495.4
1135430 2498.7
1135440 2495.5
1135450 2497.3
1135460 2500.1
1135470 2500.1
1135480 2504.1
1135490 2509.2
1135500 2509.2
1135510 2515.1
1135520 2521.3
1135530 2521.3
1135540 2527.4
1135550 2533.5
1135560 2533.5
1135570 2539.0
1135580 2545.1
1135590 2545.1
1135600 2550.9
1135610 2556.4
1135620 2563.8
1135630 2563.8
1135640 2569.1
1135650 2574.6
1135660 2574.6
1135670 2583.4
1135680 2593.7
1135690 2593.7
1135700 2605.2
1135710 2615.1
1135720 2615.1
1135730 2622.9
1135740 2636.2
1135750 2636.2
1135760 2651.5
1135770 2660.1
1135780 2660.1
1135790 2665.1
1135800 2665.3
1135810 2666.0
1135820 2666.0
1135830 2667.9
1135840 2668.0
1135850 2668.0
1135860 2668.3
1135870 2670.6
1135880 2670.6
1135890 2672.1
1135900 2671.4
1135910 2671.4
1135920 2671.3
1135930 2669.5
1135940 2669.5
1135950 2670.6
1135960 2674.8
1135970 2674.8
1135980 2680.4
1135990 2686.2
1136000 2691.9
1136010 2691.9
1136020 2693.5
1136030 2692.2
1136040 2692.2
1136050 2691.0
1136060 2690.2
1136070 2690.2
1136080 2691.6
1136090 2694.7
1136100 2694.7
1136110 2696.9
1136120 2697.2
1136130 2697.2
1136140 2695.9
1136150 2693.1
1136160 2693.1
1136170 2689.0
1136180 2687.2
1136190 2687.2
1136200 2686.5
1136210 2687.1
1136220 2689.3
1136230 2689.3
1136240 2691.7
1136250 2692.9
1136260 2692.9
1136270 2693.8
1136280 2693.7
1136290 2693.7
1136300 2693.5
1136310 2693.0
1136320 2693.0
1136330 2692.1
1136340 2691.1
1136350 2691.1
1136360 2690.1
1136370 2688.9
1136380 2688.9
1136390 2687.4
1136400 2685.9
1136410 2685.0
1136420 2685.0
1136430 2684.5
1136440 2684.5
1136450 2684.5
1136460 2684.5
1136470 2684.2
1136480 2684.2
1136490 2683.8
1136500 2683.2
1136510 2683.2
1136520 2682.9
1136530 2682.5
1136540 2682.5
1136550 2683.5
1136560 2685.0
1136570 2685.0
1136580 2686.6
1136590 2688.2
1136600 2690.1
1136610 2690.1
1136620 2692.1
1136630 2694.2
1136640 2694.2
1136650 2696.4
1136660 2698.6
1136670 2698.6
1136680 2700.8
1136690 2702.8
1136700 2702.8
1136710 2704.4
1136720 2705.8
1136730 2705.8
1136740 2707.1
1136750 2708.3
1136760 2708.3
1136770 2709.6
1136780 2711.0
1136790 2712.2
1136800 2712.2
1136810 2713.3
1136820 2714.3
1136830 2714.3
1136840 2715.1
1136850 2715.8
1136860 2715.8
1136870 2716.5
1136880 2717.1
1136890 2717.1
1136900 2718.6
1136910 2720.1
1136920 2720.1
1136930 2721.5
1136940 2722.7
1136950 2722.7
1136960 2723.8
1136970 2725.4
1136980 2727.3
1136990 2727.3
1137000 2729.4
1137010 2731.5
1137020 2731.5
1137030 2733.5
1137040 2735.1
1137050 2735.1
1137060 2736.5
1137070 2737.3
1137080 2737.3
1137090 2738.4
1137100 2739.9
1137110 2739.9
1137120 2740.9
1137130 2742.1
1137140 2742.1
1137150 2743.3
1137160 2744.9
1137170 2747.1
1137180 2747.1
1137190 2749.6
1137200 2752.7
1137210 2752.7
1137220 2755.0
1137230 2757.3
1137240 2757.3
1137250 2759.4
1137260 2756.1
1137270 2756.1
1137280 2759.3
1137290 2762.4
1137300 2762.4
1137310 2765.9
1137320 2768.7
1137330 2768.7
1137340 2771.0
1137350 2772.9
1137360 2774.2
1137370 2774.2
1137380 2775.2
1137390 2776.7
1137400 2776.7
1137410 2779.8
1137420 2783.4
1137430 2783.4
1137440 2788.0
1137450 2792.2
1137460 2792.2
1137470 2795.8
1137480 2799.4
1137490 2799.4
1137500 2803.8
1137510 2809.2
1137520 2809.2
1137530 2815.8
1137540 2822.9
1137550 2830.3
1137560 2830.3
1137570 2839.2
1137580 2851.8
1137590 2851.8
1137600 2861.7
1137610 2872.6
1137620 2878.5
1137630 2888.0
1137640 2894.4
1137650 2894.4
1137660 2901.9
1137670 2911.1
1137680 2911.1
1137690 2921.6
1137700 2931.8
1137710 2931.8
1137720 2941.5
1137730 2948.6
1137740 2955.9
1137750 2955.9
1137760 2962.9
1137770 2971.6
1137780 2971.6
1137790 2984.4
1137800 2991.2
1137810 2991.2
1137820 2996.2
1137830 3003.1
1137840 3003.1
1137850 3012.7
1137860 3020.9
1137870 3020.9
1137880 3026.4
1137890 3032.1
1137900 3032.1
1137910 3037.2
1137920 3042.1
1137930 3042.1
1137940 3046.3
1137950 3050.8
1137960 3057.6
1137970 3057.6
1137980 3065.5
1137990 3071.7
1138000 3071.7
1138010 3079.8
1138020 3087.9
1138030 3087.9
1138040 3095.6
1138050 3102.5
1138060 3102.5
1138070 3109.0
1138080 3115.8
1138090 3115.8
1138100 3123.0
1138110 3129.4
1138120 3129.4
1138130 3136.3
1138140 3143.4
1138150 3150.7
1138160 3150.7
1138170 3157.7
1138180 3164.9
1138190 3164.9
1138200 3172.6
1138210 3181.7
1138220 3181.7
1138230 3194.3
1138240 3209.1
1138250 3209.1
1138260 3220.0
1138270 3224.2
1138280 3224.2
1138290 3223.2
1138300 3228.1
1138310 3228.1
1138320 3221.8
1138330 3208.8
1138340 3204.2
1138350 3195.4
1138360 3184.4
1138370 3166.3
1138380 3166.3
1138390 3158.1
1138400 3157.3
1138410 3157.3
1138420 3160.9
1138430 3163.5
1138440 3163.5
1138450 3163.0
1138460 3156.0
1138470 3156.0
1138480 3151.9
1138490 3155.2
1138500 3155.2
1138510 3155.8
1138520 3156.0
1138530 3153.6
1138540 3153.6
1138550 3156.2
1138560 3160.8
1138570 3160.8
1138580 3166.2
1138590 3172.5
1138600 3172.5
1138610 3175.7
1138620 3168.6
1138630 3168.6
1138640 3158.5
1138650 3151.1
1138660 3151.1
1138670 3153.0
1138680 3158.0
1138690 3158.0
1138700 3162.2
1138710 3158.2
1138720 3147.3
1138730 3147.3
1138740 3135.2
1138750 3124.4
1138760 3124.4
1138770 3125.6
1138780 3136.5
1138790 3136.5
1138800 3133.1
1138810 3124.2
1138820 3124.2
1138830 3121.8
1138840 3124.0
1138850 3124.0
1138860 3121.8
1138870 3114.6
1138880 3114.6
1138890 3107.7
1138900 3104.4
1138910 3106.0
1138920 3106.0
1138930 3107.9
1138940 3107.0
1138950 3107.0
1138960 3096.0
1138970 3085.3
1138980 3085.3
1138990 3079.5
1139000 3067.0
1139010 3067.0
1139020 3059.6
1139030 3056.1
1139040 3056.1
1139050 3046.3
1139060 3029.5
1139070 3029.5
1139080 3004.4
1139090 2994.6
1139100 2983.5
1139110 2983.5
1139120 2974.3
1139130 2967.1
1139140 2967.1
1139150 2958.0
1139160 2947.4
1139170 2947.4
1139180 2938.6
1139190 2930.4
1139200 2930.4
1139210 2922.4
1139220 2915.4
1139230 2915.4
1139240 2909.5
1139250 2905.2
1139260 2905.2
1139270 2900.1
1139280 2897.0
1139290 2896.6
1139300 2896.6
1139310 2892.9
1139320 2884.8
1139330 2884.8
1139340 2878.6
1139350 2873.1
1139360 2873.1
1139370 2867.1
1139380 2861.5
1139390 2861.5
1139400 2856.7
1139410 2855.3
1139420 2855.3
1139430 2852.0
1139440 2847.0
1139450 2847.6
1139460 2842.0
1139470 2835.8
1139480 2835.8
1139490 2829.4
1139500 2823.7
1139510 2822.2
1139520 2822.2
1139530 2825.2
1139540 2828.2
1139550 2828.2
1139560 2831.9
1139570 2835.5
1139580 2835.5
1139590 2838.2
1139600 2840.2
1139610 2840.2
1139620 2841.7
1139630 2843.8
1139640 2843.8
1139650 2846.5
1139660 2852.4
1139670 2852.4
1139680 2862.6
1139690 2870.4
1139700 2872.1
1139710 2872.1
1139720 2872.9
1139730 2875.2
1139740 2875.2
1139750 2879.1
1139760 2879.2
1139770 2879.2
1139780 2875.4
1139790 2875.1
1139800 2875.1
1139810 2874.4
1139820 2868.1
1139830 2868.1
