1120000 2457.4
1120010 2457.4
1120020 2451.0
1120030 2444.5
1120040 2444.5
1120050 2439.0
1120060 2434.0
1120070 2434.0
1120080 2429.7
1120090 2422.7
1120100 2422.7
1120110 2413.4
1120120 2402.5
1120130 2402.5
1120140 2391.1
1120150 2383.0
1120160 2383.0
1120170 2374.2
1120180 2366.0
1120190 2361.0
1120200 2361.0
1120210 2358.9
1120220 2354.7
1120230 2348.8
1120240 2346.0
1120250 2342.1
1120260 2342.1
1120270 2336.9
1120280 2331.6
1120290 2331.6
1120300 2326.4
1120310 2321.2
1120320 2321.2
1120330 2316.2
1120340 2311.6
1120350 2311.6
1120360 2307.1
1120370 2302.5
1120380 2302.5
1120390 2298.5
1120400 2294.2
1120410 2289.4
1120420 2289.4
1120430 2284.8
1120440 2280.1
1120450 2280.1
1120460 2274.7
1120470 2268.8
1120480 2268.8
1120490 2262.4
1120500 2257.0
1120510 2257.0
1120520 2251.0
1120530 2245.3
1120540 2245.3
1120550 2239.9
1120560 2236.7
1120570 2239.6
1120580 2239.9
1120590 2239.5
1120600 2238.9
1120610 2238.9
1120620 2239.2
1120630 2241.3
1120640 2241.3
1120650 2244.2
1120660 2246.4
1120670 2246.4
1120680 2247.4
1120690 2248.7
1120700 2248.7
1120710 2251.0
1120720 2252.9
1120730 2252.9
1120740 2255.3
1120750 2258.3
1120760 2258.3
1120770 2260.9
1120780 2263.2
1120790 2264.5
1120800 2264.5
1120810 2266.1
1120820 2269.1
1120830 2269.1
1120840 2270.5
1120850 2273.0
1120860 2273.0
1120870 2279.1
1120880 2282.5
1120890 2282.5
1120900 2284.5
1120910 2284.9
1120920 2288.7
1120930 2291.0
1120940 2292.2
1120950 2292.2
1120960 2293.1
1120970 2293.2
1120980 2293.7
1120990 2293.7
1121000 2296.8
1121010 2301.5
1121020 2301.5
1121030 2305.2
1121040 2310.6
1121050 2310.6
1121060 2316.3
1121070 2321.9
1121080 2321.9
1121090 2327.0
1121100 2332.0
1121110 2332.0
1121120 2336.2
1121130 2339.6
1121140 2339.6
1121150 2341.7
1121160 2340.3
1121170 2340.6
1121180 2340.6
1121190 2342.4
1121200 2345.0
1121210 2345.0
1121220 2349.7
1121230 2354.6
1121240 2354.6
1121250 2358.2
1121260 2362.9
1121270 2368.0
1121280 2373.4
1121290 2374.1
1121300 2374.1
1121310 2374.3
1121320 2374.8
1121330 2374.8
1121340 2373.3
1121350 2371.8
1121360 2371.9
1121370 2371.9
1121380 2372.4
1121390 2373.4
1121400 2373.4
1121410 2376.2
1121420 2379.1
1121430 2379.1
1121440 2381.7
1121450 2384.2
1121460 2384.2
1121470 2387.0
1121480 2388.1
1121490 2388.1
1121500 2391.8
1121510 2397.7
1121520 2397.7
1121530 2401.2
1121540 2403.8
1121550 2407.2
1121560 2407.2
1121570 2412.7
1121580 2419.1
1121590 2419.1
1121600 2420.7
1121610 2419.9
1121620 2424.2
1121630 2424.9
1121640 2427.5
1121650 2427.5
1121660 2429.9
1121670 2432.5
1121680 2432.5
1121690 2435.6
1121700 2438.8
1121710 2438.8
1121720 2443.1
1121730 2445.0
1121740 2449.1
1121750 2449.1
1121760 2454.4
1121770 2460.0
1121780 2460.0
1121790 2464.7
1121800 2468.6
1121810 2468.6
1121820 2472.8
1121830 2476.2
1121840 2476.2
1121850 2479.2
1121860 2481.6
1121870 2481.6
1121880 2482.7
1121890 2483.8
1121900 2483.8
1121910 2486.1
1121920 2489.1
1121930 2491.3
1121940 2491.3
1121950 2494.2
1121960 2495.9
1121970 2498.7
1121980 2499.4
1121990 2498.2
1122000 2498.2
1122010 2500.1
1122020 2501.8
1122030 2501.8
1122040 2504.3
1122050 2508.7
1122060 2508.7
1122070 2513.2
1122080 2517.5
1122090 2517.5
1122100 2521.4
1122110 2524.8
1122120 2524.8
1122130 2527.9
1122140 2531.0
1122150 2533.2
1122160 2533.2
1122170 2535.6
1122180 2537.0
1122190 2537.0
1122200 2537.2
1122210 2537.9
1122220 2537.9
1122230 2538.1
1122240 2536.8
1122250 2536.8
1122260 2538.5
1122270 2541.5
1122280 2541.5
1122290 2544.4
1122300 2546.9
1122310 2546.1
1122320 2549.1
1122330 2551.5
1122340 2555.1
1122350 2555.1
1122360 2557.6
1122370 2559.2
1122380 2559.2
1122390 2560.2
1122400 2561.3
1122410 2561.3
1122420 2560.1
1122430 2555.6
1122440 2555.6
1122450 2555.0
1122460 2559.8
1122470 2559.8
1122480 2567.3
1122490 2570.8
1122500 2570.8
1122510 2572.0
1122520 2570.1
1122530 2567.0
1122540 2567.0
1122550 2569.9
1122560 2577.1
1122570 2577.1
1122580 2580.2
1122590 2584.1
1122600 2584.1
1122610 2589.7
1122620 2595.9
1122630 2595.9
1122640 2601.0
1122650 2606.9
1122660 2610.1
1122670 2612.8
1122680 2613.7
1122690 2613.7
1122700 2617.8
1122710 2628.8
1122720 2635.6
1122730 2635.6
1122740 2634.0
1122750 2630.0
1122760 2630.0
1122770 2626.8
1122780 2628.6
1122790 2628.6
1122800 2621.6
1122810 2613.0
1122820 2613.0
1122830 2603.1
1122840 2596.8
1122850 2596.8
1122860 2591.1
1122870 2587.5
1122880 2587.5
1122890 2583.7
1122900 2584.7
1122910 2581.4
1122920 2581.4
1122930 2573.4
1122940 2559.7
1122950 2559.7
1122960 2553.2
1122970 2549.5
1122980 2549.5
1122990 2545.7
1123000 2541.7
1123010 2547.7
1123020 2543.1
1123030 2538.9
1123040 2538.9
1123050 2535.4
1123060 2533.3
1123070 2533.3
1123080 2529.4
1123090 2524.3
1123100 2516.7
1123110 2516.7
1123120 2508.3
1123130 2500.3
1123140 2500.3
1123150 2492.4
1123160 2486.5
1123170 2486.5
1123180 2483.0
1123190 2480.5
1123200 2480.5
1123210 2476.0
1123220 2468.2
1123230 2468.2
1123240 2460.7
1123250 2454.5
1123260 2454.5
1123270 2450.7
1123280 2446.5
1123290 2443.8
1123300 2443.8
1123310 2440.1
1123320 2436.2
1123330 2436.2
1123340 2431.2
1123350 2423.2
1123360 2425.0
1123370 2418.6
1123380 2413.9
1123390 2413.9
1123400 2411.9
1123410 2408.5
1123420 2408.5
1123430 2403.7
1123440 2402.5
1123450 2402.5
1123460 2401.9
1123470 2401.6
1123480 2403.7
1123490 2403.7
1123500 2403.6
1123510 2402.6
1123520 2402.6
1123530 2399.3
1123540 2391.8
1123550 2391.8
1123560 2385.7
1123570 2378.9
1123580 2378.9
1123590 2373.8
1123600 2369.0
1123610 2369.0
1123620 2364.6
1123630 2359.3
1123640 2359.3
1123650 2355.5
1123660 2350.6
1123670 2350.6
1123680 2345.7
1123690 2341.7
1123700 2338.0
1123710 2346.1
1123720 2343.0
1123730 2337.2
1123740 2337.2
1123750 2321.7
1123760 2313.3
1123770 2313.3
1123780 2308.3
1123790 2303.5
1123800 2303.5
1123810 2298.7
1123820 2291.3
1123830 2291.3
1123840 2285.1
1123850 2280.9
1123860 2280.9
1123870 2278.1
1123880 2272.0
1123890 2267.9
1123900 2267.9
1123910 2262.2
1123920 2254.2
1123930 2254.2
1123940 2248.1
1123950 2241.4
1123960 2241.4
1123970 2234.5
1123980 2228.8
1123990 2228.8
1124000 2223.6
1124010 2218.3
1124020 2218.3
1124030 2212.9
1124040 2206.8
1124050 2206.8
1124060 2205.2
1124070 2201.5
1124080 2197.5
1124090 2197.5
1124100 2194.4
1124110 2191.4
1124120 2191.4
1124130 2188.4
1124140 2185.5
1124150 2185.5
1124160 2182.9
1124170 2180.6
1124180 2180.6
1124190 2178.7
1124200 2177.4
1124210 2177.4
1124220 2175.6
1124230 2170.5
1124240 2170.5
1124250 2164.5
1124260 2159.1
1124270 2153.4
1124280 2153.4
1124290 2149.5
1124300 2146.6
1124310 2146.6
1124320 2144.6
1124330 2142.6
1124340 2142.6
1124350 2140.6
1124360 2139.7
1124370 2139.7
1124380 2138.6
1124390 2137.5
1124400 2137.5
1124410 2137.9
1124420 2137.4
1124430 2137.4
1124440 2136.4
1124450 2135.1
1124460 2135.3
1124470 2135.3
1124480 2135.5
1124490 2135.5
1124500 2135.5
1124510 2135.1
1124520 2135.1
1124530 2135.1
1124540 2134.8
1124550 2133.9
1124560 2133.9
1124570 2130.2
1124580 2127.9
1124590 2127.9
1124600 2128.0
1124610 2132.3
1124620 2132.3
1124630 2137.9
1124640 2138.9
1124650 2141.5
1124660 2141.5
1124670 2144.7
1124680 2148.7
1124690 2148.7
1124700 2152.5
1124710 2156.3
1124720 2156.3
1124730 2161.6
1124740 2167.9
1124750 2167.9
1124760 2173.8
1124770 2178.3
1124780 2178.3
1124790 2185.4
1124800 2192.4
1124810 2192.4
1124820 2196.2
1124830 2198.8
1124840 2201.1
1124850 2201.1
1124860 2203.7
1124870 2206.3
1124880 2206.3
1124890 2209.2
1124900 2212.4
1124910 2212.4
1124920 2218.1
1124930 2224.3
1124940 2224.3
1124950 2231.3
1124960 2238.2
1124970 2238.2
1124980 2244.8
1124990 2251.3
1125000 2251.3
1125010 2258.0
1125020 2263.7
1125030 2269.9
1125040 2269.9
1125050 2275.2
1125060 2280.3
1125070 2280.3
1125080 2286.5
1125090 2293.0
1125100 2293.0
1125110 2297.7
1125120 2296.4
1125130 2296.4
1125140 2302.4
1125150 2307.2
1125160 2307.2
1125170 2312.4
1125180 2317.1
1125190 2317.1
1125200 2321.5
1125210 2325.5
1125220 2329.2
1125230 2329.2
1125240 2331.8
1125250 2334.5
1125260 2334.5
1125270 2338.0
1125280 2341.9
1125290 2341.9
1125300 2346.7
1125310 2351.8
1125320 2351.8
1125330 2356.2
1125340 2360.8
1125350 2360.8
1125360 2366.4
1125370 2371.8
1125380 2371.8
1125390 2377.0
1125400 2383.1
1125410 2383.1
1125420 2389.9
1125430 2396.2
1125440 2401.8
1125450 2401.8
1125460 2406.6
1125470 2408.3
1125480 2408.3
1125490 2413.6
1125500 2418.8
1125510 2418.8
1125520 2424.5
1125530 2430.4
1125540 2430.4
1125550 2436.3
1125560 2443.0
1125570 2443.0
1125580 2448.8
1125590 2453.3
1125600 2453.3
1125610 2458.2
1125620 2462.4
1125630 2465.4
1125640 2465.4
1125650 2468.2
1125660 2471.3
1125670 2471.3
1125680 2474.5
1125690 2477.2
1125700 2477.2
1125710 2480.8
1125720 2484.8
1125730 2484.8
1125740 2489.0
1125750 2494.4
1125760 2494.4
1125770 2500.2
1125780 2505.1
1125790 2505.1
1125800 2510.5
1125810 2517.0
1125820 2518.7
1125830 2518.7
1125840 2524.8
1125850 2531.0
1125860 2531.0
1125870 2537.4
1125880 2543.8
1125890 2543.8
1125900 2550.3
1125910 2558.2
1125920 2558.2
1125930 2565.8
1125940 2573.0
1125950 2573.0
1125960 2579.6
1125970 2585.5
1125980 2585.5
1125990 2589.5
1126000 2588.9
1126010 2588.9
1126020 2588.9
1126030 2591.7
1126040 2595.4
1126050 2595.4
1126060 2600.2
1126070 2604.8
1126080 2604.8
1126090 2609.4
1126100 2614.0
1126110 2614.0
1126120 2618.5
1126130 2623.1
1126140 2623.1
1126150 2628.6
1126160 2634.2
1126170 2632.2
1126180 2637.1
1126190 2642.3
1126200 2648.1
1126210 2648.1
1126220 2654.3
1126230 2660.6
1126240 2660.6
1126250 2667.5
1126260 2676.8
1126270 2676.8
1126280 2682.7
1126290 2688.4
1126300 2688.4
1126310 2690.9
1126320 2692.0
1126330 2692.0
1126340 2696.3
1126350 2698.3
1126360 2698.3
1126370 2696.1
1126380 2690.9
1126390 2682.8
1126400 2682.8
1126410 2673.7
1126420 2667.5
1126430 2667.5
1126440 2663.3
1126450 2657.7
1126460 2657.7
1126470 2652.8
1126480 2649.0
1126490 2649.0
1126500 2645.1
1126510 2642.2
1126520 2642.2
1126530 2636.7
1126540 2630.7
1126550 2630.7
1126560 2626.6
1126570 2623.1
1126580 2619.9
1126590 2619.9
1126600 2618.0
1126610 2617.3
1126620 2617.3
1126630 2617.6
1126640 2619.7
1126650 2619.7
1126660 2620.2
1126670 2620.6
1126680 2620.6
1126690 2621.4
1126700 2622.4
1126710 2622.4
1126720 2623.9
1126730 2621.6
1126740 2621.6
1126750 2615.0
1126760 2612.0
1126770 2606.2
1126780 2606.2
1126790 2600.7
1126800 2598.3
1126810 2598.3
1126820 2596.3
1126830 2588.0
1126840 2588.0
1126850 2581.1
1126860 2577.7
1126870 2577.7
1126880 2577.6
1126890 2576.7
1126900 2576.7
1126910 2576.6
1126920 2578.2
1126930 2578.2
1126940 2578.5
1126950 2576.6
1126960 2576.6
1126970 2574.4
1126980 2572.3
1126990 2570.6
1127000 2570.6
1127010 2568.1
1127020 2560.7
1127030 2560.7
1127040 2550.1
1127050 2548.5
1127060 2548.5
1127070 2544.4
1127080 2541.9
1127090 2541.9
1127100 2531.0
1127110 2524.1
1127120 2524.1
1127130 2520.1
1127140 2516.5
1127150 2516.5
1127160 2514.1
1127170 2511.5
1127180 2508.9
1127190 2508.9
1127200 2508.5
1127210 2511.1
1127220 2511.1
1127230 2514.6
1127240 2514.6
1127250 2514.6
1127260 2512.9
1127270 2513.8
1127280 2513.8
1127290 2516.6
1127300 2518.7
1127310 2518.7
1127320 2520.7
1127330 2522.6
1127340 2522.6
1127350 2525.8
1127360 2528.0
1127370 2528.1
1127380 2528.1
1127390 2526.9
1127400 2525.3
1127410 2525.3
1127420 2523.8
1127430 2520.7
1127440 2520.7
1127450 2515.0
1127460 2508.5
1127470 2508.5
1127480 2502.2
1127490 2496.9
1127500 2496.9
1127510 2494.7
1127520 2494.8
1127530 2494.8
1127540 2494.6
1127550 2493.6
1127560 2491.5
1127570 2491.5
1127580 2488.8
1127590 2490.1
1127600 2490.1
1127610 2490.2
1127620 2490.6
1127630 2490.6
1127640 2489.9
1127650 2489.3
1127660 2489.3
1127670 2488.9
1127680 2487.8
1127690 2487.8
1127700 2485.4
1127710 2482.6
1127720 2482.6
1127730 2478.0
1127740 2472.0
1127750 2468.4
1127760 2468.4
1127770 2467.5
1127780 2467.6
1127790 2467.6
1127800 2469.6
1127810 2473.6
1127820 2473.6
1127830 2475.5
1127840 2476.1
1127850 2476.1
1127860 2477.3
1127870 2478.3
1127880 2478.3
1127890 2479.1
1127900 2480.0
1127910 2480.0
1127920 2480.2
1127930 2481.4
1127940 2484.5
1127950 2484.5
1127960 2486.4
1127970 2491.1
1127980 2491.1
1127990 2495.0
1128000 2497.3
1128010 2497.3
1128020 2498.1
1128030 2496.5
1128040 2496.5
1128050 2496.9
1128060 2500.5
1128070 2500.5
1128080 2505.2
1128090 2508.6
1128100 2508.6
1128110 2511.0
1128120 2512.1
1128130 2514.2
1128140 2514.2
1128150 2518.2
1128160 2523.2
1128170 2523.2
1128180 2527.7
1128190 2531.1
1128200 2531.1
1128210 2533.8
1128220 2536.9
1128230 2536.9
1128240 2541.1
1128250 2545.4
1128260 2545.4
1128270 2549.5
1128280 2554.1
1128290 2551.7
1128300 2556.4
1128310 2562.2
1128320 2567.9
1128330 2567.9
1128340 2573.2
1128350 2577.6
1128360 2577.6
1128370 2582.0
1128380 2587.3
1128390 2587.3
1128400 2592.9
1128410 2597.4
1128420 2597.4
1128430 2600.6
1128440 2602.8
1128450 2602.8
1128460 2604.5
1128470 2605.6
1128480 2605.6
1128490 2607.9
1128500 2610.8
1128510 2613.7
1128520 2613.7
1128530 2616.2
1128540 2617.5
1128550 2617.5
1128560 2619.3
1128570 2621.3
1128580 2621.3
1128590 2622.8
1128600 2623.4
1128610 2623.4
1128620 2623.8
1128630 2624.4
1128640 2624.4
1128650 2627.3
1128660 2630.2
1128670 2630.2
1128680 2632.6
1128690 2635.2
1128700 2637.8
1128710 2637.8
1128720 2640.3
1128730 2642.8
1128740 2642.8
1128750 2645.6
1128760 2648.5
1128770 2648.5
1128780 2651.8
1128790 2656.3
1128800 2656.3
1128810 2661.1
1128820 2666.2
1128830 2666.2
1128840 2671.3
1128850 2676.8
1128860 2676.8
1128870 2681.6
1128880 2685.3
1128890 2685.3
1128900 2688.0
1128910 2690.0
1128920 2691.8
1128930 2691.8
1128940 2693.5
1128950 2694.9
1128960 2694.9
1128970 2695.8
1128980 2695.9
1128990 2695.9
1129000 2695.5
1129010 2697.5
1129020 2697.5
1129030 2696.8
1129040 2695.8
1129050 2695.8
1129060 2694.9
1129070 2694.5
1129080 2694.5
1129090 2695.4
1129100 2696.9
1129110 2697.5
1129120 2697.5
1129130 2697.2
1129140 2697.1
1129150 2697.1
1129160 2697.1
1129170 2697.4
1129180 2697.4
1129190 2698.9
1129200 2701.7
1129210 2701.7
1129220 2704.3
1129230 2706.1
1129240 2706.1
1129250 2707.3
1129260 2707.5
1129270 2707.5
1129280 2708.6
1129290 2710.4
1129300 2712.2
1129310 2712.2
1129320 2714.3
1129330 2716.3
1129340 2716.3
1129350 2718.6
1129360 2716.8
1129370 2716.8
1129380 2719.2
1129390 2721.8
1129400 2721.8
1129410 2724.0
1129420 2726.1
1129430 2726.1
1129440 2728.0
1129450 2729.8
1129460 2729.8
1129470 2730.8
1129480 2731.9
1129490 2734.3
1129500 2734.3
1129510 2737.5
1129520 2741.9
1129530 2741.9
1129540 2746.3
1129550 2751.3
1129560 2751.3
1129570 2758.0
1129580 2763.0
1129590 2763.0
1129600 2767.4
1129610 2771.7
1129620 2771.7
1129630 2775.2
1129640 2778.4
1129650 2778.4
1129660 2781.8
1129670 2785.1
1129680 2788.4
1129690 2788.4
1129700 2791.4
1129710 2794.2
1129720 2786.0
1129730 2787.9
1129740 2789.9
1129750 2789.9
1129760 2791.3
1129770 2793.4
1129780 2793.4
1129790 2796.6
1129800 2800.9
1129810 2800.9
1129820 2806.4
1129830 2811.6
1129840 2811.6
1129850 2816.2
1129860 2820.0
1129870 2825.0
1129880 2825.0
1129890 2833.7
1129900 2843.0
1129910 2843.0
1129920 2854.0
1129930 2861.8
1129940 2861.8
1129950 2869.3
1129960 2875.1
1129970 2875.1
1129980 2881.4
1129990 2891.2
1130000 2891.2
1130010 2897.9
1130020 2903.5
1130030 2903.5
1130040 2919.5
1130050 2937.0
1130060 2950.3
1130070 2939.3
1130080 2947.4
1130090 2961.8
1130100 2961.8
1130110 2974.0
1130120 2983.8
1130130 2983.8
1130140 2991.0
1130150 2997.0
1130160 2997.0
1130170 2996.1
1130180 2989.5
1130190 2989.5
1130200 2989.8
1130210 2994.2
1130220 2994.2
1130230 2993.2
1130240 2986.4
1130250 2979.9
1130260 2979.9
1130270 2977.7
1130280 2971.7
1130290 2971.7
1130300 2965.5
1130310 2958.5
1130320 2958.5
1130330 2947.8
1130340 2936.3
1130350 2936.3
1130360 2922.3
1130370 2913.4
1130380 2913.4
1130390 2912.9
1130400 2912.4
1130410 2912.4
1130420 2912.3
1130430 2923.2
1130440 2889.2
1130450 2889.2
1130460 2875.3
1130470 2868.8
1130480 2868.8
1130490 2870.6
1130500 2872.9
1130510 2872.9
1130520 2872.1
1130530 2859.5
1130540 2859.5
1130550 2841.4
1130560 2829.9
1130570 2829.9
1130580 2822.4
1130590 2814.5
1130600 2814.5
1130610 2809.3
1130620 2802.8
1130630 2802.8
1130640 2798.3
1130650 2792.1
1130660 2789.1
1130670 2789.1
1130680 2786.8
1130690 2784.6
1130700 2784.6
1130710 2784.1
1130720 2783.2
1130730 2783.2
1130740 2778.2
1130750 2769.9
1130760 2769.9
1130770 2762.9
1130780 2759.8
1130790 2769.3
1130800 2770.0
1130810 2772.1
1130820 2772.1
1130830 2775.6
1130840 2780.1
1130850 2780.1
1130860 2780.1
1130870 2770.1
1130880 2761.7
1130890 2761.7
1130900 2762.3
1130910 2767.1
1130920 2767.1
1130930 2761.5
1130940 2757.7
1130950 2757.7
1130960 2754.1
1130970 2755.3
1130980 2755.3
1130990 2769.4
1131000 2772.7
1131010 2772.7
1131020 2763.5
1131030 2759.5
1131040 2759.9
1131050 2759.9
1131060 2760.6
1131070 2757.3
1131080 2757.3
1131090 2753.6
1131100 2746.3
1131110 2746.3
1131120 2738.2
1131130 2727.4
1131140 2734.2
1131150 2718.2
1131160 2705.5
1131170 2705.5
1131180 2696.2
1131190 2688.7
1131200 2688.7
1131210 2684.4
1131220 2680.3
1131230 2671.1
1131240 2671.1
1131250 2657.7
1131260 2643.8
1131270 2643.8
1131280 2629.8
1131290 2616.5
1131300 2616.5
1131310 2606.2
1131320 2598.5
1131330 2598.5
1131340 2590.7
1131350 2577.8
1131360 2577.8
1131370 2568.0
1131380 2559.9
1131390 2559.9
1131400 2552.7
1131410 2546.3
1131420 2540.6
1131430 2540.6
1131440 2531.1
1131450 2520.0
1131460 2520.0
1131470 2509.2
1131480 2498.0
1131490 2498.0
1131500 2491.1
1131510 2483.7
1131520 2483.7
1131530 2475.5
1131540 2464.5
1131550 2464.5
1131560 2454.0
1131570 2447.3
1131580 2447.3
1131590 2441.9
1131600 2434.4
1131610 2424.2
1131620 2424.2
1131630 2415.3
1131640 2408.6
1131650 2408.6
1131660 2402.8
1131670 2398.5
1131680 2398.5
1131690 2393.7
1131700 2387.1
1131710 2387.1
1131720 2376.7
1131730 2367.7
1131740 2367.7
1131750 2359.5
1131760 2349.4
1131770 2349.4
1131780 2342.0
1131790 2334.7
1131800 2323.7
1131810 2323.7
1131820 2317.2
1131830 2311.9
1131840 2311.9
1131850 2305.8
1131860 2297.2
1131870 2297.2
1131880 2290.7
1131890 2283.4
1131900 2283.4
1131910 2275.5
1131920 2267.3
1131930 2267.3
1131940 2259.1
1131950 2247.8
1131960 2247.8
1131970 2239.2
1131980 2228.6
1131990 2219.8
1132000 2219.8
1132010 2212.7
1132020 2204.5
1132030 2204.5
1132040 2195.5
1132050 2187.6
1132060 2187.6
1132070 2179.6
1132080 2172.6
1132090 2172.6
1132100 2165.8
1132110 2159.4
1132120 2159.4
1132130 2153.5
1132140 2147.9
1132150 2147.9
1132160 2142.4
1132170 2137.0
1132180 2131.5
1132190 2131.5
1132200 2127.3
1132210 2124.1
1132220 2125.2
1132230 2123.7
1132240 2121.4
1132250 2121.4
1132260 2119.6
1132270 2120.7
1132280 2120.7
1132290 2122.9
1132300 2122.6
1132310 2122.6
1132320 2122.1
1132330 2123.7
1132340 2123.7
1132350 2126.1
1132360 2128.6
1132370 2130.1
1132380 2130.1
1132390 2128.5
1132400 2129.0
1132410 2129.0
1132420 2130.4
1132430 2130.7
1132440 2130.7
1132450 2131.8
1132460 2133.9
1132470 2133.9
1132480 2135.3
1132490 2136.4
1132500 2136.4
1132510 2138.6
1132520 2139.6
1132530 2139.6
1132540 2139.0
1132550 2137.8
1132560 2137.8
1132570 2138.4
1132580 2138.4
1132590 2138.1
1132600 2138.1
1132610 2138.7
1132620 2140.0
1132630 2140.0
1132640 2143.3
1132650 2148.6
1132660 2148.6
1132670 2153.9
1132680 2157.2
1132690 2157.2
1132700 2161.1
1132710 2167.4
1132720 2167.4
1132730 2174.3
1132740 2181.4
1132750 2181.4
1132760 2188.4
1132770 2194.8
1132780 2201.6
1132790 2201.6
1132800 2208.1
1132810 2214.1
1132820 2214.1
1132830 2219.3
1132840 2223.6
1132850 2223.6
1132860 2227.0
1132870 2230.7
1132880 2230.7
1132890 2232.8
1132900 2233.5
1132910 2233.5
1132920 2232.6
1132930 2229.7
1132940 2234.8
1132950 2232.2
1132960 2231.4
1132970 2232.0
1132980 2232.0
1132990 2231.6
1133000 2229.5
1133010 2229.5
1133020 2228.6
1133030 2229.9
1133040 2229.9
1133050 2233.8
1133060 2236.1
1133070 2236.1
1133080 2237.0
1133090 2237.4
1133100 2237.4
1133110 2236.3
1133120 2234.3
1133130 2234.3
1133140 2233.6
1133150 2234.4
1133160 2236.1
1133170 2236.1
1133180 2238.9
1133190 2241.8
1133200 2241.8
1133210 2241.5
1133220 2240.2
1133230 2240.2
1133240 2239.7
1133250 2240.1
1133260 2240.1
1133270 2241.1
1133280 2242.0
1133290 2242.0
1133300 2248.5
1133310 2251.5
1133320 2251.5
1133330 2253.1
1133340 2250.1
1133350 2246.0
1133360 2246.0
1133370 2243.0
1133380 2240.3
1133390 2240.3
1133400 2238.7
1133410 2237.1
1133420 2237.1
1133430 2234.6
1133440 2232.9
1133450 2232.9
1133460 2231.6
1133470 2230.1
1133480 2230.1
1133490 2230.1
1133500 2230.7
1133510 2230.7
1133520 2229.6
1133530 2229.6
1133540 2230.6
1133550 2230.6
1133560 2233.3
1133570 2236.0
1133580 2236.0
1133590 2237.8
1133600 2238.9
1133610 2238.9
1133620 2240.3
1133630 2241.7
1133640 2241.7
1133650 2242.5
1133660 2248.9
1133670 2248.9
1133680 2249.9
1133690 2249.7
1133700 2249.7
1133710 2250.0
1133720 2250.9
1133730 2252.3
1133740 2252.3
1133750 2254.4
1133760 2256.4
1133770 2256.4
1133780 2258.3
1133790 2260.1
1133800 2260.1
1133810 2262.2
1133820 2264.3
1133830 2264.3
1133840 2265.9
1133850 2267.6
1133860 2267.6
1133870 2269.6
1133880 2271.4
1133890 2271.4
1133900 2273.1
1133910 2274.7
1133920 2276.4
1133930 2276.4
1133940 2278.2
1133950 2279.9
1133960 2279.9
1133970 2281.9
1133980 2283.9
1133990 2283.9
1134000 2285.6
1134010 2288.7
1134020 2289.9
1134030 2292.3
1134040 2296.3
1134050 2296.3
1134060 2299.1
1134070 2300.2
1134080 2300.2
1134090 2300.9
1134100 2301.5
1134110 2302.7
1134120 2302.7
1134130 2304.6
1134140 2304.7
1134150 2304.7
1134160 2303.6
1134170 2303.1
1134180 2303.1
1134190 2303.0
1134200 2301.8
1134210 2301.8
1134220 2300.9
1134230 2301.5
1134240 2301.5
1134250 2302.0
1134260 2302.4
1134270 2302.4
1134280 2304.2
1134290 2307.1
1134300 2310.7
1134310 2310.7
1134320 2318.4
1134330 2323.7
1134340 2323.7
1134350 2324.9
1134360 2324.5
1134370 2324.5
1134380 2317.4
1134390 2318.3
1134400 2318.3
1134410 2317.7
1134420 2318.7
1134430 2318.7
1134440 2322.8
1134450 2326.5
1134460 2326.5
1134470 2329.6
1134480 2332.8
1134490 2332.8
1134500 2335.8
1134510 2338.8
1134520 2341.7
1134530 2341.7
1134540 2344.2
1134550 2345.8
1134560 2345.8
1134570 2346.5
1134580 2347.3
1134590 2347.3
1134600 2347.4
1134610 2346.7
1134620 2346.7
1134630 2345.8
1134640 2345.2
1134650 2345.2
1134660 2345.1
1134670 2344.4
1134680 2344.4
1134690 2344.5
1134700 2345.0
1134710 2345.5
1134720 2345.5
1134730 2346.3
1134740 2350.3
1134750 2350.3
1134760 2350.4
1134770 2351.1
1134780 2351.1
1134790 2351.9
1134800 2351.9
1134810 2351.9
1134820 2352.9
1134830 2352.5
1134840 2352.5
1134850 2352.9
1134860 2353.7
1134870 2353.7
1134880 2355.5
1134890 2359.1
1134900 2362.6
1134910 2362.6
1134920 2363.7
1134930 2365.3
1134940 2365.3
1134950 2368.2
1134960 2371.8
1134970 2371.8
1134980 2374.9
1134990 2373.2
1135000 2373.2
1135010 2370.7
1135020 2368.6
1135030 2368.6
1135040 2366.9
1135050 2365.5
1135060 2365.5
1135070 2364.5
1135080 2366.3
1135090 2368.0
1135100 2369.6
1135110 2370.2
1135120 2371.1
1135130 2371.1
1135140 2369.0
1135150 2368.9
1135160 2368.9
1135170 2367.4
1135180 2365.0
1135190 2365.0
1135200 2366.1
1135210 2367.8
1135220 2367.8
1135230 2372.6
1135240 2378.2
1135250 2378.2
1135260 2380.6
1135270 2381.1
1135280 2379.5
1135290 2379.5
1135300 2375.2
1135310 2375.3
1135320 2375.3
1135330 2376.3
1135340 2375.6
1135350 2375.6
1135360 2372.2
1135370 2374.3
1135380 2374.3
1135390 2376.7
1135400 2378.5
1135410 2378.5
1135420 2380.6
1135430 2383.4
1135440 2383.4
1135450 2387.0
1135460 2390.6
1135470 2394.5
1135480 2394.5
1135490 2398.5
1135500 2402.9
1135510 2402.9
1135520 2407.7
1135530 2412.2
1135540 2412.2
1135550 2416.7
1135560 2421.6
1135570 2421.6
1135580 2426.4
1135590 2431.5
1135600 2431.5
1135610 2436.7
1135620 2441.8
1135630 2441.8
1135640 2447.1
1135650 2453.0
1135660 2458.9
1135670 2458.9
1135680 2464.1
1135690 2467.5
1135700 2467.5
1135710 2471.3
1135720 2475.0
1135730 2475.0
1135740 2479.0
1135750 2482.2
1135760 2482.2
1135770 2486.5
1135780 2492.1
1135790 2492.1
1135800 2497.9
1135810 2503.6
1135820 2499.7
1135830 2505.4
1135840 2510.8
1135850 2516.2
1135860 2516.2
1135870 2521.6
1135880 2526.6
1135890 2526.6
1135900 2530.2
1135910 2533.5
1135920 2533.5
1135930 2539.4
1135940 2546.4
1135950 2546.4
1135960 2552.7
1135970 2558.2
1135980 2558.2
1135990 2563.1
1136000 2567.8
1136010 2567.8
1136020 2572.5
1136030 2577.9
1136040 2583.7
1136050 2583.7
1136060 2589.6
1136070 2594.1
1136080 2594.1
1136090 2595.8
1136100 2597.8
1136110 2597.8
1136120 2602.0
1136130 2607.7
1136140 2607.7
1136150 2614.8
1136160 2621.1
1136170 2621.1
1136180 2624.3
1136190 2616.0
1136200 2616.0
1136210 2614.4
1136220 2615.0
1136230 2618.7
1136240 2618.7
1136250 2623.1
1136260 2625.4
1136270 2625.4
1136280 2626.9
1136290 2628.3
1136300 2628.3
1136310 2629.8
1136320 2631.3
1136330 2631.3
1136340 2633.0
1136350 2634.3
1136360 2634.3
1136370 2635.5
1136380 2636.3
1136390 2636.3
1136400 2636.7
1136410 2637.1
1136420 2637.1
1136430 2637.7
1136440 2638.3
1136450 2639.8
1136460 2639.8
1136470 2641.8
1136480 2644.1
1136490 2644.1
1136500 2645.9
1136510 2648.7
1136520 2648.7
1136530 2651.8
1136540 2654.5
1136550 2649.5
1136560 2652.6
1136570 2655.3
1136580 2655.3
1136590 2658.2
1136600 2661.9
1136610 2661.9
1136620 2665.7
1136630 2668.4
1136640 2671.1
1136650 2671.1
1136660 2675.4
1136670 2681.2
1136680 2681.2
1136690 2687.7
1136700 2694.4
1136710 2694.4
1136720 2701.4
1136730 2708.6
1136740 2708.6
1136750 2716.4
1136760 2724.1
1136770 2724.1
1136780 2732.6
1136790 2741.7
1136800 2741.7
1136810 2749.8
1136820 2756.3
1136830 2762.4
1136840 2762.4
1136850 2767.5
1136860 2772.5
1136870 2772.5
1136880 2777.6
1136890 2782.7
1136900 2782.7
1136910 2788.9
1136920 2787.9
1136930 2787.9
1136940 2786.2
1136950 2785.2
1136960 2785.2
1136970 2784.0
1136980 2783.8
1136990 2783.8
1137000 2786.0
1137010 2787.1
1137020 2787.0
1137030 2787.0
1137040 2787.4
1137050 2786.7
1137060 2786.7
1137070 2785.1
1137080 2783.7
1137090 2783.7
1137100 2784.9
1137110 2788.3
1137120 2788.3
1137130 2790.6
1137140 2793.0
1137150 2793.0
1137160 2795.9
1137170 2801.9
1137180 2801.9
1137190 2809.0
1137200 2815.9
1137210 2820.6
1137220 2820.6
1137230 2825.2
1137240 2830.9
1137250 2830.9
1137260 2838.6
1137270 2845.2
1137280 2845.5
1137290 2852.0
1137300 2858.9
1137310 2858.9
1137320 2866.9
1137330 2874.0
1137340 2874.0
1137350 2880.0
1137360 2886.5
1137370 2886.5
1137380 2893.7
1137390 2900.5
1137400 2915.0
1137410 2915.0
1137420 2936.7
1137430 2942.1
1137440 2942.1
1137450 2938.3
1137460 2937.1
1137470 2937.1
1137480 2940.1
1137490 2943.9
1137500 2943.9
1137510 2945.9
1137520 2946.7
1137530 2946.7
1137540 2946.5
1137550 2946.7
1137560 2946.7
1137570 2946.6
1137580 2943.6
1137590 2943.7
1137600 2943.7
1137610 2946.0
1137620 2949.4
1137630 2949.4
1137640 2950.0
1137650 2953.2
1137660 2953.2
1137670 2956.7
1137680 2958.9
1137690 2958.9
1137700 2958.2
1137710 2954.8
1137720 2954.8
1137730 2951.0
1137740 2944.8
1137750 2944.8
1137760 2941.2
1137770 2937.8
1137780 2933.9
1137790 2933.9
1137800 2930.2
1137810 2927.2
1137820 2927.2
1137830 2926.2
1137840 2926.7
1137850 2926.7
1137860 2927.6
1137870 2928.8
1137880 2928.8
1137890 2929.6
1137900 2930.4
1137910 2930.4
1137920 2930.7
1137930 2931.2
1137940 2931.2
1137950 2932.8
1137960 2935.1
1137970 2935.7
1137980 2935.7
1137990 2937.0
1138000 2938.8
1138010 2931.4
1138020 2930.1
1138030 2930.5
1138040 2930.5
1138050 2930.6
1138060 2926.2
1138070 2926.2
1138080 2926.2
1138090 2922.1
1138100 2922.1
1138110 2919.4
1138120 2916.5
1138130 2916.5
1138140 2912.3
1138150 2912.9
1138160 2913.1
1138170 2913.1
1138180 2912.3
1138190 2911.0
1138200 2911.0
1138210 2908.7
1138220 2905.2
1138230 2905.2
1138240 2900.4
1138250 2898.4
1138260 2898.4
1138270 2900.4
1138280 2902.3
1138290 2902.3
1138300 2904.3
1138310 2906.8
1138320 2906.8
1138330 2907.8
1138340 2907.7
1138350 2907.7
1138360 2907.8
1138370 2905.0
1138380 2905.6
1138390 2905.6
1138400 2905.0
1138410 2903.1
1138420 2903.1
1138430 2902.1
1138440 2902.9
1138450 2902.9
1138460 2905.3
1138470 2906.5
1138480 2906.5
1138490 2904.7
1138500 2902.8
1138510 2902.8
1138520 2901.0
1138530 2900.3
1138540 2900.3
1138550 2899.7
1138560 2898.0
1138570 2896.8
1138580 2896.8
1138590 2895.9
1138600 2894.4
1138610 2894.4
1138620 2891.8
1138630 2889.0
1138640 2889.0
1138650 2885.6
1138660 2881.6
1138670 2881.6
1138680 2878.0
1138690 2874.8
1138700 2874.8
1138710 2872.0
1138720 2869.9
1138730 2869.9
1138740 2866.3
1138750 2865.8
1138760 2864.3
1138770 2864.3
1138780 2862.8
1138790 2861.4
1138800 2861.4
1138810 2860.6
1138820 2861.0
1138830 2861.0
1138840 2862.0
1138850 2862.9
1138860 2862.9
1138870 2864.9
1138880 2867.2
1138890 2867.2
1138900 2869.3
1138910 2871.0
1138920 2871.0
1138930 2872.8
1138940 2875.5
1138950 2879.1
1138960 2879.1
1138970 2883.0
1138980 2886.1
1138990 2886.1
1139000 2888.2
1139010 2890.9
1139020 2890.9
1139030 2894.5
1139040 2898.4
1139050 2898.4
1139060 2902.7
1139070 2907.7
1139080 2907.7
1139090 2913.6
1139100 2919.3
1139110 2919.3
1139120 2927.2
1139130 2933.1
1139140 2938.4
1139150 2938.4
1139160 2942.9
1139170 2948.2
1139180 2948.2
1139190 2954.4
1139200 2960.8
1139210 2960.8
1139220 2968.0
1139230 2981.2
1139240 2981.2
1139250 3004.3
1139260 3020.1
1139270 3020.1
1139280 3036.1
1139290 3060.7
1139300 3060.7
1139310 3074.6
1139320 3089.9
1139330 3087.3
1139340 3087.3
1139350 3076.2
1139360 3061.6
1139370 3061.6
1139380 3039.9
1139390 3017.3
1139400 3017.3
1139410 2989.8
1139420 2973.9
1139430 2973.9
1139440 2961.6
1139450 2942.4
1139460 2942.4
1139470 2926.4
1139480 2917.6
1139490 2917.6
1139500 2912.0
1139510 2906.5
1139520 2900.8
1139530 2900.8
1139540 2896.3
1139550 2892.4
1139560 2892.4
1139570 2892.4
1139580 2893.1
1139590 2893.1
1139600 2894.6
1139610 2897.1
1139620 2897.1
1139630 2899.8
1139640 2902.3
1139650 2902.3
1139660 2904.1
1139670 2905.5
1139680 2905.5
1139690 2909.0
1139700 2912.5
1139710 2915.1
1139720 2915.1
1139730 2917.4
1139740 2916.5
1139750 2916.5
1139760 2911.5
1139770 2908.0
1139780 2908.0
1139790 2901.6
1139800 2880.3
1139810 2880.3
1139820 2865.0
1139830 2859.9
1139840 2859.9
1139850 2852.1
1139860 2844.9
1139870 2844.9
1139880 2838.2
1139890 2832.2
1139900 2826.0
1139910 2826.0
1139920 2820.1
1139930 2813.7
1139940 2813.7
1139950 2807.8
1139960 2801.7
1139970 2801.7
1139980 2794.9
1139990 2788.7
