1120000 2544.5
1120010 2537.7
1120020 2536.3
1120030 2536.3
1120040 2535.9
1120050 2536.1
1120060 2536.1
1120070 2534.1
1120080 2531.3
1120090 2531.3
1120100 2529.6
1120110 2523.5
1120120 2523.5
1120130 2512.2
1120140 2501.3
1120150 2501.3
1120160 2487.5
1120170 2474.0
1120180 2474.0
1120190 2462.4
1120200 2449.1
1120210 2440.6
1120220 2440.6
1120230 2419.0
1120240 2411.4
1120250 2411.4
1120260 2406.9
1120270 2399.1
1120280 2399.1
1120290 2388.2
1120300 2382.7
1120310 2382.7
1120320 2375.2
1120330 2359.3
1120340 2359.3
1120350 2351.3
1120360 2345.5
1120370 2345.5
1120380 2339.6
1120390 2333.4
1120400 2333.4
1120410 2326.8
1120420 2320.1
1120430 2313.2
1120440 2313.2
1120450 2305.6
1120460 2299.3
1120470 2299.3
1120480 2293.9
1120490 2288.6
1120500 2288.6
1120510 2281.3
1120520 2275.0
1120530 2275.0
1120540 2269.0
1120550 2263.5
1120560 2263.5
1120570 2255.7
1120580 2250.5
1120590 2250.5
1120600 2245.3
1120610 2239.9
1120620 2234.6
1120630 2234.6
1120640 2228.9
1120650 2224.4
1120660 2224.4
1120670 2220.5
1120680 2216.9
1120690 2216.9
1120700 2213.7
1120710 2212.0
1120720 2212.0
1120730 2211.2
1120740 2210.7
1120750 2210.7
1120760 2209.8
1120770 2210.2
1120780 2210.2
1120790 2211.1
1120800 2210.3
1120810 2210.7
1120820 2210.7
1120830 2211.0
1120840 2213.0
1120850 2213.0
1120860 2215.2
1120870 2216.3
1120880 2216.3
1120890 2216.9
1120900 2217.7
1120910 2217.7
1120920 2221.8
1120930 2222.0
1120940 2222.0
1120950 2222.6
1120960 2225.7
1120970 2225.7
1120980 2227.4
1120990 2230.9
1121000 2234.4
1121010 2234.4
1121020 2238.2
1121030 2242.8
1121040 2242.8
1121050 2246.5
1121060 2249.0
1121070 2249.0
1121080 2251.3
1121090 2254.5
1121100 2254.5
1121110 2257.4
1121120 2260.8
1121130 2260.8
1121140 2265.4
1121150 2268.2
1121160 2268.2
1121170 2267.9
1121180 2270.3
1121190 2272.9
1121200 2272.9
1121210 2275.0
1121220 2277.4
1121230 2277.4
1121240 2279.7
1121250 2281.8
1121260 2281.8
1121270 2287.9
1121280 2290.6
1121290 2290.6
1121300 2294.9
1121310 2298.5
1121320 2298.5
1121330 2302.3
1121340 2305.9
1121350 2305.9
1121360 2308.0
1121370 2310.8
1121380 2316.1
1121390 2316.1
1121400 2322.4
1121410 2329.1
1121420 2329.1
1121430 2335.1
1121440 2339.0
1121450 2339.0
1121460 2343.2
1121470 2346.1
1121480 2346.1
1121490 2349.5
1121500 2352.8
1121510 2352.8
1121520 2356.3
1121530 2360.3
1121540 2360.3
1121550 2365.1
1121560 2372.2
1121570 2379.2
1121580 2379.2
1121590 2385.0
1121600 2394.5
1121610 2394.5
1121620 2401.9
1121630 2408.8
1121640 2408.8
1121650 2411.8
1121660 2413.9
1121670 2413.9
1121680 2413.5
1121690 2415.2
1121700 2415.2
1121710 2420.1
1121720 2425.1
1121730 2425.1
1121740 2429.1
1121750 2432.5
1121760 2436.8
1121770 2436.8
1121780 2440.3
1121790 2444.4
1121800 2444.4
1121810 2446.8
1121820 2447.4
1121830 2447.4
1121840 2449.4
1121850 2453.9
1121860 2453.9
1121870 2457.4
1121880 2461.1
1121890 2461.1
1121900 2463.0
1121910 2466.4
1121920 2466.4
1121930 2469.2
1121940 2471.1
1121950 2471.1
1121960 2473.6
1121970 2478.7
1121980 2479.9
1121990 2479.9
1122000 2480.8
1122010 2482.7
1122020 2482.7
1122030 2484.7
1122040 2485.5
1122050 2485.5
1122060 2485.8
1122070 2488.2
1122080 2488.2
1122090 2491.3
1122100 2494.2
1122110 2494.2
1122120 2496.5
1122130 2496.8
1122140 2496.8
1122150 2497.7
1122160 2497.7
1122170 2499.5
1122180 2499.5
1122190 2499.3
1122200 2499.9
1122210 2499.9
1122220 2501.8
1122230 2504.1
1122240 2504.1
1122250 2506.2
1122260 2505.7
1122270 2505.7
1122280 2503.8
1122290 2503.5
1122300 2503.5
1122310 2506.5
1122320 2507.7
1122330 2507.7
1122340 2508.9
1122350 2509.9
1122360 2511.4
1122370 2511.4
1122380 2514.7
1122390 2519.6
1122400 2519.6
1122410 2523.6
1122420 2526.1
1122430 2526.1
1122440 2528.0
1122450 2530.4
1122460 2530.4
1122470 2535.0
1122480 2538.2
1122490 2538.2
1122500 2541.4
1122510 2544.9
1122520 2544.9
1122530 2546.4
1122540 2546.8
1122550 2546.0
1122560 2546.0
1122570 2545.0
1122580 2544.8
1122590 2544.8
1122600 2546.1
1122610 2551.3
1122620 2551.3
1122630 2559.0
1122640 2566.8
1122650 2566.8
1122660 2573.7
1122670 2581.7
1122680 2581.7
1122690 2589.8
1122700 2598.4
1122710 2598.4
1122720 2606.5
1122730 2603.0
1122740 2592.4
1122750 2592.4
1122760 2583.6
1122770 2576.6
1122780 2576.6
1122790 2568.3
1122800 2559.3
1122810 2559.3
1122820 2550.3
1122830 2541.2
1122840 2541.2
1122850 2535.0
1122860 2529.4
1122870 2529.4
1122880 2524.1
1122890 2519.3
1122900 2519.3
1122910 2514.4
1122920 2509.8
1122930 2505.7
1122940 2505.7
1122950 2501.3
1122960 2497.2
1122970 2497.2
1122980 2493.2
1122990 2488.6
1123000 2488.6
1123010 2484.9
1123020 2481.6
1123030 2481.6
1123040 2480.1
1123050 2477.7
1123060 2477.7
1123070 2474.4
1123080 2471.4
1123090 2471.4
1123100 2469.6
1123110 2465.3
1123120 2458.5
1123130 2458.5
1123140 2454.0
1123150 2454.1
1123160 2454.1
1123170 2454.0
1123180 2451.7
1123190 2451.7
1123200 2447.5
1123210 2441.8
1123220 2441.8
1123230 2437.3
1123240 2434.1
1123250 2434.1
1123260 2432.4
1123270 2430.5
1123280 2430.5
1123290 2427.9
1123300 2423.0
1123310 2421.3
1123320 2421.3
1123330 2421.8
1123340 2419.5
1123350 2419.5
1123360 2416.9
1123370 2412.5
1123380 2412.5
1123390 2410.1
1123400 2409.4
1123410 2409.4
1123420 2408.8
1123430 2407.4
1123440 2407.4
1123450 2403.2
1123460 2396.8
1123470 2396.8
1123480 2393.0
1123490 2391.9
1123500 2391.9
1123510 2386.7
1123520 2380.2
1123530 2371.0
1123540 2371.0
1123550 2362.1
1123560 2357.8
1123570 2357.8
1123580 2349.9
1123590 2344.6
1123600 2344.6
1123610 2342.1
1123620 2337.8
1123630 2337.8
1123640 2332.8
1123650 2328.3
1123660 2328.3
1123670 2324.2
1123680 2321.4
1123690 2321.4
1123700 2321.2
1123710 2320.2
1123720 2315.4
1123730 2315.4
1123740 2311.1
1123750 2306.2
1123760 2306.2
1123770 2299.0
1123780 2287.2
1123790 2287.2
1123800 2279.2
1123810 2272.0
1123820 2272.0
1123830 2259.2
1123840 2245.9
1123850 2245.9
1123860 2234.9
1123870 2229.1
1123880 2229.1
1123890 2222.4
1123900 2216.3
1123910 2211.0
1123920 2211.0
1123930 2204.7
1123940 2198.5
1123950 2198.5
1123960 2193.3
1123970 2189.5
1123980 2189.5
1123990 2184.6
1124000 2178.2
1124010 2178.2
1124020 2171.6
1124030 2167.3
1124040 2167.3
1124050 2166.3
1124060 2168.3
1124070 2168.3
1124080 2168.6
1124090 2169.7
1124100 2171.8
1124110 2171.8
1124120 2172.8
1124130 2171.8
1124140 2171.8
1124150 2167.5
1124160 2162.3
1124170 2162.3
1124180 2158.9
1124190 2155.1
1124200 2155.1
1124210 2149.0
1124220 2137.9
1124230 2137.9
1124240 2126.8
1124250 2119.7
1124260 2119.7
1124270 2118.6
1124280 2119.4
1124290 2120.2
1124300 2120.2
1124310 2120.8
1124320 2121.0
1124330 2121.0
1124340 2120.9
1124350 2119.0
1124360 2119.0
1124370 2116.3
1124380 2116.5
1124390 2116.5
1124400 2118.6
1124410 2120.1
1124420 2120.1
1124430 2125.2
1124440 2129.2
1124450 2129.2
1124460 2132.1
1124470 2134.0
1124480 2136.2
1124490 2136.2
1124500 2137.5
1124510 2139.2
1124520 2139.2
1124530 2142.0
1124540 2144.5
1124550 2144.5
1124560 2146.3
1124570 2146.9
1124580 2146.9
1124590 2150.1
1124600 2154.2
1124610 2154.2
1124620 2157.8
1124630 2162.1
1124640 2162.1
1124650 2165.4
1124660 2170.5
1124670 2176.0
1124680 2176.0
1124690 2181.0
1124700 2186.8
1124710 2186.8
1124720 2193.4
1124730 2200.0
1124740 2200.0
1124750 2207.3
1124760 2212.0
1124770 2212.0
1124780 2217.7
1124790 2223.7
1124800 2223.7
1124810 2229.9
1124820 2236.6
1124830 2236.6
1124840 2243.6
1124850 2251.0
1124860 2260.2
1124870 2260.2
1124880 2268.4
1124890 2276.6
1124900 2276.6
1124910 2284.6
1124920 2292.2
1124930 2292.2
1124940 2300.8
1124950 2306.7
1124960 2306.7
1124970 2310.0
1124980 2312.1
1124990 2312.1
1125000 2314.3
1125010 2316.3
1125020 2316.3
1125030 2317.6
1125040 2319.0
1125050 2319.0
1125060 2320.6
1125070 2322.8
1125080 2326.2
1125090 2326.2
1125100 2331.0
1125110 2335.2
1125120 2333.1
1125130 2337.5
1125140 2342.5
1125150 2342.5
1125160 2347.9
1125170 2353.3
1125180 2353.3
1125190 2358.4
1125200 2363.6
1125210 2363.6
1125220 2368.8
1125230 2374.6
1125240 2374.6
1125250 2380.6
1125260 2388.0
1125270 2395.2
1125280 2395.2
1125290 2404.5
1125300 2412.8
1125310 2412.8
1125320 2422.1
1125330 2433.4
1125340 2433.4
1125350 2441.1
1125360 2448.0
1125370 2448.0
1125380 2454.1
1125390 2459.7
1125400 2459.7
1125410 2465.1
1125420 2469.9
1125430 2469.9
1125440 2474.3
1125450 2479.0
1125460 2483.6
1125470 2478.6
1125480 2482.7
1125490 2485.1
1125500 2485.1
1125510 2486.7
1125520 2488.9
1125530 2488.9
1125540 2492.7
1125550 2498.4
1125560 2498.4
1125570 2502.8
1125580 2505.6
1125590 2505.6
1125600 2507.8
1125610 2508.3
1125620 2508.3
1125630 2508.2
1125640 2509.6
1125650 2511.9
1125660 2511.9
1125670 2514.7
1125680 2518.6
1125690 2518.6
1125700 2522.7
1125710 2526.4
1125720 2526.4
1125730 2530.4
1125740 2533.7
1125750 2533.7
1125760 2537.8
1125770 2542.3
1125780 2542.3
1125790 2546.7
1125800 2551.2
1125810 2551.2
1125820 2553.2
1125830 2559.4
1125840 2567.4
1125850 2567.4
1125860 2574.5
1125870 2580.5
1125880 2580.5
1125890 2585.9
1125900 2591.5
1125910 2591.5
1125920 2597.5
1125930 2603.4
1125940 2603.4
1125950 2609.3
1125960 2615.3
1125970 2615.3
1125980 2621.4
1125990 2628.0
1126000 2628.0
1126010 2634.4
1126020 2641.7
1126030 2649.6
1126040 2649.6
1126050 2657.3
1126060 2665.7
1126070 2665.7
1126080 2675.2
1126090 2692.9
1126100 2692.9
1126110 2696.8
1126120 2707.2
1126130 2707.2
1126140 2722.1
1126150 2731.4
1126160 2731.4
1126170 2726.9
1126180 2729.9
1126190 2729.9
1126200 2734.0
1126210 2731.5
1126220 2722.6
1126230 2722.6
1126240 2711.9
1126250 2701.9
1126260 2701.9
1126270 2695.1
1126280 2687.7
1126290 2687.7
1126300 2680.9
1126310 2675.4
1126320 2675.4
1126330 2671.6
1126340 2668.5
1126350 2668.5
1126360 2664.7
1126370 2662.2
1126380 2662.2
1126390 2660.2
1126400 2657.6
1126410 2655.9
1126420 2655.9
1126430 2654.4
1126440 2652.0
1126450 2652.0
1126460 2648.1
1126470 2641.1
1126480 2641.1
1126490 2635.4
1126500 2630.6
1126510 2630.6
1126520 2625.5
1126530 2628.3
1126540 2628.3
1126550 2619.1
1126560 2612.3
1126570 2612.3
1126580 2610.9
1126590 2608.3
1126600 2602.4
1126610 2602.4
1126620 2592.6
1126630 2586.2
1126640 2586.2
1126650 2586.3
1126660 2584.9
1126670 2584.9
1126680 2575.8
1126690 2567.5
1126700 2567.5
1126710 2562.4
1126720 2558.7
1126730 2558.7
1126740 2556.6
1126750 2554.2
1126760 2554.2
1126770 2550.5
1126780 2547.0
1126790 2547.0
1126800 2544.0
1126810 2542.2
1126820 2539.6
1126830 2539.6
1126840 2536.1
1126850 2532.0
1126860 2532.0
1126870 2526.8
1126880 2525.9
1126890 2525.9
1126900 2522.1
1126910 2521.4
1126920 2521.4
1126930 2521.0
1126940 2521.4
1126950 2521.4
1126960 2521.8
1126970 2519.0
1126980 2519.0
1126990 2516.3
1127000 2514.5
1127010 2512.8
1127020 2512.8
1127030 2511.9
1127040 2511.1
1127050 2511.1
1127060 2509.6
1127070 2506.0
1127080 2506.0
1127090 2502.0
1127100 2497.8
1127110 2497.8
1127120 2493.8
1127130 2490.3
1127140 2490.3
1127150 2487.4
1127160 2487.0
1127170 2487.0
1127180 2487.3
1127190 2488.4
1127200 2491.6
1127210 2491.6
1127220 2495.6
1127230 2499.4
1127240 2499.4
1127250 2500.7
1127260 2500.6
1127270 2500.6
1127280 2501.5
1127290 2504.6
1127300 2504.6
1127310 2501.4
1127320 2497.1
1127330 2497.1
1127340 2493.0
1127350 2490.0
1127360 2490.0
1127370 2486.0
1127380 2483.0
1127390 2479.6
1127400 2479.6
1127410 2474.0
1127420 2465.6
1127430 2465.6
1127440 2458.6
1127450 2454.9
1127460 2454.9
1127470 2453.2
1127480 2447.9
1127490 2447.9
1127500 2445.3
1127510 2443.0
1127520 2443.0
1127530 2440.1
1127540 2438.2
1127550 2438.2
1127560 2436.7
1127570 2435.5
1127580 2434.5
1127590 2437.3
1127600 2435.9
1127610 2435.0
1127620 2435.0
1127630 2435.6
1127640 2436.0
1127650 2436.0
1127660 2435.9
1127670 2436.8
1127680 2436.8
1127690 2437.5
1127700 2439.1
1127710 2439.1
1127720 2441.5
1127730 2443.1
1127740 2443.1
1127750 2443.9
1127760 2443.9
1127770 2444.4
1127780 2444.4
1127790 2446.3
1127800 2448.7
1127810 2448.7
1127820 2449.3
1127830 2449.6
1127840 2449.6
1127850 2451.4
1127860 2453.7
1127870 2453.7
1127880 2457.3
1127890 2461.7
1127900 2461.7
1127910 2466.9
1127920 2472.6
1127930 2472.6
1127940 2476.9
1127950 2482.5
1127960 2488.7
1127970 2488.7
1127980 2495.2
1127990 2502.5
1128000 2502.5
1128010 2508.8
1128020 2513.9
1128030 2513.9
1128040 2518.8
1128050 2523.4
1128060 2523.4
1128070 2528.0
1128080 2532.9
1128090 2532.9
1128100 2537.5
1128110 2542.2
1128120 2542.2
1128130 2545.6
1128140 2548.5
1128150 2551.2
1128160 2551.2
1128170 2553.4
1128180 2555.1
1128190 2555.1
1128200 2557.3
1128210 2559.8
1128220 2559.8
1128230 2563.0
1128240 2566.2
1128250 2566.2
1128260 2569.6
1128270 2574.1
1128280 2574.1
1128290 2576.1
1128300 2580.0
1128310 2580.0
1128320 2583.8
1128330 2587.2
1128340 2587.2
1128350 2589.6
1128360 2591.6
1128370 2593.6
1128380 2593.6
1128390 2595.7
1128400 2598.4
1128410 2598.4
1128420 2602.0
1128430 2605.1
1128440 2605.1
1128450 2607.1
1128460 2608.9
1128470 2608.9
1128480 2611.5
1128490 2614.5
1128500 2614.5
1128510 2617.8
1128520 2621.4
1128530 2621.4
1128540 2624.3
1128550 2626.2
1128560 2629.8
1128570 2629.8
1128580 2635.0
1128590 2641.0
1128600 2641.0
1128610 2648.2
1128620 2654.0
1128630 2654.0
1128640 2658.5
1128650 2662.2
1128660 2662.2
1128670 2668.1
1128680 2673.5
1128690 2673.5
1128700 2677.3
1128710 2680.9
1128720 2680.9
1128730 2684.0
1128740 2685.8
1128750 2685.1
1128760 2685.1
1128770 2683.1
1128780 2683.5
1128790 2683.5
1128800 2684.1
1128810 2685.0
1128820 2685.0
1128830 2686.3
1128840 2688.4
1128850 2688.4
1128860 2690.1
1128870 2691.6
1128880 2691.6
1128890 2693.1
1128900 2694.8
1128910 2694.8
1128920 2697.5
1128930 2700.9
1128940 2703.1
1128950 2703.1
1128960 2704.9
1128970 2706.3
1128980 2706.3
1128990 2708.0
1129000 2706.4
1129010 2706.4
1129020 2706.4
1129030 2706.9
1129040 2706.9
1129050 2707.7
1129060 2708.4
1129070 2708.4
1129080 2710.1
1129090 2711.9
1129100 2711.9
1129110 2713.3
1129120 2714.9
1129130 2718.0
1129140 2718.0
1129150 2720.8
1129160 2722.7
1129170 2722.7
1129180 2724.4
1129190 2726.1
1129200 2726.1
1129210 2728.0
1129220 2732.6
1129230 2732.6
1129240 2739.8
1129250 2746.7
1129260 2746.7
1129270 2752.8
1129280 2758.4
1129290 2758.4
1129300 2762.6
1129310 2768.1
1129320 2777.6
1129330 2777.6
1129340 2788.1
1129350 2800.2
1129360 2790.5
1129370 2803.5
1129380 2813.3
1129390 2813.3
1129400 2819.9
1129410 2827.7
1129420 2827.7
1129430 2837.6
1129440 2846.6
1129450 2846.6
1129460 2854.4
1129470 2858.8
1129480 2858.8
1129490 2864.2
1129500 2872.8
1129510 2880.0
1129520 2880.0
1129530 2886.8
1129540 2892.2
1129550 2892.2
1129560 2900.1
1129570 2909.6
1129580 2909.6
1129590 2919.3
1129600 2928.7
1129610 2928.7
1129620 2933.4
1129630 2925.8
1129640 2925.8
1129650 2912.4
1129660 2899.6
1129670 2899.6
1129680 2897.2
1129690 2900.4
1129700 2905.3
1129710 2905.3
1129720 2915.9
1129730 2922.1
1129740 2922.1
1129750 2928.3
1129760 2933.7
1129770 2933.7
1129780 2943.4
1129790 2953.4
1129800 2953.4
1129810 2961.4
1129820 2964.7
1129830 2964.7
1129840 2965.0
1129850 2965.3
1129860 2965.3
1129870 2976.9
1129880 2984.8
1129890 2996.6
1129900 2996.6
1129910 3007.9
1129920 3003.4
1129930 3003.4
1129940 2996.1
1129950 2982.8
1129960 2982.8
1129970 2968.3
1129980 2954.2
1129990 2954.2
1130000 2940.2
1130010 2930.4
1130020 2930.4
1130030 2925.2
1130040 2924.9
1130050 2924.9
1130060 2920.4
1130070 2930.8
1130080 2930.8
1130090 2931.3
1130100 2929.8
1130110 2916.1
1130120 2916.1
1130130 2904.2
1130140 2887.1
1130150 2887.1
1130160 2874.5
1130170 2861.3
1130180 2861.3
1130190 2858.1
1130200 2861.4
1130210 2861.4
1130220 2864.4
1130230 2866.4
1130240 2866.4
1130250 2861.7
1130260 2852.6
1130270 2852.6
1130280 2845.1
1130290 2838.9
1130300 2834.7
1130310 2834.7
1130320 2829.1
1130330 2821.3
1130340 2821.3
1130350 2813.0
1130360 2803.3
1130370 2803.3
1130380 2795.9
1130390 2788.4
1130400 2788.4
1130410 2781.1
1130420 2772.8
1130430 2776.1
1130440 2768.8
1130450 2762.8
1130460 2762.8
1130470 2756.6
1130480 2750.3
1130490 2742.5
1130500 2742.5
1130510 2732.6
1130520 2722.5
1130530 2722.5
1130540 2715.4
1130550 2708.3
1130560 2708.3
1130570 2697.5
1130580 2689.2
1130590 2689.2
1130600 2677.8
1130610 2667.7
1130620 2667.7
1130630 2662.5
1130640 2659.6
1130650 2659.6
1130660 2657.7
1130670 2655.4
1130680 2652.1
1130690 2652.1
1130700 2648.2
1130710 2644.3
1130720 2644.3
1130730 2640.0
1130740 2636.6
1130750 2636.6
1130760 2634.0
1130770 2631.1
1130780 2631.1
1130790 2635.3
1130800 2635.3
1130810 2635.3
1130820 2634.8
1130830 2632.1
1130840 2632.1
1130850 2628.6
1130860 2626.3
1130870 2624.6
1130880 2624.6
1130890 2625.1
1130900 2623.8
1130910 2623.8
1130920 2621.1
1130930 2618.3
1130940 2618.3
1130950 2618.0
1130960 2618.5
1130970 2618.5
1130980 2618.6
1130990 2618.5
1131000 2618.5
1131010 2617.7
1131020 2616.9
1131030 2616.9
1131040 2616.7
1131050 2616.8
1131060 2616.7
1131070 2616.7
1131080 2617.0
1131090 2618.5
1131100 2618.5
1131110 2617.9
1131120 2616.8
1131130 2616.8
1131140 2625.2
1131150 2626.3
1131160 2626.3
1131170 2630.1
1131180 2638.8
1131190 2638.8
1131200 2641.0
1131210 2637.4
1131220 2637.4
1131230 2643.3
1131240 2649.5
1131250 2653.4
1131260 2653.4
1131270 2655.6
1131280 2653.4
1131290 2653.4
1131300 2644.8
1131310 2629.9
1131320 2629.9
1131330 2616.9
1131340 2606.0
1131350 2606.0
1131360 2593.1
1131370 2585.4
1131380 2585.4
1131390 2581.7
1131400 2578.1
1131410 2578.1
1131420 2568.2
1131430 2557.4
1131440 2539.5
1131450 2539.5
1131460 2525.5
1131470 2515.2
1131480 2515.2
1131490 2507.0
1131500 2496.9
1131510 2496.9
1131520 2489.8
1131530 2484.0
1131540 2484.0
1131550 2478.3
1131560 2472.9
1131570 2472.9
1131580 2466.9
1131590 2460.3
1131600 2460.3
1131610 2453.6
1131620 2446.9
1131630 2440.1
1131640 2440.1
1131650 2430.7
1131660 2417.1
1131670 2417.1
1131680 2403.5
1131690 2395.5
1131700 2395.5
1131710 2388.1
1131720 2381.0
1131730 2381.0
1131740 2373.6
1131750 2366.1
1131760 2366.1
1131770 2358.6
1131780 2351.1
1131790 2351.1
1131800 2344.1
1131810 2338.0
1131820 2338.0
1131830 2331.8
1131840 2325.6
1131850 2319.3
1131860 2318.8
1131870 2313.0
1131880 2306.8
1131890 2306.8
1131900 2300.2
1131910 2293.2
1131920 2293.2
1131930 2286.8
1131940 2280.0
1131950 2280.0
1131960 2270.1
1131970 2256.1
1131980 2256.1
1131990 2236.7
1132000 2225.7
1132010 2225.7
1132020 2217.1
1132030 2208.9
1132040 2201.2
1132050 2201.2
1132060 2192.2
1132070 2182.8
1132080 2182.8
1132090 2174.5
1132100 2166.4
1132110 2166.4
1132120 2159.6
1132130 2153.6
1132140 2153.6
1132150 2148.0
1132160 2142.5
1132170 2142.5
1132180 2136.2
1132190 2130.5
1132200 2130.5
1132210 2125.5
1132220 2120.2
1132230 2117.0
1132240 2117.0
1132250 2114.2
1132260 2111.1
1132270 2111.1
1132280 2106.9
1132290 2106.2
1132300 2106.2
1132310 2107.5
1132320 2108.0
1132330 2108.0
1132340 2108.1
1132350 2107.1
1132360 2107.1
1132370 2109.5
1132380 2112.5
1132390 2112.5
1132400 2113.2
1132410 2114.4
1132420 2115.7
1132430 2115.7
1132440 2117.3
1132450 2117.7
1132460 2117.7
1132470 2117.4
1132480 2119.2
1132490 2119.2
1132500 2120.6
1132510 2120.0
1132520 2120.0
1132530 2121.3
1132540 2121.4
1132550 2121.4
1132560 2120.6
1132570 2120.3
1132580 2122.6
1132590 2121.4
1132600 2120.9
1132610 2122.3
1132620 2122.3
1132630 2123.2
1132640 2123.8
1132650 2123.8
1132660 2125.5
1132670 2127.4
1132680 2127.4
1132690 2128.5
1132700 2131.0
1132710 2131.0
1132720 2135.6
1132730 2141.1
1132740 2141.1
1132750 2147.1
1132760 2151.9
1132770 2151.9
1132780 2156.4
1132790 2160.5
1132800 2162.6
1132810 2162.6
1132820 2165.3
1132830 2168.3
1132840 2168.3
1132850 2171.5
1132860 2171.7
1132870 2171.7
1132880 2171.0
1132890 2170.4
1132900 2170.4
1132910 2169.2
1132920 2169.6
1132930 2169.6
1132940 2170.7
1132950 2170.8
1132960 2170.8
1132970 2171.3
1132980 2171.2
1132990 2171.1
1133000 2171.1
1133010 2171.4
1133020 2172.1
1133030 2172.1
1133040 2174.3
1133050 2177.6
1133060 2177.6
1133070 2180.8
1133080 2183.5
1133090 2183.5
1133100 2185.3
1133110 2187.1
1133120 2187.1
1133130 2188.8
1133140 2189.9
1133150 2189.9
1133160 2191.0
1133170 2192.1
1133180 2193.1
1133190 2193.1
1133200 2194.0
1133210 2195.9
1133220 2195.9
1133230 2199.2
1133240 2199.9
1133250 2199.9
1133260 2199.7
1133270 2199.8
1133280 2199.8
1133290 2199.7
1133300 2200.5
1133310 2200.5
1133320 2200.9
1133330 2202.0
1133340 2202.0
1133350 2202.7
1133360 2203.4
1133370 2204.6
1133380 2204.6
1133390 2205.9
1133400 2207.4
1133410 2207.4
1133420 2209.2
1133430 2210.7
1133440 2210.7
1133450 2212.1
1133460 2213.4
1133470 2213.4
1133480 2214.4
1133490 2215.9
1133500 2215.9
1133510 2217.2
1133520 2218.6
1133530 2218.6
1133540 2220.5
1133550 2222.4
1133560 2224.1
1133570 2224.1
1133580 2225.2
1133590 2226.4
1133600 2226.4
1133610 2228.5
1133620 2230.4
1133630 2230.4
1133640 2232.4
1133650 2235.5
1133660 2236.1
1133670 2239.6
1133680 2242.5
1133690 2242.5
1133700 2244.6
1133710 2245.6
1133720 2245.6
1133730 2246.2
1133740 2245.3
1133750 2245.3
1133760 2246.1
1133770 2247.4
1133780 2248.4
1133790 2248.4
1133800 2250.5
1133810 2252.0
1133820 2252.0
1133830 2253.5
1133840 2255.0
1133850 2255.0
1133860 2255.8
1133870 2256.6
1133880 2256.6
1133890 2258.2
1133900 2259.2
1133910 2259.2
1133920 2260.4
1133930 2261.5
1133940 2261.5
1133950 2262.8
1133960 2263.8
1133970 2264.8
1133980 2264.8
1133990 2266.3
1134000 2268.5
1134010 2268.5
1134020 2272.3
1134030 2274.8
1134040 2274.8
1134050 2278.0
1134060 2285.6
1134070 2285.6
1134080 2300.5
1134090 2311.4
1134100 2311.4
1134110 2319.8
1134120 2325.2
1134130 2325.2
1134140 2328.3
1134150 2329.9
1134160 2331.2
1134170 2331.2
1134180 2332.3
1134190 2331.8
1134200 2331.8
1134210 2331.2
1134220 2331.5
1134230 2331.5
1134240 2332.4
1134250 2335.2
1134260 2335.2
1134270 2338.8
1134280 2341.1
1134290 2341.1
1134300 2340.0
1134310 2336.0
1134320 2336.0
1134330 2334.3
1134340 2337.2
1134350 2342.6
1134360 2342.6
1134370 2345.0
1134380 2339.6
1134390 2339.6
1134400 2341.2
1134410 2344.7
1134420 2344.7
1134430 2350.7
1134440 2353.1
1134450 2353.1
1134460 2353.9
1134470 2354.8
1134480 2354.8
1134490 2354.0
1134500 2353.0
1134510 2353.0
1134520 2353.1
1134530 2353.4
1134540 2354.8
1134550 2354.8
1134560 2355.7
1134570 2355.6
1134580 2355.6
1134590 2355.0
1134600 2354.3
1134610 2354.3
1134620 2354.4
1134630 2354.2
1134640 2354.2
1134650 2353.1
1134660 2350.5
1134670 2350.5
1134680 2347.0
1134690 2344.4
1134700 2344.4
1134710 2344.1
1134720 2343.0
1134730 2341.6
1134740 2341.6
1134750 2340.4
1134760 2339.8
1134770 2339.8
1134780 2339.4
1134790 2339.4
1134800 2339.4
1134810 2339.6
1134820 2339.7
1134830 2339.7
1134840 2339.8
1134850 2340.2
1134860 2340.2
1134870 2341.1
1134880 2342.0
1134890 2342.0
1134900 2342.1
1134910 2342.8
1134920 2343.3
1134930 2343.3
1134940 2343.1
1134950 2342.9
1134960 2342.9
1134970 2343.2
1134980 2343.6
1134990 2343.6
1135000 2344.0
1135010 2344.6
1135020 2344.6
1135030 2345.6
1135040 2346.5
1135050 2346.5
1135060 2347.3
1135070 2347.9
1135080 2347.9
1135090 2348.7
1135100 2349.6
1135110 2350.1
1135120 2350.1
1135130 2351.3
1135140 2352.5
1135150 2352.5
1135160 2353.8
1135170 2355.5
1135180 2355.5
1135190 2357.8
1135200 2360.2
1135210 2360.2
1135220 2362.7
1135230 2365.1
1135240 2365.1
1135250 2367.6
1135260 2370.1
1135270 2370.1
1135280 2372.7
1135290 2375.2
1135300 2377.6
1135310 2377.6
1135320 2380.6
1135330 2384.0
1135340 2384.0
1135350 2387.5
1135360 2391.6
1135370 2391.6
1135380 2396.0
1135390 2400.3
1135400 2400.3
1135410 2404.8
1135420 2409.6
1135430 2409.6
1135440 2414.7
1135450 2419.9
1135460 2417.9
1135470 2422.8
1135480 2428.0
1135490 2428.0
1135500 2433.2
1135510 2438.3
1135520 2443.3
1135530 2443.3
1135540 2448.2
1135550 2453.0
1135560 2453.0
1135570 2457.7
1135580 2462.2
1135590 2462.2
1135600 2466.8
1135610 2472.1
1135620 2472.1
1135630 2477.8
1135640 2483.8
1135650 2483.8
1135660 2489.8
1135670 2495.7
1135680 2495.7
1135690 2501.4
1135700 2507.3
1135710 2513.6
1135720 2513.6
1135730 2519.7
1135740 2526.1
1135750 2526.1
1135760 2532.8
1135770 2539.5
1135780 2539.5
1135790 2546.0
1135800 2552.5
1135810 2552.5
1135820 2556.6
1135830 2563.1
1135840 2563.1
1135850 2569.5
1135860 2575.8
1135870 2575.8
1135880 2581.7
1135890 2587.2
1135900 2592.6
1135910 2592.6
1135920 2598.0
1135930 2603.0
1135940 2603.0
1135950 2606.7
1135960 2610.2
1135970 2610.2
1135980 2613.1
1135990 2616.4
1136000 2616.4
1136010 2619.6
1136020 2623.0
1136030 2623.0
1136040 2629.5
1136050 2639.2
1136060 2639.2
1136070 2645.9
1136080 2647.3
1136090 2647.8
1136100 2647.8
1136110 2650.4
1136120 2654.3
1136130 2654.3
1136140 2658.6
1136150 2662.7
1136160 2662.7
1136170 2664.3
1136180 2666.5
1136190 2667.6
1136200 2672.5
1136210 2674.5
1136220 2674.5
1136230 2673.7
1136240 2672.0
1136250 2672.0
1136260 2670.6
1136270 2668.3
1136280 2668.6
1136290 2668.6
1136300 2669.6
1136310 2669.9
1136320 2669.9
1136330 2670.6
1136340 2672.5
1136350 2672.5
1136360 2675.5
1136370 2678.5
1136380 2678.5
1136390 2680.8
1136400 2681.6
1136410 2681.6
1136420 2682.7
1136430 2684.9
1136440 2684.9
1136450 2687.6
1136460 2690.3
1136470 2692.4
1136480 2692.4
1136490 2693.6
1136500 2695.8
1136510 2695.8
1136520 2699.0
1136530 2702.7
1136540 2702.7
1136550 2706.3
1136560 2706.9
1136570 2706.9
1136580 2704.7
1136590 2702.0
1136600 2702.0
1136610 2699.1
1136620 2697.7
1136630 2697.7
1136640 2698.1
1136650 2700.0
1136660 2702.3
1136670 2702.3
1136680 2702.6
1136690 2701.9
1136700 2701.9
1136710 2703.0
1136720 2705.0
1136730 2705.0
1136740 2707.9
1136750 2711.0
1136760 2711.0
1136770 2714.6
1136780 2718.4
1136790 2718.4
1136800 2722.1
1136810 2725.7
1136820 2725.7
1136830 2729.5
1136840 2733.0
1136850 2736.5
1136860 2736.5
1136870 2740.0
1136880 2742.9
1136890 2742.9
1136900 2745.5
1136910 2754.1
1136920 2754.1
1136930 2754.3
1136940 2756.0
1136950 2756.0
1136960 2759.3
1136970 2762.9
1136980 2762.9
1136990 2767.8
1137000 2773.6
1137010 2773.6
1137020 2778.7
1137030 2785.1
1137040 2791.6
1137050 2791.6
1137060 2798.4
1137070 2805.1
1137080 2805.1
1137090 2807.1
1137100 2804.5
1137110 2804.5
1137120 2800.7
1137130 2797.2
1137140 2797.2
1137150 2793.2
1137160 2789.9
1137170 2789.9
1137180 2787.5
1137190 2786.1
1137200 2786.1
1137210 2785.8
1137220 2786.6
1137230 2788.6
1137240 2788.6
1137250 2788.4
1137260 2790.8
1137270 2790.8
1137280 2801.0
1137290 2805.1
1137300 2805.1
1137310 2808.2
1137320 2809.5
1137330 2809.5
1137340 2808.4
1137350 2809.6
1137360 2809.6
1137370 2811.6
1137380 2814.1
1137390 2814.1
1137400 2817.5
1137410 2819.5
1137420 2819.5
1137430 2821.1
1137440 2822.6
1137450 2824.7
1137460 2824.7
1137470 2827.8
1137480 2830.4
1137490 2830.4
1137500 2833.0
1137510 2836.3
1137520 2836.3
1137530 2839.9
1137540 2843.6
1137550 2843.6
1137560 2846.7
1137570 2849.0
1137580 2849.0
1137590 2849.0
1137600 2850.3
1137610 2850.3
1137620 2852.8
1137630 2856.3
1137640 2863.6
1137650 2863.6
1137660 2867.9
1137670 2871.2
1137680 2871.2
1137690 2876.0
1137700 2881.5
1137710 2881.5
1137720 2887.6
1137730 2893.0
1137740 2893.0
1137750 2898.9
1137760 2905.1
1137770 2905.1
1137780 2911.5
1137790 2919.6
1137800 2919.6
1137810 2926.6
1137820 2935.7
1137830 2946.1
1137840 2946.1
1137850 2955.7
1137860 2964.6
1137870 2964.6
1137880 2972.8
1137890 2982.0
1137900 2982.0
1137910 2992.8
1137920 3009.4
1137930 3009.4
1137940 3027.7
1137950 3032.4
1137960 3032.4
1137970 3051.0
1137980 3074.2
1137990 3074.2
1138000 3087.7
1138010 3086.7
1138020 3082.1
1138030 3082.1
1138040 3075.0
1138050 3063.8
1138060 3063.8
1138070 3054.3
1138080 3049.4
1138090 3049.4
1138100 3046.7
1138110 3038.0
1138120 3038.0
1138130 3036.3
1138140 3041.0
1138150 3041.0
1138160 3047.2
1138170 3049.8
1138180 3049.8
1138190 3046.0
1138200 3033.3
1138210 3026.9
1138220 3026.9
1138230 3017.8
1138240 3010.1
1138250 3010.1
1138260 3005.6
1138270 3002.5
1138280 3002.5
1138290 2998.4
1138300 2993.8
1138310 2993.8
1138320 2989.9
1138330 2987.2
1138340 2987.2
1138350 2985.3
1138360 2983.8
1138370 2977.3
1138380 2978.7
1138390 2984.9
1138400 2977.4
1138410 2977.4
1138420 2967.7
1138430 2962.7
1138440 2962.7
1138450 2960.4
1138460 2959.7
1138470 2959.7
1138480 2959.0
1138490 2957.7
1138500 2957.7
1138510 2955.9
1138520 2955.4
1138530 2955.4
1138540 2955.4
1138550 2955.1
1138560 2955.1
1138570 2954.2
1138580 2953.1
1138590 2951.6
1138600 2951.6
1138610 2949.0
1138620 2946.5
1138630 2946.5
1138640 2944.1
1138650 2941.5
1138660 2941.5
1138670 2938.4
1138680 2935.0
1138690 2935.0
1138700 2931.9
1138710 2929.0
1138720 2929.0
1138730 2925.8
1138740 2917.8
1138750 2917.8
1138760 2915.6
1138770 2913.6
1138780 2911.7
1138790 2911.7
1138800 2909.3
1138810 2906.3
1138820 2906.3
1138830 2903.3
1138840 2900.8
1138850 2900.8
1138860 2899.3
1138870 2897.9
1138880 2897.9
1138890 2896.7
1138900 2896.0
1138910 2896.0
1138920 2896.5
1138930 2897.7
1138940 2897.7
1138950 2899.2
1138960 2902.2
1138970 2906.6
1138980 2906.6
1138990 2911.7
1139000 2917.4
1139010 2917.4
1139020 2921.2
1139030 2924.8
1139040 2924.8
1139050 2928.2
1139060 2931.3
1139070 2931.3
1139080 2935.3
1139090 2936.9
1139100 2935.6
1139110 2936.6
1139120 2941.1
1139130 2941.1
1139140 2944.9
1139150 2947.5
1139160 2947.5
1139170 2954.0
1139180 2960.0
1139190 2965.6
1139200 2965.6
1139210 2973.0
1139220 2981.1
1139230 2981.1
1139240 2985.3
1139250 2981.5
1139260 2981.5
1139270 2978.0
1139280 2973.9
1139290 2973.9
1139300 2965.0
1139310 2959.6
1139320 2959.6
1139330 2956.0
1139340 2950.5
1139350 2950.5
1139360 2939.1
1139370 2929.5
1139380 2923.1
1139390 2923.1
1139400 2917.0
1139410 2911.0
1139420 2911.0
1139430 2905.1
1139440 2900.1
1139450 2900.1
1139460 2896.3
1139470 2895.3
1139480 2895.3
1139490 2891.0
1139500 2888.9
1139510 2888.9
1139520 2887.0
1139530 2885.2
1139540 2885.2
1139550 2883.6
1139560 2881.5
1139570 2878.0
1139580 2878.0
1139590 2873.8
1139600 2869.0
1139610 2869.0
1139620 2863.9
1139630 2859.5
1139640 2859.5
1139650 2857.0
1139660 2854.4
1139670 2854.4
1139680 2853.5
1139690 2853.5
1139700 2853.5
1139710 2853.6
1139720 2853.4
1139730 2853.4
1139740 2852.2
1139750 2850.2
1139760 2847.4
1139770 2847.4
1139780 2844.0
1139790 2840.2
1139800 2840.2
1139810 2837.1
1139820 2834.3
1139830 2836.5
1139840 2831.5
1139850 2826.2
1139860 2826.2
1139870 2823.1
1139880 2825.2
1139890 2825.2
1139900 2829.2
1139910 2832.4
1139920 2832.4
1139930 2836.1
1139940 2839.1
1139950 2840.8
1139960 2840.8
1139970 2839.7
1139980 2837.1
1139990 2837.1
