1120000 2649.6
1120010 2640.1
1120020 2632.2
1120030 2632.2
1120040 2624.8
1120050 2617.8
1120060 2617.8
1120070 2611.7
1120080 2606.0
1120090 2606.0
1120100 2599.7
1120110 2595.4
1120120 2595.4
1120130 2592.2
1120140 2588.7
1120150 2588.7
1120160 2585.5
1120170 2580.5
1120180 2580.5
1120190 2576.4
1120200 2573.3
1120210 2573.3
1120220 2570.4
1120230 2566.9
1120240 2565.2
1120250 2565.2
1120260 2562.6
1120270 2559.1
1120280 2559.1
1120290 2554.2
1120300 2550.8
1120310 2550.8
1120320 2547.6
1120330 2544.9
1120340 2544.9
1120350 2545.2
1120360 2547.3
1120370 2547.3
1120380 2547.4
1120390 2541.5
1120400 2541.5
1120410 2537.0
1120420 2536.8
1120430 2536.8
1120440 2536.8
1120450 2528.9
1120460 2525.7
1120470 2525.7
1120480 2522.5
1120490 2529.2
1120500 2529.2
1120510 2519.6
1120520 2515.2
1120530 2515.2
1120540 2511.3
1120550 2508.6
1120560 2508.6
1120570 2504.5
1120580 2501.4
1120590 2501.4
1120600 2499.5
1120610 2498.3
1120620 2498.2
1120630 2498.2
1120640 2497.7
1120650 2496.1
1120660 2496.1
1120670 2493.7
1120680 2489.8
1120690 2489.8
1120700 2481.5
1120710 2474.5
1120720 2474.5
1120730 2467.9
1120740 2451.6
1120750 2451.6
1120760 2440.4
1120770 2431.1
1120780 2431.1
1120790 2420.3
1120800 2417.9
1120810 2415.9
1120820 2415.9
1120830 2402.7
1120840 2403.1
1120850 2403.1
1120860 2401.2
1120870 2393.7
1120880 2393.7
1120890 2383.4
1120900 2376.2
1120910 2376.2
1120920 2370.3
1120930 2364.4
1120940 2364.4
1120950 2358.8
1120960 2353.3
1120970 2353.3
1120980 2347.5
1120990 2341.0
1121000 2334.8
1121010 2334.8
1121020 2329.4
1121030 2327.6
1121040 2327.6
1121050 2322.9
1121060 2319.4
1121070 2319.4
1121080 2309.0
1121090 2301.8
1121100 2301.8
1121110 2295.1
1121120 2287.3
1121130 2287.3
1121140 2280.6
1121150 2272.5
1121160 2272.5
1121170 2268.9
1121180 2259.6
1121190 2255.8
1121200 2255.8
1121210 2251.9
1121220 2249.1
1121230 2249.1
1121240 2247.0
1121250 2243.8
1121260 2243.8
1121270 2239.7
1121280 2234.6
1121290 2234.6
1121300 2228.9
1121310 2223.3
1121320 2223.3
1121330 2218.3
1121340 2213.1
1121350 2213.1
1121360 2207.8
1121370 2204.2
1121380 2204.2
1121390 2200.0
1121400 2195.5
1121410 2191.2
1121420 2191.2
1121430 2188.0
1121440 2182.7
1121450 2182.7
1121460 2179.2
1121470 2178.1
1121480 2178.1
1121490 2176.5
1121500 2173.9
1121510 2173.9
1121520 2170.6
1121530 2163.6
1121540 2163.6
1121550 2160.5
1121560 2157.7
1121570 2157.7
1121580 2155.8
1121590 2154.0
1121600 2152.5
1121610 2152.5
1121620 2151.1
1121630 2150.3
1121640 2150.3
1121650 2149.9
1121660 2149.9
1121670 2149.9
1121680 2149.8
1121690 2149.7
1121700 2149.7
1121710 2149.7
1121720 2149.6
1121730 2149.6
1121740 2149.6
1121750 2149.3
1121760 2149.3
1121770 2148.7
1121780 2148.5
1121790 2148.4
1121800 2148.4
1121810 2148.5
1121820 2148.2
1121830 2148.2
1121840 2148.3
1121850 2147.9
1121860 2147.9
1121870 2148.4
1121880 2153.7
1121890 2153.7
1121900 2155.2
1121910 2156.0
1121920 2156.0
1121930 2158.0
1121940 2160.0
1121950 2160.0
1121960 2161.6
1121970 2164.4
1121980 2166.9
1121990 2166.9
1122000 2169.0
1122010 2173.3
1122020 2173.3
1122030 2178.0
1122040 2183.0
1122050 2183.0
1122060 2187.2
1122070 2191.9
1122080 2191.9
1122090 2195.6
1122100 2197.5
1122110 2197.5
1122120 2193.9
1122130 2192.6
1122140 2192.6
1122150 2192.2
1122160 2191.7
1122170 2188.3
1122180 2188.3
1122190 2184.4
1122200 2186.8
1122210 2186.8
1122220 2194.1
1122230 2203.0
1122240 2203.0
1122250 2206.6
1122260 2210.1
1122270 2210.1
1122280 2214.4
1122290 2217.7
1122300 2217.7
1122310 2218.2
1122320 2219.5
1122330 2219.5
1122340 2220.7
1122350 2222.6
1122360 2225.9
1122370 2225.9
1122380 2226.0
1122390 2227.2
1122400 2227.2
1122410 2228.8
1122420 2229.9
1122430 2229.9
1122440 2231.7
1122450 2235.2
1122460 2235.2
1122470 2237.9
1122480 2237.9
1122490 2237.9
1122500 2240.1
1122510 2244.6
1122520 2244.6
1122530 2245.1
1122540 2243.8
1122550 2243.8
1122560 2248.5
1122570 2247.2
1122580 2251.6
1122590 2251.6
1122600 2251.7
1122610 2247.7
1122620 2247.7
1122630 2244.4
1122640 2240.8
1122650 2240.8
1122660 2235.1
1122670 2229.4
1122680 2229.4
1122690 2225.5
1122700 2222.2
1122710 2222.2
1122720 2218.4
1122730 2213.9
1122740 2213.9
1122750 2208.6
1122760 2201.2
1122770 2197.4
1122780 2197.4
1122790 2193.5
1122800 2189.1
1122810 2189.1
1122820 2185.3
1122830 2180.0
1122840 2180.0
1122850 2173.5
1122860 2166.9
1122870 2166.9
1122880 2161.0
1122890 2156.0
1122900 2156.0
1122910 2151.4
1122920 2148.9
1122930 2154.2
1122940 2151.1
1122950 2144.6
1122960 2136.8
1122970 2136.8
1122980 2130.5
1122990 2126.4
1123000 2126.4
1123010 2122.4
1123020 2116.7
1123030 2116.7
1123040 2110.1
1123050 2103.7
1123060 2103.7
1123070 2098.2
1123080 2091.4
1123090 2091.4
1123100 2085.0
1123110 2081.8
1123120 2081.8
1123130 2078.4
1123140 2075.3
1123150 2072.6
1123160 2072.6
1123170 2069.3
1123180 2065.5
1123190 2065.5
1123200 2062.2
1123210 2061.3
1123220 2061.3
1123230 2061.5
1123240 2060.3
1123250 2060.3
1123260 2059.2
1123270 2056.7
1123280 2060.0
1123290 2054.6
1123300 2048.1
1123310 2048.1
1123320 2048.2
1123330 2050.9
1123340 2054.8
1123350 2054.8
1123360 2060.4
1123370 2063.7
1123380 2063.7
1123390 2063.0
1123400 2063.4
1123410 2063.4
1123420 2063.9
1123430 2064.5
1123440 2064.5
1123450 2065.5
1123460 2067.4
1123470 2067.4
1123480 2070.2
1123490 2074.0
1123500 2074.0
1123510 2078.8
1123520 2084.0
1123530 2088.9
1123540 2088.9
1123550 2093.0
1123560 2096.2
1123570 2096.2
1123580 2100.0
1123590 2103.4
1123600 2103.4
1123610 2106.3
1123620 2111.2
1123630 2112.2
1123640 2118.0
1123650 2119.7
1123660 2119.7
1123670 2119.9
1123680 2122.7
1123690 2122.7
1123700 2126.5
1123710 2130.8
1123720 2130.8
1123730 2135.9
1123740 2142.1
1123750 2148.4
1123760 2148.4
1123770 2154.1
1123780 2160.4
1123790 2160.4
1123800 2168.3
1123810 2176.9
1123820 2176.9
1123830 2181.5
1123840 2185.5
1123850 2185.5
1123860 2189.1
1123870 2192.2
1123880 2192.2
1123890 2196.9
1123900 2200.5
1123910 2200.5
1123920 2204.4
1123930 2210.5
1123940 2219.0
1123950 2219.0
1123960 2227.0
1123970 2232.6
1123980 2233.9
1123990 2238.7
1124000 2242.0
1124010 2242.0
1124020 2246.2
1124030 2250.6
1124040 2250.6
1124050 2253.7
1124060 2258.5
1124070 2258.5
1124080 2267.4
1124090 2274.7
1124100 2274.7
1124110 2279.8
1124120 2284.7
1124130 2289.6
1124140 2289.6
1124150 2294.3
1124160 2299.9
1124170 2299.9
1124180 2306.2
1124190 2313.5
1124200 2313.5
1124210 2320.1
1124220 2330.6
1124230 2330.6
1124240 2338.4
1124250 2343.6
1124260 2343.6
1124270 2350.0
1124280 2357.2
1124290 2357.2
1124300 2363.9
1124310 2370.2
1124320 2377.4
1124330 2376.5
1124340 2383.1
1124350 2387.9
1124360 2387.9
1124370 2391.9
1124380 2396.1
1124390 2396.1
1124400 2399.5
1124410 2402.6
1124420 2402.6
1124430 2406.6
1124440 2411.9
1124450 2411.9
1124460 2417.7
1124470 2423.6
1124480 2423.6
1124490 2428.7
1124500 2432.9
1124510 2435.7
1124520 2435.7
1124530 2439.6
1124540 2445.3
1124550 2445.3
1124560 2451.5
1124570 2456.5
1124580 2456.5
1124590 2461.9
1124600 2467.9
1124610 2467.9
1124620 2474.7
1124630 2481.8
1124640 2481.8
1124650 2489.0
1124660 2496.3
1124670 2496.3
1124680 2504.9
1124690 2512.0
1124700 2519.9
1124710 2519.9
1124720 2531.6
1124730 2547.7
1124740 2547.7
1124750 2561.1
1124760 2567.3
1124770 2567.3
1124780 2574.0
1124790 2582.5
1124800 2582.5
1124810 2590.7
1124820 2598.7
1124830 2598.7
1124840 2607.6
1124850 2619.7
1124860 2619.7
1124870 2629.3
1124880 2638.4
1124890 2638.4
1124900 2646.5
1124910 2656.5
1124920 2660.4
1124930 2660.4
1124940 2663.4
1124950 2669.3
1124960 2669.3
1124970 2676.6
1124980 2682.1
1124990 2682.1
1125000 2686.3
1125010 2691.3
1125020 2691.3
1125030 2696.7
1125040 2702.1
1125050 2702.1
1125060 2707.4
1125070 2712.9
1125080 2712.9
1125090 2719.2
1125100 2725.2
1125110 2730.7
1125120 2730.7
1125130 2734.3
1125140 2737.0
1125150 2737.0
1125160 2741.0
1125170 2751.6
1125180 2751.6
1125190 2762.0
1125200 2770.0
1125210 2770.0
1125220 2780.4
1125230 2792.3
1125240 2792.3
1125250 2805.9
1125260 2814.2
1125270 2814.2
1125280 2820.6
1125290 2828.2
1125300 2838.3
1125310 2838.3
1125320 2848.4
1125330 2856.1
1125340 2856.1
1125350 2864.3
1125360 2874.3
1125370 2874.3
1125380 2882.0
1125390 2888.0
1125400 2888.0
1125410 2888.3
1125420 2873.2
1125430 2873.2
1125440 2857.5
1125450 2846.6
1125460 2846.6
1125470 2836.6
1125480 2822.5
1125490 2810.4
1125500 2810.4
1125510 2795.8
1125520 2787.7
1125530 2787.7
1125540 2781.2
1125550 2778.2
1125560 2778.2
1125570 2776.2
1125580 2774.1
1125590 2774.1
1125600 2755.3
1125610 2720.5
1125620 2720.5
1125630 2708.0
1125640 2701.2
1125650 2701.2
1125660 2684.7
1125670 2670.7
1125680 2652.4
1125690 2652.4
1125700 2639.9
1125710 2627.2
1125720 2627.2
1125730 2641.3
1125740 2622.0
1125750 2622.0
1125760 2607.4
1125770 2594.2
1125780 2594.2
1125790 2588.7
1125800 2584.6
1125810 2584.6
1125820 2580.6
1125830 2576.2
1125840 2576.2
1125850 2573.0
1125860 2572.0
1125870 2571.5
1125880 2571.5
1125890 2570.0
1125900 2568.0
1125910 2568.0
1125920 2567.1
1125930 2566.2
1125940 2566.2
1125950 2565.4
1125960 2564.1
1125970 2564.1
1125980 2563.7
1125990 2563.8
1126000 2563.8
1126010 2564.8
1126020 2564.9
1126030 2564.9
1126040 2565.4
1126050 2568.2
1126060 2568.2
1126070 2573.0
1126080 2576.2
1126090 2578.3
1126100 2578.3
1126110 2581.1
1126120 2583.0
1126130 2583.0
1126140 2583.6
1126150 2590.1
1126160 2590.1
1126170 2597.3
1126180 2603.9
1126190 2603.9
1126200 2611.5
1126210 2616.7
1126220 2616.7
1126230 2623.1
1126240 2619.9
1126250 2619.9
1126260 2611.8
1126270 2603.1
1126280 2591.9
1126290 2591.9
1126300 2580.9
1126310 2567.5
1126320 2567.5
1126330 2553.9
1126340 2543.2
1126350 2543.2
1126360 2534.6
1126370 2526.9
1126380 2526.9
1126390 2519.7
1126400 2513.1
1126410 2513.1
1126420 2507.6
1126430 2502.8
1126440 2507.4
1126450 2502.8
1126460 2498.3
1126470 2493.9
1126480 2493.9
1126490 2489.9
1126500 2486.7
1126510 2486.7
1126520 2483.6
1126530 2481.0
1126540 2481.0
1126550 2481.4
1126560 2480.9
1126570 2480.9
1126580 2480.6
1126590 2482.2
1126600 2482.2
1126610 2482.1
1126620 2478.3
1126630 2478.3
1126640 2476.9
1126650 2473.6
1126660 2466.9
1126670 2466.9
1126680 2455.5
1126690 2445.6
1126700 2445.6
1126710 2438.9
1126720 2434.3
1126730 2434.3
1126740 2429.8
1126750 2425.0
1126760 2425.0
1126770 2422.7
1126780 2418.2
1126790 2421.5
1126800 2413.7
1126810 2404.9
1126820 2404.9
1126830 2397.9
1126840 2391.4
1126850 2384.3
1126860 2384.3
1126870 2377.7
1126880 2371.0
1126890 2371.0
1126900 2365.0
1126910 2359.6
1126920 2359.6
1126930 2354.8
1126940 2352.0
1126950 2352.0
1126960 2349.0
1126970 2344.1
1126980 2344.1
1126990 2335.7
1127000 2326.4
1127010 2326.4
1127020 2320.0
1127030 2316.2
1127040 2312.6
1127050 2312.6
1127060 2308.1
1127070 2306.5
1127080 2306.5
1127090 2307.2
1127100 2307.0
1127110 2307.0
1127120 2304.1
1127130 2303.5
1127140 2303.5
1127150 2304.7
1127160 2304.3
1127170 2304.3
1127180 2305.1
1127190 2307.4
1127200 2307.4
1127210 2309.2
1127220 2311.5
1127230 2314.1
1127240 2314.1
1127250 2317.8
1127260 2322.0
1127270 2322.0
1127280 2325.3
1127290 2328.6
1127300 2328.6
1127310 2332.3
1127320 2335.5
1127330 2335.5
1127340 2339.3
1127350 2344.2
1127360 2344.2
1127370 2351.8
1127380 2356.8
1127390 2356.8
1127400 2360.5
1127410 2364.6
1127420 2364.6
1127430 2368.8
1127440 2372.7
1127450 2377.4
1127460 2377.4
1127470 2382.2
1127480 2386.4
1127490 2386.4
1127500 2393.5
1127510 2395.4
1127520 2395.4
1127530 2398.8
1127540 2403.9
1127550 2403.9
1127560 2407.5
1127570 2412.0
1127580 2412.0
1127590 2416.4
1127600 2420.6
1127610 2420.6
1127620 2425.1
1127630 2430.8
1127640 2436.5
1127650 2436.5
1127660 2441.1
1127670 2444.4
1127680 2444.4
1127690 2447.2
1127700 2450.0
1127710 2450.0
1127720 2452.7
1127730 2455.4
1127740 2455.4
1127750 2458.9
1127760 2464.1
1127770 2464.1
1127780 2469.9
1127790 2476.0
1127800 2476.0
1127810 2483.4
1127820 2490.8
1127830 2495.7
1127840 2495.7
1127850 2499.4
1127860 2504.1
1127870 2504.1
1127880 2509.7
1127890 2516.0
1127900 2516.0
1127910 2523.0
1127920 2529.9
1127930 2529.9
1127940 2536.9
1127950 2544.6
1127960 2544.6
1127970 2553.7
1127980 2563.1
1127990 2563.1
1128000 2571.7
1128010 2580.7
1128020 2588.8
1128030 2588.8
1128040 2594.4
1128050 2600.0
1128060 2600.0
1128070 2606.7
1128080 2614.0
1128090 2614.0
1128100 2621.9
1128110 2629.2
1128120 2629.2
1128130 2636.3
1128140 2645.3
1128150 2645.3
1128160 2653.5
1128170 2661.4
1128180 2661.4
1128190 2669.9
1128200 2679.2
1128210 2684.9
1128220 2684.9
1128230 2695.3
1128240 2703.3
1128250 2703.3
1128260 2710.6
1128270 2717.2
1128280 2717.2
1128290 2721.6
1128300 2724.6
1128310 2724.6
1128320 2727.8
1128330 2732.0
1128340 2732.0
1128350 2738.3
1128360 2743.7
1128370 2743.7
1128380 2748.0
1128390 2754.1
1128400 2759.1
1128410 2759.1
1128420 2763.3
1128430 2767.6
1128440 2767.6
1128450 2772.0
1128460 2775.8
1128470 2775.8
1128480 2779.2
1128490 2782.7
1128500 2782.7
1128510 2785.7
1128520 2790.0
1128530 2790.0
1128540 2794.5
1128550 2798.1
1128560 2802.5
1128570 2806.2
1128580 2809.1
1128590 2809.1
1128600 2812.1
1128610 2815.0
1128620 2817.7
1128630 2817.7
1128640 2818.9
1128650 2815.3
1128660 2815.3
1128670 2811.3
1128680 2809.7
1128690 2809.7
1128700 2798.3
1128710 2789.0
1128720 2789.0
1128730 2783.3
1128740 2776.0
1128750 2776.0
1128760 2768.7
1128770 2766.1
1128780 2766.1
1128790 2765.5
1128800 2763.0
1128810 2759.0
1128820 2759.0
1128830 2756.8
1128840 2756.5
1128850 2756.5
1128860 2756.5
1128870 2758.3
1128880 2758.3
1128890 2760.5
1128900 2761.8
1128910 2761.8
1128920 2769.3
1128930 2772.1
1128940 2772.1
1128950 2778.1
1128960 2779.8
1128970 2779.8
1128980 2775.0
1128990 2764.8
1129000 2757.7
1129010 2757.7
1129020 2757.1
1129030 2756.3
1129040 2756.3
1129050 2755.3
1129060 2754.0
1129070 2754.0
1129080 2752.8
1129090 2752.1
1129100 2752.1
1129110 2751.4
1129120 2750.3
1129130 2750.3
1129140 2749.6
1129150 2749.2
1129160 2749.2
1129170 2749.2
1129180 2749.7
1129190 2750.7
1129200 2750.7
1129210 2752.5
1129220 2754.1
1129230 2754.1
1129240 2755.2
1129250 2755.8
1129260 2755.8
1129270 2760.3
1129280 2760.0
1129290 2760.0
1129300 2759.3
1129310 2759.0
1129320 2759.0
1129330 2759.0
1129340 2759.6
1129350 2759.6
1129360 2760.8
1129370 2762.3
1129380 2763.7
1129390 2763.7
1129400 2764.7
1129410 2766.3
1129420 2766.3
1129430 2767.9
1129440 2769.8
1129450 2769.8
1129460 2772.3
1129470 2774.7
1129480 2774.7
1129490 2777.3
1129500 2779.3
1129510 2779.3
1129520 2781.7
1129530 2784.8
1129540 2784.8
1129550 2788.2
1129560 2791.2
1129570 2796.0
1129580 2796.0
1129590 2800.0
1129600 2806.4
1129610 2806.4
1129620 2812.1
1129630 2824.9
1129640 2824.9
1129650 2832.0
1129660 2840.0
1129670 2840.0
1129680 2845.8
1129690 2850.1
1129700 2850.1
1129710 2856.2
1129720 2862.8
1129730 2862.8
1129740 2869.8
1129750 2872.2
1129760 2875.6
1129770 2875.6
1129780 2884.1
1129790 2891.6
1129800 2891.6
1129810 2892.9
1129820 2884.8
1129830 2884.8
1129840 2871.3
1129850 2857.5
1129860 2857.5
1129870 2841.5
1129880 2828.3
1129890 2828.3
1129900 2811.2
1129910 2797.0
1129920 2797.0
1129930 2785.7
1129940 2775.0
1129950 2775.0
1129960 2764.9
1129970 2757.7
1129980 2751.0
1129990 2750.4
1130000 2743.6
1130010 2737.3
1130020 2737.3
1130030 2731.6
1130040 2726.9
1130050 2726.9
1130060 2722.8
1130070 2719.4
1130080 2719.4
1130090 2716.0
1130100 2712.7
1130110 2712.7
1130120 2709.7
1130130 2707.0
1130140 2707.0
1130150 2704.3
1130160 2700.9
1130170 2697.6
1130180 2697.6
1130190 2694.7
1130200 2691.8
1130210 2691.8
1130220 2690.0
1130230 2689.4
1130240 2689.4
1130250 2688.0
1130260 2686.1
1130270 2686.1
1130280 2683.8
1130290 2681.7
1130300 2681.7
1130310 2680.0
1130320 2679.2
1130330 2679.2
1130340 2674.1
1130350 2674.7
1130360 2674.1
1130370 2674.1
1130380 2673.2
1130390 2675.5
1130400 2675.5
1130410 2680.6
1130420 2684.5
1130430 2684.5
1130440 2690.7
1130450 2683.8
1130460 2683.8
1130470 2670.1
1130480 2664.8
1130490 2664.8
1130500 2656.7
1130510 2642.4
1130520 2642.4
1130530 2634.9
1130540 2629.0
1130550 2623.3
1130560 2623.3
1130570 2616.2
1130580 2609.2
1130590 2609.2
1130600 2602.0
1130610 2595.6
1130620 2595.6
1130630 2589.4
1130640 2583.3
1130650 2583.3
1130660 2577.1
1130670 2571.2
1130680 2571.2
1130690 2565.6
1130700 2560.1
1130710 2560.1
1130720 2556.6
1130730 2554.2
1130740 2551.4
1130750 2551.4
1130760 2548.8
1130770 2548.1
1130780 2548.1
1130790 2548.6
1130800 2545.7
1130810 2545.7
1130820 2540.2
1130830 2535.4
1130840 2535.4
1130850 2533.1
1130860 2530.0
1130870 2530.0
1130880 2529.7
1130890 2527.9
1130900 2527.9
1130910 2527.2
1130920 2526.6
1130930 2529.0
1130940 2529.0
1130950 2531.8
1130960 2532.1
1130970 2532.1
1130980 2529.4
1130990 2522.6
1131000 2522.6
1131010 2516.7
1131020 2511.9
1131030 2511.9
1131040 2508.5
1131050 2504.9
1131060 2500.6
1131070 2499.2
1131080 2498.4
1131090 2498.4
1131100 2499.5
1131110 2500.1
1131120 2500.1
1131130 2499.1
1131140 2496.3
1131150 2494.7
1131160 2494.7
1131170 2493.7
1131180 2490.0
1131190 2490.0
1131200 2484.2
1131210 2480.4
1131220 2480.4
1131230 2473.7
1131240 2466.5
1131250 2466.5
1131260 2461.3
1131270 2457.8
1131280 2457.8
1131290 2454.5
1131300 2450.1
1131310 2450.1
1131320 2445.2
1131330 2440.0
1131340 2434.4
1131350 2434.4
1131360 2428.3
1131370 2422.5
1131380 2422.5
1131390 2415.9
1131400 2409.5
1131410 2409.5
1131420 2400.6
1131430 2395.4
1131440 2395.4
1131450 2390.4
1131460 2384.6
1131470 2384.6
1131480 2378.3
1131490 2372.7
1131500 2372.7
1131510 2365.7
1131520 2357.9
1131530 2350.6
1131540 2350.6
1131550 2340.5
1131560 2331.0
1131570 2331.0
1131580 2320.8
1131590 2311.2
1131600 2311.2
1131610 2302.5
1131620 2294.3
1131630 2294.3
1131640 2286.9
1131650 2280.5
1131660 2280.5
1131670 2274.2
1131680 2267.2
1131690 2267.2
1131700 2261.8
1131710 2259.2
1131720 2263.9
1131730 2263.9
1131740 2255.8
1131750 2247.6
1131760 2247.6
1131770 2226.6
1131780 2222.9
1131790 2222.9
1131800 2221.1
1131810 2217.0
1131820 2217.0
1131830 2211.6
1131840 2189.9
1131850 2189.9
1131860 2173.3
1131870 2162.5
1131880 2162.5
1131890 2154.2
1131900 2146.1
1131910 2138.3
1131920 2138.3
1131930 2130.2
1131940 2123.2
1131950 2123.2
1131960 2116.8
1131970 2110.8
1131980 2110.8
1131990 2104.4
1132000 2098.3
1132010 2098.3
1132020 2091.4
1132030 2085.2
1132040 2085.2
1132050 2079.5
1132060 2074.2
1132070 2074.2
1132080 2068.7
1132090 2062.9
1132100 2057.7
1132110 2057.7
1132120 2052.6
1132130 2049.5
1132140 2049.5
1132150 2044.7
1132160 2040.5
1132170 2040.5
1132180 2036.6
1132190 2032.7
1132200 2032.7
1132210 2029.2
1132220 2026.2
1132230 2026.2
1132240 2023.1
1132250 2019.9
1132260 2019.9
1132270 2017.7
1132280 2016.0
1132290 2013.1
1132300 2013.1
1132310 2011.5
1132320 2011.6
1132330 2011.6
1132340 2011.3
1132350 2010.6
1132360 2010.6
1132370 2010.9
1132380 2011.0
1132390 2011.0
1132400 2010.7
1132410 2010.9
1132420 2010.9
1132430 2010.8
1132440 2010.7
1132450 2010.7
1132460 2010.6
1132470 2011.7
1132480 2011.7
1132490 2014.4
1132500 2016.3
1132510 2018.8
1132520 2018.8
1132530 2020.8
1132540 2023.3
1132550 2023.3
1132560 2025.9
1132570 2029.7
1132580 2029.7
1132590 2034.0
1132600 2039.2
1132610 2039.2
1132620 2045.1
1132630 2051.4
1132640 2051.4
1132650 2057.8
1132660 2065.9
1132670 2065.9
1132680 2074.7
1132690 2083.2
1132700 2093.2
1132710 2093.2
1132720 2103.1
1132730 2111.2
1132740 2111.2
1132750 2118.4
1132760 2123.7
1132770 2123.7
1132780 2127.9
1132790 2131.5
1132800 2131.5
1132810 2138.3
1132820 2148.2
1132830 2148.2
1132840 2156.7
1132850 2164.8
1132860 2164.8
1132870 2168.5
1132880 2172.8
1132890 2176.7
1132900 2176.7
1132910 2180.1
1132920 2183.5
1132930 2183.5
1132940 2187.3
1132950 2191.6
1132960 2191.6
1132970 2196.1
1132980 2201.2
1132990 2201.2
1133000 2206.6
1133010 2212.3
1133020 2212.3
1133030 2218.2
1133040 2224.7
1133050 2224.7
1133060 2231.3
1133070 2237.8
1133080 2244.4
1133090 2244.4
1133100 2250.3
1133110 2255.9
1133120 2255.9
1133130 2261.7
1133140 2267.0
1133150 2267.0
1133160 2273.1
1133170 2278.5
1133180 2278.5
1133190 2283.4
1133200 2288.5
1133210 2288.6
1133220 2294.0
1133230 2299.3
1133240 2299.3
1133250 2305.1
1133260 2310.8
1133270 2316.5
1133280 2316.5
1133290 2322.1
1133300 2328.9
1133310 2328.9
1133320 2336.0
1133330 2343.0
1133340 2343.0
1133350 2350.0
1133360 2357.1
1133370 2357.1
1133380 2364.1
1133390 2370.8
1133400 2370.8
1133410 2377.8
1133420 2385.3
1133430 2385.3
1133440 2394.8
1133450 2402.1
1133460 2410.1
1133470 2410.1
1133480 2419.2
1133490 2427.4
1133500 2427.4
1133510 2433.4
1133520 2442.4
1133530 2442.4
1133540 2450.4
1133550 2457.7
1133560 2457.7
1133570 2460.3
1133580 2466.9
1133590 2466.9
1133600 2474.7
1133610 2482.2
1133620 2482.2
1133630 2488.2
1133640 2496.1
1133650 2503.4
1133660 2503.4
1133670 2510.5
1133680 2516.0
1133690 2516.0
1133700 2525.0
1133710 2531.4
1133720 2531.4
1133730 2536.1
1133740 2542.6
1133750 2542.6
1133760 2549.1
1133770 2556.5
1133780 2556.5
1133790 2566.5
1133800 2577.2
1133810 2577.2
1133820 2589.7
1133830 2597.6
1133840 2597.6
1133850 2604.6
1133860 2611.4
1133870 2618.0
1133880 2618.0
1133890 2624.9
1133900 2632.0
1133910 2632.0
1133920 2638.8
1133930 2644.4
1133940 2644.4
1133950 2651.7
1133960 2660.4
1133970 2660.4
1133980 2667.6
1133990 2675.9
1134000 2675.9
1134010 2687.7
1134020 2700.7
1134030 2700.7
1134040 2711.0
1134050 2727.1
1134060 2741.1
1134070 2741.1
1134080 2751.8
1134090 2757.4
1134100 2757.4
1134110 2768.3
1134120 2771.9
1134130 2771.9
1134140 2771.5
1134150 2776.7
1134160 2776.7
1134170 2781.6
1134180 2784.2
1134190 2784.2
1134200 2788.6
1134210 2794.4
1134220 2794.4
1134230 2803.1
1134240 2817.3
1134250 2824.1
1134260 2824.1
1134270 2830.0
1134280 2835.8
1134290 2827.7
1134300 2830.8
1134310 2830.6
1134320 2830.6
1134330 2831.8
1134340 2835.3
1134350 2835.3
1134360 2838.8
1134370 2843.0
1134380 2843.0
1134390 2848.2
1134400 2852.6
1134410 2852.6
1134420 2856.9
1134430 2862.5
1134440 2867.5
1134450 2867.5
1134460 2873.0
1134470 2877.0
1134480 2877.0
1134490 2880.0
1134500 2883.2
1134510 2883.2
1134520 2887.2
1134530 2884.2
1134540 2884.2
1134550 2887.5
1134560 2893.5
1134570 2893.5
1134580 2890.9
1134590 2893.3
1134600 2893.3
1134610 2893.7
1134620 2891.7
1134630 2894.5
1134640 2894.5
1134650 2887.4
1134660 2890.6
1134670 2890.6
1134680 2896.4
1134690 2903.2
1134700 2903.2
1134710 2916.5
1134720 2929.2
1134730 2929.2
1134740 2934.2
1134750 2940.2
1134760 2940.2
1134770 2944.2
1134780 2946.2
1134790 2946.2
1134800 2951.6
1134810 2953.2
1134820 2955.8
1134830 2955.8
1134840 2959.9
1134850 2957.6
1134860 2957.6
1134870 2947.7
1134880 2941.1
1134890 2941.1
1134900 2939.7
1134910 2933.8
1134920 2933.8
1134930 2926.5
1134940 2922.6
1134950 2922.6
1134960 2914.6
1134970 2905.9
1134980 2905.9
1134990 2901.1
1135000 2893.6
1135010 2904.3
1135020 2904.3
1135030 2900.2
1135040 2891.2
1135050 2891.2
1135060 2878.8
1135070 2879.4
1135080 2879.4
1135090 2874.8
1135100 2862.1
1135110 2862.1
1135120 2858.1
1135130 2858.1
1135140 2858.1
1135150 2853.9
1135160 2853.7
1135170 2853.7
1135180 2856.2
1135190 2860.5
1135200 2860.5
1135210 2864.6
1135220 2868.7
1135230 2873.2
1135240 2873.2
1135250 2876.6
1135260 2879.8
1135270 2879.8
1135280 2883.2
1135290 2886.9
1135300 2886.9
1135310 2890.9
1135320 2895.5
1135330 2895.5
1135340 2899.6
1135350 2900.7
1135360 2900.7
1135370 2891.7
1135380 2888.6
1135390 2888.6
1135400 2884.9
1135410 2889.6
1135420 2881.1
1135430 2881.1
1135440 2868.2
1135450 2859.1
1135460 2859.1
1135470 2857.6
1135480 2855.5
1135490 2855.5
1135500 2849.7
1135510 2846.9
1135520 2846.9
1135530 2845.7
1135540 2846.2
1135550 2846.2
1135560 2850.8
1135570 2853.6
1135580 2853.6
1135590 2850.1
1135600 2847.2
1135610 2845.7
1135620 2845.7
1135630 2845.9
1135640 2847.0
1135650 2847.0
1135660 2847.8
1135670 2848.8
1135680 2848.8
1135690 2849.0
1135700 2850.3
1135710 2850.3
1135720 2852.8
1135730 2856.3
1135740 2850.6
1135750 2853.7
1135760 2856.9
1135770 2856.9
1135780 2859.2
1135790 2861.3
1135800 2864.2
1135810 2864.2
1135820 2866.5
1135830 2868.8
1135840 2868.8
1135850 2871.5
1135860 2876.2
1135870 2876.2
1135880 2883.0
1135890 2889.2
1135900 2889.2
1135910 2893.3
1135920 2896.6
1135930 2896.6
1135940 2900.6
1135950 2906.1
1135960 2906.1
1135970 2904.0
1135980 2899.3
1135990 2902.1
1136000 2902.1
1136010 2902.0
1136020 2900.4
1136030 2900.4
1136040 2900.6
1136050 2893.7
1136060 2893.7
1136070 2893.2
1136080 2897.8
1136090 2897.8
1136100 2889.8
1136110 2884.9
1136120 2884.9
1136130 2887.0
1136140 2891.7
1136150 2891.7
1136160 2894.7
1136170 2895.6
1136180 2891.4
1136190 2891.4
1136200 2888.8
1136210 2886.7
1136220 2886.7
1136230 2888.2
1136240 2892.2
1136250 2892.2
1136260 2897.1
1136270 2899.1
1136280 2899.1
1136290 2895.0
1136300 2890.8
1136310 2890.8
1136320 2888.2
1136330 2886.6
1136340 2886.6
1136350 2884.0
1136360 2882.6
1136370 2882.6
1136380 2880.7
1136390 2880.3
1136400 2880.8
1136410 2880.8
1136420 2879.8
1136430 2879.3
1136440 2879.3
1136450 2878.7
1136460 2871.0
1136470 2871.0
1136480 2870.4
1136490 2870.2
1136500 2870.2
1136510 2870.7
1136520 2872.2
1136530 2872.2
1136540 2873.6
1136550 2879.1
1136560 2879.1
1136570 2883.0
1136580 2882.2
1136590 2883.2
1136600 2883.2
1136610 2884.5
1136620 2883.0
1136630 2883.0
1136640 2884.3
1136650 2882.8
1136660 2882.8
1136670 2881.6
1136680 2885.6
1136690 2885.6
1136700 2894.2
1136710 2897.0
1136720 2897.0
1136730 2894.5
1136740 2896.5
1136750 2896.5
1136760 2902.4
1136770 2911.7
1136780 2921.8
1136790 2921.8
1136800 2926.2
1136810 2929.0
1136820 2929.0
1136830 2927.4
1136840 2932.9
1136850 2932.9
1136860 2941.5
1136870 2950.5
1136880 2950.5
1136890 2953.4
1136900 2953.9
1136910 2953.9
1136920 2955.0
1136930 2957.0
1136940 2957.0
1136950 2959.0
1136960 2962.5
1136970 2965.4
1136980 2965.4
1136990 2966.9
1137000 2965.9
1137010 2965.9
1137020 2967.3
1137030 2972.5
1137040 2972.5
1137050 2975.8
1137060 2976.4
1137070 2976.4
1137080 2976.4
1137090 2975.5
1137100 2975.5
1137110 2970.6
1137120 2967.9
1137130 2967.9
1137140 2966.5
1137150 2961.9
1137160 2957.2
1137170 2957.2
1137180 2955.4
1137190 2945.0
1137200 2945.0
1137210 2942.0
1137220 2938.1
1137230 2938.1
1137240 2931.7
1137250 2929.1
1137260 2929.1
1137270 2926.1
1137280 2918.0
1137290 2918.0
1137300 2910.2
1137310 2904.3
1137320 2904.3
1137330 2898.8
1137340 2893.5
1137350 2891.8
1137360 2891.8
1137370 2889.3
1137380 2886.7
1137390 2886.7
1137400 2883.6
1137410 2882.7
1137420 2882.7
1137430 2882.3
1137440 2882.5
1137450 2882.5
1137460 2883.0
1137470 2883.2
1137480 2883.2
1137490 2883.4
1137500 2883.6
1137510 2883.6
1137520 2883.9
1137530 2884.8
1137540 2886.2
1137550 2884.2
1137560 2885.7
1137570 2887.2
1137580 2887.2
1137590 2888.4
1137600 2889.4
1137610 2889.4
1137620 2890.5
1137630 2891.4
1137640 2891.4
1137650 2892.4
1137660 2893.3
1137670 2893.3
1137680 2894.4
1137690 2895.9
1137700 2895.9
1137710 2897.6
1137720 2899.1
1137730 2899.1
1137740 2900.9
1137750 2903.1
1137760 2906.2
1137770 2906.2
1137780 2909.9
1137790 2913.5
1137800 2913.5
1137810 2916.9
1137820 2921.5
1137830 2921.5
1137840 2926.0
1137850 2930.3
1137860 2930.3
1137870 2934.5
1137880 2938.9
1137890 2938.9
1137900 2943.0
1137910 2947.2
1137920 2943.2
1137930 2948.0
1137940 2953.4
1137950 2959.3
1137960 2959.3
1137970 2965.7
1137980 2973.7
1137990 2973.7
1138000 2984.0
1138010 2991.5
1138020 2991.5
1138030 3002.8
1138040 3014.1
1138050 3014.1
1138060 3025.2
1138070 3036.3
1138080 3036.3
1138090 3048.0
1138100 3059.0
1138110 3059.0
1138120 3071.3
1138130 3095.5
1138140 3102.2
1138150 3102.2
1138160 3104.4
1138170 3108.8
1138180 3108.8
1138190 3116.3
1138200 3123.0
1138210 3123.0
1138220 3128.8
1138230 3135.0
1138240 3135.0
1138250 3141.0
1138260 3149.1
1138270 3149.1
1138280 3151.4
1138290 3160.1
1138300 3160.1
1138310 3168.4
1138320 3177.2
1138330 3186.2
1138340 3186.2
1138350 3197.3
1138360 3212.9
1138370 3212.9
1138380 3226.5
1138390 3233.8
1138400 3233.8
1138410 3247.3
1138420 3265.9
1138430 3265.9
1138440 3270.9
1138450 3277.8
1138460 3277.8
1138470 3288.5
1138480 3291.4
1138490 3291.4
1138500 3274.5
1138510 3265.0
1138520 3251.7
1138530 3251.7
1138540 3235.8
1138550 3227.2
1138560 3227.2
1138570 3215.8
1138580 3202.0
1138590 3202.0
1138600 3189.0
1138610 3178.4
1138620 3178.4
1138630 3167.5
1138640 3155.7
1138650 3162.5
1138660 3149.8
1138670 3139.8
1138680 3139.8
1138690 3133.4
1138700 3127.8
1138710 3122.9
1138720 3122.9
1138730 3118.0
1138740 3107.7
1138750 3107.7
1138760 3106.1
1138770 3101.8
1138780 3101.8
1138790 3075.0
1138800 3050.5
1138810 3050.5
1138820 3038.8
1138830 3033.6
1138840 3033.6
1138850 3024.4
1138860 3011.6
1138870 3011.6
1138880 2999.9
1138890 2990.2
1138900 2983.4
1138910 2983.4
1138920 2975.9
1138930 2963.9
1138940 2963.9
1138950 2954.3
1138960 2940.7
1138970 2940.7
1138980 2924.2
1138990 2915.4
1139000 2915.4
1139010 2916.5
1139020 2906.3
1139030 2906.3
1139040 2897.5
1139050 2876.1
1139060 2876.1
1139070 2858.6
1139080 2846.5
1139090 2846.5
1139100 2832.9
1139110 2827.1
1139120 2823.3
1139130 2823.3
1139140 2819.3
1139150 2815.8
1139160 2815.8
1139170 2812.6
1139180 2809.7
1139190 2809.7
1139200 2806.9
1139210 2804.5
1139220 2804.5
1139230 2802.7
1139240 2798.6
1139250 2798.6
1139260 2793.3
1139270 2788.3
1139280 2788.3
1139290 2784.1
