1120000 2596.5
1120010 2594.9
1120020 2594.9
1120030 2593.9
1120040 2593.1
1120050 2593.1
1120060 2592.8
1120070 2593.9
1120080 2592.9
1120090 2592.9
1120100 2591.2
1120110 2589.2
1120120 2589.2
1120130 2587.6
1120140 2585.6
1120150 2585.6
1120160 2583.7
1120170 2581.8
1120180 2581.8
1120190 2580.0
1120200 2579.4
1120210 2579.4
1120220 2578.5
1120230 2577.3
1120240 2577.3
1120250 2576.9
1120260 2575.7
1120270 2574.1
1120280 2574.1
1120290 2569.2
1120300 2562.3
1120310 2562.3
1120320 2558.9
1120330 2553.3
1120340 2553.3
1120350 2550.8
1120360 2547.7
1120370 2547.7
1120380 2542.8
1120390 2540.4
1120400 2540.4
1120410 2539.9
1120420 2540.1
1120430 2540.1
1120440 2541.8
1120450 2541.9
1120460 2541.8
1120470 2541.8
1120480 2540.7
1120490 2541.4
1120500 2541.4
1120510 2542.5
1120520 2540.7
1120530 2540.7
1120540 2539.6
1120550 2529.3
1120560 2529.3
1120570 2512.3
1120580 2497.5
1120590 2497.5
1120600 2479.3
1120610 2471.8
1120620 2471.8
1120630 2465.9
1120640 2459.4
1120650 2459.4
1120660 2452.0
1120670 2438.7
1120680 2425.4
1120690 2425.4
1120700 2403.8
1120710 2392.6
1120720 2392.6
1120730 2386.1
1120740 2379.7
1120750 2379.7
1120760 2373.0
1120770 2367.3
1120780 2367.3
1120790 2361.4
1120800 2355.4
1120810 2355.4
1120820 2350.6
1120830 2342.7
1120840 2342.7
1120850 2332.0
1120860 2324.8
1120870 2317.3
1120880 2317.3
1120890 2310.7
1120900 2306.1
1120910 2306.1
1120920 2302.7
1120930 2300.2
1120940 2300.2
1120950 2297.6
1120960 2291.3
1120970 2291.3
1120980 2286.6
1120990 2283.8
1121000 2283.8
1121010 2280.5
1121020 2275.5
1121030 2275.5
1121040 2269.2
1121050 2264.5
1121060 2257.9
1121070 2257.9
1121080 2248.1
1121090 2239.6
1121100 2239.6
1121110 2235.3
1121120 2231.5
1121130 2231.5
1121140 2228.5
1121150 2225.2
1121160 2225.2
1121170 2221.5
1121180 2216.3
1121190 2216.3
1121200 2210.8
1121210 2205.7
1121220 2202.3
1121230 2195.3
1121240 2187.2
1121250 2178.8
1121260 2178.8
1121270 2173.7
1121280 2171.1
1121290 2171.1
1121300 2169.4
1121310 2166.5
1121320 2166.5
1121330 2164.7
1121340 2163.9
1121350 2163.9
1121360 2162.6
1121370 2161.5
1121380 2161.5
1121390 2161.1
1121400 2161.3
1121410 2161.3
1121420 2161.5
1121430 2161.4
1121440 2162.3
1121450 2162.3
1121460 2161.4
1121470 2161.2
1121480 2161.2
1121490 2162.9
1121500 2164.1
1121510 2164.1
1121520 2164.5
1121530 2162.5
1121540 2162.5
1121550 2160.8
1121560 2162.4
1121570 2162.4
1121580 2164.1
1121590 2165.9
1121600 2165.9
1121610 2167.9
1121620 2169.1
1121630 2171.1
1121640 2171.1
1121650 2173.1
1121660 2175.6
1121670 2175.6
1121680 2178.0
1121690 2180.3
1121700 2180.3
1121710 2181.9
1121720 2183.6
1121730 2183.6
1121740 2185.9
1121750 2187.6
1121760 2187.6
1121770 2190.8
1121780 2194.1
1121790 2194.1
1121800 2197.8
1121810 2201.6
1121820 2201.6
1121830 2207.0
1121840 2213.2
1121850 2219.9
1121860 2219.9
1121870 2228.6
1121880 2236.0
1121890 2236.0
1121900 2243.7
1121910 2253.7
1121920 2253.7
1121930 2260.9
1121940 2266.6
1121950 2266.6
1121960 2272.2
1121970 2279.0
1121980 2279.0
1121990 2283.0
1122000 2286.0
1122010 2286.0
1122020 2290.7
1122030 2295.8
1122040 2301.2
1122050 2301.2
1122060 2307.2
1122070 2312.9
1122080 2312.9
1122090 2315.4
1122100 2311.9
1122110 2311.9
1122120 2309.7
1122130 2316.4
1122140 2316.4
1122150 2321.7
1122160 2328.3
1122170 2328.3
1122180 2326.8
1122190 2324.6
1122200 2324.6
1122210 2322.6
1122220 2319.8
1122230 2313.3
1122240 2313.3
1122250 2310.7
1122260 2320.0
1122270 2320.0
1122280 2321.9
1122290 2325.4
1122300 2325.4
1122310 2328.6
1122320 2331.1
1122330 2331.1
1122340 2333.3
1122350 2336.3
1122360 2336.3
1122370 2338.1
1122380 2338.7
1122390 2338.7
1122400 2339.5
1122410 2340.2
1122420 2341.9
1122430 2341.9
1122440 2343.3
1122450 2345.1
1122460 2345.1
1122470 2349.4
1122480 2354.0
1122490 2354.0
1122500 2359.2
1122510 2366.4
1122520 2366.4
1122530 2369.4
1122540 2374.9
1122550 2374.9
1122560 2373.0
1122570 2376.3
1122580 2376.3
1122590 2380.4
1122600 2383.9
1122610 2393.5
1122620 2393.5
1122630 2393.9
1122640 2392.3
1122650 2392.3
1122660 2388.4
1122670 2381.0
1122680 2381.0
1122690 2373.3
1122700 2367.6
1122710 2367.6
1122720 2361.0
1122730 2353.1
1122740 2353.1
1122750 2346.5
1122760 2340.9
1122770 2340.9
1122780 2335.4
1122790 2330.5
1122800 2325.7
1122810 2325.7
1122820 2320.2
1122830 2314.3
1122840 2314.3
1122850 2307.9
1122860 2300.0
1122870 2300.0
1122880 2291.6
1122890 2279.0
1122900 2279.0
1122910 2273.1
1122920 2268.9
1122930 2268.9
1122940 2264.7
1122950 2259.4
1122960 2263.9
1122970 2257.1
1122980 2249.6
1122990 2249.6
1123000 2243.3
1123010 2237.9
1123020 2232.7
1123030 2232.7
1123040 2227.2
1123050 2221.7
1123060 2221.7
1123070 2215.8
1123080 2209.6
1123090 2209.6
1123100 2202.7
1123110 2196.4
1123120 2196.4
1123130 2190.0
1123140 2183.6
1123150 2183.6
1123160 2176.9
1123170 2170.2
1123180 2170.2
1123190 2163.8
1123200 2157.7
1123210 2152.2
1123220 2152.2
1123230 2146.7
1123240 2141.2
1123250 2141.2
1123260 2135.8
1123270 2130.0
1123280 2130.0
1123290 2125.3
1123300 2121.1
1123310 2123.3
1123320 2119.8
1123330 2115.9
1123340 2115.9
1123350 2112.1
1123360 2108.4
1123370 2108.4
1123380 2104.9
1123390 2101.1
1123400 2097.2
1123410 2097.2
1123420 2093.2
1123430 2089.2
1123440 2089.2
1123450 2083.6
1123460 2079.6
1123470 2079.6
1123480 2077.9
1123490 2076.5
1123500 2076.5
1123510 2077.5
1123520 2080.3
1123530 2080.3
1123540 2082.5
1123550 2083.5
1123560 2083.5
1123570 2084.6
1123580 2085.8
1123590 2087.9
1123600 2087.9
1123610 2091.1
1123620 2094.8
1123630 2094.8
1123640 2100.0
1123650 2104.1
1123660 2101.5
1123670 2105.5
1123680 2109.8
1123690 2109.8
1123700 2114.8
1123710 2120.6
1123720 2120.6
1123730 2126.5
1123740 2132.6
1123750 2132.6
1123760 2138.5
1123770 2145.6
1123780 2153.0
1123790 2153.0
1123800 2162.5
1123810 2172.2
1123820 2172.2
1123830 2180.6
1123840 2189.4
1123850 2189.4
1123860 2197.0
1123870 2201.5
1123880 2201.5
1123890 2206.4
1123900 2211.6
1123910 2211.6
1123920 2216.5
1123930 2221.4
1123940 2221.4
1123950 2225.6
1123960 2228.0
1123970 2226.4
1123980 2226.4
1123990 2226.9
1124000 2233.3
1124010 2233.6
1124020 2236.9
1124030 2238.5
1124040 2238.5
1124050 2240.2
1124060 2242.1
1124070 2242.1
1124080 2244.1
1124090 2247.0
1124100 2247.0
1124110 2250.6
1124120 2255.9
1124130 2255.9
1124140 2262.1
1124150 2270.5
1124160 2280.8
1124170 2280.8
1124180 2289.7
1124190 2300.2
1124200 2300.2
1124210 2306.7
1124220 2314.0
1124230 2314.0
1124240 2321.3
1124250 2329.7
1124260 2329.7
1124270 2334.3
1124280 2337.5
1124290 2337.5
1124300 2341.2
1124310 2346.4
1124320 2346.4
1124330 2351.7
1124340 2355.9
1124350 2355.9
1124360 2356.7
1124370 2360.5
1124380 2365.1
1124390 2365.1
1124400 2369.7
1124410 2372.9
1124420 2372.9
1124430 2377.5
1124440 2383.2
1124450 2383.2
1124460 2389.0
1124470 2392.9
1124480 2392.9
1124490 2397.5
1124500 2403.2
1124510 2403.2
1124520 2407.9
1124530 2411.9
1124540 2411.9
1124550 2416.4
1124560 2420.0
1124570 2425.3
1124580 2425.3
1124590 2432.5
1124600 2443.1
1124610 2443.1
1124620 2457.3
1124630 2463.6
1124640 2463.6
1124650 2468.9
1124660 2473.7
1124670 2473.7
1124680 2479.9
1124690 2485.7
1124700 2485.7
1124710 2489.7
1124720 2496.1
1124730 2496.1
1124740 2502.9
1124750 2510.3
1124760 2517.5
1124770 2517.5
1124780 2524.3
1124790 2533.0
1124800 2533.0
1124810 2543.7
1124820 2552.7
1124830 2552.7
1124840 2563.2
1124850 2577.2
1124860 2577.2
1124870 2588.3
1124880 2603.0
1124890 2603.0
1124900 2614.2
1124910 2621.1
1124920 2621.1
1124930 2627.3
1124940 2632.5
1124950 2637.0
1124960 2637.0
1124970 2642.6
1124980 2649.4
1124990 2649.4
1125000 2656.2
1125010 2662.8
1125020 2662.8
1125030 2669.0
1125040 2674.9
1125050 2674.9
1125060 2681.3
1125070 2684.8
1125080 2684.8
1125090 2687.5
1125100 2689.8
1125110 2689.8
1125120 2692.1
1125130 2695.4
1125140 2698.9
1125150 2698.9
1125160 2701.0
1125170 2698.4
1125180 2698.4
1125190 2698.5
1125200 2700.3
1125210 2700.3
1125220 2699.1
1125230 2693.0
1125240 2693.0
1125250 2688.7
1125260 2690.4
1125270 2690.4
1125280 2692.3
1125290 2695.3
1125300 2695.3
1125310 2696.4
1125320 2697.4
1125330 2699.2
1125340 2699.2
1125350 2700.7
1125360 2704.1
1125370 2704.1
1125380 2709.3
1125390 2712.6
1125400 2712.6
1125410 2717.1
1125420 2722.6
1125430 2722.6
1125440 2729.7
1125450 2735.9
1125460 2735.9
1125470 2741.0
1125480 2750.9
1125490 2750.9
1125500 2760.5
1125510 2771.6
1125520 2771.6
1125530 2782.2
1125540 2791.0
1125550 2807.9
1125560 2807.9
1125570 2806.7
1125580 2822.1
1125590 2822.1
1125600 2845.9
1125610 2863.7
1125620 2863.7
1125630 2874.8
1125640 2887.9
1125650 2887.9
1125660 2896.8
1125670 2904.8
1125680 2904.8
1125690 2911.7
1125700 2918.4
1125710 2918.4
1125720 2918.0
1125730 2911.3
1125740 2902.1
1125750 2902.1
1125760 2893.4
1125770 2887.6
1125780 2887.6
1125790 2878.3
1125800 2868.9
1125810 2868.9
1125820 2860.6
1125830 2850.0
1125840 2850.0
1125850 2837.8
1125860 2826.7
1125870 2826.7
1125880 2811.6
1125890 2795.5
1125900 2795.5
1125910 2786.9
1125920 2779.8
1125930 2772.1
1125940 2772.1
1125950 2764.1
1125960 2754.4
1125970 2754.4
1125980 2744.4
1125990 2734.6
1126000 2734.6
1126010 2727.6
1126020 2721.4
1126030 2721.4
1126040 2715.1
1126050 2709.9
1126060 2709.9
1126070 2706.1
1126080 2702.8
1126090 2702.8
1126100 2700.2
1126110 2696.7
1126120 2691.5
1126130 2691.5
1126140 2686.4
1126150 2685.6
1126160 2685.6
1126170 2687.0
1126180 2691.5
1126190 2691.5
1126200 2696.1
1126210 2694.3
1126220 2694.3
1126230 2689.6
1126240 2687.3
1126250 2687.3
1126260 2685.0
1126270 2682.8
1126280 2682.8
1126290 2679.4
1126300 2673.4
1126310 2658.6
1126320 2658.6
1126330 2647.0
1126340 2639.1
1126350 2639.1
1126360 2629.7
1126370 2618.8
1126380 2618.8
1126390 2610.0
1126400 2601.3
1126410 2601.3
1126420 2591.5
1126430 2582.3
1126440 2582.3
1126450 2571.6
1126460 2561.1
1126470 2557.9
1126480 2547.1
1126490 2539.4
1126500 2532.1
1126510 2532.1
1126520 2525.0
1126530 2518.2
1126540 2518.2
1126550 2511.5
1126560 2505.2
1126570 2505.2
1126580 2499.1
1126590 2493.2
1126600 2493.2
1126610 2487.4
1126620 2481.8
1126630 2481.8
1126640 2476.6
1126650 2471.6
1126660 2471.6
1126670 2466.5
1126680 2463.1
1126690 2461.9
1126700 2461.9
1126710 2461.8
1126720 2461.8
1126730 2461.8
1126740 2461.8
1126750 2461.8
1126760 2461.8
1126770 2461.8
1126780 2461.8
1126790 2461.8
1126800 2461.8
1126810 2462.1
1126820 2462.1
1126830 2462.4
1126840 2463.2
1126850 2463.2
1126860 2463.2
1126870 2461.2
1126880 2461.2
1126890 2458.6
1126900 2453.6
1126910 2446.5
1126920 2446.5
1126930 2440.2
1126940 2433.7
1126950 2433.7
1126960 2427.3
1126970 2423.1
1126980 2423.1
1126990 2419.5
1127000 2415.1
1127010 2415.1
1127020 2410.4
1127030 2405.2
1127040 2405.2
1127050 2399.2
1127060 2393.2
1127070 2393.2
1127080 2386.6
1127090 2380.1
1127100 2374.7
1127110 2374.7
1127120 2369.4
1127130 2364.0
1127140 2364.0
1127150 2359.7
1127160 2356.7
1127170 2356.7
1127180 2356.7
1127190 2353.8
1127200 2353.8
1127210 2350.8
1127220 2348.0
1127230 2348.0
1127240 2343.3
1127250 2341.7
1127260 2341.7
1127270 2344.2
1127280 2345.2
1127290 2346.2
1127300 2346.2
1127310 2346.0
1127320 2346.4
1127330 2346.4
1127340 2346.8
1127350 2346.2
1127360 2346.2
1127370 2347.7
1127380 2349.6
1127390 2349.6
1127400 2352.2
1127410 2355.6
1127420 2355.6
1127430 2360.4
1127440 2364.9
1127450 2364.9
1127460 2370.3
1127470 2374.8
1127480 2379.0
1127490 2379.0
1127500 2383.4
1127510 2387.6
1127520 2387.6
1127530 2392.0
1127540 2400.4
1127550 2400.4
1127560 2407.3
1127570 2414.2
1127580 2414.2
1127590 2423.6
1127600 2435.3
1127610 2435.3
1127620 2447.3
1127630 2455.8
1127640 2455.8
1127650 2464.7
1127660 2470.0
1127670 2474.4
1127680 2474.4
1127690 2479.2
1127700 2484.5
1127710 2484.5
1127720 2491.1
1127730 2497.2
1127740 2497.2
1127750 2498.3
1127760 2501.6
1127770 2501.6
1127780 2505.4
1127790 2508.2
1127800 2508.2
1127810 2510.5
1127820 2509.1
1127830 2509.1
1127840 2508.2
1127850 2510.5
1127860 2513.8
1127870 2513.8
1127880 2516.7
1127890 2520.1
1127900 2520.1
1127910 2525.9
1127920 2530.3
1127930 2530.3
1127940 2534.0
1127950 2537.4
1127960 2537.4
1127970 2540.3
1127980 2542.3
1127990 2542.3
1128000 2542.5
1128010 2540.6
1128020 2540.6
1128030 2537.8
1128040 2534.6
1128050 2534.5
1128060 2534.5
1128070 2535.4
1128080 2537.8
1128090 2537.8
1128100 2540.8
1128110 2543.2
1128120 2543.2
1128130 2545.3
1128140 2547.8
1128150 2547.8
1128160 2551.1
1128170 2555.5
1128180 2555.5
1128190 2559.8
1128200 2563.6
1128210 2563.6
1128220 2566.8
1128230 2570.3
1128240 2572.9
1128250 2576.5
1128260 2579.7
1128270 2585.1
1128280 2585.1
1128290 2594.3
1128300 2599.6
1128310 2599.6
1128320 2601.7
1128330 2605.6
1128340 2605.6
1128350 2609.1
1128360 2609.8
1128370 2609.8
1128380 2610.7
1128390 2612.3
1128400 2612.3
1128410 2614.8
1128420 2618.7
1128430 2618.7
1128440 2622.1
1128450 2624.8
1128460 2627.3
1128470 2627.3
1128480 2630.1
1128490 2634.1
1128500 2634.1
1128510 2639.3
1128520 2644.9
1128530 2644.9
1128540 2649.3
1128550 2654.3
1128560 2654.3
1128570 2659.2
1128580 2662.6
1128590 2662.6
1128600 2664.2
1128610 2668.6
1128620 2668.6
1128630 2674.0
1128640 2678.6
1128650 2683.2
1128660 2683.2
1128670 2687.7
1128680 2692.3
1128690 2692.3
1128700 2696.5
1128710 2700.7
1128720 2700.7
1128730 2705.7
1128740 2710.5
1128750 2710.5
1128760 2715.8
1128770 2721.2
1128780 2721.2
1128790 2727.0
1128800 2732.3
1128810 2732.3
1128820 2737.0
1128830 2741.7
1128840 2747.0
1128850 2747.0
1128860 2752.9
1128870 2758.4
1128880 2758.4
1128890 2764.6
1128900 2769.8
1128910 2769.8
1128920 2776.3
1128930 2789.2
1128940 2789.2
1128950 2786.5
1128960 2797.3
1128970 2797.3
1128980 2804.4
1128990 2815.3
1129000 2815.3
1129010 2825.3
1129020 2833.9
1129030 2842.3
1129040 2842.3
1129050 2847.0
1129060 2849.3
1129070 2849.3
1129080 2852.8
1129090 2859.8
1129100 2859.8
1129110 2866.3
1129120 2872.3
1129130 2872.3
1129140 2880.5
1129150 2889.5
1129160 2889.5
1129170 2900.5
1129180 2909.5
1129190 2909.5
1129200 2917.4
1129210 2924.7
1129220 2933.9
1129230 2933.9
1129240 2940.8
1129250 2946.9
1129260 2946.9
1129270 2954.2
1129280 2961.3
1129290 2961.3
1129300 2964.7
1129310 2970.5
1129320 2970.5
1129330 2965.8
1129340 2957.5
1129350 2957.5
1129360 2948.4
1129370 2942.1
1129380 2942.1
1129390 2936.5
1129400 2935.2
1129410 2937.0
1129420 2937.0
1129430 2940.4
1129440 2943.8
1129450 2943.8
1129460 2946.4
1129470 2948.4
1129480 2948.4
1129490 2947.3
1129500 2936.0
1129510 2936.0
1129520 2919.5
1129530 2907.3
1129540 2907.3
1129550 2897.5
1129560 2888.6
1129570 2888.6
1129580 2873.4
1129590 2855.5
1129600 2855.5
1129610 2845.4
1129620 2854.5
1129630 2845.7
1129640 2845.7
1129650 2829.7
1129660 2799.1
1129670 2799.1
1129680 2797.4
1129690 2791.4
1129700 2791.4
1129710 2793.4
1129720 2802.2
1129730 2802.2
1129740 2799.8
1129750 2781.2
1129760 2781.2
1129770 2769.7
1129780 2765.2
1129790 2765.2
1129800 2762.8
1129810 2761.0
1129820 2758.5
1129830 2758.5
1129840 2754.4
1129850 2750.1
1129860 2750.1
1129870 2745.8
1129880 2741.7
1129890 2741.7
1129900 2737.6
1129910 2734.0
1129920 2734.0
1129930 2732.1
1129940 2728.4
1129950 2728.4
1129960 2722.5
1129970 2714.9
1129980 2714.9
1129990 2708.0
1130000 2700.2
1130010 2692.0
1130020 2689.9
1130030 2682.3
1130040 2675.6
1130050 2675.6
1130060 2668.7
1130070 2660.6
1130080 2660.6
1130090 2652.8
1130100 2644.8
1130110 2644.8
1130120 2637.4
1130130 2632.5
1130140 2632.5
1130150 2628.9
1130160 2625.6
1130170 2625.6
1130180 2623.1
1130190 2621.7
1130200 2620.6
1130210 2620.6
1130220 2619.7
1130230 2618.9
1130240 2618.9
1130250 2617.3
1130260 2614.9
1130270 2614.9
1130280 2612.0
1130290 2608.8
1130300 2608.8
1130310 2605.7
1130320 2603.0
1130330 2603.0
1130340 2600.6
1130350 2598.5
1130360 2598.5
1130370 2596.7
1130380 2594.7
1130390 2593.5
1130400 2593.5
1130410 2592.5
1130420 2591.7
1130430 2591.7
1130440 2591.1
1130450 2590.8
1130460 2590.8
1130470 2590.9
1130480 2591.0
1130490 2591.0
1130500 2591.2
1130510 2591.4
1130520 2591.4
1130530 2591.1
1130540 2591.2
1130550 2591.2
1130560 2591.4
1130570 2589.6
1130580 2588.5
1130590 2588.5
1130600 2586.8
1130610 2583.5
1130620 2583.5
1130630 2579.3
1130640 2574.3
1130650 2574.3
1130660 2569.2
1130670 2565.1
1130680 2565.1
1130690 2562.1
1130700 2559.9
1130710 2559.9
1130720 2558.3
1130730 2556.1
1130740 2556.1
1130750 2555.6
1130760 2555.8
1130770 2557.1
1130780 2557.1
1130790 2559.1
1130800 2560.3
1130810 2560.3
1130820 2557.8
1130830 2554.9
1130840 2554.9
1130850 2550.9
1130860 2543.8
1130870 2543.8
1130880 2534.7
1130890 2521.2
1130900 2521.2
1130910 2503.5
1130920 2489.5
1130930 2489.5
1130940 2477.4
1130950 2468.7
1130960 2468.7
1130970 2461.5
1130980 2456.9
1130990 2452.8
1131000 2452.8
1131010 2447.4
1131020 2441.5
1131030 2441.5
1131040 2436.8
1131050 2432.2
1131060 2432.2
1131070 2427.2
1131080 2422.1
1131090 2420.3
1131100 2415.3
1131110 2410.5
1131120 2410.5
1131130 2405.7
1131140 2401.2
1131150 2401.2
1131160 2396.8
1131170 2392.3
1131180 2388.9
1131190 2388.9
1131200 2387.0
1131210 2386.2
1131220 2386.2
1131230 2385.7
1131240 2385.2
1131250 2385.2
1131260 2384.8
1131270 2384.7
1131280 2384.7
1131290 2384.6
1131300 2385.8
1131310 2385.8
1131320 2386.4
1131330 2385.3
1131340 2385.3
1131350 2383.5
1131360 2379.2
1131370 2374.3
1131380 2374.3
1131390 2370.5
1131400 2367.9
1131410 2367.9
1131420 2367.2
1131430 2366.8
1131440 2366.8
1131450 2366.6
1131460 2366.6
1131470 2366.6
1131480 2366.9
1131490 2367.8
1131500 2367.8
1131510 2368.0
1131520 2362.7
1131530 2362.7
1131540 2356.3
1131550 2352.0
1131560 2348.4
1131570 2348.4
1131580 2344.5
1131590 2340.7
1131600 2340.7
1131610 2334.6
1131620 2327.7
1131630 2327.7
1131640 2321.1
1131650 2313.3
1131660 2313.3
1131670 2301.2
1131680 2289.7
1131690 2289.7
1131700 2281.7
1131710 2275.5
1131720 2275.5
1131730 2268.5
1131740 2258.3
1131750 2248.9
1131760 2248.9
1131770 2236.1
1131780 2227.9
1131790 2227.9
1131800 2218.7
1131810 2207.5
1131820 2207.5
1131830 2191.0
1131840 2179.3
1131850 2179.3
1131860 2171.7
1131870 2164.0
1131880 2164.0
1131890 2156.3
1131900 2147.7
1131910 2147.7
1131920 2139.6
1131930 2131.8
1131940 2125.2
1131950 2125.2
1131960 2119.8
1131970 2114.3
1131980 2114.3
1131990 2108.8
1132000 2102.6
1132010 2102.6
1132020 2096.6
1132030 2090.4
1132040 2090.4
1132050 2083.9
1132060 2078.2
1132070 2078.2
1132080 2073.0
1132090 2067.9
1132100 2067.9
1132110 2063.2
1132120 2058.7
1132130 2054.7
1132140 2054.7
1132150 2050.8
1132160 2046.7
1132170 2047.0
1132180 2043.1
1132190 2039.1
1132200 2039.1
1132210 2034.7
1132220 2030.9
1132230 2030.9
1132240 2027.8
1132250 2025.4
1132260 2025.4
1132270 2023.2
1132280 2021.4
1132290 2021.4
1132300 2019.6
1132310 2018.3
1132320 2018.3
1132330 2017.6
1132340 2017.7
1132350 2017.8
1132360 2017.8
1132370 2017.8
1132380 2018.4
1132390 2018.4
1132400 2020.8
1132410 2020.9
1132420 2020.9
1132430 2021.3
1132440 2023.3
1132450 2023.3
1132460 2027.2
1132470 2029.8
1132480 2029.8
1132490 2033.1
1132500 2037.5
1132510 2037.5
1132520 2041.5
1132530 2047.1
1132540 2050.9
1132550 2050.9
1132560 2055.0
1132570 2060.6
1132580 2060.6
1132590 2067.3
1132600 2073.6
1132610 2073.6
1132620 2079.4
1132630 2084.4
1132640 2084.4
1132650 2088.8
1132660 2091.0
1132670 2091.0
1132680 2091.8
1132690 2094.7
1132700 2094.7
1132710 2098.8
1132720 2102.2
1132730 2104.0
1132740 2104.0
1132750 2106.3
1132760 2109.3
1132770 2109.3
1132780 2113.9
1132790 2119.2
1132800 2119.2
1132810 2125.0
1132820 2131.2
1132830 2131.2
1132840 2136.1
1132850 2141.1
1132860 2141.1
1132870 2147.1
1132880 2154.3
1132890 2154.3
1132900 2160.3
1132910 2166.0
1132920 2172.1
1132930 2172.1
1132940 2178.7
1132950 2184.8
1132960 2184.8
1132970 2190.8
1132980 2196.9
1132990 2196.9
1133000 2203.3
1133010 2209.5
1133020 2209.5
1133030 2215.9
1133040 2222.6
1133050 2222.6
1133060 2229.6
1133070 2236.7
1133080 2236.7
1133090 2243.9
1133100 2251.0
1133110 2258.1
1133120 2258.1
1133130 2265.2
1133140 2271.4
1133150 2271.4
1133160 2276.6
1133170 2280.7
1133180 2280.7
1133190 2285.2
1133200 2288.1
1133210 2288.1
1133220 2290.0
1133230 2293.2
1133240 2294.6
1133250 2298.7
1133260 2303.4
1133270 2303.4
1133280 2306.6
1133290 2310.9
1133300 2316.7
1133310 2316.7
1133320 2323.1
1133330 2329.8
1133340 2329.8
1133350 2336.4
1133360 2343.0
1133370 2343.0
1133380 2349.7
1133390 2356.7
1133400 2356.7
1133410 2364.1
1133420 2371.4
1133430 2371.4
1133440 2382.5
1133450 2396.4
1133460 2396.4
1133470 2399.9
1133480 2403.7
1133490 2408.5
1133500 2408.5
1133510 2413.4
1133520 2417.4
1133530 2417.4
1133540 2421.3
1133550 2426.4
1133560 2426.4
1133570 2432.0
1133580 2438.7
1133590 2438.7
1133600 2444.3
1133610 2450.9
1133620 2450.9
1133630 2465.4
1133640 2484.1
1133650 2484.1
1133660 2491.2
1133670 2500.1
1133680 2506.6
1133690 2506.6
1133700 2510.4
1133710 2514.4
1133720 2514.4
1133730 2518.6
1133740 2522.4
1133750 2522.4
1133760 2531.8
1133770 2541.8
1133780 2541.8
1133790 2548.5
1133800 2553.0
1133810 2553.0
1133820 2560.1
1133830 2566.3
1133840 2566.3
1133850 2571.5
1133860 2575.2
1133870 2575.2
1133880 2579.5
1133890 2583.8
1133900 2588.1
1133910 2588.1
1133920 2594.7
1133930 2603.0
1133940 2603.0
1133950 2608.4
1133960 2608.4
1133970 2608.4
1133980 2612.9
1133990 2617.1
1134000 2617.1
1134010 2621.3
1134020 2624.6
1134030 2624.6
1134040 2628.8
1134050 2636.0
1134060 2636.0
1134070 2644.4
1134080 2652.5
1134090 2658.6
1134100 2658.6
1134110 2664.3
1134120 2669.2
1134130 2669.2
1134140 2672.4
1134150 2673.3
1134160 2673.3
1134170 2672.9
1134180 2672.0
1134190 2672.0
1134200 2670.4
1134210 2669.6
1134220 2669.6
1134230 2669.1
1134240 2668.6
1134250 2668.6
1134260 2668.8
1134270 2666.8
1134280 2665.4
1134290 2665.4
1134300 2666.9
1134310 2669.0
1134320 2669.0
1134330 2663.5
1134340 2663.0
1134350 2663.0
1134360 2663.6
1134370 2665.0
1134380 2665.0
1134390 2666.4
1134400 2669.1
1134410 2669.1
1134420 2672.1
1134430 2674.8
1134440 2674.8
1134450 2677.6
1134460 2681.2
1134470 2684.7
1134480 2684.7
1134490 2687.1
1134500 2689.0
1134510 2689.0
1134520 2690.4
1134530 2690.5
1134540 2690.5
1134550 2688.5
1134560 2686.9
1134570 2686.9
1134580 2685.6
1134590 2685.0
1134600 2685.0
1134610 2683.7
1134620 2681.8
1134630 2681.8
1134640 2682.3
1134650 2685.0
1134660 2687.9
1134670 2687.9
1134680 2689.8
1134690 2683.5
1134700 2683.5
1134710 2685.1
1134720 2688.8
1134730 2688.8
1134740 2692.2
1134750 2695.6
1134760 2695.6
1134770 2698.2
1134780 2700.5
1134790 2700.5
1134800 2701.9
1134810 2702.4
1134820 2702.4
1134830 2702.6
1134840 2703.7
1134850 2705.9
1134860 2705.9
1134870 2708.3
1134880 2710.6
1134890 2710.6
1134900 2712.9
1134910 2714.6
1134920 2714.6
1134930 2716.0
1134940 2717.1
1134950 2717.1
1134960 2718.3
1134970 2719.7
1134980 2719.7
1134990 2721.2
1135000 2722.6
1135010 2722.6
1135020 2724.1
1135030 2724.9
1135040 2724.8
1135050 2718.0
1135060 2718.0
1135070 2718.4
1135080 2718.4
1135090 2719.1
1135100 2719.4
1135110 2719.4
1135120 2718.1
1135130 2717.4
1135140 2717.4
1135150 2717.5
1135160 2717.4
1135170 2717.4
1135180 2717.7
1135190 2717.6
1135200 2717.6
1135210 2717.7
1135220 2716.8
1135230 2716.8
1135240 2716.7
1135250 2716.3
1135260 2714.8
1135270 2714.8
1135280 2713.4
1135290 2711.0
1135300 2711.0
1135310 2709.0
1135320 2706.8
1135330 2706.8
1135340 2703.2
1135350 2701.6
1135360 2701.6
1135370 2702.3
1135380 2701.8
1135390 2701.8
1135400 2701.1
1135410 2695.6
1135420 2695.6
1135430 2694.7
1135440 2690.7
1135450 2685.0
1135460 2685.0
1135470 2682.8
1135480 2684.3
1135490 2684.3
1135500 2685.9
1135510 2687.0
1135520 2687.0
1135530 2687.8
1135540 2688.2
1135550 2688.2
1135560 2687.8
1135570 2689.1
1135580 2689.1
1135590 2690.4
1135600 2691.6
1135610 2691.6
1135620 2692.6
1135630 2693.7
1135640 2694.1
1135650 2694.1
1135660 2693.3
1135670 2692.6
1135680 2692.6
1135690 2691.9
1135700 2692.3
1135710 2692.3
1135720 2692.2
1135730 2694.4
1135740 2694.4
1135750 2697.1
1135760 2699.0
1135770 2693.7
1135780 2694.7
1135790 2695.1
1135800 2695.1
1135810 2695.0
1135820 2694.8
1135830 2693.5
1135840 2693.5
1135850 2692.1
1135860 2691.5
1135870 2691.5
1135880 2692.0
1135890 2695.4
1135900 2695.4
1135910 2699.4
1135920 2702.9
1135930 2702.9
1135940 2705.5
1135950 2707.4
1135960 2707.4
1135970 2708.5
1135980 2711.7
1135990 2711.7
1136000 2715.2
1136010 2717.9
1136020 2719.9
1136030 2719.9
1136040 2721.2
1136050 2722.4
1136060 2722.4
1136070 2722.7
1136080 2721.6
1136090 2721.6
1136100 2721.4
1136110 2722.4
1136120 2722.4
1136130 2719.4
1136140 2721.4
1136150 2721.4
1136160 2722.3
1136170 2722.4
1136180 2722.4
1136190 2720.6
1136200 2718.7
1136210 2718.8
1136220 2718.8
1136230 2720.6
1136240 2723.4
1136250 2723.4
1136260 2725.1
1136270 2728.2
1136280 2728.2
1136290 2732.9
1136300 2736.5
1136310 2736.5
1136320 2741.2
1136330 2746.0
1136340 2746.0
1136350 2750.7
1136360 2756.0
1136370 2756.0
1136380 2761.3
1136390 2765.7
1136400 2768.0
1136410 2768.0
1136420 2768.2
1136430 2768.2
1136440 2768.2
1136450 2767.9
1136460 2764.3
1136470 2764.3
1136480 2761.8
1136490 2759.8
1136500 2759.3
1136510 2757.9
1136520 2758.1
1136530 2758.1
1136540 2758.5
1136550 2757.2
1136560 2757.2
1136570 2756.4
1136580 2757.4
1136590 2758.2
1136600 2758.2
1136610 2759.2
1136620 2760.1
1136630 2760.1
1136640 2759.8
1136650 2758.4
1136660 2758.4
1136670 2756.8
1136680 2755.8
1136690 2755.8
1136700 2755.4
1136710 2753.5
1136720 2753.5
1136730 2751.7
1136740 2751.8
1136750 2751.8
1136760 2755.0
1136770 2759.7
1136780 2759.7
1136790 2763.5
1136800 2765.2
1136810 2765.3
1136820 2765.3
1136830 2765.1
1136840 2765.3
1136850 2765.3
1136860 2764.7
1136870 2766.8
1136880 2766.8
1136890 2769.3
1136900 2771.8
1136910 2771.8
1136920 2773.8
1136930 2775.2
1136940 2775.2
1136950 2776.1
1136960 2775.0
1136970 2775.0
1136980 2774.2
1136990 2773.6
1137000 2774.0
1137010 2774.0
1137020 2774.4
1137030 2774.5
1137040 2774.5
1137050 2774.8
1137060 2775.7
1137070 2775.7
1137080 2777.1
1137090 2779.1
1137100 2779.1
1137110 2781.2
1137120 2783.4
1137130 2783.4
1137140 2785.7
1137150 2788.3
1137160 2788.3
1137170 2791.1
1137180 2793.9
1137190 2796.6
1137200 2796.6
1137210 2799.2
1137220 2800.7
1137230 2800.7
1137240 2802.6
1137250 2804.3
1137260 2804.3
1137270 2805.7
1137280 2807.0
1137290 2807.0
1137300 2808.1
1137310 2809.5
1137320 2809.5
1137330 2811.1
1137340 2813.0
1137350 2813.0
1137360 2815.1
1137370 2817.3
1137380 2819.5
1137390 2819.5
1137400 2821.7
1137410 2824.1
1137420 2824.1
1137430 2826.4
1137440 2828.3
1137450 2828.3
1137460 2830.1
1137470 2831.8
1137480 2831.8
1137490 2834.0
1137500 2836.6
1137510 2836.6
1137520 2839.6
1137530 2842.4
1137540 2842.4
1137550 2844.9
1137560 2847.1
1137570 2849.1
1137580 2849.1
1137590 2849.5
1137600 2851.4
1137610 2851.4
1137620 2853.2
1137630 2854.9
1137640 2854.9
1137650 2856.5
1137660 2858.0
1137670 2858.0
1137680 2859.6
1137690 2861.2
1137700 2861.2
1137710 2863.2
1137720 2865.4
1137730 2865.4
1137740 2867.9
1137750 2870.4
1137760 2873.2
1137770 2873.2
1137780 2876.1
1137790 2879.2
1137800 2879.2
1137810 2882.5
1137820 2886.3
1137830 2886.3
1137840 2891.6
1137850 2898.4
1137860 2898.4
1137870 2903.9
1137880 2907.6
1137890 2907.6
1137900 2912.2
1137910 2917.7
1137920 2917.7
1137930 2924.2
1137940 2931.2
1137950 2944.9
1137960 2944.9
1137970 2961.7
1137980 2972.3
1137990 2972.3
1138000 2979.3
1138010 2987.1
1138020 2987.1
1138030 2995.6
1138040 3003.5
1138050 3003.5
1138060 3011.1
1138070 3021.9
1138080 3021.9
1138090 3045.1
1138100 3071.5
1138110 3071.5
1138120 3086.9
1138130 3094.7
1138140 3094.7
1138150 3104.4
1138160 3123.9
1138170 3138.5
1138180 3138.5
1138190 3142.3
1138200 3144.4
1138210 3144.4
1138220 3160.3
1138230 3173.5
1138240 3173.5
1138250 3178.2
1138260 3191.7
1138270 3191.7
1138280 3205.8
1138290 3215.7
1138300 3215.7
1138310 3212.4
1138320 3226.1
1138330 3226.1
1138340 3233.2
1138350 3244.7
1138360 3261.3
1138370 3261.3
1138380 3268.7
1138390 3268.5
1138400 3268.5
1138410 3280.5
1138420 3286.2
1138430 3286.2
1138440 3293.7
1138450 3296.8
1138460 3296.8
1138470 3302.0
1138480 3311.7
1138490 3311.7
1138500 3318.2
1138510 3317.9
1138520 3317.9
1138530 3313.6
1138540 3308.6
1138550 3296.5
1138560 3296.5
1138570 3279.5
1138580 3263.4
1138590 3263.4
1138600 3249.8
1138610 3239.1
1138620 3239.1
1138630 3228.2
1138640 3216.9
1138650 3216.9
1138660 3206.3
1138670 3196.1
1138680 3206.8
1138690 3197.6
1138700 3181.8
1138710 3181.8
1138720 3169.5
1138730 3160.1
1138740 3150.6
1138750 3150.6
1138760 3141.8
1138770 3133.0
1138780 3133.0
1138790 3124.9
1138800 3116.7
1138810 3116.7
1138820 3108.4
1138830 3100.3
1138840 3100.3
1138850 3093.5
1138860 3086.7
1138870 3086.7
1138880 3080.2
1138890 3070.6
1138900 3070.6
1138910 3058.6
1138920 3050.7
1138930 3041.0
1138940 3041.0
1138950 3028.0
1138960 3014.5
1138970 3014.5
1138980 3002.3
1138990 2994.9
1139000 2994.9
1139010 2990.2
1139020 2982.6
1139030 2982.6
1139040 2978.8
1139050 2978.2
1139060 2978.2
1139070 2969.8
1139080 2960.5
1139090 2960.5
1139100 2947.0
1139110 2935.7
1139120 2926.3
1139130 2926.3
1139140 2906.7
1139150 2883.8
1139160 2883.8
1139170 2869.1
1139180 2855.7
1139190 2855.7
1139200 2846.0
1139210 2839.5
1139220 2839.5
1139230 2832.9
1139240 2826.6
1139250 2826.6
1139260 2820.6
1139270 2815.4
1139280 2815.4
1139290 2810.1
1139300 2805.0
1139310 2800.7
1139320 2800.7
1139330 2796.0
1139340 2791.4
1139350 2791.4
1139360 2787.5
1139370 2783.6
1139380 2783.6
1139390 2779.4
1139400 2775.2
1139410 2775.5
1139420 2771.9
1139430 2768.7
1139440 2768.7
1139450 2765.4
1139460 2762.0
1139470 2762.0
1139480 2758.9
1139490 2756.0
1139500 2756.0
1139510 2753.8
