1120000 2668.6
1120010 2662.9
1120020 2662.9
1120030 2657.8
1120040 2650.4
1120050 2650.4
1120060 2640.2
1120070 2634.5
1120080 2634.5
1120090 2630.2
1120100 2616.6
1120110 2616.6
1120120 2604.9
1120130 2595.0
1120140 2595.0
1120150 2584.7
1120160 2573.0
1120170 2565.6
1120180 2565.6
1120190 2555.0
1120200 2547.9
1120210 2547.9
1120220 2543.1
1120230 2538.7
1120240 2538.7
1120250 2533.4
1120260 2528.0
1120270 2528.0
1120280 2522.8
1120290 2520.6
1120300 2520.6
1120310 2517.0
1120320 2515.7
1120330 2515.7
1120340 2514.7
1120350 2516.0
1120360 2516.3
1120370 2516.3
1120380 2516.8
1120390 2519.4
1120400 2519.4
1120410 2521.3
1120420 2522.3
1120430 2522.3
1120440 2523.8
1120450 2526.2
1120460 2526.2
1120470 2531.3
1120480 2536.4
1120490 2536.4
1120500 2542.0
1120510 2548.9
1120520 2548.9
1120530 2554.7
1120540 2560.4
1120550 2566.5
1120560 2566.5
1120570 2572.2
1120580 2581.9
1120590 2581.9
1120600 2593.4
1120610 2601.9
1120620 2601.9
1120630 2609.3
1120640 2618.7
1120650 2618.7
1120660 2623.9
1120670 2631.9
1120680 2631.9
1120690 2635.6
1120700 2638.7
1120710 2638.7
1120720 2642.9
1120730 2647.9
1120740 2647.9
1120750 2654.8
1120760 2661.8
1120770 2668.6
1120780 2668.6
1120790 2675.4
1120800 2680.2
1120810 2680.2
1120820 2686.4
1120830 2693.3
1120840 2693.3
1120850 2702.6
1120860 2712.9
1120870 2712.9
1120880 2725.9
1120890 2733.7
1120900 2733.7
1120910 2741.3
1120920 2750.2
1120930 2750.2
1120940 2758.7
1120950 2767.5
1120960 2777.2
1120970 2777.2
1120980 2787.4
1120990 2794.5
1121000 2794.5
1121010 2798.8
1121020 2784.1
1121030 2784.1
1121040 2769.7
1121050 2759.3
1121060 2759.3
1121070 2746.0
1121080 2728.0
1121090 2728.0
1121100 2711.9
1121110 2698.1
1121120 2698.1
1121130 2694.2
1121140 2685.1
1121150 2670.8
1121160 2670.8
1121170 2651.3
1121180 2639.9
1121190 2639.9
1121200 2614.5
1121210 2593.0
1121220 2593.0
1121230 2581.3
1121240 2569.3
1121250 2569.3
1121260 2559.6
1121270 2554.1
1121280 2554.1
1121290 2548.4
1121300 2543.8
1121310 2543.8
1121320 2540.4
1121330 2531.8
1121340 2528.4
1121350 2528.4
1121360 2524.1
1121370 2519.4
1121380 2519.4
1121390 2515.2
1121400 2512.0
1121410 2512.0
1121420 2506.3
1121430 2501.1
1121440 2501.1
1121450 2495.1
1121460 2491.0
1121470 2491.0
1121480 2492.0
1121490 2493.3
1121500 2493.3
1121510 2495.2
1121520 2496.9
1121530 2497.6
1121540 2497.6
1121550 2498.0
1121560 2498.5
1121570 2498.5
1121580 2497.3
1121590 2492.6
1121600 2492.6
1121610 2484.9
1121620 2476.5
1121630 2476.5
1121640 2470.2
1121650 2464.1
1121660 2464.1
1121670 2458.1
1121680 2447.8
1121690 2447.8
1121700 2442.0
1121710 2436.8
1121720 2436.8
1121730 2432.3
1121740 2428.4
1121750 2423.6
1121760 2423.6
1121770 2419.3
1121780 2412.4
1121790 2412.4
1121800 2405.9
1121810 2400.8
1121820 2400.8
1121830 2398.8
1121840 2393.9
1121850 2393.9
1121860 2390.8
1121870 2388.7
1121880 2388.7
1121890 2386.4
1121900 2384.0
1121910 2384.0
1121920 2383.7
1121930 2383.7
1121940 2382.2
1121950 2382.2
1121960 2378.2
1121970 2372.2
1121980 2372.2
1121990 2364.6
1122000 2353.1
1122010 2353.1
1122020 2348.5
1122030 2339.0
1122040 2339.0
1122050 2333.2
1122060 2322.3
1122070 2322.3
1122080 2313.0
1122090 2305.8
1122100 2305.8
1122110 2297.5
1122120 2289.3
1122130 2280.9
1122140 2280.9
1122150 2273.3
1122160 2264.8
1122170 2264.8
1122180 2255.2
1122190 2249.4
1122200 2249.4
1122210 2243.3
1122220 2237.4
1122230 2237.4
1122240 2233.7
1122250 2231.2
1122260 2231.2
1122270 2228.4
1122280 2224.2
1122290 2224.2
1122300 2215.3
1122310 2208.1
1122320 2203.4
1122330 2203.4
1122340 2198.9
1122350 2194.1
1122360 2194.1
1122370 2188.1
1122380 2178.3
1122390 2178.3
1122400 2174.1
1122410 2169.7
1122420 2169.7
1122430 2165.4
1122440 2160.9
1122450 2160.9
1122460 2152.0
1122470 2141.0
1122480 2141.0
1122490 2133.8
1122500 2128.1
1122510 2122.2
1122520 2122.2
1122530 2116.2
1122540 2110.7
1122550 2110.7
1122560 2104.9
1122570 2098.3
1122580 2098.3
1122590 2091.4
1122600 2085.4
1122610 2085.4
1122620 2079.7
1122630 2075.2
1122640 2075.2
1122650 2070.3
1122660 2065.6
1122670 2065.6
1122680 2061.7
1122690 2057.7
1122700 2057.7
1122710 2054.6
1122720 2051.7
1122730 2050.1
1122740 2050.1
1122750 2048.9
1122760 2047.5
1122770 2047.5
1122780 2044.4
1122790 2041.5
1122800 2041.5
1122810 2038.9
1122820 2036.1
1122830 2036.1
1122840 2034.4
1122850 2031.5
1122860 2031.5
1122870 2026.5
1122880 2021.5
1122890 2021.5
1122900 2017.2
1122910 2016.0
1122920 2015.9
1122930 2015.9
1122940 2015.8
1122950 2015.6
1122960 2015.6
1122970 2015.1
1122980 2015.2
1122990 2015.2
1123000 2015.7
1123010 2015.9
1123020 2015.9
1123030 2015.9
1123040 2015.7
1123050 2015.7
1123060 2015.5
1123070 2015.7
1123080 2015.9
1123090 2015.9
1123100 2016.1
1123110 2016.1
1123120 2016.1
1123130 2016.1
1123140 2016.1
1123150 2016.1
1123160 2014.8
1123170 2013.5
1123180 2013.5
1123190 2011.8
1123200 2011.7
1123210 2011.7
1123220 2011.8
1123230 2011.9
1123240 2011.9
1123250 2011.9
1123260 2011.9
1123270 2011.9
1123280 2011.7
1123290 2011.7
1123300 2011.6
1123310 2011.6
1123320 2011.7
1123330 2011.8
1123340 2011.8
1123350 2011.9
1123360 2011.8
1123370 2011.8
1123380 2011.7
1123390 2011.6
1123400 2011.6
1123410 2011.3
1123420 2011.2
1123430 2011.5
1123440 2011.5
1123450 2011.9
1123460 2011.9
1123470 2014.7
1123480 2015.4
1123490 2016.3
1123500 2016.3
1123510 2018.8
1123520 2021.3
1123530 2021.3
1123540 2023.1
1123550 2024.5
1123560 2024.5
1123570 2025.1
1123580 2026.1
1123590 2026.1
1123600 2028.2
1123610 2030.6
1123620 2030.6
1123630 2034.1
1123640 2038.5
1123650 2038.5
1123660 2040.2
1123670 2041.7
1123680 2041.7
1123690 2044.9
1123700 2048.9
1123710 2054.4
1123720 2054.4
1123730 2059.7
1123740 2064.8
1123750 2064.8
1123760 2069.9
1123770 2074.7
1123780 2077.1
1123790 2078.8
1123800 2078.6
1123810 2078.6
1123820 2080.1
1123830 2084.2
1123840 2084.2
1123850 2089.1
1123860 2093.0
1123870 2093.0
1123880 2098.9
1123890 2104.4
1123900 2106.8
1123910 2106.8
1123920 2108.3
1123930 2109.5
1123940 2109.5
1123950 2111.6
1123960 2114.7
1123970 2114.7
1123980 2117.6
1123990 2119.3
1124000 2119.3
1124010 2121.5
1124020 2122.6
1124030 2122.6
1124040 2123.4
1124050 2128.2
1124060 2128.2
1124070 2134.8
1124080 2139.4
1124090 2144.1
1124100 2144.1
1124110 2149.4
1124120 2151.7
1124130 2157.0
1124140 2160.0
1124150 2163.1
1124160 2163.1
1124170 2166.8
1124180 2170.5
1124190 2170.5
1124200 2172.5
1124210 2174.4
1124220 2174.4
1124230 2177.3
1124240 2180.6
1124250 2180.6
1124260 2185.2
1124270 2190.1
1124280 2194.7
1124290 2194.7
1124300 2199.7
1124310 2205.3
1124320 2205.3
1124330 2211.2
1124340 2217.2
1124350 2217.2
1124360 2223.1
1124370 2228.7
1124380 2228.7
1124390 2233.9
1124400 2239.5
1124410 2239.5
1124420 2245.1
1124430 2253.3
1124440 2253.3
1124450 2260.0
1124460 2266.7
1124470 2271.5
1124480 2275.8
1124490 2284.8
1124500 2292.5
1124510 2292.5
1124520 2296.7
1124530 2301.9
1124540 2301.9
1124550 2305.9
1124560 2310.5
1124570 2310.5
1124580 2314.0
1124590 2317.5
1124600 2317.5
1124610 2322.0
1124620 2326.6
1124630 2326.6
1124640 2331.1
1124650 2335.3
1124660 2335.3
1124670 2339.6
1124680 2344.1
1124690 2349.1
1124700 2349.1
1124710 2353.4
1124720 2357.8
1124730 2357.8
1124740 2363.3
1124750 2369.0
1124760 2369.0
1124770 2375.4
1124780 2383.7
1124790 2383.7
1124800 2393.0
1124810 2401.4
1124820 2401.4
1124830 2408.3
1124840 2415.6
1124850 2415.6
1124860 2422.2
1124870 2427.4
1124880 2429.6
1124890 2429.6
1124900 2431.1
1124910 2433.3
1124920 2433.3
1124930 2437.8
1124940 2446.3
1124950 2446.3
1124960 2454.4
1124970 2460.6
1124980 2460.6
1124990 2468.8
1125000 2476.9
1125010 2476.9
1125020 2482.8
1125030 2487.4
1125040 2487.4
1125050 2490.6
1125060 2494.8
1125070 2499.1
1125080 2499.1
1125090 2504.0
1125100 2509.0
1125110 2509.0
1125120 2516.6
1125130 2523.2
1125140 2523.2
1125150 2529.5
1125160 2534.9
1125170 2534.9
1125180 2542.5
1125190 2545.4
1125200 2545.4
1125210 2548.0
1125220 2552.0
1125230 2552.0
1125240 2557.3
1125250 2564.0
1125260 2571.4
1125270 2571.4
1125280 2578.7
1125290 2585.7
1125300 2585.7
1125310 2593.4
1125320 2601.0
1125330 2601.0
1125340 2608.7
1125350 2615.3
1125360 2615.3
1125370 2621.2
1125380 2626.3
1125390 2626.3
1125400 2633.1
1125410 2621.0
1125420 2621.0
1125430 2603.0
1125440 2592.9
1125450 2582.8
1125460 2582.8
1125470 2573.9
1125480 2564.3
1125490 2564.3
1125500 2554.7
1125510 2547.3
1125520 2547.3
1125530 2540.9
1125540 2529.6
1125550 2529.6
1125560 2520.4
1125570 2509.1
1125580 2509.1
1125590 2498.2
1125600 2490.4
1125610 2490.4
1125620 2482.8
1125630 2476.1
1125640 2476.1
1125650 2469.7
1125660 2463.6
1125670 2457.9
1125680 2457.9
1125690 2452.6
1125700 2447.4
1125710 2447.4
1125720 2442.8
1125730 2442.5
1125740 2442.5
1125750 2443.8
1125760 2445.6
1125770 2445.6
1125780 2447.9
1125790 2449.0
1125800 2449.0
1125810 2447.7
1125820 2444.1
1125830 2444.1
1125840 2439.4
1125850 2434.2
1125860 2430.3
1125870 2430.3
1125880 2427.1
1125890 2426.2
1125900 2426.2
1125910 2421.1
1125920 2416.0
1125930 2416.0
1125940 2403.3
1125950 2395.5
1125960 2395.5
1125970 2390.1
1125980 2384.8
1125990 2384.8
1126000 2379.7
1126010 2374.9
1126020 2374.9
1126030 2369.6
1126040 2365.5
1126050 2361.6
1126060 2361.6
1126070 2358.8
1126080 2357.6
1126090 2357.6
1126100 2357.3
1126110 2359.6
1126120 2359.6
1126130 2363.8
1126140 2368.3
1126150 2368.3
1126160 2372.2
1126170 2373.7
1126180 2373.7
1126190 2371.5
1126200 2366.2
1126210 2366.2
1126220 2361.4
1126230 2357.4
1126240 2357.8
1126250 2357.8
1126260 2352.7
1126270 2345.8
1126280 2345.8
1126290 2340.7
1126300 2335.2
1126310 2335.2
1126320 2329.6
1126330 2324.6
1126340 2324.6
1126350 2316.8
1126360 2308.2
1126370 2308.2
1126380 2299.0
1126390 2288.5
1126400 2288.5
1126410 2281.0
1126420 2274.3
1126430 2268.0
1126440 2268.0
1126450 2262.5
1126460 2256.7
1126470 2256.7
1126480 2251.4
1126490 2246.7
1126500 2246.7
1126510 2241.9
1126520 2237.2
1126530 2237.2
1126540 2232.7
1126550 2229.3
1126560 2229.3
1126570 2226.8
1126580 2224.9
1126590 2226.1
1126600 2224.9
1126610 2223.7
1126620 2223.7
1126630 2222.7
1126640 2221.7
1126650 2221.2
1126660 2221.2
1126670 2220.8
1126680 2219.6
1126690 2219.6
1126700 2219.0
1126710 2219.6
1126720 2219.6
1126730 2224.1
1126740 2227.2
1126750 2227.2
1126760 2230.5
1126770 2234.5
1126780 2234.5
1126790 2238.5
1126800 2244.7
1126810 2244.7
1126820 2252.0
1126830 2260.1
1126840 2269.1
1126850 2269.1
1126860 2278.9
1126870 2287.4
1126880 2287.4
1126890 2294.7
1126900 2302.1
1126910 2302.1
1126920 2307.9
1126930 2312.0
1126940 2312.0
1126950 2314.8
1126960 2316.2
1126970 2316.2
1126980 2318.7
1126990 2320.1
1127000 2320.1
1127010 2320.8
1127020 2323.3
1127030 2327.4
1127040 2327.4
1127050 2336.5
1127060 2345.7
1127070 2345.7
1127080 2351.5
1127090 2358.6
1127100 2358.6
1127110 2364.4
1127120 2370.3
1127130 2370.3
1127140 2375.3
1127150 2381.0
1127160 2381.0
1127170 2384.7
1127180 2387.5
1127190 2387.5
1127200 2390.9
1127210 2393.9
1127220 2394.2
1127230 2394.2
1127240 2392.4
1127250 2390.2
1127260 2390.2
1127270 2389.6
1127280 2389.4
1127290 2389.4
1127300 2391.4
1127310 2392.4
1127320 2392.4
1127330 2395.3
1127340 2397.3
1127350 2397.3
1127360 2398.5
1127370 2399.6
1127380 2399.6
1127390 2400.9
1127400 2402.4
1127410 2404.3
1127420 2404.3
1127430 2406.2
1127440 2408.0
1127450 2408.0
1127460 2409.1
1127470 2411.4
1127480 2411.4
1127490 2415.0
1127500 2417.8
1127510 2417.8
1127520 2420.6
1127530 2424.1
1127540 2424.1
1127550 2427.9
1127560 2432.4
1127570 2432.4
1127580 2436.0
1127590 2437.2
1127600 2437.7
1127610 2437.7
1127620 2439.8
1127630 2442.6
1127640 2442.6
1127650 2446.6
1127660 2448.8
1127670 2448.8
1127680 2451.1
1127690 2456.0
1127700 2456.0
1127710 2460.5
1127720 2461.8
1127730 2461.8
1127740 2460.1
1127750 2458.4
1127760 2458.4
1127770 2457.3
1127780 2455.6
1127790 2455.6
1127800 2455.8
1127810 2457.8
1127820 2458.6
1127830 2458.6
1127840 2458.4
1127850 2458.0
1127860 2458.0
1127870 2458.3
1127880 2460.4
1127890 2460.4
1127900 2461.8
1127910 2461.7
1127920 2461.7
1127930 2459.6
1127940 2456.3
1127950 2456.3
1127960 2454.4
1127970 2453.5
1127980 2453.5
1127990 2453.5
1128000 2453.7
1128010 2454.1
1128020 2454.1
1128030 2454.4
1128040 2455.2
1128050 2455.2
1128060 2458.2
1128070 2463.9
1128080 2463.9
1128090 2466.9
1128100 2469.3
1128110 2469.3
1128120 2474.0
1128130 2480.4
1128140 2480.4
1128150 2487.0
1128160 2494.6
1128170 2494.6
1128180 2502.4
1128190 2505.7
1128200 2508.5
1128210 2508.5
1128220 2511.9
1128230 2515.9
1128240 2515.9
1128250 2520.9
1128260 2526.7
1128270 2526.7
1128280 2533.3
1128290 2540.1
1128300 2540.1
1128310 2546.4
1128320 2550.2
1128330 2550.2
1128340 2548.7
1128350 2544.5
1128360 2544.3
1128370 2543.5
1128380 2544.7
1128390 2547.0
1128400 2547.0
1128410 2550.0
1128420 2553.9
1128430 2553.9
1128440 2557.2
1128450 2558.3
1128460 2558.3
1128470 2557.8
1128480 2556.3
1128490 2556.3
1128500 2556.3
1128510 2557.5
1128520 2557.5
1128530 2559.1
1128540 2557.9
1128550 2557.9
1128560 2558.0
1128570 2558.6
1128580 2558.6
1128590 2558.6
1128600 2560.3
1128610 2562.1
1128620 2562.1
1128630 2563.5
1128640 2565.3
1128650 2565.3
1128660 2567.2
1128670 2568.2
1128680 2568.2
1128690 2568.1
1128700 2567.5
1128710 2567.5
1128720 2569.5
1128730 2569.3
1128740 2569.3
1128750 2569.3
1128760 2570.4
1128770 2570.4
1128780 2573.4
1128790 2577.5
1128800 2581.4
1128810 2581.4
1128820 2585.2
1128830 2588.9
1128840 2588.9
1128850 2592.4
1128860 2595.8
1128870 2595.8
1128880 2599.1
1128890 2602.7
1128900 2602.7
1128910 2606.7
1128920 2611.1
1128930 2611.1
1128940 2615.8
1128950 2620.8
1128960 2620.8
1128970 2625.0
1128980 2629.3
1128990 2634.3
1129000 2634.3
1129010 2643.5
1129020 2654.7
1129030 2654.7
1129040 2667.3
1129050 2684.8
1129060 2684.8
1129070 2692.2
1129080 2704.0
1129090 2704.0
1129100 2702.5
1129110 2706.7
1129120 2706.7
1129130 2703.7
1129140 2700.6
1129150 2700.6
1129160 2696.6
1129170 2692.8
1129180 2692.5
1129190 2692.5
1129200 2692.8
1129210 2693.3
1129220 2693.3
1129230 2690.5
1129240 2683.3
1129250 2683.3
1129260 2681.2
1129270 2680.4
1129280 2680.4
1129290 2678.5
1129300 2678.8
1129310 2678.8
1129320 2680.3
1129330 2683.0
1129340 2683.0
1129350 2684.3
1129360 2686.1
1129370 2685.7
1129380 2685.7
1129390 2685.6
1129400 2684.6
1129410 2684.6
1129420 2686.2
1129430 2691.4
1129440 2691.4
1129450 2692.8
1129460 2693.2
1129470 2693.2
1129480 2693.7
1129490 2695.6
1129500 2695.6
1129510 2700.3
1129520 2702.0
1129530 2702.0
1129540 2703.4
1129550 2704.2
1129560 2704.3
1129570 2704.3
1129580 2705.7
1129590 2705.6
1129600 2705.6
1129610 2707.5
1129620 2710.8
1129630 2710.8
1129640 2714.1
1129650 2717.3
1129660 2717.3
1129670 2720.2
1129680 2723.1
1129690 2723.1
1129700 2725.9
1129710 2728.6
1129720 2728.6
1129730 2731.0
1129740 2733.3
1129750 2735.4
1129760 2735.4
1129770 2737.1
1129780 2738.7
1129790 2740.4
1129800 2741.7
1129810 2742.8
1129820 2742.8
1129830 2743.9
1129840 2745.0
1129850 2745.0
1129860 2746.0
1129870 2746.9
1129880 2746.9
1129890 2747.7
1129900 2748.5
1129910 2748.5
1129920 2749.2
1129930 2749.8
1129940 2749.8
1129950 2750.4
1129960 2751.2
1129970 2752.1
1129980 2752.1
1129990 2753.3
1130000 2754.6
1130010 2754.6
1130020 2756.0
1130030 2757.5
1130040 2757.5
1130050 2759.2
1130060 2761.1
1130070 2761.1
1130080 2763.5
1130090 2766.1
1130100 2766.1
1130110 2769.1
1130120 2772.2
1130130 2772.2
1130140 2777.6
1130150 2781.2
1130160 2787.6
1130170 2787.6
1130180 2797.0
1130190 2812.4
1130200 2812.4
1130210 2831.7
1130220 2840.4
1130230 2840.4
1130240 2847.6
1130250 2856.0
1130260 2856.0
1130270 2866.4
1130280 2872.5
1130290 2872.5
1130300 2872.4
1130310 2865.6
1130320 2865.6
1130330 2858.2
1130340 2855.5
1130350 2853.9
1130360 2853.9
1130370 2850.9
1130380 2847.0
1130390 2847.0
1130400 2843.1
1130410 2840.5
1130420 2840.5
1130430 2837.9
1130440 2835.9
1130450 2835.9
1130460 2834.1
1130470 2832.4
1130480 2832.4
1130490 2831.4
1130500 2837.5
1130510 2837.5
1130520 2838.5
1130530 2839.5
1130540 2838.9
1130550 2838.9
1130560 2838.1
1130570 2838.9
1130580 2838.9
1130590 2842.5
1130600 2843.7
1130610 2843.7
1130620 2843.0
1130630 2840.3
1130640 2840.3
1130650 2834.8
1130660 2835.5
1130670 2835.5
1130680 2842.3
1130690 2844.1
1130700 2844.1
1130710 2845.2
1130720 2846.2
1130730 2846.7
1130740 2846.7
1130750 2843.8
1130760 2838.0
1130770 2838.0
1130780 2834.0
1130790 2833.6
1130800 2833.6
1130810 2834.2
1130820 2836.3
1130830 2836.3
1130840 2838.4
1130850 2839.0
1130860 2837.7
1130870 2834.3
1130880 2834.3
1130890 2834.3
1130900 2825.5
1130910 2821.6
1130920 2821.6
1130930 2818.5
1130940 2808.5
1130950 2795.0
1130960 2795.0
1130970 2784.2
1130980 2792.5
1130990 2792.5
1131000 2790.8
1131010 2784.2
1131020 2784.2
1131030 2772.7
1131040 2757.4
1131050 2757.4
1131060 2736.9
1131070 2720.6
1131080 2720.6
1131090 2708.6
1131100 2698.2
1131110 2698.2
1131120 2686.7
1131130 2670.7
1131140 2659.9
1131150 2659.9
1131160 2648.0
1131170 2636.6
1131180 2636.6
1131190 2627.6
1131200 2616.8
1131210 2617.8
1131220 2609.6
1131230 2599.7
1131240 2599.7
1131250 2589.0
1131260 2580.9
1131270 2580.9
1131280 2566.9
1131290 2550.3
1131300 2550.3
1131310 2537.6
1131320 2524.2
1131330 2513.8
1131340 2513.8
1131350 2503.4
1131360 2496.6
1131370 2496.6
1131380 2490.1
1131390 2483.3
1131400 2483.3
1131410 2475.9
1131420 2469.4
1131430 2469.4
1131440 2464.7
1131450 2457.4
1131460 2457.4
1131470 2448.2
1131480 2432.5
1131490 2432.5
1131500 2419.1
1131510 2406.5
1131520 2396.3
1131530 2396.3
1131540 2385.7
1131550 2373.1
1131560 2373.1
1131570 2367.4
1131580 2358.4
1131590 2358.4
1131600 2348.0
1131610 2340.7
1131620 2340.7
1131630 2338.0
1131640 2335.5
1131650 2335.5
1131660 2330.6
1131670 2328.1
1131680 2328.1
1131690 2323.2
1131700 2314.7
1131710 2305.0
1131720 2305.0
1131730 2297.2
1131740 2294.3
1131750 2294.3
1131760 2292.1
1131770 2286.2
1131780 2286.2
1131790 2275.9
1131800 2267.0
1131810 2267.0
1131820 2258.1
1131830 2247.9
1131840 2247.9
1131850 2238.6
1131860 2231.5
1131870 2231.5
1131880 2228.3
1131890 2227.2
1131900 2222.0
1131910 2222.0
1131920 2206.4
1131930 2196.4
1131940 2196.4
1131950 2185.9
1131960 2166.8
1131970 2166.8
1131980 2150.0
1131990 2142.5
1132000 2142.5
1132010 2135.6
1132020 2128.9
1132030 2128.9
1132040 2122.1
1132050 2114.6
1132060 2114.6
1132070 2107.2
1132080 2100.2
1132090 2100.2
1132100 2095.3
1132110 2090.7
1132120 2086.3
1132130 2086.3
1132140 2081.7
1132150 2077.0
1132160 2077.0
1132170 2072.2
1132180 2067.2
1132190 2067.2
1132200 2062.4
1132210 2057.7
1132220 2057.7
1132230 2053.2
1132240 2049.1
1132250 2049.1
1132260 2045.2
1132270 2041.6
1132280 2041.6
1132290 2035.7
1132300 2032.3
1132310 2029.2
1132320 2029.2
1132330 2025.8
1132340 2022.1
1132350 2022.1
1132360 2019.4
1132370 2017.0
1132380 2017.0
1132390 2013.3
1132400 2010.3
1132410 2010.3
1132420 2007.6
1132430 2004.9
1132440 2004.9
1132450 2001.4
1132460 1998.2
1132470 1998.2
1132480 1994.3
1132490 1990.5
1132500 1987.2
1132510 1987.2
1132520 1984.7
1132530 1981.8
1132540 1981.8
1132550 1977.9
1132560 1975.2
1132570 1975.2
1132580 1974.2
1132590 1974.5
1132600 1974.5
1132610 1977.6
1132620 1986.4
1132630 1986.4
1132640 1993.1
1132650 1998.7
1132660 1998.7
1132670 2004.1
1132680 2009.8
1132690 2015.0
1132700 2015.0
1132710 2020.2
1132720 2026.6
1132730 2026.6
1132740 2033.0
1132750 2041.3
1132760 2041.3
1132770 2050.2
1132780 2061.4
1132790 2061.4
1132800 2071.3
1132810 2077.8
1132820 2077.8
1132830 2082.7
1132840 2086.9
1132850 2086.9
1132860 2092.3
1132870 2107.7
1132880 2119.2
1132890 2119.2
1132900 2127.7
1132910 2137.2
1132920 2137.2
1132930 2150.7
1132940 2163.7
1132950 2163.7
1132960 2172.8
1132970 2178.5
1132980 2178.5
1132990 2184.2
1133000 2193.3
1133010 2198.1
1133020 2212.6
1133030 2228.7
1133040 2228.7
1133050 2242.3
1133060 2250.2
1133070 2258.5
1133080 2258.5
1133090 2265.9
1133100 2272.0
1133110 2272.0
1133120 2278.7
1133130 2286.0
1133140 2286.0
1133150 2293.8
1133160 2301.2
1133170 2301.2
1133180 2308.3
1133190 2313.9
1133200 2313.9
1133210 2317.7
1133220 2321.9
1133230 2321.9
1133240 2327.8
1133250 2334.4
1133260 2334.4
1133270 2341.5
1133280 2349.0
1133290 2356.7
1133300 2356.7
1133310 2364.3
1133320 2370.7
1133330 2370.7
1133340 2374.9
1133350 2375.9
1133360 2375.9
1133370 2377.1
1133380 2378.8
1133390 2378.8
1133400 2380.5
1133410 2383.0
1133420 2383.0
1133430 2385.7
1133440 2388.2
1133450 2388.2
1133460 2391.2
1133470 2395.7
1133480 2400.3
1133490 2400.3
1133500 2404.6
1133510 2408.9
1133520 2408.9
1133530 2413.5
1133540 2418.8
1133550 2418.8
1133560 2424.6
1133570 2430.4
1133580 2430.4
1133590 2436.9
1133600 2443.8
1133610 2443.8
1133620 2449.7
1133630 2455.7
1133640 2455.7
1133650 2462.3
1133660 2470.1
1133670 2477.8
1133680 2477.8
1133690 2485.1
1133700 2493.1
1133710 2493.1
1133720 2501.1
1133730 2507.8
1133740 2507.8
1133750 2514.7
1133760 2521.7
1133770 2521.7
1133780 2528.6
1133790 2535.4
1133800 2535.4
1133810 2542.6
1133820 2550.0
1133830 2550.0
1133840 2557.2
1133850 2564.0
1133860 2570.8
1133870 2570.8
1133880 2577.9
1133890 2586.6
1133900 2586.6
1133910 2594.9
1133920 2601.3
1133930 2601.3
1133940 2609.3
1133950 2616.0
1133960 2616.0
1133970 2623.8
1133980 2632.2
1133990 2632.2
1134000 2639.3
1134010 2642.2
1134020 2642.2
1134030 2643.2
1134040 2643.8
1134050 2642.4
1134060 2642.4
1134070 2639.8
1134080 2638.7
1134090 2641.2
1134100 2641.0
1134110 2641.1
1134120 2641.1
1134130 2643.4
1134140 2647.7
1134150 2647.7
1134160 2650.2
1134170 2650.3
1134180 2650.3
1134190 2647.0
1134200 2641.3
1134210 2641.3
1134220 2635.6
1134230 2630.9
1134240 2630.9
1134250 2627.8
1134260 2625.3
1134270 2621.7
1134280 2621.7
1134290 2618.5
1134300 2614.4
1134310 2614.4
1134320 2610.9
1134330 2609.4
1134340 2609.4
1134350 2610.6
1134360 2613.6
1134370 2613.6
1134380 2615.5
1134390 2614.1
1134400 2614.1
1134410 2612.6
1134420 2611.6
1134430 2611.6
1134440 2611.5
1134450 2615.4
1134460 2615.7
1134470 2615.7
1134480 2614.6
1134490 2612.1
1134500 2612.1
1134510 2611.5
1134520 2612.3
1134530 2612.3
1134540 2614.2
1134550 2616.8
1134560 2616.8
1134570 2619.9
1134580 2623.0
1134590 2623.0
1134600 2624.7
1134610 2626.3
1134620 2626.3
1134630 2627.9
1134640 2633.5
1134650 2640.6
1134660 2640.6
1134670 2645.8
1134680 2649.9
1134690 2649.9
1134700 2653.9
1134710 2657.6
1134720 2657.6
1134730 2660.9
1134740 2664.7
1134750 2664.7
1134760 2666.6
1134770 2667.1
1134780 2667.1
1134790 2671.4
1134800 2686.1
1134810 2682.3
1134820 2694.0
1134830 2707.3
1134840 2718.2
1134850 2718.2
1134860 2727.3
1134870 2732.2
1134880 2732.2
1134890 2738.6
1134900 2745.5
1134910 2745.5
1134920 2753.4
1134930 2760.8
1134940 2760.8
1134950 2764.5
1134960 2767.5
1134970 2767.5
1134980 2772.8
1134990 2779.5
1135000 2779.5
1135010 2787.0
1135020 2794.7
1135030 2801.7
1135040 2801.7
1135050 2807.7
1135060 2815.2
1135070 2815.2
1135080 2821.4
1135090 2829.1
1135100 2829.1
1135110 2832.8
1135120 2832.5
1135130 2832.5
1135140 2836.9
1135150 2846.7
1135160 2846.7
1135170 2838.4
1135180 2841.7
1135190 2841.7
1135200 2846.1
1135210 2849.9
1135220 2856.4
1135230 2856.4
1135240 2863.9
1135250 2873.8
1135260 2873.8
1135270 2884.0
1135280 2894.5
1135290 2894.5
1135300 2900.6
1135310 2905.5
1135320 2905.5
1135330 2903.2
1135340 2898.8
1135350 2898.8
1135360 2893.8
1135370 2884.8
1135380 2884.8
1135390 2879.0
1135400 2874.9
1135410 2874.9
1135420 2862.1
1135430 2845.4
1135440 2837.2
1135450 2837.2
1135460 2834.5
1135470 2831.2
1135480 2831.2
1135490 2828.5
1135500 2826.6
1135510 2826.6
1135520 2825.5
1135530 2830.5
1135540 2830.5
1135550 2829.8
1135560 2829.2
1135570 2829.2
1135580 2828.7
1135590 2828.2
1135600 2828.2
1135610 2827.5
1135620 2826.8
1135630 2826.0
1135640 2826.0
1135650 2825.1
1135660 2824.2
1135670 2824.2
1135680 2823.2
1135690 2822.2
1135700 2822.2
1135710 2821.4
1135720 2820.9
1135730 2820.9
1135740 2820.8
1135750 2820.9
1135760 2820.9
1135770 2821.2
1135780 2821.5
1135790 2821.5
1135800 2822.0
1135810 2822.5
1135820 2823.0
1135830 2823.0
1135840 2823.6
1135850 2824.3
1135860 2824.3
1135870 2825.1
1135880 2826.0
1135890 2827.7
1135900 2828.6
1135910 2829.4
1135920 2829.4
1135930 2830.6
1135940 2832.0
1135950 2832.0
1135960 2833.5
1135970 2834.8
1135980 2834.8
1135990 2836.3
1136000 2837.7
1136010 2839.2
1136020 2839.2
1136030 2840.6
1136040 2842.1
1136050 2842.1
1136060 2843.9
1136070 2846.1
1136080 2846.1
1136090 2849.1
1136100 2852.8
1136110 2852.8
1136120 2857.4
1136130 2862.8
1136140 2862.8
1136150 2870.1
1136160 2877.7
1136170 2877.7
1136180 2884.4
1136190 2892.4
1136200 2900.7
1136210 2900.7
1136220 2909.2
1136230 2917.5
1136240 2917.5
1136250 2925.9
1136260 2932.7
1136270 2932.7
1136280 2939.9
1136290 2947.0
1136300 2947.0
1136310 2954.2
1136320 2962.7
1136330 2962.7
1136340 2971.0
1136350 2987.9
1136360 2987.9
1136370 3020.3
1136380 3049.8
1136390 3063.7
1136400 3063.7
1136410 3067.7
1136420 3092.9
1136430 3092.9
1136440 3111.5
1136450 3118.4
1136460 3118.4
1136470 3117.9
1136480 3109.2
1136490 3109.2
1136500 3100.0
1136510 3089.9
1136520 3089.9
1136530 3079.8
1136540 3068.2
1136550 3068.2
1136560 3060.4
1136570 3055.5
1136580 3055.5
1136590 3052.8
1136600 3050.6
1136610 3048.9
1136620 3050.6
1136630 3049.0
1136640 3047.4
1136650 3047.4
1136660 3046.0
1136670 3044.6
1136680 3044.6
1136690 3043.3
1136700 3042.1
1136710 3042.1
1136720 3041.1
1136730 3040.2
1136740 3040.2
1136750 3039.5
1136760 3039.1
1136770 3039.1
1136780 3039.1
1136790 3039.4
1136800 3039.7
1136810 3039.7
1136820 3040.1
1136830 3040.4
1136840 3040.4
1136850 3040.5
1136860 3040.4
1136870 3040.4
1136880 3040.3
1136890 3040.0
1136900 3040.0
1136910 3041.4
1136920 3050.5
1136930 3050.5
1136940 3056.2
1136950 3056.0
1136960 3056.0
1136970 3056.0
1136980 3066.1
1136990 3060.1
1137000 3060.1
1137010 3061.7
1137020 3057.8
1137030 3057.8
1137040 3049.0
1137050 3045.6
1137060 3045.6
1137070 3036.5
1137080 3018.5
1137090 3018.5
1137100 3006.8
1137110 2998.4
1137120 2998.4
1137130 2991.1
1137140 2985.6
1137150 2985.6
1137160 2976.2
1137170 2968.5
1137180 2962.1
1137190 2962.1
1137200 2954.8
1137210 2945.4
1137220 2945.4
1137230 2938.0
1137240 2933.2
1137250 2933.2
1137260 2928.9
1137270 2924.1
1137280 2924.1
1137290 2919.2
1137300 2916.0
1137310 2916.0
1137320 2913.3
1137330 2910.5
1137340 2910.5
1137350 2914.7
1137360 2911.2
1137370 2907.6
1137380 2907.6
1137390 2903.7
1137400 2901.2
1137410 2901.2
1137420 2900.0
1137430 2898.2
1137440 2898.2
1137450 2893.9
1137460 2886.4
1137470 2886.4
1137480 2880.9
1137490 2874.2
1137500 2874.2
1137510 2870.2
1137520 2867.6
1137530 2867.6
1137540 2865.3
1137550 2862.2
1137560 2862.2
1137570 2859.1
1137580 2854.1
1137590 2846.9
1137600 2846.9
1137610 2839.4
1137620 2829.6
1137630 2829.6
1137640 2817.9
1137650 2814.7
1137660 2814.7
1137670 2812.9
1137680 2810.3
1137690 2810.3
1137700 2805.8
1137710 2808.4
1137720 2808.4
1137730 2803.7
1137740 2797.5
1137750 2797.5
1137760 2793.7
1137770 2791.0
1137780 2788.2
1137790 2788.2
1137800 2787.1
1137810 2785.8
1137820 2785.8
1137830 2785.2
1137840 2786.4
1137850 2786.4
1137860 2788.1
1137870 2790.1
1137880 2790.1
1137890 2791.2
1137900 2791.5
1137910 2791.5
1137920 2792.0
1137930 2792.2
1137940 2792.2
1137950 2792.0
1137960 2791.5
1137970 2790.3
1137980 2790.3
1137990 2789.2
1138000 2788.4
1138010 2788.4
1138020 2788.1
1138030 2788.1
1138040 2788.1
1138050 2789.1
1138060 2791.0
1138070 2791.0
1138080 2798.7
1138090 2800.1
1138100 2800.1
1138110 2802.2
1138120 2804.4
1138130 2804.4
1138140 2807.0
1138150 2809.0
1138160 2810.6
1138170 2810.6
1138180 2812.0
1138190 2813.8
1138200 2813.8
1138210 2815.2
1138220 2815.3
1138230 2815.3
1138240 2815.6
1138250 2815.5
1138260 2815.5
1138270 2813.4
1138280 2814.9
1138290 2814.9
1138300 2816.5
1138310 2817.8
1138320 2817.8
1138330 2818.5
1138340 2818.8
1138350 2819.8
1138360 2819.8
1138370 2820.4
1138380 2821.4
1138390 2821.4
1138400 2823.2
1138410 2824.3
1138420 2824.3
1138430 2825.1
1138440 2832.3
1138450 2832.3
1138460 2833.3
1138470 2835.1
1138480 2835.1
1138490 2836.5
1138500 2837.1
1138510 2837.1
1138520 2838.2
1138530 2840.4
1138540 2842.7
1138550 2842.7
1138560 2845.2
1138570 2847.7
1138580 2847.7
1138590 2848.7
1138600 2848.8
1138610 2848.8
1138620 2849.0
1138630 2848.3
1138640 2848.3
1138650 2847.3
1138660 2846.9
1138670 2846.9
1138680 2846.5
1138690 2846.3
1138700 2846.3
1138710 2846.1
1138720 2846.0
1138730 2846.0
1138740 2845.9
1138750 2846.0
1138760 2846.1
1138770 2846.1
1138780 2846.3
1138790 2846.3
1138800 2846.3
1138810 2850.5
1138820 2850.8
1138830 2850.8
1138840 2851.1
1138850 2851.4
1138860 2851.4
1138870 2851.4
1138880 2851.5
1138890 2851.5
1138900 2852.4
1138910 2853.2
1138920 2853.2
1138930 2853.8
1138940 2854.8
1138950 2855.9
1138960 2855.9
1138970 2858.7
1138980 2861.7
1138990 2861.7
1139000 2868.9
1139010 2875.4
1139020 2875.4
1139030 2877.3
1139040 2875.0
1139050 2875.0
1139060 2870.7
1139070 2865.3
1139080 2865.3
1139090 2860.1
1139100 2855.1
1139110 2855.1
1139120 2850.3
1139130 2844.7
1139140 2837.8
1139150 2837.8
1139160 2830.8
1139170 2825.2
1139180 2825.2
1139190 2820.4
1139200 2814.5
1139210 2814.5
1139220 2808.4
1139230 2802.3
1139240 2802.3
1139250 2795.3
1139260 2789.2
1139270 2789.2
1139280 2784.0
1139290 2780.9
1139300 2780.9
1139310 2779.3
1139320 2777.5
1139330 2775.9
1139340 2775.9
1139350 2773.9
1139360 2771.5
1139370 2771.5
1139380 2768.9
1139390 2766.7
1139400 2766.7
1139410 2763.9
1139420 2760.9
1139430 2760.9
1139440 2758.1
1139450 2756.4
1139460 2756.4
1139470 2755.9
1139480 2757.3
1139490 2757.3
1139500 2758.8
1139510 2760.0
1139520 2759.7
1139530 2759.7
1139540 2750.8
1139550 2748.0
1139560 2748.0
1139570 2744.1
1139580 2740.4
1139590 2740.4
1139600 2736.7
1139610 2733.3
1139620 2733.3
1139630 2729.4
1139640 2726.9
1139650 2726.9
1139660 2726.3
1139670 2726.3
1139680 2726.3
1139690 2727.0
1139700 2728.0
1139710 2729.5
1139720 2729.5
1139730 2731.5
1139740 2734.1
1139750 2734.1
1139760 2736.5
1139770 2739.1
1139780 2739.1
1139790 2741.6
1139800 2743.4
1139810 2743.4
1139820 2744.3
1139830 2742.3
1139840 2742.3
1139850 2736.9
1139860 2732.5
1139870 2732.5
