1120000 2634.2
1120010 2634.2
1120020 2628.2
1120030 2621.7
1120040 2621.7
1120050 2615.5
1120060 2609.7
1120070 2609.7
1120080 2604.2
1120090 2598.4
1120100 2598.4
1120110 2592.9
1120120 2586.4
1120130 2586.4
1120140 2581.3
1120150 2577.5
1120160 2573.6
1120170 2573.6
1120180 2571.7
1120190 2572.5
1120200 2572.5
1120210 2574.4
1120220 2573.6
1120230 2573.6
1120240 2573.0
1120250 2572.0
1120260 2572.0
1120270 2571.2
1120280 2568.5
1120290 2568.5
1120300 2564.7
1120310 2556.6
1120320 2556.6
1120330 2550.0
1120340 2535.2
1120350 2528.8
1120360 2528.8
1120370 2523.6
1120380 2521.9
1120390 2521.9
1120400 2520.1
1120410 2519.5
1120420 2519.5
1120430 2519.7
1120440 2519.6
1120450 2519.6
1120460 2516.7
1120470 2511.6
1120480 2511.6
1120490 2508.7
1120500 2507.0
1120510 2507.0
1120520 2505.2
1120530 2504.1
1120540 2504.1
1120550 2503.7
1120560 2504.2
1120570 2507.2
1120580 2507.2
1120590 2501.7
1120600 2499.4
1120610 2499.4
1120620 2497.4
1120630 2496.3
1120640 2496.3
1120650 2496.0
1120660 2495.3
1120670 2495.3
1120680 2494.5
1120690 2493.3
1120700 2493.3
1120710 2490.9
1120720 2486.5
1120730 2486.5
1120740 2482.0
1120750 2478.4
1120760 2474.0
1120770 2474.0
1120780 2471.5
1120790 2468.5
1120800 2468.5
1120810 2463.0
1120820 2458.5
1120830 2458.5
1120840 2453.1
1120850 2443.7
1120860 2443.7
1120870 2435.1
1120880 2428.6
1120890 2428.6
1120900 2420.8
1120910 2410.9
1120920 2410.9
1120930 2405.0
1120940 2399.0
1120950 2394.3
1120960 2394.3
1120970 2388.9
1120980 2381.1
1120990 2381.1
1121000 2373.9
1121010 2366.6
1121020 2366.6
1121030 2361.4
1121040 2358.2
1121050 2358.2
1121060 2354.7
1121070 2353.9
1121080 2353.9
1121090 2354.4
1121100 2355.1
1121110 2355.1
1121120 2349.1
1121130 2343.3
1121140 2336.5
1121150 2336.5
1121160 2339.5
1121170 2347.4
1121180 2347.4
1121190 2349.6
1121200 2343.7
1121210 2343.7
1121220 2337.5
1121230 2327.2
1121240 2327.2
1121250 2317.1
1121260 2299.5
1121270 2299.5
1121280 2293.7
1121290 2289.7
1121300 2289.7
1121310 2285.4
1121320 2280.4
1121330 2276.8
1121340 2276.8
1121350 2277.7
1121360 2268.8
1121370 2268.8
1121380 2255.3
1121390 2255.6
1121400 2255.6
1121410 2257.9
1121420 2250.9
1121430 2250.9
1121440 2249.8
1121450 2247.3
1121460 2247.3
1121470 2244.4
1121480 2240.4
1121490 2240.4
1121500 2236.4
1121510 2234.4
1121520 2234.4
1121530 2231.2
1121540 2226.7
1121550 2220.0
1121560 2220.0
1121570 2211.0
1121580 2203.2
1121590 2203.2
1121600 2197.5
1121610 2184.5
1121620 2184.5
1121630 2179.6
1121640 2174.9
1121650 2174.9
1121660 2171.0
1121670 2166.9
1121680 2166.9
1121690 2163.9
1121700 2160.5
1121710 2160.5
1121720 2156.3
1121730 2151.2
1121740 2148.4
1121750 2148.4
1121760 2146.8
1121770 2146.4
1121780 2146.4
1121790 2146.0
1121800 2145.5
1121810 2145.5
1121820 2145.3
1121830 2145.2
1121840 2145.2
1121850 2145.1
1121860 2145.0
1121870 2145.0
1121880 2145.1
1121890 2145.4
1121900 2145.4
1121910 2145.4
1121920 2145.3
1121930 2145.6
1121940 2145.6
1121950 2145.8
1121960 2145.5
1121970 2145.5
1121980 2145.6
1121990 2146.1
1122000 2146.1
1122010 2148.0
1122020 2150.0
1122030 2150.0
1122040 2150.0
1122050 2148.7
1122060 2148.7
1122070 2147.6
1122080 2148.2
1122090 2148.2
1122100 2149.7
1122110 2150.4
1122120 2151.7
1122130 2151.7
1122140 2153.3
1122150 2155.1
1122160 2155.1
1122170 2157.4
1122180 2162.5
1122190 2162.5
1122200 2168.1
1122210 2173.7
1122220 2173.7
1122230 2176.2
1122240 2177.0
1122250 2177.0
1122260 2177.7
1122270 2180.7
1122280 2180.7
1122290 2182.9
1122300 2183.1
1122310 2188.8
1122320 2188.8
1122330 2187.7
1122340 2184.3
1122350 2184.3
1122360 2183.3
1122370 2183.4
1122380 2183.4
1122390 2183.5
1122400 2184.8
1122410 2184.8
1122420 2186.9
1122430 2187.6
1122440 2187.6
1122450 2186.4
1122460 2184.9
1122470 2184.9
1122480 2183.1
1122490 2181.5
1122500 2180.1
1122510 2180.1
1122520 2177.8
1122530 2177.0
1122540 2177.0
1122550 2176.0
1122560 2175.0
1122570 2175.0
1122580 2175.6
1122590 2176.3
1122600 2176.3
1122610 2177.1
1122620 2178.7
1122630 2178.7
1122640 2179.4
1122650 2180.5
1122660 2183.9
1122670 2184.8
1122680 2184.3
1122690 2184.3
1122700 2183.3
1122710 2181.0
1122720 2178.9
1122730 2178.9
1122740 2173.7
1122750 2167.1
1122760 2167.1
1122770 2160.6
1122780 2155.8
1122790 2155.8
1122800 2153.3
1122810 2152.8
1122820 2152.8
1122830 2151.0
1122840 2147.0
1122850 2147.0
1122860 2140.3
1122870 2132.9
1122880 2132.9
1122890 2124.8
1122900 2118.0
1122910 2110.6
1122920 2110.6
1122930 2106.4
1122940 2102.7
1122950 2102.7
1122960 2097.9
1122970 2093.2
1122980 2093.2
1122990 2087.7
1123000 2083.2
1123010 2086.1
1123020 2081.4
1123030 2077.6
1123040 2077.6
1123050 2074.3
1123060 2070.5
1123070 2070.5
1123080 2066.3
1123090 2061.8
1123100 2059.0
1123110 2059.0
1123120 2056.0
1123130 2051.7
1123140 2051.7
1123150 2047.6
1123160 2043.3
1123170 2043.3
1123180 2039.4
1123190 2036.0
1123200 2036.0
1123210 2035.2
1123220 2036.0
1123230 2036.0
1123240 2035.7
1123250 2036.6
1123260 2036.6
1123270 2040.0
1123280 2042.1
1123290 2044.3
1123300 2044.3
1123310 2044.9
1123320 2046.0
1123330 2046.0
1123340 2047.9
1123350 2050.6
1123360 2052.9
1123370 2056.0
1123380 2057.4
1123390 2057.4
1123400 2058.5
1123410 2060.8
1123420 2060.8
1123430 2064.3
1123440 2068.5
1123450 2068.5
1123460 2072.7
1123470 2075.4
1123480 2077.7
1123490 2077.7
1123500 2081.9
1123510 2086.0
1123520 2086.0
1123530 2090.7
1123540 2095.4
1123550 2095.4
1123560 2099.2
1123570 2102.7
1123580 2102.7
1123590 2106.3
1123600 2110.2
1123610 2110.2
1123620 2114.2
1123630 2119.0
1123640 2119.0
1123650 2125.1
1123660 2132.2
1123670 2139.5
1123680 2139.5
1123690 2144.9
1123700 2150.5
1123710 2147.6
1123720 2155.4
1123730 2163.3
1123740 2163.3
1123750 2167.4
1123760 2170.7
1123770 2170.7
1123780 2174.4
1123790 2178.6
1123800 2178.6
1123810 2182.8
1123820 2185.2
1123830 2185.2
1123840 2187.0
1123850 2190.1
1123860 2190.1
1123870 2192.4
1123880 2194.3
1123890 2197.4
1123900 2197.4
1123910 2201.3
1123920 2206.6
1123930 2206.6
1123940 2213.6
1123950 2223.7
1123960 2223.7
1123970 2234.1
1123980 2242.2
1123990 2242.2
1124000 2247.1
1124010 2250.3
1124020 2250.3
1124030 2254.3
1124040 2258.9
1124050 2258.9
1124060 2262.9
1124070 2269.6
1124080 2276.3
1124090 2276.3
1124100 2282.9
1124110 2289.4
1124120 2289.4
1124130 2297.3
1124140 2305.1
1124150 2305.1
1124160 2312.3
1124170 2319.4
1124180 2319.4
1124190 2327.7
1124200 2337.5
1124210 2337.5
1124220 2344.7
1124230 2355.1
1124240 2355.1
1124250 2363.2
1124260 2369.1
1124270 2374.4
1124280 2374.4
1124290 2380.6
1124300 2385.3
1124310 2385.3
1124320 2391.0
1124330 2397.0
1124340 2397.0
1124350 2403.8
1124360 2406.0
1124370 2406.0
1124380 2407.9
1124390 2408.5
1124400 2408.5
1124410 2409.5
1124420 2412.1
1124430 2412.1
1124440 2415.0
1124450 2417.5
1124460 2419.8
1124470 2419.8
1124480 2422.1
1124490 2425.1
1124500 2425.1
1124510 2428.1
1124520 2431.1
1124530 2431.1
1124540 2434.7
1124550 2439.1
1124560 2439.1
1124570 2443.7
1124580 2448.6
1124590 2448.6
1124600 2453.6
1124610 2458.4
1124620 2458.4
1124630 2463.5
1124640 2469.5
1124650 2475.8
1124660 2475.8
1124670 2484.4
1124680 2494.8
1124690 2494.8
1124700 2515.4
1124710 2528.9
1124720 2528.9
1124730 2534.1
1124740 2534.9
1124750 2534.9
1124760 2544.4
1124770 2546.2
1124780 2546.2
1124790 2551.1
1124800 2558.5
1124810 2558.5
1124820 2571.8
1124830 2581.2
1124840 2587.4
1124850 2587.4
1124860 2591.8
1124870 2596.5
1124880 2596.5
1124890 2600.7
1124900 2604.7
1124910 2604.7
1124920 2608.5
1124930 2612.2
1124940 2612.2
1124950 2616.0
1124960 2620.5
1124970 2620.5
1124980 2624.1
1124990 2626.7
1125000 2626.7
1125010 2632.2
1125020 2638.3
1125030 2638.3
1125040 2645.1
1125050 2651.9
1125060 2658.4
1125070 2658.4
1125080 2664.3
1125090 2670.3
1125100 2670.3
1125110 2679.7
1125120 2685.3
1125130 2685.3
1125140 2690.0
1125150 2694.7
1125160 2694.7
1125170 2701.7
1125180 2712.0
1125190 2712.0
1125200 2721.1
1125210 2727.0
1125220 2727.0
1125230 2733.5
1125240 2740.7
1125250 2747.2
1125260 2747.2
1125270 2757.9
1125280 2787.2
1125290 2787.2
1125300 2819.7
1125310 2818.5
1125320 2818.5
1125330 2811.4
1125340 2798.4
1125350 2798.4
1125360 2778.2
1125370 2755.4
1125380 2755.4
1125390 2746.5
1125400 2736.5
1125410 2736.5
1125420 2724.2
1125430 2715.1
1125440 2697.9
1125450 2697.9
1125460 2702.3
1125470 2674.7
1125480 2674.7
1125490 2660.6
1125500 2650.3
1125510 2650.3
1125520 2627.4
1125530 2612.8
1125540 2612.8
1125550 2604.5
1125560 2597.7
1125570 2597.7
1125580 2591.5
1125590 2585.7
1125600 2585.7
1125610 2580.3
1125620 2574.8
1125630 2569.1
1125640 2569.1
1125650 2563.4
1125660 2558.1
1125670 2558.1
1125680 2553.9
1125690 2549.9
1125700 2549.9
1125710 2546.2
1125720 2542.5
1125730 2542.5
1125740 2538.5
1125750 2534.6
1125760 2534.6
1125770 2531.3
1125780 2528.2
1125790 2528.2
1125800 2525.3
1125810 2527.5
1125820 2525.9
1125830 2525.9
1125840 2524.3
1125850 2523.4
1125860 2523.4
1125870 2524.7
1125880 2525.1
1125890 2525.1
1125900 2526.8
1125910 2527.9
1125920 2527.9
1125930 2528.3
1125940 2528.1
1125950 2528.1
1125960 2527.4
1125970 2526.0
1125980 2526.0
1125990 2526.3
1126000 2529.8
1126010 2533.1
1126020 2533.1
1126030 2535.9
1126040 2540.0
1126050 2540.0
1126060 2545.0
1126070 2550.2
1126080 2550.2
1126090 2556.4
1126100 2562.2
1126110 2562.2
1126120 2567.9
1126130 2575.2
1126140 2575.2
1126150 2591.4
1126160 2602.4
1126170 2603.1
1126180 2601.2
1126190 2585.7
1126200 2585.7
1126210 2574.5
1126220 2565.5
1126230 2557.2
1126240 2557.2
1126250 2548.9
1126260 2540.8
1126270 2540.8
1126280 2532.1
1126290 2520.7
1126300 2520.7
1126310 2510.9
1126320 2504.4
1126330 2504.4
1126340 2498.3
1126350 2492.6
1126360 2492.6
1126370 2487.1
1126380 2481.2
1126390 2481.2
1126400 2475.5
1126410 2470.5
1126420 2466.7
1126430 2466.7
1126440 2463.8
1126450 2461.3
1126460 2461.3
1126470 2458.4
1126480 2454.5
1126490 2454.5
1126500 2450.1
1126510 2446.9
1126520 2449.9
1126530 2450.0
1126540 2451.4
1126550 2451.4
1126560 2449.0
1126570 2449.0
1126580 2449.0
1126590 2445.4
1126600 2438.7
1126610 2433.2
1126620 2433.2
1126630 2427.4
1126640 2423.1
1126650 2423.1
1126660 2418.3
1126670 2412.8
1126680 2412.8
1126690 2408.6
1126700 2401.1
1126710 2401.1
1126720 2393.8
1126730 2388.5
1126740 2388.5
1126750 2383.9
1126760 2379.3
1126770 2379.3
1126780 2375.0
1126790 2369.9
1126800 2363.8
1126810 2363.8
1126820 2355.9
1126830 2345.0
1126840 2345.0
1126850 2335.6
1126860 2328.7
1126870 2332.4
1126880 2326.3
1126890 2319.9
1126900 2319.9
1126910 2313.8
1126920 2309.7
1126930 2309.7
1126940 2305.7
1126950 2302.8
1126960 2302.8
1126970 2301.1
1126980 2298.8
1126990 2297.3
1127000 2297.3
1127010 2296.5
1127020 2295.9
1127030 2295.9
1127040 2295.7
1127050 2295.8
1127060 2295.8
1127070 2294.0
1127080 2293.4
1127090 2293.4
1127100 2295.0
1127110 2298.0
1127120 2298.0
1127130 2301.2
1127140 2304.5
1127150 2304.5
1127160 2308.0
1127170 2312.1
1127180 2316.9
1127190 2316.9
1127200 2322.3
1127210 2328.0
1127220 2328.0
1127230 2331.8
1127240 2336.6
1127250 2336.6
1127260 2340.6
1127270 2344.1
1127280 2344.1
1127290 2348.1
1127300 2353.2
1127310 2353.2
1127320 2359.3
1127330 2364.9
1127340 2364.9
1127350 2369.5
1127360 2373.9
1127370 2373.9
1127380 2378.7
1127390 2384.7
1127400 2390.8
1127410 2390.8
1127420 2394.7
1127430 2398.0
1127440 2398.0
1127450 2400.8
1127460 2404.3
1127470 2404.3
1127480 2408.2
1127490 2413.0
1127500 2413.0
1127510 2418.2
1127520 2422.0
1127530 2422.0
1127540 2426.5
1127550 2431.5
1127560 2431.5
1127570 2436.2
1127580 2437.7
1127590 2443.1
1127600 2443.1
1127610 2448.2
1127620 2451.9
1127630 2451.9
1127640 2455.2
1127650 2458.8
1127660 2458.8
1127670 2462.1
1127680 2465.0
1127690 2465.0
1127700 2467.8
1127710 2470.0
1127720 2470.0
1127730 2471.6
1127740 2477.2
1127750 2477.2
1127760 2485.4
1127770 2492.0
1127780 2497.7
1127790 2497.7
1127800 2504.3
1127810 2511.2
1127820 2511.2
1127830 2519.6
1127840 2524.7
1127850 2524.7
1127860 2530.8
1127870 2535.3
1127880 2535.3
1127890 2542.0
1127900 2547.9
1127910 2547.9
1127920 2553.3
1127930 2558.4
1127940 2558.4
1127950 2563.2
1127960 2568.9
1127970 2575.2
1127980 2575.2
1127990 2582.0
1128000 2589.3
1128010 2589.3
1128020 2597.5
1128030 2608.9
1128040 2608.9
1128050 2619.9
1128060 2629.4
1128070 2629.4
1128080 2638.7
1128090 2647.1
1128100 2647.1
1128110 2653.5
1128120 2658.7
1128130 2658.7
1128140 2662.6
1128150 2665.2
1128160 2669.7
1128170 2669.7
1128180 2674.3
1128190 2680.7
1128200 2680.7
1128210 2680.7
1128220 2680.6
1128230 2680.6
1128240 2679.4
1128250 2678.2
1128260 2678.2
1128270 2678.1
1128280 2678.1
1128290 2685.6
1128300 2686.9
1128310 2688.0
1128320 2688.0
1128330 2688.3
1128340 2689.1
1128350 2691.4
1128360 2691.4
1128370 2695.3
1128380 2700.2
1128390 2700.2
1128400 2705.6
1128410 2711.5
1128420 2711.5
1128430 2718.2
1128440 2724.1
1128450 2724.1
1128460 2729.0
1128470 2731.3
1128480 2731.3
1128490 2732.4
1128500 2731.6
1128510 2731.6
1128520 2729.9
1128530 2727.7
1128540 2727.7
1128550 2724.7
1128560 2722.8
1128570 2719.3
1128580 2719.3
1128590 2714.8
1128600 2707.3
1128610 2707.3
1128620 2703.7
1128630 2703.2
1128640 2709.6
1128650 2709.0
1128660 2707.6
1128670 2707.6
1128680 2706.0
1128690 2704.5
1128700 2704.5
1128710 2703.4
1128720 2702.3
1128730 2702.3
1128740 2701.9
1128750 2702.0
1128760 2702.2
1128770 2702.2
1128780 2702.8
1128790 2703.2
1128800 2703.2
1128810 2702.9
1128820 2702.5
1128830 2702.5
1128840 2702.7
1128850 2703.1
1128860 2703.1
1128870 2703.8
1128880 2705.2
1128890 2705.2
1128900 2702.7
1128910 2700.4
1128920 2700.4
1128930 2699.4
1128940 2698.9
1128950 2699.2
1128960 2699.2
1128970 2699.7
1128980 2700.2
1128990 2700.2
1129000 2705.7
1129010 2705.8
1129020 2705.8
1129030 2705.2
1129040 2705.2
1129050 2705.2
1129060 2705.5
1129070 2706.0
1129080 2706.0
1129090 2706.6
1129100 2707.2
1129110 2707.2
1129120 2707.8
1129130 2708.6
1129140 2709.3
1129150 2709.3
1129160 2710.0
1129170 2710.8
1129180 2710.8
1129190 2711.6
1129200 2712.4
1129210 2712.4
1129220 2713.4
1129230 2714.4
1129240 2714.4
1129250 2715.1
1129260 2715.6
1129270 2715.6
1129280 2716.0
1129290 2716.8
1129300 2716.8
1129310 2718.2
1129320 2717.9
1129330 2717.8
1129340 2717.8
1129350 2721.7
1129360 2722.6
1129370 2722.6
1129380 2723.7
1129390 2724.9
1129400 2724.9
1129410 2726.4
1129420 2728.0
1129430 2728.0
1129440 2729.8
1129450 2731.9
1129460 2731.9
1129470 2733.9
1129480 2735.6
1129490 2735.6
1129500 2737.5
1129510 2739.5
1129520 2741.4
1129530 2741.4
1129540 2743.9
1129550 2747.0
1129560 2747.0
1129570 2750.4
1129580 2753.7
1129590 2753.7
1129600 2757.0
1129610 2760.6
1129620 2760.6
1129630 2764.8
1129640 2769.3
1129650 2769.3
1129660 2774.3
1129670 2780.1
1129680 2780.1
1129690 2787.6
1129700 2793.5
1129710 2801.4
1129720 2801.4
1129730 2810.0
1129740 2817.4
1129750 2817.4
1129760 2823.2
1129770 2827.7
1129780 2827.7
1129790 2831.0
1129800 2834.8
1129810 2834.8
1129820 2840.2
1129830 2844.3
1129840 2844.3
1129850 2840.9
1129860 2834.5
1129870 2834.5
1129880 2831.7
1129890 2821.4
1129900 2821.4
1129910 2813.0
1129920 2807.3
1129930 2803.0
1129940 2803.0
1129950 2799.1
1129960 2796.5
1129970 2796.5
1129980 2794.1
1129990 2791.2
1130000 2791.2
1130010 2789.0
1130020 2790.3
1130030 2790.3
1130040 2795.0
1130050 2792.7
1130060 2792.7
1130070 2778.6
1130080 2779.8
1130090 2779.8
1130100 2784.8
1130110 2781.9
1130120 2782.9
1130130 2782.9
1130140 2788.1
1130150 2785.1
1130160 2785.1
1130170 2771.3
1130180 2762.7
1130190 2762.7
1130200 2760.2
1130210 2759.7
1130220 2759.7
1130230 2764.0
1130240 2770.3
1130250 2770.3
1130260 2773.9
1130270 2775.0
1130280 2775.0
1130290 2768.6
1130300 2774.4
1130310 2784.2
1130320 2784.2
1130330 2790.0
1130340 2784.0
1130350 2784.0
1130360 2771.9
1130370 2760.5
1130380 2760.5
1130390 2749.2
1130400 2736.3
1130410 2736.3
1130420 2727.0
1130430 2714.4
1130440 2714.4
1130450 2704.3
1130460 2695.7
1130470 2695.7
1130480 2689.1
1130490 2684.1
1130500 2680.6
1130510 2680.6
1130520 2678.8
1130530 2674.0
1130540 2674.0
1130550 2658.5
1130560 2645.1
1130570 2645.1
1130580 2632.9
1130590 2622.1
1130600 2622.1
1130610 2615.8
1130620 2610.1
1130630 2610.1
1130640 2604.5
1130650 2599.0
1130660 2599.0
1130670 2593.1
1130680 2587.5
1130690 2584.4
1130700 2584.4
1130710 2582.2
1130720 2579.0
1130730 2579.0
1130740 2575.9
1130750 2574.0
1130760 2574.0
1130770 2572.5
1130780 2569.2
1130790 2569.2
1130800 2567.7
1130810 2564.7
1130820 2564.7
1130830 2561.9
1130840 2560.8
1130850 2560.8
1130860 2560.2
1130870 2558.4
1130880 2556.5
1130890 2556.5
1130900 2554.1
1130910 2552.2
1130920 2552.2
1130930 2550.4
1130940 2546.8
1130950 2546.8
1130960 2541.2
1130970 2538.2
1130980 2538.2
1130990 2538.7
1131000 2537.6
1131010 2537.6
1131020 2536.5
1131030 2536.2
1131040 2536.2
1131050 2534.5
1131060 2532.1
1131070 2532.1
1131080 2532.5
1131090 2529.8
1131100 2527.1
1131110 2527.1
1131120 2527.4
1131130 2522.0
1131140 2521.1
1131150 2514.9
1131160 2510.6
1131170 2510.6
1131180 2505.1
1131190 2501.2
1131200 2501.2
1131210 2500.6
1131220 2499.7
1131230 2499.7
1131240 2496.3
1131250 2491.4
1131260 2491.4
1131270 2487.3
1131280 2486.1
1131290 2486.1
1131300 2486.1
1131310 2485.8
1131320 2485.8
1131330 2485.8
1131340 2480.9
1131350 2474.8
1131360 2474.8
1131370 2468.4
1131380 2463.4
1131390 2463.4
1131400 2457.7
1131410 2449.7
1131420 2449.7
1131430 2441.2
1131440 2431.7
1131450 2431.7
1131460 2421.6
1131470 2414.9
1131480 2408.0
1131490 2408.0
1131500 2397.5
1131510 2390.8
1131520 2390.8
1131530 2386.1
1131540 2385.0
1131550 2385.0
1131560 2385.9
1131570 2384.0
1131580 2384.0
1131590 2379.9
1131600 2374.2
1131610 2374.2
1131620 2368.2
1131630 2362.8
1131640 2362.8
1131650 2357.8
1131660 2353.2
1131670 2348.3
1131680 2348.3
1131690 2341.7
1131700 2331.7
1131710 2331.7
1131720 2311.2
1131730 2297.5
1131740 2297.5
1131750 2285.1
1131760 2260.8
1131770 2260.8
1131780 2244.9
1131790 2237.3
1131800 2237.3
1131810 2230.3
1131820 2218.8
1131830 2218.8
1131840 2205.7
1131850 2183.0
1131860 2170.7
1131870 2170.7
1131880 2163.6
1131890 2153.7
1131900 2153.7
1131910 2145.2
1131920 2137.1
1131930 2137.1
1131940 2129.2
1131950 2121.5
1131960 2121.5
1131970 2113.9
1131980 2106.3
1131990 2106.3
1132000 2098.9
1132010 2091.3
1132020 2091.3
1132030 2084.0
1132040 2076.8
1132050 2070.1
1132060 2070.1
1132070 2063.1
1132080 2056.4
1132090 2056.4
1132100 2050.0
1132110 2043.9
1132120 2043.9
1132130 2037.9
1132140 2032.3
1132150 2032.3
1132160 2027.2
1132170 2022.7
1132180 2022.7
1132190 2018.7
1132200 2015.6
1132210 2015.9
1132220 2012.9
1132230 2010.3
1132240 2009.2
1132250 2009.2
1132260 2009.0
1132270 2008.9
1132280 2008.9
1132290 2009.0
1132300 2008.9
1132310 2008.9
1132320 2009.0
1132330 2008.9
1132340 2008.9
1132350 2008.4
1132360 2008.6
1132370 2008.6
1132380 2008.6
1132390 2008.4
1132400 2008.4
1132410 2008.5
1132420 2008.3
1132430 2008.3
1132440 2008.0
1132450 2007.8
1132460 2008.2
1132470 2008.2
1132480 2010.6
1132490 2012.9
1132500 2012.9
1132510 2015.4
1132520 2018.3
1132530 2018.3
1132540 2021.7
1132550 2025.4
1132560 2025.4
1132570 2028.9
1132580 2033.4
1132590 2033.4
1132600 2037.7
1132610 2042.1
1132620 2042.1
1132630 2047.4
1132640 2052.3
1132650 2056.7
1132660 2056.7
1132670 2061.8
1132680 2067.5
1132690 2067.5
1132700 2072.8
1132710 2077.9
1132720 2077.9
1132730 2083.6
1132740 2090.5
1132750 2090.5
1132760 2096.9
1132770 2105.2
1132780 2105.2
1132790 2111.5
1132800 2116.3
1132810 2116.3
1132820 2121.0
1132830 2126.0
1132840 2131.8
1132850 2131.8
1132860 2141.9
1132870 2150.0
1132880 2150.0
1132890 2157.0
1132900 2169.0
1132910 2169.0
1132920 2178.0
1132930 2180.8
1132940 2180.8
1132950 2186.9
1132960 2191.8
1132970 2191.8
1132980 2196.6
1132990 2201.7
1133000 2201.7
1133010 2207.1
1133020 2212.8
1133030 2219.0
1133040 2219.0
1133050 2224.7
1133060 2230.3
1133070 2230.3
1133080 2235.8
1133090 2241.2
1133100 2241.2
1133110 2246.9
1133120 2252.8
1133130 2252.8
1133140 2259.0
1133150 2265.2
1133160 2265.2
1133170 2271.5
1133180 2278.1
1133190 2278.1
1133200 2284.5
1133210 2291.1
1133220 2297.7
1133230 2297.7
1133240 2304.8
1133250 2312.2
1133260 2312.2
1133270 2321.1
1133280 2330.2
1133290 2329.9
1133300 2340.8
1133310 2354.9
1133320 2354.9
1133330 2365.2
1133340 2371.5
1133350 2371.5
1133360 2377.4
1133370 2384.9
1133380 2384.9
1133390 2391.2
1133400 2397.7
1133410 2405.1
1133420 2405.1
1133430 2411.9
1133440 2418.9
1133450 2418.9
1133460 2426.1
1133470 2433.3
1133480 2433.3
1133490 2440.5
1133500 2448.3
1133510 2448.3
1133520 2456.3
1133530 2464.7
1133540 2464.7
1133550 2471.3
1133560 2477.8
1133570 2477.8
1133580 2485.3
1133590 2492.5
1133600 2492.5
1133610 2499.8
1133620 2506.7
1133630 2513.9
1133640 2513.9
1133650 2521.8
1133660 2529.6
1133670 2529.6
1133680 2537.3
1133690 2545.3
1133700 2545.3
1133710 2553.1
1133720 2560.6
1133730 2560.6
1133740 2567.4
1133750 2574.5
1133760 2574.5
1133770 2581.6
1133780 2588.5
1133790 2588.5
1133800 2595.3
1133810 2602.2
1133820 2609.1
1133830 2609.1
1133840 2616.3
1133850 2623.7
1133860 2623.7
1133870 2631.0
1133880 2639.8
1133890 2639.8
1133900 2648.6
1133910 2656.6
1133920 2656.6
1133930 2664.1
1133940 2671.8
1133950 2671.8
1133960 2684.4
1133970 2699.5
1133980 2699.5
1133990 2721.2
1134000 2737.6
1134010 2753.2
1134020 2753.2
1134030 2765.8
1134040 2773.3
1134050 2773.3
1134060 2785.3
1134070 2800.1
1134080 2800.1
1134090 2808.4
1134100 2816.3
1134110 2816.3
1134120 2824.5
1134130 2834.7
1134140 2834.7
1134150 2843.9
1134160 2852.7
1134170 2852.7
1134180 2854.3
1134190 2862.2
1134200 2872.7
1134210 2872.7
1134220 2883.0
1134230 2887.4
1134240 2887.4
1134250 2891.9
1134260 2897.3
1134270 2897.3
1134280 2903.1
1134290 2912.3
1134300 2912.3
1134310 2922.6
1134320 2927.3
1134330 2927.3
1134340 2932.0
1134350 2935.6
1134360 2935.6
1134370 2929.1
1134380 2933.0
1134390 2936.2
1134400 2936.2
1134410 2939.3
1134420 2940.9
1134430 2940.9
1134440 2942.3
1134450 2944.7
1134460 2944.7
1134470 2948.3
1134480 2952.1
1134490 2952.1
1134500 2956.1
1134510 2959.9
1134520 2959.9
1134530 2961.2
1134540 2959.4
1134550 2959.4
1134560 2959.8
1134570 2962.6
1134580 2966.9
1134590 2966.9
1134600 2971.5
1134610 2972.7
1134620 2972.7
1134630 2967.9
1134640 2958.0
1134650 2958.0
1134660 2955.8
1134670 2952.1
1134680 2952.1
1134690 2942.3
1134700 2935.1
1134710 2935.1
1134720 2924.6
1134730 2934.6
1134740 2934.6
1134750 2928.2
1134760 2925.6
1134770 2917.1
1134780 2917.1
1134790 2901.2
1134800 2882.3
1134810 2882.3
1134820 2871.6
1134830 2862.9
1134840 2862.9
1134850 2855.0
1134860 2843.1
1134870 2843.1
1134880 2822.6
1134890 2815.7
1134900 2815.7
1134910 2811.0
1134920 2807.7
1134930 2807.7
1134940 2805.0
1134950 2802.4
1134960 2802.4
1134970 2800.1
1134980 2798.5
1134990 2797.2
1135000 2797.2
1135010 2796.0
1135020 2795.1
1135030 2795.1
1135040 2794.1
1135050 2793.7
1135060 2793.7
1135070 2793.8
1135080 2794.3
1135090 2797.8
1135100 2798.3
1135110 2799.3
1135120 2799.3
1135130 2801.1
1135140 2803.8
1135150 2803.8
1135160 2807.2
1135170 2811.4
1135180 2817.1
1135190 2817.1
1135200 2823.9
1135210 2830.6
1135220 2830.6
1135230 2836.3
1135240 2841.7
1135250 2841.7
1135260 2847.7
1135270 2853.7
1135280 2853.7
1135290 2859.7
1135300 2866.1
1135310 2866.1
1135320 2873.1
1135330 2880.9
1135340 2880.9
1135350 2888.8
1135360 2895.9
1135370 2902.9
1135380 2902.9
1135390 2909.7
1135400 2916.8
1135410 2916.8
1135420 2924.5
1135430 2931.8
1135440 2931.8
1135450 2938.3
1135460 2938.7
1135470 2938.7
1135480 2941.9
1135490 2945.9
1135500 2945.9
1135510 2946.7
1135520 2944.9
1135530 2944.9
1135540 2944.1
1135550 2944.9
1135560 2950.8
1135570 2950.8
1135580 2955.6
1135590 2959.1
1135600 2959.1
1135610 2961.8
1135620 2953.9
1135630 2953.9
1135640 2944.2
1135650 2937.6
1135660 2937.6
1135670 2930.8
1135680 2928.5
1135690 2928.5
1135700 2929.1
1135710 2931.3
1135720 2931.3
1135730 2936.0
1135740 2940.8
1135750 2945.9
1135760 2945.9
1135770 2949.2
1135780 2945.5
1135790 2945.5
1135800 2947.7
1135810 2951.7
1135820 2941.1
1135830 2941.1
1135840 2941.5
1135850 2941.5
1135860 2947.8
1135870 2955.4
1135880 2955.4
1135890 2956.3
1135900 2957.2
1135910 2957.2
1135920 2961.3
1135930 2963.0
1135940 2967.8
1135950 2967.8
1135960 2972.9
1135970 2978.7
1135980 2978.7
1135990 2984.9
1136000 2991.5
1136010 2991.5
1136020 2994.3
1136030 2987.6
1136040 2987.6
1136050 2979.3
1136060 2975.4
1136070 2975.4
1136080 2981.1
1136090 2989.9
1136100 2989.9
1136110 3000.0
1136120 3007.6
1136130 3007.6
1136140 3006.8
1136150 3000.8
1136160 3000.2
1136170 3000.2
1136180 2988.4
1136190 2982.4
1136200 2982.4
1136210 2976.4
1136220 2971.4
1136230 2971.4
1136240 2968.6
1136250 2970.8
1136260 2970.8
1136270 2976.3
1136280 2977.9
1136290 2977.9
1136300 2970.3
1136310 2964.7
1136320 2964.7
1136330 2958.9
1136340 2954.9
1136350 2951.3
1136360 2951.3
1136370 2948.3
1136380 2945.4
1136390 2945.4
1136400 2944.4
1136410 2946.0
1136420 2946.0
1136430 2947.9
1136440 2949.6
1136450 2949.6
1136460 2952.6
1136470 2960.1
1136480 2960.1
1136490 2971.8
1136500 2980.0
1136510 2980.0
1136520 2982.1
1136530 2982.4
1136540 2976.9
1136550 2976.9
1136560 2977.5
1136570 2978.6
1136580 2978.6
1136590 2980.4
1136600 2980.0
1136610 2980.0
1136620 2983.0
1136630 2986.1
1136640 2986.1
1136650 2984.9
1136660 2984.4
1136670 2984.4
1136680 2990.1
1136690 2987.0
1136700 2987.0
1136710 2982.3
1136720 2977.0
1136730 2970.4
1136740 2970.4
1136750 2964.7
1136760 2972.4
1136770 2972.4
1136780 2988.2
1136790 2993.0
1136800 2993.0
1136810 2994.2
1136820 2996.6
1136830 2996.6
1136840 2999.2
1136850 3001.8
1136860 3001.8
1136870 3004.1
1136880 3005.6
1136890 3005.6
1136900 3008.6
1136910 3007.9
1136920 3009.4
1136930 3009.4
1136940 3011.2
1136950 3012.2
1136960 3012.2
1136970 3013.4
1136980 3013.3
1136990 3013.3
1137000 3012.0
1137010 3015.4
1137020 3015.4
1137030 3016.6
1137040 3015.6
1137050 3015.6
1137060 3015.4
1137070 3015.5
1137080 3015.5
1137090 3016.2
1137100 3017.0
1137110 3019.1
1137120 3019.1
1137130 3021.4
1137140 3021.4
1137150 3021.4
1137160 3017.1
1137170 3012.7
1137180 3012.7
1137190 3015.2
1137200 3020.8
1137210 3020.8
1137220 3010.3
1137230 2996.9
1137240 2996.9
1137250 2986.0
1137260 2970.8
1137270 2965.9
1137280 2955.3
1137290 2949.0
1137300 2944.0
1137310 2944.0
1137320 2940.0
1137330 2935.9
1137340 2935.9
1137350 2931.6
1137360 2928.4
1137370 2928.4
1137380 2926.1
1137390 2923.0
1137400 2923.0
1137410 2920.0
1137420 2918.1
1137430 2918.1
1137440 2916.6
1137450 2915.2
1137460 2915.2
1137470 2913.9
1137480 2912.8
1137490 2912.8
1137500 2910.9
1137510 2909.1
1137520 2907.7
1137530 2907.7
1137540 2907.6
1137550 2908.0
1137560 2908.0
1137570 2908.8
1137580 2910.0
1137590 2910.0
1137600 2911.2
1137610 2912.3
1137620 2912.3
1137630 2914.0
1137640 2913.5
1137650 2913.5
1137660 2916.1
1137670 2918.4
1137680 2918.4
1137690 2920.4
1137700 2922.4
1137710 2924.9
1137720 2924.9
1137730 2928.6
1137740 2933.8
1137750 2933.8
1137760 2939.6
1137770 2942.4
1137780 2942.4
1137790 2943.9
1137800 2947.5
1137810 2947.5
1137820 2951.2
1137830 2955.2
1137840 2955.2
1137850 2959.9
1137860 2965.3
1137870 2965.3
1137880 2972.0
1137890 2979.0
1137900 2985.7
1137910 2985.7
1137920 2991.9
1137930 2997.4
1137940 2997.4
1137950 3002.6
1137960 3007.5
1137970 3007.5
1137980 3012.7
1137990 3017.4
1138000 3012.1
1138010 3016.2
1138020 3019.2
1138030 3019.2
1138040 3022.8
1138050 3028.4
1138060 3028.4
1138070 3035.1
1138080 3043.2
1138090 3057.4
1138100 3057.4
1138110 3075.3
1138120 3092.7
1138130 3092.7
1138140 3109.9
1138150 3124.1
1138160 3124.1
1138170 3136.5
1138180 3159.5
1138190 3159.5
1138200 3176.6
1138210 3184.4
1138220 3184.4
1138230 3195.2
1138240 3218.1
1138250 3218.1
1138260 3233.6
1138270 3247.6
1138280 3257.6
1138290 3257.6
1138300 3269.0
1138310 3277.6
1138320 3277.6
1138330 3283.0
1138340 3289.6
1138350 3289.6
1138360 3282.6
1138370 3277.3
1138380 3277.3
1138390 3278.8
1138400 3279.8
1138410 3279.8
1138420 3280.5
1138430 3293.1
1138440 3293.1
1138450 3304.3
1138460 3297.4
1138470 3294.5
1138480 3294.5
1138490 3289.0
1138500 3277.3
1138510 3277.3
1138520 3256.1
1138530 3225.2
1138540 3225.2
1138550 3206.2
1138560 3186.7
1138570 3186.7
1138580 3170.9
1138590 3154.2
1138600 3154.2
1138610 3133.0
1138620 3115.8
1138630 3115.8
1138640 3104.9
1138650 3097.0
1138660 3083.5
1138670 3083.5
1138680 3069.4
1138690 3060.5
1138700 3060.5
1138710 3050.9
1138720 3043.2
1138730 3049.3
1138740 3042.3
1138750 3035.0
1138760 3035.0
1138770 3027.5
1138780 3020.3
1138790 3020.3
1138800 3009.0
1138810 2992.4
1138820 2992.4
1138830 2979.5
1138840 2972.0
1138850 2972.0
1138860 2957.3
1138870 2930.8
1138880 2909.9
1138890 2909.9
1138900 2902.9
1138910 2896.6
1138920 2896.6
1138930 2890.0
1138940 2882.4
1138950 2882.4
1138960 2871.2
1138970 2857.9
1138980 2857.9
1138990 2852.6
1139000 2849.2
1139010 2849.2
1139020 2845.7
1139030 2842.0
1139040 2842.0
1139050 2837.3
1139060 2832.4
1139070 2829.5
1139080 2829.5
1139090 2825.1
1139100 2822.2
1139110 2822.2
1139120 2817.8
1139130 2813.3
1139140 2813.3
1139150 2809.1
1139160 2805.4
1139170 2805.4
1139180 2802.1
1139190 2799.5
1139200 2799.5
1139210 2796.8
1139220 2794.4
1139230 2794.4
