1120000 2664.9
1120010 2664.9
1120020 2662.2
1120030 2657.2
1120040 2657.2
1120050 2649.9
1120060 2641.7
1120070 2641.7
1120080 2633.0
1120090 2624.5
1120100 2624.5
1120110 2616.2
1120120 2607.9
1120130 2607.9
1120140 2600.0
1120150 2592.8
1120160 2592.8
1120170 2584.8
1120180 2577.4
1120190 2571.2
1120200 2571.2
1120210 2565.0
1120220 2560.4
1120230 2563.6
1120240 2563.0
1120250 2563.8
1120260 2563.8
1120270 2562.7
1120280 2560.3
1120290 2560.3
1120300 2559.3
1120310 2557.7
1120320 2557.7
1120330 2555.9
1120340 2555.1
1120350 2555.1
1120360 2556.8
1120370 2560.0
1120380 2562.1
1120390 2562.1
1120400 2564.6
1120410 2566.7
1120420 2566.7
1120430 2568.7
1120440 2571.9
1120450 2571.9
1120460 2575.5
1120470 2580.6
1120480 2580.6
1120490 2585.1
1120500 2590.1
1120510 2590.1
1120520 2594.9
1120530 2599.9
1120540 2599.9
1120550 2604.2
1120560 2610.1
1120570 2616.5
1120580 2621.6
1120590 2626.6
1120600 2629.7
1120610 2629.7
1120620 2635.6
1120630 2643.0
1120640 2643.0
1120650 2652.2
1120660 2659.7
1120670 2659.7
1120680 2667.0
1120690 2674.9
1120700 2674.9
1120710 2682.5
1120720 2688.5
1120730 2688.5
1120740 2694.2
1120750 2698.9
1120760 2702.1
1120770 2702.1
1120780 2707.1
1120790 2713.8
1120800 2713.8
1120810 2720.0
1120820 2722.3
1120830 2722.3
1120840 2722.7
1120850 2721.6
1120860 2721.6
1120870 2720.2
1120880 2713.7
1120890 2713.7
1120900 2708.3
1120910 2702.5
1120920 2698.3
1120930 2692.2
1120940 2685.0
1120950 2678.2
1120960 2678.2
1120970 2664.0
1120980 2651.3
1120990 2651.3
1121000 2639.7
1121010 2628.3
1121020 2628.3
1121030 2619.7
1121040 2612.9
1121050 2612.9
1121060 2605.0
1121070 2597.9
1121080 2597.9
1121090 2590.8
1121100 2583.8
1121110 2583.8
1121120 2576.9
1121130 2569.8
1121140 2569.8
1121150 2563.8
1121160 2558.0
1121170 2551.8
1121180 2551.8
1121190 2545.7
1121200 2539.5
1121210 2539.5
1121220 2533.1
1121230 2526.8
1121240 2526.8
1121250 2521.5
1121260 2517.2
1121270 2513.4
1121280 2508.9
1121290 2504.8
1121300 2504.8
1121310 2500.8
1121320 2496.0
1121330 2496.0
1121340 2492.6
1121350 2492.0
1121360 2492.3
1121370 2492.3
1121380 2494.2
1121390 2496.6
1121400 2496.6
1121410 2497.4
1121420 2494.8
1121430 2494.8
1121440 2491.8
1121450 2487.5
1121460 2487.5
1121470 2482.7
1121480 2477.5
1121490 2477.5
1121500 2471.9
1121510 2467.4
1121520 2467.4
1121530 2463.0
1121540 2458.9
1121550 2454.4
1121560 2454.4
1121570 2449.9
1121580 2445.1
1121590 2445.1
1121600 2440.2
1121610 2435.1
1121620 2431.5
1121630 2426.3
1121640 2421.9
1121650 2421.9
1121660 2418.0
1121670 2414.6
1121680 2414.6
1121690 2411.0
1121700 2408.0
1121710 2408.0
1121720 2405.2
1121730 2402.0
1121740 2398.8
1121750 2398.8
1121760 2396.4
1121770 2391.2
1121780 2391.2
1121790 2384.7
1121800 2378.5
1121810 2378.5
1121820 2374.0
1121830 2370.2
1121840 2370.2
1121850 2366.3
1121860 2362.6
1121870 2362.6
1121880 2357.3
1121890 2350.8
1121900 2350.8
1121910 2344.8
1121920 2339.5
1121930 2333.5
1121940 2333.5
1121950 2328.6
1121960 2323.7
1121970 2315.8
1121980 2309.8
1121990 2302.8
1122000 2302.8
1122010 2298.0
1122020 2295.4
1122030 2295.4
1122040 2288.5
1122050 2279.3
1122060 2279.3
1122070 2268.1
1122080 2261.4
1122090 2261.4
1122100 2255.5
1122110 2251.0
1122120 2251.0
1122130 2245.0
1122140 2239.6
1122150 2235.7
1122160 2235.7
1122170 2233.3
1122180 2230.0
1122190 2230.0
1122200 2226.0
1122210 2222.7
1122220 2222.7
1122230 2218.9
1122240 2214.5
1122250 2214.5
1122260 2207.5
1122270 2201.9
1122280 2201.9
1122290 2197.9
1122300 2192.2
1122310 2192.2
1122320 2187.0
1122330 2179.2
1122340 2168.4
1122350 2168.4
1122360 2161.6
1122370 2157.3
1122380 2157.3
1122390 2153.2
1122400 2148.1
1122410 2148.1
1122420 2143.1
1122430 2139.7
1122440 2139.7
1122450 2134.5
1122460 2129.5
1122470 2129.5
1122480 2125.0
1122490 2123.2
1122500 2123.2
1122510 2120.6
1122520 2114.5
1122530 2111.0
1122540 2111.0
1122550 2107.4
1122560 2104.7
1122570 2104.7
1122580 2098.8
1122590 2090.8
1122600 2090.8
1122610 2085.4
1122620 2082.0
1122630 2082.0
1122640 2078.9
1122650 2075.8
1122660 2075.8
1122670 2073.2
1122680 2069.5
1122690 2069.5
1122700 2067.8
1122710 2065.6
1122720 2061.0
1122730 2061.0
1122740 2054.9
1122750 2046.6
1122760 2046.6
1122770 2038.3
1122780 2031.3
1122790 2031.3
1122800 2029.1
1122810 2027.1
1122820 2027.1
1122830 2024.4
1122840 2023.9
1122850 2023.9
1122860 2023.3
1122870 2023.8
1122880 2023.8
1122890 2026.8
1122900 2025.1
1122910 2024.0
1122920 2024.0
1122930 2021.9
1122940 2019.8
1122950 2019.8
1122960 2019.2
1122970 2019.3
1122980 2019.3
1122990 2019.1
1123000 2019.0
1123010 2019.0
1123020 2018.8
1123030 2018.2
1123040 2018.2
1123050 2019.3
1123060 2019.8
1123070 2019.8
1123080 2019.6
1123090 2019.3
1123100 2019.3
1123110 2019.1
1123120 2019.0
1123130 2017.9
1123140 2017.9
1123150 2018.0
1123160 2018.5
1123170 2018.5
1123180 2015.9
1123190 2014.7
1123200 2014.7
1123210 2014.6
1123220 2015.0
1123230 2015.0
1123240 2014.7
1123250 2014.8
1123260 2014.8
1123270 2014.7
1123280 2014.3
1123290 2014.3
1123300 2014.4
1123310 2014.5
1123320 2014.9
1123330 2014.9
1123340 2014.6
1123350 2014.7
1123360 2014.7
1123370 2014.8
1123380 2015.2
1123390 2015.2
1123400 2017.4
1123410 2018.4
1123420 2018.4
1123430 2021.0
1123440 2024.6
1123450 2024.6
1123460 2027.7
1123470 2030.4
1123480 2030.4
1123490 2033.2
1123500 2037.3
1123510 2040.1
1123520 2040.1
1123530 2042.3
1123540 2044.9
1123550 2044.9
1123560 2048.6
1123570 2052.4
1123580 2052.4
1123590 2055.5
1123600 2057.7
1123610 2057.7
1123620 2058.8
1123630 2057.8
1123640 2057.8
1123650 2058.5
1123660 2059.2
1123670 2059.2
1123680 2061.1
1123690 2064.1
1123700 2068.5
1123710 2068.5
1123720 2076.5
1123730 2081.7
1123740 2081.7
1123750 2085.3
1123760 2088.7
1123770 2088.7
1123780 2090.1
1123790 2091.3
1123800 2091.3
1123810 2096.7
1123820 2098.9
1123830 2098.9
1123840 2104.8
1123850 2110.7
1123860 2110.7
1123870 2115.3
1123880 2120.5
1123890 2126.2
1123900 2126.2
1123910 2132.2
1123920 2138.7
1123930 2138.7
1123940 2143.7
1123950 2147.4
1123960 2147.4
1123970 2150.6
1123980 2155.3
1123990 2155.3
1124000 2160.0
1124010 2168.7
1124020 2168.7
1124030 2175.6
1124040 2176.5
1124050 2176.5
1124060 2177.5
1124070 2183.2
1124080 2183.2
1124090 2185.4
1124100 2187.3
1124110 2190.0
1124120 2190.0
1124130 2190.7
1124140 2189.9
1124150 2189.9
1124160 2190.8
1124170 2194.6
1124180 2194.6
1124190 2200.5
1124200 2206.2
1124210 2206.2
1124220 2210.6
1124230 2215.8
1124240 2215.8
1124250 2221.3
1124260 2227.9
1124270 2227.9
1124280 2234.5
1124290 2241.2
1124300 2245.8
1124310 2245.8
1124320 2247.6
1124330 2246.2
1124340 2246.2
1124350 2248.0
1124360 2253.8
1124370 2253.8
1124380 2259.7
1124390 2265.4
1124400 2265.4
1124410 2269.8
1124420 2280.5
1124430 2280.5
1124440 2285.0
1124450 2289.6
1124460 2289.6
1124470 2295.5
1124480 2302.0
1124490 2307.5
1124500 2307.5
1124510 2314.3
1124520 2319.3
1124530 2319.3
1124540 2321.3
1124550 2325.3
1124560 2325.3
1124570 2332.7
1124580 2339.0
1124590 2339.0
1124600 2343.9
1124610 2349.0
1124620 2349.0
1124630 2354.4
1124640 2359.1
1124650 2359.1
1124660 2363.3
1124670 2367.5
1124680 2371.6
1124690 2371.6
1124700 2374.9
1124710 2378.1
1124720 2378.1
1124730 2381.8
1124740 2383.9
1124750 2383.9
1124760 2387.7
1124770 2396.5
1124780 2396.5
1124790 2403.1
1124800 2410.1
1124810 2410.1
1124820 2416.5
1124830 2422.4
1124840 2422.4
1124850 2427.9
1124860 2434.1
1124870 2438.4
1124880 2438.4
1124890 2444.0
1124900 2451.6
1124910 2451.6
1124920 2457.5
1124930 2462.0
1124940 2462.0
1124950 2465.5
1124960 2467.7
1124970 2467.7
1124980 2470.9
1124990 2476.2
1125000 2476.2
1125010 2482.5
1125020 2489.4
1125030 2489.4
1125040 2496.5
1125050 2505.3
1125060 2518.3
1125070 2518.3
1125080 2533.5
1125090 2544.3
1125100 2544.3
1125110 2549.3
1125120 2556.7
1125130 2556.7
1125140 2558.2
1125150 2561.0
1125160 2561.0
1125170 2564.2
1125180 2566.7
1125190 2566.7
1125200 2569.1
1125210 2573.8
1125220 2573.8
1125230 2579.1
1125240 2584.4
1125250 2584.4
1125260 2590.7
1125270 2597.8
1125280 2604.8
1125290 2604.8
1125300 2611.8
1125310 2618.6
1125320 2618.6
1125330 2625.3
1125340 2631.8
1125350 2631.8
1125360 2637.3
1125370 2643.1
1125380 2643.1
1125390 2642.7
1125400 2635.7
1125410 2635.7
1125420 2626.7
1125430 2616.7
1125440 2616.7
1125450 2605.8
1125460 2595.1
1125470 2595.2
1125480 2595.2
1125490 2587.7
1125500 2577.9
1125510 2577.9
1125520 2562.8
1125530 2549.1
1125540 2549.1
1125550 2537.9
1125560 2521.1
1125570 2521.1
1125580 2507.8
1125590 2499.1
1125600 2499.1
1125610 2491.7
1125620 2484.8
1125630 2484.8
1125640 2478.0
1125650 2472.1
1125660 2467.5
1125670 2467.5
1125680 2463.3
1125690 2459.5
1125700 2459.5
1125710 2456.4
1125720 2452.7
1125730 2452.7
1125740 2449.0
1125750 2447.8
1125760 2447.8
1125770 2447.9
1125780 2448.7
1125790 2448.7
1125800 2449.0
1125810 2447.7
1125820 2448.6
1125830 2450.1
1125840 2451.2
1125850 2453.1
1125860 2453.1
1125870 2456.9
1125880 2458.3
1125890 2458.3
1125900 2457.5
1125910 2455.7
1125920 2455.7
1125930 2454.4
1125940 2453.0
1125950 2453.0
1125960 2454.9
1125970 2454.5
1125980 2454.5
1125990 2445.3
1126000 2437.8
1126010 2437.8
1126020 2428.0
1126030 2416.5
1126040 2402.2
1126050 2402.2
1126060 2396.6
1126070 2392.5
1126080 2392.5
1126090 2388.4
1126100 2385.6
1126110 2385.6
1126120 2384.4
1126130 2385.2
1126140 2385.2
1126150 2386.5
1126160 2387.0
1126170 2387.0
1126180 2391.7
1126190 2392.6
1126200 2392.6
1126210 2394.0
1126220 2391.7
1126230 2391.7
1126240 2386.9
1126250 2383.6
1126260 2381.6
1126270 2381.6
1126280 2376.7
1126290 2370.7
1126300 2370.7
1126310 2364.4
1126320 2356.6
1126330 2356.6
1126340 2344.7
1126350 2338.1
1126360 2338.1
1126370 2333.8
1126380 2330.6
1126390 2330.6
1126400 2327.7
1126410 2324.7
1126420 2324.7
1126430 2317.1
1126440 2313.8
1126450 2305.4
1126460 2305.4
1126470 2296.2
1126480 2289.0
1126490 2289.0
1126500 2283.4
1126510 2277.4
1126520 2277.4
1126530 2273.3
1126540 2267.7
1126550 2267.7
1126560 2261.3
1126570 2255.6
1126580 2255.6
1126590 2250.8
1126600 2246.6
1126610 2246.6
1126620 2243.0
1126630 2240.2
1126640 2238.0
1126650 2238.0
1126660 2236.0
1126670 2234.3
1126680 2234.3
1126690 2233.4
1126700 2231.8
1126710 2231.8
1126720 2229.9
1126730 2229.5
1126740 2229.5
1126750 2229.5
1126760 2230.0
1126770 2230.0
1126780 2232.7
1126790 2235.2
1126800 2235.2
1126810 2238.5
1126820 2242.9
1126830 2248.7
1126840 2248.7
1126850 2254.8
1126860 2261.5
1126870 2261.5
1126880 2267.7
1126890 2276.4
1126900 2276.4
1126910 2285.5
1126920 2300.2
1126930 2300.2
1126940 2311.1
1126950 2316.4
1126960 2316.4
1126970 2324.5
1126980 2331.9
1126990 2331.9
1127000 2335.9
1127010 2340.6
1127020 2344.9
1127030 2344.9
1127040 2348.0
1127050 2351.9
1127060 2351.9
1127070 2357.1
1127080 2358.7
1127090 2358.7
1127100 2356.8
1127110 2358.9
1127120 2358.9
1127130 2363.0
1127140 2368.4
1127150 2368.4
1127160 2373.7
1127170 2378.2
1127180 2378.2
1127190 2381.9
1127200 2387.3
1127210 2392.6
1127220 2392.6
1127230 2396.4
1127240 2395.8
1127250 2395.8
1127260 2398.9
1127270 2403.2
1127280 2403.2
1127290 2407.2
1127300 2408.7
1127310 2408.7
1127320 2409.8
1127330 2409.9
1127340 2409.9
1127350 2409.8
1127360 2408.8
1127370 2408.8
1127380 2407.8
1127390 2406.4
1127400 2406.4
1127410 2406.1
1127420 2409.2
1127430 2412.8
1127440 2412.8
1127450 2414.7
1127460 2417.0
1127470 2417.0
1127480 2418.9
1127490 2420.7
1127500 2420.7
1127510 2423.8
1127520 2425.7
1127530 2425.7
1127540 2426.8
1127550 2429.6
1127560 2429.6
1127570 2433.4
1127580 2436.9
1127590 2437.9
1127600 2441.1
1127610 2444.5
1127620 2447.9
1127630 2447.9
1127640 2451.3
1127650 2454.3
1127660 2454.3
1127670 2457.1
1127680 2459.6
1127690 2459.6
1127700 2461.3
1127710 2462.9
1127720 2462.9
1127730 2463.7
1127740 2465.0
1127750 2465.0
1127760 2464.9
1127770 2463.2
1127780 2463.2
1127790 2462.2
1127800 2462.2
1127810 2463.2
1127820 2463.2
1127830 2463.1
1127840 2466.4
1127850 2466.4
1127860 2473.2
1127870 2477.2
1127880 2477.2
1127890 2480.7
1127900 2484.4
1127910 2484.4
1127920 2486.6
1127930 2486.1
1127940 2491.2
1127950 2491.4
1127960 2491.6
1127970 2491.6
1127980 2488.8
1127990 2488.4
1128000 2488.6
1128010 2488.6
1128020 2487.6
1128030 2486.8
1128040 2486.8
1128050 2485.0
1128060 2482.3
1128070 2482.3
1128080 2479.4
1128090 2483.1
1128100 2483.1
1128110 2481.8
1128120 2481.0
1128130 2481.0
1128140 2482.3
1128150 2485.2
1128160 2485.2
1128170 2488.2
1128180 2491.0
1128190 2494.4
1128200 2494.4
1128210 2500.1
1128220 2507.7
1128230 2507.7
1128240 2515.8
1128250 2525.6
1128260 2525.6
1128270 2538.4
1128280 2545.6
1128290 2545.6
1128300 2553.6
1128310 2559.4
1128320 2559.4
1128330 2562.8
1128340 2567.8
1128350 2567.8
1128360 2573.3
1128370 2577.4
1128380 2577.4
1128390 2577.3
1128400 2576.1
1128410 2575.2
1128420 2575.2
1128430 2574.9
1128440 2572.5
1128450 2572.5
1128460 2569.2
1128470 2566.7
1128480 2566.7
1128490 2564.4
1128500 2563.9
1128510 2563.9
1128520 2565.6
1128530 2568.4
1128540 2568.4
1128550 2572.2
1128560 2575.0
1128570 2575.0
1128580 2575.5
1128590 2574.8
1128600 2574.1
1128610 2574.1
1128620 2573.9
1128630 2574.6
1128640 2574.6
1128650 2575.4
1128660 2574.8
1128670 2574.8
1128680 2573.7
1128690 2574.0
1128700 2574.0
1128710 2575.3
1128720 2577.1
1128730 2577.1
1128740 2580.5
1128750 2584.1
1128760 2584.1
1128770 2586.4
1128780 2586.3
1128790 2586.8
1128800 2586.8
1128810 2589.1
1128820 2590.2
1128830 2590.2
1128840 2590.7
1128850 2591.9
1128860 2591.9
1128870 2593.7
1128880 2595.7
1128890 2595.7
1128900 2597.7
1128910 2600.0
1128920 2600.0
1128930 2602.5
1128940 2605.3
1128950 2605.3
1128960 2608.4
1128970 2611.6
1128980 2615.2
1128990 2615.2
1129000 2619.2
1129010 2620.4
1129020 2620.4
1129030 2624.9
1129040 2629.7
1129050 2629.7
1129060 2634.6
1129070 2639.6
1129080 2639.6
1129090 2644.7
1129100 2650.1
1129110 2650.1
1129120 2655.8
1129130 2661.9
1129140 2661.9
1129150 2667.2
1129160 2670.4
1129170 2674.1
1129180 2674.1
1129190 2682.4
1129200 2694.0
1129210 2694.0
1129220 2702.5
1129230 2710.7
1129240 2710.7
1129250 2726.8
1129260 2742.4
1129270 2742.4
1129280 2749.3
1129290 2753.0
1129300 2753.0
1129310 2755.9
1129320 2757.4
1129330 2757.4
1129340 2757.8
1129350 2753.5
1129360 2745.2
1129370 2765.4
1129380 2755.6
1129390 2751.0
1129400 2751.0
1129410 2754.6
1129420 2757.0
1129430 2757.0
1129440 2758.5
1129450 2759.1
1129460 2759.1
1129470 2760.9
1129480 2764.4
1129490 2764.4
1129500 2766.9
1129510 2764.7
1129520 2764.7
1129530 2754.5
1129540 2749.9
1129550 2749.9
1129560 2748.3
1129570 2744.4
1129580 2743.6
1129590 2743.6
1129600 2743.6
1129610 2746.0
1129620 2746.0
1129630 2747.6
1129640 2748.8
1129650 2748.8
1129660 2749.0
1129670 2749.1
1129680 2749.1
1129690 2749.6
1129700 2750.5
1129710 2750.5
1129720 2755.3
1129730 2756.2
1129740 2756.2
1129750 2756.9
1129760 2757.5
1129770 2757.9
1129780 2757.9
1129790 2758.1
1129800 2758.1
1129810 2758.1
1129820 2758.0
1129830 2757.8
1129840 2757.8
1129850 2757.6
1129860 2757.4
1129870 2757.4
1129880 2757.5
1129890 2757.9
1129900 2757.9
1129910 2759.0
1129920 2760.8
1129930 2760.8
1129940 2762.5
1129950 2763.9
1129960 2765.1
1129970 2765.1
1129980 2766.2
1129990 2767.5
1130000 2767.5
1130010 2769.2
1130020 2770.6
1130030 2770.6
1130040 2772.5
1130050 2774.8
1130060 2774.8
1130070 2777.4
1130080 2783.3
1130090 2783.3
1130100 2786.3
1130110 2789.3
1130120 2789.3
1130130 2792.4
1130140 2795.4
1130150 2798.2
1130160 2798.2
1130170 2802.1
1130180 2807.3
1130190 2807.3
1130200 2823.3
1130210 2837.1
1130220 2837.1
1130230 2852.7
1130240 2869.6
1130250 2869.6
1130260 2882.6
1130270 2892.0
1130280 2892.0
1130290 2901.4
1130300 2909.0
1130310 2909.0
1130320 2916.0
1130330 2921.1
1130340 2925.5
1130350 2925.5
1130360 2928.7
1130370 2922.8
1130380 2922.8
1130390 2913.3
1130400 2904.6
1130410 2904.6
1130420 2900.3
1130430 2893.2
1130440 2893.2
1130450 2894.9
1130460 2902.5
1130470 2902.5
1130480 2909.4
1130490 2910.8
1130500 2910.8
1130510 2911.0
1130520 2908.7
1130530 2908.7
1130540 2907.7
1130550 2909.3
1130560 2910.4
1130570 2910.4
1130580 2907.6
1130590 2905.4
1130600 2905.4
1130610 2904.1
1130620 2900.8
1130630 2900.8
1130640 2898.3
1130650 2896.9
1130660 2896.9
1130670 2895.8
1130680 2894.6
1130690 2894.6
1130700 2894.0
1130710 2890.6
1130720 2890.6
1130730 2887.0
1130740 2884.2
1130750 2873.7
1130760 2873.7
1130770 2856.9
1130780 2838.6
1130790 2846.1
1130800 2828.1
1130810 2817.3
1130820 2817.3
1130830 2804.3
1130840 2791.3
1130850 2791.3
1130860 2776.2
1130870 2763.5
1130880 2763.5
1130890 2745.8
1130900 2734.5
1130910 2734.5
1130920 2732.2
1130930 2740.7
1130940 2748.1
1130950 2748.1
1130960 2745.2
1130970 2730.4
1130980 2730.4
1130990 2721.1
1131000 2714.1
1131010 2714.1
1131020 2708.1
1131030 2702.3
1131040 2702.3
1131050 2691.8
1131060 2681.1
1131070 2681.1
1131080 2683.2
1131090 2690.2
1131100 2690.2
1131110 2683.8
1131120 2674.6
1131130 2665.1
1131140 2665.1
1131150 2649.0
1131160 2638.6
1131170 2638.6
1131180 2630.6
1131190 2621.6
1131200 2621.6
1131210 2609.8
1131220 2593.8
1131230 2593.8
1131240 2578.6
1131250 2569.0
1131260 2569.0
1131270 2560.4
1131280 2548.7
1131290 2548.7
1131300 2535.4
1131310 2526.6
1131320 2519.7
1131330 2519.7
1131340 2513.3
1131350 2507.3
1131360 2507.3
1131370 2501.5
1131380 2497.0
1131390 2497.0
1131400 2493.9
1131410 2488.0
1131420 2488.0
1131430 2480.3
1131440 2472.3
1131450 2472.3
1131460 2465.0
1131470 2456.8
1131480 2456.8
1131490 2443.8
1131500 2433.0
1131510 2421.6
1131520 2421.6
1131530 2406.1
1131540 2395.7
1131550 2395.7
1131560 2385.6
1131570 2377.5
1131580 2377.5
1131590 2368.2
1131600 2359.4
1131610 2359.4
1131620 2350.7
1131630 2340.7
1131640 2340.7
1131650 2329.2
1131660 2318.4
1131670 2318.4
1131680 2309.7
1131690 2298.2
1131700 2298.2
1131710 2289.7
1131720 2283.8
1131730 2279.0
1131740 2279.0
1131750 2276.2
1131760 2275.8
1131770 2275.8
1131780 2272.8
1131790 2265.6
1131800 2265.6
1131810 2260.4
1131820 2255.7
1131830 2255.7
1131840 2249.4
1131850 2244.5
1131860 2244.5
1131870 2238.6
1131880 2228.2
1131890 2228.2
1131900 2216.8
1131910 2208.4
1131920 2194.4
1131930 2194.4
1131940 2166.4
1131950 2156.2
1131960 2156.2
1131970 2148.1
1131980 2140.2
1131990 2140.2
1132000 2132.8
1132010 2126.0
1132020 2126.0
1132030 2119.8
1132040 2113.8
1132050 2113.8
1132060 2107.7
1132070 2101.5
1132080 2101.5
1132090 2095.4
1132100 2089.5
1132110 2083.4
1132120 2083.4
1132130 2077.7
1132140 2071.9
1132150 2071.9
1132160 2066.3
1132170 2060.7
1132180 2060.7
1132190 2055.2
1132200 2050.0
1132210 2050.0
1132220 2047.9
1132230 2045.0
1132240 2045.0
1132250 2040.8
1132260 2036.6
1132270 2036.6
1132280 2033.0
1132290 2030.2
1132300 2026.7
1132310 2026.7
1132320 2023.0
1132330 2019.5
1132340 2019.5
1132350 2016.6
1132360 2012.7
1132370 2012.7
1132380 2008.7
1132390 2005.8
1132400 2005.8
1132410 2004.1
1132420 2001.8
1132430 2001.8
1132440 1999.0
1132450 1994.3
1132460 1994.3
1132470 1992.2
1132480 1991.0
1132490 1987.9
1132500 1987.9
1132510 1983.5
1132520 1981.7
1132530 1981.7
1132540 1981.3
1132550 1981.0
1132560 1981.0
1132570 1982.8
1132580 1998.3
1132590 1998.3
1132600 2006.6
1132610 2009.8
1132620 2009.8
1132630 2013.1
1132640 2017.1
1132650 2017.1
1132660 2020.5
1132670 2024.1
1132680 2026.8
1132690 2026.8
1132700 2029.6
1132710 2033.0
1132720 2033.0
1132730 2039.2
1132740 2046.2
1132750 2046.2
1132760 2053.5
1132770 2060.1
1132780 2060.1
1132790 2066.5
1132800 2072.8
1132810 2072.8
1132820 2079.2
1132830 2085.9
1132840 2085.9
1132850 2093.6
1132860 2101.6
1132870 2101.6
1132880 2110.1
1132890 2121.5
1132900 2133.9
1132910 2133.9
1132920 2147.4
1132930 2156.4
1132940 2155.8
1132950 2166.4
1132960 2177.0
1132970 2177.0
1132980 2188.0
1132990 2195.7
1133000 2195.7
1133010 2203.4
1133020 2210.5
1133030 2210.5
1133040 2218.1
1133050 2228.4
1133060 2228.4
1133070 2241.1
1133080 2250.8
1133090 2257.9
1133100 2257.9
1133110 2265.1
1133120 2273.0
1133130 2273.0
1133140 2280.0
1133150 2287.8
1133160 2287.8
1133170 2295.0
1133180 2302.3
1133190 2302.3
1133200 2310.0
1133210 2317.1
1133220 2317.1
1133230 2324.4
1133240 2331.9
1133250 2331.9
1133260 2339.3
1133270 2346.4
1133280 2353.5
1133290 2353.5
1133300 2358.6
1133310 2365.1
1133320 2365.1
1133330 2369.0
1133340 2372.4
1133350 2372.4
1133360 2376.7
1133370 2381.0
1133380 2381.0
1133390 2385.3
1133400 2390.3
1133410 2390.3
1133420 2395.0
1133430 2399.1
1133440 2399.1
1133450 2403.1
1133460 2407.0
1133470 2411.0
1133480 2411.0
1133490 2414.7
1133500 2418.9
1133510 2418.9
1133520 2424.2
1133530 2429.5
1133540 2429.5
1133550 2434.9
1133560 2440.4
1133570 2440.4
1133580 2445.6
1133590 2450.9
1133600 2450.9
1133610 2456.9
1133620 2463.4
1133630 2463.4
1133640 2470.3
1133650 2477.5
1133660 2486.0
1133670 2486.0
1133680 2493.1
1133690 2500.2
1133700 2500.2
1133710 2507.3
1133720 2514.6
1133730 2514.6
1133740 2521.8
1133750 2528.3
1133760 2528.3
1133770 2536.7
1133780 2562.2
1133790 2562.2
1133800 2572.5
1133810 2567.4
1133820 2567.4
1133830 2572.7
1133840 2590.3
1133850 2604.0
1133860 2604.0
1133870 2628.9
1133880 2653.6
1133890 2653.6
1133900 2653.4
1133910 2671.6
1133920 2671.6
1133930 2678.0
1133940 2676.5
1133950 2676.5
1133960 2675.1
1133970 2673.8
1133980 2673.8
1133990 2670.4
1134000 2667.6
1134010 2667.6
1134020 2671.0
1134030 2674.5
1134040 2674.5
1134050 2675.3
1134060 2674.7
1134070 2675.2
1134080 2675.2
1134090 2670.1
1134100 2666.9
1134110 2666.9
1134120 2667.8
1134130 2668.3
1134140 2668.3
1134150 2668.2
1134160 2666.7
1134170 2666.7
1134180 2664.8
1134190 2663.2
1134200 2663.2
1134210 2661.1
1134220 2658.4
1134230 2658.4
1134240 2656.1
1134250 2654.7
1134260 2651.9
1134270 2651.9
1134280 2647.6
1134290 2643.0
1134300 2643.0
1134310 2638.7
1134320 2637.8
1134330 2637.8
1134340 2639.3
1134350 2640.8
1134360 2640.8
1134370 2641.6
1134380 2646.0
1134390 2646.0
1134400 2645.2
1134410 2645.2
1134420 2645.2
1134430 2649.1
1134440 2652.8
1134450 2654.7
1134460 2654.7
1134470 2654.5
1134480 2653.9
1134490 2653.9
1134500 2650.8
1134510 2647.7
1134520 2647.7
1134530 2645.2
1134540 2639.6
1134550 2639.6
1134560 2633.7
1134570 2628.5
1134580 2628.5
1134590 2625.3
1134600 2622.0
1134610 2622.0
1134620 2621.2
1134630 2625.1
1134640 2631.6
1134650 2631.6
1134660 2636.0
1134670 2640.7
1134680 2640.7
1134690 2648.3
1134700 2655.5
1134710 2655.5
1134720 2658.7
1134730 2662.6
1134740 2662.2
1134750 2666.7
1134760 2670.1
1134770 2670.1
1134780 2672.9
1134790 2676.1
1134800 2676.1
1134810 2680.5
1134820 2686.9
1134830 2693.6
1134840 2693.6
1134850 2699.1
1134860 2703.6
1134870 2703.6
1134880 2706.4
1134890 2708.0
1134900 2708.0
1134910 2709.3
1134920 2712.5
1134930 2712.5
1134940 2716.8
1134950 2721.8
1134960 2721.8
1134970 2726.4
1134980 2729.9
1134990 2729.9
1135000 2733.8
1135010 2737.0
1135020 2737.0
1135030 2739.5
1135040 2743.9
1135050 2748.5
1135060 2748.5
1135070 2753.1
1135080 2757.4
1135090 2757.4
1135100 2760.5
1135110 2761.7
1135120 2761.7
1135130 2774.9
1135140 2782.9
1135150 2782.9
1135160 2788.5
1135170 2795.1
1135180 2795.1
1135190 2802.4
1135200 2809.2
1135210 2809.2
1135220 2818.2
1135230 2828.8
1135240 2847.4
1135250 2847.4
1135260 2870.0
1135270 2886.0
1135280 2886.0
1135290 2900.4
1135300 2909.1
1135310 2909.1
1135320 2915.5
1135330 2921.8
1135340 2921.8
1135350 2928.1
1135360 2931.9
1135370 2931.9
1135380 2928.1
1135390 2919.9
1135400 2919.9
1135410 2912.2
1135420 2903.3
1135430 2891.3
1135440 2891.3
1135450 2883.0
1135460 2877.7
1135470 2881.6
1135480 2878.1
1135490 2875.0
1135500 2875.0
1135510 2872.9
1135520 2871.3
1135530 2871.3
1135540 2869.7
1135550 2868.3
1135560 2868.3
1135570 2867.0
1135580 2866.2
1135590 2866.2
1135600 2865.3
1135610 2864.5
1135620 2864.1
1135630 2864.1
1135640 2863.6
1135650 2862.5
1135660 2862.5
1135670 2861.8
1135680 2860.6
1135690 2860.6
1135700 2859.7
1135710 2858.3
1135720 2858.3
1135730 2857.6
1135740 2856.0
1135750 2856.0
1135760 2854.5
1135770 2852.7
1135780 2852.7
1135790 2850.9
1135800 2849.1
1135810 2847.6
1135820 2847.6
1135830 2849.8
1135840 2848.2
1135850 2848.2
1135860 2847.2
1135870 2846.6
1135880 2846.6
1135890 2846.4
1135900 2846.5
1135910 2846.5
1135920 2846.8
1135930 2847.3
1135940 2847.3
1135950 2847.9
1135960 2848.7
1135970 2848.7
1135980 2849.6
1135990 2850.7
1136000 2852.1
1136010 2852.1
1136020 2853.7
1136030 2855.3
1136040 2855.3
1136050 2856.7
1136060 2857.9
1136070 2857.9
1136080 2859.1
1136090 2860.2
1136100 2860.2
1136110 2861.5
1136120 2863.0
1136130 2863.0
1136140 2864.5
1136150 2866.3
1136160 2866.3
1136170 2870.2
1136180 2874.3
1136190 2874.3
1136200 2878.5
1136210 2884.1
1136220 2896.3
1136230 2896.3
1136240 2901.5
1136250 2909.2
1136260 2909.2
1136270 2917.6
1136280 2926.4
1136290 2926.4
1136300 2937.3
1136310 2947.9
1136320 2947.9
1136330 2957.1
1136340 2964.9
1136350 2964.9
1136360 2972.0
1136370 2980.8
1136380 2980.8
1136390 3000.5
1136400 3029.3
1136410 3044.2
1136420 3044.2
1136430 3065.0
1136440 3074.7
1136450 3074.7
1136460 3080.7
1136470 3088.7
1136480 3088.7
1136490 3099.0
1136500 3106.6
1136510 3106.6
1136520 3100.9
1136530 3091.5
1136540 3091.5
1136550 3081.3
1136560 3077.6
1136570 3077.6
1136580 3075.8
1136590 3075.1
1136600 3074.2
1136610 3074.2
1136620 3073.0
1136630 3071.3
1136640 3071.3
1136650 3069.5
1136660 3067.8
1136670 3067.8
1136680 3066.5
1136690 3065.6
1136700 3065.6
1136710 3065.1
1136720 3064.9
1136730 3064.9
1136740 3065.0
1136750 3065.3
1136760 3065.3
1136770 3066.2
1136780 3067.1
1136790 3067.8
1136800 3067.8
1136810 3068.6
1136820 3069.7
1136830 3069.7
1136840 3070.9
1136850 3072.8
1136860 3072.8
1136870 3075.5
1136880 3082.5
1136890 3082.5
1136900 3087.3
1136910 3091.7
1136920 3096.4
1136930 3100.3
1136940 3103.7
1136950 3103.7
1136960 3107.4
1136970 3111.0
1136980 3115.2
1136990 3115.2
1137000 3119.3
1137010 3122.4
1137020 3122.4
1137030 3124.2
1137040 3124.8
1137050 3124.8
1137060 3124.7
1137070 3121.5
1137080 3121.5
1137090 3117.2
1137100 3109.7
1137110 3109.7
1137120 3100.3
1137130 3088.7
1137140 3088.7
1137150 3072.7
1137160 3060.1
1137170 3052.8
1137180 3052.8
1137190 3047.7
1137200 3045.6
1137210 3045.6
1137220 3046.5
1137230 3044.2
1137240 3044.2
1137250 3036.5
1137260 3025.0
1137270 3025.0
1137280 3029.7
1137290 3022.4
1137300 3022.4
1137310 3016.1
1137320 3014.0
1137330 3014.0
1137340 3011.3
1137350 3004.6
1137360 3004.6
1137370 3003.0
1137380 3005.9
1137390 3003.7
1137400 3003.7
1137410 2995.4
1137420 2986.7
1137430 2986.7
1137440 2978.3
1137450 2973.7
1137460 2973.7
1137470 2970.1
1137480 2966.1
1137490 2966.1
1137500 2961.5
1137510 2956.1
1137520 2956.1
1137530 2950.0
1137540 2943.8
1137550 2943.8
1137560 2938.1
1137570 2932.9
1137580 2926.3
1137590 2926.3
1137600 2917.4
1137610 2911.0
1137620 2911.0
1137630 2907.6
1137640 2903.8
1137650 2913.1
1137660 2910.9
1137670 2912.6
1137680 2912.6
1137690 2912.0
1137700 2900.8
1137710 2900.8
1137720 2890.4
1137730 2884.8
1137740 2884.8
1137750 2877.4
1137760 2870.3
1137770 2865.6
1137780 2865.6
1137790 2870.9
1137800 2882.4
1137810 2882.4
1137820 2877.0
1137830 2862.6
1137840 2862.6
1137850 2862.0
1137860 2860.0
1137870 2860.0
1137880 2857.9
1137890 2855.7
1137900 2855.7
1137910 2854.4
1137920 2854.2
1137930 2854.2
1137940 2856.0
1137950 2857.4
1137960 2856.5
1137970 2856.5
1137980 2854.3
1137990 2852.6
1138000 2852.6
1138010 2865.0
1138020 2862.2
1138030 2862.2
1138040 2862.2
1138050 2862.9
1138060 2862.9
1138070 2864.2
1138080 2867.9
1138090 2867.9
1138100 2868.3
1138110 2871.3
1138120 2871.3
1138130 2872.8
1138140 2874.8
1138150 2875.8
1138160 2875.8
1138170 2874.1
1138180 2874.4
1138190 2874.4
1138200 2875.8
1138210 2877.1
1138220 2877.1
1138230 2877.2
1138240 2878.8
1138250 2878.8
1138260 2879.2
1138270 2878.1
1138280 2878.1
1138290 2876.3
1138300 2874.1
1138310 2874.1
1138320 2873.7
1138330 2876.2
1138340 2877.7
1138350 2877.7
1138360 2879.8
1138370 2884.1
1138380 2897.4
1138390 2901.8
1138400 2905.4
1138410 2905.4
1138420 2912.7
1138430 2920.8
1138440 2920.8
1138450 2922.3
1138460 2914.1
1138470 2914.1
1138480 2906.4
1138490 2902.0
1138500 2902.0
1138510 2889.9
1138520 2881.1
1138530 2881.1
1138540 2878.7
1138550 2878.6
1138560 2879.1
1138570 2879.1
1138580 2880.5
1138590 2881.9
1138600 2881.9
1138610 2882.8
1138620 2883.3
1138630 2883.3
1138640 2883.6
1138650 2883.7
1138660 2883.7
1138670 2883.5
1138680 2883.5
1138690 2883.5
1138700 2883.3
1138710 2883.2
1138720 2883.2
1138730 2883.0
1138740 2887.1
1138750 2887.2
1138760 2887.2
1138770 2887.4
1138780 2887.7
1138790 2887.7
1138800 2888.1
1138810 2888.4
1138820 2888.4
1138830 2888.6
1138840 2889.1
1138850 2889.1
1138860 2889.7
1138870 2890.4
1138880 2890.4
1138890 2891.6
1138900 2894.0
1138910 2894.0
1138920 2898.1
1138930 2901.8
1138940 2904.1
1138950 2904.1
1138960 2906.5
1138970 2909.2
1138980 2909.2
1138990 2910.3
1139000 2904.6
1139010 2904.6
1139020 2897.9
1139030 2892.5
1139040 2892.5
1139050 2886.2
1139060 2879.0
1139070 2879.0
1139080 2870.3
1139090 2861.5
1139100 2861.5
1139110 2853.1
1139120 2845.1
1139130 2836.3
1139140 2836.3
1139150 2828.3
1139160 2820.9
1139170 2820.9
1139180 2814.2
1139190 2807.8
1139200 2807.8
1139210 2801.4
1139220 2795.2
1139230 2795.2
1139240 2789.2
1139250 2783.5
1139260 2783.5
1139270 2778.8
1139280 2774.4
1139290 2774.4
1139300 2769.6
1139310 2763.8
1139320 2758.7
1139330 2758.7
1139340 2755.0
1139350 2751.3
1139360 2751.3
1139370 2747.3
1139380 2744.0
1139390 2744.0
1139400 2741.9
1139410 2740.2
1139420 2740.2
1139430 2738.4
1139440 2736.8
1139450 2736.8
1139460 2735.2
1139470 2733.4
1139480 2733.4
1139490 2731.7
1139500 2729.9
1139510 2728.3
1139520 2728.3
1139530 2727.6
1139540 2727.3
1139550 2727.3
1139560 2726.9
1139570 2725.8
1139580 2725.8
1139590 2724.2
1139600 2721.3
1139610 2721.3
1139620 2717.5
1139630 2713.0
1139640 2713.0
1139650 2708.3
1139660 2703.8
1139670 2703.8
1139680 2697.6
1139690 2692.0
1139700 2692.0
1139710 2687.6
1139720 2684.9
1139730 2683.8
1139740 2683.8
1139750 2685.5
1139760 2688.1
1139770 2688.1
1139780 2690.3
1139790 2692.2
1139800 2692.2
1139810 2693.5
1139820 2694.0
1139830 2694.0
