1120000 2531.9
1120010 2530.5
1120020 2530.5
1120030 2535.4
1120040 2531.8
1120050 2531.8
1120060 2531.3
1120070 2531.2
1120080 2530.5
1120090 2530.5
1120100 2529.4
1120110 2528.1
1120120 2528.1
1120130 2525.8
1120140 2520.8
1120150 2520.8
1120160 2517.4
1120170 2514.6
1120180 2514.6
1120190 2512.3
1120200 2499.6
1120210 2499.6
1120220 2486.1
1120230 2479.1
1120240 2479.1
1120250 2471.3
1120260 2462.9
1120270 2458.2
1120280 2458.2
1120290 2454.8
1120300 2452.8
1120310 2452.8
1120320 2450.0
1120330 2444.8
1120340 2444.8
1120350 2440.0
1120360 2438.8
1120370 2438.8
1120380 2442.5
1120390 2446.2
1120400 2446.2
1120410 2450.4
1120420 2453.9
1120430 2453.9
1120440 2456.4
1120450 2457.5
1120460 2457.5
1120470 2456.6
1120480 2455.2
1120490 2455.5
1120500 2455.5
1120510 2456.6
1120520 2461.1
1120530 2461.1
1120540 2465.6
1120550 2469.8
1120560 2469.8
1120570 2474.1
1120580 2478.3
1120590 2478.3
1120600 2482.5
1120610 2486.7
1120620 2486.7
1120630 2490.6
1120640 2494.7
1120650 2494.7
1120660 2499.5
1120670 2504.4
1120680 2509.7
1120690 2509.7
1120700 2515.7
1120710 2521.2
1120720 2521.2
1120730 2530.1
1120740 2536.3
1120750 2536.3
1120760 2542.0
1120770 2547.5
1120780 2547.5
1120790 2553.7
1120800 2561.9
1120810 2561.9
1120820 2571.8
1120830 2579.0
1120840 2579.0
1120850 2586.4
1120860 2594.3
1120870 2603.9
1120880 2603.9
1120890 2615.0
1120900 2623.1
1120910 2623.1
1120920 2630.1
1120930 2636.2
1120940 2636.2
1120950 2642.4
1120960 2652.3
1120970 2652.3
1120980 2662.6
1120990 2669.9
1121000 2669.9
1121010 2677.5
1121020 2685.0
1121030 2685.0
1121040 2693.3
1121050 2703.6
1121060 2718.0
1121070 2718.0
1121080 2728.1
1121090 2735.6
1121100 2735.6
1121110 2745.7
1121120 2765.3
1121130 2765.3
1121140 2781.9
1121150 2793.5
1121160 2793.5
1121170 2804.4
1121180 2807.5
1121190 2807.5
1121200 2789.4
1121210 2778.9
1121220 2778.9
1121230 2763.2
1121240 2751.2
1121250 2741.2
1121260 2741.2
1121270 2732.6
1121280 2724.4
1121290 2724.4
1121300 2715.1
1121310 2704.8
1121320 2704.8
1121330 2697.0
1121340 2688.3
1121350 2688.3
1121360 2680.0
1121370 2671.3
1121380 2671.3
1121390 2663.9
1121400 2655.1
1121410 2655.1
1121420 2648.3
1121430 2640.3
1121440 2640.3
1121450 2632.6
1121460 2624.3
1121470 2613.8
1121480 2613.8
1121490 2614.1
1121500 2603.2
1121510 2603.2
1121520 2592.8
1121530 2572.3
1121540 2572.3
1121550 2562.9
1121560 2558.7
1121570 2558.7
1121580 2554.1
1121590 2549.0
1121600 2549.0
1121610 2543.7
1121620 2538.6
1121630 2538.6
1121640 2533.8
1121650 2529.0
1121660 2524.1
1121670 2524.1
1121680 2520.5
1121690 2517.3
1121700 2517.3
1121710 2514.0
1121720 2511.4
1121730 2511.4
1121740 2508.7
1121750 2505.0
1121760 2505.0
1121770 2494.9
1121780 2491.0
1121790 2491.0
1121800 2487.2
1121810 2483.8
1121820 2483.8
1121830 2482.2
1121840 2480.3
1121850 2478.9
1121860 2478.9
1121870 2475.0
1121880 2471.7
1121890 2471.7
1121900 2471.2
1121910 2466.8
1121920 2466.8
1121930 2459.9
1121940 2450.7
1121950 2450.7
1121960 2441.3
1121970 2437.5
1121980 2437.5
1121990 2434.5
1122000 2427.8
1122010 2427.8
1122020 2420.8
1122030 2415.2
1122040 2410.1
1122050 2410.1
1122060 2405.9
1122070 2402.8
1122080 2402.8
1122090 2400.3
1122100 2397.5
1122110 2397.5
1122120 2384.7
1122130 2377.7
1122140 2377.7
1122150 2371.8
1122160 2365.1
1122170 2365.1
1122180 2358.2
1122190 2351.0
1122200 2351.0
1122210 2342.3
1122220 2335.4
1122230 2328.3
1122240 2328.3
1122250 2315.9
1122260 2302.5
1122270 2302.5
1122280 2295.2
1122290 2288.2
1122300 2288.2
1122310 2280.7
1122320 2268.5
1122330 2268.5
1122340 2261.7
1122350 2255.2
1122360 2255.2
1122370 2248.6
1122380 2241.9
1122390 2241.9
1122400 2235.2
1122410 2228.2
1122420 2228.2
1122430 2221.5
1122440 2214.8
1122450 2208.0
1122460 2208.0
1122470 2199.5
1122480 2192.0
1122490 2192.0
1122500 2185.8
1122510 2179.8
1122520 2179.8
1122530 2173.2
1122540 2166.9
1122550 2166.9
1122560 2161.3
1122570 2155.9
1122580 2155.9
1122590 2150.9
1122600 2145.8
1122610 2145.8
1122620 2140.3
1122630 2134.6
1122640 2130.0
1122650 2130.0
1122660 2126.3
1122670 2121.9
1122680 2121.9
1122690 2116.0
1122700 2109.5
1122710 2109.5
1122720 2105.8
1122730 2101.7
1122740 2101.7
1122750 2096.9
1122760 2091.6
1122770 2091.6
1122780 2086.9
1122790 2082.8
1122800 2082.8
1122810 2079.4
1122820 2075.6
1122830 2072.8
1122840 2072.8
1122850 2070.2
1122860 2067.6
1122870 2067.6
1122880 2065.4
1122890 2063.5
1122900 2063.5
1122910 2062.3
1122920 2061.1
1122930 2061.1
1122940 2059.8
1122950 2057.1
1122960 2057.1
1122970 2050.9
1122980 2040.0
1122990 2040.0
1123000 2033.7
1123010 2027.9
1123020 2022.7
1123030 2022.7
1123040 2017.8
1123050 2012.9
1123060 2012.9
1123070 2009.7
1123080 2008.6
1123090 2008.6
1123100 2008.6
1123110 2008.6
1123120 2008.6
1123130 2007.5
1123140 2007.2
1123150 2007.2
1123160 2007.4
1123170 2008.0
1123180 2008.0
1123190 2008.4
1123200 2008.4
1123210 2008.4
1123220 2007.9
1123230 2005.2
1123240 2004.9
1123250 2004.9
1123260 2005.0
1123270 2005.1
1123280 2005.1
1123290 2005.0
1123300 2004.9
1123310 2004.9
1123320 2004.9
1123330 2004.8
1123340 2004.8
1123350 2004.6
1123360 2004.6
1123370 2004.6
1123380 2004.5
1123390 2004.4
1123400 2004.4
1123410 2004.2
1123420 2004.2
1123430 2004.7
1123440 2004.7
1123450 2005.3
1123460 2006.9
1123470 2006.9
1123480 2005.4
1123490 2005.0
1123500 2005.0
1123510 2005.0
1123520 2005.0
1123530 2005.0
1123540 2005.8
1123550 2005.0
1123560 2005.0
1123570 2005.3
1123580 2007.5
1123590 2007.5
1123600 2007.9
1123610 2007.8
1123620 2007.5
1123630 2007.5
1123640 2007.3
1123650 2008.4
1123660 2008.4
1123670 2009.8
1123680 2011.4
1123690 2011.4
1123700 2012.8
1123710 2013.7
1123720 2013.7
1123730 2014.6
1123740 2016.2
1123750 2016.2
1123760 2017.9
1123770 2020.3
1123780 2020.3
1123790 2024.0
1123800 2028.4
1123810 2033.2
1123820 2033.2
1123830 2037.2
1123840 2040.4
1123850 2040.4
1123860 2044.2
1123870 2049.9
1123880 2049.9
1123890 2053.7
1123900 2055.9
1123910 2055.9
1123920 2058.0
1123930 2061.4
1123940 2061.4
1123950 2064.5
1123960 2067.3
1123970 2067.3
1123980 2070.3
1123990 2073.9
1124000 2077.0
1124010 2077.0
1124020 2079.5
1124030 2082.1
1124040 2082.1
1124050 2086.5
1124060 2090.2
1124070 2090.2
1124080 2093.6
1124090 2098.3
1124100 2098.3
1124110 2102.9
1124120 2109.0
1124130 2109.0
1124140 2116.2
1124150 2122.9
1124160 2122.9
1124170 2127.7
1124180 2132.5
1124190 2132.5
1124200 2139.0
1124210 2144.7
1124220 2154.2
1124230 2154.2
1124240 2159.9
1124250 2164.5
1124260 2164.5
1124270 2169.6
1124280 2174.8
1124290 2174.8
1124300 2181.3
1124310 2187.2
1124320 2187.2
1124330 2192.6
1124340 2198.4
1124350 2198.4
1124360 2203.9
1124370 2209.5
1124380 2209.5
1124390 2213.6
1124400 2216.1
1124410 2219.8
1124420 2219.8
1124430 2225.0
1124440 2230.6
1124450 2230.6
1124460 2236.5
1124470 2241.8
1124480 2241.8
1124490 2247.9
1124500 2254.1
1124510 2254.1
1124520 2259.8
1124530 2264.9
1124540 2264.9
1124550 2271.3
1124560 2276.2
1124570 2276.3
1124580 2282.1
1124590 2289.7
1124600 2297.8
1124610 2297.8
1124620 2305.6
1124630 2310.4
1124640 2310.4
1124650 2313.3
1124660 2316.8
1124670 2316.8
1124680 2322.4
1124690 2330.2
1124700 2330.2
1124710 2337.8
1124720 2344.7
1124730 2344.7
1124740 2351.0
1124750 2355.8
1124760 2355.8
1124770 2360.2
1124780 2364.0
1124790 2367.6
1124800 2367.6
1124810 2371.8
1124820 2375.5
1124830 2375.5
1124840 2379.8
1124850 2384.9
1124860 2384.9
1124870 2390.7
1124880 2395.4
1124890 2395.4
1124900 2399.7
1124910 2403.7
1124920 2406.1
1124930 2409.7
1124940 2412.7
1124950 2412.7
1124960 2415.8
1124970 2420.1
1124980 2424.2
1124990 2424.2
1125000 2428.7
1125010 2432.3
1125020 2432.3
1125030 2436.0
1125040 2440.4
1125050 2440.4
1125060 2445.5
1125070 2451.7
1125080 2451.7
1125090 2458.7
1125100 2465.8
1125110 2465.8
1125120 2473.4
1125130 2481.4
1125140 2481.4
1125150 2492.9
1125160 2503.9
1125170 2503.9
1125180 2511.7
1125190 2519.6
1125200 2526.9
1125210 2526.9
1125220 2533.4
1125230 2540.7
1125240 2540.7
1125250 2543.6
1125260 2534.3
1125270 2534.3
1125280 2528.9
1125290 2510.6
1125300 2510.6
1125310 2498.7
1125320 2486.1
1125330 2486.1
1125340 2479.9
1125350 2473.9
1125360 2473.9
1125370 2465.8
1125380 2458.7
1125390 2455.2
1125400 2455.2
1125410 2451.3
1125420 2445.8
1125430 2445.8
1125440 2439.6
1125450 2434.9
1125460 2434.9
1125470 2431.4
1125480 2428.2
1125490 2428.2
1125500 2424.9
1125510 2422.0
1125520 2422.0
1125530 2419.4
1125540 2416.2
1125550 2416.2
1125560 2411.7
1125570 2408.0
1125580 2406.5
1125590 2406.5
1125600 2405.4
1125610 2404.8
1125620 2404.8
1125630 2406.3
1125640 2403.0
1125650 2403.0
1125660 2397.7
1125670 2393.8
1125680 2393.8
1125690 2389.1
1125700 2383.7
1125710 2383.7
1125720 2378.5
1125730 2374.0
1125740 2374.0
1125750 2371.4
1125760 2368.7
1125770 2367.2
1125780 2367.2
1125790 2366.4
1125800 2364.6
1125810 2364.6
1125820 2362.5
1125830 2360.7
1125840 2360.7
1125850 2358.6
1125860 2355.8
1125870 2355.8
1125880 2353.1
1125890 2350.6
1125900 2350.6
1125910 2348.8
1125920 2347.8
1125930 2347.8
1125940 2346.4
1125950 2344.4
1125960 2342.3
1125970 2342.3
1125980 2340.5
1125990 2339.1
1126000 2339.1
1126010 2337.5
1126020 2335.7
1126030 2335.7
1126040 2333.7
1126050 2332.5
1126060 2332.5
1126070 2332.6
1126080 2333.5
1126090 2333.5
1126100 2333.4
1126110 2331.9
1126120 2331.9
1126130 2329.9
1126140 2328.5
1126150 2328.5
1126160 2326.0
1126170 2321.5
1126180 2315.9
1126190 2315.9
1126200 2308.1
1126210 2298.6
1126220 2298.6
1126230 2289.8
1126240 2281.8
1126250 2281.8
1126260 2274.3
1126270 2267.9
1126280 2267.9
1126290 2261.6
1126300 2254.7
1126310 2254.7
1126320 2247.4
1126330 2242.3
1126340 2242.3
1126350 2235.7
1126360 2229.5
1126370 2223.7
1126380 2223.7
1126390 2218.3
1126400 2213.2
1126410 2213.2
1126420 2208.9
1126430 2205.2
1126440 2205.2
1126450 2201.6
1126460 2199.4
1126470 2199.4
1126480 2196.5
1126490 2194.3
1126500 2194.3
1126510 2193.3
1126520 2192.7
1126530 2192.7
1126540 2192.1
1126550 2190.8
1126560 2190.6
1126570 2190.6
1126580 2190.5
1126590 2192.6
1126600 2192.6
1126610 2193.9
1126620 2195.3
1126630 2195.3
1126640 2197.6
1126650 2200.4
1126660 2200.4
1126670 2203.7
1126680 2207.2
1126690 2206.8
1126700 2211.2
1126710 2214.9
1126720 2214.9
1126730 2218.1
1126740 2222.2
1126750 2227.0
1126760 2227.0
1126770 2232.2
1126780 2236.4
1126790 2236.4
1126800 2238.8
1126810 2242.6
1126820 2242.6
1126830 2247.2
1126840 2252.3
1126850 2252.3
1126860 2256.8
1126870 2260.8
1126880 2260.8
1126890 2265.0
1126900 2270.0
1126910 2270.0
1126920 2274.8
1126930 2279.3
1126940 2283.9
1126950 2283.9
1126960 2288.4
1126970 2292.8
1126980 2292.8
1126990 2297.8
1127000 2303.6
1127010 2303.6
1127020 2307.8
1127030 2311.9
1127040 2310.0
1127050 2314.6
1127060 2320.1
1127070 2320.1
1127080 2324.8
1127090 2327.0
1127100 2327.0
1127110 2328.3
1127120 2330.1
1127130 2330.1
1127140 2332.0
1127150 2334.5
1127160 2337.4
1127170 2337.4
1127180 2341.4
1127190 2345.4
1127200 2345.4
1127210 2349.4
1127220 2353.5
1127230 2353.5
1127240 2357.2
1127250 2360.8
1127260 2360.8
1127270 2364.8
1127280 2368.9
1127290 2368.9
1127300 2373.9
1127310 2378.4
1127320 2378.4
1127330 2382.7
1127340 2388.3
1127350 2396.5
1127360 2396.5
1127370 2406.0
1127380 2411.4
1127390 2406.1
1127400 2409.7
1127410 2412.0
1127420 2412.0
1127430 2415.1
1127440 2419.0
1127450 2419.0
1127460 2422.5
1127470 2426.4
1127480 2426.4
1127490 2431.2
1127500 2435.4
1127510 2435.4
1127520 2439.0
1127530 2441.0
1127540 2441.4
1127550 2441.4
1127560 2442.2
1127570 2443.2
1127580 2443.2
1127590 2443.9
1127600 2444.4
1127610 2444.4
1127620 2445.1
1127630 2446.1
1127640 2446.1
1127650 2447.3
1127660 2448.2
1127670 2448.2
1127680 2449.4
1127690 2450.6
1127700 2450.6
1127710 2451.3
1127720 2451.5
1127730 2452.5
1127740 2452.5
1127750 2456.3
1127760 2457.4
1127770 2457.4
1127780 2458.2
1127790 2458.8
1127800 2458.8
1127810 2459.1
1127820 2458.9
1127830 2458.9
1127840 2458.3
1127850 2457.0
1127860 2457.0
1127870 2455.0
1127880 2453.1
1127890 2453.1
1127900 2452.0
1127910 2450.6
1127920 2449.1
1127930 2449.1
1127940 2448.1
1127950 2447.2
1127960 2447.2
1127970 2445.4
1127980 2443.5
1127990 2443.5
1128000 2442.6
1128010 2442.0
1128020 2442.0
1128030 2441.5
1128040 2440.6
1128050 2440.6
1128060 2439.6
1128070 2439.0
1128080 2439.0
1128090 2438.2
1128100 2439.4
1128110 2439.4
1128120 2439.1
1128130 2439.0
1128140 2439.1
1128150 2439.1
1128160 2439.5
1128170 2440.1
1128180 2440.1
1128190 2440.7
1128200 2443.2
1128210 2443.2
1128220 2446.5
1128230 2450.2
1128240 2450.2
1128250 2454.0
1128260 2459.4
1128270 2459.4
1128280 2465.4
1128290 2471.9
1128300 2471.9
1128310 2478.7
1128320 2482.5
1128330 2485.4
1128340 2485.4
1128350 2486.5
1128360 2486.0
1128370 2486.0
1128380 2486.1
1128390 2487.5
1128400 2487.5
1128410 2489.5
1128420 2490.7
1128430 2490.7
1128440 2491.8
1128450 2492.4
1128460 2493.4
1128470 2494.4
1128480 2495.8
1128490 2495.8
1128500 2497.7
1128510 2499.7
1128520 2501.5
1128530 2501.5
1128540 2503.4
1128550 2504.2
1128560 2504.2
1128570 2505.3
1128580 2506.9
1128590 2506.9
1128600 2508.5
1128610 2510.8
1128620 2510.8
1128630 2513.8
1128640 2517.1
1128650 2517.1
1128660 2521.1
1128670 2526.4
1128680 2526.4
1128690 2532.5
1128700 2539.4
1128710 2546.2
1128720 2546.2
1128730 2553.2
1128740 2559.9
1128750 2559.9
1128760 2565.8
1128770 2571.8
1128780 2571.8
1128790 2577.9
1128800 2582.1
1128810 2582.1
1128820 2586.6
1128830 2591.9
1128840 2591.9
1128850 2597.7
1128860 2602.9
1128870 2602.9
1128880 2607.2
1128890 2610.9
1128900 2613.4
1128910 2613.4
1128920 2614.6
1128930 2614.8
1128940 2614.8
1128950 2614.2
1128960 2613.4
1128970 2613.4
1128980 2612.8
1128990 2612.4
1129000 2612.4
1129010 2612.3
1129020 2612.4
1129030 2612.4
1129040 2612.9
1129050 2613.8
1129060 2613.8
1129070 2615.1
1129080 2616.4
1129090 2616.4
1129100 2617.8
1129110 2619.6
1129120 2621.8
1129130 2621.8
1129140 2624.3
1129150 2626.5
1129160 2626.5
1129170 2630.6
1129180 2632.2
1129190 2632.2
1129200 2633.5
1129210 2635.1
1129220 2635.1
1129230 2636.5
1129240 2638.4
1129250 2638.4
1129260 2640.3
1129270 2642.1
1129280 2642.1
1129290 2643.9
1129300 2645.5
1129310 2646.9
1129320 2646.9
1129330 2648.2
1129340 2649.7
1129350 2649.7
1129360 2651.2
1129370 2652.5
1129380 2652.5
1129390 2653.5
1129400 2654.4
1129410 2654.4
1129420 2655.0
1129430 2655.5
1129440 2655.5
1129450 2655.8
1129460 2655.9
1129470 2655.9
1129480 2656.1
1129490 2656.8
1129500 2657.9
1129510 2657.9
1129520 2659.6
1129530 2661.5
1129540 2661.5
1129550 2663.7
1129560 2665.9
1129570 2665.9
1129580 2667.6
1129590 2669.4
1129600 2669.4
1129610 2671.3
1129620 2673.2
1129630 2673.2
1129640 2675.3
1129650 2677.9
1129660 2677.9
1129670 2680.1
1129680 2682.6
1129690 2685.9
1129700 2685.9
1129710 2689.1
1129720 2692.5
1129730 2692.5
1129740 2695.1
1129750 2697.2
1129760 2697.2
1129770 2699.9
1129780 2704.0
1129790 2704.0
1129800 2709.0
1129810 2713.8
1129820 2713.8
1129830 2719.1
1129840 2724.6
1129850 2724.6
1129860 2730.7
1129870 2737.4
1129880 2739.0
1129890 2739.0
1129900 2746.2
1129910 2754.1
1129920 2754.1
1129930 2761.9
1129940 2769.5
1129950 2769.5
1129960 2777.2
1129970 2785.4
1129980 2785.4
1129990 2792.9
1130000 2800.3
1130010 2800.3
1130020 2807.7
1130030 2816.4
1130040 2816.4
1130050 2821.5
1130060 2814.5
1130070 2814.5
1130080 2805.2
1130090 2791.2
1130100 2772.3
1130110 2772.3
1130120 2755.1
1130130 2744.0
1130140 2744.0
1130150 2740.6
1130160 2737.7
1130170 2737.7
1130180 2734.9
1130190 2732.4
1130200 2732.4
1130210 2730.3
1130220 2728.5
1130230 2728.5
1130240 2730.0
1130250 2728.4
1130260 2728.4
1130270 2726.8
1130280 2725.0
1130290 2723.3
1130300 2723.3
1130310 2721.5
1130320 2719.8
1130330 2719.8
1130340 2718.5
1130350 2717.8
1130360 2717.8
1130370 2717.7
1130380 2718.2
1130390 2718.2
1130400 2718.7
1130410 2719.2
1130420 2719.2
1130430 2719.8
1130440 2720.5
1130450 2720.5
1130460 2721.2
1130470 2721.6
1130480 2721.6
1130490 2721.6
1130500 2721.4
1130510 2720.8
1130520 2720.8
1130530 2720.1
1130540 2719.2
1130550 2719.2
1130560 2718.1
1130570 2717.0
1130580 2717.0
1130590 2719.6
1130600 2718.3
1130610 2718.3
1130620 2717.0
1130630 2715.7
1130640 2715.7
1130650 2714.5
1130660 2713.3
1130670 2712.2
1130680 2712.2
1130690 2711.2
1130700 2710.5
1130710 2710.5
1130720 2710.0
1130730 2709.4
1130740 2709.4
1130750 2708.9
1130760 2708.5
1130770 2708.5
1130780 2708.8
1130790 2709.4
1130800 2709.4
1130810 2710.4
1130820 2711.8
1130830 2711.8
1130840 2713.4
1130850 2715.4
1130860 2717.8
1130870 2717.8
1130880 2722.1
1130890 2728.4
1130900 2728.4
1130910 2736.3
1130920 2743.8
1130930 2743.8
1130940 2749.6
1130950 2728.4
1130960 2728.4
1130970 2716.2
1130980 2709.3
1130990 2709.3
1131000 2700.9
1131010 2691.5
1131020 2691.5
1131030 2680.0
1131040 2671.6
1131050 2664.6
1131060 2664.6
1131070 2654.9
1131080 2644.2
1131090 2644.2
1131100 2633.4
1131110 2626.5
1131120 2626.5
1131130 2620.4
1131140 2611.1
1131150 2611.1
1131160 2600.3
1131170 2590.3
1131180 2590.3
1131190 2580.7
1131200 2572.4
1131210 2572.4
1131220 2564.8
1131230 2556.9
1131240 2556.9
1131250 2549.3
1131260 2542.1
1131270 2535.0
1131280 2535.0
1131290 2526.4
1131300 2518.8
1131310 2519.3
1131320 2509.9
1131330 2500.8
1131340 2500.8
1131350 2497.7
1131360 2496.7
1131370 2496.7
1131380 2496.8
1131390 2494.2
1131400 2494.2
1131410 2483.7
1131420 2468.7
1131430 2468.7
1131440 2458.0
1131450 2465.7
1131460 2481.9
1131470 2481.9
1131480 2488.9
1131490 2483.3
1131500 2483.3
1131510 2475.9
1131520 2466.8
1131530 2466.8
1131540 2457.4
1131550 2446.1
1131560 2446.1
1131570 2434.4
1131580 2425.3
1131590 2425.3
1131600 2419.9
1131610 2414.7
1131620 2414.7
1131630 2408.8
1131640 2401.7
1131650 2394.3
1131660 2394.3
1131670 2386.7
1131680 2379.0
1131690 2379.0
1131700 2371.3
1131710 2364.0
1131720 2364.0
1131730 2356.9
1131740 2349.3
1131750 2349.3
1131760 2341.7
1131770 2334.2
1131780 2334.2
1131790 2326.0
1131800 2313.1
1131810 2313.1
1131820 2290.9
1131830 2271.1
1131840 2268.9
1131850 2268.9
1131860 2254.8
1131870 2242.4
1131880 2242.4
1131890 2224.1
1131900 2209.2
1131910 2209.2
1131920 2201.1
1131930 2198.0
1131940 2198.0
1131950 2194.1
1131960 2186.8
1131970 2186.8
1131980 2176.7
1131990 2160.9
1132000 2160.9
1132010 2146.9
1132020 2136.7
1132030 2127.7
1132040 2127.7
1132050 2120.3
1132060 2113.1
1132070 2113.1
1132080 2105.8
1132090 2097.6
1132100 2097.6
1132110 2088.9
1132120 2080.1
1132130 2080.1
1132140 2070.8
1132150 2061.7
1132160 2061.7
1132170 2051.2
1132180 2038.7
1132190 2038.7
1132200 2029.0
1132210 2022.1
1132220 2022.1
1132230 2016.6
1132240 2011.6
1132250 2006.3
1132260 2006.3
1132270 2001.0
1132280 1995.7
1132290 1995.7
1132300 1990.5
1132310 1985.8
1132320 1985.8
1132330 1981.5
1132340 1977.6
1132350 1977.6
1132360 1974.4
1132370 1971.6
1132380 1973.3
1132390 1971.9
1132400 1969.5
1132410 1969.5
1132420 1967.7
1132430 1966.3
1132440 1964.4
1132450 1964.4
1132460 1962.1
1132470 1959.8
1132480 1959.8
1132490 1958.2
1132500 1953.4
1132510 1953.4
1132520 1948.8
1132530 1948.1
1132540 1948.1
1132550 1945.3
1132560 1947.3
1132570 1947.3
1132580 1952.1
1132590 1955.2
1132600 1955.2
1132610 1958.4
1132620 1962.0
1132630 1965.7
1132640 1965.7
1132650 1969.7
1132660 1973.8
1132670 1973.8
1132680 1978.1
1132690 1982.7
1132700 1982.7
1132710 1987.5
1132720 1992.3
1132730 1992.3
1132740 2000.5
1132750 2005.7
1132760 2005.7
1132770 2012.1
1132780 2019.4
1132790 2019.4
1132800 2027.3
1132810 2035.1
1132820 2042.7
1132830 2042.7
1132840 2050.0
1132850 2059.0
1132860 2059.0
1132870 2069.9
1132880 2079.9
1132890 2079.9
1132900 2087.7
1132910 2095.8
1132920 2095.8
1132930 2105.6
1132940 2114.6
1132950 2114.6
1132960 2124.2
1132970 2141.6
1132980 2141.6
1132990 2160.8
1133000 2170.2
1133010 2178.2
1133020 2178.2
1133030 2185.8
1133040 2193.1
1133050 2193.1
1133060 2201.0
1133070 2209.3
1133080 2209.3
1133090 2217.7
1133100 2227.5
1133110 2227.5
1133120 2238.9
1133130 2251.2
1133140 2251.2
1133150 2263.5
1133160 2273.4
1133170 2273.4
1133180 2285.7
1133190 2298.2
1133200 2298.2
1133210 2314.8
1133220 2330.9
1133230 2341.1
1133240 2341.1
1133250 2349.1
1133260 2354.1
1133270 2354.1
1133280 2356.5
1133290 2357.8
1133300 2357.8
1133310 2359.9
1133320 2363.7
1133330 2363.7
1133340 2364.6
1133350 2367.6
1133360 2367.6
1133370 2371.2
1133380 2371.5
1133390 2371.5
1133400 2370.5
1133410 2371.1
1133420 2370.8
1133430 2370.8
1133440 2371.7
1133450 2376.4
1133460 2376.5
1133470 2380.8
1133480 2385.8
1133490 2385.8
1133500 2388.5
1133510 2389.8
1133520 2389.8
1133530 2392.4
1133540 2392.6
1133550 2392.6
1133560 2391.4
1133570 2393.8
1133580 2393.8
1133590 2399.4
1133600 2405.4
1133610 2410.7
1133620 2410.7
1133630 2416.0
1133640 2421.6
1133650 2421.6
1133660 2427.3
1133670 2432.6
1133680 2432.6
1133690 2437.7
1133700 2442.4
1133710 2442.4
1133720 2447.0
1133730 2451.5
1133740 2451.5
1133750 2457.0
1133760 2463.2
1133770 2463.2
1133780 2469.1
1133790 2474.6
1133800 2483.1
1133810 2483.1
1133820 2503.7
1133830 2519.3
1133840 2519.3
1133850 2533.3
1133860 2542.3
1133870 2542.3
1133880 2546.2
1133890 2549.1
1133900 2549.1
1133910 2549.8
1133920 2550.4
1133930 2550.4
1133940 2550.1
1133950 2547.3
1133960 2547.3
1133970 2545.6
1133980 2544.8
1133990 2544.2
1134000 2544.2
1134010 2543.3
1134020 2539.8
1134030 2539.8
1134040 2534.3
1134050 2532.7
1134060 2532.7
1134070 2532.8
1134080 2529.9
1134090 2529.9
1134100 2522.7
1134110 2508.7
1134120 2508.7
1134130 2503.2
1134140 2501.7
1134150 2501.7
1134160 2506.9
1134170 2511.2
1134180 2512.7
1134190 2512.7
1134200 2513.0
1134210 2514.0
1134220 2514.0
1134230 2514.7
1134240 2515.6
1134250 2515.6
1134260 2516.2
1134270 2517.7
1134280 2517.7
1134290 2518.6
1134300 2520.2
1134310 2520.2
1134320 2522.5
1134330 2526.2
1134340 2526.2
1134350 2528.8
1134360 2532.1
1134370 2532.1
1134380 2538.0
1134390 2543.0
1134400 2544.7
1134410 2544.7
1134420 2548.2
1134430 2553.1
1134440 2553.1
1134450 2558.9
1134460 2564.9
1134470 2564.9
1134480 2571.0
1134490 2577.0
1134500 2577.0
1134510 2585.1
1134520 2597.8
1134530 2597.8
1134540 2610.0
1134550 2616.6
1134560 2616.6
1134570 2624.1
1134580 2631.9
1134590 2639.7
1134600 2639.7
1134610 2648.7
1134620 2656.9
1134630 2656.9
1134640 2666.7
1134650 2680.8
1134660 2680.8
1134670 2690.9
1134680 2700.3
1134690 2700.3
1134700 2714.7
1134710 2714.0
1134720 2714.0
1134730 2720.1
1134740 2730.0
1134750 2730.0
1134760 2733.8
1134770 2735.2
1134780 2737.5
1134790 2737.5
1134800 2729.3
1134810 2721.3
1134820 2721.3
1134830 2725.1
1134840 2736.7
1134850 2736.7
1134860 2743.9
1134870 2761.7
1134880 2761.7
1134890 2784.8
1134900 2790.6
1134910 2790.6
1134920 2778.5
1134930 2759.3
1134940 2759.3
1134950 2749.5
1134960 2743.4
1134970 2737.1
1134980 2737.1
1134990 2729.7
1135000 2724.8
1135010 2724.8
1135020 2722.7
1135030 2718.4
1135040 2718.4
1135050 2712.7
1135060 2706.8
1135070 2706.8
1135080 2701.5
1135090 2693.8
1135100 2693.8
1135110 2687.7
1135120 2684.7
1135130 2684.7
1135140 2684.0
1135150 2683.8
1135160 2683.9
1135170 2683.9
1135180 2683.8
1135190 2684.0
1135200 2684.0
1135210 2682.3
1135220 2677.2
1135230 2677.2
1135240 2674.6
1135250 2673.3
1135260 2673.3
1135270 2675.0
1135280 2670.7
1135290 2670.7
1135300 2668.6
1135310 2666.6
1135320 2666.6
1135330 2662.8
1135340 2662.8
1135350 2662.8
1135360 2664.5
1135370 2667.2
1135380 2667.0
1135390 2667.0
1135400 2666.1
1135410 2666.3
1135420 2666.3
1135430 2666.5
1135440 2665.3
1135450 2665.3
1135460 2662.0
1135470 2661.2
1135480 2661.2
1135490 2661.8
1135500 2663.4
1135510 2663.4
1135520 2665.7
1135530 2669.0
1135540 2669.0
1135550 2673.7
1135560 2680.2
1135570 2686.3
1135580 2686.3
1135590 2692.3
1135600 2698.5
1135610 2698.5
1135620 2704.6
1135630 2713.6
1135640 2713.6
1135650 2733.7
1135660 2739.8
1135670 2739.8
1135680 2743.3
1135690 2745.6
1135700 2745.6
1135710 2749.9
1135720 2756.5
1135730 2756.5
1135740 2764.9
1135750 2771.3
1135760 2778.7
1135770 2778.7
1135780 2790.7
1135790 2803.1
1135800 2803.1
1135810 2817.9
1135820 2835.4
1135830 2835.4
1135840 2846.0
1135850 2849.9
1135860 2849.9
1135870 2849.0
1135880 2852.8
1135890 2852.8
1135900 2864.2
1135910 2873.7
1135920 2873.7
1135930 2891.3
1135940 2907.8
1135950 2919.0
1135960 2919.0
1135970 2915.0
1135980 2918.7
1135990 2911.8
1136000 2920.9
1136010 2928.1
1136020 2928.1
1136030 2933.5
1136040 2938.8
1136050 2938.8
1136060 2945.8
1136070 2961.3
1136080 2961.3
1136090 2985.6
1136100 2990.0
1136110 2990.0
1136120 2992.3
1136130 2990.5
1136140 2990.7
1136150 2990.7
1136160 2993.2
1136170 2994.6
1136180 2994.6
1136190 2996.0
1136200 2998.5
1136210 2998.5
1136220 3004.3
1136230 3010.0
1136240 3010.0
1136250 3017.6
1136260 3024.5
1136270 3024.5
1136280 3030.3
1136290 3037.5
1136300 3037.5
1136310 3047.5
1136320 3056.7
1136330 3056.7
1136340 3061.7
1136350 3070.7
1136360 3070.3
1136370 3070.3
1136380 3052.0
1136390 3034.3
1136400 3034.3
1136410 3023.2
1136420 3012.3
1136430 3012.3
1136440 3000.5
1136450 2994.2
1136460 2994.2
1136470 2988.7
1136480 2983.9
1136490 2983.9
1136500 2980.2
1136510 2977.2
1136520 2977.2
1136530 2974.8
1136540 2972.8
1136550 2971.4
1136560 2971.4
1136570 2970.2
1136580 2969.3
1136590 2969.3
1136600 2968.6
1136610 2968.2
1136620 2968.2
1136630 2968.0
1136640 2968.3
1136650 2968.3
1136660 2970.1
1136670 2973.4
1136680 2973.4
1136690 2975.6
1136700 2976.8
1136710 2976.8
1136720 2984.0
1136730 2985.2
1136740 2983.8
1136750 2983.8
1136760 2975.0
1136770 2968.4
1136780 2968.4
1136790 2958.8
1136800 2947.9
1136810 2947.9
1136820 2942.5
1136830 2935.1
1136840 2935.1
1136850 2930.6
1136860 2926.7
1136870 2926.7
1136880 2921.7
1136890 2916.0
1136900 2916.0
1136910 2910.2
1136920 2899.5
1136930 2884.8
1136940 2884.8
1136950 2877.2
1136960 2875.7
1136970 2875.7
1136980 2871.0
1136990 2872.2
1137000 2872.2
1137010 2871.1
1137020 2868.2
1137030 2868.2
1137040 2866.0
1137050 2861.9
1137060 2861.9
1137070 2857.5
1137080 2857.1
1137090 2857.1
1137100 2853.2
1137110 2849.8
1137120 2846.4
1137130 2846.4
1137140 2842.4
1137150 2838.4
1137160 2838.4
1137170 2835.0
1137180 2831.4
1137190 2831.4
1137200 2826.7
1137210 2822.0
1137220 2822.0
1137230 2820.7
1137240 2817.9
1137250 2817.9
1137260 2810.7
1137270 2806.6
1137280 2806.6
1137290 2801.1
1137300 2797.0
1137310 2790.2
1137320 2790.2
1137330 2777.1
1137340 2770.1
1137350 2770.1
1137360 2769.0
1137370 2767.9
1137380 2767.9
1137390 2766.3
1137400 2764.8
1137410 2764.8
1137420 2761.6
1137430 2755.7
1137440 2753.8
1137450 2744.4
1137460 2734.0
1137470 2734.0
1137480 2728.6
1137490 2725.2
1137500 2725.2
1137510 2723.9
1137520 2722.7
1137530 2720.9
1137540 2720.9
1137550 2719.4
1137560 2718.0
1137570 2718.0
1137580 2716.9
1137590 2716.0
1137600 2716.0
1137610 2715.3
1137620 2714.5
1137630 2714.5
1137640 2713.8
1137650 2713.5
1137660 2713.5
1137670 2713.3
1137680 2713.1
1137690 2713.1
1137700 2712.8
1137710 2712.6
1137720 2712.3
1137730 2712.3
1137740 2712.1
1137750 2711.9
1137760 2711.9
1137770 2711.9
1137780 2711.8
1137790 2711.8
1137800 2711.9
1137810 2714.0
1137820 2714.0
1137830 2714.3
1137840 2714.7
1137850 2714.7
1137860 2715.0
1137870 2715.0
1137880 2715.0
1137890 2715.1
1137900 2715.1
1137910 2714.7
1137920 2714.7
1137930 2714.1
1137940 2713.7
1137950 2713.7
1137960 2713.3
1137970 2713.0
1137980 2713.0
1137990 2712.6
1138000 2712.1
1138010 2712.1
1138020 2711.5
1138030 2710.8
1138040 2710.8
1138050 2710.4
1138060 2710.8
1138070 2710.8
1138080 2711.1
1138090 2710.6
1138100 2711.3
1138110 2711.3
1138120 2711.2
1138130 2711.6
1138140 2711.6
1138150 2712.3
1138160 2713.2
1138170 2715.3
1138180 2716.4
1138190 2717.5
1138200 2717.5
1138210 2718.4
1138220 2719.3
1138230 2719.3
1138240 2720.4
1138250 2722.7
1138260 2722.7
1138270 2723.5
1138280 2722.7
1138290 2722.7
1138300 2722.7
1138310 2722.8
1138320 2723.1
1138330 2723.1
1138340 2723.7
1138350 2724.9
1138360 2724.9
1138370 2725.3
1138380 2725.7
1138390 2725.7
1138400 2726.3
1138410 2726.9
1138420 2726.9
1138430 2727.6
1138440 2728.3
1138450 2728.3
1138460 2729.1
1138470 2730.0
1138480 2730.0
1138490 2731.1
1138500 2732.3
1138510 2733.7
1138520 2733.7
1138530 2735.1
1138540 2739.0
1138550 2739.0
1138560 2740.5
1138570 2742.1
1138580 2742.1
1138590 2744.0
1138600 2745.9
1138610 2745.9
1138620 2747.8
1138630 2749.7
1138640 2749.7
1138650 2751.6
1138660 2753.5
1138670 2753.5
1138680 2755.5
1138690 2757.3
1138700 2759.0
1138710 2759.0
1138720 2760.8
1138730 2762.6
1138740 2762.6
1138750 2764.4
1138760 2766.3
1138770 2766.3
1138780 2768.3
1138790 2770.7
1138800 2770.7
1138810 2773.5
1138820 2778.5
1138830 2778.5
1138840 2785.1
1138850 2791.6
1138860 2791.6
1138870 2797.1
1138880 2799.3
1138890 2799.0
1138900 2796.3
1138910 2797.4
1138920 2798.8
1138930 2798.8
1138940 2799.9
1138950 2799.6
1138960 2799.6
1138970 2799.7
1138980 2801.2
1138990 2801.2
1139000 2803.7
1139010 2804.6
1139020 2804.6
1139030 2807.5
1139040 2811.6
1139050 2811.6
1139060 2815.2
1139070 2818.1
1139080 2820.4
1139090 2820.4
1139100 2825.2
1139110 2831.2
1139120 2831.2
1139130 2837.0
1139140 2842.9
1139150 2842.9
1139160 2849.6
1139170 2856.1
1139180 2856.1
1139190 2862.5
1139200 2868.9
1139210 2868.9
1139220 2875.8
1139230 2881.4
1139240 2881.4
1139250 2878.2
1139260 2870.2
1139270 2860.8
1139280 2860.8
1139290 2854.0
1139300 2848.5
1139310 2848.5
1139320 2843.6
1139330 2838.6
1139340 2838.6
1139350 2833.8
1139360 2829.8
1139370 2829.8
1139380 2826.2
1139390 2823.1
1139400 2823.1
1139410 2821.0
1139420 2819.4
1139430 2819.4
1139440 2818.2
1139450 2816.8
1139460 2816.8
1139470 2815.4
1139480 2814.0
1139490 2812.5
1139500 2812.5
1139510 2811.7
1139520 2811.6
1139530 2811.6
1139540 2811.0
1139550 2811.1
1139560 2811.1
1139570 2811.4
1139580 2812.9
1139590 2812.9
1139600 2812.3
1139610 2811.4
1139620 2811.4
1139630 2812.5
1139640 2808.8
1139650 2808.8
1139660 2809.7
1139670 2810.0
1139680 2810.7
1139690 2810.7
1139700 2812.3
1139710 2813.4
1139720 2813.4
1139730 2815.5
1139740 2817.9
1139750 2817.9
1139760 2820.3
1139770 2822.3
1139780 2822.3
1139790 2823.9
1139800 2826.6
1139810 2826.6
1139820 2830.1
1139830 2833.4
1139840 2833.4
1139850 2836.4
1139860 2839.3
1139870 2842.3
1139880 2842.3
1139890 2845.1
1139900 2846.6
1139910 2846.6
1139920 2846.0
1139930 2843.9
1139940 2843.9
