1120000 2345.9
1120010 2349.5
1120020 2352.7
1120030 2352.7
1120040 2356.1
1120050 2359.1
1120060 2359.1
1120070 2359.4
1120080 2357.5
1120090 2357.5
1120100 2357.5
1120110 2358.0
1120120 2358.0
1120130 2355.5
1120140 2353.4
1120150 2353.4
1120160 2351.2
1120170 2351.2
1120180 2354.2
1120190 2354.7
1120200 2356.3
1120210 2357.8
1120220 2357.8
1120230 2358.5
1120240 2358.7
1120250 2358.7
1120260 2359.6
1120270 2361.3
1120280 2361.3
1120290 2364.8
1120300 2367.6
1120310 2367.6
1120320 2370.2
1120330 2373.0
1120340 2373.0
1120350 2375.5
1120360 2379.3
1120370 2379.3
1120380 2383.1
1120390 2386.4
1120400 2390.6
1120410 2390.6
1120420 2395.7
1120430 2400.8
1120440 2400.8
1120450 2406.2
1120460 2412.0
1120470 2412.0
1120480 2417.7
1120490 2423.6
1120500 2423.6
1120510 2429.3
1120520 2435.4
1120530 2433.0
1120540 2438.7
1120550 2444.3
1120560 2444.3
1120570 2451.3
1120580 2457.7
1120590 2463.9
1120600 2463.9
1120610 2470.1
1120620 2476.7
1120630 2476.7
1120640 2484.5
1120650 2498.8
1120660 2498.8
1120670 2522.5
1120680 2552.3
1120690 2552.3
1120700 2590.5
1120710 2599.0
1120720 2599.0
1120730 2613.6
1120740 2625.9
1120750 2625.9
1120760 2633.7
1120770 2630.0
1120780 2630.0
1120790 2613.1
1120800 2622.7
1120810 2648.0
1120820 2648.0
1120830 2659.7
1120840 2662.1
1120850 2662.1
1120860 2663.5
1120870 2666.8
1120880 2674.2
1120890 2674.2
1120900 2671.0
1120910 2671.0
1120920 2669.7
1120930 2669.9
1120940 2669.9
1120950 2670.3
1120960 2668.6
1120970 2668.6
1120980 2669.7
1120990 2671.4
1121000 2672.2
1121010 2672.2
1121020 2671.9
1121030 2668.8
1121040 2668.8
1121050 2667.4
1121060 2667.8
1121070 2667.8
1121080 2667.0
1121090 2666.0
1121100 2666.0
1121110 2664.2
1121120 2661.5
1121130 2661.5
1121140 2656.8
1121150 2650.0
1121160 2650.0
1121170 2650.6
1121180 2651.3
1121190 2653.1
1121200 2653.1
1121210 2653.0
1121220 2651.1
1121230 2660.5
1121240 2653.5
1121250 2643.1
1121260 2643.1
1121270 2635.4
1121280 2632.0
1121290 2632.0
1121300 2631.5
1121310 2631.8
1121320 2631.8
1121330 2631.4
1121340 2631.9
1121350 2631.9
1121360 2631.2
1121370 2629.7
1121380 2629.0
1121390 2629.0
1121400 2629.8
1121410 2632.5
1121420 2632.5
1121430 2636.5
1121440 2640.1
1121450 2640.1
1121460 2643.6
1121470 2649.8
1121480 2649.8
1121490 2658.1
1121500 2665.2
1121510 2665.2
1121520 2671.8
1121530 2679.1
1121540 2679.1
1121550 2689.3
1121560 2699.2
1121570 2706.9
1121580 2701.1
1121590 2690.2
1121600 2679.8
1121610 2679.8
1121620 2675.4
1121630 2680.1
1121640 2680.1
1121650 2673.6
1121660 2659.9
1121670 2659.9
1121680 2635.4
1121690 2621.0
1121700 2621.0
1121710 2616.8
1121720 2608.3
1121730 2608.3
1121740 2599.1
1121750 2581.4
1121760 2581.4
1121770 2575.1
1121780 2571.9
1121790 2574.2
1121800 2574.2
1121810 2577.3
1121820 2570.7
1121830 2570.7
1121840 2562.3
1121850 2557.4
1121860 2557.4
1121870 2554.9
1121880 2552.9
1121890 2552.9
1121900 2553.1
1121910 2544.1
1121920 2552.4
1121930 2546.2
1121940 2536.6
1121950 2536.6
1121960 2526.5
1121970 2523.3
1121980 2520.1
1121990 2520.1
1122000 2514.7
1122010 2511.7
1122020 2511.7
1122030 2505.8
1122040 2499.9
1122050 2499.9
1122060 2493.4
1122070 2488.0
1122080 2488.0
1122090 2480.4
1122100 2473.6
1122110 2473.6
1122120 2466.1
1122130 2453.5
1122140 2453.5
1122150 2442.5
1122160 2435.4
1122170 2428.6
1122180 2428.6
1122190 2421.6
1122200 2415.1
1122210 2415.1
1122220 2409.6
1122230 2406.7
1122240 2406.7
1122250 2407.7
1122260 2406.0
1122270 2406.4
1122280 2405.3
1122290 2404.8
1122300 2404.8
1122310 2403.9
1122320 2400.6
1122330 2400.6
1122340 2397.8
1122350 2391.7
1122360 2388.7
1122370 2388.7
1122380 2388.6
1122390 2388.9
1122400 2388.9
1122410 2388.9
1122420 2388.5
1122430 2388.5
1122440 2384.6
1122450 2378.4
1122460 2378.4
1122470 2374.4
1122480 2370.9
1122490 2370.9
1122500 2368.6
1122510 2364.2
1122520 2364.2
1122530 2359.3
1122540 2353.6
1122550 2353.6
1122560 2345.6
1122570 2334.5
1122580 2319.8
1122590 2319.8
1122600 2309.8
1122610 2305.6
1122620 2306.2
1122630 2303.0
1122640 2299.3
1122650 2299.3
1122660 2290.5
1122670 2281.1
1122680 2281.1
1122690 2269.2
1122700 2262.9
1122710 2262.9
1122720 2256.3
1122730 2247.3
1122740 2247.3
1122750 2235.2
1122760 2230.0
1122770 2225.9
1122780 2225.9
1122790 2218.4
1122800 2208.6
1122810 2208.6
1122820 2192.8
1122830 2180.6
1122840 2180.6
1122850 2173.3
1122860 2167.8
1122870 2167.8
1122880 2160.7
1122890 2153.2
1122900 2153.2
1122910 2148.8
1122920 2146.6
1122930 2146.6
1122940 2143.3
1122950 2139.0
1122960 2133.3
1122970 2131.4
1122980 2126.3
1122990 2121.3
1123000 2121.3
1123010 2117.3
1123020 2112.5
1123030 2112.5
1123040 2105.7
1123050 2100.5
1123060 2100.5
1123070 2096.9
1123080 2093.6
1123090 2093.6
1123100 2089.5
1123110 2084.6
1123120 2084.6
1123130 2079.3
1123140 2071.1
1123150 2059.1
1123160 2059.1
1123170 2050.3
1123180 2044.2
1123190 2044.2
1123200 2036.9
1123210 2029.7
1123220 2029.7
1123230 2024.3
1123240 2019.4
1123250 2019.4
1123260 2015.9
1123270 2011.9
1123280 2011.9
1123290 2008.0
1123300 2005.1
1123310 2005.1
1123320 2001.9
1123330 2000.0
1123340 2000.0
1123350 1998.7
1123360 1998.3
1123370 1998.3
1123380 1998.3
1123390 1998.2
1123400 1997.9
1123410 1997.9
1123420 1997.7
1123430 1997.5
1123440 1997.5
1123450 1997.6
1123460 1998.0
1123470 1998.0
1123480 1997.1
1123490 1996.7
1123500 1996.7
1123510 1996.5
1123520 1996.4
1123530 1996.4
1123540 1996.5
1123550 1996.7
1123560 1996.6
1123570 1996.6
1123580 1996.5
1123590 1996.4
1123600 1996.4
1123610 1996.4
1123620 1996.3
1123630 1996.3
1123640 1996.5
1123650 1996.4
1123660 1996.4
1123670 1996.3
1123680 1996.3
1123690 1996.3
1123700 1996.3
1123710 1996.2
1123720 1996.2
1123730 1996.1
1123740 1996.0
1123750 1996.0
1123760 1996.0
1123770 1996.2
1123780 1996.4
1123790 1996.4
1123800 1996.5
1123810 1996.7
1123820 1996.7
1123830 1996.2
1123840 1996.3
1123850 1996.3
1123860 1996.3
1123870 1996.3
1123880 1996.3
1123890 1996.1
1123900 1996.0
1123910 1996.0
1123920 1995.9
1123930 1996.2
1123940 1997.3
1123950 1997.3
1123960 1999.4
1123970 2003.1
1123980 2003.1
1123990 2007.5
1124000 2012.0
1124010 2012.0
1124020 2018.6
1124030 2022.5
1124040 2022.5
1124050 2027.5
1124060 2032.8
1124070 2032.8
1124080 2038.4
1124090 2045.8
1124100 2045.8
1124110 2053.3
1124120 2059.1
1124130 2059.1
1124140 2064.4
1124150 2068.9
1124160 2073.5
1124170 2073.5
1124180 2078.5
1124190 2082.9
1124200 2082.9
1124210 2088.4
1124220 2093.8
1124230 2093.8
1124240 2099.8
1124250 2106.4
1124260 2106.4
1124270 2112.1
1124280 2115.6
1124290 2115.6
1124300 2119.0
1124310 2124.3
1124320 2124.3
1124330 2129.4
1124340 2133.8
1124350 2138.7
1124360 2138.7
1124370 2145.0
1124380 2148.5
1124390 2148.5
1124400 2153.4
1124410 2158.2
1124420 2158.2
1124430 2162.5
1124440 2167.1
1124450 2167.1
1124460 2171.2
1124470 2174.4
1124480 2174.4
1124490 2179.3
1124500 2185.0
1124510 2185.0
1124520 2189.1
1124530 2192.7
1124540 2198.2
1124550 2198.2
1124560 2203.8
1124570 2209.5
1124580 2209.5
1124590 2214.3
1124600 2218.2
1124610 2218.2
1124620 2220.5
1124630 2222.9
1124640 2222.9
1124650 2227.0
1124660 2232.9
1124670 2232.9
1124680 2239.8
1124690 2247.0
1124700 2247.0
1124710 2253.1
1124720 2259.3
1124730 2262.6
1124740 2262.6
1124750 2266.4
1124760 2270.1
1124770 2270.1
1124780 2273.3
1124790 2275.4
1124800 2275.4
1124810 2275.7
1124820 2278.3
1124830 2278.3
1124840 2283.1
1124850 2287.6
1124860 2287.6
1124870 2294.0
1124880 2300.2
1124890 2300.2
1124900 2307.1
1124910 2313.4
1124920 2316.7
1124930 2316.7
1124940 2318.3
1124950 2318.5
1124960 2318.5
1124970 2319.4
1124980 2320.2
1124990 2320.2
1125000 2321.0
1125010 2319.4
1125020 2319.4
1125030 2315.3
1125040 2312.8
1125050 2312.8
1125060 2310.3
1125070 2309.7
1125080 2315.1
1125090 2315.0
1125100 2316.3
1125110 2316.3
1125120 2319.6
1125130 2323.5
1125140 2328.0
1125150 2328.0
1125160 2334.2
1125170 2339.5
1125180 2339.5
1125190 2340.9
1125200 2340.0
1125210 2340.0
1125220 2339.0
1125230 2338.9
1125240 2338.9
1125250 2337.1
1125260 2336.7
1125270 2336.7
1125280 2335.3
1125290 2334.3
1125300 2334.3
1125310 2332.8
1125320 2330.7
1125330 2329.1
1125340 2329.1
1125350 2328.7
1125360 2329.4
1125370 2329.4
1125380 2330.3
1125390 2329.8
1125400 2329.8
1125410 2327.4
1125420 2321.5
1125430 2324.8
1125440 2319.7
1125450 2315.9
1125460 2315.9
1125470 2313.0
1125480 2309.7
1125490 2309.7
1125500 2305.2
1125510 2300.2
1125520 2295.9
1125530 2295.9
1125540 2293.2
1125550 2291.0
1125560 2291.0
1125570 2289.2
1125580 2287.2
1125590 2287.2
1125600 2285.4
1125610 2283.9
1125620 2283.9
1125630 2281.3
1125640 2282.1
1125650 2282.1
1125660 2281.6
1125670 2278.1
1125680 2278.1
1125690 2275.7
1125700 2275.8
1125710 2276.8
1125720 2276.8
1125730 2276.8
1125740 2275.4
1125750 2275.4
1125760 2273.8
1125770 2272.5
1125780 2278.5
1125790 2277.4
1125800 2278.4
1125810 2278.4
1125820 2280.9
1125830 2282.1
1125840 2282.1
1125850 2280.8
1125860 2274.1
1125870 2274.1
1125880 2262.4
1125890 2257.9
1125900 2257.9
1125910 2256.1
1125920 2253.4
1125930 2248.3
1125940 2248.3
1125950 2245.2
1125960 2234.9
1125970 2234.9
1125980 2224.8
1125990 2220.0
1126000 2220.0
1126010 2216.8
1126020 2215.7
1126030 2215.7
1126040 2212.0
1126050 2199.5
1126060 2199.5
1126070 2182.9
1126080 2178.8
1126090 2178.8
1126100 2175.2
1126110 2171.3
1126120 2168.3
1126130 2170.5
1126140 2167.9
1126150 2165.7
1126160 2165.7
1126170 2164.0
1126180 2162.6
1126190 2162.6
1126200 2161.3
1126210 2157.8
1126220 2157.8
1126230 2156.0
1126240 2156.1
1126250 2156.1
1126260 2158.6
1126270 2160.2
1126280 2160.2
1126290 2161.9
1126300 2163.9
1126310 2165.8
1126320 2165.8
1126330 2167.8
1126340 2169.8
1126350 2169.8
1126360 2171.8
1126370 2174.0
1126380 2174.0
1126390 2178.2
1126400 2181.2
1126410 2181.2
1126420 2183.9
1126430 2188.7
1126440 2188.7
1126450 2194.8
1126460 2198.3
1126470 2198.3
1126480 2202.0
1126490 2207.5
1126500 2212.2
1126510 2212.2
1126520 2216.4
1126530 2222.5
1126540 2222.5
1126550 2228.2
1126560 2233.1
1126570 2233.1
1126580 2238.3
1126590 2243.2
1126600 2243.2
1126610 2248.3
1126620 2253.4
1126630 2253.4
1126640 2259.5
1126650 2266.5
1126660 2266.5
1126670 2273.0
1126680 2279.0
1126690 2284.3
1126700 2284.3
1126710 2289.7
1126720 2296.4
1126730 2296.4
1126740 2302.7
1126750 2309.2
1126760 2309.2
1126770 2315.9
1126780 2322.2
1126790 2322.2
1126800 2328.7
1126810 2336.0
1126820 2336.0
1126830 2343.8
1126840 2349.9
1126850 2349.9
1126860 2356.8
1126870 2363.1
1126880 2363.1
1126890 2367.9
1126900 2372.1
1126910 2374.6
1126920 2374.6
1126930 2375.8
1126940 2376.6
1126950 2376.6
1126960 2377.8
1126970 2379.2
1126980 2379.2
1126990 2380.0
1127000 2379.8
1127010 2379.8
1127020 2379.0
1127030 2378.6
1127040 2378.6
1127050 2378.5
1127060 2378.7
1127070 2378.7
1127080 2379.2
1127090 2379.4
1127100 2379.5
1127110 2379.5
1127120 2380.0
1127130 2380.5
1127140 2380.5
1127150 2381.1
1127160 2381.7
1127170 2381.7
1127180 2382.0
1127190 2383.4
1127200 2383.4
1127210 2383.4
1127220 2383.3
1127230 2383.3
1127240 2383.3
1127250 2383.5
1127260 2383.5
1127270 2384.0
1127280 2384.6
1127290 2385.6
1127300 2385.6
1127310 2386.7
1127320 2387.9
1127330 2387.9
1127340 2389.0
1127350 2390.5
1127360 2390.5
1127370 2392.4
1127380 2394.6
1127390 2394.6
1127400 2397.6
1127410 2401.0
1127420 2401.0
1127430 2405.3
1127440 2409.0
1127450 2409.0
1127460 2413.7
1127470 2419.6
1127480 2425.9
1127490 2425.9
1127500 2429.6
1127510 2433.7
1127520 2433.7
1127530 2439.0
1127540 2441.4
1127550 2442.3
1127560 2444.2
1127570 2445.9
1127580 2445.9
1127590 2448.4
1127600 2452.2
1127610 2452.2
1127620 2456.7
1127630 2461.1
1127640 2461.1
1127650 2464.6
1127660 2467.4
1127670 2467.4
1127680 2470.3
1127690 2472.5
1127700 2474.0
1127710 2474.0
1127720 2473.3
1127730 2473.9
1127740 2473.9
1127750 2474.3
1127760 2477.2
1127770 2477.2
1127780 2482.1
1127790 2489.3
1127800 2489.3
1127810 2497.8
1127820 2505.7
1127830 2505.7
1127840 2512.0
1127850 2517.1
1127860 2517.1
1127870 2522.4
1127880 2526.8
1127890 2530.7
1127900 2537.0
1127910 2538.7
1127920 2538.8
1127930 2538.8
1127940 2538.7
1127950 2539.0
1127960 2539.0
1127970 2539.5
1127980 2539.9
1127990 2539.9
1128000 2540.4
1128010 2541.6
1128020 2541.6
1128030 2542.9
1128040 2543.5
1128050 2543.5
1128060 2543.4
1128070 2542.8
1128080 2542.6
1128090 2542.6
1128100 2543.3
1128110 2544.2
1128120 2544.2
1128130 2544.3
1128140 2545.2
1128150 2545.2
1128160 2546.5
1128170 2547.4
1128180 2547.4
1128190 2548.9
1128200 2550.8
1128210 2550.8
1128220 2551.6
1128230 2552.3
1128240 2552.3
1128250 2552.8
1128260 2553.3
1128270 2553.4
1128280 2553.4
1128290 2552.9
1128300 2551.3
1128310 2551.3
1128320 2549.2
1128330 2547.5
1128340 2547.5
1128350 2547.3
1128360 2547.9
1128370 2547.9
1128380 2550.8
1128390 2553.6
1128400 2553.6
1128410 2555.7
1128420 2558.6
1128430 2558.6
1128440 2561.8
1128450 2563.3
1128460 2564.2
1128470 2564.2
1128480 2564.3
1128490 2564.6
1128500 2564.6
1128510 2565.8
1128520 2567.2
1128530 2567.2
1128540 2568.3
1128550 2569.0
1128560 2569.0
1128570 2569.4
1128580 2570.2
1128590 2570.2
1128600 2571.3
1128610 2572.4
1128620 2572.4
1128630 2573.0
1128640 2573.9
1128650 2573.9
1128660 2575.2
1128670 2576.1
1128680 2577.3
1128690 2577.3
1128700 2579.0
1128710 2581.4
1128720 2581.4
1128730 2583.1
1128740 2583.7
1128750 2583.7
1128760 2584.5
1128770 2585.3
1128780 2585.3
1128790 2586.6
1128800 2588.3
1128810 2588.3
1128820 2590.9
1128830 2594.3
1128840 2594.3
1128850 2597.4
1128860 2599.3
1128870 2601.6
1128880 2601.6
1128890 2604.5
1128900 2607.8
1128910 2607.8
1128920 2611.0
1128930 2613.0
1128940 2613.0
1128950 2614.9
1128960 2617.7
1128970 2617.7
1128980 2621.1
1128990 2625.7
1129000 2625.7
1129010 2630.5
1129020 2636.3
1129030 2636.3
1129040 2643.9
1129050 2654.7
1129060 2663.5
1129070 2663.5
1129080 2665.5
1129090 2667.0
1129100 2667.0
1129110 2669.2
1129120 2671.7
1129130 2671.7
1129140 2674.0
1129150 2671.8
1129160 2671.8
1129170 2668.4
1129180 2666.8
1129190 2666.8
1129200 2666.2
1129210 2665.6
1129220 2665.6
1129230 2663.6
1129240 2657.9
1129250 2649.7
1129260 2649.7
1129270 2643.1
1129280 2635.9
1129290 2635.9
1129300 2630.4
1129310 2625.2
1129320 2635.8
1129330 2628.1
1129340 2628.7
1129350 2628.7
1129360 2628.1
1129370 2624.3
1129380 2624.3
1129390 2618.6
1129400 2617.3
1129410 2617.3
1129420 2613.5
1129430 2604.1
1129440 2604.1
1129450 2594.1
1129460 2588.9
1129470 2579.5
1129480 2579.5
1129490 2571.2
1129500 2564.2
1129510 2564.2
1129520 2557.3
1129530 2553.7
1129540 2553.7
1129550 2552.4
1129560 2550.5
1129570 2550.5
1129580 2550.5
1129590 2549.7
1129600 2549.7
1129610 2548.8
1129620 2548.9
1129630 2548.9
1129640 2547.2
1129650 2543.3
1129660 2541.7
1129670 2541.7
1129680 2547.2
1129690 2545.7
1129700 2545.7
1129710 2545.9
1129720 2547.5
1129730 2547.5
1129740 2548.8
1129750 2548.3
1129760 2548.3
1129770 2547.7
1129780 2545.7
1129790 2545.7
1129800 2544.4
1129810 2545.0
1129820 2545.0
1129830 2543.5
1129840 2543.3
1129850 2542.8
1129860 2542.8
1129870 2543.6
1129880 2543.3
1129890 2543.3
1129900 2542.9
1129910 2543.5
1129920 2543.5
1129930 2544.7
1129940 2544.5
1129950 2544.5
1129960 2544.6
1129970 2545.5
1129980 2545.5
1129990 2547.1
1130000 2549.0
1130010 2549.0
1130020 2551.8
1130030 2556.2
1130040 2558.5
1130050 2558.5
1130060 2560.2
1130070 2561.1
1130080 2561.1
1130090 2561.0
1130100 2560.5
1130110 2560.5
1130120 2560.4
1130130 2560.9
1130140 2560.9
1130150 2561.7
1130160 2561.5
1130170 2561.5
1130180 2560.9
1130190 2560.4
1130200 2560.4
1130210 2560.6
1130220 2560.8
1130230 2560.2
1130240 2560.2
1130250 2559.1
1130260 2558.0
1130270 2558.0
1130280 2558.0
1130290 2558.3
1130300 2558.3
1130310 2559.5
1130320 2561.7
1130330 2561.7
1130340 2564.7
1130350 2569.0
1130360 2569.0
1130370 2573.5
1130380 2577.7
1130390 2574.3
1130400 2579.1
1130410 2584.4
1130420 2584.4
1130430 2589.2
1130440 2592.2
1130450 2594.0
1130460 2594.0
1130470 2597.1
1130480 2600.6
1130490 2600.6
1130500 2603.3
1130510 2606.1
1130520 2606.1
1130530 2609.5
1130540 2612.3
1130550 2612.3
1130560 2614.4
1130570 2616.8
1130580 2616.8
1130590 2620.4
1130600 2625.9
1130610 2625.9
1130620 2631.8
1130630 2637.5
1130640 2642.6
1130650 2642.6
1130660 2648.9
1130670 2653.8
1130680 2653.8
1130690 2658.9
1130700 2665.7
1130710 2665.7
1130720 2673.6
1130730 2689.5
1130740 2689.5
1130750 2701.3
1130760 2712.2
1130770 2712.2
1130780 2721.1
1130790 2732.3
1130800 2732.3
1130810 2743.7
1130820 2752.5
1130830 2758.4
1130840 2758.4
1130850 2773.0
1130860 2784.4
1130870 2784.4
1130880 2795.2
1130890 2805.1
1130900 2805.1
1130910 2811.9
1130920 2817.8
1130930 2817.8
1130940 2820.4
1130950 2816.5
1130960 2816.5
1130970 2818.4
1130980 2822.8
1130990 2822.8
1131000 2819.5
1131010 2811.0
1131020 2797.3
1131030 2797.3
1131040 2787.1
1131050 2780.2
1131060 2780.2
1131070 2774.6
1131080 2770.6
1131090 2770.6
1131100 2755.8
1131110 2729.0
1131120 2729.0
1131130 2703.5
1131140 2688.5
1131150 2688.5
1131160 2674.2
1131170 2661.0
1131180 2661.0
1131190 2644.9
1131200 2648.9
1131210 2660.5
1131220 2660.5
1131230 2669.8
1131240 2662.5
1131250 2662.5
1131260 2640.6
1131270 2619.0
1131280 2619.0
1131290 2596.6
1131300 2579.8
1131310 2579.8
1131320 2565.0
1131330 2557.4
1131340 2557.4
1131350 2549.3
1131360 2542.9
1131370 2542.9
1131380 2531.6
1131390 2521.8
1131400 2521.8
1131410 2514.8
1131420 2507.7
1131430 2500.4
1131440 2500.4
1131450 2488.8
1131460 2476.7
1131470 2476.7
1131480 2468.7
1131490 2460.7
1131500 2460.7
1131510 2453.2
1131520 2445.5
1131530 2445.5
1131540 2437.3
1131550 2429.6
1131560 2429.6
1131570 2421.5
1131580 2414.9
1131590 2414.9
1131600 2406.8
1131610 2398.1
1131620 2389.4
1131630 2389.4
1131640 2381.4
1131650 2373.1
1131660 2373.1
1131670 2364.9
1131680 2358.0
1131690 2358.0
1131700 2351.6
1131710 2343.9
1131720 2343.9
1131730 2326.5
1131740 2317.3
1131750 2317.3
1131760 2312.8
1131770 2308.2
1131780 2308.2
1131790 2303.9
1131800 2299.7
1131810 2294.9
1131820 2298.3
1131830 2291.5
1131840 2283.7
1131850 2283.7
1131860 2276.2
1131870 2268.4
1131880 2268.4
1131890 2259.2
1131900 2250.1
1131910 2250.1
1131920 2236.2
1131930 2223.3
1131940 2223.3
1131950 2216.2
1131960 2210.2
1131970 2210.2
1131980 2203.4
1131990 2194.6
1132000 2183.0
1132010 2183.0
1132020 2175.1
1132030 2169.4
1132040 2169.4
1132050 2163.3
1132060 2156.4
1132070 2156.4
1132080 2149.3
1132090 2139.5
1132100 2139.5
1132110 2130.2
1132120 2112.2
1132130 2112.2
1132140 2092.8
1132150 2084.0
1132160 2084.0
1132170 2072.8
1132180 2052.1
1132190 2052.1
1132200 2037.1
1132210 2025.8
1132220 2017.6
1132230 2017.6
1132240 2010.4
1132250 2003.6
1132260 2003.6
1132270 1996.7
1132280 1991.0
1132290 1991.0
1132300 1986.5
1132310 1982.5
1132320 1982.5
1132330 1978.6
1132340 1974.6
1132350 1974.6
1132360 1970.7
1132370 1966.3
1132380 1966.3
1132390 1961.8
1132400 1957.6
1132410 1953.5
1132420 1953.5
1132430 1949.3
1132440 1945.3
1132450 1945.3
1132460 1941.3
1132470 1937.1
1132480 1937.1
1132490 1933.3
1132500 1929.7
1132510 1929.7
1132520 1926.1
1132530 1920.4
1132540 1919.7
1132550 1913.4
1132560 1912.5
1132570 1912.5
1132580 1911.4
1132590 1909.9
1132600 1910.4
1132610 1910.4
1132620 1911.3
1132630 1913.7
1132640 1913.7
1132650 1916.2
1132660 1918.4
1132670 1918.4
1132680 1921.3
1132690 1924.8
1132700 1924.8
1132710 1928.8
1132720 1934.4
1132730 1934.4
1132740 1941.3
1132750 1948.3
1132760 1948.3
1132770 1955.7
1132780 1961.8
1132790 1967.3
1132800 1967.3
1132810 1973.3
1132820 1979.3
1132830 1979.3
1132840 1985.7
1132850 1992.9
1132860 1992.9
1132870 1999.5
1132880 2007.2
1132890 2007.2
1132900 2026.4
1132910 2034.7
1132920 2034.7
1132930 2040.0
1132940 2052.7
1132950 2052.7
1132960 2067.3
1132970 2070.2
1132980 2076.8
1132990 2076.8
1133000 2102.4
1133010 2122.4
1133020 2122.4
1133030 2129.6
1133040 2135.3
1133050 2135.3
1133060 2139.4
1133070 2140.3
1133080 2140.3
1133090 2141.5
1133100 2143.7
1133110 2143.7
1133120 2149.1
1133130 2155.4
1133140 2155.4
1133150 2158.4
1133160 2161.7
1133170 2161.7
1133180 2163.9
1133190 2164.6
1133200 2164.2
1133210 2164.2
1133220 2162.8
1133230 2160.2
1133240 2160.2
1133250 2158.3
1133260 2160.4
1133270 2160.4
1133280 2159.1
1133290 2157.7
1133300 2157.7
1133310 2157.2
1133320 2157.8
1133330 2157.8
1133340 2157.5
1133350 2157.7
1133360 2157.7
1133370 2157.8
1133380 2159.6
1133390 2161.5
1133400 2161.5
1133410 2165.2
1133420 2169.1
1133430 2169.1
1133440 2172.5
1133450 2176.1
1133460 2176.1
1133470 2180.2
1133480 2184.3
1133490 2184.3
1133500 2188.5
1133510 2193.0
1133520 2193.0
1133530 2197.1
1133540 2200.5
1133550 2200.5
1133560 2203.7
1133570 2206.9
1133580 2209.9
1133590 2209.9
1133600 2213.2
1133610 2217.6
1133620 2216.0
1133630 2218.0
1133640 2219.9
1133650 2219.9
1133660 2221.9
1133670 2224.1
1133680 2224.1
1133690 2226.2
1133700 2227.8
1133710 2227.8
1133720 2229.2
1133730 2231.3
1133740 2231.3
1133750 2233.5
1133760 2235.6
1133770 2237.9
1133780 2237.9
1133790 2239.2
1133800 2240.7
1133810 2240.7
1133820 2243.1
1133830 2245.9
1133840 2245.9
1133850 2248.6
1133860 2250.6
1133870 2250.6
1133880 2252.7
1133890 2255.3
1133900 2255.3
1133910 2259.5
1133920 2261.2
1133930 2261.2
1133940 2263.2
1133950 2265.5
1133960 2268.8
1133970 2268.8
1133980 2270.6
1133990 2273.2
1134000 2273.2
1134010 2275.4
1134020 2276.9
1134030 2276.9
1134040 2279.3
1134050 2281.0
1134060 2281.0
1134070 2283.0
1134080 2285.3
1134090 2285.3
1134100 2287.3
1134110 2289.2
1134120 2289.2
1134130 2291.4
1134140 2293.4
1134150 2293.4
1134160 2295.6
1134170 2298.3
1134180 2300.9
1134190 2300.9
1134200 2303.4
1134210 2306.0
1134220 2306.0
1134230 2308.8
1134240 2312.0
1134250 2312.0
1134260 2315.2
1134270 2318.3
1134280 2318.3
1134290 2321.4
1134300 2324.8
1134310 2324.8
1134320 2328.2
1134330 2331.8
1134340 2332.3
1134350 2336.2
1134360 2340.1
1134370 2344.3
1134380 2344.3
1134390 2348.3
1134400 2352.6
1134410 2352.6
1134420 2357.2
1134430 2361.9
1134440 2361.9
1134450 2366.3
1134460 2371.0
1134470 2371.0
1134480 2376.6
1134490 2382.6
1134500 2382.6
1134510 2388.5
1134520 2394.8
1134530 2394.8
1134540 2401.0
1134550 2407.2
1134560 2413.3
1134570 2413.3
1134580 2418.4
1134590 2421.8
1134600 2421.8
1134610 2423.5
1134620 2423.9
1134630 2423.9
1134640 2426.9
1134650 2431.1
1134660 2431.1
1134670 2436.8
1134680 2442.3
1134690 2442.3
1134700 2444.9
1134710 2448.5
1134720 2448.5
1134730 2451.6
1134740 2454.7
1134750 2458.1
1134760 2458.1
1134770 2462.0
1134780 2466.4
1134790 2466.4
1134800 2471.0
1134810 2476.0
1134820 2476.0
1134830 2481.2
1134840 2485.8
1134850 2485.8
1134860 2489.8
1134870 2493.9
1134880 2493.9
1134890 2497.3
1134900 2500.2
1134910 2500.2
1134920 2503.5
1134930 2507.6
1134940 2512.9
1134950 2512.9
1134960 2518.8
1134970 2525.4
1134980 2525.4
1134990 2531.0
1135000 2530.7
1135010 2530.7
1135020 2527.9
1135030 2525.1
1135040 2525.1
1135050 2522.8
1135060 2527.1
1135070 2527.1
1135080 2525.1
1135090 2523.6
1135100 2523.6
1135110 2523.7
1135120 2525.2
1135130 2525.2
1135140 2528.2
1135150 2534.1
1135160 2542.5
1135170 2542.5
1135180 2550.7
1135190 2559.6
1135200 2559.6
1135210 2560.3
1135220 2561.1
1135230 2561.1
1135240 2566.3
1135250 2569.7
1135260 2569.7
1135270 2574.9
1135280 2579.9
1135290 2579.9
1135300 2587.7
1135310 2593.8
1135320 2593.8
1135330 2595.1
1135340 2594.5
1135350 2594.7
1135360 2594.7
1135370 2598.1
1135380 2601.8
1135390 2601.8
1135400 2608.2
1135410 2617.4
1135420 2599.7
1135430 2605.1
1135440 2610.3
1135450 2610.3
1135460 2615.0
1135470 2619.4
1135480 2619.4
1135490 2622.9
1135500 2625.8
1135510 2625.8
1135520 2628.5
1135530 2631.8
1135540 2636.2
1135550 2636.2
1135560 2641.8
1135570 2648.8
1135580 2648.8
1135590 2659.3
1135600 2676.9
1135610 2676.9
1135620 2689.1
1135630 2697.4
1135640 2697.4
1135650 2705.7
1135660 2711.5
1135670 2711.5
1135680 2716.9
1135690 2720.0
1135700 2720.0
1135710 2717.0
1135720 2714.2
1135730 2713.1
1135740 2713.1
1135750 2712.5
1135760 2711.5
1135770 2711.5
1135780 2711.5
1135790 2709.7
1135800 2709.7
1135810 2708.0
1135820 2706.6
1135830 2706.6
1135840 2706.8
1135850 2708.5
1135860 2708.5
1135870 2710.9
1135880 2713.9
1135890 2713.9
1135900 2718.7
1135910 2724.4
1135920 2724.4
1135930 2730.5
1135940 2738.4
1135950 2747.7
1135960 2747.7
1135970 2755.3
1135980 2760.2
1135990 2760.2
1136000 2763.5
1136010 2766.3
1136020 2766.3
1136030 2769.1
1136040 2772.9
1136050 2772.9
1136060 2776.9
1136070 2783.9
1136080 2783.9
1136090 2791.7
1136100 2799.3
1136110 2799.3
1136120 2807.5
1136130 2812.7
1136140 2816.5
1136150 2817.4
1136160 2818.0
1136170 2819.3
1136180 2819.3
1136190 2830.5
1136200 2841.7
1136210 2841.7
1136220 2849.0
1136230 2855.9
1136240 2855.9
1136250 2862.4
1136260 2868.0
1136270 2868.0
1136280 2872.0
1136290 2879.4
1136300 2879.4
1136310 2887.7
1136320 2896.1
1136330 2905.5
1136340 2905.5
1136350 2912.5
1136360 2919.1
1136370 2919.1
1136380 2927.5
1136390 2926.3
1136400 2926.3
1136410 2925.9
1136420 2930.3
1136430 2930.3
1136440 2932.3
1136450 2934.5
1136460 2934.5
1136470 2938.4
1136480 2941.8
1136490 2941.8
1136500 2945.6
1136510 2955.8
1136520 2958.3
1136530 2958.3
1136540 2961.6
1136550 2966.1
1136560 2966.1
1136570 2969.3
1136580 2966.0
1136590 2966.0
1136600 2955.4
1136610 2937.8
1136620 2937.8
1136630 2931.9
1136640 2931.9
1136650 2931.9
1136660 2929.3
1136670 2928.4
1136680 2928.4
1136690 2918.6
1136700 2917.9
1136710 2914.1
1136720 2914.1
1136730 2911.9
1136740 2909.0
1136750 2909.0
1136760 2904.7
1136770 2901.4
1136780 2901.4
1136790 2895.2
1136800 2880.2
1136810 2880.2
1136820 2872.5
1136830 2863.1
1136840 2863.1
1136850 2854.3
1136860 2844.8
1136870 2834.7
1136880 2825.6
1136890 2803.6
1136900 2803.6
1136910 2777.3
1136920 2760.7
1136930 2749.8
1136940 2749.8
1136950 2742.2
1136960 2734.1
1136970 2734.1
1136980 2725.7
1136990 2719.2
1137000 2719.2
1137010 2713.5
1137020 2711.2
1137030 2711.2
1137040 2710.1
1137050 2705.1
1137060 2705.1
1137070 2698.1
1137080 2690.9
1137090 2690.9
1137100 2682.9
1137110 2675.1
1137120 2667.0
1137130 2667.0
1137140 2659.6
1137150 2652.6
1137160 2652.6
1137170 2647.0
1137180 2640.8
1137190 2640.8
1137200 2635.5
1137210 2630.9
1137220 2630.9
1137230 2626.7
1137240 2626.5
1137250 2626.5
1137260 2626.6
1137270 2626.7
1137280 2626.7
1137290 2626.7
1137300 2625.5
1137310 2625.0
1137320 2625.0
1137330 2624.9
1137340 2624.7
1137350 2624.7
1137360 2624.6
1137370 2624.6
1137380 2624.6
1137390 2624.9
1137400 2624.3
1137410 2624.3
1137420 2623.1
1137430 2621.8
1137440 2621.8
1137450 2621.1
1137460 2620.4
1137470 2620.4
1137480 2619.7
1137490 2619.4
1137500 2619.0
1137510 2619.0
1137520 2618.6
1137530 2618.4
1137540 2618.4
1137550 2618.2
1137560 2618.1
1137570 2618.1
1137580 2618.2
1137590 2618.2
1137600 2620.4
1137610 2620.6
1137620 2621.2
1137630 2621.2
1137640 2621.8
1137650 2622.7
1137660 2622.7
1137670 2623.7
1137680 2624.4
1137690 2624.9
1137700 2624.9
1137710 2625.3
1137720 2626.0
1137730 2626.0
1137740 2626.1
1137750 2626.0
1137760 2626.0
1137770 2626.7
1137780 2626.8
1137790 2626.8
1137800 2626.3
1137810 2626.7
1137820 2626.7
1137830 2628.5
1137840 2632.2
1137850 2632.2
1137860 2636.0
1137870 2637.4
1137880 2637.4
1137890 2638.6
1137900 2642.1
1137910 2644.5
1137920 2644.5
1137930 2645.4
1137940 2643.4
1137950 2643.4
1137960 2640.9
1137970 2643.5
1137980 2643.5
1137990 2642.9
1138000 2643.1
1138010 2643.1
1138020 2641.4
1138030 2641.0
1138040 2641.0
1138050 2641.0
1138060 2640.7
1138070 2640.7
1138080 2637.9
1138090 2635.6
1138100 2631.9
1138110 2631.9
1138120 2626.2
1138130 2621.1
1138140 2621.1
1138150 2618.2
1138160 2619.2
1138170 2619.2
1138180 2621.3
1138190 2623.7
1138200 2623.7
1138210 2627.4
1138220 2631.7
1138230 2631.7
1138240 2636.2
1138250 2640.5
1138260 2640.5
1138270 2644.0
1138280 2645.4
1138290 2646.4
1138300 2646.4
1138310 2648.7
1138320 2650.6
1138330 2653.8
1138340 2656.8
1138350 2660.0
1138360 2660.0
1138370 2662.0
1138380 2667.1
1138390 2667.1
1138400 2674.9
1138410 2687.9
1138420 2687.9
1138430 2694.5
1138440 2693.6
1138450 2693.6
1138460 2692.2
1138470 2688.6
1138480 2686.3
1138490 2686.3
1138500 2689.8
1138510 2694.6
1138520 2694.6
1138530 2698.9
1138540 2702.5
1138550 2702.5
1138560 2707.7
1138570 2713.2
1138580 2713.2
1138590 2717.1
1138600 2719.9
1138610 2719.9
1138620 2723.5
1138630 2728.8
1138640 2728.8
1138650 2735.2
1138660 2740.3
1138670 2744.4
1138680 2744.4
1138690 2748.1
1138700 2758.6
1138710 2758.6
1138720 2762.4
1138730 2766.2
1138740 2766.2
1138750 2769.3
1138760 2771.9
1138770 2771.9
1138780 2776.2
1138790 2782.4
1138800 2782.4
1138810 2785.5
1138820 2787.3
1138830 2787.3
1138840 2789.6
1138850 2791.0
1138860 2791.0
1138870 2791.6
1138880 2793.2
1138890 2796.8
1138900 2796.8
1138910 2801.7
1138920 2802.6
1138930 2802.6
1138940 2805.2
1138950 2802.1
1138960 2802.1
1138970 2801.6
1138980 2801.3
1138990 2801.3
1139000 2802.9
1139010 2804.5
1139020 2804.5
1139030 2805.3
1139040 2805.9
1139050 2805.9
1139060 2812.3
1139070 2815.4
1139080 2818.8
1139090 2818.8
1139100 2821.0
1139110 2822.7
1139120 2822.7
1139130 2824.3
1139140 2825.5
1139150 2825.5
1139160 2828.2
1139170 2830.5
1139180 2830.5
1139190 2832.9
1139200 2835.7
1139210 2835.7
1139220 2839.8
1139230 2844.6
1139240 2844.6
1139250 2849.1
1139260 2853.8
1139270 2861.4
1139280 2861.4
1139290 2870.0
1139300 2875.8
1139310 2875.8
1139320 2880.3
1139330 2881.4
1139340 2881.4
1139350 2878.0
1139360 2874.4
1139370 2874.4
1139380 2872.4
1139390 2869.8
1139400 2869.8
1139410 2865.7
1139420 2859.1
1139430 2860.2
1139440 2852.6
1139450 2845.1
1139460 2838.2
1139470 2838.2
1139480 2832.3
1139490 2825.8
1139500 2825.8
1139510 2816.0
1139520 2806.3
1139530 2806.3
1139540 2795.5
1139550 2785.8
1139560 2785.8
1139570 2781.2
1139580 2775.3
1139590 2775.3
1139600 2769.6
1139610 2765.2
1139620 2765.2
1139630 2761.6
1139640 2757.4
1139650 2749.7
1139660 2749.7
1139670 2742.9
1139680 2738.8
1139690 2738.8
1139700 2734.1
1139710 2727.5
1139720 2727.5
1139730 2722.3
1139740 2718.0
1139750 2718.0
1139760 2714.8
1139770 2712.6
1139780 2712.6
1139790 2711.8
1139800 2710.3
1139810 2710.3
1139820 2709.1
1139830 2707.0
1139840 2707.0
1139850 2702.4
1139860 2698.0
1139870 2694.1
1139880 2694.1
1139890 2691.2
1139900 2688.7
1139910 2688.7
1139920 2685.5
1139930 2680.9
1139940 2680.9
1139950 2675.8
1139960 2670.6
1139970 2670.6
1139980 2666.5
1139990 2663.3
