1120000 2351.6
1120010 2353.4
1120020 2353.4
1120030 2356.1
1120040 2359.3
1120050 2361.5
1120060 2363.4
1120070 2363.3
1120080 2361.4
1120090 2361.4
1120100 2359.3
1120110 2359.3
1120120 2359.3
1120130 2358.7
1120140 2357.5
1120150 2357.5
1120160 2355.8
1120170 2356.2
1120180 2356.2
1120190 2357.4
1120200 2359.0
1120210 2359.0
1120220 2359.9
1120230 2359.9
1120240 2359.7
1120250 2359.7
1120260 2360.1
1120270 2361.9
1120280 2361.9
1120290 2364.4
1120300 2367.3
1120310 2367.3
1120320 2369.9
1120330 2372.5
1120340 2372.5
1120350 2375.3
1120360 2379.7
1120370 2379.7
1120380 2382.8
1120390 2386.0
1120400 2386.0
1120410 2389.5
1120420 2393.5
1120430 2397.9
1120440 2397.9
1120450 2402.9
1120460 2408.2
1120470 2408.2
1120480 2413.6
1120490 2418.8
1120500 2418.8
1120510 2424.7
1120520 2431.5
1120530 2431.5
1120540 2436.9
1120550 2442.0
1120560 2442.0
1120570 2448.6
1120580 2455.6
1120590 2455.6
1120600 2462.6
1120610 2469.1
1120620 2475.8
1120630 2475.8
1120640 2484.3
1120650 2497.9
1120660 2497.9
1120670 2517.2
1120680 2549.1
1120690 2549.1
1120700 2588.3
1120710 2597.6
1120720 2597.6
1120730 2614.3
1120740 2629.9
1120750 2623.4
1120760 2635.5
1120770 2641.5
1120780 2641.5
1120790 2649.4
1120800 2653.7
1120810 2653.7
1120820 2651.0
1120830 2670.4
1120840 2678.4
1120850 2678.4
1120860 2680.0
1120870 2681.7
1120880 2681.7
1120890 2681.0
1120900 2679.4
1120910 2679.4
1120920 2681.0
1120930 2681.7
1120940 2681.7
1120950 2680.2
1120960 2675.7
1120970 2675.7
1120980 2679.1
1120990 2681.1
1121000 2681.1
1121010 2681.6
1121020 2681.8
1121030 2678.3
1121040 2678.3
1121050 2675.0
1121060 2673.7
1121070 2673.7
1121080 2673.4
1121090 2672.8
1121100 2678.8
1121110 2676.0
1121120 2672.9
1121130 2672.9
1121140 2669.4
1121150 2667.6
1121160 2667.6
1121170 2668.0
1121180 2669.2
1121190 2669.2
1121200 2669.4
1121210 2667.6
1121220 2662.5
1121230 2662.5
1121240 2653.8
1121250 2643.8
1121260 2643.8
1121270 2636.4
1121280 2634.8
1121290 2634.8
1121300 2634.1
1121310 2634.2
1121320 2634.2
1121330 2634.4
1121340 2633.9
1121350 2633.9
1121360 2633.7
1121370 2633.9
1121380 2633.9
1121390 2634.0
1121400 2634.8
1121410 2638.7
1121420 2638.7
1121430 2642.7
1121440 2646.0
1121450 2652.4
1121460 2654.0
1121470 2658.4
1121480 2658.4
1121490 2663.8
1121500 2670.9
1121510 2670.9
1121520 2677.2
1121530 2683.9
1121540 2683.9
1121550 2691.4
1121560 2706.5
1121570 2706.5
1121580 2709.5
1121590 2700.9
1121600 2700.9
1121610 2694.2
1121620 2686.8
1121630 2688.8
1121640 2688.8
1121650 2679.9
1121660 2667.1
1121670 2667.1
1121680 2649.6
1121690 2635.4
1121700 2635.4
1121710 2624.8
1121720 2616.0
1121730 2616.0
1121740 2614.8
1121750 2608.3
1121760 2608.3
1121770 2588.2
1121780 2581.1
1121790 2581.1
1121800 2593.5
1121810 2595.9
1121820 2600.0
1121830 2600.0
1121840 2601.1
1121850 2586.7
1121860 2586.7
1121870 2576.6
1121880 2571.0
1121890 2571.0
1121900 2562.8
1121910 2560.6
1121920 2560.6
1121930 2557.0
1121940 2546.6
1121950 2546.6
1121960 2540.3
1121970 2540.8
1121980 2540.8
1121990 2543.7
1122000 2535.9
1122010 2524.9
1122020 2524.9
1122030 2517.2
1122040 2505.7
1122050 2505.7
1122060 2500.2
1122070 2495.6
1122080 2495.6
1122090 2486.7
1122100 2479.5
1122110 2479.5
1122120 2471.8
1122130 2458.8
1122140 2458.8
1122150 2446.0
1122160 2436.9
1122170 2436.9
1122180 2429.7
1122190 2423.8
1122200 2418.6
1122210 2418.6
1122220 2413.6
1122230 2408.7
1122240 2408.7
1122250 2407.0
1122260 2405.7
1122270 2405.7
1122280 2404.7
1122290 2403.4
1122300 2403.4
1122310 2403.2
1122320 2400.5
1122330 2400.5
1122340 2398.5
1122350 2394.5
1122360 2394.5
1122370 2391.2
1122380 2390.8
1122390 2390.8
1122400 2390.1
1122410 2389.8
1122420 2388.2
1122430 2388.2
1122440 2385.3
1122450 2381.2
1122460 2381.2
1122470 2376.7
1122480 2371.4
1122490 2373.5
1122500 2370.3
1122510 2366.2
1122520 2366.2
1122530 2362.5
1122540 2355.7
1122550 2355.7
1122560 2347.0
1122570 2332.9
1122580 2332.9
1122590 2320.9
1122600 2314.1
1122610 2308.6
1122620 2308.6
1122630 2303.8
1122640 2299.1
1122650 2299.1
1122660 2289.5
1122670 2280.9
1122680 2280.9
1122690 2271.0
1122700 2264.3
1122710 2264.3
1122720 2255.9
1122730 2245.5
1122740 2245.5
1122750 2235.2
1122760 2230.6
1122770 2230.6
1122780 2227.0
1122790 2219.7
1122800 2209.5
1122810 2209.5
1122820 2198.1
1122830 2186.6
1122840 2188.2
1122850 2179.9
1122860 2169.5
1122870 2169.5
1122880 2157.3
1122890 2148.9
1122900 2148.9
1122910 2142.3
1122920 2137.6
1122930 2137.6
1122940 2133.6
1122950 2130.3
1122960 2130.3
1122970 2127.2
1122980 2124.9
1122990 2122.2
1123000 2122.2
1123010 2117.2
1123020 2111.5
1123030 2111.5
1123040 2105.1
1123050 2098.2
1123060 2098.2
1123070 2093.3
1123080 2089.8
1123090 2089.8
1123100 2085.6
1123110 2080.4
1123120 2080.4
1123130 2073.6
1123140 2064.0
1123150 2064.0
1123160 2052.4
1123170 2045.2
1123180 2045.2
1123190 2034.0
1123200 2028.2
1123210 2023.0
1123220 2023.0
1123230 2018.5
1123240 2014.0
1123250 2014.0
1123260 2010.2
1123270 2007.5
1123280 2007.5
1123290 2005.3
1123300 2003.1
1123310 2003.1
1123320 2001.0
1123330 1999.3
1123340 1999.3
1123350 1998.6
1123360 1998.6
1123370 1998.6
1123380 1998.6
1123390 1998.4
1123400 1998.0
1123410 1998.0
1123420 1998.0
1123430 1997.7
1123440 1997.7
1123450 1998.1
1123460 1997.6
1123470 1997.6
1123480 1997.0
1123490 1997.0
1123500 1997.0
1123510 1996.6
1123520 1996.6
1123530 1996.6
1123540 1996.7
1123550 1996.8
1123560 1996.8
1123570 1996.9
1123580 1996.8
1123590 1996.8
1123600 1996.8
1123610 1996.6
1123620 1996.7
1123630 1996.7
1123640 1996.8
1123650 1996.6
1123660 1996.6
1123670 1996.4
1123680 1996.4
1123690 1996.4
1123700 1996.4
1123710 1996.4
1123720 1996.4
1123730 1996.3
1123740 1996.3
1123750 1996.3
1123760 1996.3
1123770 1996.5
1123780 1996.5
1123790 1996.5
1123800 1996.8
1123810 1996.7
1123820 1996.7
1123830 1996.4
1123840 1996.4
1123850 1996.4
1123860 1996.4
1123870 1996.4
1123880 1996.4
1123890 1996.3
1123900 1996.3
1123910 1996.3
1123920 1996.1
1123930 1996.2
1123940 1996.2
1123950 1997.1
1123960 2001.3
1123970 2006.5
1123980 2006.5
1123990 2011.8
1124000 2016.9
1124010 2016.9
1124020 2021.5
1124030 2025.2
1124040 2025.2
1124050 2029.7
1124060 2034.7
1124070 2034.7
1124080 2041.4
1124090 2048.4
1124100 2048.4
1124110 2056.0
1124120 2062.8
1124130 2062.8
1124140 2068.1
1124150 2073.0
1124160 2073.0
1124170 2077.5
1124180 2082.2
1124190 2087.5
1124200 2087.5
1124210 2092.8
1124220 2097.7
1124230 2097.7
1124240 2102.9
1124250 2112.3
1124260 2112.3
1124270 2118.7
1124280 2122.7
1124290 2122.7
1124300 2125.0
1124310 2128.9
1124320 2128.9
1124330 2133.2
1124340 2138.3
1124350 2138.3
1124360 2142.9
1124370 2147.4
1124380 2150.6
1124390 2150.6
1124400 2155.1
1124410 2160.0
1124420 2160.0
1124430 2164.0
1124440 2168.0
1124450 2168.0
1124460 2173.0
1124470 2176.6
1124480 2176.6
1124490 2180.4
1124500 2186.1
1124510 2186.1
1124520 2190.0
1124530 2193.3
1124540 2193.3
1124550 2197.9
1124560 2203.0
1124570 2208.5
1124580 2208.5
1124590 2214.1
1124600 2218.9
1124610 2218.9
1124620 2223.6
1124630 2227.6
1124640 2227.6
1124650 2232.3
1124660 2237.8
1124670 2237.8
1124680 2244.4
1124690 2251.3
1124700 2251.3
1124710 2257.6
1124720 2262.1
1124730 2262.1
1124740 2265.1
1124750 2269.5
1124760 2273.6
1124770 2273.6
1124780 2277.3
1124790 2279.4
1124800 2279.4
1124810 2279.2
1124820 2281.1
1124830 2281.1
1124840 2285.9
1124850 2290.6
1124860 2290.6
1124870 2297.0
1124880 2303.4
1124890 2303.4
1124900 2311.0
1124910 2317.6
1124920 2317.6
1124930 2320.6
1124940 2322.4
1124950 2327.7
1124960 2329.0
1124970 2330.8
1124980 2330.8
1124990 2330.8
1125000 2329.6
1125010 2328.9
1125020 2328.9
1125030 2327.4
1125040 2326.6
1125050 2326.6
1125060 2324.3
1125070 2320.7
1125080 2320.7
1125090 2319.1
1125100 2319.4
1125110 2319.4
1125120 2321.3
1125130 2324.2
1125140 2324.2
1125150 2328.2
1125160 2334.0
1125170 2341.7
1125180 2341.7
1125190 2345.0
1125200 2345.3
1125210 2345.3
1125220 2344.0
1125230 2342.6
1125240 2342.6
1125250 2341.1
1125260 2340.8
1125270 2340.8
1125280 2339.5
1125290 2337.8
1125300 2342.5
1125310 2339.2
1125320 2336.6
1125330 2336.6
1125340 2335.1
1125350 2333.6
1125360 2332.6
1125370 2332.6
1125380 2332.4
1125390 2331.2
1125400 2331.2
1125410 2329.5
1125420 2326.9
1125430 2326.9
1125440 2322.5
1125450 2318.9
1125460 2318.9
1125470 2315.8
1125480 2311.4
1125490 2311.4
1125500 2306.4
1125510 2300.9
1125520 2300.9
1125530 2296.3
1125540 2293.2
1125550 2290.9
1125560 2290.9
1125570 2289.0
1125580 2287.2
1125590 2287.2
1125600 2285.5
1125610 2284.6
1125620 2284.6
1125630 2282.7
1125640 2283.7
1125650 2285.5
1125660 2286.6
1125670 2282.6
1125680 2282.6
1125690 2279.9
1125700 2278.6
1125710 2278.6
1125720 2280.2
1125730 2281.8
1125740 2281.8
1125750 2283.5
1125760 2284.0
1125770 2283.7
1125780 2283.7
1125790 2283.1
1125800 2283.4
1125810 2283.4
1125820 2284.5
1125830 2285.1
1125840 2285.1
1125850 2284.2
1125860 2280.1
1125870 2280.1
1125880 2269.8
1125890 2265.8
1125900 2265.8
1125910 2263.1
1125920 2258.8
1125930 2258.8
1125940 2254.1
1125950 2252.1
1125960 2244.0
1125970 2244.0
1125980 2231.0
1125990 2225.3
1126000 2230.8
1126010 2226.1
1126020 2221.6
1126030 2221.6
1126040 2215.9
1126050 2209.9
1126060 2209.9
1126070 2198.8
1126080 2187.4
1126090 2187.4
1126100 2181.9
1126110 2177.1
1126120 2177.1
1126130 2173.4
1126140 2170.3
1126150 2167.4
1126160 2167.4
1126170 2165.1
1126180 2163.6
1126190 2163.6
1126200 2161.5
1126210 2159.6
1126220 2159.6
1126230 2158.1
1126240 2156.8
1126250 2156.8
1126260 2158.5
1126270 2160.2
1126280 2160.2
1126290 2161.7
1126300 2163.6
1126310 2163.6
1126320 2165.9
1126330 2168.2
1126340 2170.3
1126350 2170.3
1126360 2172.2
1126370 2175.0
1126380 2175.0
1126390 2177.8
1126400 2180.8
1126410 2180.8
1126420 2183.6
1126430 2186.6
1126440 2186.6
1126450 2189.3
1126460 2194.5
1126470 2194.5
1126480 2200.5
1126490 2204.9
1126500 2204.9
1126510 2207.7
1126520 2212.6
1126530 2218.9
1126540 2218.9
1126550 2224.8
1126560 2229.4
1126570 2229.4
1126580 2234.3
1126590 2239.1
1126600 2239.1
1126610 2244.3
1126620 2250.8
1126630 2250.8
1126640 2257.9
1126650 2264.4
1126660 2264.4
1126670 2270.3
1126680 2276.2
1126690 2276.2
1126700 2281.9
1126710 2285.5
1126720 2285.5
1126730 2291.5
1126740 2298.1
1126750 2304.5
1126760 2304.5
1126770 2310.8
1126780 2318.0
1126790 2318.0
1126800 2326.4
1126810 2334.5
1126820 2334.5
1126830 2342.0
1126840 2349.5
1126850 2349.5
1126860 2356.0
1126870 2361.0
1126880 2361.0
1126890 2365.9
1126900 2370.5
1126910 2370.5
1126920 2373.9
1126930 2374.6
1126940 2375.2
1126950 2375.2
1126960 2376.8
1126970 2378.7
1126980 2378.7
1126990 2380.1
1127000 2380.5
1127010 2380.5
1127020 2380.0
1127030 2379.2
1127040 2379.2
1127050 2378.8
1127060 2379.4
1127070 2379.4
1127080 2380.0
1127090 2380.8
1127100 2380.8
1127110 2381.6
1127120 2381.9
1127130 2382.1
1127140 2382.1
1127150 2382.6
1127160 2383.2
1127170 2383.2
1127180 2384.2
1127190 2385.6
1127200 2385.6
1127210 2385.7
1127220 2384.9
1127230 2384.9
1127240 2384.4
1127250 2384.1
1127260 2384.1
1127270 2384.1
1127280 2384.4
1127290 2384.4
1127300 2385.0
1127310 2386.3
1127320 2387.4
1127330 2387.4
1127340 2388.3
1127350 2389.3
1127360 2389.3
1127370 2391.2
1127380 2393.5
1127390 2393.5
1127400 2396.3
1127410 2399.1
1127420 2397.4
1127430 2400.3
1127440 2403.6
1127450 2403.6
1127460 2407.7
1127470 2413.0
1127480 2413.0
1127490 2420.4
1127500 2426.0
1127510 2431.4
1127520 2431.4
1127530 2439.3
1127540 2443.5
1127550 2443.5
1127560 2445.1
1127570 2446.7
1127580 2446.7
1127590 2449.3
1127600 2453.0
1127610 2453.0
1127620 2458.1
1127630 2463.6
1127640 2463.6
1127650 2467.9
1127660 2472.6
1127670 2472.6
1127680 2478.4
1127690 2483.3
1127700 2483.3
1127710 2485.1
1127720 2481.9
1127730 2480.4
1127740 2480.4
1127750 2479.7
1127760 2481.3
1127770 2487.1
1127780 2488.9
1127790 2493.4
1127800 2493.4
1127810 2499.6
1127820 2507.9
1127830 2507.9
1127840 2517.1
1127850 2525.5
1127860 2525.5
1127870 2532.8
1127880 2538.7
1127890 2538.7
1127900 2542.0
1127910 2542.2
1127920 2540.6
1127930 2540.6
1127940 2539.2
1127950 2538.3
1127960 2538.3
1127970 2538.3
1127980 2538.5
1127990 2538.5
1128000 2539.6
1128010 2540.9
1128020 2540.9
1128030 2541.4
1128040 2541.1
1128050 2541.1
1128060 2540.7
1128070 2539.7
1128080 2539.7
1128090 2539.2
1128100 2540.0
1128110 2541.0
1128120 2541.0
1128130 2536.7
1128140 2540.2
1128150 2540.2
1128160 2545.2
1128170 2547.8
1128180 2547.8
1128190 2549.9
1128200 2551.7
1128210 2551.7
1128220 2553.0
1128230 2553.7
1128240 2553.7
1128250 2553.3
1128260 2552.6
1128270 2552.6
1128280 2552.3
1128290 2551.9
1128300 2550.5
1128310 2550.5
1128320 2548.2
1128330 2547.1
1128340 2547.1
1128350 2547.1
1128360 2547.2
1128370 2547.2
1128380 2548.7
1128390 2552.2
1128400 2552.2
1128410 2555.1
1128420 2558.3
1128430 2558.3
1128440 2562.5
1128450 2565.8
1128460 2565.8
1128470 2567.2
1128480 2569.9
1128490 2569.9
1128500 2569.4
1128510 2569.8
1128520 2570.8
1128530 2570.8
1128540 2571.7
1128550 2572.8
1128560 2572.8
1128570 2573.6
1128580 2573.5
1128590 2573.5
1128600 2573.4
1128610 2573.4
1128620 2573.4
1128630 2573.7
1128640 2574.2
1128650 2574.2
1128660 2575.1
1128670 2576.3
1128680 2576.3
1128690 2577.7
1128700 2579.5
1128710 2581.5
1128720 2581.5
1128730 2582.9
1128740 2584.0
1128750 2584.0
1128760 2585.2
1128770 2586.1
1128780 2586.1
1128790 2587.3
1128800 2589.0
1128810 2589.0
1128820 2591.3
1128830 2594.4
1128840 2595.0
1128850 2597.8
1128860 2600.8
1128870 2600.8
1128880 2603.1
1128890 2605.5
1128900 2608.7
1128910 2608.7
1128920 2611.2
1128930 2613.5
1128940 2613.5
1128950 2616.0
1128960 2618.8
1128970 2618.8
1128980 2622.4
1128990 2627.0
1129000 2627.0
1129010 2630.9
1129020 2636.0
1129030 2636.0
1129040 2642.3
1129050 2649.7
1129060 2649.7
1129070 2659.1
1129080 2669.4
1129090 2674.3
1129100 2674.3
1129110 2677.1
1129120 2679.7
1129130 2679.7
1129140 2682.7
1129150 2683.2
1129160 2683.2
1129170 2680.3
1129180 2679.0
1129190 2685.9
1129200 2682.9
1129210 2681.3
1129220 2681.3
1129230 2680.5
1129240 2680.1
1129250 2680.1
1129260 2671.4
1129270 2668.5
1129280 2665.8
1129290 2665.8
1129300 2658.7
1129310 2654.8
1129320 2654.8
1129330 2650.3
1129340 2649.1
1129350 2649.1
1129360 2649.3
1129370 2643.5
1129380 2643.5
1129390 2633.3
1129400 2627.2
1129410 2627.2
1129420 2626.1
1129430 2622.8
1129440 2622.8
1129450 2607.0
1129460 2596.6
1129470 2596.6
1129480 2585.8
1129490 2576.7
1129500 2569.1
1129510 2569.1
1129520 2563.3
1129530 2560.6
1129540 2560.6
1129550 2566.1
1129560 2563.6
1129570 2563.6
1129580 2563.6
1129590 2563.2
1129600 2563.2
1129610 2563.2
1129620 2563.2
1129630 2563.2
1129640 2560.2
1129650 2556.7
1129660 2556.7
1129670 2555.0
1129680 2553.4
1129690 2552.0
1129700 2552.0
1129710 2552.1
1129720 2552.2
1129730 2552.2
1129740 2554.1
1129750 2554.2
1129760 2554.2
1129770 2553.5
1129780 2552.1
1129790 2552.1
1129800 2551.3
1129810 2551.5
1129820 2551.5
1129830 2551.2
1129840 2550.9
1129850 2550.9
1129860 2551.3
1129870 2552.9
1129880 2550.8
1129890 2550.8
1129900 2560.4
1129910 2560.2
1129920 2560.2
1129930 2556.9
1129940 2554.6
1129950 2554.6
1129960 2553.5
1129970 2553.3
1129980 2553.3
1129990 2553.7
1130000 2554.8
1130010 2554.8
1130020 2555.8
1130030 2557.5
1130040 2557.5
1130050 2560.1
1130060 2561.9
1130070 2563.1
1130080 2563.1
1130090 2563.4
1130100 2562.8
1130110 2562.8
1130120 2562.1
1130130 2561.9
1130140 2561.9
1130150 2562.6
1130160 2562.9
1130170 2562.9
1130180 2562.4
1130190 2561.9
1130200 2561.9
1130210 2561.8
1130220 2562.0
1130230 2562.0
1130240 2561.8
1130250 2560.8
1130260 2561.6
1130270 2561.6
1130280 2560.2
1130290 2560.0
1130300 2560.0
1130310 2559.6
1130320 2559.2
1130330 2559.2
1130340 2560.4
1130350 2563.0
1130360 2563.0
1130370 2566.6
1130380 2570.8
1130390 2570.8
1130400 2575.6
1130410 2580.3
1130420 2580.3
1130430 2585.3
1130440 2588.8
1130450 2588.8
1130460 2590.2
1130470 2592.8
1130480 2596.4
1130490 2596.4
1130500 2599.6
1130510 2602.3
1130520 2602.3
1130530 2604.9
1130540 2607.8
1130550 2607.8
1130560 2610.5
1130570 2613.3
1130580 2613.3
1130590 2617.0
1130600 2622.5
1130610 2622.5
1130620 2626.2
1130630 2632.9
1130640 2632.9
1130650 2639.7
1130660 2646.4
1130670 2652.9
1130680 2652.9
1130690 2657.7
1130700 2661.6
1130710 2661.6
1130720 2668.8
1130730 2677.7
1130740 2677.7
1130750 2688.9
1130760 2700.2
1130770 2700.2
1130780 2711.1
1130790 2721.2
1130800 2721.2
1130810 2732.0
1130820 2738.8
1130830 2738.8
1130840 2745.1
1130850 2763.7
1130860 2780.0
1130870 2780.0
1130880 2788.0
1130890 2800.6
1130900 2800.6
1130910 2807.2
1130920 2811.7
1130930 2811.7
1130940 2813.1
1130950 2809.5
1130960 2809.5
1130970 2800.3
1130980 2804.3
1130990 2804.3
1131000 2810.9
1131010 2815.8
1131020 2815.8
1131030 2811.7
1131040 2801.9
1131050 2790.5
1131060 2790.5
1131070 2780.8
1131080 2766.7
1131090 2766.7
1131100 2736.8
1131110 2719.8
1131120 2719.8
1131130 2707.3
1131140 2693.9
1131150 2693.9
1131160 2683.9
1131170 2677.2
1131180 2677.2
1131190 2648.1
1131200 2636.6
1131210 2636.6
1131220 2648.7
1131230 2664.4
1131240 2664.4
1131250 2666.9
1131260 2652.1
1131270 2622.8
1131280 2622.8
1131290 2604.1
1131300 2588.4
1131310 2588.4
1131320 2575.8
1131330 2565.5
1131340 2565.5
1131350 2563.0
1131360 2551.2
1131370 2551.2
1131380 2531.9
1131390 2519.2
1131400 2519.2
1131410 2510.8
1131420 2502.0
1131430 2502.0
1131440 2492.6
1131450 2482.9
1131460 2475.0
1131470 2475.0
1131480 2467.1
1131490 2459.0
1131500 2459.0
1131510 2451.1
1131520 2443.3
1131530 2443.3
1131540 2435.4
1131550 2427.2
1131560 2427.2
1131570 2418.9
1131580 2412.0
1131590 2412.0
1131600 2405.9
1131610 2398.2
1131620 2398.2
1131630 2388.8
1131640 2380.4
1131650 2371.7
1131660 2371.7
1131670 2363.3
1131680 2355.6
1131690 2356.2
1131700 2348.3
1131710 2343.2
1131720 2343.2
1131730 2336.0
1131740 2333.2
1131750 2333.2
1131760 2327.6
1131770 2321.2
1131780 2321.2
1131790 2314.0
1131800 2307.6
1131810 2307.6
1131820 2301.0
1131830 2294.2
1131840 2287.0
1131850 2287.0
1131860 2279.7
1131870 2269.7
1131880 2269.7
1131890 2259.6
1131900 2251.1
1131910 2251.1
1131920 2236.2
1131930 2221.2
1131940 2221.2
1131950 2213.7
1131960 2208.5
1131970 2208.5
1131980 2202.9
1131990 2195.2
1132000 2195.2
1132010 2185.4
1132020 2178.7
1132030 2172.7
1132040 2172.7
1132050 2166.5
1132060 2156.5
1132070 2156.5
1132080 2143.9
1132090 2132.8
1132100 2132.8
1132110 2121.6
1132120 2103.5
1132130 2103.5
1132140 2092.1
1132150 2083.7
1132160 2083.7
1132170 2071.4
1132180 2050.6
1132190 2050.6
1132200 2037.0
1132210 2024.5
1132220 2024.5
1132230 2016.1
1132240 2008.5
1132250 2001.4
1132260 2001.4
1132270 1994.5
1132280 1988.0
1132290 1988.0
1132300 1982.9
1132310 1979.0
1132320 1979.0
1132330 1975.4
1132340 1971.7
1132350 1971.7
1132360 1967.9
1132370 1963.6
1132380 1963.6
1132390 1959.5
1132400 1955.6
1132410 1953.3
1132420 1949.7
1132430 1946.2
1132440 1943.1
1132450 1943.1
1132460 1939.7
1132470 1935.7
1132480 1935.7
1132490 1932.6
1132500 1928.8
1132510 1928.8
1132520 1925.0
1132530 1919.9
1132540 1919.9
1132550 1913.9
1132560 1912.5
1132570 1912.5
1132580 1910.9
1132590 1910.2
1132600 1910.2
1132610 1911.2
1132620 1912.5
1132630 1915.4
1132640 1915.4
1132650 1919.0
1132660 1922.2
1132670 1922.2
1132680 1925.8
1132690 1929.9
1132700 1929.9
1132710 1931.3
1132720 1937.0
1132730 1937.0
1132740 1943.7
1132750 1949.9
1132760 1949.9
1132770 1958.0
1132780 1963.4
1132790 1963.4
1132800 1969.0
1132810 1976.3
1132820 1982.5
1132830 1982.5
1132840 1989.7
1132850 1996.8
1132860 1996.8
1132870 2003.7
1132880 2012.1
1132890 2012.1
1132900 2032.6
1132910 2042.6
1132920 2042.6
1132930 2051.7
1132940 2059.2
1132950 2059.2
1132960 2069.8
1132970 2078.8
1132980 2078.8
1132990 2087.0
1133000 2107.8
1133010 2123.2
1133020 2123.2
1133030 2131.5
1133040 2138.1
1133050 2138.1
1133060 2142.8
1133070 2144.6
1133080 2144.6
1133090 2145.2
1133100 2146.6
1133110 2146.6
1133120 2151.3
1133130 2158.8
1133140 2158.8
1133150 2163.3
1133160 2167.3
1133170 2167.3
1133180 2169.3
1133190 2169.3
1133200 2169.3
1133210 2170.0
1133220 2169.5
1133230 2166.3
1133240 2166.3
1133250 2164.1
1133260 2163.3
1133270 2163.3
1133280 2162.0
1133290 2160.3
1133300 2160.3
1133310 2159.5
1133320 2159.8
1133330 2159.8
1133340 2160.5
1133350 2160.2
1133360 2160.2
1133370 2159.7
1133380 2160.5
1133390 2160.5
1133400 2162.1
1133410 2164.7
1133420 2169.3
1133430 2169.3
1133440 2173.7
1133450 2177.6
1133460 2177.6
1133470 2181.2
1133480 2185.5
1133490 2186.0
1133500 2189.9
1133510 2193.5
1133520 2193.5
1133530 2196.6
1133540 2199.3
1133550 2199.3
1133560 2202.5
1133570 2205.6
1133580 2205.6
1133590 2209.0
1133600 2212.8
1133610 2216.3
1133620 2216.3
1133630 2218.7
1133640 2220.2
1133650 2220.2
1133660 2221.9
1133670 2224.4
1133680 2224.4
1133690 2226.1
1133700 2227.9
1133710 2227.9
1133720 2229.8
1133730 2231.6
1133740 2231.6
1133750 2234.0
1133760 2236.1
1133770 2236.1
1133780 2238.6
1133790 2240.4
1133800 2242.4
1133810 2242.4
1133820 2244.1
1133830 2245.4
1133840 2245.4
1133850 2248.1
1133860 2249.9
1133870 2249.9
1133880 2252.8
1133890 2256.2
1133900 2256.2
1133910 2260.5
1133920 2262.3
1133930 2262.3
1133940 2264.5
1133950 2266.4
1133960 2266.4
1133970 2268.3
1133980 2270.3
1133990 2270.3
1134000 2272.3
1134010 2274.1
1134020 2276.2
1134030 2276.2
1134040 2278.6
1134050 2280.6
1134060 2280.6
1134070 2283.0
1134080 2285.0
1134090 2285.0
1134100 2286.9
1134110 2289.0
1134120 2289.0
1134130 2291.2
1134140 2293.2
1134150 2293.2
1134160 2295.3
1134170 2298.0
1134180 2298.0
1134190 2300.5
1134200 2303.1
1134210 2305.6
1134220 2305.6
1134230 2308.8
1134240 2311.8
1134250 2311.8
1134260 2315.2
1134270 2319.1
1134280 2319.1
1134290 2322.7
1134300 2325.9
1134310 2325.9
1134320 2329.6
1134330 2333.4
1134340 2333.4
1134350 2337.2
1134360 2341.2
1134370 2341.2
1134380 2345.8
1134390 2350.2
1134400 2354.2
1134410 2354.2
1134420 2358.6
1134430 2363.6
1134440 2363.6
1134450 2368.6
1134460 2374.1
1134470 2374.1
1134480 2379.4
1134490 2385.1
1134500 2385.1
1134510 2391.1
1134520 2396.2
1134530 2396.2
1134540 2400.8
1134550 2406.4
1134560 2406.4
1134570 2416.0
1134580 2419.3
1134590 2421.9
1134600 2421.9
1134610 2426.1
1134620 2431.9
1134630 2431.9
1134640 2436.6
1134650 2439.7
1134660 2439.7
1134670 2440.5
1134680 2440.8
1134690 2440.8
1134700 2442.9
1134710 2447.0
1134720 2447.0
1134730 2450.9
1134740 2454.8
1134750 2454.8
1134760 2458.6
1134770 2462.4
1134780 2466.6
1134790 2466.6
1134800 2471.2
1134810 2476.2
1134820 2476.2
1134830 2481.3
1134840 2486.1
1134850 2486.1
1134860 2490.4
1134870 2493.6
1134880 2493.6
1134890 2496.6
1134900 2499.6
1134910 2499.6
1134920 2502.5
1134930 2503.5
1134940 2503.5
1134950 2506.7
1134960 2511.6
1134970 2511.6
1134980 2517.5
1134990 2523.7
1135000 2530.6
1135010 2530.6
1135020 2537.0
1135030 2538.0
1135040 2538.0
1135050 2535.7
1135060 2533.6
1135070 2533.6
1135080 2531.5
1135090 2529.2
1135100 2529.2
1135110 2527.6
1135120 2527.2
1135130 2527.2
1135140 2527.9
1135150 2529.5
1135160 2529.5
1135170 2532.4
1135180 2536.2
1135190 2539.7
1135200 2539.7
1135210 2543.9
1135220 2547.2
1135230 2547.2
1135240 2551.6
1135250 2557.4
1135260 2557.4
1135270 2562.4
1135280 2568.3
1135290 2558.0
1135300 2562.9
1135310 2565.9
1135320 2565.9
1135330 2569.2
1135340 2571.3
1135350 2571.3
1135360 2573.3
1135370 2576.3
1135380 2580.7
1135390 2580.7
1135400 2584.7
1135410 2588.8
1135420 2588.8
1135430 2595.7
1135440 2600.4
1135450 2600.4
1135460 2604.7
1135470 2610.2
1135480 2610.2
1135490 2616.2
1135500 2621.4
1135510 2621.4
1135520 2625.9
1135530 2630.7
1135540 2630.7
1135550 2636.1
1135560 2641.9
1135570 2648.0
1135580 2648.0
1135590 2655.5
1135600 2668.5
1135610 2668.5
1135620 2684.6
1135630 2695.2
1135640 2695.2
1135650 2696.6
1135660 2702.2
1135670 2702.2
1135680 2712.6
1135690 2723.0
1135700 2723.0
1135710 2724.4
1135720 2722.1
1135730 2722.1
1135740 2720.8
1135750 2718.2
1135760 2715.0
1135770 2715.0
1135780 2712.2
1135790 2710.2
1135800 2710.2
1135810 2708.5
1135820 2707.3
1135830 2707.3
1135840 2707.1
1135850 2708.0
1135860 2708.0
1135870 2710.8
1135880 2713.7
1135890 2713.7
1135900 2716.6
1135910 2720.6
1135920 2720.6
1135930 2725.7
1135940 2731.6
1135950 2731.6
1135960 2738.1
1135970 2746.9
1135980 2755.1
1135990 2755.1
1136000 2759.7
1136010 2763.1
1136020 2759.7
1136030 2763.6
1136040 2767.5
1136050 2767.5
1136060 2772.2
1136070 2776.9
1136080 2776.9
1136090 2782.0
1136100 2789.3
1136110 2789.3
1136120 2799.3
1136130 2805.7
1136140 2805.7
1136150 2808.4
1136160 2808.2
1136170 2810.8
1136180 2810.8
1136190 2818.5
1136200 2828.0
1136210 2828.0
1136220 2837.7
1136230 2847.8
1136240 2847.8
1136250 2855.4
1136260 2857.6
1136270 2857.6
1136280 2863.3
1136290 2874.9
1136300 2874.9
1136310 2885.1
1136320 2893.5
1136330 2893.5
1136340 2901.6
1136350 2906.8
1136360 2913.5
1136370 2913.5
1136380 2914.6
1136390 2924.3
1136400 2924.3
1136410 2934.7
1136420 2941.3
1136430 2941.3
1136440 2947.0
1136450 2951.0
1136460 2951.0
1136470 2954.6
1136480 2958.4
1136490 2958.4
1136500 2960.7
1136510 2962.9
1136520 2962.9
1136530 2965.6
1136540 2968.7
1136550 2972.9
1136560 2972.9
1136570 2969.5
1136580 2964.4
1136590 2964.4
1136600 2947.9
1136610 2937.6
1136620 2937.6
1136630 2925.4
1136640 2915.4
1136650 2915.4
1136660 2908.5
1136670 2906.2
1136680 2906.2
1136690 2905.8
1136700 2908.6
1136710 2908.6
1136720 2912.1
1136730 2909.0
1136740 2874.1
1136750 2874.1
1136760 2873.4
1136770 2875.1
1136780 2875.1
1136790 2871.7
1136800 2860.8
1136810 2860.8
1136820 2850.1
1136830 2844.2
1136840 2844.2
1136850 2825.5
1136860 2816.4
1136870 2816.4
1136880 2812.5
1136890 2791.9
1136900 2791.9
1136910 2774.2
1136920 2760.1
1136930 2760.1
1136940 2749.8
1136950 2741.8
1136960 2733.8
1136970 2733.8
1136980 2723.4
1136990 2718.6
1137000 2718.6
1137010 2714.0
1137020 2712.6
1137030 2712.6
1137040 2712.1
1137050 2707.5
1137060 2707.5
1137070 2700.3
1137080 2692.1
1137090 2692.1
1137100 2683.7
1137110 2676.6
1137120 2676.6
1137130 2669.0
1137140 2661.7
1137150 2654.6
1137160 2654.6
1137170 2647.6
1137180 2641.2
1137190 2641.2
1137200 2635.6
1137210 2631.3
1137220 2631.3
1137230 2629.0
1137240 2629.0
1137250 2629.0
1137260 2628.8
1137270 2628.7
1137280 2628.7
1137290 2628.5
1137300 2627.4
1137310 2627.4
1137320 2627.1
1137330 2627.0
1137340 2626.7
1137350 2626.7
1137360 2626.6
1137370 2626.6
1137380 2626.6
1137390 2626.7
1137400 2626.2
1137410 2626.2
1137420 2624.9
1137430 2623.9
1137440 2623.9
1137450 2623.3
1137460 2622.6
1137470 2624.7
1137480 2624.3
1137490 2623.9
1137500 2623.9
1137510 2623.4
1137520 2623.2
1137530 2623.1
1137540 2623.1
1137550 2622.8
1137560 2622.7
1137570 2622.7
1137580 2622.6
1137590 2622.6
1137600 2622.6
1137610 2622.7
1137620 2623.2
1137630 2623.2
1137640 2623.8
1137650 2624.5
1137660 2624.5
1137670 2625.6
1137680 2626.5
1137690 2626.5
1137700 2627.1
1137710 2627.7
1137720 2628.6
1137730 2628.6
1137740 2628.8
1137750 2629.1
1137760 2629.1
1137770 2630.8
1137780 2630.5
1137790 2630.5
1137800 2629.8
1137810 2630.1
1137820 2630.1
1137830 2634.2
1137840 2636.4
1137850 2636.4
1137860 2639.3
1137870 2641.7
1137880 2641.7
1137890 2643.2
1137900 2646.6
1137910 2646.6
1137920 2649.4
1137930 2651.2
1137940 2651.8
1137950 2651.8
1137960 2650.6
1137970 2648.2
1137980 2648.2
1137990 2645.8
1138000 2645.7
1138010 2645.7
1138020 2645.6
1138030 2645.0
1138040 2645.0
1138050 2645.3
1138060 2645.7
1138070 2645.7
1138080 2643.8
1138090 2641.6
1138100 2641.6
1138110 2638.1
1138120 2630.8
1138130 2624.9
1138140 2624.9
1138150 2621.3
1138160 2622.3
1138170 2622.3
1138180 2624.5
1138190 2626.9
1138200 2630.9
1138210 2632.9
1138220 2637.2
1138230 2637.2
1138240 2641.1
1138250 2644.5
1138260 2644.5
1138270 2646.2
1138280 2647.4
1138290 2647.4
1138300 2650.7
1138310 2654.3
1138320 2657.8
1138330 2657.8
1138340 2660.2
1138350 2664.6
1138360 2664.6
1138370 2667.8
1138380 2670.0
1138390 2670.0
1138400 2675.8
1138410 2687.3
1138420 2687.3
1138430 2694.7
1138440 2696.6
1138450 2696.6
1138460 2695.8
1138470 2693.1
1138480 2693.1
1138490 2691.6
1138500 2694.9
1138510 2700.3
1138520 2700.3
1138530 2704.7
1138540 2707.8
1138550 2707.8
1138560 2717.2
1138570 2723.9
1138580 2723.9
1138590 2732.2
1138600 2738.6
1138610 2738.6
1138620 2743.5
1138630 2751.6
1138640 2751.6
1138650 2758.2
1138660 2757.6
1138670 2757.6
1138680 2758.0
1138690 2761.8
1138700 2761.8
1138710 2765.1
1138720 2768.8
1138730 2773.0
1138740 2773.0
1138750 2776.9
1138760 2781.5
1138770 2781.5
1138780 2785.3
1138790 2789.2
1138800 2789.2
1138810 2793.1
1138820 2796.0
1138830 2796.0
1138840 2797.1
1138850 2797.6
1138860 2797.6
1138870 2800.5
1138880 2805.4
1138890 2805.4
1138900 2813.8
1138910 2813.2
1138920 2811.6
1138930 2823.0
1138940 2824.7
1138950 2825.1
1138960 2825.1
1138970 2819.0
1138980 2816.9
1138990 2816.9
1139000 2816.1
1139010 2817.5
1139020 2817.5
1139030 2817.5
1139040 2817.1
1139050 2817.1
1139060 2818.1
1139070 2820.1
1139080 2820.1
1139090 2823.6
1139100 2826.8
1139110 2828.6
1139120 2828.6
1139130 2830.1
1139140 2831.0
1139150 2831.0
1139160 2832.9
1139170 2835.3
1139180 2835.3
1139190 2838.1
1139200 2841.0
1139210 2841.0
1139220 2844.1
1139230 2849.2
1139240 2849.2
1139250 2853.9
1139260 2858.8
1139270 2858.8
1139280 2864.5
1139290 2871.2
1139300 2883.4
1139310 2883.4
1139320 2889.9
1139330 2891.3
1139340 2891.3
1139350 2888.2
1139360 2883.6
1139370 2883.6
1139380 2880.6
1139390 2878.0
1139400 2878.0
1139410 2871.1
1139420 2862.7
1139430 2862.7
1139440 2855.4
1139450 2848.7
1139460 2848.7
1139470 2842.8
1139480 2837.3
1139490 2830.1
1139500 2830.1
1139510 2821.1
1139520 2812.4
1139530 2812.4
1139540 2803.4
1139550 2793.3
1139560 2793.3
1139570 2785.6
1139580 2777.7
1139590 2777.7
1139600 2772.0
1139610 2767.8
1139620 2767.8
1139630 2763.8
1139640 2758.0
1139650 2758.0
1139660 2748.3
1139670 2741.3
1139680 2741.3
1139690 2736.6
1139700 2731.7
1139710 2726.2
1139720 2726.2
1139730 2722.0
1139740 2719.2
1139750 2719.2
1139760 2717.1
1139770 2715.3
1139780 2715.3
1139790 2714.1
1139800 2712.5
1139810 2712.5
1139820 2711.2
1139830 2709.4
1139840 2709.4
1139850 2705.3
1139860 2701.1
1139870 2701.1
1139880 2697.4
1139890 2694.6
1139900 2692.6
1139910 2692.6
1139920 2689.4
1139930 2683.5
1139940 2683.5
1139950 2676.8
1139960 2671.2
1139970 2671.2
1139980 2666.7
1139990 2662.5
