1120000 2495.9
1120010 2503.1
1120020 2502.2
1120030 2502.2
1120040 2499.4
1120050 2497.7
1120060 2497.7
1120070 2497.1
1120080 2497.4
1120090 2497.4
1120100 2493.0
1120110 2489.3
1120120 2489.3
1120130 2485.2
1120140 2477.8
1120150 2469.0
1120160 2469.0
1120170 2465.1
1120180 2464.7
1120190 2464.7
1120200 2459.9
1120210 2452.7
1120220 2452.7
1120230 2446.1
1120240 2440.4
1120250 2440.4
1120260 2434.6
1120270 2430.3
1120280 2430.3
1120290 2427.5
1120300 2431.2
1120310 2431.2
1120320 2429.3
1120330 2426.9
1120340 2426.9
1120350 2427.3
1120360 2428.0
1120370 2428.3
1120380 2428.3
1120390 2428.1
1120400 2427.6
1120410 2427.6
1120420 2428.4
1120430 2429.0
1120440 2429.0
1120450 2430.1
1120460 2431.4
1120470 2431.4
1120480 2435.3
1120490 2438.3
1120500 2438.3
1120510 2441.3
1120520 2444.6
1120530 2444.6
1120540 2448.1
1120550 2451.6
1120560 2455.5
1120570 2455.5
1120580 2459.5
1120590 2464.0
1120600 2464.0
1120610 2468.5
1120620 2472.9
1120630 2472.9
1120640 2477.4
1120650 2485.6
1120660 2485.6
1120670 2490.6
1120680 2495.6
1120690 2495.6
1120700 2500.2
1120710 2504.1
1120720 2504.1
1120730 2508.0
1120740 2511.0
1120750 2523.0
1120760 2523.0
1120770 2535.5
1120780 2542.1
1120790 2542.1
1120800 2550.1
1120810 2558.6
1120820 2558.6
1120830 2563.6
1120840 2568.8
1120850 2568.8
1120860 2574.0
1120870 2580.6
1120880 2580.6
1120890 2592.9
1120900 2611.9
1120910 2611.9
1120920 2624.0
1120930 2631.8
1120940 2640.3
1120950 2640.3
1120960 2648.8
1120970 2656.9
1120980 2656.9
1120990 2664.9
1121000 2674.3
1121010 2674.3
1121020 2682.8
1121030 2692.2
1121040 2692.2
1121050 2701.8
1121060 2710.7
1121070 2710.7
1121080 2721.9
1121090 2733.4
1121100 2733.4
1121110 2742.6
1121120 2749.1
1121130 2757.1
1121140 2757.1
1121150 2770.6
1121160 2779.9
1121170 2779.9
1121180 2785.2
1121190 2792.0
1121200 2792.0
1121210 2791.9
1121220 2785.8
1121230 2785.8
1121240 2778.9
1121250 2772.1
1121260 2772.1
1121270 2769.2
1121280 2763.6
1121290 2763.6
1121300 2750.7
1121310 2740.6
1121320 2740.6
1121330 2731.2
1121340 2735.4
1121350 2723.8
1121360 2723.8
1121370 2711.6
1121380 2700.1
1121390 2700.1
1121400 2691.3
1121410 2681.2
1121420 2681.2
1121430 2668.9
1121440 2653.1
1121450 2653.1
1121460 2639.7
1121470 2625.7
1121480 2625.7
1121490 2615.5
1121500 2610.1
1121510 2610.1
1121520 2600.5
1121530 2593.2
1121540 2586.6
1121550 2586.6
1121560 2580.3
1121570 2574.9
1121580 2574.9
1121590 2570.5
1121600 2566.7
1121610 2566.7
1121620 2563.8
1121630 2560.0
1121640 2560.0
1121650 2556.8
1121660 2552.5
1121670 2552.5
1121680 2547.3
1121690 2538.7
1121700 2538.7
1121710 2534.0
1121720 2530.1
1121730 2528.2
1121740 2528.2
1121750 2526.2
1121760 2523.6
1121770 2523.6
1121780 2521.2
1121790 2515.7
1121800 2515.7
1121810 2508.7
1121820 2497.8
1121830 2497.8
1121840 2488.9
1121850 2482.6
1121860 2482.6
1121870 2477.9
1121880 2476.9
1121890 2476.9
1121900 2474.1
1121910 2467.7
1121920 2463.9
1121930 2463.9
1121940 2462.3
1121950 2461.4
1121960 2461.4
1121970 2459.7
1121980 2457.3
1121990 2457.3
1122000 2454.9
1122010 2451.8
1122020 2451.8
1122030 2448.3
1122040 2438.4
1122050 2438.4
1122060 2435.1
1122070 2431.0
1122080 2431.0
1122090 2427.7
1122100 2426.8
1122110 2426.8
1122120 2424.8
1122130 2408.7
1122140 2393.3
1122150 2393.3
1122160 2389.3
1122170 2386.2
1122180 2386.2
1122190 2381.4
1122200 2373.9
1122210 2373.9
1122220 2363.9
1122230 2352.5
1122240 2352.5
1122250 2333.7
1122260 2319.3
1122270 2319.3
1122280 2310.8
1122290 2304.1
1122300 2304.1
1122310 2296.8
1122320 2289.8
1122330 2282.5
1122340 2282.5
1122350 2273.9
1122360 2265.3
1122370 2265.3
1122380 2258.0
1122390 2246.9
1122400 2246.9
1122410 2240.4
1122420 2233.7
1122430 2233.7
1122440 2227.5
1122450 2221.7
1122460 2221.7
1122470 2215.3
1122480 2209.0
1122490 2209.0
1122500 2204.0
1122510 2198.4
1122520 2188.6
1122530 2188.6
1122540 2181.3
1122550 2175.5
1122560 2175.5
1122570 2170.8
1122580 2166.0
1122590 2166.0
1122600 2160.7
1122610 2155.8
1122620 2155.8
1122630 2151.3
1122640 2145.8
1122650 2145.8
1122660 2140.2
1122670 2135.5
1122680 2135.5
1122690 2131.0
1122700 2126.3
1122710 2122.2
1122720 2122.2
1122730 2117.9
1122740 2111.2
1122750 2111.2
1122760 2104.5
1122770 2096.1
1122780 2096.1
1122790 2089.0
1122800 2082.2
1122810 2082.2
1122820 2077.3
1122830 2073.3
1122840 2073.3
1122850 2070.7
1122860 2069.5
1122870 2069.5
1122880 2067.5
1122890 2067.0
1122900 2066.0
1122910 2066.0
1122920 2066.3
1122930 2066.8
1122940 2066.8
1122950 2065.4
1122960 2060.6
1122970 2060.6
1122980 2056.9
1122990 2050.7
1123000 2050.7
1123010 2041.6
1123020 2032.4
1123030 2032.4
1123040 2024.1
1123050 2019.5
1123060 2019.5
1123070 2016.0
1123080 2012.2
1123090 2010.3
1123100 2008.0
1123110 2007.9
1123120 2007.8
1123130 2007.8
1123140 2007.7
1123150 2007.5
1123160 2007.5
1123170 2006.3
1123180 2005.8
1123190 2005.8
1123200 2005.7
1123210 2005.8
1123220 2005.8
1123230 2007.0
1123240 2005.8
1123250 2005.8
1123260 2003.8
1123270 2003.7
1123280 2003.7
1123290 2003.6
1123300 2003.6
1123310 2003.6
1123320 2003.6
1123330 2003.6
1123340 2003.6
1123350 2003.6
1123360 2003.5
1123370 2003.4
1123380 2003.4
1123390 2003.4
1123400 2003.4
1123410 2003.4
1123420 2003.3
1123430 2003.2
1123440 2003.4
1123450 2003.3
1123460 2003.6
1123470 2003.6
1123480 2005.4
1123490 2006.0
1123500 2003.8
1123510 2003.8
1123520 2003.7
1123530 2004.0
1123540 2004.0
1123550 2003.7
1123560 2003.6
1123570 2003.6
1123580 2004.3
1123590 2006.2
1123600 2006.2
1123610 2006.3
1123620 2006.2
1123630 2006.2
1123640 2006.1
1123650 2006.6
1123660 2006.6
1123670 2008.6
1123680 2009.5
1123690 2010.4
1123700 2010.4
1123710 2012.6
1123720 2014.0
1123730 2014.0
1123740 2013.4
1123750 2014.0
1123760 2014.0
1123770 2016.5
1123780 2020.8
1123790 2022.1
1123800 2026.7
1123810 2030.6
1123820 2030.6
1123830 2034.9
1123840 2038.9
1123850 2038.9
1123860 2041.6
1123870 2044.8
1123880 2050.0
1123890 2050.0
1123900 2054.7
1123910 2058.7
1123920 2058.7
1123930 2061.5
1123940 2064.2
1123950 2064.2
1123960 2067.1
1123970 2067.3
1123980 2067.3
1123990 2069.1
1124000 2071.8
1124010 2071.8
1124020 2074.9
1124030 2078.4
1124040 2078.4
1124050 2081.5
1124060 2084.3
1124070 2084.3
1124080 2086.3
1124090 2091.0
1124100 2096.9
1124110 2096.9
1124120 2103.4
1124130 2111.0
1124140 2112.3
1124150 2118.1
1124160 2123.4
1124170 2123.4
1124180 2128.4
1124190 2134.3
1124200 2134.3
1124210 2140.0
1124220 2144.8
1124230 2144.8
1124240 2151.7
1124250 2161.6
1124260 2161.6
1124270 2168.4
1124280 2173.9
1124290 2179.5
1124300 2179.5
1124310 2185.2
1124320 2190.0
1124330 2190.0
1124340 2194.0
1124350 2198.7
1124360 2198.7
1124370 2203.9
1124380 2208.9
1124390 2208.9
1124400 2213.5
1124410 2217.3
1124420 2217.3
1124430 2221.6
1124440 2226.8
1124450 2226.8
1124460 2232.7
1124470 2238.4
1124480 2243.6
1124490 2244.6
1124500 2249.8
1124510 2253.8
1124520 2253.8
1124530 2257.5
1124540 2263.6
1124550 2263.6
1124560 2269.5
1124570 2275.6
1124580 2275.6
1124590 2283.0
1124600 2290.4
1124610 2290.4
1124620 2297.1
1124630 2303.8
1124640 2303.8
1124650 2309.7
1124660 2315.5
1124670 2321.8
1124680 2321.8
1124690 2327.6
1124700 2333.7
1124710 2333.7
1124720 2340.6
1124730 2345.3
1124740 2345.3
1124750 2349.4
1124760 2354.2
1124770 2354.2
1124780 2357.6
1124790 2360.9
1124800 2360.9
1124810 2364.3
1124820 2368.5
1124830 2368.5
1124840 2373.1
1124850 2378.0
1124860 2383.9
1124870 2383.9
1124880 2388.9
1124890 2394.1
1124900 2394.1
1124910 2399.3
1124920 2405.1
1124930 2405.1
1124940 2411.9
1124950 2415.3
1124960 2415.3
1124970 2417.7
1124980 2419.1
1124990 2419.1
1125000 2420.6
1125010 2423.4
1125020 2423.4
1125030 2427.7
1125040 2433.8
1125050 2433.8
1125060 2440.2
1125070 2447.3
1125080 2455.1
1125090 2455.1
1125100 2462.6
1125110 2470.3
1125120 2470.3
1125130 2478.0
1125140 2485.3
1125150 2485.3
1125160 2491.7
1125170 2497.2
1125180 2497.2
1125190 2501.9
1125200 2510.8
1125210 2510.8
1125220 2511.2
1125230 2503.8
1125240 2503.8
1125250 2491.7
1125260 2484.4
1125270 2480.1
1125280 2480.1
1125290 2475.7
1125300 2470.1
1125310 2470.1
1125320 2463.3
1125330 2453.2
1125340 2453.2
1125350 2446.0
1125360 2441.3
1125370 2441.3
1125380 2436.6
1125390 2431.6
1125400 2431.6
1125410 2426.6
1125420 2422.4
1125430 2422.4
1125440 2419.0
1125450 2415.7
1125460 2413.0
1125470 2413.0
1125480 2411.3
1125490 2407.9
1125500 2407.9
1125510 2403.9
1125520 2401.0
1125530 2401.0
1125540 2397.8
1125550 2396.6
1125560 2396.6
1125570 2394.0
1125580 2392.3
1125590 2392.3
1125600 2391.5
1125610 2390.2
1125620 2390.2
1125630 2387.2
1125640 2384.0
1125650 2381.1
1125660 2381.1
1125670 2378.6
1125680 2376.5
1125690 2376.5
1125700 2376.0
1125710 2375.7
1125720 2375.7
1125730 2374.9
1125740 2373.5
1125750 2373.5
1125760 2370.3
1125770 2367.5
1125780 2367.5
1125790 2365.4
1125800 2363.3
1125810 2363.3
1125820 2361.7
1125830 2360.2
1125840 2360.2
1125850 2358.5
1125860 2357.0
1125870 2355.4
1125880 2355.4
1125890 2353.7
1125900 2350.6
1125910 2350.6
1125920 2348.9
1125930 2348.0
1125940 2348.0
1125950 2347.9
1125960 2347.6
1125970 2347.6
1125980 2346.0
1125990 2344.2
1126000 2344.2
1126010 2343.4
1126020 2342.9
1126030 2342.9
1126040 2343.1
1126050 2342.9
1126060 2341.0
1126070 2341.0
1126080 2338.4
1126090 2336.0
1126100 2336.0
1126110 2333.0
1126120 2331.8
1126130 2331.8
1126140 2329.1
1126150 2324.3
1126160 2324.3
1126170 2318.1
1126180 2310.0
1126190 2310.0
1126200 2301.1
1126210 2292.5
1126220 2292.5
1126230 2283.4
1126240 2274.6
1126250 2268.6
1126260 2268.6
1126270 2260.5
1126280 2253.6
1126290 2253.6
1126300 2247.1
1126310 2241.3
1126320 2241.3
1126330 2235.3
1126340 2228.8
1126350 2228.8
1126360 2222.0
1126370 2216.3
1126380 2216.3
1126390 2211.4
1126400 2206.6
1126410 2206.6
1126420 2201.7
1126430 2197.3
1126440 2194.1
1126450 2194.1
1126460 2192.3
1126470 2191.0
1126480 2191.0
1126490 2189.9
1126500 2189.6
1126510 2189.6
1126520 2189.4
1126530 2188.0
1126540 2188.0
1126550 2187.2
1126560 2188.2
1126570 2188.2
1126580 2189.8
1126590 2191.5
1126600 2191.8
1126610 2193.5
1126620 2195.8
1126630 2198.4
1126640 2198.4
1126650 2201.3
1126660 2204.1
1126670 2204.1
1126680 2207.1
1126690 2210.5
1126700 2210.5
1126710 2214.1
1126720 2218.4
1126730 2218.4
1126740 2223.0
1126750 2227.3
1126760 2227.3
1126770 2231.3
1126780 2235.2
1126790 2235.2
1126800 2239.4
1126810 2243.6
1126820 2243.6
1126830 2248.4
1126840 2253.1
1126850 2258.4
1126860 2258.4
1126870 2263.8
1126880 2269.0
1126890 2269.0
1126900 2274.5
1126910 2279.9
1126920 2279.9
1126930 2284.9
1126940 2289.8
1126950 2289.8
1126960 2295.2
1126970 2299.1
1126980 2299.1
1126990 2302.4
1127000 2304.4
1127010 2304.4
1127020 2307.1
1127030 2311.1
1127040 2314.5
1127050 2314.5
1127060 2318.3
1127070 2322.3
1127080 2322.3
1127090 2326.5
1127100 2330.1
1127110 2330.1
1127120 2333.3
1127130 2336.5
1127140 2336.5
1127150 2340.2
1127160 2344.8
1127170 2344.8
1127180 2349.7
1127190 2355.4
1127200 2355.4
1127210 2361.6
1127220 2368.5
1127230 2377.2
1127240 2377.2
1127250 2386.0
1127260 2392.7
1127270 2392.7
1127280 2397.5
1127290 2401.6
1127300 2401.6
1127310 2403.1
1127320 2406.6
1127330 2406.6
1127340 2411.1
1127350 2416.1
1127360 2416.1
1127370 2420.7
1127380 2424.9
1127390 2424.9
1127400 2431.2
1127410 2437.9
1127420 2443.3
1127430 2443.3
1127440 2447.2
1127450 2450.3
1127460 2450.3
1127470 2452.7
1127480 2453.7
1127490 2453.7
1127500 2453.7
1127510 2453.3
1127520 2453.3
1127530 2452.3
1127540 2450.9
1127550 2450.9
1127560 2449.4
1127570 2448.1
1127580 2448.1
1127590 2447.5
1127600 2447.2
1127610 2446.8
1127620 2446.8
1127630 2446.0
1127640 2444.6
1127650 2444.6
1127660 2443.5
1127670 2444.4
1127680 2444.4
1127690 2443.6
1127700 2442.6
1127710 2442.6
1127720 2441.6
1127730 2440.4
1127740 2440.4
1127750 2439.3
1127760 2438.3
1127770 2438.3
1127780 2437.4
1127790 2436.6
1127800 2436.6
1127810 2436.0
1127820 2435.9
1127830 2435.7
1127840 2435.7
1127850 2435.5
1127860 2435.6
1127870 2435.6
1127880 2435.6
1127890 2435.5
1127900 2435.5
1127910 2435.4
1127920 2435.4
1127930 2435.4
1127940 2435.2
1127950 2434.9
1127960 2434.9
1127970 2434.3
1127980 2433.5
1127990 2433.5
1128000 2432.7
1128010 2431.6
1128020 2433.5
1128030 2433.5
1128040 2432.5
1128050 2431.8
1128060 2431.8
1128070 2431.1
1128080 2430.5
1128090 2430.5
1128100 2430.4
1128110 2430.6
1128120 2430.6
1128130 2430.8
1128140 2431.2
1128150 2431.2
1128160 2431.6
1128170 2432.1
1128180 2432.1
1128190 2432.7
1128200 2433.6
1128210 2434.7
1128220 2434.7
1128230 2437.2
1128240 2440.9
1128250 2440.9
1128260 2445.7
1128270 2450.6
1128280 2450.6
1128290 2456.0
1128300 2461.1
1128310 2461.1
1128320 2465.6
1128330 2467.7
1128340 2467.7
1128350 2470.8
1128360 2472.8
1128370 2475.8
1128380 2477.5
1128390 2478.8
1128400 2481.2
1128410 2481.2
1128420 2483.7
1128430 2485.4
1128440 2485.4
1128450 2486.4
1128460 2487.1
1128470 2487.1
1128480 2488.3
1128490 2489.7
1128500 2489.7
1128510 2491.5
1128520 2494.1
1128530 2494.1
1128540 2497.1
1128550 2499.9
1128560 2499.9
1128570 2503.0
1128580 2506.6
1128590 2511.3
1128600 2511.3
1128610 2515.5
1128620 2523.0
1128630 2523.0
1128640 2528.6
1128650 2536.9
1128660 2536.9
1128670 2543.8
1128680 2544.1
1128690 2544.1
1128700 2550.0
1128710 2553.6
1128720 2553.6
1128730 2553.2
1128740 2560.0
1128750 2560.0
1128760 2567.1
1128770 2574.0
1128780 2574.0
1128790 2579.9
1128800 2583.7
1128810 2586.8
1128820 2586.8
1128830 2590.1
1128840 2595.7
1128850 2595.7
1128860 2602.4
1128870 2608.3
1128880 2608.3
1128890 2609.9
1128900 2609.8
1128910 2609.8
1128920 2609.2
1128930 2608.0
1128940 2608.0
1128950 2606.9
1128960 2605.4
1128970 2605.4
1128980 2604.0
1128990 2603.1
1129000 2603.3
1129010 2603.3
1129020 2604.2
1129030 2605.7
1129040 2605.7
1129050 2607.4
1129060 2609.4
1129070 2609.4
1129080 2611.5
1129090 2613.3
1129100 2613.3
1129110 2615.6
1129120 2617.9
1129130 2617.9
1129140 2620.5
1129150 2623.2
1129160 2623.2
1129170 2625.1
1129180 2626.9
1129190 2628.0
1129200 2628.0
1129210 2628.5
1129220 2629.0
1129230 2629.0
1129240 2629.1
1129250 2628.6
1129260 2628.6
1129270 2631.3
1129280 2633.5
1129290 2633.5
1129300 2636.0
1129310 2639.0
1129320 2639.0
1129330 2641.9
1129340 2645.0
1129350 2645.0
1129360 2647.7
1129370 2650.0
1129380 2651.7
1129390 2651.7
1129400 2652.8
1129410 2653.1
1129420 2653.1
1129430 2653.0
1129440 2654.5
1129450 2654.5
1129460 2653.9
1129470 2653.0
1129480 2653.0
1129490 2652.5
1129500 2652.6
1129510 2652.6
1129520 2653.6
1129530 2655.3
1129540 2655.3
1129550 2657.7
1129560 2660.5
1129570 2662.9
1129580 2662.9
1129590 2665.0
1129600 2668.1
1129610 2668.1
1129620 2671.0
1129630 2673.5
1129640 2673.5
1129650 2676.7
1129660 2680.1
1129670 2680.1
1129680 2683.9
1129690 2688.1
1129700 2688.1
1129710 2692.7
1129720 2697.8
1129730 2697.8
1129740 2702.1
1129750 2706.1
1129760 2710.7
1129770 2710.7
1129780 2717.7
1129790 2724.8
1129800 2720.1
1129810 2726.5
1129820 2733.6
1129830 2733.6
1129840 2741.7
1129850 2750.2
1129860 2750.2
1129870 2757.8
1129880 2765.7
1129890 2765.7
1129900 2774.1
1129910 2782.2
1129920 2782.2
1129930 2788.7
1129940 2793.9
1129950 2793.9
1129960 2797.8
1129970 2801.6
1129980 2805.4
1129990 2805.4
1130000 2811.7
1130010 2817.1
1130020 2817.1
1130030 2797.8
1130040 2771.5
1130050 2771.5
1130060 2759.1
1130070 2747.5
1130080 2747.5
1130090 2738.0
1130100 2731.0
1130110 2731.0
1130120 2727.4
1130130 2725.3
1130140 2725.3
1130150 2726.3
1130160 2724.6
1130170 2723.0
1130180 2723.0
1130190 2721.5
1130200 2719.8
1130210 2719.8
1130220 2717.7
1130230 2715.5
1130240 2715.5
1130250 2713.3
1130260 2711.1
1130270 2711.1
1130280 2709.1
1130290 2707.5
1130300 2707.5
1130310 2706.4
1130320 2705.8
1130330 2705.8
1130340 2705.7
1130350 2706.1
1130360 2706.4
1130370 2706.4
1130380 2706.5
1130390 2706.4
1130400 2706.4
1130410 2706.1
1130420 2705.7
1130430 2705.7
1130440 2705.3
1130450 2704.6
1130460 2704.6
1130470 2703.8
1130480 2702.9
1130490 2702.9
1130500 2701.9
1130510 2705.1
1130520 2705.1
1130530 2704.0
1130540 2702.8
1130550 2701.5
1130560 2701.5
1130570 2700.3
1130580 2699.1
1130590 2699.1
1130600 2697.9
1130610 2696.8
1130620 2696.8
1130630 2695.7
1130640 2694.6
1130650 2694.6
1130660 2693.6
1130670 2692.8
1130680 2692.8
1130690 2692.0
1130700 2691.3
1130710 2691.3
1130720 2691.0
1130730 2690.7
1130740 2690.3
1130750 2690.3
1130760 2689.3
1130770 2689.6
1130780 2689.6
1130790 2689.8
1130800 2690.9
1130810 2690.9
1130820 2691.7
1130830 2694.0
1130840 2694.0
1130850 2695.2
1130860 2699.6
1130870 2702.3
1130880 2709.0
1130890 2716.8
1130900 2716.8
1130910 2725.2
1130920 2734.4
1130930 2734.4
1130940 2743.2
1130950 2749.7
1130960 2755.0
1130970 2755.0
1130980 2760.1
1130990 2765.2
1131000 2765.2
1131010 2769.6
1131020 2767.5
1131030 2767.5
1131040 2751.5
1131050 2730.2
1131060 2730.2
1131070 2698.6
1131080 2676.5
1131090 2676.5
1131100 2676.8
1131110 2678.7
1131120 2678.7
1131130 2663.0
1131140 2640.6
1131150 2620.1
1131160 2620.1
1131170 2607.0
1131180 2600.3
1131190 2600.3
1131200 2594.0
1131210 2587.8
1131220 2587.8
1131230 2575.2
1131240 2568.9
1131250 2568.9
1131260 2563.0
1131270 2558.6
1131280 2558.6
1131290 2554.3
1131300 2550.3
1131310 2550.3
1131320 2544.6
1131330 2535.9
1131340 2526.5
1131350 2526.5
1131360 2514.2
1131370 2506.9
1131380 2506.9
1131390 2511.1
1131400 2514.7
1131410 2514.7
1131420 2522.0
1131430 2525.9
1131440 2525.9
1131450 2522.7
1131460 2516.4
1131470 2516.4
1131480 2510.2
1131490 2505.7
1131500 2505.7
1131510 2501.3
1131520 2492.9
1131530 2479.1
1131540 2479.1
1131550 2461.8
1131560 2443.7
1131570 2443.7
1131580 2429.0
1131590 2418.3
1131600 2418.3
1131610 2410.0
1131620 2401.7
1131630 2401.7
1131640 2393.4
1131650 2385.1
1131660 2385.1
1131670 2377.5
1131680 2370.4
1131690 2370.4
1131700 2363.7
1131710 2356.9
1131720 2349.4
1131730 2349.4
1131740 2341.9
1131750 2334.7
1131760 2334.7
1131770 2326.4
1131780 2318.5
1131790 2318.5
1131800 2310.6
1131810 2301.7
1131820 2301.7
1131830 2279.2
1131840 2242.3
1131850 2242.3
1131860 2229.0
1131870 2219.4
1131880 2219.4
1131890 2212.6
1131900 2202.9
1131910 2202.9
1131920 2193.5
1131930 2186.3
1131940 2173.4
1131950 2173.4
1131960 2165.3
1131970 2155.9
1131980 2155.9
1131990 2147.8
1132000 2140.4
1132010 2140.4
1132020 2135.1
1132030 2126.7
1132040 2126.7
1132050 2112.2
1132060 2103.9
1132070 2103.9
1132080 2096.7
1132090 2090.0
1132100 2090.0
1132110 2082.8
1132120 2075.2
1132130 2067.5
1132140 2067.5
1132150 2060.3
1132160 2053.1
1132170 2053.1
1132180 2046.2
1132190 2039.4
1132200 2039.4
1132210 2032.7
1132220 2026.1
1132230 2026.1
1132240 2019.6
1132250 2013.3
1132260 2013.3
1132270 2007.0
1132280 2000.9
1132290 2000.9
1132300 1993.9
1132310 1988.2
1132320 1982.3
1132330 1982.3
1132340 1976.9
1132350 1971.9
1132360 1971.9
1132370 1967.3
1132380 1963.8
1132390 1963.8
1132400 1961.8
1132410 1959.8
1132420 1959.8
1132430 1957.8
1132440 1955.9
1132450 1955.9
1132460 1954.2
1132470 1952.3
1132480 1952.3
1132490 1950.0
1132500 1945.9
1132510 1943.1
1132520 1943.1
1132530 1941.8
1132540 1943.3
1132550 1943.3
1132560 1943.9
1132570 1945.0
1132580 1945.0
1132590 1947.0
1132600 1948.8
1132610 1948.8
1132620 1950.9
1132630 1953.8
1132640 1953.8
1132650 1957.1
1132660 1962.8
1132670 1962.8
1132680 1967.6
1132690 1973.6
1132700 1978.9
1132710 1978.9
1132720 1984.1
1132730 1989.6
1132740 1989.6
1132750 1995.7
1132760 2002.7
1132770 2002.7
1132780 2010.6
1132790 2018.5
1132800 2018.5
1132810 2025.9
1132820 2034.5
1132830 2034.5
1132840 2046.2
1132850 2059.0
1132860 2059.0
1132870 2069.7
1132880 2078.3
1132890 2078.3
1132900 2085.6
1132910 2097.1
1132920 2106.3
1132930 2106.3
1132940 2114.1
1132950 2122.3
1132960 2122.3
1132970 2133.2
1132980 2147.5
1132990 2147.5
1133000 2156.4
1133010 2163.3
1133020 2167.2
1133030 2176.8
1133040 2186.4
1133050 2186.4
1133060 2194.8
1133070 2204.4
1133080 2204.4
1133090 2211.6
1133100 2223.9
1133110 2240.3
1133120 2240.3
1133130 2251.0
1133140 2263.5
1133150 2263.5
1133160 2274.3
1133170 2289.2
1133180 2289.2
1133190 2303.6
1133200 2312.5
1133210 2312.5
1133220 2320.1
1133230 2324.7
1133240 2324.7
1133250 2326.6
1133260 2328.2
1133270 2328.2
1133280 2332.0
1133290 2335.2
1133300 2337.7
1133310 2337.7
1133320 2340.9
1133330 2345.3
1133340 2345.3
1133350 2349.6
1133360 2353.2
1133370 2353.2
1133380 2358.5
1133390 2360.4
1133400 2360.4
1133410 2361.3
1133420 2358.2
1133430 2358.2
1133440 2359.6
1133450 2362.2
1133460 2362.2
1133470 2367.0
1133480 2369.1
1133490 2368.5
1133500 2368.5
1133510 2371.8
1133520 2375.2
1133530 2375.2
1133540 2377.4
1133550 2379.7
1133560 2379.7
1133570 2381.2
1133580 2382.0
1133590 2382.0
1133600 2384.9
1133610 2389.2
1133620 2389.2
1133630 2393.9
1133640 2398.3
1133650 2398.3
1133660 2402.4
1133670 2405.8
1133680 2409.7
1133690 2409.7
1133700 2418.1
1133710 2426.6
1133720 2426.6
1133730 2432.1
1133740 2441.6
1133750 2441.6
1133760 2446.9
1133770 2452.2
1133780 2452.2
1133790 2457.7
1133800 2463.7
1133810 2463.7
1133820 2481.4
1133830 2493.8
1133840 2493.8
1133850 2502.7
1133860 2506.3
1133870 2506.3
1133880 2507.4
1133890 2509.2
1133900 2510.5
1133910 2510.5
1133920 2511.4
1133930 2512.8
1133940 2512.8
1133950 2515.3
1133960 2517.3
1133970 2517.3
1133980 2518.2
1133990 2515.8
1134000 2515.8
1134010 2512.2
1134020 2508.8
1134030 2508.8
1134040 2506.0
1134050 2502.3
1134060 2502.3
1134070 2494.2
1134080 2484.6
1134090 2480.9
1134100 2485.4
1134110 2484.7
1134120 2488.5
1134130 2488.5
1134140 2496.0
1134150 2501.2
1134160 2501.2
1134170 2500.5
1134180 2501.2
1134190 2501.2
1134200 2500.9
1134210 2500.7
1134220 2500.7
1134230 2502.1
1134240 2503.8
1134250 2503.8
1134260 2504.2
1134270 2504.7
1134280 2506.1
1134290 2506.1
1134300 2508.1
1134310 2510.8
1134320 2510.8
1134330 2514.8
1134340 2518.1
1134350 2518.1
1134360 2520.5
1134370 2525.1
1134380 2525.1
1134390 2530.2
1134400 2534.6
1134410 2534.6
1134420 2539.0
1134430 2543.4
1134440 2543.4
1134450 2548.2
1134460 2553.7
1134470 2559.4
1134480 2559.4
1134490 2569.9
1134500 2582.2
1134510 2582.2
1134520 2590.5
1134530 2598.4
1134540 2598.4
1134550 2606.4
1134560 2617.2
1134570 2617.2
1134580 2630.6
1134590 2633.1
1134600 2633.1
1134610 2631.5
1134620 2631.5
1134630 2631.5
1134640 2633.5
1134650 2635.7
1134660 2638.6
1134670 2638.6
1134680 2642.3
1134690 2645.4
1134700 2645.4
1134710 2649.9
1134720 2658.5
1134730 2658.5
1134740 2670.1
1134750 2676.0
1134760 2676.0
1134770 2672.9
1134780 2675.4
1134790 2675.4
1134800 2680.7
1134810 2688.3
1134820 2695.1
1134830 2700.2
1134840 2708.4
1134850 2727.9
1134860 2727.9
1134870 2730.9
1134880 2725.4
1134890 2725.4
1134900 2722.6
1134910 2728.5
1134920 2728.5
1134930 2728.8
1134940 2725.5
1134950 2725.5
1134960 2724.7
1134970 2719.6
1134980 2719.6
1134990 2711.1
1135000 2705.1
1135010 2705.1
1135020 2701.0
1135030 2695.4
1135040 2695.4
1135050 2688.5
1135060 2674.9
1135070 2665.5
1135080 2665.5
1135090 2659.1
1135100 2657.0
1135110 2657.0
1135120 2652.9
1135130 2650.1
1135140 2650.1
1135150 2657.6
1135160 2660.9
1135170 2660.9
1135180 2667.8
1135190 2658.6
1135200 2658.6
1135210 2654.7
1135220 2650.3
1135230 2650.3
1135240 2645.8
1135250 2643.9
1135260 2643.2
1135270 2643.2
1135280 2640.7
1135290 2640.1
1135300 2640.1
1135310 2639.0
1135320 2638.7
1135330 2638.7
1135340 2638.8
1135350 2636.8
1135360 2636.8
1135370 2635.7
1135380 2635.3
1135390 2635.3
1135400 2634.4
1135410 2633.3
1135420 2633.3
1135430 2634.3
1135440 2637.3
1135450 2642.0
1135460 2642.0
1135470 2648.7
1135480 2654.8
1135490 2654.8
1135500 2660.7
1135510 2666.3
1135520 2666.3
1135530 2672.2
1135540 2674.7
1135550 2674.7
1135560 2679.8
1135570 2684.5
1135580 2684.5
1135590 2697.2
1135600 2714.4
1135610 2714.4
1135620 2726.4
1135630 2734.1
1135640 2741.5
1135650 2741.5
1135660 2753.8
1135670 2767.4
1135680 2767.4
1135690 2784.8
1135700 2795.4
1135710 2795.4
1135720 2803.2
1135730 2810.7
1135740 2810.7
1135750 2828.4
1135760 2843.8
1135770 2843.8
1135780 2854.0
1135790 2863.6
1135800 2863.6
1135810 2868.2
1135820 2872.2
1135830 2878.0
1135840 2878.0
1135850 2887.4
1135860 2903.0
1135870 2903.0
1135880 2920.5
1135890 2934.3
1135900 2934.3
1135910 2926.6
1135920 2937.7
1135930 2937.7
1135940 2948.2
1135950 2957.9
1135960 2957.9
1135970 2968.2
1135980 2972.0
1135990 2972.0
1136000 2973.2
1136010 2973.4
1136020 2973.4
1136030 2976.3
1136040 2978.0
1136050 2977.3
1136060 2977.3
1136070 2977.2
1136080 2980.0
1136090 2980.0
1136100 2980.9
1136110 2978.5
1136120 2978.5
1136130 2977.9
1136140 2979.1
1136150 2979.1
1136160 2981.7
1136170 2983.7
1136180 2983.7
1136190 2987.9
1136200 2995.0
1136210 2995.0
1136220 3001.2
1136230 3005.6
1136240 3007.4
1136250 3007.4
1136260 3010.8
1136270 3019.2
1136280 3019.2
1136290 3025.9
1136300 3030.7
1136310 3030.7
1136320 3035.8
1136330 3042.6
1136340 3042.6
1136350 3048.1
1136360 3050.4
1136370 3050.4
1136380 3044.3
1136390 3034.7
1136400 3034.7
1136410 3023.5
1136420 3012.0
1136430 3007.0
1136440 3007.0
1136450 2977.3
1136460 2968.2
1136470 2968.2
1136480 2962.8
1136490 2957.2
1136500 2957.2
1136510 2952.8
1136520 2949.2
1136530 2949.2
1136540 2945.7
1136550 2942.6
1136560 2942.6
1136570 2940.0
1136580 2937.6
1136590 2937.6
1136600 2935.2
1136610 2932.7
1136620 2930.3
1136630 2936.6
1136640 2938.0
1136650 2938.1
1136660 2938.1
1136670 2940.1
1136680 2941.9
1136690 2941.9
1136700 2941.1
1136710 2942.6
1136720 2942.6
1136730 2939.2
1136740 2934.2
1136750 2934.2
1136760 2928.4
1136770 2922.6
1136780 2922.6
1136790 2918.0
1136800 2913.7
1136810 2913.0
1136820 2913.0
1136830 2913.1
1136840 2913.5
1136850 2913.5
1136860 2912.1
1136870 2906.1
1136880 2906.1
1136890 2900.5
1136900 2888.6
1136910 2888.6
1136920 2866.9
1136930 2857.8
1136940 2857.8
1136950 2850.5
1136960 2840.4
1136970 2840.4
1136980 2833.7
1136990 2830.9
1137000 2837.9
1137010 2837.9
1137020 2836.0
1137030 2833.8
1137040 2833.8
1137050 2827.9
1137060 2818.4
1137070 2818.4
1137080 2809.5
1137090 2802.0
1137100 2802.0
1137110 2803.8
1137120 2805.0
1137130 2805.0
1137140 2802.0
1137150 2793.8
1137160 2793.8
1137170 2789.8
1137180 2786.7
1137190 2786.7
1137200 2775.7
1137210 2767.7
1137220 2766.1
1137230 2766.1
1137240 2761.1
1137250 2754.6
1137260 2754.6
1137270 2747.5
1137280 2746.3
1137290 2746.3
1137300 2740.8
1137310 2726.6
1137320 2726.6
1137330 2719.4
1137340 2718.1
1137350 2718.1
1137360 2734.0
1137370 2726.7
1137380 2726.7
1137390 2717.0
1137400 2706.9
1137410 2706.0
1137420 2706.0
1137430 2705.2
1137440 2704.1
1137450 2704.1
1137460 2703.7
1137470 2703.8
1137480 2703.8
1137490 2704.0
1137500 2704.3
1137510 2704.3
1137520 2704.2
1137530 2704.2
1137540 2704.2
1137550 2703.9
1137560 2703.9
1137570 2703.9
1137580 2703.8
1137590 2703.3
1137600 2702.9
1137610 2702.9
1137620 2702.6
1137630 2702.3
1137640 2702.3
1137650 2702.0
1137660 2701.6
1137670 2701.6
1137680 2701.3
1137690 2701.3
1137700 2701.3
1137710 2701.3
1137720 2703.4
1137730 2703.4
1137740 2703.5
1137750 2703.7
1137760 2703.7
1137770 2703.9
1137780 2704.2
1137790 2704.5
1137800 2704.5
1137810 2704.8
1137820 2705.1
1137830 2705.1
1137840 2705.6
1137850 2705.8
1137860 2705.8
1137870 2705.9
1137880 2705.9
1137890 2705.9
1137900 2706.0
1137910 2706.0
1137920 2706.0
1137930 2706.0
1137940 2705.7
1137950 2705.7
1137960 2705.4
1137970 2705.1
1137980 2704.8
1137990 2704.8
1138000 2704.4
1138010 2704.0
1138020 2704.0
1138030 2703.6
1138040 2703.2
1138050 2703.2
1138060 2703.2
1138070 2702.8
1138080 2702.8
1138090 2704.3
1138100 2703.8
1138110 2703.8
1138120 2703.9
1138130 2704.5
1138140 2704.5
1138150 2705.0
1138160 2706.2
1138170 2706.2
1138180 2707.2
1138190 2707.4
1138200 2708.1
1138210 2708.1
1138220 2708.7
1138230 2708.8
1138240 2708.8
1138250 2708.9
1138260 2708.6
1138270 2708.6
1138280 2708.7
1138290 2709.0
1138300 2709.0
1138310 2709.8
1138320 2710.4
1138330 2710.4
1138340 2710.6
1138350 2711.2
1138360 2711.2
1138370 2711.7
1138380 2712.3
1138390 2713.0
1138400 2713.0
1138410 2713.9
1138420 2714.9
1138430 2714.9
1138440 2716.0
1138450 2719.3
1138460 2719.3
1138470 2720.4
1138480 2721.6
1138490 2721.6
1138500 2723.1
1138510 2724.8
1138520 2724.8
1138530 2727.0
1138540 2729.4
1138550 2729.4
1138560 2731.3
1138570 2733.0
1138580 2734.6
1138590 2734.6
1138600 2736.3
1138610 2738.0
1138620 2738.0
1138630 2739.7
1138640 2741.3
1138650 2741.3
1138660 2743.0
1138670 2744.9
1138680 2744.9
1138690 2747.3
1138700 2750.4
1138710 2750.4
1138720 2753.3
1138730 2756.2
1138740 2756.2
1138750 2758.6
1138760 2760.9
1138770 2763.2
1138780 2763.2
1138790 2766.5
1138800 2770.6
1138810 2770.6
1138820 2774.3
1138830 2780.0
1138840 2780.0
1138850 2783.8
1138860 2786.7
1138870 2786.7
1138880 2789.0
1138890 2790.0
1138900 2790.0
1138910 2790.4
1138920 2789.8
1138930 2789.8
1138940 2789.9
1138950 2792.8
1138960 2799.2
1138970 2799.2
1138980 2805.9
1138990 2812.0
1139000 2812.0
1139010 2817.3
1139020 2822.6
1139030 2822.6
1139040 2827.9
1139050 2833.1
1139060 2833.1
1139070 2838.1
1139080 2842.3
1139090 2842.3
1139100 2844.7
1139110 2847.6
1139120 2847.6
1139130 2852.0
1139140 2857.5
1139150 2857.5
1139160 2862.3
1139170 2867.4
1139180 2873.1
1139190 2871.7
1139200 2877.3
1139210 2882.0
1139220 2882.0
1139230 2885.3
1139240 2883.6
1139250 2883.6
1139260 2878.8
1139270 2874.7
1139280 2874.7
1139290 2871.7
1139300 2870.0
1139310 2870.0
1139320 2867.7
1139330 2864.9
1139340 2864.9
1139350 2861.9
1139360 2858.2
1139370 2854.0
1139380 2854.0
1139390 2851.5
1139400 2850.0
1139410 2850.0
1139420 2848.2
1139430 2846.6
1139440 2846.6
1139450 2845.0
1139460 2843.9
1139470 2843.9
1139480 2843.3
1139490 2842.3
1139500 2842.3
1139510 2841.1
1139520 2841.4
1139530 2841.4
1139540 2842.3
1139550 2835.9
1139560 2837.7
1139570 2837.7
1139580 2839.2
1139590 2842.4
1139600 2842.4
1139610 2841.4
1139620 2837.5
1139630 2837.5
1139640 2837.0
1139650 2836.7
1139660 2836.7
1139670 2836.2
1139680 2836.5
1139690 2836.5
1139700 2837.6
1139710 2839.9
1139720 2839.9
1139730 2841.9
1139740 2843.6
1139750 2845.3
1139760 2845.3
1139770 2845.9
1139780 2844.0
1139790 2844.0
1139800 2840.8
1139810 2837.3
1139820 2837.3
1139830 2834.9
1139840 2831.4
1139850 2831.4
1139860 2826.8
1139870 2822.1
1139880 2822.1
1139890 2818.1
1139900 2814.6
1139910 2814.6
1139920 2817.4
1139930 2816.6
1139940 2816.4
1139950 2816.4
1139960 2815.0
