1120000 2140.6
1120010 2141.5
1120020 2144.4
1120030 2149.9
1120040 2151.2
1120050 2148.9
1120060 2148.9
1120070 2143.1
1120080 2139.4
1120090 2139.4
1120100 2149.0
1120110 2154.0
1120120 2154.0
1120130 2156.4
1120140 2157.0
1120150 2157.0
1120160 2155.9
1120170 2155.2
1120180 2155.2
1120190 2153.5
1120200 2151.4
1120210 2145.6
1120220 2145.6
1120230 2137.9
1120240 2139.8
1120250 2139.8
1120260 2141.8
1120270 2135.6
1120280 2135.6
1120290 2129.1
1120300 2120.5
1120310 2120.5
1120320 2121.0
1120330 2122.5
1120340 2122.5
1120350 2123.2
1120360 2120.6
1120370 2133.0
1120380 2128.1
1120390 2121.9
1120400 2111.6
1120410 2111.6
1120420 2110.9
1120430 2108.0
1120440 2108.0
1120450 2103.7
1120460 2099.6
1120470 2099.6
1120480 2095.8
1120490 2092.3
1120500 2092.3
1120510 2087.7
1120520 2083.3
1120530 2083.3
1120540 2079.6
1120550 2078.5
1120560 2078.5
1120570 2080.2
1120580 2080.4
1120590 2078.3
1120600 2078.3
1120610 2075.9
1120620 2074.9
1120630 2074.9
1120640 2073.4
1120650 2073.0
1120660 2073.0
1120670 2076.0
1120680 2076.6
1120690 2076.6
1120700 2076.1
1120710 2074.3
1120720 2083.5
1120730 2086.0
1120740 2091.6
1120750 2091.6
1120760 2091.7
1120770 2075.7
1120780 2071.2
1120790 2071.2
1120800 2072.9
1120810 2075.8
1120820 2075.8
1120830 2075.2
1120840 2074.6
1120850 2074.6
1120860 2078.9
1120870 2082.8
1120880 2082.8
1120890 2085.4
1120900 2086.1
1120910 2086.1
1120920 2084.7
1120930 2085.7
1120940 2085.7
1120950 2083.7
1120960 2081.3
1120970 2081.3
1120980 2080.7
1120990 2081.7
1121000 2082.5
1121010 2082.5
1121020 2082.2
1121030 2081.7
1121040 2081.7
1121050 2081.3
1121060 2081.3
1121070 2086.2
1121080 2086.1
1121090 2086.1
1121100 2086.1
1121110 2087.0
1121120 2087.5
1121130 2087.5
1121140 2088.7
1121150 2090.1
1121160 2090.1
1121170 2091.7
1121180 2092.9
1121190 2094.3
1121200 2094.3
1121210 2096.0
1121220 2096.5
1121230 2096.5
1121240 2097.3
1121250 2098.2
1121260 2098.2
1121270 2098.5
1121280 2097.8
1121290 2097.8
1121300 2096.9
1121310 2096.8
1121320 2096.8
1121330 2095.7
1121340 2093.9
1121350 2093.9
1121360 2092.3
1121370 2090.1
1121380 2087.9
1121390 2087.9
1121400 2085.5
1121410 2082.0
1121420 2088.9
1121430 2086.2
1121440 2081.9
1121450 2081.9
1121460 2079.4
1121470 2076.5
1121480 2076.5
1121490 2073.4
1121500 2069.8
1121510 2069.8
1121520 2067.6
1121530 2065.5
1121540 2065.5
1121550 2063.4
1121560 2061.6
1121570 2061.0
1121580 2061.0
1121590 2060.0
1121600 2059.2
1121610 2059.2
1121620 2058.2
1121630 2057.3
1121640 2057.3
1121650 2055.8
1121660 2053.4
1121670 2053.4
1121680 2052.1
1121690 2052.6
1121700 2052.6
1121710 2053.9
1121720 2054.9
1121730 2054.9
1121740 2056.4
1121750 2056.8
1121760 2056.8
1121770 2061.5
1121780 2061.6
1121790 2061.7
1121800 2061.7
1121810 2061.8
1121820 2061.2
1121830 2061.2
1121840 2061.7
1121850 2061.4
1121860 2061.4
1121870 2061.5
1121880 2060.0
1121890 2060.0
1121900 2058.0
1121910 2055.9
1121920 2055.9
1121930 2054.0
1121940 2052.2
1121950 2052.2
1121960 2049.8
1121970 2047.8
1121980 2046.1
1121990 2046.1
1122000 2044.5
1122010 2043.0
1122020 2043.0
1122030 2042.2
1122040 2041.5
1122050 2041.5
1122060 2040.6
1122070 2039.5
1122080 2039.5
1122090 2038.2
1122100 2037.6
1122110 2042.3
1122120 2041.5
1122130 2040.6
1122140 2040.6
1122150 2039.5
1122160 2038.4
1122170 2037.7
1122180 2037.7
1122190 2036.9
1122200 2036.3
1122210 2036.3
1122220 2034.8
1122230 2033.7
1122240 2033.7
1122250 2033.2
1122260 2031.9
1122270 2031.9
1122280 2030.4
1122290 2029.1
1122300 2029.1
1122310 2027.3
1122320 2024.7
1122330 2024.7
1122340 2023.6
1122350 2022.2
1122360 2022.2
1122370 2020.3
1122380 2019.2
1122390 2018.2
1122400 2018.2
1122410 2017.2
1122420 2016.4
1122430 2016.4
1122440 2016.1
1122450 2016.4
1122460 2016.9
1122470 2017.3
1122480 2018.2
1122490 2018.2
1122500 2019.2
1122510 2019.9
1122520 2019.9
1122530 2020.2
1122540 2020.8
1122550 2020.8
1122560 2021.3
1122570 2021.5
1122580 2022.2
1122590 2022.2
1122600 2023.2
1122610 2023.9
1122620 2023.9
1122630 2023.1
1122640 2022.6
1122650 2022.6
1122660 2021.2
1122670 2020.8
1122680 2020.8
1122690 2020.1
1122700 2021.1
1122710 2021.1
1122720 2023.1
1122730 2025.1
1122740 2025.1
1122750 2027.9
1122760 2029.7
1122770 2031.6
1122780 2031.6
1122790 2033.5
1122800 2034.7
1122810 2038.5
1122820 2039.5
1122830 2040.2
1122840 2040.2
1122850 2042.6
1122860 2046.4
1122870 2046.4
1122880 2050.3
1122890 2054.7
1122900 2054.7
1122910 2053.8
1122920 2052.8
1122930 2052.8
1122940 2047.5
1122950 2044.4
1122960 2040.4
1122970 2040.4
1122980 2039.7
1122990 2032.5
1123000 2032.5
1123010 2021.9
1123020 2017.8
1123030 2017.8
1123040 2014.3
1123050 2010.1
1123060 2010.1
1123070 2005.9
1123080 2002.2
1123090 2002.2
1123100 1999.1
1123110 1999.3
1123120 1999.3
1123130 2003.6
1123140 2006.7
1123150 2006.7
1123160 2009.5
1123170 2013.9
1123180 2019.4
1123190 2019.4
1123200 2023.3
1123210 2025.4
1123220 2025.4
1123230 2027.5
1123240 2029.4
1123250 2029.4
1123260 2031.4
1123270 2033.0
1123280 2033.0
1123290 2034.2
1123300 2034.9
1123310 2034.9
1123320 2034.8
1123330 2034.7
1123340 2034.7
1123350 2033.0
1123360 2026.7
1123370 2018.9
1123380 2018.9
1123390 2010.0
1123400 2001.8
1123410 2001.8
1123420 1996.5
1123430 1995.6
1123440 1995.6
1123450 1994.7
1123460 1992.4
1123470 1992.4
1123480 1991.6
1123490 1990.6
1123500 1990.6
1123510 1986.8
1123520 1986.5
1123530 1986.5
1123540 1987.6
1123550 1990.1
1123560 1989.3
1123570 1989.3
1123580 1987.6
1123590 1987.3
1123600 1987.3
1123610 1987.5
1123620 1987.7
1123630 1987.7
1123640 1987.6
1123650 1987.6
1123660 1987.6
1123670 1987.7
1123680 1987.9
1123690 1987.9
1123700 1987.8
1123710 1988.1
1123720 1988.1
1123730 1988.1
1123740 1988.2
1123750 1988.6
1123760 1988.6
1123770 1988.7
1123780 1988.7
1123790 1988.7
1123800 1988.8
1123810 1988.9
1123820 1988.9
1123830 1989.0
1123840 1989.1
1123850 1989.1
1123860 1987.8
1123870 1989.0
1123880 1989.0
1123890 1989.1
1123900 1989.2
1123910 1989.2
1123920 1989.3
1123930 1989.3
1123940 1989.3
1123950 1989.0
1123960 1988.9
1123970 1990.4
1123980 1990.4
1123990 1989.5
1124000 1989.7
1124010 1989.7
1124020 1989.9
1124030 1990.0
1124040 1990.0
1124050 1990.3
1124060 1990.6
1124070 1990.6
1124080 1990.8
1124090 1991.2
1124100 1991.2
1124110 1991.2
1124120 1991.4
1124130 1991.4
1124140 1992.1
1124150 1993.4
1124160 1995.4
1124170 1995.4
1124180 1997.8
1124190 2000.0
1124200 2000.0
1124210 2002.1
1124220 2004.7
1124230 2004.7
1124240 2006.7
1124250 2008.8
1124260 2008.8
1124270 2010.1
1124280 2011.4
1124290 2011.4
1124300 2012.4
1124310 2013.3
1124320 2013.3
1124330 2014.2
1124340 2015.6
1124350 2017.3
1124360 2017.3
1124370 2019.3
1124380 2022.2
1124390 2022.2
1124400 2024.1
1124410 2025.0
1124420 2025.0
1124430 2026.0
1124440 2027.6
1124450 2027.6
1124460 2031.9
1124470 2034.8
1124480 2034.8
1124490 2031.9
1124500 2028.5
1124510 2028.5
1124520 2026.7
1124530 2026.2
1124540 2026.1
1124550 2026.1
1124560 2026.2
1124570 2027.7
1124580 2027.7
1124590 2028.8
1124600 2030.5
1124610 2030.5
1124620 2032.1
1124630 2032.5
1124640 2032.5
1124650 2032.5
1124660 2031.4
1124670 2031.4
1124680 2030.6
1124690 2030.5
1124700 2030.5
1124710 2028.9
1124720 2024.3
1124730 2024.3
1124740 2017.9
1124750 2012.8
1124760 2009.6
1124770 2009.6
1124780 2008.2
1124790 2006.9
1124800 2006.9
1124810 2005.6
1124820 2004.6
1124830 2004.6
1124840 2004.2
1124850 2005.3
1124860 2005.3
1124870 2007.2
1124880 2009.2
1124890 2009.2
1124900 2011.9
1124910 2015.4
1124920 2021.3
1124930 2022.9
1124940 2023.9
1124950 2025.3
1124960 2025.3
1124970 2026.6
1124980 2026.0
1124990 2026.0
1125000 2022.9
1125010 2021.2
1125020 2021.2
1125030 2021.1
1125040 2022.1
1125050 2022.1
1125060 2026.4
1125070 2029.3
1125080 2029.3
1125090 2031.2
1125100 2031.9
1125110 2031.9
1125120 2030.5
1125130 2029.9
1125140 2031.0
1125150 2031.0
1125160 2031.9
1125170 2032.9
1125180 2032.9
1125190 2033.6
1125200 2035.5
1125210 2035.5
1125220 2035.0
1125230 2030.0
1125240 2030.0
1125250 2026.5
1125260 2026.1
1125270 2029.5
1125280 2030.2
1125290 2035.2
1125300 2035.2
1125310 2042.6
1125320 2049.0
1125330 2053.1
1125340 2053.1
1125350 2056.1
1125360 2058.3
1125370 2058.3
1125380 2057.4
1125390 2059.8
1125400 2059.8
1125410 2065.1
1125420 2068.3
1125430 2068.3
1125440 2070.6
1125450 2071.7
1125460 2071.7
1125470 2072.1
1125480 2070.3
1125490 2070.3
1125500 2068.6
1125510 2066.9
1125520 2066.9
1125530 2063.6
1125540 2060.3
1125550 2059.8
1125560 2059.8
1125570 2060.9
1125580 2062.0
1125590 2062.0
1125600 2068.0
1125610 2072.4
1125620 2074.1
1125630 2078.4
1125640 2082.5
1125650 2082.5
1125660 2087.8
1125670 2093.1
1125680 2093.1
1125690 2099.4
1125700 2104.7
1125710 2104.7
1125720 2108.0
1125730 2108.7
1125740 2109.3
1125750 2109.3
1125760 2111.9
1125770 2114.6
1125780 2114.6
1125790 2117.2
1125800 2120.4
1125810 2120.4
1125820 2123.5
1125830 2126.8
1125840 2126.8
1125850 2130.9
1125860 2135.3
1125870 2135.3
1125880 2139.3
1125890 2142.3
1125900 2142.3
1125910 2144.6
1125920 2147.6
1125930 2151.1
1125940 2151.1
1125950 2154.4
1125960 2158.0
1125970 2159.0
1125980 2163.7
1125990 2169.1
1126000 2169.1
1126010 2174.4
1126020 2179.2
1126030 2179.2
1126040 2182.9
1126050 2186.0
1126060 2186.0
1126070 2189.6
1126080 2193.2
1126090 2193.2
1126100 2198.6
1126110 2202.6
1126120 2202.6
1126130 2205.4
1126140 2207.1
1126150 2209.7
1126160 2209.7
1126170 2213.8
1126180 2218.6
1126190 2218.6
1126200 2223.3
1126210 2228.6
1126220 2228.6
1126230 2234.7
1126240 2240.3
1126250 2240.3
1126260 2245.5
1126270 2250.0
1126280 2250.0
1126290 2253.2
1126300 2255.9
1126310 2255.9
1126320 2258.7
1126330 2266.6
1126340 2268.5
1126350 2268.5
1126360 2270.3
1126370 2271.6
1126380 2271.6
1126390 2273.5
1126400 2275.6
1126410 2275.6
1126420 2277.7
1126430 2279.4
1126440 2279.4
1126450 2280.5
1126460 2281.0
1126470 2281.0
1126480 2280.7
1126490 2283.2
1126500 2283.2
1126510 2287.5
1126520 2291.3
1126530 2295.9
1126540 2295.9
1126550 2301.3
1126560 2307.0
1126570 2307.0
1126580 2312.4
1126590 2317.7
1126600 2317.7
1126610 2323.0
1126620 2328.2
1126630 2328.2
1126640 2332.6
1126650 2336.5
1126660 2336.5
1126670 2339.8
1126680 2342.5
1126690 2342.5
1126700 2347.2
1126710 2351.1
1126720 2352.4
1126730 2352.4
1126740 2353.1
1126750 2354.7
1126760 2354.7
1126770 2356.7
1126780 2358.9
1126790 2358.9
1126800 2360.9
1126810 2362.1
1126820 2362.1
1126830 2362.5
1126840 2363.4
1126850 2363.4
1126860 2364.8
1126870 2366.7
1126880 2366.7
1126890 2369.0
1126900 2371.5
1126910 2371.5
1126920 2374.9
1126930 2379.1
1126940 2382.2
1126950 2382.2
1126960 2384.5
1126970 2386.4
1126980 2386.4
1126990 2388.3
1127000 2390.4
1127010 2390.4
1127020 2393.3
1127030 2397.5
1127040 2397.5
1127050 2401.1
1127060 2405.4
1127070 2405.4
1127080 2409.6
1127090 2413.6
1127100 2413.6
1127110 2418.5
1127120 2423.3
1127130 2428.5
1127140 2428.5
1127150 2433.7
1127160 2438.3
1127170 2438.3
1127180 2442.5
1127190 2445.5
1127200 2445.5
1127210 2447.6
1127220 2449.3
1127230 2449.3
1127240 2450.9
1127250 2452.2
1127260 2452.2
1127270 2453.4
1127280 2454.6
1127290 2454.6
1127300 2455.3
1127310 2455.5
1127320 2455.9
1127330 2455.9
1127340 2456.8
1127350 2457.6
1127360 2457.6
1127370 2458.4
1127380 2459.6
1127390 2460.0
1127400 2460.8
1127410 2461.6
1127420 2461.6
1127430 2462.3
1127440 2462.7
1127450 2462.7
1127460 2463.1
1127470 2463.7
1127480 2463.7
1127490 2465.0
1127500 2466.9
1127510 2468.8
1127520 2468.8
1127530 2470.9
1127540 2473.1
1127550 2473.1
1127560 2475.1
1127570 2477.1
1127580 2477.1
1127590 2478.9
1127600 2480.4
1127610 2480.4
1127620 2481.7
1127630 2482.4
1127640 2482.4
1127650 2482.4
1127660 2482.4
1127670 2482.4
1127680 2483.3
1127690 2485.9
1127700 2485.9
1127710 2489.5
1127720 2492.8
1127730 2495.4
1127740 2496.1
1127750 2498.9
1127760 2501.4
1127770 2501.4
1127780 2503.7
1127790 2506.3
1127800 2506.3
1127810 2509.4
1127820 2512.4
1127830 2512.4
1127840 2514.3
1127850 2515.9
1127860 2515.9
1127870 2517.8
1127880 2519.5
1127890 2519.5
1127900 2521.4
1127910 2523.6
1127920 2527.5
1127930 2527.5
1127940 2532.4
1127950 2535.8
1127960 2535.8
1127970 2540.0
1127980 2546.4
1127990 2546.4
1128000 2554.1
1128010 2561.9
1128020 2561.9
1128030 2570.1
1128040 2578.3
1128050 2578.3
1128060 2586.4
1128070 2593.9
1128080 2593.9
1128090 2600.7
1128100 2601.7
1128110 2608.7
1128120 2608.7
1128130 2615.0
1128140 2621.1
1128150 2621.1
1128160 2628.5
1128170 2635.6
1128180 2635.6
1128190 2642.6
1128200 2650.1
1128210 2650.1
1128220 2653.0
1128230 2646.6
1128240 2646.6
1128250 2633.7
1128260 2619.1
1128270 2619.1
1128280 2603.8
1128290 2590.1
1128300 2580.5
1128310 2580.5
1128320 2573.7
1128330 2566.9
1128340 2566.9
1128350 2560.3
1128360 2553.6
1128370 2553.6
1128380 2547.0
1128390 2541.0
1128400 2541.0
1128410 2535.5
1128420 2530.4
1128430 2530.4
1128440 2525.5
1128450 2524.0
1128460 2524.0
1128470 2517.5
1128480 2510.9
1128490 2504.0
1128500 2504.0
1128510 2497.0
1128520 2490.0
1128530 2490.0
1128540 2483.5
1128550 2477.4
1128560 2477.4
1128570 2471.5
1128580 2465.6
1128590 2465.6
1128600 2459.8
1128610 2454.1
1128620 2454.1
1128630 2449.0
1128640 2444.5
1128650 2444.5
1128660 2441.0
1128670 2437.7
1128680 2437.7
1128690 2434.2
1128700 2432.6
1128710 2431.9
1128720 2431.9
1128730 2432.2
1128740 2434.6
1128750 2434.6
1128760 2434.0
1128770 2428.0
1128780 2428.0
1128790 2421.8
1128800 2416.8
1128810 2419.3
1128820 2415.9
1128830 2414.7
1128840 2414.7
1128850 2415.1
1128860 2414.8
1128870 2414.8
1128880 2414.9
1128890 2415.3
1128900 2415.9
1128910 2415.9
1128920 2418.1
1128930 2427.7
1128940 2427.7
1128950 2434.7
1128960 2435.7
1128970 2435.7
1128980 2430.6
1128990 2435.9
1129000 2435.9
1129010 2437.0
1129020 2428.2
1129030 2428.2
1129040 2420.5
1129050 2418.2
1129060 2418.2
1129070 2418.4
1129080 2421.0
1129090 2421.9
1129100 2421.9
1129110 2421.7
1129120 2423.3
1129130 2423.3
1129140 2426.1
1129150 2427.4
1129160 2427.4
1129170 2429.7
1129180 2432.4
1129190 2432.4
1129200 2434.7
1129210 2436.7
1129220 2436.7
1129230 2437.8
1129240 2440.1
1129250 2440.1
1129260 2443.3
1129270 2447.0
1129280 2450.7
1129290 2450.7
1129300 2454.9
1129310 2458.2
1129320 2458.2
1129330 2460.4
1129340 2461.4
1129350 2461.4
1129360 2462.1
1129370 2463.6
1129380 2463.6
1129390 2466.1
1129400 2469.0
1129410 2469.0
1129420 2471.2
1129430 2472.9
1129440 2472.9
1129450 2475.4
1129460 2478.0
1129470 2478.0
1129480 2478.5
1129490 2477.4
1129500 2476.3
1129510 2476.3
1129520 2474.5
1129530 2472.7
1129540 2472.7
1129550 2471.7
1129560 2471.7
1129570 2471.7
1129580 2471.7
1129590 2471.7
1129600 2471.7
1129610 2471.7
1129620 2471.7
1129630 2471.7
1129640 2471.7
1129650 2471.7
1129660 2471.7
1129670 2471.7
1129680 2471.7
1129690 2471.9
1129700 2471.9
1129710 2472.7
1129720 2474.1
1129730 2474.1
1129740 2476.3
1129750 2479.0
1129760 2479.0
1129770 2483.0
1129780 2487.2
1129790 2487.2
1129800 2490.4
1129810 2492.0
1129820 2492.0
1129830 2494.6
1129840 2497.7
1129850 2497.7
1129860 2500.3
1129870 2504.3
1129880 2510.6
1129890 2510.6
1129900 2524.8
1129910 2530.3
1129920 2530.3
1129930 2531.2
1129940 2535.8
1129950 2535.8
1129960 2541.9
1129970 2543.2
1129980 2543.2
1129990 2542.8
1130000 2542.1
1130010 2542.1
1130020 2540.7
1130030 2542.4
1130040 2542.4
1130050 2546.5
1130060 2549.9
1130070 2553.0
1130080 2553.0
1130090 2556.4
1130100 2562.8
1130110 2562.8
1130120 2568.8
1130130 2572.8
1130140 2572.8
1130150 2574.4
1130160 2575.8
1130170 2575.8
1130180 2577.8
1130190 2580.5
1130200 2580.5
1130210 2583.4
1130220 2586.4
1130230 2585.3
1130240 2587.6
1130250 2591.0
1130260 2591.0
1130270 2594.6
1130280 2599.0
1130290 2604.0
1130300 2604.0
1130310 2608.6
1130320 2613.1
1130330 2613.1
1130340 2618.6
1130350 2627.8
1130360 2627.8
1130370 2641.8
1130380 2652.6
1130390 2652.6
1130400 2658.6
1130410 2664.3
1130420 2664.3
1130430 2670.6
1130440 2677.2
1130450 2677.2
1130460 2684.7
1130470 2692.8
1130480 2699.7
1130490 2699.7
1130500 2706.6
1130510 2714.6
1130520 2714.6
1130530 2721.5
1130540 2728.5
1130550 2728.5
1130560 2735.4
1130570 2743.4
1130580 2743.4
1130590 2755.6
1130600 2768.2
1130610 2768.2
1130620 2777.8
1130630 2784.9
1130640 2784.9
1130650 2791.7
1130660 2793.3
1130670 2785.9
1130680 2785.9
1130690 2778.6
1130700 2771.1
1130710 2771.1
1130720 2762.8
1130730 2754.2
1130740 2754.2
1130750 2748.8
1130760 2740.9
1130770 2740.9
1130780 2731.5
1130790 2719.9
1130800 2719.9
1130810 2701.3
1130820 2683.0
1130830 2683.0
1130840 2664.8
1130850 2654.1
1130860 2648.9
1130870 2648.9
1130880 2643.1
1130890 2634.7
1130900 2634.7
1130910 2622.6
1130920 2609.6
1130930 2609.6
1130940 2598.2
1130950 2582.8
1130960 2582.8
1130970 2576.1
1130980 2572.6
1130990 2572.6
1131000 2567.6
1131010 2562.6
1131020 2562.6
1131030 2560.2
1131040 2558.6
1131050 2558.6
1131060 2557.1
1131070 2554.6
1131080 2552.1
1131090 2552.1
1131100 2547.9
1131110 2542.9
1131120 2542.9
1131130 2535.9
1131140 2529.5
1131150 2529.5
1131160 2525.0
1131170 2520.9
1131180 2520.9
1131190 2515.6
1131200 2508.7
1131210 2508.7
1131220 2499.6
1131230 2491.8
1131240 2491.8
1131250 2484.1
1131260 2475.7
1131270 2467.2
1131280 2467.2
1131290 2459.0
1131300 2452.6
1131310 2452.6
1131320 2444.3
1131330 2436.4
1131340 2436.4
1131350 2428.7
1131360 2422.8
1131370 2422.8
1131380 2417.4
1131390 2412.6
1131400 2412.6
1131410 2411.8
1131420 2410.2
1131430 2410.2
1131440 2404.6
1131450 2398.6
1131460 2393.6
1131470 2393.6
1131480 2386.1
1131490 2374.0
1131500 2374.0
1131510 2361.5
1131520 2348.3
1131530 2348.3
1131540 2335.9
1131550 2328.8
1131560 2328.8
1131570 2321.2
1131580 2315.0
1131590 2315.0
1131600 2309.0
1131610 2293.8
1131620 2293.8
1131630 2278.2
1131640 2265.4
1131650 2255.5
1131660 2261.0
1131670 2252.3
1131680 2244.1
1131690 2244.1
1131700 2237.0
1131710 2228.1
1131720 2228.1
1131730 2220.0
1131740 2212.3
1131750 2212.3
1131760 2204.9
1131770 2197.6
1131780 2197.6
1131790 2191.4
1131800 2185.4
1131810 2185.4
1131820 2178.7
1131830 2172.5
1131840 2172.5
1131850 2166.8
1131860 2162.0
1131870 2156.5
1131880 2156.5
1131890 2150.1
1131900 2145.4
1131910 2145.4
1131920 2141.3
1131930 2136.4
1131940 2136.4
1131950 2130.8
1131960 2125.3
1131970 2125.3
1131980 2119.7
1131990 2114.3
1132000 2114.3
1132010 2110.4
1132020 2107.7
1132030 2107.7
1132040 2101.9
1132050 2096.1
1132060 2090.8
1132070 2090.8
1132080 2086.1
1132090 2080.6
1132100 2080.6
1132110 2073.9
1132120 2066.4
1132130 2066.4
1132140 2057.6
1132150 2048.9
1132160 2048.9
1132170 2036.8
1132180 2025.2
1132190 2025.2
1132200 2016.3
1132210 2010.0
1132220 2010.0
1132230 2004.8
1132240 2000.2
1132250 1995.9
1132260 1995.9
1132270 1991.3
1132280 1986.8
1132290 1986.8
1132300 1982.2
1132310 1977.2
1132320 1977.2
1132330 1972.7
1132340 1968.3
1132350 1968.3
1132360 1963.6
1132370 1959.0
1132380 1956.5
1132390 1952.2
1132400 1948.1
1132410 1948.1
1132420 1943.9
1132430 1939.8
1132440 1935.6
1132450 1935.6
1132460 1931.9
1132470 1928.5
1132480 1928.5
1132490 1925.0
1132500 1921.2
1132510 1921.2
1132520 1917.1
1132530 1913.1
1132540 1913.1
1132550 1909.3
1132560 1905.0
1132570 1905.0
1132580 1901.9
1132590 1898.3
1132600 1898.3
1132610 1895.3
1132620 1890.6
1132630 1890.6
1132640 1881.8
1132650 1873.5
1132660 1871.1
1132670 1871.1
1132680 1873.3
1132690 1877.8
1132700 1877.8
1132710 1880.4
1132720 1885.3
1132730 1885.3
1132740 1889.7
1132750 1895.8
1132760 1895.8
1132770 1902.7
1132780 1911.2
1132790 1911.2
1132800 1919.8
1132810 1926.4
1132820 1926.4
1132830 1931.3
1132840 1937.0
1132850 1943.6
1132860 1943.6
1132870 1953.2
1132880 1968.0
1132890 1968.0
1132900 1977.6
1132910 1984.5
1132920 1984.5
1132930 1989.2
1132940 1991.4
1132950 1991.4
1132960 1992.8
1132970 1994.5
1132980 1994.5
1132990 1999.8
1133000 2003.1
1133010 2003.1
1133020 2007.4
1133030 2012.0
1133040 2015.5
1133050 2015.5
1133060 2017.3
1133070 2018.7
1133080 2018.7
1133090 2021.4
1133100 2024.0
1133110 2024.0
1133120 2024.7
1133130 2025.2
1133140 2025.2
1133150 2026.3
1133160 2028.0
1133170 2028.0
1133180 2030.8
1133190 2034.0
1133200 2034.0
1133210 2037.7
1133220 2042.3
1133230 2048.4
1133240 2048.4
1133250 2055.0
1133260 2061.5
1133270 2061.5
1133280 2066.7
1133290 2072.6
1133300 2072.6
1133310 2078.6
1133320 2084.9
1133330 2084.9
1133340 2091.8
1133350 2098.8
1133360 2098.8
1133370 2106.0
1133380 2112.3
1133390 2112.3
1133400 2117.4
1133410 2122.5
1133420 2122.5
1133430 2127.9
1133440 2132.7
1133450 2137.3
1133460 2139.3
1133470 2143.9
1133480 2148.9
1133490 2148.9
1133500 2152.3
1133510 2154.5
1133520 2154.5
1133530 2157.3
1133540 2160.5
1133550 2160.5
1133560 2164.5
1133570 2168.9
1133580 2168.9
1133590 2172.4
1133600 2175.1
1133610 2175.1
1133620 2178.9
1133630 2183.3
1133640 2186.9
1133650 2186.9
1133660 2191.7
1133670 2197.3
1133680 2197.3
1133690 2202.3
1133700 2205.2
1133710 2205.2
1133720 2206.8
1133730 2210.4
1133740 2210.4
1133750 2215.0
1133760 2220.2
1133770 2220.2
1133780 2224.8
1133790 2228.4
1133800 2228.4
1133810 2231.0
1133820 2235.5
1133830 2238.4
1133840 2238.4
1133850 2241.3
1133860 2243.8
1133870 2243.8
1133880 2246.1
1133890 2249.2
1133900 2249.2
1133910 2253.9
1133920 2259.5
1133930 2259.5
1133940 2266.0
1133950 2272.3
1133960 2272.3
1133970 2278.5
1133980 2284.8
1133990 2284.8
1134000 2291.2
1134010 2298.0
1134020 2305.8
1134030 2305.8
1134040 2314.0
1134050 2321.9
1134060 2321.9
1134070 2327.8
1134080 2333.0
1134090 2333.0
1134100 2338.9
1134110 2345.2
1134120 2345.2
1134130 2351.2
1134140 2357.1
1134150 2357.1
1134160 2363.2
1134170 2369.0
1134180 2370.7
1134190 2376.2
1134200 2381.7
1134210 2381.7
1134220 2387.1
1134230 2392.8
1134240 2398.7
1134250 2398.7
1134260 2405.1
1134270 2412.5
1134280 2412.5
1134290 2419.6
1134300 2426.5
1134310 2426.5
1134320 2432.7
1134330 2438.1
1134340 2438.1
1134350 2443.3
1134360 2448.5
1134370 2448.5
1134380 2453.8
1134390 2458.6
1134400 2458.6
1134410 2462.3
1134420 2465.7
1134430 2470.2
1134440 2470.2
1134450 2474.5
1134460 2478.3
1134470 2478.3
1134480 2482.3
1134490 2485.9
1134500 2485.9
1134510 2489.2
1134520 2493.1
1134530 2493.1
1134540 2498.0
1134550 2502.6
1134560 2502.6
1134570 2505.2
1134580 2508.6
1134590 2508.6
1134600 2513.4
1134610 2517.7
1134620 2520.9
1134630 2520.9
1134640 2522.9
1134650 2524.2
1134660 2524.2
1134670 2526.3
1134680 2529.0
1134690 2529.0
1134700 2532.2
1134710 2536.1
1134720 2536.1
1134730 2541.1
1134740 2546.6
1134750 2546.6
1134760 2552.2
1134770 2556.2
1134780 2556.2
1134790 2559.4
1134800 2561.8
1134810 2564.1
1134820 2564.1
1134830 2567.7
1134840 2573.4
1134850 2573.4
1134860 2578.8
1134870 2582.7
1134880 2582.7
1134890 2585.6
1134900 2588.2
1134910 2588.2
1134920 2590.9
1134930 2593.4
1134940 2593.4
1134950 2596.0
1134960 2598.8
1134970 2598.8
1134980 2602.0
1134990 2605.6
1135000 2605.6
1135010 2610.3
1135020 2614.9
1135030 2619.7
1135040 2619.7
1135050 2626.2
1135060 2633.8
1135070 2633.8
1135080 2642.3
1135090 2650.2
1135100 2650.2
1135110 2655.7
1135120 2660.2
1135130 2660.2
1135140 2664.4
1135150 2668.3
1135160 2668.3
1135170 2672.1
1135180 2675.1
1135190 2675.1
1135200 2677.4
1135210 2679.8
1135220 2683.1
1135230 2683.1
1135240 2687.5
1135250 2692.5
1135260 2692.8
1135270 2695.9
1135280 2698.0
1135290 2698.0
1135300 2700.6
1135310 2704.4
1135320 2704.4
1135330 2708.3
1135340 2712.2
1135350 2712.2
1135360 2715.5
1135370 2718.7
1135380 2718.7
1135390 2722.7
1135400 2726.7
1135410 2731.1
1135420 2731.1
1135430 2736.1
1135440 2742.2
1135450 2742.2
1135460 2748.8
1135470 2755.4
1135480 2755.4
1135490 2762.5
1135500 2770.5
1135510 2770.5
1135520 2777.1
1135530 2783.1
1135540 2783.1
1135550 2789.2
1135560 2795.7
1135570 2795.7
1135580 2802.3
1135590 2809.0
1135600 2814.6
1135610 2814.6
1135620 2811.8
1135630 2816.3
1135640 2816.3
1135650 2822.0
1135660 2828.7
1135670 2828.7
1135680 2835.9
1135690 2840.0
1135700 2840.0
1135710 2846.7
1135720 2855.5
1135730 2855.5
1135740 2863.8
1135750 2874.7
1135760 2874.7
1135770 2878.8
1135780 2877.1
1135790 2877.1
1135800 2875.3
1135810 2874.5
1135820 2872.1
1135830 2872.1
1135840 2872.5
1135850 2874.4
1135860 2874.4
1135870 2877.2
1135880 2880.8
1135890 2880.8
1135900 2884.4
1135910 2888.2
1135920 2888.2
1135930 2893.0
1135940 2897.6
1135950 2897.6
1135960 2901.9
1135970 2906.6
1135980 2906.6
1135990 2906.6
1136000 2913.2
1136010 2918.4
1136020 2918.4
1136030 2923.1
1136040 2928.4
1136050 2928.4
1136060 2933.0
1136070 2938.2
1136080 2938.2
1136090 2937.0
1136100 2934.3
1136110 2934.3
1136120 2930.9
1136130 2926.6
1136140 2926.6
1136150 2918.9
1136160 2914.5
1136170 2914.5
1136180 2916.3
1136190 2923.2
1136200 2928.1
1136210 2928.1
1136220 2927.4
1136230 2926.9
1136240 2926.9
1136250 2931.5
1136260 2937.8
1136270 2937.8
1136280 2939.5
1136290 2939.9
1136300 2939.9
1136310 2943.4
1136320 2948.2
1136330 2948.2
1136340 2953.1
1136350 2966.5
1136360 2966.5
1136370 2973.0
1136380 2980.4
1136390 2981.4
1136400 2981.4
1136410 2967.6
1136420 2952.8
1136430 2952.8
1136440 2940.5
1136450 2934.2
1136460 2934.2
1136470 2933.5
1136480 2938.0
1136490 2938.0
1136500 2940.3
1136510 2940.2
1136520 2940.2
1136530 2941.1
1136540 2944.7
1136550 2944.7
1136560 2949.8
1136570 2951.6
1136580 2950.0
1136590 2950.0
1136600 2946.3
1136610 2944.6
1136620 2944.6
1136630 2943.8
1136640 2940.7
1136650 2940.7
1136660 2938.8
1136670 2939.9
1136680 2939.9
1136690 2943.2
1136700 2947.0
1136710 2941.7
1136720 2943.0
1136730 2943.6
1136740 2943.6
1136750 2945.8
1136760 2949.7
1136770 2949.7
1136780 2955.1
1136790 2958.6
1136800 2955.3
1136810 2955.3
1136820 2949.2
1136830 2939.7
1136840 2939.7
1136850 2924.2
1136860 2909.2
1136870 2909.2
1136880 2891.8
1136890 2879.4
1136900 2879.4
1136910 2870.6
1136920 2860.3
1136930 2860.3
1136940 2851.9
1136950 2843.1
1136960 2843.1
1136970 2833.5
1136980 2825.3
1136990 2817.6
1137000 2817.6
1137010 2809.0
1137020 2799.3
1137030 2799.3
1137040 2790.8
1137050 2783.3
1137060 2783.3
1137070 2775.6
1137080 2767.9
1137090 2767.9
1137100 2759.6
1137110 2751.1
1137120 2751.1
1137130 2743.3
1137140 2732.8
1137150 2732.8
1137160 2724.2
1137170 2718.3
1137180 2712.5
1137190 2712.5
1137200 2704.6
1137210 2695.2
1137220 2695.2
1137230 2687.1
1137240 2678.7
1137250 2678.7
1137260 2669.5
1137270 2661.8
1137280 2661.8
1137290 2655.4
1137300 2649.0
1137310 2649.0
1137320 2642.4
1137330 2636.0
1137340 2636.0
1137350 2629.5
1137360 2623.3
1137370 2617.0
1137380 2617.0
1137390 2610.9
1137400 2604.9
1137410 2604.9
1137420 2598.7
1137430 2591.9
1137440 2591.9
1137450 2585.1
1137460 2577.8
1137470 2577.8
1137480 2571.1
1137490 2564.5
1137500 2564.5
1137510 2557.9
1137520 2551.2
1137530 2551.2
1137540 2544.6
1137550 2538.3
1137560 2538.3
1137570 2532.3
1137580 2526.7
1137590 2520.6
1137600 2520.6
1137610 2513.8
1137620 2507.2
1137630 2507.2
1137640 2501.2
1137650 2495.7
1137660 2495.7
1137670 2490.2
1137680 2484.5
1137690 2484.5
1137700 2478.9
1137710 2473.7
1137720 2473.7
1137730 2469.2
1137740 2465.7
1137750 2465.7
1137760 2462.8
1137770 2459.4
1137780 2455.9
1137790 2455.9
1137800 2453.9
1137810 2453.8
1137820 2453.8
1137830 2452.8
1137840 2451.5
1137850 2451.5
1137860 2450.9
1137870 2449.8
1137880 2449.8
1137890 2449.2
1137900 2447.8
1137910 2447.8
1137920 2445.1
1137930 2443.1
1137940 2443.1
1137950 2440.2
1137960 2442.1
1137970 2443.6
1137980 2443.6
1137990 2444.2
1138000 2445.4
1138010 2445.4
1138020 2448.0
1138030 2450.9
1138040 2450.9
1138050 2456.1
1138060 2462.1
1138070 2462.1
1138080 2464.4
1138090 2466.2
1138100 2466.2
1138110 2469.8
1138120 2472.5
1138130 2472.5
1138140 2475.1
1138150 2478.2
1138160 2483.8
1138170 2482.2
1138180 2488.9
1138190 2494.9
1138200 2494.9
1138210 2499.4
1138220 2503.1
1138230 2503.1
1138240 2505.2
1138250 2506.8
1138260 2506.8
1138270 2508.6
1138280 2510.4
1138290 2510.4
1138300 2511.8
1138310 2513.3
1138320 2513.3
1138330 2514.0
1138340 2515.3
1138350 2515.3
1138360 2517.4
1138370 2519.0
1138380 2521.2
1138390 2521.2
1138400 2523.1
1138410 2527.9
1138420 2527.9
1138430 2534.1
1138440 2539.8
1138450 2539.8
1138460 2542.7
1138470 2543.9
1138480 2543.9
1138490 2544.6
1138500 2544.9
1138510 2544.9
1138520 2545.6
1138530 2549.8
1138540 2549.8
1138550 2553.5
1138560 2557.2
1138570 2559.8
1138580 2559.8
1138590 2562.6
1138600 2563.9
1138610 2563.9
1138620 2565.2
1138630 2565.9
1138640 2565.9
1138650 2566.9
1138660 2568.3
1138670 2568.3
1138680 2569.9
1138690 2575.0
1138700 2575.0
1138710 2579.1
1138720 2581.0
1138730 2581.0
1138740 2584.9
1138750 2589.4
1138760 2591.0
1138770 2591.0
1138780 2593.0
1138790 2596.1
1138800 2596.1
1138810 2598.7
1138820 2602.0
1138830 2602.0
1138840 2606.3
1138850 2610.6
1138860 2610.6
1138870 2615.1
1138880 2620.7
1138890 2620.7
1138900 2630.6
1138910 2637.6
1138920 2637.6
1138930 2645.5
1138940 2653.5
1138950 2659.2
1138960 2659.2
1138970 2664.3
1138980 2669.8
1138990 2669.8
1139000 2675.4
1139010 2682.0
1139020 2682.0
1139030 2689.1
1139040 2695.2
1139050 2695.2
1139060 2701.3
1139070 2707.6
1139080 2707.6
1139090 2713.9
1139100 2720.7
1139110 2720.7
1139120 2728.5
1139130 2737.5
1139140 2737.5
1139150 2744.7
1139160 2750.8
1139170 2755.8
1139180 2755.8
1139190 2765.5
1139200 2776.9
1139210 2776.9
1139220 2783.1
1139230 2786.0
1139240 2786.0
1139250 2786.7
1139260 2794.5
1139270 2794.5
1139280 2797.1
1139290 2800.1
1139300 2800.1
1139310 2803.5
1139320 2806.3
1139330 2806.3
1139340 2810.4
1139350 2815.1
1139360 2819.8
1139370 2819.8
1139380 2823.5
1139390 2826.4
1139400 2826.4
1139410 2830.9
1139420 2837.9
1139430 2837.9
1139440 2843.9
1139450 2857.9
1139460 2857.9
1139470 2876.0
1139480 2892.8
1139490 2892.8
1139500 2899.2
1139510 2899.1
1139520 2899.1
1139530 2891.9
1139540 2884.4
1139550 2874.4
1139560 2874.4
1139570 2860.1
1139580 2846.9
1139590 2846.9
1139600 2834.7
1139610 2823.2
1139620 2823.2
1139630 2817.3
1139640 2808.8
1139650 2808.8
1139660 2800.6
1139670 2792.7
1139680 2792.7
1139690 2785.2
1139700 2778.0
1139710 2778.0
1139720 2771.0
1139730 2763.9
1139740 2756.6
1139750 2756.6
1139760 2749.7
1139770 2743.0
1139780 2743.0
1139790 2736.2
1139800 2729.2
1139810 2729.2
1139820 2722.4
1139830 2716.0
1139840 2716.0
1139850 2709.6
1139860 2703.8
1139870 2703.8
1139880 2698.4
1139890 2693.1
1139900 2693.1
1139910 2687.9
1139920 2682.9
1139930 2682.9
1139940 2678.0
1139950 2673.3
1139960 2669.1
1139970 2669.1
1139980 2665.2
1139990 2661.1
