1120000 1993.2
1120010 1991.0
1120020 1991.0
1120030 1988.8
1120040 1988.9
1120050 1988.9
1120060 1987.5
1120070 1986.2
1120080 1984.3
1120090 1984.3
1120100 1981.5
1120110 1978.8
1120120 1978.8
1120130 1977.7
1120140 1977.0
1120150 1977.0
1120160 1975.7
1120170 1973.2
1120180 1978.7
1120190 1975.8
1120200 1972.8
1120210 1972.8
1120220 1971.2
1120230 1969.0
1120240 1969.0
1120250 1966.9
1120260 1965.3
1120270 1964.5
1120280 1964.5
1120290 1963.3
1120300 1960.8
1120310 1960.8
1120320 1958.0
1120330 1956.3
1120340 1956.3
1120350 1954.7
1120360 1952.7
1120370 1952.7
1120380 1951.0
1120390 1949.5
1120400 1949.5
1120410 1948.2
1120420 1948.9
1120430 1948.9
1120440 1949.4
1120450 1950.1
1120460 1950.1
1120470 1951.9
1120480 1954.0
1120490 1955.8
1120500 1955.8
1120510 1958.2
1120520 1960.1
1120530 1963.8
1120540 1966.3
1120550 1968.2
1120560 1968.2
1120570 1969.2
1120580 1969.9
1120590 1969.9
1120600 1971.0
1120610 1970.9
1120620 1970.9
1120630 1971.5
1120640 1972.6
1120650 1972.6
1120660 1972.4
1120670 1972.4
1120680 1972.3
1120690 1972.3
1120700 1972.0
1120710 1972.4
1120720 1972.4
1120730 1972.6
1120740 1973.2
1120750 1973.2
1120760 1973.3
1120770 1974.1
1120780 1974.1
1120790 1974.6
1120800 1975.4
1120810 1975.4
1120820 1975.6
1120830 1976.8
1120840 1976.8
1120850 1978.0
1120860 1979.2
1120870 1984.2
1120880 1984.2
1120890 1984.9
1120900 1986.2
1120910 1986.2
1120920 1987.2
1120930 1988.7
1120940 1988.7
1120950 1990.3
1120960 1990.5
1120970 1990.5
1120980 1990.7
1120990 1990.2
1121000 1990.2
1121010 1990.9
1121020 1990.8
1121030 1990.8
1121040 1991.0
1121050 1991.1
1121060 1991.1
1121070 1991.1
1121080 1991.6
1121090 1992.2
1121100 1992.2
1121110 1992.7
1121120 1993.2
1121130 1993.2
1121140 1993.4
1121150 1993.2
1121160 1993.2
1121170 1992.9
1121180 1993.0
1121190 1993.0
1121200 1992.5
1121210 1991.9
1121220 1996.2
1121230 1996.0
1121240 1995.8
1121250 1995.8
1121260 1995.1
1121270 1994.7
1121280 1995.1
1121290 1995.1
1121300 1993.3
1121310 1991.9
1121320 1991.9
1121330 1990.9
1121340 1990.0
1121350 1990.0
1121360 1988.4
1121370 1987.3
1121380 1987.3
1121390 1985.0
1121400 1982.4
1121410 1982.4
1121420 1981.0
1121430 1980.8
1121440 1980.8
1121450 1980.1
1121460 1979.3
1121470 1978.1
1121480 1978.1
1121490 1977.4
1121500 1977.9
1121510 1977.9
1121520 1976.5
1121530 1976.2
1121540 1976.2
1121550 1974.8
1121560 1974.5
1121570 1977.9
1121580 1976.5
1121590 1974.6
1121600 1974.6
1121610 1974.0
1121620 1972.5
1121630 1972.5
1121640 1971.7
1121650 1971.5
1121660 1970.9
1121670 1970.9
1121680 1970.7
1121690 1971.8
1121700 1971.8
1121710 1971.5
1121720 1973.1
1121730 1973.1
1121740 1973.1
1121750 1973.6
1121760 1973.6
1121770 1974.5
1121780 1974.8
1121790 1974.8
1121800 1974.3
1121810 1975.2
1121820 1975.2
1121830 1975.5
1121840 1976.3
1121850 1976.3
1121860 1977.0
1121870 1977.3
1121880 1977.2
1121890 1977.2
1121900 1977.5
1121910 1976.9
1121920 1979.3
1121930 1978.4
1121940 1978.2
1121950 1978.2
1121960 1977.3
1121970 1977.1
1121980 1977.1
1121990 1976.9
1122000 1977.0
1122010 1977.0
1122020 1976.5
1122030 1975.4
1122040 1975.4
1122050 1974.6
1122060 1974.1
1122070 1973.2
1122080 1973.2
1122090 1972.9
1122100 1971.9
1122110 1971.9
1122120 1971.4
1122130 1971.4
1122140 1971.4
1122150 1970.7
1122160 1969.9
1122170 1969.9
1122180 1970.0
1122190 1970.8
1122200 1970.8
1122210 1970.6
1122220 1970.9
1122230 1970.9
1122240 1972.0
1122250 1972.6
1122260 1972.2
1122270 1975.8
1122280 1976.3
1122290 1976.7
1122300 1976.7
1122310 1977.6
1122320 1979.0
1122330 1979.0
1122340 1978.5
1122350 1979.6
1122360 1979.6
1122370 1981.1
1122380 1981.1
1122390 1981.1
1122400 1982.5
1122410 1984.2
1122420 1984.2
1122430 1984.9
1122440 1985.1
1122450 1984.8
1122460 1984.8
1122470 1983.3
1122480 1982.8
1122490 1982.8
1122500 1983.6
1122510 1984.4
1122520 1984.4
1122530 1984.1
1122540 1983.3
1122550 1983.3
1122560 1983.6
1122570 1983.3
1122580 1983.3
1122590 1983.3
1122600 1983.4
1122610 1983.4
1122620 1985.7
1122630 1985.8
1122640 1985.8
1122650 1985.1
1122660 1985.3
1122670 1985.7
1122680 1985.7
1122690 1985.8
1122700 1985.8
1122710 1985.8
1122720 1985.6
1122730 1985.0
1122740 1985.0
1122750 1983.9
1122760 1983.6
1122770 1983.6
1122780 1983.9
1122790 1983.9
1122800 1983.9
1122810 1983.9
1122820 1983.9
1122830 1983.9
1122840 1984.2
1122850 1984.0
1122860 1984.6
1122870 1984.6
1122880 1985.3
1122890 1987.1
1122900 1987.1
1122910 1987.0
1122920 1986.0
1122930 1986.0
1122940 1984.7
1122950 1982.2
1122960 1982.2
1122970 1984.2
1122980 1981.0
1122990 1981.0
1123000 1980.7
1123010 1980.0
1123020 1980.0
1123030 1979.0
1123040 1978.3
1123050 1977.5
1123060 1977.5
1123070 1977.8
1123080 1977.9
1123090 1977.9
1123100 1976.8
1123110 1976.4
1123120 1976.4
1123130 1976.6
1123140 1975.2
1123150 1975.2
1123160 1975.2
1123170 1976.5
1123180 1976.5
1123190 1977.4
1123200 1977.9
1123210 1977.9
1123220 1978.6
1123230 1980.4
1123240 1982.0
1123250 1982.0
1123260 1983.0
1123270 1983.5
1123280 1983.5
1123290 1983.5
1123300 1982.8
1123310 1982.8
1123320 1983.9
1123330 1983.7
1123340 1983.7
1123350 1983.7
1123360 1984.2
1123370 1984.2
1123380 1994.1
1123390 2007.6
1123400 2007.6
1123410 2021.7
1123420 2031.8
1123430 2031.8
1123440 1992.3
1123450 1976.9
1123460 1977.8
1123470 1977.8
1123480 1981.0
1123490 1984.3
1123500 1984.3
1123510 1985.4
1123520 1985.1
1123530 1985.1
1123540 1985.0
1123550 1985.1
1123560 1985.1
1123570 1985.1
1123580 1985.1
1123590 1985.1
1123600 1985.4
1123610 1985.8
1123620 1985.8
1123630 1985.9
1123640 1986.5
1123650 1986.4
1123660 1986.4
1123670 1987.2
1123680 1986.5
1123690 1986.5
1123700 1985.8
1123710 1985.7
1123720 1985.7
1123730 1985.8
1123740 1986.9
1123750 1986.9
1123760 1989.3
1123770 1990.2
1123780 1990.2
1123790 1992.8
1123800 1993.3
1123810 1993.3
1123820 1992.9
1123830 1993.2
1123840 1994.0
1123850 1994.0
1123860 1993.9
1123870 1991.4
1123880 1991.4
1123890 1990.9
1123900 1991.4
1123910 1991.4
1123920 1991.8
1123930 1991.9
1123940 1991.9
1123950 1992.2
1123960 1992.2
1123970 1992.2
1123980 1992.0
1123990 1991.8
1124000 1991.8
1124010 1992.1
1124020 1991.5
1124030 1991.5
1124040 1991.5
1124050 1991.5
1124060 1991.4
1124070 1991.4
1124080 1991.7
1124090 1992.0
1124100 1992.0
1124110 1992.5
1124120 1994.0
1124130 1994.0
1124140 1995.6
1124150 1996.7
1124160 1996.7
1124170 1997.5
1124180 1999.1
1124190 1999.1
1124200 2001.2
1124210 2003.4
1124220 2003.4
1124230 2004.3
1124240 2005.4
1124250 2008.6
1124260 2008.6
1124270 2012.4
1124280 2016.0
1124290 2016.0
1124300 2019.8
1124310 2023.4
1124320 2023.4
1124330 2027.1
1124340 2031.1
1124350 2031.1
1124360 2034.4
1124370 2034.8
1124380 2034.8
1124390 2032.8
1124400 2028.8
1124410 2028.8
1124420 2024.9
1124430 2022.1
1124440 2022.3
1124450 2022.3
1124460 2022.3
1124470 2022.0
1124480 2022.0
1124490 2021.5
1124500 2021.0
1124510 2021.0
1124520 2021.1
1124530 2021.6
1124540 2021.6
1124550 2021.8
1124560 2021.6
1124570 2021.6
1124580 2019.8
1124590 2016.7
1124600 2016.7
1124610 2014.7
1124620 2013.8
1124630 2013.0
1124640 2013.0
1124650 2011.7
1124660 2010.5
1124670 2010.5
1124680 2008.5
1124690 2006.1
1124700 2006.1
1124710 2002.7
1124720 2002.4
1124730 2002.4
1124740 1999.6
1124750 1996.8
1124760 1996.8
1124770 1993.4
1124780 1989.3
1124790 1989.3
1124800 1985.2
1124810 1980.7
1124820 1980.7
1124830 1977.7
1124840 1975.9
1124850 1974.2
1124860 1974.2
1124870 1974.6
1124880 1975.4
1124890 1975.4
1124900 1974.8
1124910 1974.1
1124920 1974.1
1124930 1973.8
1124940 1974.2
1124950 1974.2
1124960 1974.4
1124970 1973.7
1124980 1973.7
1124990 1973.2
1125000 1974.3
1125010 1974.3
1125020 1975.7
1125030 1975.1
1125040 1974.2
1125050 1974.2
1125060 1974.8
1125070 1977.2
1125080 1977.2
1125090 1978.8
1125100 1980.1
1125110 1980.1
1125120 1978.9
1125130 1978.5
1125140 1978.5
1125150 1974.6
1125160 1969.1
1125170 1969.1
1125180 1965.9
1125190 1963.5
1125200 1963.5
1125210 1962.5
1125220 1963.5
1125230 1965.2
1125240 1965.2
1125250 1968.4
1125260 1970.5
1125270 1970.5
1125280 1974.0
1125290 1974.9
1125300 1974.9
1125310 1976.4
1125320 1980.9
1125330 1980.9
1125340 1984.5
1125350 1987.2
1125360 1987.2
1125370 1988.5
1125380 1987.0
1125390 1987.0
1125400 1989.2
1125410 1990.6
1125420 1996.3
1125430 1996.3
1125440 1996.4
1125450 1998.5
1125460 1998.5
1125470 2000.6
1125480 2000.4
1125490 2000.4
1125500 1997.6
1125510 1998.1
1125520 1998.1
1125530 2005.2
1125540 2012.3
1125550 2012.3
1125560 2011.9
1125570 2009.5
1125580 2009.5
1125590 2008.7
1125600 2011.2
1125610 2011.2
1125620 2016.9
1125630 2022.9
1125640 2025.2
1125650 2025.2
1125660 2024.2
1125670 2026.0
1125680 2026.0
1125690 2030.7
1125700 2037.5
1125710 2037.5
1125720 2043.3
1125730 2048.9
1125740 2048.9
1125750 2054.5
1125760 2059.6
1125770 2059.6
1125780 2066.5
1125790 2072.7
1125800 2072.7
1125810 2077.3
1125820 2081.5
1125830 2083.0
1125840 2083.0
1125850 2085.6
1125860 2088.3
1125870 2088.3
1125880 2091.5
1125890 2095.2
1125900 2095.2
1125910 2099.6
1125920 2104.8
1125930 2104.8
1125940 2111.6
1125950 2117.2
1125960 2117.2
1125970 2122.3
1125980 2127.7
1125990 2127.7
1126000 2133.5
1126010 2139.4
1126020 2145.5
1126030 2145.5
1126040 2149.1
1126050 2152.4
1126060 2152.4
1126070 2156.6
1126080 2162.3
1126090 2162.3
1126100 2166.5
1126110 2170.5
1126120 2170.5
1126130 2178.5
1126140 2183.8
1126150 2183.8
1126160 2188.1
1126170 2191.9
1126180 2191.9
1126190 2195.5
1126200 2199.1
1126210 2199.1
1126220 2202.8
1126230 2207.7
1126240 2213.9
1126250 2213.9
1126260 2219.7
1126270 2223.5
1126280 2223.5
1126290 2226.5
1126300 2229.3
1126310 2229.3
1126320 2231.8
1126330 2234.5
1126340 2234.5
1126350 2237.6
1126360 2241.7
1126370 2241.7
1126380 2246.5
1126390 2250.5
1126400 2250.5
1126410 2254.0
1126420 2257.5
1126430 2261.8
1126440 2261.8
1126450 2267.2
1126460 2272.6
1126470 2272.6
1126480 2280.4
1126490 2285.1
1126500 2285.1
1126510 2289.1
1126520 2293.3
1126530 2293.3
1126540 2298.1
1126550 2302.5
1126560 2302.5
1126570 2306.3
1126580 2310.7
1126590 2310.7
1126600 2315.1
1126610 2319.1
1126620 2323.1
1126630 2323.1
1126640 2327.3
1126650 2332.1
1126660 2332.1
1126670 2338.0
1126680 2343.3
1126690 2343.3
1126700 2347.8
1126710 2352.1
1126720 2352.1
1126730 2356.1
1126740 2359.4
1126750 2359.4
1126760 2362.9
1126770 2366.6
1126780 2366.6
1126790 2370.2
1126800 2374.4
1126810 2379.3
1126820 2379.3
1126830 2383.5
1126840 2388.0
1126850 2388.0
1126860 2391.2
1126870 2394.4
1126880 2394.4
1126890 2398.8
1126900 2403.3
1126910 2403.3
1126920 2406.7
1126930 2411.4
1126940 2411.4
1126950 2416.0
1126960 2421.4
1126970 2421.4
1126980 2424.4
1126990 2426.0
1127000 2426.0
1127010 2426.3
1127020 2426.7
1127030 2429.1
1127040 2429.1
1127050 2432.1
1127060 2435.2
1127070 2435.2
1127080 2438.1
1127090 2440.4
1127100 2440.4
1127110 2442.8
1127120 2446.5
1127130 2446.5
1127140 2450.3
1127150 2454.7
1127160 2454.7
1127170 2462.1
1127180 2467.3
1127190 2466.6
1127200 2469.0
1127210 2468.3
1127220 2467.2
1127230 2467.2
1127240 2466.5
1127250 2466.2
1127260 2466.2
1127270 2466.3
1127280 2466.9
1127290 2466.9
1127300 2468.5
1127310 2470.5
1127320 2470.5
1127330 2472.6
1127340 2474.5
1127350 2474.5
1127360 2475.9
1127370 2476.5
1127380 2476.5
1127390 2476.9
1127400 2477.8
1127410 2479.8
1127420 2479.8
1127430 2480.8
1127440 2481.2
1127450 2481.2
1127460 2481.9
1127470 2484.5
1127480 2484.5
1127490 2487.6
1127500 2491.2
1127510 2491.2
1127520 2494.6
1127530 2498.5
1127540 2496.4
1127550 2499.4
1127560 2502.2
1127570 2502.2
1127580 2504.8
1127590 2508.5
1127600 2514.4
1127610 2514.4
1127620 2518.4
1127630 2523.4
1127640 2523.4
1127650 2529.2
1127660 2535.0
1127670 2535.0
1127680 2541.2
1127690 2547.3
1127700 2547.3
1127710 2554.4
1127720 2561.7
1127730 2561.7
1127740 2570.0
1127750 2579.2
1127760 2579.2
1127770 2591.5
1127780 2603.0
1127790 2603.0
1127800 2612.4
1127810 2623.1
1127820 2633.1
1127830 2633.1
1127840 2633.6
1127850 2628.4
1127860 2628.4
1127870 2625.7
1127880 2624.2
1127890 2624.2
1127900 2623.5
1127910 2629.7
1127920 2629.7
1127930 2634.4
1127940 2638.4
1127950 2638.4
1127960 2642.2
1127970 2645.3
1127980 2645.3
1127990 2649.7
1128000 2654.8
1128010 2659.8
1128020 2659.8
1128030 2663.6
1128040 2669.3
1128050 2669.3
1128060 2675.6
1128070 2682.3
1128080 2682.3
1128090 2689.2
1128100 2695.0
1128110 2695.0
1128120 2698.2
1128130 2701.4
1128140 2701.4
1128150 2704.2
1128160 2705.2
1128170 2705.2
1128180 2704.0
1128190 2697.4
1128200 2687.9
1128210 2687.9
1128220 2675.8
1128230 2666.4
1128240 2666.4
1128250 2638.2
1128260 2640.0
1128270 2640.0
1128280 2642.8
1128290 2639.3
1128300 2639.3
1128310 2623.8
1128320 2608.6
1128330 2608.6
1128340 2591.8
1128350 2587.8
1128360 2587.8
1128370 2583.7
1128380 2574.1
1128390 2565.5
1128400 2565.5
1128410 2553.9
1128420 2538.7
1128430 2538.7
1128440 2529.3
1128450 2516.2
1128460 2516.2
1128470 2498.6
1128480 2488.9
1128490 2488.9
1128500 2479.7
1128510 2469.0
1128520 2469.0
1128530 2461.1
1128540 2453.3
1128550 2453.3
1128560 2445.7
1128570 2439.3
1128580 2439.3
1128590 2433.7
1128600 2428.0
1128610 2424.7
1128620 2424.7
1128630 2420.5
1128640 2417.3
1128650 2417.3
1128660 2414.6
1128670 2413.9
1128680 2413.9
1128690 2415.2
1128700 2414.2
1128710 2414.2
1128720 2409.4
1128730 2405.8
1128740 2405.8
1128750 2404.3
1128760 2404.5
1128770 2404.5
1128780 2404.9
1128790 2404.6
1128800 2404.5
1128810 2404.5
1128820 2405.0
1128830 2403.0
1128840 2403.0
1128850 2400.7
1128860 2400.1
1128870 2400.1
1128880 2400.3
1128890 2404.0
1128900 2404.0
1128910 2406.2
1128920 2407.4
1128930 2407.4
1128940 2409.7
1128950 2412.5
1128960 2412.6
1128970 2413.8
1128980 2414.9
1128990 2416.2
1129000 2416.2
1129010 2416.6
1129020 2416.0
1129030 2416.0
1129040 2415.6
1129050 2415.7
1129060 2415.7
1129070 2416.1
1129080 2418.3
1129090 2418.3
1129100 2420.5
1129110 2422.8
1129120 2422.8
1129130 2425.2
1129140 2427.9
1129150 2427.9
1129160 2431.5
1129170 2434.1
1129180 2435.0
1129190 2435.0
1129200 2435.7
1129210 2437.5
1129220 2437.5
1129230 2438.9
1129240 2440.0
1129250 2440.0
1129260 2436.9
1129270 2434.6
1129280 2434.6
1129290 2434.1
1129300 2434.8
1129310 2434.8
1129320 2438.6
1129330 2439.4
1129340 2439.4
1129350 2439.6
1129360 2439.3
1129370 2439.3
1129380 2438.4
1129390 2438.2
1129400 2440.0
1129410 2440.0
1129420 2442.5
1129430 2446.8
1129440 2446.8
1129450 2454.4
1129460 2463.8
1129470 2463.8
1129480 2465.5
1129490 2467.2
1129500 2467.2
1129510 2470.6
1129520 2473.9
1129530 2473.9
1129540 2475.9
1129550 2476.3
1129560 2476.3
1129570 2475.9
1129580 2475.5
1129590 2474.8
1129600 2474.8
1129610 2474.4
1129620 2474.2
1129630 2474.2
1129640 2472.6
1129650 2469.9
1129660 2469.9
1129670 2470.8
1129680 2468.4
1129690 2468.4
1129700 2465.4
1129710 2461.3
1129720 2461.3
1129730 2457.0
1129740 2453.5
1129750 2453.5
1129760 2450.9
1129770 2450.0
1129780 2450.3
1129790 2450.3
1129800 2452.2
1129810 2456.0
1129820 2456.0
1129830 2461.7
1129840 2468.1
1129850 2468.1
1129860 2475.1
1129870 2482.5
1129880 2482.5
1129890 2490.6
1129900 2500.2
1129910 2500.2
1129920 2514.5
1129930 2525.1
1129940 2525.1
1129950 2535.5
1129960 2547.3
1129970 2553.1
1129980 2553.1
1129990 2558.0
1130000 2564.3
1130010 2564.3
1130020 2574.4
1130030 2588.2
1130040 2588.2
1130050 2598.5
1130060 2604.8
1130070 2604.8
1130080 2608.0
1130090 2609.7
1130100 2609.7
1130110 2610.1
1130120 2610.9
1130130 2610.9
1130140 2612.0
1130150 2615.3
1130160 2615.3
1130170 2620.0
1130180 2625.1
1130190 2630.6
1130200 2630.6
1130210 2637.7
1130220 2647.2
1130230 2647.2
1130240 2658.1
1130250 2667.8
1130260 2667.8
1130270 2674.8
1130280 2678.5
1130290 2678.5
1130300 2686.4
1130310 2694.4
1130320 2694.4
1130330 2701.8
1130340 2707.4
1130350 2707.4
1130360 2712.9
1130370 2717.6
1130380 2723.6
1130390 2715.7
1130400 2724.6
1130410 2731.3
1130420 2731.3
1130430 2737.8
1130440 2743.3
1130450 2743.3
1130460 2746.7
1130470 2752.9
1130480 2752.9
1130490 2762.3
1130500 2767.9
1130510 2767.9
1130520 2771.9
1130530 2769.8
1130540 2769.8
1130550 2763.7
1130560 2756.8
1130570 2750.1
1130580 2750.1
1130590 2741.9
1130600 2733.8
1130610 2733.8
1130620 2727.1
1130630 2719.7
1130640 2719.7
1130650 2711.6
1130660 2702.4
1130670 2702.4
1130680 2693.9
1130690 2686.0
1130700 2686.0
1130710 2679.3
1130720 2672.9
1130730 2672.9
1130740 2670.5
1130750 2665.0
1130760 2660.8
1130770 2660.8
1130780 2657.6
1130790 2653.3
1130800 2653.3
1130810 2648.3
1130820 2643.7
1130830 2643.7
1130840 2639.9
1130850 2636.5
1130860 2636.5
1130870 2633.1
1130880 2630.1
1130890 2630.1
1130900 2627.5
1130910 2624.9
1130920 2624.9
1130930 2622.3
1130940 2618.7
1130950 2618.7
1130960 2616.2
1130970 2615.3
1130980 2614.8
1130990 2614.8
1131000 2614.8
1131010 2614.0
1131020 2614.0
1131030 2614.5
1131040 2615.1
1131050 2615.1
1131060 2614.3
1131070 2610.0
1131080 2610.0
1131090 2604.8
1131100 2603.2
1131110 2603.2
1131120 2599.0
1131130 2594.3
1131140 2594.3
1131150 2588.8
1131160 2584.2
1131170 2579.4
1131180 2579.4
1131190 2573.3
1131200 2565.9
1131210 2565.9
1131220 2558.9
1131230 2552.4
1131240 2552.4
1131250 2545.9
1131260 2539.4
1131270 2539.4
1131280 2532.7
1131290 2526.1
1131300 2526.1
1131310 2520.0
1131320 2514.2
1131330 2514.2
1131340 2508.6
1131350 2504.0
1131360 2502.0
1131370 2502.0
1131380 2500.7
1131390 2496.8
1131400 2496.8
1131410 2491.1
1131420 2484.8
1131430 2484.8
1131440 2479.0
1131450 2470.6
1131460 2471.1
1131470 2461.6
1131480 2446.9
1131490 2446.9
1131500 2435.3
1131510 2427.4
1131520 2427.4
1131530 2419.4
1131540 2411.4
1131550 2403.9
1131560 2403.9
1131570 2396.7
1131580 2390.0
1131590 2390.0
1131600 2382.9
1131610 2376.2
1131620 2376.2
1131630 2369.3
1131640 2362.9
1131650 2362.9
1131660 2356.7
1131670 2347.8
1131680 2347.8
1131690 2337.3
1131700 2320.7
1131710 2320.7
1131720 2299.7
1131730 2287.3
1131740 2287.3
1131750 2278.4
1131760 2269.4
1131770 2258.2
1131780 2258.2
1131790 2248.4
1131800 2240.4
1131810 2240.4
1131820 2230.7
1131830 2220.4
1131840 2220.4
1131850 2211.1
1131860 2201.4
1131870 2201.4
1131880 2192.2
1131890 2180.8
1131900 2180.8
1131910 2170.3
1131920 2159.8
1131930 2159.8
1131940 2149.6
1131950 2140.4
1131960 2129.6
1131970 2129.6
1131980 2119.4
1131990 2110.0
1132000 2110.0
1132010 2102.9
1132020 2095.7
1132030 2095.7
1132040 2088.2
1132050 2080.5
1132060 2080.5
1132070 2072.1
1132080 2062.7
1132090 2062.7
1132100 2054.1
1132110 2046.8
1132120 2046.8
1132130 2039.7
1132140 2033.3
1132150 2027.0
1132160 2027.0
1132170 2019.9
1132180 2008.1
1132190 2008.1
1132200 2002.3
1132210 1995.6
1132220 1995.6
1132230 1988.5
1132240 1981.9
1132250 1981.9
1132260 1976.0
1132270 1970.4
1132280 1970.4
1132290 1964.9
1132300 1959.6
1132310 1959.6
1132320 1954.4
1132330 1949.6
1132340 1944.6
1132350 1944.6
1132360 1939.7
1132370 1934.8
1132380 1934.8
1132390 1930.2
1132400 1925.7
1132410 1925.7
1132420 1921.3
1132430 1917.1
1132440 1917.1
1132450 1913.0
1132460 1908.8
1132470 1908.8
1132480 1904.7
1132490 1900.7
1132500 1900.7
1132510 1896.5
1132520 1892.9
1132530 1892.9
1132540 1888.8
1132550 1884.3
1132560 1878.9
1132570 1878.9
1132580 1871.9
1132590 1865.0
1132600 1865.0
1132610 1859.3
1132620 1855.8
1132630 1855.8
1132640 1855.3
1132650 1858.5
1132660 1858.5
1132670 1862.1
1132680 1863.8
1132690 1863.8
1132700 1866.2
1132710 1869.1
1132720 1869.1
1132730 1872.3
1132740 1875.6
1132750 1880.6
1132760 1880.6
1132770 1887.2
1132780 1895.0
1132790 1895.0
1132800 1898.3
1132810 1901.5
1132820 1901.5
1132830 1904.9
1132840 1905.9
1132850 1905.9
1132860 1907.0
1132870 1909.9
1132880 1909.9
1132890 1915.2
1132900 1918.4
1132910 1918.4
1132920 1922.5
1132930 1926.7
1132940 1929.3
1132950 1929.3
1132960 1930.5
1132970 1932.3
1132980 1932.3
1132990 1935.3
1133000 1939.1
1133010 1939.1
1133020 1944.5
1133030 1949.1
1133040 1949.1
1133050 1953.5
1133060 1958.5
1133070 1958.5
1133080 1963.6
1133090 1969.7
1133100 1969.7
1133110 1975.3
1133120 1979.7
1133130 1982.2
1133140 1982.2
1133150 1983.9
1133160 1985.4
1133170 1985.4
1133180 1988.1
1133190 1992.5
1133200 1992.5
1133210 1998.1
1133220 2004.6
1133230 2004.6
1133240 2010.6
1133250 2016.5
1133260 2016.5
1133270 2019.1
1133280 2020.0
1133290 2020.0
1133300 2022.6
1133310 2028.2
1133320 2028.2
1133330 2035.1
1133340 2041.8
1133350 2048.6
1133360 2048.6
1133370 2054.4
1133380 2059.9
1133390 2059.9
1133400 2064.4
1133410 2067.1
1133420 2067.1
1133430 2070.9
1133440 2076.2
1133450 2076.2
1133460 2083.3
1133470 2090.9
1133480 2090.9
1133490 2098.9
1133500 2106.6
1133510 2106.6
1133520 2112.9
1133530 2118.6
1133540 2125.1
1133550 2125.1
1133560 2132.0
1133570 2138.2
1133580 2138.2
1133590 2144.5
1133600 2152.3
1133610 2151.4
1133620 2159.3
1133630 2167.7
1133640 2167.7
1133650 2175.8
1133660 2183.0
1133670 2183.0
1133680 2189.4
1133690 2194.9
1133700 2194.9
1133710 2199.6
1133720 2203.8
1133730 2207.3
1133740 2207.3
1133750 2210.7
1133760 2214.2
1133770 2214.2
1133780 2218.3
1133790 2222.3
1133800 2222.3
1133810 2226.2
1133820 2230.3
1133830 2230.3
1133840 2234.7
1133850 2238.8
1133860 2238.8
1133870 2242.1
1133880 2245.9
1133890 2245.9
1133900 2249.4
1133910 2252.7
1133920 2256.0
1133930 2256.0
1133940 2259.8
1133950 2264.2
1133960 2264.2
1133970 2269.6
1133980 2274.9
1133990 2274.9
1134000 2281.1
1134010 2287.4
1134020 2287.4
1134030 2293.0
1134040 2298.5
1134050 2298.5
1134060 2303.5
1134070 2307.8
1134080 2307.8
1134090 2313.8
1134100 2320.7
1134110 2320.7
1134120 2327.4
1134130 2333.6
1134140 2339.0
1134150 2339.0
1134160 2344.2
1134170 2349.8
1134180 2349.8
1134190 2356.0
1134200 2362.6
1134210 2362.6
1134220 2368.7
1134230 2374.8
1134240 2374.8
1134250 2381.6
1134260 2388.4
1134270 2388.4
1134280 2395.2
1134290 2402.2
1134300 2402.2
1134310 2409.4
1134320 2416.6
1134330 2424.0
1134340 2423.3
1134350 2430.7
1134360 2438.6
1134370 2438.6
1134380 2447.3
1134390 2456.1
1134400 2456.1
1134410 2464.9
1134420 2473.3
1134430 2473.3
1134440 2480.4
1134450 2486.2
1134460 2486.2
1134470 2492.3
1134480 2498.9
1134490 2498.9
1134500 2504.0
1134510 2507.5
1134520 2510.1
1134530 2510.1
1134540 2511.8
1134550 2514.0
1134560 2514.0
1134570 2516.8
1134580 2520.1
1134590 2520.1
1134600 2521.2
1134610 2524.3
1134620 2524.3
1134630 2527.7
1134640 2530.6
1134650 2530.6
1134660 2532.6
1134670 2536.5
1134680 2536.5
1134690 2539.4
1134700 2541.0
1134710 2543.6
1134720 2543.6
1134730 2546.8
1134740 2549.6
1134750 2549.6
1134760 2552.3
1134770 2555.2
1134780 2555.2
1134790 2559.7
1134800 2566.3
1134810 2566.3
1134820 2573.5
1134830 2581.3
1134840 2581.3
1134850 2589.6
1134860 2597.9
1134870 2597.9
1134880 2606.3
1134890 2615.4
1134900 2615.4
1134910 2625.0
1134920 2633.7
1134930 2642.0
1134940 2642.0
1134950 2649.7
1134960 2657.5
1134970 2657.5
1134980 2665.8
1134990 2672.1
1135000 2672.1
1135010 2677.7
1135020 2683.8
1135030 2683.8
1135040 2690.0
1135050 2694.9
1135060 2695.6
1135070 2699.7
1135080 2702.0
1135090 2702.0
1135100 2703.5
1135110 2705.7
1135120 2706.1
1135130 2706.1
1135140 2705.7
1135150 2706.9
1135160 2706.9
1135170 2707.9
1135180 2709.4
1135190 2709.4
1135200 2710.6
1135210 2711.0
1135220 2711.0
1135230 2709.4
1135240 2706.8
1135250 2706.8
1135260 2705.9
1135270 2706.4
1135280 2706.4
1135290 2705.1
1135300 2703.6
1135310 2702.9
1135320 2702.9
1135330 2701.5
1135340 2700.3
1135350 2700.3
1135360 2698.7
1135370 2695.0
1135380 2695.0
1135390 2692.0
1135400 2691.8
1135410 2691.8
1135420 2699.2
1135430 2697.6
1135440 2697.6
1135450 2697.0
1135460 2702.7
1135470 2702.7
1135480 2708.6
1135490 2710.1
1135500 2709.2
1135510 2709.2
1135520 2707.3
1135530 2705.1
1135540 2705.1
1135550 2704.0
1135560 2703.0
1135570 2703.0
1135580 2701.4
1135590 2700.9
1135600 2700.9
1135610 2701.2
1135620 2701.2
1135630 2701.2
1135640 2701.1
1135650 2701.3
1135660 2701.3
1135670 2700.4
1135680 2700.4
1135690 2700.4
1135700 2701.1
1135710 2702.2
1135720 2702.3
1135730 2702.3
1135740 2702.4
1135750 2703.4
1135760 2703.4
1135770 2706.8
1135780 2717.1
1135790 2717.1
1135800 2719.7
1135810 2721.4
1135820 2721.4
1135830 2722.2
1135840 2722.4
1135850 2722.4
1135860 2723.2
1135870 2724.1
1135880 2724.1
1135890 2725.2
1135900 2725.5
1135910 2726.0
1135920 2726.0
1135930 2726.6
1135940 2728.5
1135950 2728.5
1135960 2730.5
1135970 2730.1
1135980 2730.1
1135990 2730.1
1136000 2732.3
1136010 2732.3
1136020 2735.5
1136030 2738.7
1136040 2738.7
1136050 2740.3
1136060 2742.2
1136070 2742.2
1136080 2744.2
1136090 2747.8
1136100 2751.5
1136110 2751.5
1136120 2754.4
1136130 2756.5
1136140 2756.5
1136150 2765.3
1136160 2766.3
1136170 2766.3
1136180 2767.9
1136190 2769.9
1136200 2769.9
1136210 2772.9
1136220 2775.1
1136230 2775.1
1136240 2778.2
1136250 2782.9
1136260 2782.9
1136270 2787.7
1136280 2792.8
1136290 2796.9
1136300 2796.9
1136310 2801.4
1136320 2804.8
1136330 2804.8
1136340 2807.5
1136350 2812.1
1136360 2812.1
1136370 2816.5
1136380 2820.1
1136390 2820.1
1136400 2823.3
1136410 2825.1
1136420 2825.1
1136430 2827.4
1136440 2831.1
1136450 2831.1
1136460 2835.8
1136470 2840.2
1136480 2840.2
1136490 2844.7
1136500 2849.4
1136510 2861.6
1136520 2861.6
1136530 2863.9
1136540 2867.7
1136550 2867.7
1136560 2870.2
1136570 2874.2
1136580 2874.2
1136590 2879.8
1136600 2885.4
1136610 2885.4
1136620 2890.8
1136630 2897.1
1136640 2897.1
1136650 2905.6
1136660 2912.4
1136670 2912.4
1136680 2916.7
1136690 2923.0
1136700 2930.2
1136710 2930.2
1136720 2937.0
1136730 2936.1
1136740 2936.1
1136750 2923.7
1136760 2913.0
1136770 2913.0
1136780 2905.8
1136790 2899.7
1136800 2899.7
1136810 2896.7
1136820 2893.2
1136830 2893.2
1136840 2890.7
1136850 2887.8
1136860 2887.8
1136870 2892.2
1136880 2891.2
1136890 2887.0
1136900 2887.0
1136910 2879.1
1136920 2869.7
1136930 2869.7
1136940 2862.2
1136950 2853.4
1136960 2853.4
1136970 2840.3
1136980 2827.8
1136990 2827.8
1137000 2814.6
1137010 2805.9
1137020 2805.9
1137030 2795.0
1137040 2780.5
1137050 2780.5
1137060 2771.7
1137070 2760.9
1137080 2746.4
1137090 2746.4
1137100 2730.7
1137110 2705.0
1137120 2705.0
1137130 2695.7
1137140 2692.1
1137150 2692.1
1137160 2681.1
1137170 2666.8
1137180 2666.8
1137190 2657.9
1137200 2651.4
1137210 2651.4
1137220 2645.0
1137230 2637.2
1137240 2641.8
1137250 2632.4
1137260 2621.9
1137270 2621.9
1137280 2610.4
1137290 2595.1
1137300 2583.8
1137310 2583.8
1137320 2578.2
1137330 2571.9
1137340 2571.9
1137350 2565.0
1137360 2557.9
1137370 2557.9
1137380 2551.6
1137390 2545.9
1137400 2545.9
1137410 2540.5
1137420 2535.2
1137430 2535.2
1137440 2530.0
1137450 2524.7
1137460 2524.7
1137470 2519.7
1137480 2514.5
1137490 2508.0
1137500 2508.0
1137510 2500.7
1137520 2495.4
1137530 2495.4
1137540 2491.4
1137550 2487.8
1137560 2487.8
1137570 2484.2
1137580 2480.3
1137590 2480.3
1137600 2479.1
1137610 2475.0
1137620 2475.0
1137630 2470.4
1137640 2465.0
1137650 2465.0
1137660 2460.5
1137670 2457.0
1137680 2453.5
1137690 2453.5
1137700 2449.4
1137710 2447.2
1137720 2447.2
1137730 2445.4
1137740 2442.9
1137750 2442.9
1137760 2440.8
1137770 2438.2
1137780 2438.2
1137790 2435.2
1137800 2433.3
1137810 2433.3
1137820 2432.4
1137830 2430.8
1137840 2430.8
1137850 2428.6
1137860 2427.0
1137870 2425.6
1137880 2425.6
1137890 2424.7
1137900 2423.2
1137910 2423.2
1137920 2423.1
1137930 2424.0
1137940 2424.0
1137950 2426.5
1137960 2431.0
1137970 2431.0
1137980 2434.3
1137990 2436.9
1138000 2436.9
1138010 2438.3
1138020 2440.3
1138030 2440.3
1138040 2443.0
1138050 2445.9
1138060 2445.9
1138070 2448.7
1138080 2451.6
1138090 2453.9
1138100 2453.9
1138110 2456.9
1138120 2459.8
1138130 2459.8
1138140 2463.7
1138150 2467.9
1138160 2467.9
1138170 2471.4
1138180 2474.7
1138190 2474.7
1138200 2478.7
1138210 2482.4
1138220 2482.4
1138230 2486.4
1138240 2490.5
1138250 2490.5
1138260 2494.2
1138270 2498.0
1138280 2500.1
1138290 2500.1
1138300 2502.0
1138310 2507.2
1138320 2507.2
1138330 2509.8
1138340 2513.3
1138350 2513.3
1138360 2516.0
1138370 2519.0
1138380 2519.0
1138390 2522.6
1138400 2523.6
1138410 2523.6
1138420 2523.1
1138430 2522.4
1138440 2522.4
1138450 2521.8
1138460 2520.8
1138470 2518.1
1138480 2518.1
1138490 2514.5
1138500 2513.3
1138510 2513.3
1138520 2513.4
1138530 2519.7
1138540 2519.7
1138550 2527.7
1138560 2532.3
1138570 2532.3
1138580 2533.4
1138590 2534.3
1138600 2534.3
1138610 2537.0
1138620 2537.6
1138630 2537.6
1138640 2539.5
1138650 2541.3
1138660 2543.2
1138670 2543.2
1138680 2545.5
1138690 2548.5
1138700 2549.6
1138710 2555.1
1138720 2563.4
1138730 2563.4
1138740 2571.9
1138750 2577.0
1138760 2577.0
1138770 2580.1
1138780 2582.3
1138790 2582.3
1138800 2583.1
1138810 2583.5
1138820 2583.5
1138830 2583.9
1138840 2583.2
1138850 2583.2
1138860 2584.5
1138870 2586.7
1138880 2591.4
1138890 2591.4
1138900 2594.3
1138910 2598.2
1138920 2598.2
1138930 2603.4
1138940 2609.1
1138950 2609.1
1138960 2616.2
1138970 2624.3
1138980 2624.3
1138990 2631.2
1139000 2637.7
1139010 2637.7
1139020 2643.2
1139030 2648.0
1139040 2648.0
1139050 2652.5
1139060 2656.1
1139070 2659.5
1139080 2659.5
1139090 2662.3
1139100 2664.5
1139110 2664.5
1139120 2666.1
1139130 2668.5
1139140 2668.5
1139150 2670.9
1139160 2671.0
1139170 2671.0
1139180 2671.5
1139190 2672.7
1139200 2672.7
1139210 2675.9
1139220 2682.4
1139230 2682.4
1139240 2690.0
1139250 2697.9
1139260 2705.4
1139270 2705.4
1139280 2712.5
1139290 2720.3
1139300 2720.3
1139310 2728.7
1139320 2737.0
1139330 2737.0
1139340 2744.4
1139350 2749.1
1139360 2749.1
1139370 2750.9
1139380 2751.7
1139390 2751.7
1139400 2751.5
1139410 2750.2
1139420 2750.2
1139430 2749.3
1139440 2749.7
1139450 2751.9
1139460 2751.9
1139470 2755.9
1139480 2762.8
1139490 2762.8
1139500 2773.7
1139510 2786.9
1139520 2786.9
1139530 2796.5
1139540 2807.9
1139550 2807.9
1139560 2830.0
1139570 2852.3
1139580 2852.3
1139590 2862.7
1139600 2855.2
1139610 2855.2
1139620 2844.0
1139630 2829.1
1139640 2829.1
1139650 2818.9
1139660 2812.4
1139670 2805.9
1139680 2805.9
1139690 2797.2
1139700 2785.0
1139710 2785.0
1139720 2777.5
1139730 2767.4
1139740 2767.4
1139750 2754.9
1139760 2740.9
1139770 2740.9
1139780 2724.6
1139790 2708.8
1139800 2708.8
1139810 2700.9
1139820 2694.6
1139830 2694.6
1139840 2688.8
1139850 2683.0
1139860 2677.5
1139870 2677.5
1139880 2672.4
1139890 2667.2
1139900 2667.2
1139910 2662.5
1139920 2658.1
1139930 2658.1
1139940 2654.2
1139950 2649.9
1139960 2649.9
1139970 2645.2
1139980 2640.4
1139990 2640.4
