1120000 1872.5
1120010 1875.4
1120020 1877.0
1120030 1877.0
1120040 1878.5
1120050 1882.5
1120060 1882.5
1120070 1887.5
1120080 1895.0
1120090 1895.0
1120100 1900.8
1120110 1904.9
1120120 1904.9
1120130 1908.3
1120140 1910.3
1120150 1910.3
1120160 1900.8
1120170 1897.3
1120180 1892.4
1120190 1892.4
1120200 1887.2
1120210 1880.6
1120220 1880.6
1120230 1876.5
1120240 1876.2
1120250 1876.2
1120260 1877.2
1120270 1878.3
1120280 1878.3
1120290 1878.1
1120300 1878.3
1120310 1878.3
1120320 1881.9
1120330 1887.5
1120340 1887.5
1120350 1893.6
1120360 1901.5
1120370 1907.9
1120380 1907.9
1120390 1909.1
1120400 1909.7
1120410 1909.7
1120420 1910.3
1120430 1910.4
1120440 1910.4
1120450 1911.4
1120460 1912.9
1120470 1912.9
1120480 1913.7
1120490 1914.5
1120500 1909.6
1120510 1910.4
1120520 1912.0
1120530 1912.0
1120540 1913.9
1120550 1915.1
1120560 1915.6
1120570 1915.6
1120580 1916.4
1120590 1916.7
1120600 1916.7
1120610 1917.6
1120620 1919.2
1120630 1919.2
1120640 1919.3
1120650 1918.9
1120660 1918.9
1120670 1919.2
1120680 1920.1
1120690 1920.1
1120700 1920.1
1120710 1919.3
1120720 1919.3
1120730 1917.5
1120740 1913.1
1120750 1913.1
1120760 1910.5
1120770 1906.9
1120780 1905.7
1120790 1905.7
1120800 1903.3
1120810 1901.8
1120820 1901.8
1120830 1904.1
1120840 1903.2
1120850 1895.5
1120860 1896.3
1120870 1897.3
1120880 1897.3
1120890 1900.6
1120900 1906.1
1120910 1906.1
1120920 1908.4
1120930 1909.0
1120940 1909.0
1120950 1910.7
1120960 1911.3
1120970 1909.8
1120980 1909.8
1120990 1904.7
1121000 1901.4
1121010 1901.4
1121020 1905.8
1121030 1909.4
1121040 1909.4
1121050 1911.0
1121060 1913.9
1121070 1913.9
1121080 1915.5
1121090 1915.9
1121100 1915.9
1121110 1915.2
1121120 1914.2
1121130 1914.2
1121140 1912.4
1121150 1910.7
1121160 1909.4
1121170 1909.4
1121180 1908.1
1121190 1907.4
1121200 1913.1
1121210 1912.8
1121220 1911.5
1121230 1911.5
1121240 1910.6
1121250 1909.3
1121260 1909.3
1121270 1909.5
1121280 1911.8
1121290 1911.8
1121300 1913.9
1121310 1914.5
1121320 1914.5
1121330 1916.3
1121340 1918.2
1121350 1918.2
1121360 1920.8
1121370 1926.2
1121380 1929.4
1121390 1929.4
1121400 1931.6
1121410 1934.2
1121420 1934.2
1121430 1936.0
1121440 1937.4
1121450 1937.4
1121460 1936.8
1121470 1936.8
1121480 1936.8
1121490 1937.5
1121500 1940.9
1121510 1940.9
1121520 1944.1
1121530 1947.9
1121540 1947.9
1121550 1950.0
1121560 1951.9
1121570 1955.9
1121580 1955.9
1121590 1959.8
1121600 1962.7
1121610 1962.7
1121620 1965.2
1121630 1967.1
1121640 1967.1
1121650 1970.3
1121660 1973.8
1121670 1973.8
1121680 1976.8
1121690 1980.7
1121700 1980.7
1121710 1984.6
1121720 1986.3
1121730 1986.3
1121740 1985.7
1121750 1983.3
1121760 1983.2
1121770 1983.2
1121780 1985.2
1121790 1984.9
1121800 1984.9
1121810 1982.7
1121820 1981.8
1121830 1981.8
1121840 1982.8
1121850 1983.5
1121860 1983.5
1121870 1982.8
1121880 1981.4
1121890 1981.4
1121900 1978.9
1121910 1977.3
1121920 1977.3
1121930 1975.8
1121940 1973.5
1121950 1972.8
1121960 1972.8
1121970 1972.8
1121980 1972.5
1121990 1972.5
1122000 1972.2
1122010 1971.5
1122020 1971.5
1122030 1970.6
1122040 1969.5
1122050 1969.5
1122060 1968.7
1122070 1968.9
1122080 1968.9
1122090 1969.9
1122100 1970.3
1122110 1970.3
1122120 1969.0
1122130 1967.5
1122140 1967.5
1122150 1968.6
1122160 1970.1
1122170 1970.0
1122180 1970.0
1122190 1969.6
1122200 1969.2
1122210 1969.2
1122220 1969.3
1122230 1970.3
1122240 1970.3
1122250 1969.7
1122260 1969.5
1122270 1969.5
1122280 1968.7
1122290 1970.1
1122300 1970.1
1122310 1970.4
1122320 1970.7
1122330 1970.7
1122340 1971.0
1122350 1971.3
1122360 1971.7
1122370 1971.7
1122380 1971.6
1122390 1972.2
1122400 1972.2
1122410 1973.1
1122420 1973.1
1122430 1973.1
1122440 1973.4
1122450 1973.8
1122460 1973.8
1122470 1974.0
1122480 1974.1
1122490 1974.1
1122500 1974.0
1122510 1974.0
1122520 1974.0
1122530 1973.9
1122540 1974.0
1122550 1974.2
1122560 1974.2
1122570 1974.8
1122580 1975.4
1122590 1975.4
1122600 1976.1
1122610 1975.9
1122620 1975.9
1122630 1976.2
1122640 1976.5
1122650 1976.5
1122660 1976.6
1122670 1976.8
1122680 1976.8
1122690 1977.3
1122700 1977.9
1122710 1977.9
1122720 1978.7
1122730 1979.2
1122740 1979.2
1122750 1979.3
1122760 1979.5
1122770 1979.7
1122780 1979.7
1122790 1980.2
1122800 1981.9
1122810 1981.9
1122820 1983.0
1122830 1983.0
1122840 1983.0
1122850 1983.7
1122860 1985.1
1122870 1985.1
1122880 1985.9
1122890 1986.0
1122900 1986.0
1122910 1985.7
1122920 1985.8
1122930 1985.8
1122940 1986.2
1122950 1986.4
1122960 1987.8
1122970 1987.8
1122980 1990.1
1122990 1992.2
1123000 1992.2
1123010 1994.5
1123020 1997.4
1123030 1997.4
1123040 2001.3
1123050 2004.6
1123060 2004.6
1123070 2007.9
1123080 2011.7
1123090 2011.7
1123100 2015.3
1123110 2018.5
1123120 2018.5
1123130 2021.8
1123140 2024.9
1123150 2026.3
1123160 2026.3
1123170 2028.0
1123180 2029.8
1123190 2029.8
1123200 2030.8
1123210 2031.0
1123220 2031.0
1123230 2030.9
1123240 2031.3
1123250 2031.3
1123260 2033.8
1123270 2036.4
1123280 2036.4
1123290 2037.0
1123300 2038.5
1123310 2038.5
1123320 2040.1
1123330 2041.4
1123340 2041.5
1123350 2041.5
1123360 2042.5
1123370 2044.6
1123380 2044.6
1123390 2046.8
1123400 2047.4
1123410 2047.4
1123420 2047.6
1123430 2048.4
1123440 2048.4
1123450 2049.0
1123460 2048.6
1123470 2048.6
1123480 2048.2
1123490 2047.8
1123500 2047.8
1123510 2047.5
1123520 2048.5
1123530 2048.5
1123540 2049.2
1123550 2049.8
1123560 2050.5
1123570 2050.5
1123580 2050.9
1123590 2050.7
1123600 2050.7
1123610 2049.9
1123620 2049.8
1123630 2049.8
1123640 2049.7
1123650 2047.4
1123660 2047.4
1123670 2046.4
1123680 2045.5
1123690 2045.5
1123700 2044.4
1123710 2043.1
1123720 2043.1
1123730 2042.2
1123740 2042.1
1123750 2042.0
1123760 2042.0
1123770 2041.1
1123780 2040.0
1123790 2040.0
1123800 2038.9
1123810 2038.1
1123820 2038.1
1123830 2037.6
1123840 2037.5
1123850 2037.5
1123860 2037.3
1123870 2037.0
1123880 2037.0
1123890 2037.0
1123900 2037.5
1123910 2037.5
1123920 2037.7
1123930 2037.8
1123940 2037.7
1123950 2037.7
1123960 2037.5
1123970 2037.1
1123980 2037.1
1123990 2036.6
1124000 2035.9
1124010 2035.9
1124020 2035.6
1124030 2035.2
1124040 2035.2
1124050 2034.9
1124060 2033.8
1124070 2033.8
1124080 2032.7
1124090 2031.8
1124100 2031.8
1124110 2031.0
1124120 2029.4
1124130 2029.4
1124140 2026.6
1124150 2025.1
1124160 2023.7
1124170 2023.7
1124180 2022.1
1124190 2020.4
1124200 2020.4
1124210 2018.4
1124220 2014.5
1124230 2014.5
1124240 2010.5
1124250 2007.6
1124260 2007.6
1124270 2005.5
1124280 2004.4
1124290 2004.4
1124300 2003.6
1124310 2002.7
1124320 2002.7
1124330 2002.2
1124340 2001.7
1124350 1995.1
1124360 1995.1
1124370 1994.5
1124380 1994.0
1124390 1994.0
1124400 1993.7
1124410 1992.9
1124420 1992.9
1124430 1992.4
1124440 1991.3
1124450 1991.3
1124460 1989.9
1124470 1988.2
1124480 1988.2
1124490 1986.7
1124500 1985.7
1124510 1985.7
1124520 1984.8
1124530 1983.3
1124540 1981.5
1124550 1981.5
1124560 1979.4
1124570 1977.4
1124580 1977.4
1124590 1976.1
1124600 1975.1
1124610 1975.1
1124620 1973.2
1124630 1971.5
1124640 1971.5
1124650 1970.2
1124660 1969.2
1124670 1969.2
1124680 1969.4
1124690 1968.3
1124700 1970.5
1124710 1969.5
1124720 1967.9
1124730 1965.8
1124740 1965.8
1124750 1964.0
1124760 1963.2
1124770 1963.2
1124780 1961.4
1124790 1959.3
1124800 1959.3
1124810 1957.9
1124820 1956.2
1124830 1956.2
1124840 1954.0
1124850 1951.0
1124860 1951.0
1124870 1948.4
1124880 1946.4
1124890 1946.4
1124900 1944.2
1124910 1942.5
1124920 1942.5
1124930 1941.2
1124940 1939.6
1124950 1937.4
1124960 1937.4
1124970 1935.1
1124980 1933.0
1124990 1933.0
1125000 1930.5
1125010 1927.6
1125020 1927.6
1125030 1924.5
1125040 1921.8
1125050 1920.9
1125060 1919.8
1125070 1918.6
1125080 1918.6
1125090 1918.1
1125100 1917.2
1125110 1917.2
1125120 1915.3
1125130 1913.0
1125140 1911.5
1125150 1911.5
1125160 1910.4
1125170 1909.8
1125180 1909.8
1125190 1908.6
1125200 1907.1
1125210 1907.1
1125220 1905.3
1125230 1904.9
1125240 1904.9
1125250 1904.6
1125260 1903.8
1125270 1903.8
1125280 1903.0
1125290 1902.2
1125300 1902.2
1125310 1900.0
1125320 1899.0
1125330 1898.3
1125340 1898.3
1125350 1895.6
1125360 1894.1
1125370 1894.1
1125380 1892.3
1125390 1889.9
1125400 1891.2
1125410 1892.9
1125420 1896.5
1125430 1896.5
1125440 1902.1
1125450 1906.1
1125460 1906.1
1125470 1907.0
1125480 1909.5
1125490 1909.5
1125500 1911.3
1125510 1910.4
1125520 1910.4
1125530 1909.9
1125540 1910.0
1125550 1909.8
1125560 1909.8
1125570 1910.3
1125580 1913.2
1125590 1913.2
1125600 1916.6
1125610 1920.2
1125620 1920.2
1125630 1920.8
1125640 1924.9
1125650 1924.9
1125660 1930.4
1125670 1933.2
1125680 1933.2
1125690 1935.3
1125700 1938.1
1125710 1938.1
1125720 1942.5
1125730 1949.2
1125740 1953.6
1125750 1960.8
1125760 1964.8
1125770 1968.0
1125780 1968.0
1125790 1970.8
1125800 1973.3
1125810 1973.3
1125820 1975.6
1125830 1974.4
1125840 1974.4
1125850 1972.8
1125860 1973.5
1125870 1973.5
1125880 1970.2
1125890 1969.8
1125900 1969.8
1125910 1971.8
1125920 1975.7
1125930 1982.4
1125940 1982.4
1125950 1983.0
1125960 1987.1
1125970 1987.1
1125980 1990.1
1125990 1992.6
1126000 1992.6
1126010 1996.6
1126020 2000.6
1126030 2000.6
1126040 2004.9
1126050 2008.1
1126060 2008.1
1126070 2010.8
1126080 2015.8
1126090 2015.8
1126100 2019.6
1126110 2033.4
1126120 2033.3
1126130 2033.3
1126140 2030.5
1126150 2029.5
1126160 2029.5
1126170 2031.1
1126180 2034.0
1126190 2034.0
1126200 2038.1
1126210 2043.1
1126220 2043.1
1126230 2045.6
1126240 2044.9
1126250 2044.9
1126260 2049.5
1126270 2055.9
1126280 2055.9
1126290 2061.4
1126300 2062.8
1126310 2062.8
1126320 2065.6
1126330 2068.0
1126340 2071.4
1126350 2071.4
1126360 2075.2
1126370 2079.9
1126380 2079.9
1126390 2084.0
1126400 2089.2
1126410 2089.2
1126420 2094.6
1126430 2099.0
1126440 2099.0
1126450 2103.9
1126460 2115.7
1126470 2115.7
1126480 2118.8
1126490 2121.5
1126500 2121.5
1126510 2123.8
1126520 2132.7
1126530 2138.3
1126540 2138.3
1126550 2141.5
1126560 2144.1
1126570 2144.1
1126580 2147.4
1126590 2152.5
1126600 2152.5
1126610 2158.3
1126620 2163.9
1126630 2163.9
1126640 2169.7
1126650 2174.1
1126660 2174.1
1126670 2179.3
1126680 2185.2
1126690 2185.2
1126700 2191.1
1126710 2194.2
1126720 2197.9
1126730 2197.9
1126740 2203.1
1126750 2208.1
1126760 2208.1
1126770 2212.8
1126780 2217.8
1126790 2217.8
1126800 2224.0
1126810 2237.3
1126820 2237.3
1126830 2241.3
1126840 2245.1
1126850 2245.1
1126860 2250.5
1126870 2254.0
1126880 2254.0
1126890 2257.6
1126900 2260.6
1126910 2262.8
1126920 2262.8
1126930 2266.9
1126940 2271.1
1126950 2271.1
1126960 2272.5
1126970 2272.9
1126980 2272.9
1126990 2276.6
1127000 2280.2
1127010 2280.2
1127020 2281.8
1127030 2282.9
1127040 2282.9
1127050 2284.6
1127060 2288.1
1127070 2288.1
1127080 2288.0
1127090 2287.2
1127100 2287.2
1127110 2288.1
1127120 2287.6
1127130 2287.8
1127140 2287.8
1127150 2288.6
1127160 2290.4
1127170 2293.3
1127180 2295.4
1127190 2298.0
1127200 2298.0
1127210 2301.7
1127220 2304.6
1127230 2304.6
1127240 2306.3
1127250 2308.0
1127260 2308.0
1127270 2310.4
1127280 2312.5
1127290 2312.5
1127300 2314.0
1127310 2315.9
1127320 2317.2
1127330 2317.2
1127340 2319.4
1127350 2320.4
1127360 2320.4
1127370 2321.6
1127380 2321.7
1127390 2321.7
1127400 2321.8
1127410 2322.8
1127420 2322.8
1127430 2323.9
1127440 2325.9
1127450 2325.9
1127460 2328.4
1127470 2331.0
1127480 2331.0
1127490 2334.9
1127500 2338.5
1127510 2341.3
1127520 2344.7
1127530 2347.5
1127540 2350.4
1127550 2350.4
1127560 2355.7
1127570 2359.9
1127580 2359.9
1127590 2362.5
1127600 2365.0
1127610 2365.0
1127620 2367.8
1127630 2369.8
1127640 2369.8
1127650 2370.4
1127660 2369.7
1127670 2369.7
1127680 2369.7
1127690 2372.3
1127700 2372.3
1127710 2374.6
1127720 2377.0
1127730 2379.8
1127740 2379.8
1127750 2381.9
1127760 2384.1
1127770 2384.1
1127780 2385.8
1127790 2387.8
1127800 2387.8
1127810 2391.4
1127820 2394.2
1127830 2394.2
1127840 2393.6
1127850 2391.9
1127860 2391.9
1127870 2392.3
1127880 2397.0
1127890 2397.0
1127900 2399.0
1127910 2400.7
1127920 2402.7
1127930 2402.7
1127940 2403.6
1127950 2404.4
1127960 2404.4
1127970 2406.4
1127980 2409.2
1127990 2409.2
1128000 2411.9
1128010 2413.9
1128020 2413.9
1128030 2414.5
1128040 2414.3
1128050 2414.3
1128060 2413.7
1128070 2412.7
1128080 2412.7
1128090 2412.4
1128100 2413.2
1128110 2416.4
1128120 2416.4
1128130 2417.5
1128140 2417.8
1128150 2417.8
1128160 2419.4
1128170 2419.4
1128180 2419.4
1128190 2419.2
1128200 2418.8
1128210 2418.8
1128220 2420.6
1128230 2428.7
1128240 2428.7
1128250 2430.5
1128260 2430.9
1128270 2430.9
1128280 2429.3
1128290 2426.8
1128300 2422.7
1128310 2422.7
1128320 2417.9
1128330 2413.2
1128340 2413.2
1128350 2409.9
1128360 2409.6
1128370 2409.6
1128380 2410.5
1128390 2410.5
1128400 2410.5
1128410 2408.4
1128420 2407.0
1128430 2407.0
1128440 2407.3
1128450 2406.7
1128460 2406.7
1128470 2406.4
1128480 2406.6
1128490 2406.6
1128500 2406.9
1128510 2407.0
1128520 2406.6
1128530 2406.6
1128540 2405.8
1128550 2403.6
1128560 2403.6
1128570 2399.7
1128580 2394.9
1128590 2394.9
1128600 2391.4
1128610 2389.0
1128620 2389.0
1128630 2386.2
1128640 2382.4
1128650 2382.4
1128660 2377.8
1128670 2374.1
1128680 2374.1
1128690 2373.0
1128700 2373.2
1128710 2372.6
1128720 2372.6
1128730 2370.9
1128740 2368.7
1128750 2368.7
1128760 2367.0
1128770 2366.7
1128780 2366.7
1128790 2365.5
1128800 2365.1
1128810 2365.1
1128820 2364.0
1128830 2362.9
1128840 2362.9
1128850 2361.2
1128860 2359.7
1128870 2359.7
1128880 2358.1
1128890 2356.8
1128900 2355.8
1128910 2355.8
1128920 2354.9
1128930 2354.1
1128940 2354.7
1128950 2354.0
1128960 2354.1
1128970 2354.1
1128980 2354.5
1128990 2355.9
1129000 2355.9
1129010 2358.9
1129020 2360.2
1129030 2360.2
1129040 2360.7
1129050 2362.0
1129060 2362.0
1129070 2364.5
1129080 2366.4
1129090 2367.8
1129100 2367.8
1129110 2369.7
1129120 2372.8
1129130 2372.8
1129140 2375.9
1129150 2378.5
1129160 2378.5
1129170 2379.9
1129180 2382.4
1129190 2382.4
1129200 2386.1
1129210 2390.4
1129220 2390.4
1129230 2394.4
1129240 2399.3
1129250 2399.3
1129260 2404.9
1129270 2409.8
1129280 2409.8
1129290 2414.0
1129300 2416.0
1129310 2419.6
1129320 2419.6
1129330 2422.4
1129340 2424.4
1129350 2424.4
1129360 2425.7
1129370 2427.1
1129380 2427.1
1129390 2429.5
1129400 2432.0
1129410 2432.0
1129420 2434.3
1129430 2437.3
1129440 2437.3
1129450 2439.1
1129460 2440.5
1129470 2440.5
1129480 2441.7
1129490 2442.0
1129500 2443.8
1129510 2443.8
1129520 2445.2
1129530 2446.5
1129540 2446.5
1129550 2448.2
1129560 2450.5
1129570 2450.5
1129580 2452.5
1129590 2455.2
1129600 2455.2
1129610 2458.5
1129620 2462.3
1129630 2462.3
1129640 2466.1
1129650 2466.4
1129660 2466.4
1129670 2470.0
1129680 2475.1
1129690 2480.7
1129700 2480.7
1129710 2485.8
1129720 2490.6
1129730 2490.6
1129740 2495.6
1129750 2500.5
1129760 2500.5
1129770 2505.9
1129780 2511.6
1129790 2511.6
1129800 2515.6
1129810 2517.7
1129820 2517.7
1129830 2521.4
1129840 2525.7
1129850 2525.7
1129860 2531.1
1129870 2537.4
1129880 2537.4
1129890 2543.8
1129900 2550.5
1129910 2557.7
1129920 2557.7
1129930 2565.0
1129940 2576.7
1129950 2576.7
1129960 2595.3
1129970 2608.3
1129980 2608.3
1129990 2612.8
1130000 2615.8
1130010 2622.5
1130020 2625.4
1130030 2627.0
1130040 2627.0
1130050 2629.2
1130060 2632.8
1130070 2632.8
1130080 2637.1
1130090 2641.8
1130100 2646.5
1130110 2646.5
1130120 2651.5
1130130 2656.7
1130140 2656.7
1130150 2662.4
1130160 2668.5
1130170 2668.5
1130180 2675.9
1130190 2686.1
1130200 2686.1
1130210 2696.8
1130220 2703.3
1130230 2703.3
1130240 2712.0
1130250 2720.1
1130260 2720.1
1130270 2726.9
1130280 2733.2
1130290 2738.9
1130300 2738.9
1130310 2745.6
1130320 2757.0
1130330 2757.0
1130340 2767.1
1130350 2776.8
1130360 2772.9
1130370 2780.8
1130380 2772.2
1130390 2772.2
1130400 2762.1
1130410 2750.9
1130420 2750.9
1130430 2738.3
1130440 2727.3
1130450 2727.3
1130460 2718.8
1130470 2711.1
1130480 2703.8
1130490 2703.8
1130500 2696.9
1130510 2690.1
1130520 2690.1
1130530 2683.6
1130540 2677.9
1130550 2677.9
1130560 2673.1
1130570 2669.0
1130580 2669.0
1130590 2665.5
1130600 2661.5
1130610 2661.5
1130620 2657.7
1130630 2655.0
1130640 2655.0
1130650 2652.6
1130660 2650.4
1130670 2650.4
1130680 2649.6
1130690 2649.7
1130700 2649.2
1130710 2649.2
1130720 2646.2
1130730 2644.1
1130740 2644.1
1130750 2642.8
1130760 2643.5
1130770 2643.5
1130780 2644.3
1130790 2645.7
1130800 2645.7
1130810 2642.6
1130820 2636.4
1130830 2636.4
1130840 2635.2
1130850 2631.9
1130860 2631.9
1130870 2625.1
1130880 2617.7
1130890 2610.8
1130900 2610.8
1130910 2606.5
1130920 2604.5
1130930 2604.5
1130940 2603.0
1130950 2600.9
1130960 2600.9
1130970 2597.3
1130980 2591.6
1130990 2591.6
1131000 2588.6
1131010 2587.1
1131020 2587.1
1131030 2586.2
1131040 2586.5
1131050 2586.5
1131060 2585.9
1131070 2583.5
1131080 2582.2
1131090 2582.2
1131100 2584.2
1131110 2587.4
1131120 2587.4
1131130 2590.1
1131140 2590.6
1131150 2590.6
1131160 2587.8
1131170 2591.3
1131180 2591.3
1131190 2599.6
1131200 2599.4
1131210 2599.4
1131220 2599.2
1131230 2598.1
1131240 2598.1
1131250 2595.7
1131260 2595.2
1131270 2592.7
1131280 2592.7
1131290 2583.4
1131300 2570.9
1131310 2570.9
1131320 2558.1
1131330 2544.9
1131340 2544.9
1131350 2534.8
1131360 2523.1
1131370 2523.1
1131380 2509.0
1131390 2499.1
1131400 2499.1
1131410 2492.5
1131420 2486.3
1131430 2486.3
1131440 2481.5
1131450 2475.2
1131460 2475.2
1131470 2468.9
1131480 2462.8
1131490 2457.1
1131500 2457.1
1131510 2450.0
1131520 2441.2
1131530 2441.2
1131540 2431.7
1131550 2422.7
1131560 2422.7
1131570 2414.5
1131580 2405.1
1131590 2405.1
1131600 2396.9
1131610 2386.7
1131620 2386.7
1131630 2379.4
1131640 2374.2
1131650 2374.2
1131660 2357.3
1131670 2338.8
1131680 2324.2
1131690 2324.2
1131700 2313.6
1131710 2301.9
1131720 2301.9
1131730 2291.1
1131740 2283.0
1131750 2283.0
1131760 2274.2
1131770 2259.5
1131780 2259.5
1131790 2243.6
1131800 2225.7
1131810 2225.7
1131820 2210.2
1131830 2199.9
1131840 2199.9
1131850 2192.0
1131860 2183.2
1131870 2175.1
1131880 2175.1
1131890 2166.9
1131900 2159.6
1131910 2159.6
1131920 2152.2
1131930 2144.7
1131940 2144.7
1131950 2136.5
1131960 2127.2
1131970 2127.2
1131980 2118.6
1131990 2110.7
1132000 2110.7
1132010 2103.2
1132020 2096.7
1132030 2096.7
1132040 2090.6
1132050 2084.8
1132060 2076.5
1132070 2076.5
1132080 2065.7
1132090 2055.0
1132100 2055.0
1132110 2046.9
1132120 2039.9
1132130 2039.9
1132140 2033.4
1132150 2026.9
1132160 2026.9
1132170 2020.7
1132180 2014.7
1132190 2014.7
1132200 2008.6
1132210 2002.1
1132220 2002.1
1132230 1995.3
1132240 1988.5
1132250 1988.5
1132260 1981.9
1132270 1975.2
1132280 1968.5
1132290 1968.5
1132300 1962.0
1132310 1955.8
1132320 1955.8
1132330 1949.8
1132340 1943.9
1132350 1943.9
1132360 1938.1
1132370 1932.2
1132380 1932.2
1132390 1926.4
1132400 1920.6
1132410 1920.6
1132420 1915.1
1132430 1909.5
1132440 1909.5
1132450 1903.9
1132460 1898.7
1132470 1893.5
1132480 1893.5
1132490 1888.5
1132500 1883.4
1132510 1883.5
1132520 1878.1
1132530 1873.0
1132540 1873.0
1132550 1866.6
1132560 1858.7
1132570 1858.7
1132580 1850.9
1132590 1845.9
1132600 1845.9
1132610 1843.2
1132620 1841.6
1132630 1841.6
1132640 1840.6
1132650 1839.9
1132660 1837.9
1132670 1837.9
1132680 1835.9
1132690 1833.5
1132700 1833.5
1132710 1833.3
1132720 1835.2
1132730 1835.2
1132740 1836.2
1132750 1841.3
1132760 1841.3
1132770 1847.4
1132780 1850.7
1132790 1850.7
1132800 1853.3
1132810 1856.2
1132820 1856.2
1132830 1859.3
1132840 1861.9
1132850 1861.9
1132860 1864.5
1132870 1868.8
1132880 1871.5
1132890 1871.5
1132900 1874.8
1132910 1878.2
1132920 1878.2
1132930 1881.0
1132940 1883.5
1132950 1883.5
1132960 1886.1
1132970 1888.7
1132980 1888.7
1132990 1891.4
1133000 1894.2
1133010 1894.2
1133020 1897.6
1133030 1902.4
1133040 1902.4
1133050 1906.3
1133060 1909.9
1133070 1914.2
1133080 1914.2
1133090 1920.0
1133100 1927.1
1133110 1927.1
1133120 1934.8
1133130 1941.2
1133140 1941.2
1133150 1947.4
1133160 1953.3
1133170 1953.3
1133180 1958.8
1133190 1963.4
1133200 1963.4
1133210 1968.4
1133220 1973.6
1133230 1974.3
1133240 1979.1
1133250 1983.6
1133260 1988.0
1133270 1988.0
1133280 1992.5
1133290 1997.7
1133300 1997.7
1133310 2004.4
1133320 2012.7
1133330 2012.7
1133340 2021.7
1133350 2030.9
1133360 2030.9
1133370 2039.1
1133380 2046.6
1133390 2046.6
1133400 2053.4
1133410 2058.8
1133420 2058.8
1133430 2064.4
1133440 2071.5
1133450 2079.8
1133460 2079.8
1133470 2087.1
1133480 2092.6
1133490 2092.6
1133500 2097.8
1133510 2103.8
1133520 2103.8
1133530 2110.0
1133540 2116.8
1133550 2116.8
1133560 2123.4
1133570 2130.0
1133580 2130.0
1133590 2137.4
1133600 2144.2
1133610 2144.2
1133620 2151.3
1133630 2158.2
1133640 2158.2
1133650 2163.4
1133660 2167.1
1133670 2170.7
1133680 2170.7
1133690 2174.2
1133700 2177.4
1133710 2177.4
1133720 2180.9
1133730 2185.8
1133740 2185.8
1133750 2191.1
1133760 2195.6
1133770 2195.6
1133780 2199.6
1133790 2204.1
1133800 2204.1
1133810 2207.8
1133820 2212.0
1133830 2212.0
1133840 2216.1
1133850 2219.7
1133860 2223.6
1133870 2223.6
1133880 2227.6
1133890 2231.4
1133900 2231.4
1133910 2235.4
1133920 2239.8
1133930 2239.8
1133940 2244.4
1133950 2250.5
1133960 2250.5
1133970 2255.8
1133980 2261.3
1133990 2261.3
1134000 2266.8
1134010 2272.3
1134020 2272.3
1134030 2278.1
1134040 2284.3
1134050 2291.0
1134060 2291.0
1134070 2298.0
1134080 2305.7
1134090 2305.7
1134100 2313.8
1134110 2321.1
1134120 2321.1
1134130 2328.5
1134140 2336.8
1134150 2336.8
1134160 2345.1
1134170 2352.8
1134180 2352.8
1134190 2360.1
1134200 2368.0
1134210 2368.0
1134220 2378.2
1134230 2387.7
1134240 2395.6
1134250 2395.6
1134260 2400.7
1134270 2404.8
1134280 2404.8
1134290 2407.8
1134300 2410.6
1134310 2412.4
1134320 2415.5
1134330 2417.6
1134340 2417.6
1134350 2419.2
1134360 2424.8
1134370 2424.8
1134380 2431.4
1134390 2437.8
1134400 2437.8
1134410 2443.1
1134420 2448.1
1134430 2448.1
1134440 2451.5
1134450 2454.6
1134460 2456.6
1134470 2456.6
1134480 2458.6
1134490 2463.6
1134500 2463.6
1134510 2471.1
1134520 2477.3
1134530 2477.3
1134540 2479.6
1134550 2480.5
1134560 2480.5
1134570 2481.4
1134580 2482.6
1134590 2482.6
1134600 2484.5
1134610 2486.1
1134620 2486.1
1134630 2488.3
1134640 2491.7
1134650 2497.2
1134660 2497.2
1134670 2506.2
1134680 2512.9
1134690 2512.9
1134700 2520.2
1134710 2529.1
1134720 2529.1
1134730 2538.0
1134740 2546.3
1134750 2546.3
1134760 2546.9
1134770 2546.2
1134780 2546.2
1134790 2547.5
1134800 2547.0
1134810 2547.0
1134820 2546.6
1134830 2544.6
1134840 2541.8
1134850 2541.8
1134860 2543.8
1134870 2545.3
1134880 2545.3
1134890 2546.2
1134900 2547.1
1134910 2547.1
1134920 2549.1
1134930 2553.2
1134940 2553.2
1134950 2552.5
1134960 2549.0
1134970 2549.0
1134980 2546.7
1134990 2545.5
1135000 2545.5
1135010 2545.6
1135020 2543.0
1135030 2540.3
1135040 2545.2
1135050 2542.2
1135060 2539.3
1135070 2539.3
1135080 2533.7
1135090 2530.0
1135100 2530.0
1135110 2528.2
1135120 2525.8
1135130 2525.8
1135140 2522.4
1135150 2519.6
1135160 2519.6
1135170 2518.6
1135180 2518.4
1135190 2518.4
1135200 2518.1
1135210 2521.8
1135220 2521.8
1135230 2522.1
1135240 2523.0
1135250 2522.0
1135260 2522.0
1135270 2522.9
1135280 2524.4
1135290 2524.4
1135300 2524.4
1135310 2527.2
1135320 2527.2
1135330 2532.1
1135340 2536.7
1135350 2536.7
1135360 2540.5
1135370 2544.5
1135380 2544.5
1135390 2548.5
1135400 2551.8
1135410 2551.8
1135420 2554.0
1135430 2558.7
1135440 2559.6
1135450 2559.6
1135460 2564.6
1135470 2571.1
1135480 2571.1
1135490 2573.9
1135500 2574.2
1135510 2574.2
1135520 2576.3
1135530 2579.9
1135540 2579.9
1135550 2582.9
1135560 2585.2
1135570 2585.2
1135580 2586.6
1135590 2587.6
1135600 2587.6
1135610 2588.9
1135620 2590.2
1135630 2591.0
1135640 2591.0
1135650 2591.4
1135660 2591.6
1135670 2591.6
1135680 2591.3
1135690 2591.0
1135700 2591.0
1135710 2591.6
1135720 2592.9
1135730 2592.9
1135740 2594.2
1135750 2595.7
1135760 2603.7
1135770 2605.3
1135780 2607.9
1135790 2607.9
1135800 2611.7
1135810 2618.1
1135820 2624.2
1135830 2624.2
1135840 2627.9
1135850 2631.5
1135860 2631.5
1135870 2637.0
1135880 2643.8
1135890 2643.8
1135900 2649.3
1135910 2654.0
1135920 2654.0
1135930 2657.9
1135940 2659.7
1135950 2659.7
1135960 2663.3
1135970 2669.7
1135980 2669.7
1135990 2676.5
1136000 2681.5
1136010 2681.5
1136020 2683.9
1136030 2685.6
1136040 2686.3
1136050 2686.3
1136060 2686.5
1136070 2685.8
1136080 2685.8
1136090 2685.3
1136100 2688.7
1136110 2688.7
1136120 2695.5
1136130 2697.3
1136140 2697.3
1136150 2697.0
1136160 2696.3
1136170 2696.3
1136180 2695.8
1136190 2695.9
1136200 2695.9
1136210 2698.2
1136220 2701.6
1136230 2705.6
1136240 2705.6
1136250 2709.8
1136260 2715.0
1136270 2715.0
1136280 2722.1
1136290 2731.7
1136300 2731.7
1136310 2742.8
1136320 2753.2
1136330 2753.2
1136340 2764.7
1136350 2773.7
1136360 2773.7
1136370 2779.0
1136380 2787.9
1136390 2787.9
1136400 2800.9
1136410 2811.8
1136420 2822.4
1136430 2822.4
1136440 2829.8
1136450 2837.0
1136460 2837.0
1136470 2844.8
1136480 2856.1
1136490 2850.9
1136500 2866.0
1136510 2886.3
1136520 2886.3
1136530 2899.7
1136540 2903.3
1136550 2903.3
1136560 2895.0
1136570 2882.9
1136580 2882.9
1136590 2870.2
1136600 2859.2
1136610 2859.2
1136620 2850.7
1136630 2841.2
1136640 2831.7
1136650 2831.7
1136660 2823.2
1136670 2815.8
1136680 2815.8
1136690 2809.8
1136700 2802.6
1136710 2802.6
1136720 2793.5
1136730 2788.4
1136740 2788.4
1136750 2786.7
1136760 2780.2
1136770 2780.2
1136780 2775.5
1136790 2773.8
1136800 2773.8
1136810 2773.4
1136820 2769.9
1136830 2765.8
1136840 2765.8
1136850 2759.0
1136860 2747.8
1136870 2747.8
1136880 2737.7
1136890 2730.3
1136900 2730.3
1136910 2724.1
1136920 2719.8
1136930 2719.8
1136940 2714.8
1136950 2708.8
1136960 2708.8
1136970 2705.6
1136980 2694.4
1136990 2694.4
1137000 2666.6
1137010 2643.5
1137020 2631.3
1137030 2631.3
1137040 2615.4
1137050 2606.8
1137060 2606.8
1137070 2601.6
1137080 2597.1
1137090 2597.1
1137100 2589.8
1137110 2581.7
1137120 2581.7
1137130 2573.4
1137140 2563.2
1137150 2563.2
1137160 2553.6
1137170 2541.9
1137180 2541.9
1137190 2534.5
1137200 2529.5
1137210 2523.8
1137220 2523.8
1137230 2515.5
1137240 2509.7
1137250 2509.7
1137260 2500.4
1137270 2485.6
1137280 2485.6
1137290 2476.8
1137300 2471.6
1137310 2471.6
1137320 2467.5
1137330 2464.1
1137340 2464.1
1137350 2461.1
1137360 2455.4
1137370 2455.4
1137380 2446.3
1137390 2438.4
1137400 2438.4
1137410 2433.5
1137420 2431.3
1137430 2431.1
1137440 2431.1
1137450 2430.6
1137460 2429.1
1137470 2429.1
1137480 2428.2
1137490 2428.7
1137500 2428.7
1137510 2426.8
1137520 2422.4
1137530 2422.4
1137540 2416.9
1137550 2414.0
1137560 2414.0
1137570 2414.6
1137580 2415.9
1137590 2415.9
1137600 2413.0
1137610 2409.8
1137620 2406.9
1137630 2406.9
1137640 2404.9
1137650 2402.8
1137660 2402.8
1137670 2400.6
1137680 2399.1
1137690 2399.1
1137700 2397.2
1137710 2394.2
1137720 2394.2
1137730 2394.2
1137740 2393.1
1137750 2393.1
1137760 2391.2
1137770 2386.3
1137780 2386.3
1137790 2387.8
1137800 2391.7
1137810 2395.0
1137820 2395.0
1137830 2397.1
1137840 2398.1
1137850 2398.1
1137860 2398.8
1137870 2395.7
1137880 2395.7
1137890 2389.9
1137900 2387.9
1137910 2387.9
1137920 2387.4
1137930 2387.0
1137940 2391.5
1137950 2392.3
1137960 2394.0
1137970 2394.0
1137980 2398.1
1137990 2402.3
1138000 2406.3
1138010 2406.3
1138020 2410.7
1138030 2412.7
1138040 2412.7
1138050 2412.8
1138060 2413.8
1138070 2413.8
1138080 2419.1
1138090 2420.0
1138100 2420.0
1138110 2426.5
1138120 2434.3
1138130 2434.3
1138140 2438.5
1138150 2441.6
1138160 2441.6
1138170 2445.3
1138180 2449.5
1138190 2449.5
1138200 2452.6
1138210 2456.1
1138220 2459.7
1138230 2459.7
1138240 2463.4
1138250 2464.8
1138260 2464.8
1138270 2460.9
1138280 2456.0
1138290 2456.0
1138300 2451.4
1138310 2451.1
1138320 2451.1
1138330 2450.8
1138340 2452.0
1138350 2452.0
1138360 2454.0
1138370 2455.3
1138380 2455.3
1138390 2453.9
1138400 2452.7
1138410 2455.7
1138420 2455.7
1138430 2461.2
1138440 2466.7
1138450 2466.7
1138460 2471.1
1138470 2472.6
1138480 2472.6
1138490 2474.7
1138500 2478.6
1138510 2478.6
1138520 2483.5
1138530 2485.4
1138540 2485.4
1138550 2483.8
1138560 2480.7
1138570 2480.7
1138580 2480.5
1138590 2483.4
1138600 2486.1
1138610 2486.1
1138620 2489.1
1138630 2492.0
1138640 2492.0
1138650 2494.3
1138660 2495.6
1138670 2498.9
1138680 2500.8
1138690 2501.6
1138700 2501.6
1138710 2502.3
1138720 2503.8
1138730 2503.8
1138740 2506.8
1138750 2511.1
1138760 2511.1
1138770 2515.9
1138780 2520.9
1138790 2526.4
1138800 2526.4
1138810 2534.1
1138820 2542.2
1138830 2542.2
1138840 2550.6
1138850 2557.6
1138860 2557.6
1138870 2562.8
1138880 2564.8
1138890 2564.8
1138900 2566.7
1138910 2571.6
1138920 2571.6
1138930 2576.9
1138940 2580.4
1138950 2580.4
1138960 2585.0
1138970 2591.8
1138980 2591.8
1138990 2598.9
1139000 2606.2
1139010 2613.5
1139020 2613.5
1139030 2621.5
1139040 2632.8
1139050 2632.8
1139060 2642.3
1139070 2650.7
1139080 2650.7
1139090 2658.4
1139100 2666.7
1139110 2666.7
1139120 2675.3
1139130 2681.2
1139140 2681.2
1139150 2689.3
1139160 2696.8
1139170 2696.8
1139180 2703.2
1139190 2706.9
1139200 2703.4
1139210 2703.4
1139220 2697.2
1139230 2692.1
1139240 2692.1
1139250 2682.3
1139260 2672.3
1139270 2672.3
1139280 2661.3
1139290 2653.5
1139300 2653.5
1139310 2646.7
1139320 2639.4
1139330 2639.4
1139340 2633.6
1139350 2630.0
1139360 2630.0
1139370 2626.7
1139380 2625.0
1139390 2624.1
1139400 2628.9
1139410 2628.0
1139420 2627.3
1139430 2627.3
1139440 2628.5
1139450 2629.8
1139460 2629.8
1139470 2629.9
1139480 2629.4
1139490 2629.4
1139500 2629.6
1139510 2632.0
1139520 2632.0
1139530 2637.0
1139540 2643.8
1139550 2643.8
1139560 2650.2
1139570 2655.5
1139580 2659.0
1139590 2659.0
1139600 2661.6
1139610 2663.3
1139620 2663.3
1139630 2664.5
1139640 2665.8
1139650 2665.8
1139660 2667.2
1139670 2669.5
1139680 2669.5
1139690 2671.0
1139700 2671.0
1139710 2671.0
1139720 2672.7
1139730 2673.6
1139740 2673.6
1139750 2672.9
1139760 2671.4
1139770 2674.0
1139780 2672.3
1139790 2671.5
1139800 2670.6
1139810 2670.6
1139820 2669.4
1139830 2670.5
1139840 2670.5
1139850 2672.5
1139860 2672.5
1139870 2672.5
1139880 2671.1
1139890 2672.0
1139900 2672.0
1139910 2673.7
1139920 2676.6
1139930 2676.6
1139940 2678.7
1139950 2680.4
1139960 2680.4
1139970 2683.3
1139980 2687.4
1139990 2693.6
