1120000 1735.8
1120010 1735.1
1120020 1735.1
1120030 1732.1
1120040 1728.4
1120050 1728.4
1120060 1724.0
1120070 1718.9
1120080 1713.4
1120090 1713.4
1120100 1706.6
1120110 1701.6
1120120 1701.6
1120130 1697.1
1120140 1695.2
1120150 1695.2
1120160 1695.8
1120170 1694.1
1120180 1694.1
1120190 1681.4
1120200 1667.7
1120210 1667.7
1120220 1651.9
1120230 1643.6
1120240 1643.6
1120250 1643.3
1120260 1644.9
1120270 1644.9
1120280 1645.3
1120290 1637.4
1120300 1631.1
1120310 1631.1
1120320 1611.4
1120330 1607.3
1120340 1607.3
1120350 1596.9
1120360 1576.9
1120370 1576.9
1120380 1557.1
1120390 1540.8
1120400 1540.8
1120410 1528.6
1120420 1521.1
1120430 1521.1
1120440 1513.7
1120450 1512.8
1120460 1512.8
1120470 1504.8
1120480 1494.8
1120490 1483.7
1120500 1483.7
1120510 1472.0
1120520 1462.8
1120530 1462.8
1120540 1454.6
1120550 1447.8
1120560 1447.8
1120570 1439.6
1120580 1433.0
1120590 1433.0
1120600 1427.3
1120610 1420.9
1120620 1420.9
1120630 1413.5
1120640 1406.1
1120650 1406.1
1120660 1394.7
1120670 1386.7
1120680 1378.2
1120690 1378.2
1120700 1370.2
1120710 1364.1
1120720 1364.1
1120730 1359.5
1120740 1356.2
1120750 1356.2
1120760 1354.4
1120770 1353.6
1120780 1353.6
1120790 1352.9
1120800 1351.4
1120810 1351.4
1120820 1348.7
1120830 1343.3
1120840 1343.3
1120850 1340.7
1120860 1338.0
1120870 1338.0
1120880 1336.7
1120890 1339.4
1120900 1345.9
1120910 1345.9
1120920 1354.6
1120930 1360.1
1120940 1360.1
1120950 1360.5
1120960 1360.5
1120970 1360.5
1120980 1361.6
1120990 1362.8
1121000 1362.8
1121010 1369.0
1121020 1368.7
1121030 1368.7
1121040 1368.8
1121050 1368.6
1121060 1368.6
1121070 1369.5
1121080 1373.7
1121090 1377.3
1121100 1377.3
1121110 1381.2
1121120 1383.1
1121130 1383.1
1121140 1386.2
1121150 1388.1
1121160 1388.1
1121170 1389.7
1121180 1389.4
1121190 1389.4
1121200 1390.8
1121210 1396.5
1121220 1396.5
1121230 1401.0
1121240 1405.1
1121250 1405.1
1121260 1408.8
1121270 1412.9
1121280 1412.9
1121290 1416.2
1121300 1419.3
1121310 1419.8
1121320 1419.8
1121330 1423.6
1121340 1429.8
1121350 1429.8
1121360 1441.4
1121370 1447.1
1121380 1447.1
1121390 1447.5
1121400 1448.6
1121410 1448.6
1121420 1452.1
1121430 1457.0
1121440 1457.0
1121450 1463.0
1121460 1470.3
1121470 1470.3
1121480 1478.3
1121490 1485.7
1121500 1494.4
1121510 1494.4
1121520 1502.1
1121530 1509.0
1121540 1509.0
1121550 1515.4
1121560 1520.3
1121570 1520.3
1121580 1524.8
1121590 1529.2
1121600 1529.2
1121610 1533.0
1121620 1535.5
1121630 1535.5
1121640 1536.5
1121650 1537.5
1121660 1537.5
1121670 1540.4
1121680 1544.2
1121690 1544.2
1121700 1549.7
1121710 1559.3
1121720 1565.0
1121730 1565.0
1121740 1571.6
1121750 1577.8
1121760 1577.8
1121770 1583.6
1121780 1589.2
1121790 1589.2
1121800 1595.0
1121810 1600.2
1121820 1600.2
1121830 1605.3
1121840 1610.8
1121850 1610.8
1121860 1617.2
1121870 1622.7
1121880 1622.7
1121890 1627.9
1121900 1631.9
1121910 1634.8
1121920 1634.8
1121930 1638.3
1121940 1640.7
1121950 1640.7
1121960 1642.6
1121970 1650.8
1121980 1650.8
1121990 1660.5
1122000 1670.1
1122010 1670.1
1122020 1679.9
1122030 1688.7
1122040 1688.7
1122050 1697.4
1122060 1708.2
1122070 1708.2
1122080 1716.9
1122090 1725.5
1122100 1725.5
1122110 1732.4
1122120 1735.1
1122130 1734.9
1122140 1734.9
1122150 1735.8
1122160 1740.6
1122170 1740.6
1122180 1742.6
1122190 1740.9
1122200 1740.9
1122210 1742.2
1122220 1747.3
1122230 1747.3
1122240 1750.8
1122250 1757.7
1122260 1757.7
1122270 1767.1
1122280 1776.1
1122290 1776.1
1122300 1783.0
1122310 1790.1
1122320 1797.9
1122330 1797.9
1122340 1805.9
1122350 1815.0
1122360 1815.0
1122370 1823.0
1122380 1826.8
1122390 1826.8
1122400 1829.8
1122410 1844.1
1122420 1844.1
1122430 1849.8
1122440 1853.4
1122450 1853.4
1122460 1856.7
1122470 1863.3
1122480 1863.3
1122490 1871.3
1122500 1880.4
1122510 1889.3
1122520 1889.3
1122530 1901.2
1122540 1927.6
1122550 1927.6
1122560 1947.6
1122570 1971.3
1122580 1971.3
1122590 2011.7
1122600 2024.8
1122610 2024.8
1122620 2039.8
1122630 2053.6
1122640 2053.6
1122650 2059.8
1122660 2059.3
1122670 2059.3
1122680 2058.9
1122690 2058.3
1122700 2058.3
1122710 2058.3
1122720 2058.4
1122730 2057.5
1122740 2057.5
1122750 2055.9
1122760 2057.9
1122770 2057.9
1122780 2055.8
1122790 2051.5
1122800 2051.5
1122810 2048.1
1122820 2044.7
1122830 2044.7
1122840 2042.0
1122850 2039.7
1122860 2039.7
1122870 2037.9
1122880 2036.4
1122890 2036.4
1122900 2035.1
1122910 2032.8
1122920 2026.3
1122930 2026.3
1122940 2022.5
1122950 2020.5
1122960 2020.5
1122970 2016.3
1122980 2012.1
1122990 2012.1
1123000 2008.9
1123010 2004.7
1123020 2004.7
1123030 1996.8
1123040 1989.6
1123050 1989.6
1123060 1982.2
1123070 1974.2
1123080 1974.2
1123090 1963.5
1123100 1953.6
1123110 1958.2
1123120 1947.3
1123130 1937.5
1123140 1930.0
1123150 1930.0
1123160 1925.6
1123170 1920.8
1123180 1920.8
1123190 1916.4
1123200 1906.5
1123210 1906.5
1123220 1892.3
1123230 1882.6
1123240 1882.6
1123250 1875.9
1123260 1870.7
1123270 1870.7
1123280 1865.7
1123290 1855.6
1123300 1855.6
1123310 1846.5
1123320 1839.4
1123330 1833.0
1123340 1833.0
1123350 1828.8
1123360 1824.8
1123370 1824.8
1123380 1820.1
1123390 1816.3
1123400 1816.3
1123410 1814.5
1123420 1813.6
1123430 1813.6
1123440 1811.9
1123450 1811.2
1123460 1814.3
1123470 1813.5
1123480 1812.2
1123490 1812.2
1123500 1808.9
1123510 1809.0
1123520 1809.0
1123530 1809.4
1123540 1811.0
1123550 1811.8
1123560 1811.8
1123570 1810.4
1123580 1809.3
1123590 1809.3
1123600 1809.4
1123610 1809.0
1123620 1809.0
1123630 1807.6
1123640 1806.5
1123650 1806.5
1123660 1804.3
1123670 1804.2
1123680 1804.2
1123690 1804.7
1123700 1806.4
1123710 1806.4
1123720 1807.4
1123730 1809.1
1123740 1812.0
1123750 1812.0
1123760 1816.7
1123770 1818.2
1123780 1818.2
1123790 1817.0
1123800 1820.2
1123810 1826.1
1123820 1829.3
1123830 1830.1
1123840 1830.1
1123850 1830.0
1123860 1831.4
1123870 1831.4
1123880 1834.8
1123890 1837.4
1123900 1837.4
1123910 1839.4
1123920 1840.3
1123930 1840.3
1123940 1841.5
1123950 1848.4
1123960 1852.8
1123970 1852.8
1123980 1855.0
1123990 1856.3
1124000 1856.3
1124010 1856.5
1124020 1858.6
1124030 1858.6
1124040 1862.1
1124050 1864.4
1124060 1864.4
1124070 1862.2
1124080 1867.6
1124090 1867.6
1124100 1872.9
1124110 1874.3
1124120 1874.3
1124130 1876.1
1124140 1878.7
1124150 1881.2
1124160 1886.7
1124170 1889.9
1124180 1893.2
1124190 1893.2
1124200 1897.5
1124210 1902.8
1124220 1902.8
1124230 1903.7
1124240 1905.0
1124250 1905.0
1124260 1907.6
1124270 1911.4
1124280 1911.4
1124290 1915.7
1124300 1919.4
1124310 1919.4
1124320 1923.4
1124330 1925.9
1124340 1925.9
1124350 1927.7
1124360 1929.3
1124370 1931.5
1124380 1931.5
1124390 1930.3
1124400 1929.8
1124410 1929.8
1124420 1932.4
1124430 1933.4
1124440 1933.4
1124450 1933.3
1124460 1933.8
1124470 1933.8
1124480 1935.5
1124490 1938.4
1124500 1938.4
1124510 1945.8
1124520 1948.9
1124530 1948.9
1124540 1952.2
1124550 1955.1
1124560 1956.5
1124570 1956.5
1124580 1958.8
1124590 1963.4
1124600 1963.4
1124610 1969.2
1124620 1975.8
1124630 1975.8
1124640 1983.3
1124650 1989.7
1124660 1989.7
1124670 1996.9
1124680 2004.5
1124690 2004.5
1124700 2011.5
1124710 2018.9
1124720 2018.9
1124730 2031.5
1124740 2046.4
1124750 2051.5
1124760 2051.5
1124770 2057.3
1124780 2064.2
1124790 2064.2
1124800 2068.0
1124810 2067.4
1124820 2067.4
1124830 2062.8
1124840 2061.7
1124850 2061.7
1124860 2069.9
1124870 2073.5
1124880 2073.5
1124890 2076.3
1124900 2079.6
1124910 2079.6
1124920 2084.7
1124930 2091.0
1124940 2091.0
1124950 2096.4
1124960 2103.0
1124970 2110.7
1124980 2110.7
1124990 2115.4
1125000 2119.9
1125010 2119.9
1125020 2124.8
1125030 2127.4
1125040 2127.4
1125050 2129.2
1125060 2130.3
1125070 2130.3
1125080 2129.2
1125090 2126.7
1125100 2126.7
1125110 2125.0
1125120 2125.4
1125130 2125.4
1125140 2126.2
1125150 2128.3
1125160 2131.0
1125170 2131.0
1125180 2132.0
1125190 2133.5
1125200 2133.5
1125210 2138.4
1125220 2140.0
1125230 2140.0
1125240 2143.3
1125250 2146.3
1125260 2146.3
1125270 2150.1
1125280 2153.3
1125290 2153.3
1125300 2155.3
1125310 2156.5
1125320 2156.5
1125330 2156.4
1125340 2157.1
1125350 2157.1
1125360 2156.9
1125370 2157.6
1125380 2158.7
1125390 2158.7
1125400 2161.8
1125410 2164.6
1125420 2164.6
1125430 2163.5
1125440 2163.6
1125450 2163.6
1125460 2163.3
1125470 2162.7
1125480 2162.7
1125490 2162.3
1125500 2161.6
1125510 2161.6
1125520 2161.1
1125530 2162.6
1125540 2162.6
1125550 2162.8
1125560 2169.4
1125570 2172.0
1125580 2172.0
1125590 2174.0
1125600 2176.9
1125610 2176.9
1125620 2178.3
1125630 2179.1
1125640 2179.1
1125650 2180.6
1125660 2172.1
1125670 2172.1
1125680 2159.6
1125690 2157.5
1125700 2157.5
1125710 2156.9
1125720 2158.1
1125730 2158.1
1125740 2157.8
1125750 2159.3
1125760 2159.3
1125770 2159.5
1125780 2158.3
1125790 2155.8
1125800 2155.8
1125810 2155.4
1125820 2152.2
1125830 2152.2
1125840 2147.3
1125850 2144.7
1125860 2144.7
1125870 2144.8
1125880 2146.2
1125890 2146.2
1125900 2147.3
1125910 2148.3
1125920 2154.4
1125930 2153.2
1125940 2155.0
1125950 2155.0
1125960 2158.9
1125970 2162.8
1125980 2163.1
1125990 2163.1
1126000 2162.9
1126010 2166.4
1126020 2166.4
1126030 2170.0
1126040 2172.7
1126050 2172.7
1126060 2173.1
1126070 2171.8
1126080 2171.8
1126090 2170.9
1126100 2171.3
1126110 2171.3
1126120 2169.2
1126130 2169.4
1126140 2169.4
1126150 2170.9
1126160 2169.2
1126170 2169.2
1126180 2165.7
1126190 2164.1
1126200 2163.3
1126210 2163.3
1126220 2163.0
1126230 2161.8
1126240 2161.8
1126250 2159.2
1126260 2155.9
1126270 2159.0
1126280 2155.4
1126290 2154.0
1126300 2154.0
1126310 2152.7
1126320 2150.9
1126330 2150.9
1126340 2149.2
1126350 2145.8
1126360 2145.8
1126370 2148.1
1126380 2149.6
1126390 2150.9
1126400 2150.9
1126410 2153.5
1126420 2155.5
1126430 2155.5
1126440 2156.3
1126450 2157.7
1126460 2157.7
1126470 2160.0
1126480 2161.1
1126490 2161.1
1126500 2160.4
1126510 2158.6
1126520 2158.6
1126530 2157.6
1126540 2157.0
1126550 2157.0
1126560 2157.6
1126570 2158.7
1126580 2160.0
1126590 2160.0
1126600 2161.0
1126610 2163.8
1126620 2164.4
1126630 2171.1
1126640 2177.8
1126650 2177.8
1126660 2184.1
1126670 2190.7
1126680 2190.7
1126690 2196.6
1126700 2205.7
1126710 2205.7
1126720 2228.9
1126730 2241.2
1126740 2241.2
1126750 2247.6
1126760 2252.1
1126770 2252.1
1126780 2255.6
1126790 2259.0
1126800 2261.6
1126810 2261.6
1126820 2264.6
1126830 2268.9
1126840 2268.9
1126850 2274.2
1126860 2278.7
1126870 2278.7
1126880 2281.6
1126890 2282.9
1126900 2282.9
1126910 2285.7
1126920 2287.7
1126930 2287.7
1126940 2285.5
1126950 2276.1
1126960 2276.1
1126970 2263.0
1126980 2266.1
1126990 2264.2
1127000 2264.2
1127010 2268.5
1127020 2273.8
1127030 2273.8
1127040 2274.7
1127050 2273.8
1127060 2273.8
1127070 2271.8
1127080 2270.4
1127090 2270.4
1127100 2269.5
1127110 2270.1
1127120 2270.1
1127130 2273.6
1127140 2276.3
1127150 2276.3
1127160 2280.2
1127170 2285.5
1127180 2285.5
1127190 2289.6
1127200 2294.1
1127210 2294.6
1127220 2294.6
1127230 2292.8
1127240 2294.0
1127250 2294.0
1127260 2296.2
1127270 2299.4
1127280 2299.4
1127290 2301.4
1127300 2302.3
1127310 2302.3
1127320 2302.2
1127330 2296.4
1127340 2296.4
1127350 2294.9
1127360 2294.2
1127370 2294.2
1127380 2293.9
1127390 2293.3
1127400 2293.2
1127410 2293.2
1127420 2294.1
1127430 2295.3
1127440 2295.3
1127450 2297.6
1127460 2301.6
1127470 2301.6
1127480 2309.3
1127490 2314.3
1127500 2314.3
1127510 2318.0
1127520 2322.3
1127530 2322.3
1127540 2326.0
1127550 2329.8
1127560 2329.8
1127570 2334.2
1127580 2337.6
1127590 2337.6
1127600 2338.8
1127610 2341.2
1127620 2344.8
1127630 2344.8
1127640 2349.0
1127650 2350.7
1127660 2350.7
1127670 2352.4
1127680 2356.8
1127690 2343.9
1127700 2348.1
1127710 2350.8
1127720 2350.8
1127730 2352.3
1127740 2352.5
1127750 2352.5
1127760 2353.0
1127770 2355.0
1127780 2355.0
1127790 2356.8
1127800 2357.8
1127810 2359.4
1127820 2359.4
1127830 2361.9
1127840 2363.0
1127850 2363.0
1127860 2363.0
1127870 2362.8
1127880 2362.8
1127890 2364.2
1127900 2365.1
1127910 2365.1
1127920 2365.7
1127930 2367.0
1127940 2367.0
1127950 2367.5
1127960 2367.6
1127970 2367.6
1127980 2367.2
1127990 2365.5
1128000 2362.8
1128010 2362.8
1128020 2360.7
1128030 2358.5
1128040 2353.7
1128050 2352.5
1128060 2351.3
1128070 2351.3
1128080 2349.6
1128090 2347.6
1128100 2347.6
1128110 2344.6
1128120 2340.2
1128130 2340.2
1128140 2335.5
1128150 2325.7
1128160 2325.7
1128170 2307.9
1128180 2295.5
1128190 2295.5
1128200 2282.3
1128210 2267.3
1128220 2261.8
1128230 2261.8
1128240 2253.2
1128250 2244.0
1128260 2244.0
1128270 2232.9
1128280 2221.2
1128290 2221.2
1128300 2211.0
1128310 2204.3
1128320 2204.3
1128330 2199.6
1128340 2194.9
1128350 2194.9
1128360 2194.3
1128370 2193.5
1128380 2193.5
1128390 2185.9
1128400 2170.2
1128410 2164.0
1128420 2164.0
1128430 2154.8
1128440 2142.6
1128450 2142.6
1128460 2132.0
1128470 2121.8
1128480 2121.8
1128490 2112.5
1128500 2104.3
1128510 2104.3
1128520 2097.8
1128530 2091.7
1128540 2091.7
1128550 2087.5
1128560 2081.2
1128570 2081.2
1128580 2074.1
1128590 2065.9
1128600 2065.9
1128610 2058.4
1128620 2055.8
1128630 2051.4
1128640 2051.4
1128650 2050.0
1128660 2045.7
1128670 2045.7
1128680 2039.0
1128690 2031.3
1128700 2031.3
1128710 2020.6
1128720 2012.5
1128730 2012.5
1128740 2005.7
1128750 1994.0
1128760 1994.0
1128770 1988.8
1128780 1984.1
1128790 1984.1
1128800 1978.6
1128810 1973.4
1128820 1968.7
1128830 1968.7
1128840 1964.2
1128850 1959.9
1128860 1959.9
1128870 1955.1
1128880 1947.7
1128890 1947.7
1128900 1938.2
1128910 1928.3
1128920 1928.3
1128930 1920.4
1128940 1914.6
1128950 1914.6
1128960 1906.5
1128970 1895.6
1128980 1895.6
1128990 1886.4
1129000 1888.0
1129010 1888.0
1129020 1889.5
1129030 1890.4
1129040 1883.7
1129050 1883.7
1129060 1872.9
1129070 1858.1
1129080 1858.1
1129090 1850.1
1129100 1842.8
1129110 1834.9
1129120 1828.2
1129130 1823.0
1129140 1823.0
1129150 1817.5
1129160 1809.8
1129170 1809.8
1129180 1801.1
1129190 1793.3
1129200 1793.3
1129210 1786.8
1129220 1781.0
1129230 1775.9
1129240 1775.9
1129250 1771.8
1129260 1768.6
1129270 1768.6
1129280 1764.9
1129290 1760.8
1129300 1760.8
1129310 1756.9
1129320 1753.3
1129330 1753.3
1129340 1750.6
1129350 1749.9
1129360 1749.9
1129370 1748.7
1129380 1747.2
1129390 1747.2
1129400 1745.0
1129410 1742.3
1129420 1742.3
1129430 1739.7
1129440 1736.9
1129450 1734.0
1129460 1732.1
1129470 1731.3
1129480 1730.1
1129490 1730.1
1129500 1727.8
1129510 1726.3
1129520 1726.3
1129530 1727.0
1129540 1726.7
1129550 1726.7
1129560 1726.1
1129570 1726.1
1129580 1726.1
1129590 1725.9
1129600 1727.3
1129610 1727.3
1129620 1728.8
1129630 1727.9
1129640 1726.8
1129650 1726.8
1129660 1727.4
1129670 1726.0
1129680 1726.0
1129690 1723.5
1129700 1723.1
1129710 1723.1
1129720 1725.2
1129730 1726.6
1129740 1726.6
1129750 1728.8
1129760 1730.7
1129770 1730.7
1129780 1730.3
1129790 1731.6
1129800 1731.6
1129810 1734.9
1129820 1740.8
1129830 1743.9
1129840 1743.9
1129850 1747.4
1129860 1750.9
1129870 1750.9
1129880 1754.5
1129890 1759.1
1129900 1759.1
1129910 1763.2
1129920 1767.5
1129930 1767.5
1129940 1772.2
1129950 1777.5
1129960 1777.5
1129970 1781.7
1129980 1785.2
1129990 1785.2
1130000 1788.6
1130010 1792.6
1130020 1792.6
1130030 1797.6
1130040 1801.6
1130050 1803.6
1130060 1803.6
1130070 1807.0
1130080 1809.8
1130090 1809.8
1130100 1812.5
1130110 1816.2
1130120 1816.2
1130130 1820.7
1130140 1825.1
1130150 1825.1
1130160 1829.7
1130170 1834.0
1130180 1837.2
1130190 1840.1
1130200 1842.3
1130210 1842.3
1130220 1845.8
1130230 1844.4
1130240 1842.5
1130250 1842.5
1130260 1841.9
1130270 1843.6
1130280 1843.6
1130290 1846.2
1130300 1849.1
1130310 1849.1
1130320 1853.4
1130330 1857.4
1130340 1857.4
1130350 1861.0
1130360 1865.0
1130370 1865.0
1130380 1869.1
1130390 1873.0
1130400 1873.0
1130410 1877.0
1130420 1881.0
1130430 1881.0
1130440 1885.5
1130450 1891.4
1130460 1898.1
1130470 1898.1
1130480 1903.8
1130490 1910.8
1130500 1910.8
1130510 1916.8
1130520 1923.1
1130530 1928.2
1130540 1935.3
1130550 1941.3
1130560 1941.3
1130570 1946.5
1130580 1951.9
1130590 1951.9
1130600 1958.4
1130610 1964.3
1130620 1964.3
1130630 1970.7
1130640 1977.5
1130650 1986.0
1130660 1986.0
1130670 1995.4
1130680 2002.9
1130690 2002.9
1130700 2008.5
1130710 2015.1
1130720 2015.1
1130730 2022.2
1130740 2024.9
1130750 2024.9
1130760 2024.7
1130770 2025.7
1130780 2025.7
1130790 2022.9
1130800 2022.6
1130810 2022.6
1130820 2021.9
1130830 2022.1
1130840 2022.1
1130850 2024.5
1130860 2026.9
1130870 2029.9
1130880 2029.9
1130890 2051.2
1130900 2052.4
1130910 2052.4
1130920 2054.1
1130930 2059.9
1130940 2059.9
1130950 2065.0
1130960 2074.6
1130970 2074.6
1130980 2084.6
1130990 2097.4
1131000 2097.4
1131010 2109.9
1131020 2121.0
1131030 2121.0
1131040 2134.7
1131050 2145.8
1131060 2153.7
1131070 2153.7
1131080 2160.8
1131090 2167.1
1131100 2167.1
1131110 2172.8
1131120 2178.9
1131130 2178.9
1131140 2186.0
1131150 2191.4
1131160 2191.4
1131170 2195.8
1131180 2200.4
1131190 2200.4
1131200 2204.5
1131210 2208.2
1131220 2208.2
1131230 2211.6
1131240 2215.1
1131250 2221.3
1131260 2221.3
1131270 2224.5
1131280 2227.6
1131290 2227.6
1131300 2230.5
1131310 2233.2
1131320 2233.2
1131330 2235.2
1131340 2238.6
1131350 2238.6
1131360 2243.2
1131370 2247.3
1131380 2247.3
1131390 2248.6
1131400 2251.0
1131410 2251.0
1131420 2257.1
1131430 2262.6
1131440 2262.6
1131450 2266.6
1131460 2269.8
1131470 2273.1
1131480 2273.1
1131490 2277.7
1131500 2283.5
1131510 2283.5
1131520 2290.6
1131530 2299.1
1131540 2299.1
1131550 2309.9
1131560 2322.4
1131570 2322.4
1131580 2331.1
1131590 2335.1
1131600 2335.1
1131610 2345.4
1131620 2351.1
1131630 2351.1
1131640 2356.9
1131650 2364.6
1131660 2373.5
1131670 2373.5
1131680 2377.6
1131690 2380.9
1131700 2380.9
1131710 2385.7
1131720 2392.2
1131730 2392.2
1131740 2401.5
1131750 2410.9
1131760 2410.9
1131770 2421.1
1131780 2431.4
1131790 2431.4
1131800 2442.8
1131810 2452.5
1131820 2452.5
1131830 2456.2
1131840 2454.3
1131850 2454.3
1131860 2450.7
1131870 2448.5
1131880 2446.8
1131890 2446.8
1131900 2438.9
1131910 2436.2
1131920 2436.2
1131930 2437.1
1131940 2437.8
1131950 2437.8
1131960 2436.1
1131970 2442.6
1131980 2442.6
1131990 2444.2
1132000 2447.7
1132010 2447.7
1132020 2452.9
1132030 2456.7
1132040 2456.7
1132050 2458.9
1132060 2459.4
1132070 2460.0
1132080 2460.0
1132090 2462.6
1132100 2465.1
1132110 2465.1
1132120 2466.5
1132130 2467.1
1132140 2467.1
1132150 2468.2
1132160 2469.8
1132170 2469.8
1132180 2471.2
1132190 2472.6
1132200 2472.6
1132210 2474.4
1132220 2476.0
1132230 2476.0
1132240 2477.7
1132250 2479.0
1132260 2479.0
1132270 2483.0
1132280 2488.3
1132290 2493.2
1132300 2493.2
1132310 2497.1
1132320 2508.1
1132330 2508.1
1132340 2514.7
1132350 2522.5
1132360 2522.5
1132370 2526.3
1132380 2532.0
1132390 2532.0
1132400 2539.3
1132410 2545.9
1132420 2545.9
1132430 2553.0
1132440 2559.0
1132450 2559.0
1132460 2564.9
1132470 2571.7
1132480 2578.1
1132490 2578.1
1132500 2582.2
1132510 2587.2
1132520 2587.2
1132530 2589.3
1132540 2587.5
1132550 2587.5
1132560 2576.6
1132570 2561.7
1132580 2561.7
1132590 2547.9
1132600 2534.6
1132610 2534.6
1132620 2521.1
1132630 2511.4
1132640 2511.4
1132650 2502.2
1132660 2492.9
1132670 2484.1
1132680 2486.0
1132690 2474.6
1132700 2465.4
1132710 2465.4
1132720 2457.8
1132730 2450.1
1132740 2450.1
1132750 2443.0
1132760 2435.8
1132770 2435.8
1132780 2428.5
1132790 2421.1
1132800 2421.1
1132810 2413.8
1132820 2406.8
1132830 2406.8
1132840 2399.4
1132850 2392.3
1132860 2392.3
1132870 2385.0
1132880 2377.9
1132890 2371.0
1132900 2371.0
1132910 2363.9
1132920 2357.0
1132930 2357.0
1132940 2350.1
1132950 2342.8
1132960 2342.8
1132970 2335.9
1132980 2328.9
1132990 2328.9
1133000 2321.6
1133010 2314.7
1133020 2314.7
1133030 2307.9
1133040 2295.5
1133050 2295.5
1133060 2287.2
1133070 2282.5
1133080 2278.7
1133090 2278.7
1133100 2272.7
1133110 2264.3
1133120 2264.3
1133130 2253.5
1133140 2246.4
1133150 2246.4
1133160 2242.7
1133170 2239.1
1133180 2239.1
1133190 2233.8
1133200 2219.5
1133210 2219.5
1133220 2195.9
1133230 2179.8
1133240 2179.8
1133250 2166.8
1133260 2151.4
1133270 2151.4
1133280 2134.0
1133290 2121.6
1133300 2112.5
1133310 2112.5
1133320 2102.3
1133330 2095.7
1133340 2095.7
1133350 2090.0
1133360 2083.4
1133370 2083.4
1133380 2064.4
1133390 2050.8
1133400 2056.4
1133410 2049.3
1133420 2036.8
1133430 2036.8
1133440 2028.0
1133450 2020.4
1133460 2020.4
1133470 2012.9
1133480 2005.4
1133490 1997.8
1133500 1997.8
1133510 1989.4
1133520 1981.1
1133530 1981.1
1133540 1972.9
1133550 1965.1
1133560 1965.1
1133570 1957.2
1133580 1949.3
1133590 1949.3
1133600 1941.5
1133610 1933.1
1133620 1933.1
1133630 1924.9
1133640 1917.5
1133650 1917.5
1133660 1910.5
1133670 1902.2
1133680 1902.2
1133690 1894.4
1133700 1887.1
1133710 1880.0
1133720 1880.0
1133730 1873.4
1133740 1867.8
1133750 1867.8
1133760 1858.9
1133770 1852.5
1133780 1852.5
1133790 1845.8
1133800 1839.8
1133810 1839.8
1133820 1835.1
1133830 1831.1
1133840 1831.1
1133850 1826.6
1133860 1821.4
1133870 1821.4
1133880 1815.6
1133890 1809.6
1133900 1803.5
1133910 1803.5
1133920 1797.4
1133930 1791.4
1133940 1791.4
1133950 1785.4
1133960 1779.5
1133970 1779.5
1133980 1773.7
1133990 1768.1
1134000 1768.1
1134010 1762.3
1134020 1756.6
1134030 1756.6
1134040 1751.2
1134050 1746.0
1134060 1746.0
1134070 1740.8
1134080 1735.9
1134090 1731.0
1134100 1731.0
1134110 1726.4
1134120 1721.9
1134130 1722.4
1134140 1718.1
1134150 1713.8
1134160 1713.8
1134170 1709.6
1134180 1705.3
1134190 1705.3
1134200 1701.1
1134210 1697.0
1134220 1697.0
1134230 1693.3
1134240 1689.7
1134250 1689.7
1134260 1686.6
1134270 1683.4
1134280 1683.4
1134290 1680.5
1134300 1677.9
1134310 1675.6
1134320 1675.6
1134330 1671.6
1134340 1666.6
1134350 1666.6
1134360 1665.9
1134370 1669.0
1134380 1669.0
1134390 1671.5
1134400 1672.9
1134410 1672.9
1134420 1674.5
1134430 1676.1
1134440 1676.1
1134450 1677.8
1134460 1679.6
1134470 1679.6
1134480 1682.1
1134490 1684.3
1134500 1686.6
1134510 1686.6
1134520 1689.7
1134530 1692.6
1134540 1692.6
1134550 1695.7
1134560 1700.0
1134570 1700.0
1134580 1704.8
1134590 1710.9
1134600 1710.9
1134610 1715.7
1134620 1719.9
1134630 1719.9
1134640 1724.4
1134650 1728.9
1134660 1728.9
1134670 1732.8
1134680 1736.9
1134690 1736.9
1134700 1741.5
1134710 1746.6
1134720 1752.5
1134730 1752.5
1134740 1757.9
1134750 1762.4
1134760 1762.4
1134770 1766.9
1134780 1771.8
1134790 1771.8
1134800 1776.6
1134810 1780.7
1134820 1780.7
1134830 1784.9
1134840 1790.5
1134850 1792.9
1134860 1799.9
1134870 1807.3
1134880 1807.3
1134890 1814.2
1134900 1821.5
1134910 1828.2
1134920 1828.2
1134930 1833.4
1134940 1838.3
1134950 1838.3
1134960 1843.7
1134970 1849.1
1134980 1849.1
1134990 1854.0
1135000 1859.3
1135010 1859.3
1135020 1865.7
1135030 1872.2
1135040 1872.2
1135050 1879.2
1135060 1887.2
1135070 1887.2
1135080 1895.6
1135090 1905.2
1135100 1905.2
1135110 1913.5
1135120 1922.0
1135130 1930.9
1135140 1930.9
1135150 1939.8
1135160 1948.1
1135170 1948.1
1135180 1956.0
1135190 1964.1
1135200 1964.1
1135210 1969.9
1135220 1978.1
1135230 1978.1
1135240 1986.2
1135250 1994.5
1135260 1994.5
1135270 2002.4
1135280 2010.0
1135290 2010.0
1135300 2017.6
1135310 2025.3
1135320 2033.1
1135330 2033.1
1135340 2041.1
1135350 2054.5
1135360 2054.5
1135370 2065.6
1135380 2072.5
1135390 2072.5
1135400 2074.9
1135410 2075.9
1135420 2075.9
1135430 2079.5
1135440 2082.3
1135450 2082.3
1135460 2087.0
1135470 2094.4
1135480 2094.4
1135490 2100.0
1135500 2106.3
1135510 2114.3
1135520 2114.3
1135530 2118.8
1135540 2122.6
1135550 2122.6
1135560 2126.4
1135570 2131.1
1135580 2131.1
1135590 2136.1
1135600 2140.7
1135610 2140.7
1135620 2144.5
1135630 2148.5
1135640 2148.5
1135650 2154.0
1135660 2160.2
1135670 2160.2
1135680 2165.5
1135690 2169.4
1135700 2169.4
1135710 2172.8
1135720 2177.7
1135730 2182.1
1135740 2182.1
1135750 2186.5
1135760 2191.4
1135770 2191.4
1135780 2196.6
1135790 2201.5
1135800 2201.5
1135810 2205.4
1135820 2209.4
1135830 2209.4
1135840 2214.1
1135850 2217.6
1135860 2217.6
1135870 2219.5
1135880 2221.7
1135890 2221.7
1135900 2223.6
1135910 2227.1
1135920 2230.9
1135930 2233.5
1135940 2238.2
1135950 2243.0
1135960 2243.0
1135970 2246.8
1135980 2248.3
1135990 2248.3
1136000 2250.4
1136010 2254.4
1136020 2254.4
1136030 2258.6
1136040 2263.6
1136050 2263.6
1136060 2268.9
1136070 2274.4
1136080 2274.4
1136090 2279.6
1136100 2284.4
1136110 2284.4
1136120 2288.6
1136130 2291.9
1136140 2292.1
1136150 2292.1
1136160 2292.2
1136170 2294.0
1136180 2294.0
1136190 2296.6
1136200 2300.2
1136210 2300.2
1136220 2304.7
1136230 2309.4
1136240 2309.4
1136250 2314.1
1136260 2319.0
1136270 2319.0
1136280 2324.8
1136290 2329.8
1136300 2332.2
1136310 2337.9
1136320 2342.2
1136330 2345.8
1136340 2345.8
1136350 2349.0
1136360 2352.4
1136370 2352.4
1136380 2356.3
1136390 2360.9
1136400 2360.9
1136410 2365.9
1136420 2371.3
1136430 2371.3
1136440 2376.5
1136450 2381.8
1136460 2381.8
1136470 2387.1
1136480 2392.6
1136490 2392.6
1136500 2397.5
1136510 2401.7
1136520 2401.7
1136530 2406.8
1136540 2412.8
1136550 2418.9
1136560 2418.9
1136570 2426.5
1136580 2436.3
1136590 2436.3
1136600 2447.0
1136610 2455.5
1136620 2455.5
1136630 2462.7
1136640 2468.6
1136650 2468.6
1136660 2480.4
1136670 2486.0
1136680 2486.0
1136690 2491.7
1136700 2498.7
1136710 2498.7
1136720 2504.9
1136730 2512.0
1136740 2519.3
1136750 2519.3
1136760 2524.9
1136770 2534.4
1136780 2534.4
1136790 2544.8
1136800 2547.6
1136810 2547.6
1136820 2551.3
1136830 2555.3
1136840 2555.3
1136850 2558.4
1136860 2562.7
1136870 2562.7
1136880 2568.7
1136890 2575.5
1136900 2575.5
1136910 2583.2
1136920 2590.9
1136930 2595.5
1136940 2595.5
1136950 2591.2
1136960 2582.9
1136970 2582.9
1136980 2576.3
1136990 2572.3
1137000 2572.3
1137010 2565.7
1137020 2556.0
1137030 2549.9
1137040 2542.5
1137050 2534.1
1137060 2534.1
1137070 2528.0
1137080 2521.9
1137090 2521.9
1137100 2514.9
1137110 2506.6
1137120 2506.6
1137130 2497.1
1137140 2485.0
1137150 2475.3
1137160 2475.3
1137170 2466.9
1137180 2458.7
1137190 2458.7
1137200 2451.6
1137210 2443.5
1137220 2443.5
1137230 2435.7
1137240 2428.7
1137250 2428.7
1137260 2421.8
1137270 2414.8
1137280 2414.8
1137290 2408.5
1137300 2402.5
1137310 2402.5
1137320 2397.3
1137330 2391.6
1137340 2383.2
1137350 2383.2
1137360 2375.4
1137370 2366.4
1137380 2366.4
1137390 2353.1
1137400 2345.4
1137410 2345.4
1137420 2338.2
1137430 2332.4
1137440 2332.4
1137450 2325.2
1137460 2315.7
1137470 2315.7
1137480 2310.0
1137490 2304.1
1137500 2304.1
1137510 2292.2
1137520 2280.7
1137530 2280.7
1137540 2271.9
1137550 2262.8
1137560 2253.6
1137570 2253.6
1137580 2245.8
1137590 2238.4
1137600 2238.4
1137610 2232.4
1137620 2225.5
1137630 2225.5
1137640 2218.6
1137650 2211.4
1137660 2211.4
1137670 2204.7
1137680 2197.1
1137690 2197.1
1137700 2189.9
1137710 2183.6
1137720 2183.6
1137730 2176.5
1137740 2169.9
1137750 2158.2
1137760 2158.2
1137770 2152.3
1137780 2146.3
1137790 2146.3
1137800 2139.4
1137810 2132.3
1137820 2132.3
1137830 2124.9
1137840 2118.7
1137850 2118.7
1137860 2111.7
1137870 2104.0
1137880 2104.0
1137890 2097.1
1137900 2090.8
1137910 2090.8
1137920 2084.6
1137930 2078.8
1137940 2078.8
1137950 2073.3
1137960 2067.4
1137970 2061.8
1137980 2061.8
1137990 2056.5
1138000 2050.7
1138010 2050.7
1138020 2044.6
1138030 2038.4
1138040 2038.4
1138050 2032.7
1138060 2027.1
1138070 2027.1
1138080 2022.0
1138090 2017.3
1138100 2017.3
1138110 2012.5
1138120 2006.4
1138130 2006.4
1138140 2001.9
1138150 1997.8
1138160 1993.6
1138170 1993.6
1138180 1989.3
1138190 1984.9
1138200 1984.9
1138210 1980.9
1138220 1977.1
1138230 1977.1
1138240 1973.1
1138250 1969.6
1138260 1969.6
1138270 1966.2
1138280 1962.7
1138290 1962.7
1138300 1959.3
1138310 1956.0
1138320 1956.0
1138330 1952.7
1138340 1949.7
1138350 1947.0
1138360 1947.0
1138370 1944.4
1138380 1941.7
1138390 1941.7
1138400 1941.4
1138410 1945.1
1138420 1945.1
1138430 1950.1
1138440 1955.4
1138450 1955.4
1138460 1961.0
1138470 1967.0
1138480 1967.0
1138490 1974.6
1138500 1982.4
1138510 1982.4
1138520 1990.0
1138530 1997.3
1138540 1997.3
1138550 2004.4
1138560 2011.1
1138570 2017.5
1138580 2017.5
1138590 2023.5
1138600 2028.8
1138610 2028.8
1138620 2033.7
1138630 2038.7
1138640 2038.7
1138650 2043.6
1138660 2049.3
1138670 2049.3
1138680 2055.7
1138690 2062.8
1138700 2062.8
1138710 2069.3
1138720 2074.6
1138730 2074.6
1138740 2080.6
1138750 2086.8
1138760 2092.9
1138770 2092.9
1138780 2099.8
1138790 2106.8
1138800 2106.8
1138810 2113.5
1138820 2121.0
1138830 2121.0
1138840 2129.1
1138850 2139.5
1138860 2139.5
1138870 2148.4
1138880 2156.8
1138890 2156.8
1138900 2165.7
1138910 2174.6
1138920 2174.6
1138930 2182.4
1138940 2190.5
1138950 2190.5
1138960 2198.9
1138970 2207.7
1138980 2216.7
1138990 2216.7
1139000 2223.5
1139010 2229.6
1139020 2229.6
1139030 2235.0
1139040 2240.0
1139050 2240.0
1139060 2244.3
1139070 2248.6
1139080 2248.6
1139090 2253.9
1139100 2258.6
1139110 2258.6
1139120 2264.2
1139130 2270.7
1139140 2270.7
1139150 2276.0
1139160 2281.5
1139170 2288.5
1139180 2288.5
1139190 2295.8
1139200 2302.7
1139210 2302.7
1139220 2310.4
1139230 2314.8
1139240 2314.8
1139250 2315.9
1139260 2316.5
1139270 2316.5
1139280 2317.9
1139290 2320.8
1139300 2320.8
1139310 2325.8
1139320 2330.9
1139330 2330.9
1139340 2335.9
1139350 2342.0
1139360 2342.0
1139370 2348.7
1139380 2355.8
1139390 2363.1
1139400 2363.1
1139410 2370.3
1139420 2378.2
1139430 2378.2
1139440 2386.9
1139450 2394.9
1139460 2394.9
1139470 2402.5
1139480 2408.1
1139490 2408.1
1139500 2411.9
1139510 2414.9
1139520 2414.9
1139530 2417.8
1139540 2421.3
1139550 2421.3
1139560 2425.2
1139570 2429.0
1139580 2433.2
1139590 2433.2
1139600 2437.6
1139610 2440.9
1139620 2440.9
1139630 2442.1
1139640 2443.3
1139650 2443.3
1139660 2445.7
1139670 2448.4
1139680 2448.4
1139690 2451.9
1139700 2456.4
1139710 2456.4
1139720 2459.7
1139730 2462.4
1139740 2462.4
1139750 2465.3
1139760 2467.8
1139770 2469.9
1139780 2469.9
1139790 2472.2
1139800 2474.4
1139810 2474.4
1139820 2476.5
1139830 2478.9
1139840 2478.9
1139850 2481.6
1139860 2484.3
1139870 2484.3
1139880 2487.2
1139890 2489.9
1139900 2489.9
1139910 2493.2
1139920 2496.9
1139930 2496.9
1139940 2500.8
1139950 2505.8
1139960 2505.8
1139970 2510.5
1139980 2515.3
1139990 2520.5
