1120000 1649.8
1120010 1649.8
1120020 1645.3
1120030 1639.6
1120040 1639.6
1120050 1634.5
1120060 1629.0
1120070 1629.0
1120080 1622.2
1120090 1615.6
1120100 1615.6
1120110 1609.4
1120120 1600.3
1120130 1600.3
1120140 1595.0
1120150 1589.9
1120160 1589.9
1120170 1584.6
1120180 1579.7
1120190 1574.4
1120200 1574.4
1120210 1569.8
1120220 1564.9
1120230 1564.9
1120240 1559.9
1120250 1554.2
1120260 1554.2
1120270 1547.5
1120280 1539.6
1120290 1539.6
1120300 1532.6
1120310 1526.9
1120320 1526.9
1120330 1521.2
1120340 1517.8
1120350 1517.8
1120360 1512.6
1120370 1507.2
1120380 1501.0
1120390 1501.0
1120400 1494.4
1120410 1488.2
1120420 1488.2
1120430 1482.2
1120440 1476.2
1120450 1476.2
1120460 1465.9
1120470 1459.8
1120480 1459.8
1120490 1453.2
1120500 1446.5
1120510 1446.5
1120520 1440.0
1120530 1433.5
1120540 1433.5
1120550 1426.9
1120560 1420.2
1120570 1413.7
1120580 1413.7
1120590 1407.6
1120600 1401.4
1120610 1401.4
1120620 1395.4
1120630 1388.3
1120640 1388.3
1120650 1382.7
1120660 1381.3
1120670 1381.3
1120680 1378.4
1120690 1375.7
1120700 1375.7
1120710 1372.7
1120720 1367.1
1120730 1367.1
1120740 1365.1
1120750 1364.9
1120760 1364.9
1120770 1364.3
1120780 1364.3
1120790 1365.8
1120800 1365.8
1120810 1373.8
1120820 1380.7
1120830 1380.7
1120840 1383.9
1120850 1384.1
1120860 1384.1
1120870 1385.2
1120880 1386.0
1120890 1386.0
1120900 1387.1
1120910 1389.6
1120920 1389.6
1120930 1392.4
1120940 1396.2
1120950 1396.2
1120960 1396.9
1120970 1399.7
1120980 1404.9
1120990 1404.9
1121000 1408.2
1121010 1411.2
1121020 1411.2
1121030 1414.4
1121040 1418.5
1121050 1418.5
1121060 1422.4
1121070 1422.2
1121080 1422.2
1121090 1422.3
1121100 1423.4
1121110 1423.4
1121120 1426.4
1121130 1429.0
1121140 1429.0
1121150 1431.1
1121160 1437.5
1121170 1437.5
1121180 1438.7
1121190 1440.0
1121200 1442.1
1121210 1442.1
1121220 1445.9
1121230 1448.6
1121240 1448.6
1121250 1451.5
1121260 1451.6
1121270 1451.6
1121280 1452.1
1121290 1458.5
1121300 1458.5
1121310 1464.1
1121320 1468.6
1121330 1468.6
1121340 1473.0
1121350 1477.6
1121360 1477.6
1121370 1481.8
1121380 1486.0
1121390 1490.6
1121400 1490.6
1121410 1495.0
1121420 1499.3
1121430 1499.3
1121440 1503.6
1121450 1507.6
1121460 1507.6
1121470 1510.8
1121480 1515.3
1121490 1515.3
1121500 1518.7
1121510 1526.6
1121520 1526.6
1121530 1531.9
1121540 1538.5
1121550 1538.5
1121560 1547.3
1121570 1549.3
1121580 1549.3
1121590 1551.5
1121600 1557.9
1121610 1563.7
1121620 1563.7
1121630 1568.4
1121640 1573.1
1121650 1573.1
1121660 1578.9
1121670 1583.9
1121680 1583.9
1121690 1589.5
1121700 1595.8
1121710 1595.8
1121720 1601.0
1121730 1606.7
1121740 1606.7
1121750 1614.0
1121760 1622.4
1121770 1622.4
1121780 1630.8
1121790 1637.9
1121800 1644.1
1121810 1644.1
1121820 1649.7
1121830 1655.0
1121840 1655.0
1121850 1660.2
1121860 1670.1
1121870 1670.1
1121880 1675.3
1121890 1680.3
1121900 1680.3
1121910 1684.8
1121920 1689.8
1121930 1689.8
1121940 1695.8
1121950 1702.2
1121960 1702.2
1121970 1708.4
1121980 1714.4
1121990 1714.4
1122000 1720.2
1122010 1725.8
1122020 1731.5
1122030 1731.5
1122040 1736.2
1122050 1741.0
1122060 1741.0
1122070 1747.1
1122080 1755.9
1122090 1755.9
1122100 1764.9
1122110 1772.2
1122120 1772.2
1122130 1776.9
1122140 1777.2
1122150 1777.2
1122160 1777.7
1122170 1782.5
1122180 1782.5
1122190 1789.0
1122200 1795.3
1122210 1806.0
1122220 1806.0
1122230 1811.0
1122240 1815.5
1122250 1815.5
1122260 1819.4
1122270 1823.1
1122280 1823.1
1122290 1831.4
1122300 1839.2
1122310 1839.2
1122320 1848.4
1122330 1856.7
1122340 1856.7
1122350 1863.9
1122360 1868.2
1122370 1868.2
1122380 1871.6
1122390 1876.0
1122400 1882.5
1122410 1882.5
1122420 1896.4
1122430 1905.1
1122440 1905.1
1122450 1910.3
1122460 1918.9
1122470 1918.9
1122480 1930.6
1122490 1940.5
1122500 1940.5
1122510 1947.5
1122520 1953.8
1122530 1953.8
1122540 1961.8
1122550 1978.3
1122560 1978.3
1122570 1989.6
1122580 1995.8
1122590 1995.8
1122600 2002.0
1122610 2008.7
1122620 2011.7
1122630 2011.7
1122640 2012.8
1122650 2018.6
1122660 2018.6
1122670 2023.3
1122680 2025.7
1122690 2025.7
1122700 2028.2
1122710 2032.2
1122720 2032.2
1122730 2037.8
1122740 2047.7
1122750 2047.7
1122760 2066.1
1122770 2087.9
1122780 2087.9
1122790 2101.2
1122800 2109.1
1122810 2106.7
1122820 2106.7
1122830 2101.7
1122840 2094.6
1122850 2094.6
1122860 2089.8
1122870 2084.6
1122880 2084.6
1122890 2081.7
1122900 2081.6
1122910 2081.6
1122920 2078.8
1122930 2074.3
1122940 2074.3
1122950 2066.8
1122960 2059.1
1122970 2059.1
1122980 2054.9
1122990 2049.5
1123000 2049.5
1123010 2045.1
1123020 2040.5
1123030 2035.1
1123040 2035.1
1123050 2028.8
1123060 2020.3
1123070 2020.3
1123080 2012.5
1123090 2003.2
1123100 2003.2
1123110 1995.0
1123120 1988.2
1123130 1988.2
1123140 1980.6
1123150 1973.7
1123160 1973.7
1123170 1966.8
1123180 1961.8
1123190 1961.8
1123200 1956.0
1123210 1950.2
1123220 1944.7
1123230 1944.7
1123240 1934.0
1123250 1918.1
1123260 1918.1
1123270 1906.1
1123280 1896.5
1123290 1896.5
1123300 1889.1
1123310 1881.8
1123320 1881.8
1123330 1873.7
1123340 1866.8
1123350 1866.8
1123360 1860.4
1123370 1854.3
1123380 1854.3
1123390 1849.4
1123400 1845.6
1123410 1845.6
1123420 1842.6
1123430 1840.6
1123440 1838.4
1123450 1838.4
1123460 1834.0
1123470 1832.6
1123480 1832.6
1123490 1833.4
1123500 1835.5
1123510 1835.5
1123520 1836.3
1123530 1837.4
1123540 1837.4
1123550 1837.2
1123560 1835.2
1123570 1835.2
1123580 1835.0
1123590 1835.8
1123600 1838.1
1123610 1839.0
1123620 1840.0
1123630 1842.3
1123640 1842.3
1123650 1845.5
1123660 1849.7
1123670 1849.7
1123680 1853.5
1123690 1860.1
1123700 1860.1
1123710 1866.4
1123720 1868.9
1123730 1868.9
1123740 1872.7
1123750 1874.6
1123760 1874.6
1123770 1877.6
1123780 1882.5
1123790 1882.5
1123800 1886.3
1123810 1889.5
1123820 1889.5
1123830 1890.5
1123840 1892.0
1123850 1894.8
1123860 1894.8
1123870 1898.6
1123880 1902.7
1123890 1902.7
1123900 1905.7
1123910 1908.0
1123920 1908.0
1123930 1911.2
1123940 1913.0
1123950 1913.0
1123960 1923.1
1123970 1924.8
1123980 1924.8
1123990 1926.4
1124000 1929.4
1124010 1929.4
1124020 1930.6
1124030 1932.1
1124040 1934.6
1124050 1934.6
1124060 1937.6
1124070 1942.0
1124080 1942.0
1124090 1949.0
1124100 1954.7
1124110 1954.7
1124120 1957.1
1124130 1960.0
1124140 1960.0
1124150 1961.3
1124160 1959.7
1124170 1959.7
1124180 1961.3
1124190 1966.4
1124200 1966.4
1124210 1969.8
1124220 1973.2
1124230 1977.9
1124240 1977.9
1124250 1983.1
1124260 1988.0
1124270 1988.0
1124280 1991.2
1124290 1992.1
1124300 1992.1
1124310 1997.8
1124320 1995.7
1124330 1995.7
1124340 1995.7
1124350 1996.5
1124360 1996.5
1124370 1997.5
1124380 1998.0
1124390 1998.0
1124400 1996.8
1124410 1997.0
1124420 1997.0
1124430 1997.7
1124440 1999.3
1124450 2002.7
1124460 2002.7
1124470 2006.5
1124480 2009.2
1124490 2009.2
1124500 2011.2
1124510 2012.6
1124520 2012.6
1124530 2015.4
1124540 2018.4
1124550 2018.4
1124560 2021.0
1124570 2024.2
1124580 2024.2
1124590 2026.6
1124600 2029.0
1124610 2029.0
1124620 2031.0
1124630 2034.8
1124640 2037.4
1124650 2037.4
1124660 2040.4
1124670 2042.1
1124680 2042.1
1124690 2043.8
1124700 2047.3
1124710 2047.3
1124720 2049.9
1124730 2050.6
1124740 2050.6
1124750 2051.6
1124760 2053.2
1124770 2053.2
1124780 2055.5
1124790 2058.1
1124800 2058.1
1124810 2060.5
1124820 2062.8
1124830 2062.8
1124840 2066.8
1124850 2072.8
1124860 2083.2
1124870 2083.2
1124880 2092.1
1124890 2099.4
1124900 2099.4
1124910 2105.4
1124920 2110.8
1124930 2110.8
1124940 2115.8
1124950 2120.9
1124960 2120.9
1124970 2127.0
1124980 2132.2
1124990 2132.2
1125000 2136.8
1125010 2140.6
1125020 2140.6
1125030 2142.3
1125040 2149.8
1125050 2156.2
1125060 2156.2
1125070 2159.7
1125080 2160.5
1125090 2160.5
1125100 2158.0
1125110 2155.9
1125120 2155.9
1125130 2155.6
1125140 2157.6
1125150 2157.6
1125160 2164.5
1125170 2171.4
1125180 2171.4
1125190 2174.8
1125200 2179.0
1125210 2179.0
1125220 2180.9
1125230 2180.4
1125240 2180.4
1125250 2181.6
1125260 2183.3
1125270 2185.6
1125280 2185.6
1125290 2187.3
1125300 2188.2
1125310 2188.2
1125320 2189.6
1125330 2188.7
1125340 2188.7
1125350 2190.8
1125360 2193.8
1125370 2193.8
1125380 2194.5
1125390 2196.0
1125400 2196.0
1125410 2197.0
1125420 2198.0
1125430 2198.0
1125440 2198.8
1125450 2200.6
1125460 2200.6
1125470 2200.6
1125480 2202.1
1125490 2203.6
1125500 2203.6
1125510 2206.7
1125520 2208.2
1125530 2208.2
1125540 2208.5
1125550 2211.8
1125560 2211.8
1125570 2213.2
1125580 2214.1
1125590 2214.1
1125600 2217.6
1125610 2218.3
1125620 2218.3
1125630 2214.6
1125640 2212.9
1125650 2212.9
1125660 2211.3
1125670 2210.2
1125680 2208.9
1125690 2208.9
1125700 2207.0
1125710 2206.4
1125720 2206.4
1125730 2204.5
1125740 2204.9
1125750 2204.9
1125760 2203.3
1125770 2197.4
1125780 2197.4
1125790 2193.1
1125800 2191.7
1125810 2191.7
1125820 2189.7
1125830 2189.1
1125840 2189.1
1125850 2189.1
1125860 2188.9
1125870 2188.6
1125880 2188.6
1125890 2188.0
1125900 2188.5
1125910 2188.5
1125920 2186.5
1125930 2186.6
1125940 2186.6
1125950 2186.9
1125960 2188.7
1125970 2188.7
1125980 2192.3
1125990 2195.7
1126000 2195.7
1126010 2198.7
1126020 2203.0
1126030 2203.0
1126040 2206.6
1126050 2207.7
1126060 2207.9
1126070 2208.1
1126080 2211.5
1126090 2213.0
1126100 2213.0
1126110 2210.4
1126120 2210.2
1126130 2210.2
1126140 2203.3
1126150 2198.2
1126160 2198.2
1126170 2192.6
1126180 2186.1
1126190 2186.1
1126200 2182.0
1126210 2178.5
1126220 2178.5
1126230 2174.7
1126240 2171.7
1126250 2171.7
1126260 2170.1
1126270 2169.0
1126280 2167.1
1126290 2167.1
1126300 2164.6
1126310 2162.4
1126320 2162.4
1126330 2160.4
1126340 2157.2
1126350 2157.2
1126360 2153.3
1126370 2150.4
1126380 2150.4
1126390 2149.4
1126400 2149.4
1126410 2149.4
1126420 2149.4
1126430 2149.4
1126440 2149.4
1126450 2149.4
1126460 2149.4
1126470 2149.4
1126480 2149.4
1126490 2149.4
1126500 2149.4
1126510 2149.4
1126520 2149.4
1126530 2149.4
1126540 2149.4
1126550 2149.4
1126560 2149.4
1126570 2149.4
1126580 2149.4
1126590 2149.4
1126600 2149.4
1126610 2149.4
1126620 2149.9
1126630 2149.9
1126640 2151.9
1126650 2155.2
1126660 2155.2
1126670 2159.1
1126680 2165.0
1126690 2172.1
1126700 2172.1
1126710 2179.3
1126720 2186.1
1126730 2186.1
1126740 2193.1
1126750 2203.4
1126760 2203.4
1126770 2202.0
1126780 2210.0
1126790 2210.0
1126800 2216.4
1126810 2223.7
1126820 2223.7
1126830 2233.4
1126840 2248.0
1126850 2248.0
1126860 2263.4
1126870 2274.6
1126880 2288.6
1126890 2288.6
1126900 2297.8
1126910 2301.9
1126920 2301.9
1126930 2308.2
1126940 2310.3
1126950 2310.3
1126960 2310.8
1126970 2312.6
1126980 2312.6
1126990 2316.3
1127000 2320.5
1127010 2320.5
1127020 2323.2
1127030 2324.2
1127040 2324.2
1127050 2326.5
1127060 2327.7
1127070 2327.7
1127080 2326.0
1127090 2323.7
1127100 2320.7
1127110 2320.7
1127120 2319.3
1127130 2319.6
1127140 2319.6
1127150 2314.4
1127160 2310.1
1127170 2310.1
1127180 2307.4
1127190 2306.7
1127200 2306.7
1127210 2308.3
1127220 2312.8
1127230 2312.8
1127240 2316.3
1127250 2316.5
1127260 2316.5
1127270 2316.6
1127280 2316.8
1127290 2316.2
1127300 2316.2
1127310 2314.6
1127320 2313.2
1127330 2313.2
1127340 2310.3
1127350 2308.2
1127360 2308.2
1127370 2304.9
1127380 2297.6
1127390 2297.6
1127400 2294.8
1127410 2293.7
1127420 2293.7
1127430 2293.7
1127440 2295.2
1127450 2295.2
1127460 2297.4
1127470 2298.4
1127480 2297.1
1127490 2297.1
1127500 2295.5
1127510 2295.9
1127520 2295.9
1127530 2296.6
1127540 2296.2
1127550 2296.2
1127560 2296.8
1127570 2297.6
1127580 2297.6
1127590 2296.9
1127600 2295.2
1127610 2295.2
1127620 2294.2
1127630 2293.8
1127640 2293.8
1127650 2292.4
1127660 2293.3
1127670 2293.3
1127680 2293.4
1127690 2292.3
1127700 2291.7
1127710 2291.7
1127720 2291.2
1127730 2291.2
1127740 2291.2
1127750 2292.8
1127760 2296.5
1127770 2296.5
1127780 2301.2
1127790 2303.1
1127800 2303.1
1127810 2306.2
1127820 2308.6
1127830 2308.6
1127840 2307.8
1127850 2309.4
1127860 2309.4
1127870 2308.8
1127880 2309.2
1127890 2310.9
1127900 2310.9
1127910 2312.1
1127920 2313.7
1127930 2313.7
1127940 2315.8
1127950 2317.4
1127960 2317.4
1127970 2318.0
1127980 2319.7
1127990 2319.7
1128000 2320.9
1128010 2320.1
1128020 2320.1
1128030 2316.4
1128040 2312.7
1128050 2312.7
1128060 2309.8
1128070 2306.6
1128080 2306.6
1128090 2303.2
1128100 2292.7
1128110 2283.9
1128120 2283.9
1128130 2275.4
1128140 2266.2
1128150 2266.2
1128160 2254.8
1128170 2242.5
1128180 2242.5
1128190 2213.5
1128200 2203.4
1128210 2203.4
1128220 2193.1
1128230 2183.0
1128240 2183.0
1128250 2175.3
1128260 2167.1
1128270 2167.1
1128280 2159.4
1128290 2151.3
1128300 2140.7
1128310 2140.7
1128320 2130.8
1128330 2122.8
1128340 2122.8
1128350 2116.6
1128360 2116.5
1128370 2116.5
1128380 2114.6
1128390 2108.7
1128400 2108.7
1128410 2102.3
1128420 2096.5
1128430 2096.5
1128440 2089.9
1128450 2083.0
1128460 2083.0
1128470 2075.1
1128480 2066.7
1128490 2066.7
1128500 2057.8
1128510 2050.0
1128520 2042.6
1128530 2042.6
1128540 2034.4
1128550 2026.2
1128560 2026.2
1128570 2016.2
1128580 2008.2
1128590 2008.2
1128600 2000.6
1128610 1996.1
1128620 1996.1
1128630 1993.5
1128640 1991.6
1128650 1991.6
1128660 1986.2
1128670 1981.2
1128680 1981.2
1128690 1976.5
1128700 1970.9
1128710 1964.4
1128720 1964.4
1128730 1957.0
1128740 1949.4
1128750 1949.4
1128760 1941.3
1128770 1932.6
1128780 1932.6
1128790 1923.3
1128800 1915.5
1128810 1915.5
1128820 1908.2
1128830 1906.6
1128840 1906.6
1128850 1904.4
1128860 1900.1
1128870 1900.1
1128880 1893.2
1128890 1883.5
1128900 1868.2
1128910 1868.2
1128920 1858.4
1128930 1850.7
1128940 1850.7
1128950 1844.7
1128960 1838.4
1128970 1838.4
1128980 1831.6
1128990 1825.9
1129000 1825.9
1129010 1820.5
1129020 1815.2
1129030 1815.2
1129040 1810.5
1129050 1806.5
1129060 1806.5
1129070 1803.2
1129080 1799.1
1129090 1799.1
1129100 1795.1
1129110 1791.3
1129120 1786.0
1129130 1786.0
1129140 1781.5
1129150 1777.8
1129160 1777.8
1129170 1772.7
1129180 1768.0
1129190 1768.0
1129200 1763.4
1129210 1758.4
1129220 1758.4
1129230 1753.2
1129240 1748.4
1129250 1748.4
1129260 1742.9
1129270 1739.5
1129280 1739.5
1129290 1737.8
1129300 1736.6
1129310 1733.9
1129320 1733.9
1129330 1733.7
1129340 1733.5
1129350 1733.5
1129360 1735.3
1129370 1736.5
1129380 1736.5
1129390 1736.0
1129400 1737.2
1129410 1737.2
1129420 1736.5
1129430 1733.1
1129440 1733.1
1129450 1729.9
1129460 1728.7
1129470 1728.7
1129480 1728.4
1129490 1728.8
1129500 1728.8
1129510 1731.9
1129520 1737.5
1129530 1740.3
1129540 1740.3
1129550 1738.2
1129560 1733.1
1129570 1733.1
1129580 1728.9
1129590 1731.0
1129600 1731.0
1129610 1734.0
1129620 1732.7
1129630 1732.7
1129640 1731.7
1129650 1731.4
1129660 1731.4
1129670 1733.0
1129680 1735.1
1129690 1735.1
1129700 1737.1
1129710 1737.8
1129720 1740.5
1129730 1740.5
1129740 1743.3
1129750 1746.2
1129760 1746.2
1129770 1749.8
1129780 1754.2
1129790 1754.2
1129800 1759.3
1129810 1765.3
1129820 1765.3
1129830 1771.5
1129840 1777.5
1129850 1777.5
1129860 1782.4
1129870 1786.3
1129880 1786.3
1129890 1790.5
1129900 1794.5
1129910 1794.5
1129920 1797.1
1129930 1800.5
1129940 1804.9
1129950 1804.9
1129960 1810.1
1129970 1817.7
1129980 1817.7
1129990 1822.6
1130000 1828.2
1130010 1828.2
1130020 1833.0
1130030 1837.5
1130040 1837.5
1130050 1841.7
1130060 1845.1
1130070 1845.1
1130080 1847.8
1130090 1850.5
1130100 1850.5
1130110 1853.6
1130120 1859.5
1130130 1865.3
1130140 1865.3
1130150 1869.8
1130160 1875.5
1130170 1875.5
1130180 1881.7
1130190 1887.2
1130200 1887.2
1130210 1892.5
1130220 1898.0
1130230 1898.0
1130240 1903.6
1130250 1907.7
1130260 1907.7
1130270 1908.8
1130280 1904.0
1130290 1904.0
1130300 1900.8
1130310 1901.1
1130320 1901.5
1130330 1907.9
1130340 1912.4
1130350 1920.1
1130360 1920.1
1130370 1925.6
1130380 1926.7
1130390 1926.7
1130400 1936.9
1130410 1941.6
1130420 1941.6
1130430 1944.7
1130440 1948.5
1130450 1948.5
1130460 1954.6
1130470 1960.6
1130480 1960.6
1130490 1966.8
1130500 1971.6
1130510 1971.6
1130520 1974.0
1130530 1975.2
1130540 1975.1
1130550 1975.1
1130560 1974.2
1130570 1978.8
1130580 1978.8
1130590 1982.4
1130600 1988.7
1130610 1988.7
1130620 1997.9
1130630 2010.2
1130640 2010.2
1130650 2020.5
1130660 2026.2
1130670 2026.2
1130680 2035.2
1130690 2046.3
1130700 2046.3
1130710 2056.8
1130720 2067.0
1130730 2076.7
1130740 2076.7
1130750 2085.3
1130760 2092.7
1130770 2092.7
1130780 2100.2
1130790 2109.0
1130800 2109.0
1130810 2118.1
1130820 2128.1
1130830 2128.1
1130840 2138.5
1130850 2147.1
1130860 2147.1
1130870 2154.2
1130880 2161.9
1130890 2161.9
1130900 2170.9
1130910 2180.0
1130920 2180.0
1130930 2185.6
1130940 2188.5
1130950 2188.5
1130960 2188.5
1130970 2188.3
1130980 2190.3
1130990 2190.3
1131000 2192.5
1131010 2194.7
1131020 2194.7
1131030 2197.4
1131040 2206.8
1131050 2206.8
1131060 2211.1
1131070 2216.3
1131080 2216.3
1131090 2221.0
1131100 2225.6
1131110 2225.6
1131120 2228.6
1131130 2231.1
1131140 2239.2
1131150 2239.2
1131160 2247.5
1131170 2251.8
1131180 2251.8
1131190 2255.1
1131200 2257.2
1131210 2257.2
1131220 2259.5
1131230 2262.2
1131240 2262.2
1131250 2263.6
1131260 2264.5
1131270 2264.5
1131280 2266.2
1131290 2268.2
1131300 2268.2
1131310 2270.4
1131320 2273.8
1131330 2273.8
1131340 2276.7
1131350 2278.5
1131360 2281.4
1131370 2281.4
1131380 2285.4
1131390 2289.7
1131400 2294.3
1131410 2298.7
1131420 2306.1
1131430 2306.1
1131440 2319.5
1131450 2326.2
1131460 2326.2
1131470 2330.4
1131480 2332.8
1131490 2332.8
1131500 2333.5
1131510 2336.6
1131520 2336.6
1131530 2339.2
1131540 2341.1
1131550 2344.9
1131560 2344.9
1131570 2349.2
1131580 2354.2
1131590 2354.2
1131600 2359.4
1131610 2364.6
1131620 2364.6
1131630 2368.8
1131640 2371.7
1131650 2371.7
1131660 2375.9
1131670 2381.5
1131680 2381.5
1131690 2387.9
1131700 2394.6
1131710 2394.6
1131720 2401.9
1131730 2409.2
1131740 2416.8
1131750 2416.8
1131760 2422.3
1131770 2430.3
1131780 2430.3
1131790 2438.6
1131800 2446.4
1131810 2446.4
1131820 2453.9
1131830 2461.5
1131840 2461.5
1131850 2468.9
1131860 2476.2
1131870 2476.2
1131880 2483.6
1131890 2491.3
1131900 2491.3
1131910 2499.5
1131920 2507.7
1131930 2507.7
1131940 2515.7
1131950 2523.7
1131960 2531.6
1131970 2531.6
1131980 2539.2
1131990 2547.6
1132000 2547.6
1132010 2557.2
1132020 2563.2
1132030 2563.2
1132040 2562.7
1132050 2558.6
1132060 2558.6
1132070 2558.9
1132080 2557.5
1132090 2557.5
1132100 2551.7
1132110 2548.3
1132120 2556.2
1132130 2555.2
1132140 2554.3
1132150 2555.0
1132160 2555.0
1132170 2556.2
1132180 2557.5
1132190 2557.5
1132200 2557.5
1132210 2557.4
1132220 2557.4
1132230 2559.6
1132240 2561.4
1132250 2561.4
1132260 2563.7
1132270 2567.7
1132280 2567.7
1132290 2570.7
1132300 2572.3
1132310 2572.3
1132320 2575.6
1132330 2579.1
1132340 2579.1
1132350 2584.3
1132360 2591.6
1132370 2596.7
1132380 2596.7
1132390 2603.1
1132400 2610.1
1132410 2610.1
1132420 2611.9
1132430 2605.5
1132440 2605.5
1132450 2596.0
1132460 2586.2
1132470 2586.2
1132480 2568.1
1132490 2560.0
1132500 2560.0
1132510 2556.9
1132520 2551.2
1132530 2551.2
1132540 2534.9
1132550 2525.2
1132560 2517.8
1132570 2517.8
1132580 2510.3
1132590 2503.1
1132600 2503.1
1132610 2496.1
1132620 2489.3
1132630 2489.3
1132640 2482.4
1132650 2475.6
1132660 2475.6
1132670 2469.0
1132680 2462.8
1132690 2462.8
1132700 2456.7
1132710 2450.8
1132720 2450.8
1132730 2445.0
1132740 2439.7
1132750 2439.7
1132760 2436.1
1132770 2432.4
1132780 2427.5
1132790 2427.5
1132800 2421.5
1132810 2415.3
1132820 2415.3
1132830 2407.0
1132840 2395.7
1132850 2395.7
1132860 2388.7
1132870 2381.3
1132880 2381.3
1132890 2375.0
1132900 2369.6
1132910 2369.6
1132920 2365.0
1132930 2360.9
1132940 2360.9
1132950 2359.0
1132960 2357.3
1132970 2354.7
1132980 2354.7
1132990 2351.1
1133000 2345.7
1133010 2345.7
1133020 2340.5
1133030 2333.4
1133040 2333.4
1133050 2324.3
1133060 2320.0
1133070 2320.0
1133080 2313.9
1133090 2305.3
1133100 2305.3
1133110 2295.7
1133120 2287.3
1133130 2287.3
1133140 2277.7
1133150 2265.2
1133160 2251.3
1133170 2251.3
1133180 2236.7
1133190 2226.7
1133200 2224.6
1133210 2216.5
1133220 2207.6
1133230 2207.6
1133240 2197.6
1133250 2186.1
1133260 2186.1
1133270 2172.0
1133280 2161.9
1133290 2161.9
1133300 2152.5
1133310 2142.1
1133320 2142.1
1133330 2129.9
1133340 2118.4
1133350 2118.4
1133360 2105.3
1133370 2094.6
1133380 2086.9
1133390 2086.9
1133400 2079.6
1133410 2072.0
1133420 2072.0
1133430 2064.1
1133440 2056.2
1133450 2056.2
1133460 2047.7
1133470 2038.2
1133480 2038.2
1133490 2028.0
1133500 2018.6
1133510 2018.6
1133520 2011.0
1133530 2003.5
1133540 2003.5
1133550 1995.9
1133560 1993.4
1133570 1988.2
1133580 1988.2
1133590 1983.0
1133600 1975.8
1133610 1975.8
1133620 1967.8
1133630 1961.7
1133640 1961.7
1133650 1949.4
1133660 1935.1
1133670 1935.1
1133680 1925.5
1133690 1907.4
1133700 1907.4
1133710 1898.7
1133720 1888.1
1133730 1888.1
1133740 1875.8
1133750 1862.6
1133760 1862.6
1133770 1850.0
1133780 1839.8
1133790 1835.0
1133800 1835.0
1133810 1837.1
1133820 1831.5
1133830 1831.5
1133840 1816.8
1133850 1807.3
1133860 1807.3
1133870 1797.4
1133880 1788.4
1133890 1788.4
1133900 1780.1
1133910 1770.9
1133920 1768.1
1133930 1760.3
1133940 1753.3
1133950 1753.3
1133960 1748.6
1133970 1746.8
1133980 1745.1
1133990 1745.1
1134000 1742.1
1134010 1738.4
1134020 1738.4
1134030 1735.0
1134040 1732.3
1134050 1732.3
1134060 1728.7
1134070 1725.0
1134080 1725.0
1134090 1721.5
1134100 1717.6
1134110 1717.6
1134120 1713.5
1134130 1709.7
1134140 1709.7
1134150 1706.3
1134160 1703.2
1134170 1703.2
1134180 1700.0
1134190 1696.9
1134200 1693.6
1134210 1693.6
1134220 1690.3
1134230 1687.1
1134240 1687.1
1134250 1684.0
1134260 1681.1
1134270 1681.1
1134280 1675.0
1134290 1670.8
1134300 1670.8
1134310 1671.2
1134320 1674.1
1134330 1674.1
1134340 1675.6
1134350 1676.9
1134360 1676.9
1134370 1678.2
1134380 1679.6
1134390 1681.0
1134400 1681.0
1134410 1682.9
1134420 1684.7
1134430 1684.7
1134440 1686.7
1134450 1689.4
1134460 1689.4
1134470 1692.1
1134480 1694.9
1134490 1694.9
1134500 1697.3
1134510 1700.0
1134520 1700.0
1134530 1703.4
1134540 1706.6
1134550 1706.6
1134560 1710.2
1134570 1714.7
1134580 1718.9
1134590 1718.9
1134600 1724.2
1134610 1729.6
1134620 1729.6
1134630 1733.2
1134640 1739.9
1134650 1739.9
1134660 1745.3
1134670 1749.1
1134680 1749.1
1134690 1753.1
1134700 1758.4
1134710 1758.4
1134720 1765.4
1134730 1772.5
1134740 1772.5
1134750 1779.4
1134760 1786.7
1134770 1786.7
1134780 1793.6
1134790 1801.0
1134800 1808.0
1134810 1808.0
1134820 1815.3
1134830 1822.1
1134840 1822.1
1134850 1828.4
1134860 1832.6
1134870 1832.6
1134880 1834.6
1134890 1837.5
1134900 1837.5
1134910 1843.0
1134920 1849.8
1134930 1849.8
1134940 1856.4
1134950 1863.1
1134960 1863.1
1134970 1870.0
1134980 1876.8
1134990 1883.6
1135000 1886.5
1135010 1892.9
1135020 1899.6
1135030 1899.6
1135040 1906.8
1135050 1913.7
1135060 1913.7
1135070 1920.3
1135080 1927.8
1135090 1927.8
1135100 1935.3
1135110 1942.6
1135120 1942.6
1135130 1950.6
1135140 1959.6
1135150 1959.6
1135160 1968.4
1135170 1977.4
1135180 1977.4
1135190 1986.3
1135200 1994.7
1135210 2000.5
1135220 2000.5
1135230 2005.7
1135240 2011.6
1135250 2011.6
1135260 2017.5
1135270 2023.8
1135280 2023.8
1135290 2029.3
1135300 2033.5
1135310 2033.5
1135320 2039.0
1135330 2047.1
1135340 2047.1
1135350 2058.2
1135360 2070.0
1135370 2070.0
1135380 2077.2
1135390 2082.6
1135400 2088.7
1135410 2088.7
1135420 2094.9
1135430 2100.8
1135440 2100.8
1135450 2106.9
1135460 2115.2
1135470 2115.2
1135480 2123.6
1135490 2129.4
1135500 2129.4
1135510 2134.0
1135520 2138.7
1135530 2138.7
1135540 2146.1
1135550 2152.5
1135560 2152.5
1135570 2156.7
1135580 2160.7
1135590 2163.8
1135600 2163.8
1135610 2166.7
1135620 2170.7
1135630 2170.7
1135640 2174.9
1135650 2178.3
1135660 2178.3
1135670 2182.0
1135680 2185.6
1135690 2185.6
1135700 2189.5
1135710 2193.1
1135720 2193.1
1135730 2199.8
1135740 2202.0
1135750 2202.0
1135760 2204.4
1135770 2207.2
1135780 2207.2
1135790 2210.0
1135800 2213.4
1135810 2217.5
1135820 2217.5
1135830 2221.6
1135840 2225.9
1135850 2225.9
1135860 2231.0
1135870 2235.8
1135880 2235.8
1135890 2239.4
1135900 2243.0
1135910 2243.0
1135920 2246.0
1135930 2249.3
1135940 2249.3
1135950 2253.8
1135960 2259.1
1135970 2259.1
1135980 2265.2
1135990 2271.8
1136000 2278.3
1136010 2278.3
1136020 2285.3
1136030 2292.0
1136040 2292.0
1136050 2297.6
1136060 2302.5
1136070 2302.5
1136080 2308.2
1136090 2319.3
1136100 2319.3
1136110 2320.2
1136120 2320.6
1136130 2320.6
1136140 2321.9
1136150 2320.9
1136160 2320.9
1136170 2321.9
1136180 2324.9
1136190 2324.9
1136200 2327.4
1136210 2328.1
1136220 2330.3
1136230 2330.3
1136240 2333.9
1136250 2338.5
1136260 2338.5
1136270 2342.8
1136280 2346.9
1136290 2346.9
1136300 2351.5
1136310 2355.6
1136320 2355.6
1136330 2359.4
1136340 2363.6
1136350 2363.6
1136360 2367.9
1136370 2372.2
1136380 2372.2
1136390 2377.1
1136400 2382.1
1136410 2387.3
1136420 2387.3
1136430 2392.7
1136440 2398.9
1136450 2400.8
1136460 2407.2
1136470 2413.7
1136480 2413.7
1136490 2420.4
1136500 2427.9
1136510 2427.9
1136520 2435.3
1136530 2442.7
1136540 2442.7
1136550 2450.6
1136560 2458.7
1136570 2458.7
1136580 2466.9
1136590 2474.7
1136600 2474.7
1136610 2482.0
1136620 2489.1
1136630 2496.4
1136640 2496.4
1136650 2503.5
1136660 2511.4
1136670 2511.4
1136680 2520.2
1136690 2528.2
1136700 2528.2
1136710 2538.1
1136720 2548.5
1136730 2548.5
1136740 2557.5
1136750 2565.3
1136760 2565.3
1136770 2573.9
1136780 2585.3
1136790 2585.3
1136800 2596.2
1136810 2604.1
1136820 2616.7
1136830 2616.7
1136840 2616.4
1136850 2613.0
1136860 2613.0
1136870 2604.5
1136880 2595.3
1136890 2595.3
1136900 2592.6
1136910 2595.8
1136920 2595.8
1136930 2598.8
1136940 2595.4
1136950 2595.4
1136960 2586.2
1136970 2576.7
1136980 2576.7
1136990 2567.0
1137000 2555.4
1137010 2544.7
1137020 2544.7
1137030 2537.5
1137040 2529.6
1137050 2529.6
1137060 2520.2
1137070 2508.9
1137080 2508.9
1137090 2497.7
1137100 2489.5
1137110 2489.5
1137120 2482.7
1137130 2478.1
1137140 2478.1
1137150 2472.5
1137160 2463.6
1137170 2463.6
1137180 2449.0
1137190 2440.4
1137200 2440.4
1137210 2430.2
1137220 2422.4
1137230 2415.8
1137240 2415.8
1137250 2409.6
1137260 2403.1
1137270 2403.1
1137280 2396.5
1137290 2390.3
1137300 2390.3
1137310 2384.5
1137320 2378.7
1137330 2378.7
1137340 2371.6
1137350 2364.5
1137360 2364.5
1137370 2357.3
1137380 2350.3
1137390 2350.3
1137400 2343.7
1137410 2338.0
1137420 2334.0
1137430 2334.0
1137440 2332.3
1137450 2328.7
1137460 2328.7
1137470 2323.9
1137480 2317.6
1137490 2317.6
1137500 2310.2
1137510 2300.8
1137520 2300.8
1137530 2292.1
1137540 2281.8
1137550 2281.8
1137560 2274.3
1137570 2269.0
1137580 2269.0
1137590 2263.8
1137600 2258.3
1137610 2258.3
1137620 2254.1
1137630 2250.8
1137640 2245.7
1137650 2245.7
1137660 2238.8
1137670 2231.7
1137680 2231.7
1137690 2224.5
1137700 2215.5
1137710 2215.5
1137720 2206.6
1137730 2198.2
1137740 2198.2
1137750 2189.9
1137760 2180.6
1137770 2180.6
1137780 2170.8
1137790 2157.7
1137800 2157.7
1137810 2147.0
1137820 2138.8
1137830 2130.5
1137840 2130.5
1137850 2122.1
1137860 2111.2
1137870 2111.2
1137880 2100.7
1137890 2092.1
1137900 2092.1
1137910 2089.5
1137920 2076.5
1137930 2076.5
1137940 2062.0
1137950 2053.3
1137960 2053.3
1137970 2045.8
1137980 2038.5
1137990 2038.5
1138000 2031.6
1138010 2024.9
1138020 2024.9
1138030 2018.4
1138040 2012.0
1138050 2005.8
1138060 2005.8
1138070 1999.8
1138080 1994.2
1138090 1994.2
1138100 1988.9
1138110 1984.2
1138120 1984.2
1138130 1980.3
1138140 1976.6
1138150 1976.6
1138160 1973.2
1138170 1969.8
1138180 1969.8
1138190 1966.3
1138200 1963.1
1138210 1963.1
1138220 1960.2
1138230 1958.2
1138240 1957.6
1138250 1957.6
1138260 1956.0
1138270 1953.0
1138280 1953.0
1138290 1951.9
1138300 1950.6
1138310 1950.6
1138320 1948.2
1138330 1947.3
1138340 1947.3
1138350 1949.2
1138360 1951.9
1138370 1951.9
1138380 1954.7
1138390 1958.0
1138400 1958.0
1138410 1961.8
1138420 1965.9
1138430 1970.3
1138440 1970.3
1138450 1974.8
1138460 1979.8
1138470 1979.8
1138480 1985.0
1138490 1990.0
1138500 1990.0
1138510 1995.3
1138520 2001.0
1138530 2001.0
1138540 2006.9
1138550 2013.1
1138560 2013.1
1138570 2019.3
1138580 2025.9
1138590 2025.9
1138600 2032.5
1138610 2038.8
1138620 2038.8
1138630 2044.5
1138640 2047.3
1138650 2054.1
1138660 2054.1
1138670 2061.1
1138680 2068.5
1138690 2068.5
1138700 2076.2
1138710 2085.3
1138720 2085.3
1138730 2093.7
1138740 2101.8
1138750 2101.8
1138760 2109.5
1138770 2116.8
1138780 2116.8
1138790 2124.0
1138800 2131.3
1138810 2131.3
1138820 2138.6
1138830 2146.3
1138840 2153.8
1138850 2153.8
1138860 2160.7
1138870 2167.5
1138880 2167.5
1138890 2174.3
1138900 2181.2
1138910 2181.2
1138920 2188.1
1138930 2195.2
1138940 2195.2
1138950 2202.7
1138960 2210.4
1138970 2210.4
1138980 2217.7
1138990 2223.9
1139000 2223.9
1139010 2229.8
1139020 2235.9
1139030 2235.9
1139040 2242.6
1139050 2249.7
1139060 2256.6
1139070 2256.6
1139080 2264.0
1139090 2271.1
1139100 2271.1
1139110 2277.4
1139120 2283.1
1139130 2283.1
1139140 2288.3
1139150 2293.1
1139160 2293.1
1139170 2298.3
1139180 2303.7
1139190 2303.7
1139200 2309.9
1139210 2316.1
1139220 2316.1
1139230 2322.6
1139240 2328.9
1139250 2334.4
1139260 2334.4
1139270 2339.7
1139280 2345.1
1139290 2345.1
1139300 2351.1
1139310 2357.3
1139320 2357.3
1139330 2363.5
1139340 2369.0
1139350 2369.0
1139360 2373.0
1139370 2377.7
1139380 2377.7
1139390 2379.7
1139400 2381.0
1139410 2381.0
1139420 2382.5
1139430 2384.5
1139440 2387.9
1139450 2387.9
1139460 2393.0
1139470 2398.9
1139480 2398.9
1139490 2404.3
1139500 2408.1
1139510 2408.1
1139520 2411.7
1139530 2415.6
1139540 2415.6
1139550 2420.1
1139560 2424.7
1139570 2424.7
1139580 2428.4
1139590 2430.8
1139600 2430.8
1139610 2433.2
1139620 2435.3
1139630 2435.3
1139640 2437.4
1139650 2439.7
1139660 2442.1
1139670 2442.1
1139680 2444.7
1139690 2447.0
1139700 2447.0
1139710 2449.1
1139720 2451.0
1139730 2451.0
1139740 2455.7
1139750 2457.5
1139760 2457.5
1139770 2459.3
1139780 2462.2
1139790 2462.2
1139800 2465.5
1139810 2469.6
1139820 2469.6
1139830 2473.2
1139840 2476.6
1139850 2480.5
1139860 2480.5
1139870 2484.5
1139880 2488.3
1139890 2488.3
1139900 2491.5
1139910 2494.3
1139920 2494.3
1139930 2497.4
1139940 2500.5
1139950 2500.5
1139960 2503.8
1139970 2507.4
1139980 2507.4
1139990 2511.3
