1120000 1630.1
1120010 1622.0
1120020 1622.0
1120030 1616.3
1120040 1611.1
1120050 1611.1
1120060 1605.2
1120070 1597.9
1120080 1589.4
1120090 1589.4
1120100 1581.5
1120110 1574.2
1120120 1574.2
1120130 1567.0
1120140 1560.0
1120150 1560.0
1120160 1552.5
1120170 1544.4
1120180 1544.4
1120190 1535.6
1120200 1527.7
1120210 1527.7
1120220 1520.9
1120230 1513.5
1120240 1513.5
1120250 1506.9
1120260 1504.1
1120270 1495.9
1120280 1495.9
1120290 1491.0
1120300 1489.8
1120310 1489.8
1120320 1489.0
1120330 1487.7
1120340 1487.7
1120350 1483.8
1120360 1478.3
1120370 1478.3
1120380 1473.2
1120390 1468.0
1120400 1468.0
1120410 1462.3
1120420 1455.5
1120430 1455.5
1120440 1448.6
1120450 1442.5
1120460 1437.3
1120470 1437.3
1120480 1432.8
1120490 1429.5
1120500 1429.5
1120510 1425.0
1120520 1420.9
1120530 1420.9
1120540 1420.0
1120550 1418.6
1120560 1418.6
1120570 1415.5
1120580 1411.3
1120590 1411.3
1120600 1406.2
1120610 1400.2
1120620 1400.2
1120630 1394.6
1120640 1390.7
1120650 1390.7
1120660 1391.7
1120670 1394.0
1120680 1393.8
1120690 1393.8
1120700 1392.7
1120710 1392.3
1120720 1392.3
1120730 1391.8
1120740 1391.7
1120750 1391.7
1120760 1392.1
1120770 1392.9
1120780 1392.9
1120790 1393.2
1120800 1392.9
1120810 1392.9
1120820 1392.8
1120830 1394.8
1120840 1394.8
1120850 1398.6
1120860 1402.5
1120870 1406.6
1120880 1406.6
1120890 1410.1
1120900 1414.5
1120910 1414.5
1120920 1419.8
1120930 1424.8
1120940 1424.8
1120950 1429.0
1120960 1434.6
1120970 1434.6
1120980 1437.7
1120990 1440.5
1121000 1440.5
1121010 1444.1
1121020 1447.9
1121030 1447.9
1121040 1452.2
1121050 1456.3
1121060 1456.3
1121070 1460.4
1121080 1464.3
1121090 1468.3
1121100 1468.3
1121110 1472.5
1121120 1477.1
1121130 1477.1
1121140 1480.8
1121150 1482.3
1121160 1482.3
1121170 1486.1
1121180 1490.8
1121190 1490.8
1121200 1494.0
1121210 1497.6
1121220 1497.6
1121230 1500.5
1121240 1503.0
1121250 1503.0
1121260 1504.9
1121270 1507.5
1121280 1510.5
1121290 1510.5
1121300 1513.6
1121310 1521.5
1121320 1521.5
1121330 1523.7
1121340 1524.6
1121350 1524.6
1121360 1526.1
1121370 1527.6
1121380 1527.6
1121390 1527.6
1121400 1528.8
1121410 1528.8
1121420 1531.9
1121430 1536.7
1121440 1536.7
1121450 1543.8
1121460 1552.0
1121470 1552.0
1121480 1558.8
1121490 1564.9
1121500 1570.4
1121510 1570.4
1121520 1576.5
1121530 1582.5
1121540 1582.5
1121550 1587.1
1121560 1591.5
1121570 1591.5
1121580 1595.7
1121590 1599.7
1121600 1599.7
1121610 1603.2
1121620 1605.5
1121630 1605.5
1121640 1607.4
1121650 1611.6
1121660 1618.3
1121670 1624.6
1121680 1632.8
1121690 1636.5
1121700 1636.5
1121710 1641.4
1121720 1648.9
1121730 1648.9
1121740 1655.4
1121750 1662.8
1121760 1662.8
1121770 1670.1
1121780 1677.2
1121790 1677.2
1121800 1684.6
1121810 1690.8
1121820 1690.8
1121830 1696.8
1121840 1701.6
1121850 1701.6
1121860 1707.1
1121870 1713.6
1121880 1713.6
1121890 1718.4
1121900 1722.5
1121910 1726.3
1121920 1726.3
1121930 1731.1
1121940 1735.2
1121950 1735.2
1121960 1739.1
1121970 1743.1
1121980 1743.1
1121990 1749.2
1122000 1766.2
1122010 1766.2
1122020 1770.0
1122030 1772.4
1122040 1772.4
1122050 1774.6
1122060 1779.2
1122070 1779.2
1122080 1783.3
1122090 1786.8
1122100 1792.5
1122110 1792.5
1122120 1798.9
1122130 1807.2
1122140 1807.2
1122150 1818.8
1122160 1830.0
1122170 1830.0
1122180 1842.3
1122190 1852.5
1122200 1852.5
1122210 1860.2
1122220 1867.9
1122230 1867.9
1122240 1877.3
1122250 1888.8
1122260 1888.8
1122270 1901.7
1122280 1911.2
1122290 1917.6
1122300 1917.6
1122310 1921.1
1122320 1923.3
1122330 1923.3
1122340 1926.1
1122350 1938.5
1122360 1938.5
1122370 1943.3
1122380 1948.7
1122390 1948.7
1122400 1949.6
1122410 1947.5
1122420 1947.5
1122430 1946.0
1122440 1950.4
1122450 1950.4
1122460 1963.0
1122470 1978.4
1122480 1978.4
1122490 1990.1
1122500 1997.8
1122510 1994.3
1122520 1994.3
1122530 2003.0
1122540 2010.1
1122550 2010.1
1122560 2016.0
1122570 2024.6
1122580 2024.6
1122590 2051.7
1122600 2067.0
1122610 2067.0
1122620 2068.7
1122630 2072.5
1122640 2072.5
1122650 2080.9
1122660 2085.8
1122670 2085.8
1122680 2087.2
1122690 2089.1
1122700 2102.1
1122710 2102.1
1122720 2110.4
1122730 2120.6
1122740 2120.6
1122750 2128.8
1122760 2136.2
1122770 2136.2
1122780 2149.0
1122790 2167.2
1122800 2167.2
1122810 2170.6
1122820 2166.0
1122830 2166.0
1122840 2159.8
1122850 2151.6
1122860 2151.6
1122870 2142.8
1122880 2130.2
1122890 2130.2
1122900 2120.1
1122910 2112.5
1122920 2105.5
1122930 2105.5
1122940 2099.4
1122950 2093.8
1122960 2093.8
1122970 2088.1
1122980 2081.3
1122990 2081.3
1123000 2075.2
1123010 2070.9
1123020 2070.9
1123030 2061.1
1123040 2046.3
1123050 2047.9
1123060 2040.1
1123070 2033.3
1123080 2033.3
1123090 2026.2
1123100 2019.8
1123110 2015.3
1123120 2015.3
1123130 2010.6
1123140 2004.9
1123150 2004.9
1123160 1998.7
1123170 1992.9
1123180 1992.9
1123190 1986.0
1123200 1977.4
1123210 1977.4
1123220 1969.1
1123230 1962.7
1123240 1962.7
1123250 1956.8
1123260 1947.0
1123270 1947.0
1123280 1935.5
1123290 1922.9
1123300 1922.9
1123310 1909.5
1123320 1900.4
1123330 1892.5
1123340 1892.5
1123350 1884.5
1123360 1877.3
1123370 1877.3
1123380 1871.0
1123390 1865.5
1123400 1865.9
1123410 1860.9
1123420 1857.1
1123430 1857.1
1123440 1854.9
1123450 1853.7
1123460 1853.7
1123470 1853.4
1123480 1852.5
1123490 1852.5
1123500 1850.3
1123510 1848.9
1123520 1850.8
1123530 1850.8
1123540 1853.3
1123550 1856.3
1123560 1856.3
1123570 1857.8
1123580 1857.7
1123590 1857.7
1123600 1860.4
1123610 1863.2
1123620 1863.2
1123630 1866.8
1123640 1872.0
1123650 1872.0
1123660 1877.8
1123670 1883.8
1123680 1883.8
1123690 1890.2
1123700 1896.1
1123710 1902.5
1123720 1902.5
1123730 1909.7
1123740 1916.7
1123750 1920.1
1123760 1925.2
1123770 1929.1
1123780 1929.1
1123790 1934.5
1123800 1936.0
1123810 1936.0
1123820 1936.4
1123830 1938.7
1123840 1938.7
1123850 1943.0
1123860 1947.7
1123870 1947.7
1123880 1954.1
1123890 1960.0
1123900 1960.0
1123910 1965.0
1123920 1970.7
1123930 1976.1
1123940 1976.1
1123950 1980.9
1123960 1985.3
1123970 1985.3
1123980 1988.3
1123990 1992.5
1124000 1992.5
1124010 1997.3
1124020 2001.6
1124030 2001.6
1124040 2006.6
1124050 2011.3
1124060 2011.3
1124070 2014.8
1124080 2017.0
1124090 2017.0
1124100 2023.4
1124110 2024.7
1124120 2027.0
1124130 2027.0
1124140 2028.9
1124150 2031.1
1124160 2031.1
1124170 2033.3
1124180 2036.2
1124190 2036.2
1124200 2039.8
1124210 2042.0
1124220 2042.0
1124230 2044.7
1124240 2048.8
1124250 2048.8
1124260 2052.3
1124270 2056.0
1124280 2056.0
1124290 2059.5
1124300 2064.0
1124310 2064.0
1124320 2071.2
1124330 2081.8
1124340 2089.8
1124350 2089.8
1124360 2094.3
1124370 2095.6
1124380 2095.6
1124390 2096.5
1124400 2097.0
1124410 2097.0
1124420 2095.9
1124430 2085.8
1124440 2085.8
1124450 2083.2
1124460 2079.0
1124470 2079.0
1124480 2075.8
1124490 2073.1
1124500 2073.1
1124510 2071.0
1124520 2070.7
1124530 2073.1
1124540 2073.1
1124550 2075.3
1124560 2076.5
1124570 2076.5
1124580 2076.3
1124590 2075.9
1124600 2075.9
1124610 2075.7
1124620 2075.9
1124630 2075.9
1124640 2077.4
1124650 2080.5
1124660 2080.5
1124670 2082.5
1124680 2083.4
1124690 2083.4
1124700 2087.5
1124710 2090.7
1124720 2090.7
1124730 2094.1
1124740 2096.5
1124750 2097.8
1124760 2097.8
1124770 2098.7
1124780 2098.1
1124790 2098.1
1124800 2095.3
1124810 2101.1
1124820 2101.1
1124830 2105.4
1124840 2111.4
1124850 2111.4
1124860 2116.9
1124870 2122.7
1124880 2122.7
1124890 2128.3
1124900 2133.5
1124910 2133.5
1124920 2139.3
1124930 2144.2
1124940 2149.5
1124950 2149.5
1124960 2154.0
1124970 2158.9
1124980 2158.9
1124990 2164.3
1125000 2170.7
1125010 2170.7
1125020 2176.5
1125030 2178.3
1125040 2178.3
1125050 2177.2
1125060 2175.2
1125070 2175.2
1125080 2175.3
1125090 2180.2
1125100 2180.2
1125110 2182.3
1125120 2184.5
1125130 2184.5
1125140 2186.3
1125150 2187.7
1125160 2192.1
1125170 2192.1
1125180 2193.5
1125190 2196.8
1125200 2196.8
1125210 2200.5
1125220 2204.7
1125230 2204.7
1125240 2210.3
1125250 2216.4
1125260 2216.4
1125270 2221.7
1125280 2226.1
1125290 2226.1
1125300 2227.4
1125310 2226.7
1125320 2226.7
1125330 2224.8
1125340 2222.0
1125350 2219.2
1125360 2219.2
1125370 2222.2
1125380 2224.7
1125390 2224.7
1125400 2225.2
1125410 2224.8
1125420 2224.8
1125430 2223.8
1125440 2223.7
1125450 2223.7
1125460 2223.1
1125470 2221.9
1125480 2221.9
1125490 2219.1
1125500 2217.5
1125510 2221.6
1125520 2221.5
1125530 2224.1
1125540 2225.8
1125550 2225.8
1125560 2228.7
1125570 2230.6
1125580 2230.6
1125590 2231.8
1125600 2233.9
1125610 2233.9
1125620 2235.3
1125630 2237.1
1125640 2237.1
1125650 2237.3
1125660 2239.1
1125670 2239.1
1125680 2239.9
1125690 2238.2
1125700 2238.2
1125710 2238.8
1125720 2240.4
1125730 2240.4
1125740 2239.0
1125750 2237.4
1125760 2232.9
1125770 2232.9
1125780 2231.4
1125790 2233.5
1125800 2233.5
1125810 2235.0
1125820 2237.3
1125830 2237.3
1125840 2239.1
1125850 2240.1
1125860 2243.9
1125870 2244.7
1125880 2245.4
1125890 2245.4
1125900 2244.1
1125910 2240.1
1125920 2240.1
1125930 2238.1
1125940 2236.1
1125950 2234.8
1125960 2234.8
1125970 2233.9
1125980 2232.0
1125990 2232.0
1126000 2231.5
1126010 2231.4
1126020 2231.4
1126030 2231.1
1126040 2229.1
1126050 2229.1
1126060 2227.5
1126070 2225.3
1126080 2225.3
1126090 2222.3
1126100 2218.2
1126110 2218.2
1126120 2214.7
1126130 2209.8
1126140 2209.8
1126150 2209.6
1126160 2208.4
1126170 2207.0
1126180 2207.0
1126190 2206.9
1126200 2206.6
1126210 2206.6
1126220 2195.5
1126230 2188.3
1126240 2188.3
1126250 2186.2
1126260 2184.9
1126270 2184.9
1126280 2179.9
1126290 2175.4
1126300 2175.4
1126310 2172.1
1126320 2169.5
1126330 2169.5
1126340 2168.1
1126350 2166.4
1126360 2164.9
1126370 2164.9
1126380 2164.2
1126390 2164.5
1126400 2164.5
1126410 2164.0
1126420 2163.5
1126430 2163.5
1126440 2162.6
1126450 2163.9
1126460 2163.9
1126470 2166.0
1126480 2165.8
1126490 2165.8
1126500 2163.2
1126510 2158.6
1126520 2158.6
1126530 2156.7
1126540 2154.8
1126550 2154.8
1126560 2152.9
1126570 2156.0
1126580 2153.6
1126590 2153.6
1126600 2151.6
1126610 2151.1
1126620 2151.1
1126630 2152.3
1126640 2152.4
1126650 2152.4
1126660 2151.7
1126670 2150.7
1126680 2150.7
1126690 2150.4
1126700 2151.7
1126710 2151.7
1126720 2153.8
1126730 2157.7
1126740 2157.7
1126750 2163.0
1126760 2166.5
1126770 2171.0
1126780 2171.0
1126790 2178.0
1126800 2182.0
1126810 2182.0
1126820 2185.2
1126830 2189.2
1126840 2189.2
1126850 2193.9
1126860 2198.1
1126870 2198.1
1126880 2200.9
1126890 2205.2
1126900 2205.2
1126910 2210.0
1126920 2211.9
1126930 2211.9
1126940 2215.5
1126950 2219.5
1126960 2222.3
1126970 2222.3
1126980 2224.6
1126990 2227.3
1127000 2227.3
1127010 2229.6
1127020 2232.2
1127030 2232.2
1127040 2235.9
1127050 2241.3
1127060 2241.3
1127070 2246.7
1127080 2251.3
1127090 2251.3
1127100 2255.3
1127110 2260.7
1127120 2260.7
1127130 2268.7
1127140 2276.4
1127150 2276.4
1127160 2281.4
1127170 2284.7
1127180 2286.4
1127190 2286.4
1127200 2286.8
1127210 2289.0
1127220 2289.0
1127230 2293.5
1127240 2296.6
1127250 2296.6
1127260 2299.3
1127270 2303.3
1127280 2296.8
1127290 2297.5
1127300 2296.6
1127310 2296.6
1127320 2296.0
1127330 2298.7
1127340 2298.7
1127350 2298.9
1127360 2295.5
1127370 2293.6
1127380 2293.6
1127390 2291.9
1127400 2293.1
1127410 2293.1
1127420 2294.2
1127430 2295.0
1127440 2295.0
1127450 2294.9
1127460 2291.3
1127470 2291.3
1127480 2287.5
1127490 2283.1
1127500 2283.1
1127510 2279.1
1127520 2274.3
1127530 2274.3
1127540 2271.0
1127550 2267.9
1127560 2267.9
1127570 2267.4
1127580 2268.3
1127590 2270.3
1127600 2270.3
1127610 2271.8
1127620 2273.0
1127630 2265.8
1127640 2264.8
1127650 2265.7
1127660 2265.7
1127670 2266.9
1127680 2267.2
1127690 2267.2
1127700 2267.1
1127710 2267.5
1127720 2267.5
1127730 2268.2
1127740 2268.8
1127750 2268.8
1127760 2271.1
1127770 2275.2
1127780 2279.6
1127790 2279.6
1127800 2281.5
1127810 2282.2
1127820 2282.2
1127830 2281.6
1127840 2282.0
1127850 2282.0
1127860 2282.5
1127870 2281.9
1127880 2281.9
1127890 2280.6
1127900 2279.1
1127910 2279.1
1127920 2277.1
1127930 2275.0
1127940 2275.0
1127950 2272.3
1127960 2268.6
1127970 2268.6
1127980 2263.5
1127990 2256.3
1128000 2248.5
1128010 2248.5
1128020 2240.6
1128030 2232.0
1128040 2232.0
1128050 2222.7
1128060 2213.8
1128070 2213.8
1128080 2205.6
1128090 2197.4
1128100 2197.4
1128110 2189.1
1128120 2179.1
1128130 2179.1
1128140 2166.8
1128150 2158.5
1128160 2158.5
1128170 2158.6
1128180 2159.1
1128190 2154.9
1128200 2154.9
1128210 2149.3
1128220 2143.3
1128230 2143.3
1128240 2135.9
1128250 2127.9
1128260 2127.9
1128270 2120.9
1128280 2113.9
1128290 2113.9
1128300 2103.6
1128310 2093.8
1128320 2093.8
1128330 2081.8
1128340 2071.0
1128350 2071.0
1128360 2061.1
1128370 2058.0
1128380 2056.7
1128390 2056.7
1128400 2051.1
1128410 2045.1
1128420 2045.1
1128430 2038.9
1128440 2031.1
1128450 2031.1
1128460 2021.7
1128470 2016.3
1128480 2016.3
1128490 2012.0
1128500 2005.6
1128510 2005.6
1128520 1994.3
1128530 1982.3
1128540 1982.3
1128550 1972.4
1128560 1967.1
1128570 1967.1
1128580 1968.2
1128590 1966.5
1128600 1960.3
1128610 1960.3
1128620 1951.6
1128630 1943.3
1128640 1943.3
1128650 1936.6
1128660 1930.3
1128670 1930.3
1128680 1924.3
1128690 1915.8
1128700 1912.2
1128710 1904.5
1128720 1896.0
1128730 1896.0
1128740 1887.7
1128750 1880.6
1128760 1880.6
1128770 1874.3
1128780 1867.7
1128790 1860.7
1128800 1860.7
1128810 1855.5
1128820 1852.6
1128830 1852.6
1128840 1847.1
1128850 1841.8
1128860 1841.8
1128870 1836.5
1128880 1830.9
1128890 1830.9
1128900 1824.5
1128910 1817.8
1128920 1817.8
1128930 1811.5
1128940 1805.8
1128950 1805.8
1128960 1799.9
1128970 1793.5
1128980 1793.5
1128990 1787.2
1129000 1782.4
1129010 1778.7
1129020 1778.7
1129030 1775.0
1129040 1770.7
1129050 1766.6
1129060 1762.1
1129070 1758.4
1129080 1758.4
1129090 1756.2
1129100 1754.4
1129110 1754.4
1129120 1752.7
1129130 1750.6
1129140 1750.6
1129150 1748.8
1129160 1746.8
1129170 1746.8
1129180 1745.0
1129190 1744.5
1129200 1743.5
1129210 1743.5
1129220 1742.6
1129230 1741.7
1129240 1741.7
1129250 1741.6
1129260 1741.0
1129270 1741.0
1129280 1741.3
1129290 1741.7
1129300 1741.7
1129310 1741.8
1129320 1743.0
1129330 1743.0
1129340 1745.9
1129350 1747.0
1129360 1747.0
1129370 1745.6
1129380 1745.0
1129390 1745.0
1129400 1747.5
1129410 1748.6
1129420 1748.4
1129430 1748.4
1129440 1748.2
1129450 1748.6
1129460 1748.6
1129470 1748.2
1129480 1747.3
1129490 1747.3
1129500 1747.5
1129510 1748.6
1129520 1748.6
1129530 1749.4
1129540 1749.5
1129550 1749.5
1129560 1750.3
1129570 1750.2
1129580 1750.2
1129590 1750.3
1129600 1750.3
1129610 1750.4
1129620 1750.4
1129630 1751.3
1129640 1751.9
1129650 1751.9
1129660 1756.1
1129670 1760.7
1129680 1760.7
1129690 1765.3
1129700 1770.6
1129710 1770.6
1129720 1776.6
1129730 1782.5
1129740 1782.5
1129750 1786.8
1129760 1795.5
1129770 1795.5
1129780 1799.7
1129790 1805.0
1129800 1810.7
1129810 1810.7
1129820 1816.3
1129830 1821.6
1129840 1821.6
1129850 1826.7
1129860 1831.0
1129870 1831.0
1129880 1834.4
1129890 1835.5
1129900 1835.5
1129910 1838.3
1129920 1843.6
1129930 1843.6
1129940 1850.0
1129950 1856.0
1129960 1856.0
1129970 1862.9
1129980 1869.3
1129990 1869.3
1130000 1876.8
1130010 1882.5
1130020 1885.5
1130030 1885.5
1130040 1892.1
1130050 1901.8
1130060 1901.8
1130070 1907.9
1130080 1912.2
1130090 1912.2
1130100 1919.2
1130110 1924.0
1130120 1932.7
1130130 1935.1
1130140 1936.7
1130150 1936.7
1130160 1937.2
1130170 1934.8
1130180 1934.8
1130190 1930.8
1130200 1935.8
1130210 1947.5
1130220 1947.5
1130230 1963.0
1130240 1975.5
1130250 1975.5
1130260 1988.0
1130270 1993.6
1130280 1993.6
1130290 2001.4
1130300 2007.5
1130310 2007.5
1130320 2010.3
1130330 2011.3
1130340 2011.3
1130350 2011.0
1130360 2008.4
1130370 2008.4
1130380 2006.9
1130390 2007.3
1130400 2007.3
1130410 2009.4
1130420 2010.5
1130430 2018.4
1130440 2018.4
1130450 2023.7
1130460 2027.7
1130470 2027.7
1130480 2039.7
1130490 2046.6
1130500 2046.6
1130510 2050.4
1130520 2053.1
1130530 2053.1
1130540 2059.5
1130550 2068.4
1130560 2068.4
1130570 2077.0
1130580 2083.3
1130590 2083.3
1130600 2089.0
1130610 2091.6
1130620 2093.4
1130630 2093.4
1130640 2098.0
1130650 2105.7
1130660 2105.7
1130670 2110.2
1130680 2111.5
1130690 2111.5
1130700 2105.6
1130710 2096.0
1130720 2096.0
1130730 2098.7
1130740 2105.2
1130750 2105.2
1130760 2109.9
1130770 2113.1
1130780 2113.1
1130790 2112.0
1130800 2118.0
1130810 2130.3
1130820 2130.3
1130830 2141.0
1130840 2148.0
1130850 2148.0
1130860 2155.5
1130870 2163.0
1130880 2163.0
1130890 2171.1
1130900 2179.8
1130910 2179.8
1130920 2193.1
1130930 2207.6
1130940 2207.6
1130950 2218.0
1130960 2227.8
1130970 2227.8
1130980 2245.7
1130990 2263.5
1131000 2263.5
1131010 2278.5
1131020 2292.6
1131030 2305.1
1131040 2305.1
1131050 2311.9
1131060 2313.8
1131070 2313.8
1131080 2314.5
1131090 2313.1
1131100 2313.1
1131110 2313.1
1131120 2314.2
1131130 2314.2
1131140 2317.9
1131150 2319.0
1131160 2319.0
1131170 2319.1
1131180 2323.5
1131190 2330.5
1131200 2336.5
1131210 2337.5
1131220 2336.7
1131230 2336.7
1131240 2335.9
1131250 2336.7
1131260 2336.7
1131270 2338.4
1131280 2342.6
1131290 2342.6
1131300 2349.7
1131310 2358.0
1131320 2358.0
1131330 2367.2
1131340 2375.7
1131350 2375.7
1131360 2384.3
1131370 2393.3
1131380 2393.3
1131390 2399.3
1131400 2401.6
1131410 2401.6
1131420 2402.7
1131430 2403.3
1131440 2403.8
1131450 2403.8
1131460 2404.5
1131470 2405.2
1131480 2405.2
1131490 2407.9
1131500 2409.1
1131510 2409.1
1131520 2412.2
1131530 2421.4
1131540 2421.4
1131550 2438.0
1131560 2441.1
1131570 2441.1
1131580 2442.8
1131590 2448.1
1131600 2448.1
1131610 2451.6
1131620 2454.0
1131630 2453.9
1131640 2453.9
1131650 2456.9
1131660 2461.7
1131670 2461.7
1131680 2465.6
1131690 2468.4
1131700 2468.4
1131710 2474.3
1131720 2479.5
1131730 2479.5
1131740 2482.7
1131750 2498.2
1131760 2498.2
1131770 2523.2
1131780 2527.4
1131790 2527.4
1131800 2532.9
1131810 2541.2
1131820 2541.2
1131830 2542.2
1131840 2534.8
1131850 2543.3
1131860 2543.3
1131870 2549.2
1131880 2556.3
1131890 2556.3
1131900 2559.4
1131910 2575.4
1131920 2575.4
1131930 2578.6
1131940 2581.8
1131950 2581.8
1131960 2583.4
1131970 2589.4
1131980 2589.4
1131990 2595.0
1132000 2599.7
1132010 2599.7
1132020 2604.6
1132030 2620.5
1132040 2629.3
1132050 2629.3
1132060 2638.3
1132070 2644.6
1132080 2644.6
1132090 2650.3
1132100 2656.5
1132110 2656.5
1132120 2665.4
1132130 2668.6
1132140 2668.6
1132150 2670.9
1132160 2676.1
1132170 2676.1
1132180 2681.4
1132190 2680.9
1132200 2680.9
1132210 2677.3
1132220 2669.2
1132230 2656.9
1132240 2656.9
1132250 2649.2
1132260 2643.8
1132270 2638.8
1132280 2633.3
1132290 2626.4
1132300 2626.4
1132310 2619.0
1132320 2613.1
1132330 2613.1
1132340 2607.9
1132350 2602.7
1132360 2602.7
1132370 2598.0
1132380 2593.0
1132390 2593.0
1132400 2588.4
1132410 2583.6
1132420 2583.6
1132430 2577.4
1132440 2566.1
1132450 2552.6
1132460 2552.6
1132470 2544.1
1132480 2537.6
1132490 2537.6
1132500 2529.9
1132510 2521.4
1132520 2521.4
1132530 2512.5
1132540 2502.4
1132550 2502.4
1132560 2492.7
1132570 2485.6
1132580 2485.6
1132590 2479.1
1132600 2472.9
1132610 2472.9
1132620 2467.8
1132630 2459.3
1132640 2455.5
1132650 2455.5
1132660 2451.8
1132670 2449.0
1132680 2449.0
1132690 2447.2
1132700 2446.3
1132710 2446.3
1132720 2442.9
1132730 2439.2
1132740 2439.2
1132750 2437.8
1132760 2434.9
1132770 2434.9
1132780 2430.9
1132790 2425.9
1132800 2425.9
1132810 2419.6
1132820 2412.5
1132830 2412.5
1132840 2407.1
1132850 2401.4
1132860 2395.7
1132870 2395.7
1132880 2390.2
1132890 2386.0
1132900 2386.0
1132910 2380.8
1132920 2374.9
1132930 2374.9
1132940 2366.1
1132950 2353.3
1132960 2353.3
1132970 2342.8
1132980 2333.9
1132990 2330.6
1133000 2323.6
1133010 2315.9
1133020 2315.9
1133030 2309.0
1133040 2305.4
1133050 2303.0
1133060 2303.0
1133070 2300.7
1133080 2298.8
1133090 2298.8
1133100 2296.2
1133110 2289.8
1133120 2289.8
1133130 2275.5
1133140 2257.2
1133150 2257.2
1133160 2248.0
1133170 2240.4
1133180 2240.4
1133190 2228.5
1133200 2220.3
1133210 2220.3
1133220 2216.7
1133230 2208.8
1133240 2208.8
1133250 2199.6
1133260 2191.6
1133270 2182.3
1133280 2182.3
1133290 2175.2
1133300 2169.7
1133310 2169.7
1133320 2164.9
1133330 2160.5
1133340 2160.5
1133350 2154.3
1133360 2144.1
1133370 2144.1
1133380 2130.7
1133390 2114.4
1133400 2114.4
1133410 2083.7
1133420 2050.4
1133430 2050.4
1133440 2020.8
1133450 2011.7
1133460 2001.4
1133470 2001.4
1133480 1994.0
1133490 1991.7
1133500 1991.7
1133510 1997.3
1133520 1999.4
1133530 1999.4
1133540 1998.7
1133550 1999.3
1133560 1999.3
1133570 1995.0
1133580 1987.9
1133590 1987.9
1133600 1976.7
1133610 1967.2
1133620 1967.2
1133630 1956.5
1133640 1936.3
1133650 1911.7
1133660 1911.7
1133670 1897.6
1133680 1886.6
1133690 1886.6
1133700 1873.5
1133710 1857.7
1133720 1857.7
1133730 1846.1
1133740 1835.5
1133750 1835.5
1133760 1826.4
1133770 1820.3
1133780 1820.3
1133790 1818.3
1133800 1813.1
1133810 1813.1
1133820 1803.5
1133830 1789.3
1133840 1789.3
1133850 1777.9
1133860 1768.9
1133870 1762.9
1133880 1762.9
1133890 1757.2
1133900 1750.9
1133910 1750.9
1133920 1744.6
1133930 1738.1
1133940 1738.1
1133950 1731.8
1133960 1725.4
1133970 1725.4
1133980 1719.4
1133990 1714.1
1134000 1714.1
1134010 1710.1
1134020 1706.6
1134030 1706.6
1134040 1703.4
1134050 1700.1
1134060 1696.6
1134070 1695.4
1134080 1693.1
1134090 1691.5
1134100 1691.5
1134110 1690.3
1134120 1689.0
1134130 1689.0
1134140 1687.6
1134150 1685.9
1134160 1685.9
1134170 1684.2
1134180 1682.2
1134190 1682.2
1134200 1680.3
1134210 1676.6
1134220 1676.6
1134230 1674.6
1134240 1673.6
1134250 1673.6
1134260 1673.8
1134270 1675.6
1134280 1677.2
1134290 1677.2
1134300 1679.2
1134310 1680.9
1134320 1680.9
1134330 1683.1
1134340 1685.0
1134350 1685.0
1134360 1686.9
1134370 1688.7
1134380 1688.7
1134390 1690.7
1134400 1693.8
1134410 1693.8
1134420 1696.2
1134430 1700.2
1134440 1700.2
1134450 1702.6
1134460 1705.7
1134470 1710.6
1134480 1710.6
1134490 1714.8
1134500 1718.2
1134510 1718.2
1134520 1721.0
1134530 1725.1
1134540 1725.1
1134550 1730.4
1134560 1736.5
1134570 1736.5
1134580 1742.0
1134590 1746.8
1134600 1746.8
1134610 1751.7
1134620 1756.2
1134630 1756.2
1134640 1760.7
1134650 1765.6
1134660 1771.2
1134670 1771.2
1134680 1776.6
1134690 1781.7
1134700 1781.7
1134710 1787.6
1134720 1794.8
1134730 1794.8
1134740 1801.5
1134750 1808.1
1134760 1808.1
1134770 1814.2
1134780 1818.9
1134790 1820.7
1134800 1826.9
1134810 1833.1
1134820 1833.1
1134830 1840.7
1134840 1848.9
1134850 1848.9
1134860 1855.8
1134870 1862.0
1134880 1868.5
1134890 1868.5
1134900 1875.2
1134910 1881.7
1134920 1881.7
1134930 1888.5
1134940 1895.1
1134950 1895.1
1134960 1901.8
1134970 1907.6
1134980 1907.6
1134990 1913.1
1135000 1919.1
1135010 1919.1
1135020 1925.9
1135030 1933.1
1135040 1933.1
1135050 1939.8
1135060 1946.1
1135070 1953.2
1135080 1953.2
1135090 1960.6
1135100 1968.1
1135110 1968.1
1135120 1975.9
1135130 1983.9
1135140 1983.9
1135150 1998.5
1135160 2012.1
1135170 2012.1
1135180 2020.3
1135190 2026.0
1135200 2026.0
1135210 2031.7
1135220 2041.7
1135230 2041.7
1135240 2048.6
1135250 2055.1
1135260 2055.1
1135270 2062.1
1135280 2067.2
1135290 2072.0
1135300 2072.0
1135310 2077.1
1135320 2081.9
1135330 2081.9
1135340 2086.2
1135350 2090.5
1135360 2090.5
1135370 2095.3
1135380 2099.8
1135390 2099.8
1135400 2104.7
1135410 2110.3
1135420 2110.3
1135430 2118.7
1135440 2128.5
1135450 2128.5
1135460 2135.5
1135470 2140.7
1135480 2143.6
1135490 2143.6
1135500 2147.3
1135510 2151.3
1135520 2151.9
1135530 2156.6
1135540 2161.9
1135550 2161.9
1135560 2167.1
1135570 2172.4
1135580 2172.4
1135590 2177.5
1135600 2182.6
1135610 2182.6
1135620 2187.6
1135630 2192.5
1135640 2192.5
1135650 2197.2
1135660 2202.0
1135670 2202.0
1135680 2206.6
1135690 2210.9
1135700 2214.8
1135710 2214.8
1135720 2218.8
1135730 2222.8
1135740 2222.8
1135750 2227.1
1135760 2231.1
1135770 2231.1
1135780 2233.6
1135790 2235.9
1135800 2235.9
1135810 2238.1
1135820 2241.9
1135830 2241.9
1135840 2245.6
1135850 2247.7
1135860 2247.7
1135870 2250.2
1135880 2255.6
1135890 2258.8
1135900 2258.8
1135910 2262.3
1135920 2266.9
1135930 2266.9
1135940 2271.9
1135950 2276.6
1135960 2276.6
1135970 2281.1
1135980 2287.9
1135990 2287.9
1136000 2294.5
1136010 2299.9
1136020 2299.9
1136030 2304.7
1136040 2307.3
1136050 2307.3
1136060 2308.6
1136070 2310.2
1136080 2312.6
1136090 2312.6
1136100 2316.9
1136110 2321.5
1136120 2321.5
1136130 2326.0
1136140 2330.6
1136150 2330.6
1136160 2336.4
1136170 2343.1
1136180 2343.1
1136190 2348.6
1136200 2352.2
1136210 2352.2
1136220 2355.4
1136230 2360.2
1136240 2365.8
1136250 2371.1
1136260 2377.0
1136270 2377.0
1136280 2383.4
1136290 2387.3
1136300 2388.6
1136310 2388.6
1136320 2390.3
1136330 2394.7
1136340 2394.7
1136350 2400.0
1136360 2403.8
1136370 2403.8
1136380 2408.1
1136390 2411.6
1136400 2411.6
1136410 2415.9
1136420 2421.3
1136430 2421.3
1136440 2426.5
1136450 2433.7
1136460 2433.7
1136470 2442.4
1136480 2451.5
1136490 2459.6
1136500 2459.6
1136510 2465.7
1136520 2469.9
1136530 2469.9
1136540 2474.4
1136550 2479.7
1136560 2479.7
1136570 2485.8
1136580 2492.4
1136590 2492.4
1136600 2499.3
1136610 2508.5
1136620 2508.5
1136630 2515.8
1136640 2522.5
1136650 2522.5
1136660 2529.1
1136670 2536.4
1136680 2536.4
1136690 2544.2
1136700 2551.6
1136710 2559.1
1136720 2559.1
1136730 2566.2
1136740 2574.2
1136750 2574.2
1136760 2582.6
1136770 2590.1
1136780 2590.1
1136790 2594.3
1136800 2589.5
1136810 2589.5
1136820 2582.3
1136830 2576.1
1136840 2576.1
1136850 2570.2
1136860 2565.2
1136870 2565.2
1136880 2559.0
1136890 2552.7
1136900 2548.2
1136910 2548.2
1136920 2541.4
1136930 2528.6
1136940 2528.6
1136950 2517.5
1136960 2509.6
1136970 2506.5
1136980 2499.1
1136990 2493.0
1137000 2493.0
1137010 2486.4
1137020 2479.4
1137030 2479.4
1137040 2472.5
1137050 2465.6
1137060 2465.6
1137070 2458.8
1137080 2452.8
1137090 2447.2
1137100 2447.2
1137110 2441.1
1137120 2435.0
1137130 2435.0
1137140 2429.2
1137150 2423.9
1137160 2423.9
1137170 2418.7
1137180 2414.4
1137190 2414.4
1137200 2411.0
1137210 2407.3
1137220 2407.3
1137230 2403.1
1137240 2397.0
1137250 2397.0
1137260 2389.6
1137270 2382.9
1137280 2382.9
1137290 2376.8
1137300 2371.2
1137310 2366.2
1137320 2366.2
1137330 2361.6
1137340 2356.4
1137350 2356.4
1137360 2353.6
1137370 2353.1
1137380 2353.1
1137390 2351.6
1137400 2350.2
1137410 2350.2
1137420 2347.7
1137430 2344.8
1137440 2344.8
1137450 2342.0
1137460 2337.5
1137470 2337.5
1137480 2331.2
1137490 2324.0
1137500 2316.4
1137510 2316.4
1137520 2307.9
1137530 2299.2
1137540 2299.2
1137550 2290.3
1137560 2281.7
1137570 2281.7
1137580 2273.2
1137590 2265.2
1137600 2265.2
1137610 2256.0
1137620 2247.7
1137630 2247.7
1137640 2239.6
1137650 2232.0
1137660 2232.0
1137670 2224.4
1137680 2215.9
1137690 2215.9
1137700 2210.1
1137710 2201.7
1137720 2192.5
1137730 2192.5
1137740 2184.4
1137750 2176.4
1137760 2176.4
1137770 2168.4
1137780 2160.1
1137790 2160.1
1137800 2151.4
1137810 2142.1
1137820 2142.1
1137830 2132.5
1137840 2123.3
1137850 2123.3
1137860 2115.2
1137870 2106.0
1137880 2106.0
1137890 2096.2
1137900 2087.0
1137910 2077.6
1137920 2077.6
1137930 2067.6
1137940 2058.6
1137950 2058.6
1137960 2048.4
1137970 2039.9
1137980 2039.9
1137990 2033.2
1138000 2026.4
1138010 2026.4
1138020 2019.2
1138030 2012.1
1138040 2012.1
1138050 2004.8
1138060 1995.7
1138070 1995.7
1138080 1989.0
1138090 1983.0
1138100 1983.0
1138110 1976.8
1138120 1970.0
1138130 1962.9
1138140 1962.9
1138150 1956.6
1138160 1951.9
1138170 1951.9
1138180 1949.8
1138190 1949.2
1138200 1949.2
1138210 1949.3
1138220 1949.2
1138230 1949.2
1138240 1949.2
1138250 1949.2
1138260 1949.2
1138270 1949.1
1138280 1949.3
1138290 1949.3
1138300 1949.1
1138310 1949.3
1138320 1951.3
1138330 1951.3
1138340 1954.8
1138350 1958.6
1138360 1958.6
1138370 1962.5
1138380 1966.4
1138390 1966.4
1138400 1970.5
1138410 1974.7
1138420 1974.7
1138430 1980.0
1138440 1984.7
1138450 1984.7
1138460 1989.5
1138470 1994.8
1138480 1994.8
1138490 2000.1
1138500 2005.5
1138510 2010.9
1138520 2010.9
1138530 2016.4
1138540 2022.0
1138550 2022.0
1138560 2027.8
1138570 2033.6
1138580 2033.6
1138590 2039.6
1138600 2045.6
1138610 2045.6
1138620 2051.6
1138630 2057.8
1138640 2057.8
1138650 2064.0
1138660 2070.2
1138670 2070.2
1138680 2076.5
1138690 2082.7
1138700 2082.7
1138710 2088.5
1138720 2094.8
1138730 2101.4
1138740 2101.4
1138750 2107.8
1138760 2114.5
1138770 2114.5
1138780 2121.4
1138790 2128.0
1138800 2128.0
1138810 2134.7
1138820 2141.7
1138830 2141.7
1138840 2148.9
1138850 2156.7
1138860 2156.7
1138870 2165.1
1138880 2173.6
1138890 2173.6
1138900 2181.8
1138910 2190.0
1138920 2198.0
1138930 2198.0
1138940 2206.0
1138950 2213.8
1138960 2213.8
1138970 2221.0
1138980 2228.8
1138990 2228.8
1139000 2236.2
1139010 2243.1
1139020 2243.1
1139030 2249.8
1139040 2256.2
1139050 2256.2
1139060 2263.5
1139070 2270.1
1139080 2270.1
1139090 2275.5
1139100 2281.3
1139110 2281.3
1139120 2287.7
1139130 2295.0
1139140 2302.2
1139150 2302.2
1139160 2306.8
1139170 2313.7
1139180 2313.7
1139190 2320.1
1139200 2327.0
1139210 2327.0
1139220 2334.0
1139230 2341.4
1139240 2341.4
1139250 2348.6
1139260 2355.8
1139270 2355.8
1139280 2362.6
1139290 2369.4
1139300 2369.4
1139310 2375.5
1139320 2379.6
1139330 2382.7
1139340 2382.7
1139350 2385.7
1139360 2389.0
1139370 2389.0
1139380 2392.6
1139390 2396.6
1139400 2396.6
1139410 2400.7
1139420 2404.6
1139430 2404.6
1139440 2408.6
1139450 2413.1
1139460 2413.1
1139470 2418.1
1139480 2423.3
1139490 2423.3
1139500 2427.9
1139510 2432.0
1139520 2435.7
1139530 2439.3
1139540 2442.9
1139550 2445.8
1139560 2445.8
1139570 2448.3
1139580 2450.2
1139590 2450.2
1139600 2450.9
1139610 2452.1
1139620 2452.1
1139630 2456.5
1139640 2462.4
1139650 2462.4
1139660 2467.8
1139670 2472.3
1139680 2472.3
1139690 2476.6
1139700 2480.5
1139710 2480.5
1139720 2484.1
1139730 2487.3
1139740 2490.1
1139750 2490.1
1139760 2493.5
1139770 2498.3
1139780 2498.3
1139790 2503.2
1139800 2507.6
1139810 2507.6
1139820 2511.4
1139830 2514.6
1139840 2514.6
1139850 2517.4
1139860 2518.3
1139870 2518.3
1139880 2519.3
1139890 2530.9
1139900 2530.9
1139910 2534.3
1139920 2536.7
1139930 2538.7
1139940 2538.7
1139950 2541.2
1139960 2543.5
1139970 2543.5
1139980 2546.5
1139990 2551.3
