1120000 1602.2
1120010 1595.5
1120020 1588.6
1120030 1588.6
1120040 1582.2
1120050 1574.7
1120060 1574.7
1120070 1567.1
1120080 1562.6
1120090 1562.6
1120100 1557.1
1120110 1549.0
1120120 1549.0
1120130 1541.3
1120140 1533.5
1120150 1533.5
1120160 1522.6
1120170 1519.5
1120180 1517.4
1120190 1517.4
1120200 1512.3
1120210 1504.6
1120220 1504.6
1120230 1497.5
1120240 1491.1
1120250 1491.1
1120260 1485.6
1120270 1480.5
1120280 1480.5
1120290 1476.4
1120300 1472.5
1120310 1472.5
1120320 1469.3
1120330 1465.2
1120340 1465.2
1120350 1461.6
1120360 1458.8
1120370 1458.8
1120380 1456.4
1120390 1454.2
1120400 1452.7
1120410 1452.7
1120420 1449.5
1120430 1442.8
1120440 1442.8
1120450 1438.8
1120460 1438.9
1120470 1438.9
1120480 1441.3
1120490 1445.0
1120500 1445.0
1120510 1445.4
1120520 1447.6
1120530 1447.6
1120540 1449.5
1120550 1448.5
1120560 1448.5
1120570 1448.6
1120580 1448.0
1120590 1447.0
1120600 1447.0
1120610 1447.0
1120620 1447.4
1120630 1447.4
1120640 1446.8
1120650 1447.1
1120660 1447.1
1120670 1448.2
1120680 1448.2
1120690 1448.2
1120700 1448.9
1120710 1449.6
1120720 1449.6
1120730 1450.0
1120740 1450.2
1120750 1450.2
1120760 1449.0
1120770 1448.2
1120780 1448.2
1120790 1447.7
1120800 1447.7
1120810 1454.1
1120820 1454.1
1120830 1458.1
1120840 1460.4
1120850 1460.4
1120860 1464.2
1120870 1469.4
1120880 1469.4
1120890 1472.1
1120900 1474.7
1120910 1474.7
1120920 1477.8
1120930 1482.0
1120940 1482.0
1120950 1486.7
1120960 1492.2
1120970 1492.2
1120980 1497.6
1120990 1502.7
1121000 1508.4
1121010 1508.4
1121020 1513.5
1121030 1518.6
1121040 1518.6
1121050 1524.0
1121060 1529.6
1121070 1529.6
1121080 1534.8
1121090 1538.9
1121100 1538.9
1121110 1543.7
1121120 1548.9
1121130 1548.9
1121140 1555.2
1121150 1561.1
1121160 1565.4
1121170 1571.3
1121180 1576.9
1121190 1582.5
1121200 1582.5
1121210 1588.1
1121220 1593.5
1121230 1593.5
1121240 1598.7
1121250 1603.2
1121260 1603.2
1121270 1607.6
1121280 1612.5
1121290 1612.5
1121300 1617.5
1121310 1622.6
1121320 1622.6
1121330 1628.2
1121340 1633.3
1121350 1633.3
1121360 1635.9
1121370 1635.3
1121380 1635.3
1121390 1638.0
1121400 1640.4
1121410 1643.5
1121420 1643.5
1121430 1652.8
1121440 1660.8
1121450 1660.8
1121460 1665.5
1121470 1669.9
1121480 1669.9
1121490 1675.4
1121500 1686.7
1121510 1705.6
1121520 1708.4
1121530 1718.2
1121540 1718.2
1121550 1745.1
1121560 1756.6
1121570 1756.6
1121580 1762.6
1121590 1770.5
1121600 1780.4
1121610 1780.4
1121620 1787.2
1121630 1793.4
1121640 1793.4
1121650 1799.0
1121660 1799.4
1121670 1799.4
1121680 1790.6
1121690 1782.1
1121700 1782.1
1121710 1771.7
1121720 1761.5
1121730 1761.5
1121740 1760.6
1121750 1764.2
1121760 1764.2
1121770 1767.3
1121780 1768.4
1121790 1768.4
1121800 1772.6
1121810 1778.6
1121820 1780.5
1121830 1780.5
1121840 1783.5
1121850 1793.8
1121860 1793.8
1121870 1799.1
1121880 1809.6
1121890 1809.6
1121900 1821.4
1121910 1828.4
1121920 1828.4
1121930 1838.7
1121940 1850.2
1121950 1850.2
1121960 1858.3
1121970 1865.2
1121980 1865.2
1121990 1875.0
1122000 1886.0
1122010 1897.0
1122020 1897.0
1122030 1905.7
1122040 1911.8
1122050 1911.8
1122060 1918.1
1122070 1924.9
1122080 1924.9
1122090 1936.6
1122100 1956.1
1122110 1956.1
1122120 1968.1
1122130 1974.0
1122140 1974.0
1122150 1978.7
1122160 1980.5
1122170 1980.5
1122180 1981.6
1122190 1987.5
1122200 1994.5
1122210 2000.6
1122220 2006.5
1122230 2012.9
1122240 2012.9
1122250 2019.0
1122260 2023.9
1122270 2023.9
1122280 2030.8
1122290 2038.6
1122300 2038.6
1122310 2047.9
1122320 2048.7
1122330 2048.7
1122340 2051.3
1122350 2050.1
1122360 2050.1
1122370 2051.6
1122380 2052.7
1122390 2052.7
1122400 2053.0
1122410 2059.1
1122420 2065.5
1122430 2065.5
1122440 2068.3
1122450 2068.5
1122460 2068.5
1122470 2073.9
1122480 2087.9
1122490 2087.9
1122500 2101.1
1122510 2118.4
1122520 2118.4
1122530 2137.8
1122540 2146.3
1122550 2158.5
1122560 2165.2
1122570 2177.8
1122580 2177.8
1122590 2180.8
1122600 2179.5
1122610 2185.7
1122620 2185.7
1122630 2212.6
1122640 2231.4
1122650 2231.4
1122660 2231.1
1122670 2235.9
1122680 2235.9
1122690 2237.5
1122700 2226.1
1122710 2226.1
1122720 2217.8
1122730 2213.3
1122740 2213.3
1122750 2210.8
1122760 2209.9
1122770 2209.9
1122780 2206.4
1122790 2199.2
1122800 2199.2
1122810 2191.3
1122820 2183.0
1122830 2178.0
1122840 2178.0
1122850 2165.7
1122860 2151.8
1122870 2151.8
1122880 2136.3
1122890 2126.1
1122900 2123.1
1122910 2114.1
1122920 2106.2
1122930 2106.2
1122940 2098.3
1122950 2090.5
1122960 2090.5
1122970 2082.4
1122980 2076.0
1122990 2076.0
1123000 2070.1
1123010 2064.2
1123020 2058.4
1123030 2058.4
1123040 2053.1
1123050 2047.9
1123060 2047.9
1123070 2041.3
1123080 2035.1
1123090 2035.1
1123100 2029.2
1123110 2023.2
1123120 2023.2
1123130 2017.0
1123140 2010.4
1123150 2010.4
1123160 2004.4
1123170 1996.6
1123180 1996.6
1123190 1989.4
1123200 1982.5
1123210 1982.5
1123220 1975.7
1123230 1966.4
1123240 1956.4
1123250 1953.4
1123260 1941.7
1123270 1930.1
1123280 1930.1
1123290 1920.6
1123300 1912.7
1123310 1912.7
1123320 1906.0
1123330 1900.2
1123340 1900.2
1123350 1895.2
1123360 1890.9
1123370 1890.9
1123380 1887.3
1123390 1884.8
1123400 1884.8
1123410 1882.8
1123420 1880.9
1123430 1879.8
1123440 1879.8
1123450 1879.0
1123460 1877.9
1123470 1877.9
1123480 1876.3
1123490 1877.1
1123500 1877.1
1123510 1881.2
1123520 1885.1
1123530 1885.1
1123540 1888.9
1123550 1893.2
1123560 1893.2
1123570 1897.9
1123580 1903.2
1123590 1903.2
1123600 1910.1
1123610 1914.0
1123620 1917.8
1123630 1917.8
1123640 1923.1
1123650 1927.2
1123660 1927.2
1123670 1932.5
1123680 1939.7
1123690 1939.7
1123700 1946.9
1123710 1956.3
1123720 1956.3
1123730 1965.0
1123740 1973.1
1123750 1973.1
1123760 1981.2
1123770 1988.5
1123780 1988.5
1123790 1993.2
1123800 1997.7
1123810 1997.7
1123820 2003.5
1123830 2009.7
1123840 2015.8
1123850 2015.8
1123860 2022.1
1123870 2028.8
1123880 2028.8
1123890 2035.3
1123900 2042.0
1123910 2042.0
1123920 2048.5
1123930 2054.7
1123940 2054.7
1123950 2066.4
1123960 2077.1
1123970 2077.1
1123980 2087.3
1123990 2099.4
1124000 2099.4
1124010 2112.8
1124020 2121.8
1124030 2125.8
1124040 2125.8
1124050 2127.8
1124060 2133.7
1124070 2133.7
1124080 2137.5
1124090 2141.5
1124100 2141.5
1124110 2146.8
1124120 2151.8
1124130 2151.8
1124140 2156.5
1124150 2162.6
1124160 2162.6
1124170 2168.7
1124180 2174.2
1124190 2174.2
1124200 2180.5
1124210 2186.8
1124220 2186.8
1124230 2191.3
1124240 2195.9
1124250 2201.1
1124260 2201.1
1124270 2206.0
1124280 2208.3
1124290 2208.3
1124300 2214.8
1124310 2217.0
1124320 2217.0
1124330 2217.4
1124340 2214.4
1124350 2214.4
1124360 2209.6
1124370 2202.7
1124380 2202.7
1124390 2192.0
1124400 2183.5
1124410 2183.5
1124420 2180.6
1124430 2178.9
1124440 2175.8
1124450 2175.8
1124460 2173.6
1124470 2172.0
1124480 2172.0
1124490 2170.1
1124500 2170.9
1124510 2170.9
1124520 2170.6
1124530 2169.5
1124540 2169.5
1124550 2169.7
1124560 2167.4
1124570 2167.4
1124580 2168.1
1124590 2170.4
1124600 2170.4
1124610 2172.5
1124620 2175.1
1124630 2175.1
1124640 2177.7
1124650 2180.4
1124660 2188.6
1124670 2188.6
1124680 2192.7
1124690 2196.7
1124700 2196.7
1124710 2200.3
1124720 2204.0
1124730 2204.0
1124740 2207.2
1124750 2209.2
1124760 2209.2
1124770 2212.1
1124780 2212.8
1124790 2212.8
1124800 2212.7
1124810 2212.3
1124820 2212.3
1124830 2211.9
1124840 2210.3
1124850 2212.2
1124860 2212.2
1124870 2212.8
1124880 2211.6
1124890 2211.6
1124900 2209.3
1124910 2209.2
1124920 2209.2
1124930 2210.6
1124940 2212.3
1124950 2212.3
1124960 2212.8
1124970 2214.7
1124980 2214.7
1124990 2218.6
1125000 2220.0
1125010 2224.5
1125020 2224.7
1125030 2224.4
1125040 2224.3
1125050 2224.3
1125060 2224.2
1125070 2223.3
1125080 2223.3
1125090 2222.4
1125100 2224.6
1125110 2224.6
1125120 2227.8
1125130 2231.0
1125140 2231.0
1125150 2233.2
1125160 2235.7
1125170 2235.7
1125180 2236.4
1125190 2236.0
1125200 2236.0
1125210 2236.0
1125220 2234.7
1125230 2234.7
1125240 2234.4
1125250 2234.7
1125260 2234.7
1125270 2234.7
1125280 2234.2
1125290 2234.0
1125300 2234.0
1125310 2234.9
1125320 2236.6
1125330 2236.6
1125340 2235.8
1125350 2232.9
1125360 2235.2
1125370 2233.1
1125380 2232.9
1125390 2232.9
1125400 2231.4
1125410 2229.3
1125420 2229.3
1125430 2231.5
1125440 2231.4
1125450 2230.8
1125460 2230.8
1125470 2234.7
1125480 2238.5
1125490 2238.5
1125500 2239.3
1125510 2239.6
1125520 2239.6
1125530 2241.7
1125540 2245.3
1125550 2245.3
1125560 2247.4
1125570 2248.8
1125580 2248.8
1125590 2249.6
1125600 2249.6
1125610 2249.6
1125620 2248.8
1125630 2249.6
1125640 2249.6
1125650 2252.5
1125660 2254.2
1125670 2254.2
1125680 2254.2
1125690 2256.8
1125700 2258.5
1125710 2260.1
1125720 2260.7
1125730 2261.3
1125740 2261.3
1125750 2259.5
1125760 2258.7
1125770 2258.7
1125780 2258.6
1125790 2259.1
1125800 2259.1
1125810 2259.1
1125820 2259.1
1125830 2259.1
1125840 2260.2
1125850 2261.5
1125860 2262.0
1125870 2262.0
1125880 2261.9
1125890 2261.4
1125900 2261.4
1125910 2262.8
1125920 2264.3
1125930 2264.3
1125940 2263.0
1125950 2258.9
1125960 2258.9
1125970 2256.2
1125980 2256.7
1125990 2256.7
1126000 2256.8
1126010 2254.4
1126020 2254.4
1126030 2253.5
1126040 2253.9
1126050 2253.9
1126060 2256.4
1126070 2254.9
1126080 2251.1
1126090 2251.1
1126100 2247.7
1126110 2243.8
1126120 2243.8
1126130 2241.7
1126140 2238.6
1126150 2238.6
1126160 2234.6
1126170 2233.3
1126180 2233.3
1126190 2229.3
1126200 2228.3
1126210 2228.3
1126220 2230.9
1126230 2233.7
1126240 2233.7
1126250 2236.1
1126260 2236.4
1126270 2235.7
1126280 2235.7
1126290 2233.2
1126300 2233.2
1126310 2233.2
1126320 2236.3
1126330 2237.5
1126340 2237.5
1126350 2236.8
1126360 2235.1
1126370 2235.1
1126380 2231.3
1126390 2229.7
1126400 2229.7
1126410 2227.4
1126420 2227.2
1126430 2227.2
1126440 2227.3
1126450 2225.7
1126460 2223.6
1126470 2223.6
1126480 2223.1
1126490 2224.6
1126500 2224.6
1126510 2224.3
1126520 2220.7
1126530 2220.7
1126540 2216.5
1126550 2213.8
1126560 2213.8
1126570 2213.0
1126580 2209.4
1126590 2209.4
1126600 2210.0
1126610 2209.0
1126620 2209.0
1126630 2207.3
1126640 2204.2
1126650 2204.2
1126660 2202.2
1126670 2201.4
1126680 2202.5
1126690 2202.5
1126700 2203.0
1126710 2203.8
1126720 2203.8
1126730 2206.2
1126740 2208.7
1126750 2208.7
1126760 2210.1
1126770 2211.2
1126780 2211.2
1126790 2213.4
1126800 2217.0
1126810 2217.0
1126820 2220.5
1126830 2225.8
1126840 2225.8
1126850 2230.6
1126860 2233.6
1126870 2233.9
1126880 2233.9
1126890 2234.0
1126900 2232.6
1126910 2232.6
1126920 2232.1
1126930 2235.9
1126940 2235.9
1126950 2238.3
1126960 2239.5
1126970 2239.5
1126980 2242.2
1126990 2246.9
1127000 2246.9
1127010 2249.8
1127020 2253.3
1127030 2253.3
1127040 2256.8
1127050 2259.3
1127060 2259.3
1127070 2259.9
1127080 2261.3
1127090 2264.5
1127100 2264.5
1127110 2266.4
1127120 2270.2
1127130 2268.4
1127140 2273.0
1127150 2275.9
1127160 2275.9
1127170 2279.4
1127180 2281.0
1127190 2281.0
1127200 2281.6
1127210 2282.1
1127220 2282.1
1127230 2284.0
1127240 2285.4
1127250 2285.4
1127260 2287.1
1127270 2288.5
1127280 2289.9
1127290 2289.9
1127300 2289.7
1127310 2290.0
1127320 2290.0
1127330 2289.7
1127340 2289.0
1127350 2289.0
1127360 2286.4
1127370 2283.8
1127380 2283.8
1127390 2283.4
1127400 2283.6
1127410 2283.6
1127420 2281.2
1127430 2279.9
1127440 2279.9
1127450 2278.7
1127460 2277.6
1127470 2277.6
1127480 2277.5
1127490 2273.8
1127500 2271.1
1127510 2271.1
1127520 2267.5
1127530 2262.0
1127540 2262.0
1127550 2257.7
1127560 2254.0
1127570 2254.0
1127580 2251.3
1127590 2249.6
1127600 2249.6
1127610 2244.2
1127620 2238.7
1127630 2238.7
1127640 2234.1
1127650 2231.1
1127660 2231.1
1127670 2229.0
1127680 2226.7
1127690 2224.8
1127700 2224.8
1127710 2224.3
1127720 2224.2
1127730 2224.2
1127740 2224.2
1127750 2224.5
1127760 2224.5
1127770 2225.7
1127780 2229.2
1127790 2229.2
1127800 2232.2
1127810 2232.8
1127820 2232.8
1127830 2230.9
1127840 2230.7
1127850 2230.7
1127860 2229.0
1127870 2226.0
1127880 2221.1
1127890 2221.1
1127900 2216.3
1127910 2209.1
1127920 2209.1
1127930 2201.4
1127940 2194.7
1127950 2194.7
1127960 2188.4
1127970 2182.2
1127980 2182.2
1127990 2175.3
1128000 2167.8
1128010 2167.8
1128020 2157.6
1128030 2150.5
1128040 2150.5
1128050 2144.4
1128060 2136.6
1128070 2136.6
1128080 2128.1
1128090 2119.4
1128100 2109.2
1128110 2109.2
1128120 2098.6
1128130 2090.7
1128140 2090.7
1128150 2083.4
1128160 2076.9
1128170 2076.9
1128180 2070.6
1128190 2060.7
1128200 2060.7
1128210 2052.9
1128220 2046.0
1128230 2046.0
1128240 2038.5
1128250 2031.1
1128260 2031.1
1128270 2023.7
1128280 2017.0
1128290 2009.2
1128300 2009.2
1128310 2002.5
1128320 1995.8
1128330 1995.8
1128340 1988.0
1128350 1979.7
1128360 1979.7
1128370 1972.7
1128380 1965.3
1128390 1965.3
1128400 1961.3
1128410 1956.4
1128420 1956.4
1128430 1951.6
1128440 1946.5
1128450 1946.5
1128460 1940.4
1128470 1934.0
1128480 1934.0
1128490 1927.5
1128500 1920.7
1128510 1913.9
1128520 1913.9
1128530 1907.5
1128540 1898.8
1128550 1898.8
1128560 1891.4
1128570 1883.1
1128580 1883.1
1128590 1874.7
1128600 1867.3
1128610 1867.3
1128620 1859.5
1128630 1851.5
1128640 1851.5
1128650 1844.2
1128660 1839.4
1128670 1839.4
1128680 1835.4
1128690 1830.5
1128700 1825.4
1128710 1825.4
1128720 1819.1
1128730 1811.9
1128740 1811.9
1128750 1805.3
1128760 1799.8
1128770 1799.8
1128780 1794.8
1128790 1790.3
1128800 1790.3
1128810 1785.7
1128820 1780.0
1128830 1780.0
1128840 1774.7
1128850 1769.9
1128860 1769.9
1128870 1765.2
1128880 1761.4
1128890 1757.4
1128900 1753.7
1128910 1752.1
1128920 1750.9
1128930 1750.9
1128940 1749.4
1128950 1747.2
1128960 1747.2
1128970 1743.8
1128980 1744.5
1128990 1744.5
1129000 1748.0
1129010 1750.9
1129020 1750.9
1129030 1752.0
1129040 1751.5
1129050 1751.5
1129060 1749.9
1129070 1749.0
1129080 1749.0
1129090 1749.2
1129100 1748.8
1129110 1748.9
1129120 1748.9
1129130 1748.7
1129140 1748.6
1129150 1748.6
1129160 1749.4
1129170 1750.2
1129180 1750.2
1129190 1751.0
1129200 1752.4
1129210 1752.4
1129220 1753.8
1129230 1755.0
1129240 1755.0
1129250 1755.3
1129260 1754.2
1129270 1754.2
1129280 1753.3
1129290 1753.4
1129300 1753.8
1129310 1753.8
1129320 1755.8
1129330 1757.1
1129340 1757.1
1129350 1756.6
1129360 1756.3
1129370 1756.3
1129380 1757.3
1129390 1756.2
1129400 1756.2
1129410 1756.4
1129420 1757.6
1129430 1757.6
1129440 1759.0
1129450 1759.5
1129460 1759.5
1129470 1759.5
1129480 1760.0
1129490 1760.0
1129500 1762.6
1129510 1766.7
1129520 1771.2
1129530 1771.2
1129540 1776.4
1129550 1781.6
1129560 1781.6
1129570 1787.4
1129580 1794.8
1129590 1794.8
1129600 1804.5
1129610 1822.3
1129620 1822.3
1129630 1837.4
1129640 1846.9
1129650 1846.9
1129660 1853.8
1129670 1858.9
1129680 1858.9
1129690 1863.3
1129700 1868.5
1129710 1876.1
1129720 1876.1
1129730 1884.6
1129740 1887.5
1129750 1887.5
1129760 1883.9
1129770 1879.2
1129780 1879.2
1129790 1879.9
1129800 1895.7
1129810 1895.7
1129820 1919.9
1129830 1937.8
1129840 1937.8
1129850 1944.6
1129860 1949.0
1129870 1949.0
1129880 1951.7
1129890 1958.4
1129900 1958.4
1129910 1972.9
1129920 1992.9
1129930 2007.3
1129940 2007.3
1129950 2017.2
1129960 2031.7
1129970 2040.9
1129980 2053.7
1129990 2062.7
1130000 2062.7
1130010 2068.4
1130020 2073.7
1130030 2073.7
1130040 2079.0
1130050 2084.2
1130060 2084.2
1130070 2087.1
1130080 2089.0
1130090 2089.0
1130100 2091.3
1130110 2093.2
1130120 2095.6
1130130 2095.6
1130140 2098.1
1130150 2104.4
1130160 2104.4
1130170 2106.0
1130180 2101.9
1130190 2101.9
1130200 2106.7
1130210 2113.7
1130220 2113.7
1130230 2115.9
1130240 2116.3
1130250 2116.3
1130260 2115.0
1130270 2120.7
1130280 2120.7
1130290 2127.0
1130300 2132.5
1130310 2133.3
1130320 2141.2
1130330 2139.1
1130340 2141.5
1130350 2141.5
1130360 2140.5
1130370 2142.9
1130380 2142.9
1130390 2148.7
1130400 2144.7
1130410 2144.7
1130420 2138.7
1130430 2141.3
1130440 2141.3
1130450 2154.0
1130460 2166.8
1130470 2166.8
1130480 2177.4
1130490 2181.0
1130500 2181.0
1130510 2184.0
1130520 2187.7
1130530 2188.5
1130540 2188.5
1130550 2189.9
1130560 2191.6
1130570 2191.6
1130580 2193.4
1130590 2196.5
1130600 2196.5
1130610 2199.4
1130620 2202.6
1130630 2202.6
1130640 2206.0
1130650 2209.0
1130660 2209.0
1130670 2211.1
1130680 2217.5
1130690 2217.5
1130700 2219.2
1130710 2221.3
1130720 2223.9
1130730 2223.9
1130740 2226.8
1130750 2228.5
1130760 2228.5
1130770 2230.2
1130780 2233.8
1130790 2233.8
1130800 2237.0
1130810 2238.4
1130820 2238.4
1130830 2240.1
1130840 2244.0
1130850 2244.0
1130860 2247.2
1130870 2251.3
1130880 2251.3
1130890 2255.4
1130900 2259.1
1130910 2259.1
1130920 2264.0
1130930 2269.6
1130940 2275.6
1130950 2275.6
1130960 2281.5
1130970 2286.9
1130980 2286.9
1130990 2292.4
1131000 2302.0
1131010 2302.0
1131020 2320.6
1131030 2331.0
1131040 2339.9
1131050 2346.2
1131060 2350.2
1131070 2350.2
1131080 2354.2
1131090 2358.1
1131100 2358.1
1131110 2365.7
1131120 2375.5
1131130 2383.2
1131140 2383.2
1131150 2389.4
1131160 2395.4
1131170 2395.4
1131180 2400.2
1131190 2405.9
1131200 2405.9
1131210 2412.5
1131220 2419.6
1131230 2419.6
1131240 2432.2
1131250 2451.8
1131260 2451.8
1131270 2473.0
1131280 2494.5
1131290 2494.5
1131300 2510.5
1131310 2523.7
1131320 2535.1
1131330 2535.1
1131340 2546.2
1131350 2557.7
1131360 2557.7
1131370 2566.3
1131380 2570.8
1131390 2570.8
1131400 2580.6
1131410 2581.1
1131420 2581.1
1131430 2581.7
1131440 2582.5
1131450 2582.5
1131460 2582.3
1131470 2581.5
1131480 2581.5
1131490 2581.5
1131500 2580.9
1131510 2580.9
1131520 2579.3
1131530 2577.8
1131540 2575.9
1131550 2575.9
1131560 2574.1
1131570 2574.5
1131580 2574.5
1131590 2580.6
1131600 2592.8
1131610 2592.8
1131620 2605.0
1131630 2616.7
1131640 2616.7
1131650 2628.3
1131660 2644.8
1131670 2644.8
1131680 2650.8
1131690 2657.2
1131700 2657.2
1131710 2668.1
1131720 2671.6
1131730 2665.7
1131740 2665.7
1131750 2668.2
1131760 2686.6
1131770 2686.6
1131780 2690.8
1131790 2684.5
1131800 2684.5
1131810 2677.4
1131820 2673.0
1131830 2673.0
1131840 2670.1
1131850 2673.1
1131860 2673.1
1131870 2680.2
1131880 2681.4
1131890 2681.4
1131900 2677.7
1131910 2675.8
1131920 2675.8
1131930 2676.4
1131940 2677.0
1131950 2676.6
1131960 2676.6
1131970 2677.1
1131980 2680.4
1131990 2680.4
1132000 2682.9
1132010 2680.9
1132020 2680.9
1132030 2674.8
1132040 2665.4
1132050 2665.4
1132060 2655.0
1132070 2646.3
1132080 2646.3
1132090 2639.1
1132100 2633.5
1132110 2633.5
1132120 2621.4
1132130 2614.2
1132140 2605.4
1132150 2605.4
1132160 2593.3
1132170 2584.1
1132180 2584.1
1132190 2589.4
1132200 2584.1
1132210 2584.1
1132220 2565.5
1132230 2554.7
1132240 2554.7
1132250 2544.2
1132260 2536.1
1132270 2536.1
1132280 2527.1
1132290 2519.3
1132300 2519.3
1132310 2511.7
1132320 2504.2
1132330 2497.0
1132340 2497.0
1132350 2490.1
1132360 2483.4
1132370 2483.4
1132380 2477.8
1132390 2473.3
1132400 2473.3
1132410 2469.3
1132420 2465.4
1132430 2465.4
1132440 2461.3
1132450 2456.6
1132460 2456.6
1132470 2448.9
1132480 2444.1
1132490 2444.1
1132500 2439.6
1132510 2434.8
1132520 2434.8
1132530 2429.0
1132540 2422.2
1132550 2415.8
1132560 2415.8
1132570 2410.5
1132580 2406.4
1132590 2406.4
1132600 2402.0
1132610 2395.6
1132620 2395.6
1132630 2388.9
1132640 2382.7
1132650 2382.7
1132660 2376.3
1132670 2370.3
1132680 2370.3
1132690 2365.9
1132700 2363.5
1132710 2363.5
1132720 2361.2
1132730 2354.5
1132740 2344.5
1132750 2344.5
1132760 2335.9
1132770 2322.7
1132780 2322.7
1132790 2304.0
1132800 2291.9
1132810 2291.9
1132820 2295.3
1132830 2288.8
1132840 2288.8
1132850 2292.7
1132860 2296.5
1132870 2296.5
1132880 2303.5
1132890 2311.1
1132900 2311.1
1132910 2318.3
1132920 2323.0
1132930 2323.0
1132940 2310.2
1132950 2282.7
1132960 2273.4
1132970 2273.4
1132980 2276.3
1132990 2270.3
1133000 2270.3
1133010 2253.3
1133020 2235.7
1133030 2235.7
1133040 2227.9
1133050 2224.7
1133060 2224.7
1133070 2214.3
1133080 2207.1
1133090 2207.1
1133100 2205.7
1133110 2208.7
1133120 2208.7
1133130 2209.7
1133140 2207.6
1133150 2179.7
1133160 2179.7
1133170 2136.3
1133180 2112.1
1133190 2121.9
1133200 2105.4
1133210 2083.3
1133220 2083.3
1133230 2063.8
1133240 2051.1
1133250 2051.1
1133260 2040.7
1133270 2035.6
1133280 2035.6
1133290 2033.9
1133300 2032.8
1133310 2032.8
1133320 2037.9
1133330 2043.0
1133340 2043.0
1133350 2041.8
1133360 2034.9
1133370 2026.5
1133380 2026.5
1133390 2018.1
1133400 2008.8
1133410 2008.8
1133420 1999.2
1133430 1996.4
1133440 1996.4
1133450 1988.2
1133460 1974.7
1133470 1974.7
1133480 1960.9
1133490 1946.7
1133500 1946.7
1133510 1934.7
1133520 1929.3
1133530 1929.3
1133540 1918.8
1133550 1907.1
1133560 1897.9
1133570 1897.9
1133580 1888.9
1133590 1881.2
1133600 1881.2
1133610 1874.0
1133620 1866.9
1133630 1866.9
1133640 1859.6
1133650 1852.4
1133660 1852.4
1133670 1844.9
1133680 1837.1
1133690 1837.1
1133700 1829.4
1133710 1821.7
1133720 1821.7
1133730 1814.2
1133740 1806.4
1133750 1799.2
1133760 1799.2
1133770 1791.4
1133780 1785.4
1133790 1785.4
1133800 1779.5
1133810 1773.2
1133820 1773.2
1133830 1766.4
1133840 1760.2
1133850 1760.2
1133860 1754.1
1133870 1748.2
1133880 1748.2
1133890 1742.6
1133900 1737.3
1133910 1735.2
1133920 1729.9
1133930 1725.1
1133940 1725.1
1133950 1720.1
1133960 1715.0
1133970 1709.9
1133980 1709.9
1133990 1705.1
1134000 1700.7
1134010 1700.7
1134020 1696.4
1134030 1692.1
1134040 1692.1
1134050 1688.2
1134060 1685.8
1134070 1685.8
1134080 1684.9
1134090 1683.6
1134100 1683.6
1134110 1681.3
1134120 1681.5
1134130 1681.5
1134140 1682.0
1134150 1683.0
1134160 1684.0
1134170 1684.0
1134180 1685.9
1134190 1687.9
1134200 1687.9
1134210 1689.9
1134220 1691.6
1134230 1691.6
1134240 1693.0
1134250 1695.4
1134260 1695.4
1134270 1698.8
1134280 1704.0
1134290 1704.0
1134300 1707.3
1134310 1710.8
1134320 1710.8
1134330 1713.1
1134340 1716.4
1134350 1716.4
1134360 1719.6
1134370 1722.7
1134380 1726.1
1134390 1726.1
1134400 1729.7
1134410 1733.7
1134420 1733.7
1134430 1737.9
1134440 1742.1
1134450 1742.1
1134460 1745.5
1134470 1748.4
1134480 1748.4
1134490 1752.3
1134500 1756.1
1134510 1756.1
1134520 1759.5
1134530 1763.2
1134540 1763.2
1134550 1766.4
1134560 1770.1
1134570 1776.0
1134580 1776.0
1134590 1782.5
1134600 1789.4
1134610 1789.4
1134620 1795.6
1134630 1801.5
1134640 1804.8
1134650 1811.3
1134660 1817.7
1134670 1817.7
1134680 1822.1
1134690 1826.3
1134700 1826.3
1134710 1833.3
1134720 1842.2
1134730 1842.2
1134740 1850.2
1134750 1857.6
1134760 1865.5
1134770 1865.5
1134780 1875.5
1134790 1884.2
1134800 1884.2
1134810 1892.9
1134820 1901.3
1134830 1901.3
1134840 1909.8
1134850 1916.7
1134860 1916.7
1134870 1920.4
1134880 1924.7
1134890 1924.7
1134900 1931.1
1134910 1938.8
1134920 1938.8
1134930 1946.4
1134940 1953.1
1134950 1953.1
1134960 1958.5
1134970 1963.4
1134980 1967.8
1134990 1967.8
1135000 1977.6
1135010 1982.2
1135020 1982.2
1135030 1987.9
1135040 1994.5
1135050 1994.5
1135060 2000.8
1135070 2007.5
1135080 2007.5
1135090 2014.1
1135100 2021.5
1135110 2021.5
1135120 2029.8
1135130 2036.3
1135140 2036.3
1135150 2040.4
1135160 2045.4
1135170 2050.7
1135180 2050.7
1135190 2055.1
1135200 2059.6
1135210 2059.6
1135220 2064.4
1135230 2068.6
1135240 2068.6
1135250 2072.1
1135260 2076.1
1135270 2076.1
1135280 2080.6
1135290 2085.6
1135300 2085.6
1135310 2091.3
1135320 2097.7
1135330 2097.7
1135340 2104.0
1135350 2110.0
1135360 2111.9
1135370 2118.5
1135380 2125.2
1135390 2131.9
1135400 2131.9
1135410 2138.8
1135420 2145.7
1135430 2145.7
1135440 2152.9
1135450 2159.8
1135460 2159.8
1135470 2166.1
1135480 2172.3
1135490 2172.3
1135500 2178.4
1135510 2184.6
1135520 2184.6
1135530 2191.0
1135540 2197.4
1135550 2197.4
1135560 2204.5
1135570 2211.5
1135580 2218.6
1135590 2218.6
1135600 2225.4
1135610 2230.9
1135620 2230.9
1135630 2234.2
1135640 2236.6
1135650 2236.6
1135660 2237.1
1135670 2235.8
1135680 2235.8
1135690 2234.2
1135700 2235.3
1135710 2235.3
1135720 2237.6
1135730 2238.7
1135740 2238.7
1135750 2239.5
1135760 2240.8
1135770 2241.7
1135780 2241.7
1135790 2241.7
1135800 2243.8
1135810 2243.8
1135820 2246.7
1135830 2250.5
1135840 2250.5
1135850 2255.1
1135860 2259.9
1135870 2259.9
1135880 2265.1
1135890 2269.3
1135900 2269.3
1135910 2272.9
1135920 2276.5
1135930 2276.5
1135940 2282.6
1135950 2290.8
1135960 2290.8
1135970 2299.9
1135980 2307.1
1135990 2312.9
1136000 2312.9
1136010 2319.0
1136020 2325.1
1136030 2325.1
1136040 2331.0
1136050 2336.3
1136060 2336.3
1136070 2341.8
1136080 2348.1
1136090 2347.9
1136100 2355.2
1136110 2361.6
1136120 2361.6
1136130 2367.7
1136140 2374.8
1136150 2374.8
1136160 2382.0
1136170 2389.0
1136180 2396.2
1136190 2396.2
1136200 2401.1
1136210 2405.7
1136220 2405.7
1136230 2411.7
1136240 2417.6
1136250 2417.6
1136260 2421.6
1136270 2425.2
1136280 2425.2
1136290 2429.5
1136300 2435.2
1136310 2435.2
1136320 2441.7
1136330 2450.7
1136340 2450.7
1136350 2458.0
1136360 2464.5
1136370 2464.5
1136380 2470.4
1136390 2475.4
1136400 2480.6
1136410 2480.6
1136420 2487.1
1136430 2495.0
1136440 2495.0
1136450 2504.1
1136460 2511.2
1136470 2511.2
1136480 2517.6
1136490 2522.0
1136500 2522.0
1136510 2526.6
1136520 2530.1
1136530 2530.1
1136540 2533.6
1136550 2538.3
1136560 2538.3
1136570 2541.9
1136580 2545.4
1136590 2551.4
1136600 2551.4
1136610 2557.5
1136620 2564.2
1136630 2564.2
1136640 2571.1
1136650 2578.3
1136660 2578.3
1136670 2583.9
1136680 2589.3
1136690 2589.3
1136700 2594.9
1136710 2602.0
1136720 2602.0
1136730 2609.1
1136740 2615.7
1136750 2615.7
1136760 2621.5
1136770 2626.9
1136780 2629.7
1136790 2629.7
1136800 2623.5
1136810 2612.7
1136820 2612.7
1136830 2601.3
1136840 2585.3
1136850 2585.3
1136860 2571.0
1136870 2558.9
1136880 2558.9
1136890 2548.2
1136900 2537.7
1136910 2537.7
1136920 2527.1
1136930 2518.2
1136940 2518.2
1136950 2510.4
1136960 2502.1
1136970 2502.1
1136980 2492.9
1136990 2484.8
1137000 2477.7
1137010 2477.7
1137020 2470.1
1137030 2462.7
1137040 2462.7
1137050 2455.4
1137060 2448.6
1137070 2448.6
1137080 2442.0
1137090 2435.6
1137100 2435.6
1137110 2429.4
1137120 2423.3
1137130 2423.3
1137140 2417.4
1137150 2411.3
1137160 2411.3
1137170 2405.4
1137180 2398.5
1137190 2391.3
1137200 2391.3
1137210 2384.8
1137220 2379.3
1137230 2379.3
1137240 2374.5
1137250 2369.4
1137260 2369.4
1137270 2363.8
1137280 2358.6
1137290 2358.6
1137300 2354.6
1137310 2350.7
1137320 2350.7
1137330 2345.9
1137340 2341.3
1137350 2341.3
1137360 2338.0
1137370 2334.9
1137380 2334.9
1137390 2331.7
1137400 2329.5
1137410 2325.5
1137420 2325.5
1137430 2320.0
1137440 2315.3
1137450 2315.3
1137460 2309.9
1137470 2302.7
1137480 2302.7
1137490 2294.8
1137500 2286.5
1137510 2286.5
1137520 2278.1
1137530 2270.0
1137540 2270.7
1137550 2263.4
1137560 2256.0
1137570 2256.0
1137580 2248.3
1137590 2240.4
1137600 2232.4
1137610 2232.4
1137620 2225.1
1137630 2217.5
1137640 2217.5
1137650 2210.0
1137660 2202.7
1137670 2202.7
1137680 2195.4
1137690 2187.8
1137700 2187.8
1137710 2180.2
1137720 2173.4
1137730 2173.4
1137740 2166.4
1137750 2159.0
1137760 2159.0
1137770 2151.7
1137780 2144.9
1137790 2138.0
1137800 2138.0
1137810 2130.4
1137820 2122.2
1137830 2122.2
1137840 2112.7
1137850 2104.2
1137860 2104.2
1137870 2095.1
1137880 2085.5
1137890 2085.5
1137900 2075.5
1137910 2063.0
1137920 2063.0
1137930 2054.7
1137940 2048.2
1137950 2048.2
1137960 2042.0
1137970 2035.6
1137980 2035.6
1137990 2029.2
1138000 2022.8
1138010 2016.6
1138020 2016.6
1138030 2010.4
1138040 2004.5
1138050 2004.5
1138060 1998.6
1138070 1993.0
1138080 1993.0
1138090 1987.4
1138100 1981.8
1138110 1981.8
1138120 1976.5
1138130 1971.3
1138140 1971.3
1138150 1966.4
1138160 1961.8
1138170 1961.8
1138180 1957.7
1138190 1954.0
1138200 1952.3
1138210 1952.3
1138220 1952.5
1138230 1952.4
1138240 1952.4
1138250 1952.5
1138260 1952.3
1138270 1952.5
1138280 1952.4
1138290 1952.4
1138300 1952.4
1138310 1952.5
1138320 1952.3
1138330 1952.3
1138340 1952.3
1138350 1953.7
1138360 1953.7
1138370 1955.0
1138380 1956.0
1138390 1956.0
1138400 1957.7
1138410 1960.9
1138420 1963.2
1138430 1963.2
1138440 1964.9
1138450 1967.5
1138460 1967.5
1138470 1970.5
1138480 1975.2
1138490 1975.2
1138500 1981.9
1138510 1989.4
1138520 1989.4
1138530 1997.0
1138540 2004.9
1138550 2004.9
1138560 2013.4
1138570 2021.3
1138580 2021.3
1138590 2030.7
1138600 2040.9
1138610 2052.0
1138620 2052.0
1138630 2063.8
1138640 2076.3
1138650 2076.3
1138660 2088.1
1138670 2101.1
1138680 2101.1
1138690 2115.5
1138700 2126.0
1138710 2126.0
1138720 2135.8
1138730 2143.5
1138740 2143.5
1138750 2151.3
1138760 2165.1
1138770 2165.1
1138780 2177.5
1138790 2188.6
1138800 2198.4
1138810 2198.4
1138820 2204.9
1138830 2210.0
1138840 2210.0
1138850 2217.2
1138860 2225.3
1138870 2225.3
1138880 2233.3
1138890 2238.9
1138900 2238.9
1138910 2244.3
1138920 2249.9
1138930 2249.9
1138940 2255.4
1138950 2258.5
1138960 2258.5
1138970 2262.1
1138980 2266.4
1138990 2266.4
1139000 2274.7
1139010 2280.5
1139020 2286.1
1139030 2286.1
1139040 2291.3
1139050 2296.6
1139060 2296.6
1139070 2304.6
1139080 2313.2
1139090 2313.2
1139100 2324.8
1139110 2340.7
1139120 2340.7
1139130 2361.1
1139140 2365.8
1139150 2365.8
1139160 2375.8
1139170 2388.9
1139180 2388.9
1139190 2396.1
1139200 2402.4
1139210 2408.2
1139220 2408.2
1139230 2413.9
1139240 2420.4
1139250 2420.4
1139260 2422.7
1139270 2427.1
1139280 2427.1
1139290 2434.4
1139300 2440.0
1139310 2440.0
1139320 2447.3
1139330 2455.2
1139340 2455.2
1139350 2459.8
1139360 2460.1
1139370 2469.4
1139380 2470.5
1139390 2472.2
1139400 2472.2
1139410 2477.2
1139420 2487.5
1139430 2504.7
1139440 2504.7
1139450 2511.9
1139460 2518.4
1139470 2518.4
1139480 2525.4
1139490 2536.0
1139500 2536.0
1139510 2548.0
1139520 2555.2
1139530 2555.2
1139540 2569.3
1139550 2576.1
1139560 2576.1
1139570 2579.1
1139580 2582.2
1139590 2582.2
1139600 2587.5
1139610 2588.6
1139620 2590.0
1139630 2590.0
1139640 2588.0
1139650 2587.7
1139660 2587.7
1139670 2588.8
1139680 2590.2
1139690 2590.2
1139700 2591.7
1139710 2596.0
1139720 2596.0
1139730 2600.7
1139740 2612.0
1139750 2612.0
1139760 2619.4
1139770 2631.5
1139780 2631.5
1139790 2644.4
1139800 2649.9
1139810 2653.0
1139820 2653.0
1139830 2656.1
1139840 2652.4
1139850 2652.4
1139860 2654.7
1139870 2658.6
1139880 2658.6
1139890 2657.0
1139900 2653.9
1139910 2653.9
1139920 2655.9
1139930 2658.5
1139940 2658.5
1139950 2664.7
1139960 2672.9
1139970 2672.9
1139980 2679.2
1139990 2682.7
