1120000 1962.6
1120010 1956.7
1120020 1953.9
1120030 1953.9
1120040 1950.6
1120050 1946.3
1120060 1941.7
1120070 1941.7
1120080 1936.0
1120090 1929.9
1120100 1929.9
1120110 1920.1
1120120 1911.5
1120130 1911.5
1120140 1905.7
1120150 1901.4
1120160 1901.4
1120170 1896.6
1120180 1892.4
1120190 1892.4
1120200 1888.7
1120210 1888.2
1120220 1888.2
1120230 1881.8
1120240 1871.8
1120250 1863.5
1120260 1863.5
1120270 1857.4
1120280 1850.3
1120290 1850.3
1120300 1844.2
1120310 1838.2
1120320 1838.2
1120330 1833.6
1120340 1829.4
1120350 1829.4
1120360 1823.9
1120370 1818.6
1120380 1818.6
1120390 1806.9
1120400 1796.5
1120410 1796.5
1120420 1783.7
1120430 1774.6
1120440 1774.6
1120450 1765.9
1120460 1742.3
1120470 1715.6
1120480 1715.6
1120490 1680.4
1120500 1665.2
1120510 1665.2
1120520 1659.8
1120530 1655.3
1120540 1655.3
1120550 1664.8
1120560 1657.2
1120570 1657.2
1120580 1647.7
1120590 1638.1
1120600 1638.1
1120610 1626.8
1120620 1613.4
1120630 1613.4
1120640 1599.0
1120650 1577.3
1120660 1550.9
1120670 1550.9
1120680 1533.9
1120690 1519.5
1120700 1519.5
1120710 1510.6
1120720 1501.0
1120730 1501.0
1120740 1491.7
1120750 1483.0
1120760 1483.0
1120770 1464.7
1120780 1443.3
1120790 1443.3
1120800 1421.7
1120810 1407.9
1120820 1407.9
1120830 1399.8
1120840 1392.5
1120850 1392.5
1120860 1384.7
1120870 1377.9
1120880 1370.3
1120890 1370.3
1120900 1361.2
1120910 1353.9
1120920 1353.9
1120930 1347.0
1120940 1339.6
1120950 1339.6
1120960 1332.2
1120970 1325.1
1120980 1325.1
1120990 1317.7
1121000 1310.6
1121010 1310.6
1121020 1303.4
1121030 1297.0
1121040 1297.0
1121050 1290.4
1121060 1283.9
1121070 1278.0
1121080 1278.0
1121090 1272.0
1121100 1268.8
1121110 1268.8
1121120 1266.3
1121130 1266.7
1121140 1266.7
1121150 1266.0
1121160 1264.5
1121170 1264.5
1121180 1263.9
1121190 1263.8
1121200 1263.8
1121210 1263.4
1121220 1267.0
1121230 1267.0
1121240 1269.5
1121250 1273.6
1121260 1273.6
1121270 1273.7
1121280 1274.3
1121290 1279.2
1121300 1279.2
1121310 1283.7
1121320 1290.1
1121330 1290.1
1121340 1295.2
1121350 1299.6
1121360 1299.6
1121370 1304.6
1121380 1310.1
1121390 1310.1
1121400 1316.3
1121410 1322.5
1121420 1322.5
1121430 1327.6
1121440 1333.0
1121450 1333.0
1121460 1338.7
1121470 1345.0
1121480 1352.0
1121490 1352.0
1121500 1356.4
1121510 1357.5
1121520 1357.5
1121530 1356.2
1121540 1362.4
1121550 1362.4
1121560 1373.2
1121570 1384.4
1121580 1384.4
1121590 1393.9
1121600 1404.3
1121610 1404.3
1121620 1412.2
1121630 1415.1
1121640 1415.1
1121650 1416.7
1121660 1419.2
1121670 1419.2
1121680 1420.9
1121690 1421.4
1121700 1421.8
1121710 1421.8
1121720 1424.4
1121730 1426.3
1121740 1426.3
1121750 1429.6
1121760 1436.7
1121770 1436.7
1121780 1444.1
1121790 1453.4
1121800 1453.4
1121810 1461.4
1121820 1468.2
1121830 1468.2
1121840 1475.5
1121850 1480.9
1121860 1480.9
1121870 1485.7
1121880 1490.1
1121890 1493.9
1121900 1493.9
1121910 1498.2
1121920 1503.5
1121930 1503.5
1121940 1507.8
1121950 1517.2
1121960 1517.2
1121970 1523.7
1121980 1529.3
1121990 1529.3
1122000 1535.0
1122010 1539.7
1122020 1539.7
1122030 1543.7
1122040 1549.7
1122050 1549.7
1122060 1555.0
1122070 1561.2
1122080 1561.2
1122090 1569.0
1122100 1577.9
1122110 1586.2
1122120 1586.2
1122130 1594.5
1122140 1601.3
1122150 1601.3
1122160 1606.3
1122170 1610.2
1122180 1610.2
1122190 1614.2
1122200 1617.4
1122210 1617.4
1122220 1620.1
1122230 1624.9
1122240 1624.9
1122250 1630.6
1122260 1635.1
1122270 1635.1
1122280 1639.9
1122290 1642.2
1122300 1653.2
1122310 1653.2
1122320 1658.7
1122330 1667.6
1122340 1667.6
1122350 1672.7
1122360 1674.6
1122370 1674.6
1122380 1681.0
1122390 1692.6
1122400 1692.6
1122410 1703.0
1122420 1712.8
1122430 1712.8
1122440 1720.7
1122450 1727.1
1122460 1727.1
1122470 1732.8
1122480 1740.4
1122490 1748.1
1122500 1748.1
1122510 1755.5
1122520 1763.1
1122530 1763.1
1122540 1770.7
1122550 1778.4
1122560 1778.4
1122570 1786.6
1122580 1795.9
1122590 1795.9
1122600 1805.9
1122610 1816.7
1122620 1816.7
1122630 1827.2
1122640 1835.5
1122650 1835.8
1122660 1846.4
1122670 1857.3
1122680 1857.3
1122690 1868.6
1122700 1879.0
1122710 1888.5
1122720 1888.5
1122730 1898.2
1122740 1903.0
1122750 1903.0
1122760 1902.6
1122770 1901.5
1122780 1901.5
1122790 1899.8
1122800 1898.0
1122810 1898.0
1122820 1895.8
1122830 1893.9
1122840 1893.9
1122850 1892.3
1122860 1890.4
1122870 1890.4
1122880 1888.7
1122890 1886.5
1122900 1884.3
1122910 1884.3
1122920 1882.1
1122930 1880.2
1122940 1880.2
1122950 1877.3
1122960 1875.0
1122970 1875.0
1122980 1871.7
1122990 1870.5
1123000 1870.5
1123010 1866.8
1123020 1862.8
1123030 1862.8
1123040 1858.1
1123050 1853.6
1123060 1853.6
1123070 1849.1
1123080 1845.8
1123090 1845.8
1123100 1845.9
1123110 1841.8
1123120 1834.3
1123130 1834.3
1123140 1826.5
1123150 1818.8
1123160 1818.8
1123170 1811.2
1123180 1803.7
1123190 1803.7
1123200 1796.4
1123210 1789.6
1123220 1789.6
1123230 1782.8
1123240 1776.2
1123250 1776.2
1123260 1771.3
1123270 1766.1
1123280 1766.1
1123290 1760.4
1123300 1755.2
1123310 1748.9
1123320 1748.9
1123330 1743.7
1123340 1740.3
1123350 1740.3
1123360 1735.9
1123370 1732.4
1123380 1732.4
1123390 1729.5
1123400 1727.5
1123410 1727.5
1123420 1725.8
1123430 1724.6
1123440 1724.6
1123450 1723.6
1123460 1723.2
1123470 1723.2
1123480 1723.1
1123490 1723.2
1123500 1723.2
1123510 1723.4
1123520 1723.1
1123530 1722.4
1123540 1722.4
1123550 1721.5
1123560 1720.3
1123570 1720.3
1123580 1719.6
1123590 1719.0
1123600 1719.0
1123610 1718.0
1123620 1718.7
1123630 1718.7
1123640 1720.3
1123650 1720.9
1123660 1720.9
1123670 1720.8
1123680 1721.6
1123690 1721.6
1123700 1723.0
1123710 1723.5
1123720 1724.3
1123730 1724.3
1123740 1725.8
1123750 1727.7
1123760 1727.7
1123770 1729.6
1123780 1731.6
1123790 1731.6
1123800 1733.7
1123810 1736.6
1123820 1736.6
1123830 1739.1
1123840 1742.4
1123850 1742.4
1123860 1746.1
1123870 1748.9
1123880 1748.9
1123890 1751.9
1123900 1755.2
1123910 1755.2
1123920 1760.0
1123930 1763.8
1123940 1767.0
1123950 1767.0
1123960 1770.9
1123970 1773.9
1123980 1773.9
1123990 1776.5
1124000 1779.4
1124010 1779.4
1124020 1782.9
1124030 1787.1
1124040 1787.1
1124050 1788.0
1124060 1791.1
1124070 1791.1
1124080 1793.9
1124090 1796.5
1124100 1796.5
1124110 1799.7
1124120 1802.7
1124130 1805.8
1124140 1805.8
1124150 1807.9
1124160 1809.0
1124170 1809.0
1124180 1809.3
1124190 1812.3
1124200 1812.3
1124210 1819.1
1124220 1826.1
1124230 1826.1
1124240 1829.9
1124250 1832.4
1124260 1832.4
1124270 1834.2
1124280 1836.0
1124290 1836.0
1124300 1839.3
1124310 1842.5
1124320 1842.5
1124330 1844.4
1124340 1846.1
1124350 1848.0
1124360 1848.0
1124370 1849.5
1124380 1851.2
1124390 1851.2
1124400 1853.8
1124410 1855.3
1124420 1855.3
1124430 1857.4
1124440 1859.5
1124450 1859.5
1124460 1861.1
1124470 1862.9
1124480 1862.9
1124490 1865.2
1124500 1867.6
1124510 1867.6
1124520 1869.4
1124530 1871.8
1124540 1875.4
1124550 1875.4
1124560 1879.3
1124570 1882.8
1124580 1882.8
1124590 1886.3
1124600 1889.1
1124610 1889.1
1124620 1891.5
1124630 1894.7
1124640 1894.7
1124650 1897.5
1124660 1900.7
1124670 1900.7
1124680 1905.0
1124690 1909.3
1124700 1909.3
1124710 1914.1
1124720 1919.5
1124730 1919.5
1124740 1924.6
1124750 1928.3
1124760 1932.8
1124770 1932.8
1124780 1937.0
1124790 1940.3
1124800 1940.3
1124810 1943.4
1124820 1945.7
1124830 1945.7
1124840 1947.7
1124850 1951.3
1124860 1951.3
1124870 1956.3
1124880 1960.0
1124890 1960.0
1124900 1961.6
1124910 1963.1
1124920 1963.1
1124930 1964.8
1124940 1966.9
1124950 1968.3
1124960 1968.3
1124970 1969.1
1124980 1969.8
1124990 1969.8
1125000 1971.7
1125010 1973.0
1125020 1973.0
1125030 1973.2
1125040 1972.6
1125050 1972.6
1125060 1970.4
1125070 1970.0
1125080 1970.0
1125090 1970.3
1125100 1976.6
1125110 1976.6
1125120 1976.3
1125130 1975.5
1125140 1975.0
1125150 1975.0
1125160 1972.8
1125170 1971.3
1125180 1971.3
1125190 1968.5
1125200 1966.5
1125210 1966.5
1125220 1966.0
1125230 1966.2
1125240 1966.2
1125250 1966.6
1125260 1966.7
1125270 1966.7
1125280 1966.2
1125290 1966.0
1125300 1966.0
1125310 1965.5
1125320 1965.4
1125330 1965.4
1125340 1966.5
1125350 1967.1
1125360 1967.1
1125370 1967.1
1125380 1966.9
1125390 1967.0
1125400 1967.0
1125410 1967.4
1125420 1967.0
1125430 1967.0
1125440 1966.3
1125450 1969.3
1125460 1969.3
1125470 1968.5
1125480 1968.2
1125490 1968.2
1125500 1968.1
1125510 1968.4
1125520 1968.4
1125530 1969.4
1125540 1970.6
1125550 1971.9
1125560 1971.9
1125570 1973.1
1125580 1974.5
1125590 1974.5
1125600 1977.0
1125610 1980.3
1125620 1980.3
1125630 1983.7
1125640 1987.6
1125650 1987.6
1125660 1993.3
1125670 2000.0
1125680 2000.0
1125690 2007.4
1125700 2013.6
1125710 2013.6
1125720 2020.3
1125730 2023.7
1125740 2023.7
1125750 2026.8
1125760 2031.4
1125770 2033.5
1125780 2033.5
1125790 2034.0
1125800 2037.9
1125810 2037.9
1125820 2039.1
1125830 2039.2
1125840 2039.2
1125850 2038.7
1125860 2037.3
1125870 2037.3
1125880 2037.9
1125890 2038.4
1125900 2038.4
1125910 2037.7
1125920 2036.6
1125930 2036.6
1125940 2036.4
1125950 2037.2
1125960 2033.8
1125970 2033.8
1125980 2035.2
1125990 2042.3
1126000 2042.3
1126010 2045.5
1126020 2045.6
1126030 2045.6
1126040 2043.3
1126050 2046.4
1126060 2046.4
1126070 2052.6
1126080 2056.8
1126090 2056.8
1126100 2062.2
1126110 2062.3
1126120 2062.3
1126130 2058.9
1126140 2056.2
1126150 2056.2
1126160 2058.4
1126170 2056.8
1126180 2054.3
1126190 2054.3
1126200 2050.9
1126210 2052.0
1126220 2052.0
1126230 2055.0
1126240 2056.8
1126250 2056.8
1126260 2060.8
1126270 2066.5
1126280 2066.5
1126290 2073.9
1126300 2086.7
1126310 2086.7
1126320 2098.1
1126330 2106.1
1126340 2106.1
1126350 2110.6
1126360 2112.2
1126370 2114.2
1126380 2114.2
1126390 2118.2
1126400 2121.3
1126410 2121.3
1126420 2125.2
1126430 2133.8
1126440 2133.8
1126450 2146.1
1126460 2153.5
1126470 2153.5
1126480 2155.2
1126490 2160.3
1126500 2160.3
1126510 2166.4
1126520 2177.7
1126530 2177.7
1126540 2185.3
1126550 2189.0
1126560 2189.0
1126570 2191.9
1126580 2194.4
1126590 2197.0
1126600 2197.0
1126610 2201.3
1126620 2208.5
1126630 2208.5
1126640 2214.4
1126650 2219.6
1126660 2219.6
1126670 2224.2
1126680 2228.7
1126690 2228.7
1126700 2232.6
1126710 2236.7
1126720 2236.7
1126730 2240.6
1126740 2244.4
1126750 2244.4
1126760 2247.6
1126770 2249.4
1126780 2250.6
1126790 2250.6
1126800 2252.1
1126810 2254.1
1126820 2254.1
1126830 2257.2
1126840 2260.6
1126850 2260.6
1126860 2265.2
1126870 2270.2
1126880 2270.2
1126890 2272.7
1126900 2274.7
1126910 2274.7
1126920 2278.4
1126930 2282.4
1126940 2282.4
1126950 2285.9
1126960 2290.6
1126970 2290.6
1126980 2295.4
1126990 2299.8
1127000 2303.7
1127010 2303.7
1127020 2304.6
1127030 2305.6
1127040 2305.6
1127050 2307.1
1127060 2308.1
1127070 2308.1
1127080 2308.2
1127090 2307.6
1127100 2307.6
1127110 2308.2
1127120 2309.7
1127130 2309.7
1127140 2312.0
1127150 2314.3
1127160 2314.3
1127170 2317.5
1127180 2320.8
1127190 2324.5
1127200 2324.5
1127210 2329.1
1127220 2329.4
1127230 2329.4
1127240 2334.4
1127250 2340.2
1127260 2340.2
1127270 2345.5
1127280 2351.3
1127290 2351.3
1127300 2358.5
1127310 2367.8
1127320 2367.8
1127330 2375.0
1127340 2383.9
1127350 2383.9
1127360 2393.0
1127370 2405.4
1127380 2416.2
1127390 2416.2
1127400 2434.3
1127410 2449.2
1127420 2449.2
1127430 2457.6
1127440 2458.0
1127450 2458.0
1127460 2461.3
1127470 2464.4
1127480 2464.4
1127490 2463.7
1127500 2469.8
1127510 2469.8
1127520 2476.2
1127530 2473.1
1127540 2473.1
1127550 2477.3
1127560 2479.3
1127570 2468.0
1127580 2466.6
1127590 2457.4
1127600 2456.2
1127610 2456.2
1127620 2453.6
1127630 2456.5
1127640 2456.5
1127650 2455.2
1127660 2457.3
1127670 2457.3
1127680 2462.8
1127690 2469.2
1127700 2469.2
1127710 2476.0
1127720 2473.8
1127730 2473.8
1127740 2471.6
1127750 2476.2
1127760 2476.2
1127770 2482.7
1127780 2494.8
1127790 2498.3
1127800 2498.3
1127810 2498.6
1127820 2498.0
1127830 2498.0
1127840 2497.9
1127850 2499.4
1127860 2499.4
1127870 2503.5
1127880 2508.5
1127890 2508.5
1127900 2514.2
1127910 2525.3
1127920 2525.3
1127930 2537.9
1127940 2542.8
1127950 2542.8
1127960 2547.8
1127970 2551.9
1127980 2551.9
1127990 2555.8
1128000 2558.2
1128010 2550.1
1128020 2550.1
1128030 2535.1
1128040 2518.0
1128050 2518.0
1128060 2493.7
1128070 2476.9
1128080 2476.9
1128090 2465.8
1128100 2458.0
1128110 2458.0
1128120 2451.8
1128130 2446.9
1128140 2446.9
1128150 2449.2
1128160 2454.0
1128170 2454.0
1128180 2458.4
1128190 2462.1
1128200 2464.2
1128210 2464.2
1128220 2465.1
1128230 2465.6
1128240 2465.6
1128250 2462.9
1128260 2458.8
1128270 2458.8
1128280 2438.6
1128290 2427.3
1128300 2427.3
1128310 2415.4
1128320 2404.9
1128330 2404.9
1128340 2396.4
1128350 2389.5
1128360 2389.5
1128370 2383.8
1128380 2387.5
1128390 2387.5
1128400 2384.1
1128410 2379.2
1128420 2374.4
1128430 2374.4
1128440 2365.7
1128450 2355.5
1128460 2355.5
1128470 2355.8
1128480 2353.8
1128490 2353.8
1128500 2349.0
1128510 2343.0
1128520 2343.0
1128530 2336.1
1128540 2330.9
1128550 2330.9
1128560 2324.5
1128570 2324.3
1128580 2324.3
1128590 2320.4
1128600 2312.2
1128610 2309.8
1128620 2309.8
1128630 2304.5
1128640 2271.8
1128650 2271.8
1128660 2268.3
1128670 2269.3
1128680 2269.3
1128690 2263.9
1128700 2252.5
1128710 2252.5
1128720 2235.7
1128730 2220.5
1128740 2220.5
1128750 2211.8
1128760 2207.1
1128770 2207.1
1128780 2203.7
1128790 2200.6
1128800 2200.6
1128810 2194.0
1128820 2189.2
1128830 2187.8
1128840 2187.8
1128850 2186.2
1128860 2180.4
1128870 2180.4
1128880 2171.7
1128890 2167.5
1128900 2167.5
1128910 2159.5
1128920 2152.0
1128930 2152.0
1128940 2145.8
1128950 2140.9
1128960 2140.9
1128970 2135.5
1128980 2126.5
1128990 2118.5
1129000 2110.1
1129010 2098.9
1129020 2090.4
1129030 2090.4
1129040 2083.2
1129050 2074.4
1129060 2074.4
1129070 2063.7
1129080 2055.8
1129090 2055.8
1129100 2047.4
1129110 2037.3
1129120 2037.3
1129130 2028.1
1129140 2019.7
1129150 2019.7
1129160 2008.1
1129170 1990.8
1129180 1990.8
1129190 1971.2
1129200 1981.6
1129210 1981.6
1129220 1988.7
1129230 1992.2
1129240 1989.1
1129250 1989.1
1129260 1982.6
1129270 1976.6
1129280 1976.6
1129290 1969.8
1129300 1965.0
1129310 1965.0
1129320 1959.8
1129330 1943.0
1129340 1943.0
1129350 1911.5
1129360 1908.1
1129370 1908.1
1129380 1906.8
1129390 1907.7
1129400 1907.7
1129410 1911.7
1129420 1910.6
1129430 1906.5
1129440 1906.5
1129450 1895.7
1129460 1887.0
1129470 1887.0
1129480 1870.9
1129490 1857.9
1129500 1857.9
1129510 1858.6
1129520 1863.3
1129530 1863.3
1129540 1859.8
1129550 1849.9
1129560 1849.9
1129570 1845.0
1129580 1838.6
1129590 1838.6
1129600 1834.7
1129610 1837.1
1129620 1831.8
1129630 1831.8
1129640 1816.6
1129650 1806.8
1129660 1806.8
1129670 1800.1
1129680 1794.0
1129690 1794.0
1129700 1787.9
1129710 1777.0
1129720 1777.0
1129730 1771.5
1129740 1765.7
1129750 1765.7
1129760 1758.6
1129770 1751.5
1129780 1751.5
1129790 1746.3
1129800 1742.7
1129810 1742.7
1129820 1737.5
1129830 1733.1
1129840 1728.4
1129850 1728.4
1129860 1724.0
1129870 1722.2
1129880 1722.2
1129890 1720.7
1129900 1719.1
1129910 1719.1
1129920 1718.8
1129930 1719.2
1129940 1719.2
1129950 1719.9
1129960 1720.5
1129970 1720.5
1129980 1720.9
1129990 1720.7
1130000 1720.7
1130010 1720.5
1130020 1722.7
1130030 1725.1
1130040 1725.1
1130050 1726.9
1130060 1728.8
1130070 1728.8
1130080 1730.4
1130090 1733.1
1130100 1733.1
1130110 1737.5
1130120 1740.5
1130130 1740.5
1130140 1742.8
1130150 1745.3
1130160 1745.3
1130170 1748.0
1130180 1750.3
1130190 1750.3
1130200 1752.3
1130210 1753.3
1130220 1753.3
1130230 1755.7
1130240 1757.4
1130250 1759.4
1130260 1759.4
1130270 1760.9
1130280 1762.0
1130290 1762.0
1130300 1765.2
1130310 1770.0
1130320 1770.0
1130330 1773.1
1130340 1775.9
1130350 1775.9
1130360 1779.3
1130370 1783.0
1130380 1783.0
1130390 1787.2
1130400 1792.4
1130410 1792.4
1130420 1798.1
1130430 1805.0
1130440 1812.3
1130450 1812.3
1130460 1820.3
1130470 1828.4
1130480 1828.4
1130490 1835.7
1130500 1842.8
1130510 1842.8
1130520 1849.9
1130530 1854.5
1130540 1854.5
1130550 1854.2
1130560 1852.2
1130570 1852.2
1130580 1849.3
1130590 1845.8
1130600 1845.8
1130610 1846.5
1130620 1852.8
1130630 1852.8
1130640 1859.3
1130650 1865.3
1130660 1872.8
1130670 1872.8
1130680 1881.0
1130690 1889.3
1130700 1889.3
1130710 1897.1
1130720 1905.5
1130730 1905.5
1130740 1914.7
1130750 1923.6
1130760 1923.6
1130770 1931.6
1130780 1941.4
1130790 1941.4
1130800 1949.4
1130810 1957.9
1130820 1957.9
1130830 1966.8
1130840 1975.7
1130850 1985.6
1130860 1985.6
1130870 1994.0
1130880 2000.7
1130890 2000.7
1130900 2006.9
1130910 2013.1
1130920 2013.1
1130930 2019.7
1130940 2025.9
1130950 2025.9
1130960 2032.3
1130970 2038.7
1130980 2038.7
1130990 2044.9
1131000 2051.2
1131010 2051.2
1131020 2057.3
1131030 2064.1
1131040 2064.1
1131050 2069.2
1131060 2074.6
1131070 2080.0
1131080 2080.0
1131090 2084.7
1131100 2089.7
1131110 2089.7
1131120 2094.9
1131130 2099.9
1131140 2101.4
1131150 2105.9
1131160 2111.1
1131170 2111.1
1131180 2116.8
1131190 2121.6
1131200 2121.6
1131210 2126.3
1131220 2131.4
1131230 2131.4
1131240 2135.9
1131250 2139.4
1131260 2143.6
1131270 2143.6
1131280 2149.7
1131290 2156.3
1131300 2156.3
1131310 2163.3
1131320 2170.3
1131330 2170.3
1131340 2176.7
1131350 2182.8
1131360 2182.8
1131370 2189.3
1131380 2194.1
1131390 2194.1
1131400 2198.0
1131410 2202.3
1131420 2202.3
1131430 2207.3
1131440 2212.7
1131450 2217.5
1131460 2217.5
1131470 2222.4
1131480 2228.0
1131490 2232.6
1131500 2238.3
1131510 2243.3
1131520 2243.3
1131530 2247.8
1131540 2251.7
1131550 2251.7
1131560 2255.2
1131570 2258.2
1131580 2258.2
1131590 2260.0
1131600 2261.5
1131610 2261.5
1131620 2264.6
1131630 2269.3
1131640 2269.3
1131650 2272.8
1131660 2273.4
1131670 2272.6
1131680 2272.6
1131690 2272.5
1131700 2273.6
1131710 2273.6
1131720 2276.9
1131730 2279.8
1131740 2279.8
1131750 2280.8
1131760 2281.9
1131770 2281.9
1131780 2283.4
1131790 2283.1
1131800 2283.1
1131810 2283.6
1131820 2285.3
1131830 2285.3
1131840 2289.0
1131850 2293.3
1131860 2299.0
1131870 2299.0
1131880 2305.4
1131890 2312.5
1131900 2312.5
1131910 2319.6
1131920 2325.4
1131930 2325.4
1131940 2329.0
1131950 2329.1
1131960 2329.1
1131970 2325.2
1131980 2322.2
1131990 2322.2
1132000 2323.1
1132010 2323.8
1132020 2323.8
1132030 2324.5
1132040 2328.2
1132050 2328.2
1132060 2331.0
1132070 2332.6
1132080 2333.9
1132090 2333.9
1132100 2334.6
1132110 2336.1
1132120 2336.1
1132130 2339.0
1132140 2344.1
1132150 2344.1
1132160 2350.1
1132170 2354.0
1132180 2354.0
1132190 2356.1
1132200 2359.3
1132210 2364.5
1132220 2368.2
1132230 2374.0
1132240 2374.0
1132250 2379.3
1132260 2383.5
1132270 2387.4
1132280 2387.4
1132290 2393.0
1132300 2399.3
1132310 2399.3
1132320 2405.7
1132330 2412.8
1132340 2412.8
1132350 2420.4
1132360 2429.7
1132370 2429.7
1132380 2437.5
1132390 2445.1
1132400 2445.1
1132410 2451.8
1132420 2460.8
1132430 2460.8
1132440 2470.4
1132450 2475.3
1132460 2475.3
1132470 2481.0
1132480 2491.1
1132490 2497.9
1132500 2497.9
1132510 2500.4
1132520 2500.0
1132530 2500.0
1132540 2501.2
1132550 2506.0
1132560 2506.0
1132570 2517.6
1132580 2516.7
1132590 2516.7
1132600 2515.9
1132610 2513.2
1132620 2513.2
1132630 2501.1
1132640 2491.3
1132650 2491.3
1132660 2479.8
1132670 2465.9
1132680 2452.0
1132690 2452.0
1132700 2440.7
1132710 2431.9
1132720 2431.9
1132730 2425.0
1132740 2419.0
1132750 2419.0
1132760 2414.1
1132770 2410.4
1132780 2410.4
1132790 2405.3
1132800 2400.8
1132810 2400.8
1132820 2396.9
1132830 2393.3
1132840 2393.3
1132850 2391.0
1132860 2388.3
1132870 2388.3
1132880 2387.8
1132890 2387.3
1132900 2384.5
1132910 2384.5
1132920 2380.3
1132930 2379.6
1132940 2379.6
1132950 2375.6
1132960 2372.0
1132970 2372.0
1132980 2367.1
1132990 2361.6
1133000 2361.6
1133010 2355.6
1133020 2349.5
1133030 2349.5
1133040 2342.5
1133050 2334.6
1133060 2334.6
1133070 2324.9
1133080 2318.0
1133090 2310.5
1133100 2310.5
1133110 2298.5
1133120 2286.8
1133130 2286.8
1133140 2280.3
1133150 2274.2
1133160 2274.2
1133170 2268.0
1133180 2262.0
1133190 2262.0
1133200 2256.3
1133210 2249.8
1133220 2249.8
1133230 2243.8
1133240 2237.3
1133250 2237.3
1133260 2230.2
1133270 2222.0
1133280 2215.1
1133290 2218.7
1133300 2214.7
1133310 2212.7
1133320 2212.7
1133330 2210.9
1133340 2206.9
1133350 2206.9
1133360 2200.4
1133370 2193.0
1133380 2193.0
1133390 2187.7
1133400 2183.8
1133410 2183.8
1133420 2180.3
1133430 2174.9
1133440 2174.9
1133450 2166.5
1133460 2153.4
1133470 2153.4
1133480 2139.8
1133490 2130.6
1133500 2122.6
1133510 2122.6
1133520 2112.2
1133530 2104.1
1133540 2104.1
1133550 2103.0
1133560 2097.5
1133570 2097.5
1133580 2088.4
1133590 2075.4
1133600 2075.4
1133610 2059.4
1133620 2053.1
1133630 2053.1
1133640 2052.3
1133650 2032.2
1133660 2032.2
1133670 2028.4
1133680 2021.2
1133690 2013.4
1133700 2013.4
1133710 2002.8
1133720 1988.1
1133730 1988.1
1133740 1975.7
1133750 1962.3
1133760 1962.3
1133770 1947.4
1133780 1936.5
1133790 1936.5
1133800 1928.3
1133810 1920.1
1133820 1920.1
1133830 1911.6
1133840 1904.0
1133850 1904.0
1133860 1897.2
1133870 1891.2
1133880 1891.2
1133890 1885.7
1133900 1878.1
1133910 1870.3
1133920 1870.3
1133930 1863.6
1133940 1859.9
1133950 1859.9
1133960 1857.8
1133970 1853.7
1133980 1853.7
1133990 1847.2
1134000 1840.1
1134010 1839.5
1134020 1830.8
1134030 1823.3
1134040 1823.3
1134050 1819.4
1134060 1813.3
1134070 1813.3
1134080 1807.8
1134090 1797.8
1134100 1783.7
1134110 1783.7
1134120 1766.2
1134130 1748.0
1134140 1748.0
1134150 1733.3
1134160 1720.4
1134170 1720.4
1134180 1709.0
1134190 1700.2
1134200 1700.2
1134210 1693.6
1134220 1687.9
1134230 1687.9
1134240 1681.4
1134250 1675.0
1134260 1675.0
1134270 1669.6
1134280 1665.8
1134290 1665.8
1134300 1665.0
1134310 1663.7
1134320 1663.0
1134330 1663.0
1134340 1662.4
1134350 1662.1
1134360 1662.1
1134370 1660.8
1134380 1660.3
1134390 1660.3
1134400 1659.2
1134410 1658.2
1134420 1658.2
1134430 1657.8
1134440 1657.5
1134450 1657.5
1134460 1657.0
1134470 1656.3
1134480 1656.3
1134490 1656.5
1134500 1655.7
1134510 1656.3
1134520 1656.3
1134530 1657.7
1134540 1659.4
1134550 1659.4
1134560 1661.1
1134570 1662.7
1134580 1662.7
1134590 1664.5
1134600 1668.0
1134610 1668.0
1134620 1672.4
1134630 1677.3
1134640 1677.3
1134650 1682.7
1134660 1688.4
1134670 1688.4
1134680 1694.2
1134690 1699.7
1134700 1699.7
1134710 1704.8
1134720 1709.9
1134730 1716.9
1134740 1716.9
1134750 1720.9
1134760 1724.6
1134770 1724.6
1134780 1728.9
1134790 1733.8
1134800 1733.8
1134810 1738.9
1134820 1743.9
1134830 1743.9
1134840 1748.8
1134850 1753.2
1134860 1753.2
1134870 1757.6
1134880 1762.6
1134890 1762.6
1134900 1767.6
1134910 1772.5
1134920 1777.7
1134930 1777.7
1134940 1783.1
1134950 1788.7
1134960 1788.7
1134970 1794.4
1134980 1799.6
1134990 1799.6
1135000 1804.9
1135010 1810.5
1135020 1810.5
1135030 1816.2
1135040 1821.7
1135050 1821.7
1135060 1827.5
1135070 1834.2
1135080 1834.2
1135090 1840.8
1135100 1849.4
1135110 1855.9
1135120 1855.9
1135130 1862.0
1135140 1867.9
1135150 1867.9
1135160 1874.0
1135170 1879.7
1135180 1879.7
1135190 1886.0
1135200 1893.0
1135210 1893.0
1135220 1900.4
1135230 1908.2
1135240 1908.2
1135250 1916.7
1135260 1925.5
1135270 1925.5
1135280 1933.5
1135290 1942.0
1135300 1942.0
1135310 1950.1
1135320 1956.6
1135330 1961.6
1135340 1961.6
1135350 1967.5
1135360 1973.6
1135370 1973.6
1135380 1980.3
1135390 1987.5
1135400 1987.5
1135410 1995.4
1135420 2002.8
1135430 2002.8
1135440 2009.8
1135450 2016.8
1135460 2021.1
1135470 2028.3
1135480 2035.3
1135490 2035.3
1135500 2042.3
1135510 2047.2
1135520 2052.2
1135530 2052.2
1135540 2057.3
1135550 2063.1
1135560 2063.1
1135570 2069.4
1135580 2075.8
1135590 2075.8
1135600 2081.6
1135610 2086.7
1135620 2086.7
1135630 2092.1
1135640 2098.9
1135650 2098.9
1135660 2105.8
1135670 2113.1
1135680 2113.1
1135690 2119.6
1135700 2125.1
1135710 2125.1
1135720 2130.2
1135730 2136.7
1135740 2145.5
1135750 2145.5
1135760 2154.6
1135770 2161.7
1135780 2161.7
1135790 2167.8
1135800 2174.3
1135810 2174.3
1135820 2183.6
1135830 2188.4
1135840 2188.4
1135850 2193.9
1135860 2199.7
1135870 2199.7
1135880 2204.9
1135890 2210.1
1135900 2210.1
1135910 2215.7
1135920 2220.6
1135930 2224.7
1135940 2224.7
1135950 2228.9
1135960 2232.8
1135970 2232.8
1135980 2236.7
1135990 2240.9
1136000 2240.9
1136010 2245.4
1136020 2249.6
1136030 2249.6
1136040 2253.1
1136050 2256.0
1136060 2256.0
1136070 2259.1
1136080 2262.5
1136090 2262.5
1136100 2266.1
1136110 2269.4
1136120 2269.4
1136130 2272.6
1136140 2276.1
1136150 2280.0
1136160 2280.0
1136170 2284.5
1136180 2287.6
1136190 2287.6
1136200 2290.5
1136210 2293.4
1136220 2293.4
1136230 2296.3
1136240 2298.9
1136250 2298.9
1136260 2300.9
1136270 2303.6
1136280 2303.6
1136290 2307.6
1136300 2312.2
1136310 2312.2
1136320 2317.5
1136330 2322.6
1136340 2326.9
1136350 2326.9
1136360 2330.8
1136370 2335.0
1136380 2335.0
1136390 2338.8
1136400 2342.1
1136410 2342.1
1136420 2345.3
1136430 2348.4
1136440 2348.4
1136450 2351.4
1136460 2354.5
1136470 2354.5
1136480 2358.6
1136490 2363.3
1136500 2363.3
1136510 2369.1
1136520 2375.4
1136530 2375.4
1136540 2382.6
1136550 2390.7
1136560 2397.6
1136570 2397.6
1136580 2404.6
1136590 2409.9
1136600 2409.9
1136610 2414.2
1136620 2419.0
1136630 2419.0
1136640 2424.1
1136650 2429.6
1136660 2429.6
1136670 2434.9
1136680 2439.9
1136690 2439.9
1136700 2443.4
1136710 2445.9
1136720 2445.9
1136730 2448.0
1136740 2449.9
1136750 2451.9
1136760 2451.9
1136770 2453.5
1136780 2455.4
1136790 2455.4
1136800 2457.1
1136810 2459.0
1136820 2459.0
1136830 2461.9
1136840 2465.6
1136850 2465.6
1136860 2470.1
1136870 2474.5
1136880 2474.5
1136890 2478.3
1136900 2483.7
1136910 2482.3
1136920 2486.7
1136930 2491.9
1136940 2497.7
1136950 2497.7
1136960 2504.7
1136970 2511.6
1136980 2511.6
1136990 2519.7
1137000 2526.7
1137010 2526.7
1137020 2533.3
1137030 2540.0
1137040 2540.0
1137050 2546.8
1137060 2554.3
1137070 2554.3
1137080 2562.4
1137090 2570.3
1137100 2570.3
1137110 2578.6
1137120 2585.8
1137130 2585.8
1137140 2580.6
1137150 2570.6
1137160 2559.4
1137170 2559.4
1137180 2553.0
1137190 2550.6
1137200 2550.6
1137210 2542.9
1137220 2531.0
1137230 2531.0
1137240 2519.9
1137250 2512.3
1137260 2512.3
1137270 2502.2
1137280 2486.8
1137290 2486.8
1137300 2477.0
1137310 2465.7
1137320 2465.7
1137330 2456.1
1137340 2446.9
1137350 2438.7
1137360 2438.7
1137370 2432.1
1137380 2425.5
1137390 2425.5
1137400 2418.5
1137410 2410.9
1137420 2410.9
1137430 2403.6
1137440 2396.4
1137450 2396.4
1137460 2389.1
1137470 2381.8
1137480 2381.8
1137490 2373.5
1137500 2365.2
1137510 2365.2
1137520 2357.0
1137530 2348.9
1137540 2348.9
1137550 2341.5
1137560 2334.3
1137570 2325.0
1137580 2325.0
1137590 2315.0
1137600 2305.6
1137610 2305.6
1137620 2294.6
1137630 2285.7
1137640 2288.3
1137650 2277.4
1137660 2266.7
1137670 2266.7
1137680 2260.3
1137690 2258.6
1137700 2258.6
1137710 2257.6
1137720 2247.4
1137730 2247.4
1137740 2239.5
1137750 2238.3
1137760 2238.2
1137770 2238.2
1137780 2225.8
1137790 2213.6
1137800 2213.6
1137810 2210.5
1137820 2208.0
1137830 2208.0
1137840 2197.8
1137850 2185.0
1137860 2185.0
1137870 2171.4
1137880 2159.3
1137890 2159.3
1137900 2148.1
1137910 2137.3
1137920 2137.3
1137930 2127.8
1137940 2120.1
1137950 2120.1
1137960 2113.1
1137970 2105.9
1137980 2099.4
1137990 2099.4
1138000 2092.7
1138010 2088.6
1138020 2088.6
1138030 2081.5
1138040 2076.3
1138050 2076.3
1138060 2070.4
1138070 2058.5
1138080 2058.5
1138090 2047.6
1138100 2040.0
1138110 2040.0
1138120 2034.0
1138130 2028.6
1138140 2028.6
1138150 2023.2
1138160 2017.7
1138170 2012.1
1138180 2012.1
1138190 2006.4
1138200 2001.4
1138210 2001.4
1138220 1996.5
1138230 1991.0
1138240 1991.0
1138250 1985.4
1138260 1979.7
1138270 1979.7
1138280 1974.3
1138290 1969.0
1138300 1969.0
1138310 1964.3
1138320 1959.8
1138330 1959.8
1138340 1955.1
1138350 1950.3
1138360 1950.3
1138370 1945.3
1138380 1941.0
1138390 1937.5
1138400 1937.5
1138410 1934.7
1138420 1932.1
1138430 1932.1
1138440 1929.8
1138450 1927.1
1138460 1927.1
1138470 1925.0
1138480 1923.5
1138490 1923.5
1138500 1922.3
1138510 1921.9
1138520 1921.9
1138530 1922.1
1138540 1921.9
1138550 1921.9
1138560 1922.3
1138570 1924.1
1138580 1927.9
1138590 1927.9
1138600 1932.9
1138610 1938.1
1138620 1938.1
1138630 1943.8
1138640 1949.7
1138650 1949.7
1138660 1955.5
1138670 1960.7
1138680 1960.7
1138690 1966.7
1138700 1973.1
1138710 1973.1
1138720 1979.9
1138730 1986.1
1138740 1991.4
1138750 1997.9
1138760 2005.5
1138770 2012.8
1138780 2012.8
1138790 2019.6
1138800 2026.2
1138810 2026.2
1138820 2032.2
1138830 2037.7
1138840 2037.7
1138850 2042.5
1138860 2047.1
1138870 2047.1
1138880 2051.3
1138890 2055.3
1138900 2055.3
1138910 2060.9
1138920 2067.0
1138930 2067.0
1138940 2073.2
1138950 2079.8
1138960 2079.8
1138970 2086.7
1138980 2094.2
1138990 2101.7
1139000 2101.7
1139010 2111.9
1139020 2124.2
1139030 2124.2
1139040 2130.5
1139050 2136.9
1139060 2136.9
1139070 2143.4
1139080 2152.5
1139090 2152.5
1139100 2154.1
1139110 2162.2
1139120 2162.2
1139130 2171.3
1139140 2180.0
1139150 2180.0
1139160 2187.9
1139170 2196.4
1139180 2203.9
1139190 2203.9
1139200 2213.1
1139210 2220.0
1139220 2220.0
1139230 2227.8
1139240 2232.3
1139250 2232.3
1139260 2237.3
1139270 2243.4
1139280 2243.4
1139290 2248.2
1139300 2254.0
1139310 2254.0
1139320 2260.6
1139330 2268.8
1139340 2268.8
1139350 2276.7
1139360 2284.4
1139370 2284.4
1139380 2291.7
1139390 2299.2
1139400 2305.7
1139410 2305.7
1139420 2312.1
1139430 2319.8
1139440 2319.8
1139450 2325.8
1139460 2333.0
1139470 2332.9
1139480 2343.7
1139490 2350.7
1139500 2350.7
1139510 2355.9
1139520 2363.1
1139530 2363.1
1139540 2369.4
1139550 2375.9
1139560 2375.9
1139570 2381.8
1139580 2388.3
1139590 2395.7
1139600 2395.7
1139610 2401.9
1139620 2408.1
1139630 2408.1
1139640 2414.6
1139650 2421.4
1139660 2421.4
1139670 2431.1
1139680 2441.4
1139690 2441.4
1139700 2450.4
1139710 2459.6
1139720 2459.6
1139730 2467.2
1139740 2476.2
1139750 2476.2
1139760 2486.1
1139770 2493.5
1139780 2493.5
1139790 2500.6
1139800 2507.7
1139810 2513.5
1139820 2513.5
1139830 2519.3
1139840 2531.2
1139850 2531.2
1139860 2538.1
1139870 2546.4
1139880 2546.4
1139890 2555.7
1139900 2566.3
1139910 2566.3
1139920 2575.6
1139930 2583.6
1139940 2583.6
1139950 2592.2
1139960 2600.4
1139970 2600.4
1139980 2604.2
1139990 2602.1
