1120000 1972.5
1120010 1972.5
1120020 1971.2
1120030 1965.0
1120040 1949.7
1120050 1949.7
1120060 1937.6
1120070 1927.7
1120080 1927.7
1120090 1928.5
1120100 1924.8
1120110 1924.8
1120120 1920.5
1120130 1921.1
1120140 1921.1
1120150 1917.5
1120160 1891.6
1120170 1891.6
1120180 1883.9
1120190 1881.2
1120200 1881.2
1120210 1855.8
1120220 1847.7
1120230 1845.5
1120240 1845.5
1120250 1841.9
1120260 1828.2
1120270 1828.2
1120280 1811.9
1120290 1793.4
1120300 1793.4
1120310 1774.5
1120320 1763.5
1120330 1763.5
1120340 1755.6
1120350 1745.0
1120360 1745.0
1120370 1732.8
1120380 1722.7
1120390 1722.7
1120400 1714.7
1120410 1706.5
1120420 1706.5
1120430 1697.4
1120440 1679.2
1120450 1657.9
1120460 1657.9
1120470 1638.2
1120480 1622.7
1120490 1622.7
1120500 1609.4
1120510 1597.0
1120520 1597.0
1120530 1588.4
1120540 1571.4
1120550 1571.4
1120560 1556.0
1120570 1546.3
1120580 1546.3
1120590 1535.5
1120600 1524.1
1120610 1524.1
1120620 1513.5
1120630 1503.5
1120640 1494.3
1120650 1494.3
1120660 1484.0
1120670 1475.2
1120680 1475.2
1120690 1463.4
1120700 1453.3
1120710 1453.3
1120720 1445.9
1120730 1441.0
1120740 1441.0
1120750 1434.1
1120760 1424.5
1120770 1424.5
1120780 1418.3
1120790 1414.9
1120800 1414.9
1120810 1408.3
1120820 1402.3
1120830 1402.3
1120840 1393.4
1120850 1383.1
1120860 1374.9
1120870 1374.9
1120880 1364.8
1120890 1355.1
1120900 1355.1
1120910 1342.0
1120920 1335.8
1120930 1335.8
1120940 1327.9
1120950 1317.3
1120960 1317.3
1120970 1308.7
1120980 1302.0
1120990 1302.0
1121000 1299.7
1121010 1300.5
1121020 1300.5
1121030 1300.8
1121040 1304.4
1121050 1309.0
1121060 1309.0
1121070 1309.6
1121080 1308.7
1121090 1308.7
1121100 1311.1
1121110 1313.6
1121120 1313.6
1121130 1314.1
1121140 1317.6
1121150 1317.6
1121160 1320.6
1121170 1320.7
1121180 1320.7
1121190 1320.0
1121200 1319.8
1121210 1319.8
1121220 1321.3
1121230 1325.5
1121240 1325.5
1121250 1329.2
1121260 1333.0
1121270 1333.4
1121280 1333.4
1121290 1335.0
1121300 1341.1
1121310 1341.1
1121320 1347.2
1121330 1352.3
1121340 1352.3
1121350 1357.3
1121360 1363.1
1121370 1363.1
1121380 1370.1
1121390 1377.8
1121400 1377.8
1121410 1385.3
1121420 1392.5
1121430 1392.5
1121440 1396.9
1121450 1400.8
1121460 1403.6
1121470 1403.6
1121480 1406.9
1121490 1411.7
1121500 1411.7
1121510 1417.9
1121520 1425.6
1121530 1425.6
1121540 1434.2
1121550 1443.4
1121560 1443.4
1121570 1453.7
1121580 1463.0
1121590 1463.0
1121600 1475.6
1121610 1482.0
1121620 1482.0
1121630 1481.1
1121640 1478.1
1121650 1473.3
1121660 1473.3
1121670 1469.1
1121680 1471.5
1121690 1471.5
1121700 1480.9
1121710 1490.8
1121720 1490.8
1121730 1500.8
1121740 1510.4
1121750 1510.4
1121760 1515.9
1121770 1519.0
1121780 1519.0
1121790 1523.5
1121800 1529.0
1121810 1529.0
1121820 1533.1
1121830 1536.2
1121840 1536.2
1121850 1540.5
1121860 1545.3
1121870 1552.1
1121880 1552.1
1121890 1557.6
1121900 1561.8
1121910 1561.8
1121920 1559.8
1121930 1555.6
1121940 1555.6
1121950 1563.5
1121960 1567.5
1121970 1567.5
1121980 1576.8
1121990 1587.4
1122000 1587.4
1122010 1598.0
1122020 1607.8
1122030 1607.8
1122040 1616.9
1122050 1623.6
1122060 1629.1
1122070 1629.1
1122080 1634.8
1122090 1639.9
1122100 1639.9
1122110 1644.9
1122120 1649.9
1122130 1649.9
1122140 1655.0
1122150 1659.9
1122160 1659.9
1122170 1665.3
1122180 1671.0
1122190 1671.0
1122200 1676.4
1122210 1682.5
1122220 1682.5
1122230 1689.6
1122240 1697.4
1122250 1697.4
1122260 1704.7
1122270 1710.8
1122280 1717.9
1122290 1717.9
1122300 1726.0
1122310 1732.7
1122320 1732.7
1122330 1739.6
1122340 1746.1
1122350 1746.1
1122360 1752.0
1122370 1758.8
1122380 1758.8
1122390 1765.8
1122400 1772.4
1122410 1772.4
1122420 1778.3
1122430 1784.0
1122440 1784.0
1122450 1789.3
1122460 1793.7
1122470 1798.0
1122480 1798.0
1122490 1802.3
1122500 1807.9
1122510 1807.9
1122520 1814.5
1122530 1821.8
1122540 1821.8
1122550 1831.1
1122560 1840.4
1122570 1840.4
1122580 1843.0
1122590 1850.4
1122600 1850.4
1122610 1860.8
1122620 1871.9
1122630 1871.9
1122640 1879.0
1122650 1900.5
1122660 1900.5
1122670 1902.6
1122680 1905.7
1122690 1907.3
1122700 1907.3
1122710 1913.8
1122720 1925.2
1122730 1925.2
1122740 1934.3
1122750 1935.0
1122760 1935.0
1122770 1934.9
1122780 1934.6
1122790 1934.6
1122800 1935.1
1122810 1934.6
1122820 1934.6
1122830 1932.7
1122840 1932.4
1122850 1932.4
1122860 1931.9
1122870 1929.3
1122880 1925.4
1122890 1925.4
1122900 1921.7
1122910 1916.8
1122920 1916.8
1122930 1912.2
1122940 1909.8
1122950 1909.8
1122960 1907.1
1122970 1903.9
1122980 1903.9
1122990 1899.7
1123000 1900.8
1123010 1900.8
1123020 1895.6
1123030 1890.7
1123040 1890.7
1123050 1885.4
1123060 1878.1
1123070 1878.1
1123080 1870.6
1123090 1863.3
1123100 1855.2
1123110 1855.2
1123120 1849.6
1123130 1844.4
1123140 1844.4
1123150 1833.9
1123160 1823.9
1123170 1823.9
1123180 1818.8
1123190 1815.5
1123200 1815.5
1123210 1812.3
1123220 1808.6
1123230 1808.6
1123240 1805.0
1123250 1800.7
1123260 1800.7
1123270 1795.0
1123280 1789.1
1123290 1784.2
1123300 1784.2
1123310 1779.4
1123320 1774.1
1123330 1774.1
1123340 1769.5
1123350 1767.6
1123360 1767.6
1123370 1763.7
1123380 1760.6
1123390 1760.6
1123400 1757.6
1123410 1755.5
1123420 1755.5
1123430 1753.6
1123440 1751.2
1123450 1751.2
1123460 1749.0
1123470 1746.3
1123480 1746.3
1123490 1742.4
1123500 1740.1
1123510 1738.3
1123520 1738.3
1123530 1737.2
1123540 1737.0
1123550 1737.0
1123560 1739.4
1123570 1739.6
1123580 1739.6
1123590 1740.2
1123600 1741.7
1123610 1741.7
1123620 1741.6
1123630 1740.5
1123640 1740.5
1123650 1739.0
1123660 1739.5
1123670 1739.5
1123680 1739.5
1123690 1739.0
1123700 1740.8
1123710 1740.8
1123720 1739.4
1123730 1738.9
1123740 1738.9
1123750 1738.0
1123760 1738.4
1123770 1738.4
1123780 1739.7
1123790 1740.6
1123800 1740.6
1123810 1741.6
1123820 1742.2
1123830 1742.2
1123840 1743.1
1123850 1744.4
1123860 1744.4
1123870 1746.8
1123880 1748.9
1123890 1752.4
1123900 1752.4
1123910 1755.3
1123920 1758.5
1123930 1758.5
1123940 1760.6
1123950 1761.7
1123960 1761.7
1123970 1761.9
1123980 1763.0
1123990 1763.0
1124000 1766.9
1124010 1770.6
1124020 1770.6
1124030 1772.5
1124040 1775.1
1124050 1777.6
1124060 1781.1
1124070 1785.3
1124080 1785.3
1124090 1789.1
1124100 1792.4
1124110 1795.9
1124120 1795.9
1124130 1800.6
1124140 1806.4
1124150 1806.4
1124160 1812.1
1124170 1817.0
1124180 1817.0
1124190 1820.7
1124200 1823.9
1124210 1823.9
1124220 1827.4
1124230 1832.4
1124240 1832.4
1124250 1836.1
1124260 1838.6
1124270 1838.6
1124280 1842.0
1124290 1845.3
1124300 1845.2
1124310 1845.2
1124320 1846.7
1124330 1848.0
1124340 1848.0
1124350 1850.3
1124360 1851.9
1124370 1851.9
1124380 1854.5
1124390 1857.4
1124400 1858.1
1124410 1860.0
1124420 1863.5
1124430 1863.5
1124440 1866.7
1124450 1868.6
1124460 1868.6
1124470 1871.4
1124480 1874.8
1124490 1874.8
1124500 1879.1
1124510 1886.1
1124520 1893.6
1124530 1893.6
1124540 1900.3
1124550 1904.7
1124560 1904.7
1124570 1908.4
1124580 1910.9
1124590 1910.9
1124600 1912.8
1124610 1915.9
1124620 1915.9
1124630 1920.9
1124640 1926.4
1124650 1926.4
1124660 1931.6
1124670 1936.5
1124680 1936.5
1124690 1940.7
1124700 1945.1
1124710 1950.1
1124720 1950.1
1124730 1955.2
1124740 1959.6
1124750 1959.6
1124760 1968.4
1124770 1973.3
1124780 1973.3
1124790 1978.6
1124800 1984.6
1124810 1984.6
1124820 1990.4
1124830 1995.9
1124840 1995.9
1124850 2001.5
1124860 2007.4
1124870 2007.4
1124880 2014.0
1124890 2019.9
1124900 2019.9
1124910 2025.3
1124920 2030.5
1124930 2035.6
1124940 2035.6
1124950 2037.1
1124960 2037.6
1124970 2037.6
1124980 2036.2
1124990 2035.3
1125000 2035.3
1125010 2038.3
1125020 2043.3
1125030 2043.3
1125040 2048.9
1125050 2057.2
1125060 2057.2
1125070 2073.9
1125080 2079.7
1125090 2079.7
1125100 2081.8
1125110 2090.1
1125120 2091.9
1125130 2091.9
1125140 2094.4
1125150 2096.0
1125160 2096.0
1125170 2096.2
1125180 2094.7
1125190 2094.7
1125200 2095.3
1125210 2095.9
1125220 2095.9
1125230 2096.1
1125240 2093.7
1125250 2093.7
1125260 2090.2
1125270 2089.8
1125280 2089.8
1125290 2084.9
1125300 2083.1
1125310 2083.1
1125320 2081.8
1125330 2079.5
1125340 2084.2
1125350 2084.2
1125360 2083.2
1125370 2082.8
1125380 2082.8
1125390 2079.9
1125400 2078.7
1125410 2078.7
1125420 2077.9
1125430 2072.8
1125440 2072.8
1125450 2069.4
1125460 2076.5
1125470 2076.5
1125480 2073.4
1125490 2068.0
1125500 2068.0
1125510 2062.8
1125520 2059.2
1125530 2056.2
1125540 2056.2
1125550 2053.2
1125560 2051.0
1125570 2051.0
1125580 2047.6
1125590 2046.9
1125600 2046.9
1125610 2046.8
1125620 2046.6
1125630 2046.6
1125640 2045.5
1125650 2045.7
1125660 2045.7
1125670 2045.4
1125680 2044.9
1125690 2044.9
1125700 2045.2
1125710 2048.2
1125720 2048.2
1125730 2048.5
1125740 2049.7
1125750 2053.9
1125760 2053.9
1125770 2053.9
1125780 2055.6
1125790 2055.6
1125800 2059.3
1125810 2066.0
1125820 2066.0
1125830 2069.9
1125840 2074.2
1125850 2074.2
1125860 2079.8
1125870 2083.0
1125880 2083.0
1125890 2083.0
1125900 2082.4
1125910 2082.4
1125920 2081.1
1125930 2078.8
1125940 2080.4
1125950 2080.4
1125960 2084.5
1125970 2089.9
1125980 2089.9
1125990 2098.1
1126000 2102.7
1126010 2102.7
1126020 2102.4
1126030 2099.3
1126040 2099.3
1126050 2092.4
1126060 2089.0
1126070 2089.0
1126080 2086.9
1126090 2086.1
1126100 2086.1
1126110 2086.4
1126120 2086.3
1126130 2087.2
1126140 2087.2
1126150 2087.0
1126160 2090.0
1126170 2090.0
1126180 2088.6
1126190 2089.8
1126200 2089.8
1126210 2091.1
1126220 2092.5
1126230 2092.5
1126240 2092.5
1126250 2091.4
1126260 2091.4
1126270 2089.0
1126280 2086.6
1126290 2086.6
1126300 2085.3
1126310 2084.5
1126320 2084.5
1126330 2085.4
1126340 2085.1
1126350 2085.7
1126360 2085.7
1126370 2086.3
1126380 2086.3
1126390 2086.3
1126400 2086.5
1126410 2089.3
1126420 2089.3
1126430 2092.2
1126440 2095.8
1126450 2095.8
1126460 2100.2
1126470 2105.1
1126480 2105.1
1126490 2109.6
1126500 2114.4
1126510 2114.4
1126520 2118.2
1126530 2121.4
1126540 2124.6
1126550 2124.6
1126560 2129.3
1126570 2133.4
1126580 2133.4
1126590 2138.3
1126600 2142.5
1126610 2142.5
1126620 2146.7
1126630 2152.0
1126640 2152.0
1126650 2156.5
1126660 2160.0
1126670 2160.0
1126680 2165.4
1126690 2170.4
1126700 2170.4
1126710 2175.3
1126720 2182.4
1126730 2182.4
1126740 2187.9
1126750 2195.0
1126760 2200.3
1126770 2200.3
1126780 2209.5
1126790 2221.1
1126800 2221.1
1126810 2231.6
1126820 2241.1
1126830 2241.1
1126840 2247.5
1126850 2256.1
1126860 2256.1
1126870 2258.1
1126880 2265.0
1126890 2265.0
1126900 2272.2
1126910 2279.7
1126920 2279.7
1126930 2285.6
1126940 2293.9
1126950 2301.6
1126960 2301.6
1126970 2305.0
1126980 2309.7
1126990 2309.7
1127000 2312.7
1127010 2317.0
1127020 2317.0
1127030 2321.1
1127040 2327.1
1127050 2327.1
1127060 2332.8
1127070 2338.4
1127080 2338.4
1127090 2342.3
1127100 2345.6
1127110 2345.6
1127120 2349.3
1127130 2352.4
1127140 2352.4
1127150 2356.3
1127160 2360.3
1127170 2362.3
1127180 2362.3
1127190 2363.5
1127200 2363.0
1127210 2363.0
1127220 2362.0
1127230 2368.6
1127240 2368.6
1127250 2370.8
1127260 2372.6
1127270 2372.6
1127280 2374.0
1127290 2374.7
1127300 2374.7
1127310 2376.4
1127320 2377.7
1127330 2377.7
1127340 2377.9
1127350 2380.3
1127360 2381.3
1127370 2381.3
1127380 2380.8
1127390 2380.6
1127400 2380.6
1127410 2379.2
1127420 2377.8
1127430 2377.8
1127440 2376.6
1127450 2374.6
1127460 2374.6
1127470 2374.8
1127480 2374.6
1127490 2374.6
1127500 2374.4
1127510 2374.5
1127520 2374.5
1127530 2375.2
1127540 2375.2
1127550 2375.2
1127560 2377.1
1127570 2381.5
1127580 2384.8
1127590 2384.8
1127600 2389.1
1127610 2393.4
1127620 2393.4
1127630 2400.1
1127640 2403.1
1127650 2403.1
1127660 2405.7
1127670 2409.6
1127680 2409.6
1127690 2412.4
1127700 2414.1
1127710 2414.1
1127720 2417.1
1127730 2421.6
1127740 2421.6
1127750 2425.1
1127760 2425.5
1127770 2428.1
1127780 2428.1
1127790 2432.0
1127800 2436.1
1127810 2436.1
1127820 2438.7
1127830 2440.1
1127840 2440.1
1127850 2440.7
1127860 2438.7
1127870 2438.7
1127880 2437.4
1127890 2439.6
1127900 2439.6
1127910 2442.8
1127920 2445.7
1127930 2445.7
1127940 2440.0
1127950 2442.9
1127960 2442.9
1127970 2443.7
1127980 2443.0
1127990 2441.7
1128000 2441.7
1128010 2438.6
1128020 2435.7
1128030 2435.7
1128040 2431.7
1128050 2426.5
1128060 2426.5
1128070 2420.4
1128080 2414.3
1128090 2414.3
1128100 2407.5
1128110 2399.8
1128120 2399.8
1128130 2392.0
1128140 2384.4
1128150 2384.4
1128160 2377.3
1128170 2371.6
1128180 2367.4
1128190 2367.4
1128200 2362.2
1128210 2355.5
1128220 2355.5
1128230 2349.3
1128240 2345.3
1128250 2345.3
1128260 2341.5
1128270 2337.8
1128280 2337.8
1128290 2335.8
1128300 2327.5
1128310 2327.5
1128320 2318.7
1128330 2312.3
1128340 2312.3
1128350 2304.9
1128360 2298.7
1128370 2293.6
1128380 2293.6
1128390 2283.5
1128400 2271.6
1128410 2271.6
1128420 2262.4
1128430 2256.8
1128440 2256.8
1128450 2252.5
1128460 2246.6
1128470 2246.6
1128480 2238.5
1128490 2229.4
1128500 2229.4
1128510 2221.1
1128520 2211.4
1128530 2211.4
1128540 2203.0
1128550 2196.1
1128560 2196.1
1128570 2188.7
1128580 2182.3
1128590 2175.2
1128600 2175.2
1128610 2166.6
1128620 2155.8
1128630 2155.8
1128640 2139.7
1128650 2123.3
1128660 2123.3
1128670 2108.7
1128680 2103.2
1128690 2103.2
1128700 2105.7
1128710 2109.1
1128720 2109.1
1128730 2110.0
1128740 2106.8
1128750 2106.8
1128760 2100.1
1128770 2089.4
1128780 2079.6
1128790 2079.6
1128800 2071.2
1128810 2061.2
1128820 2061.2
1128830 2051.9
1128840 2044.8
1128850 2044.8
1128860 2038.3
1128870 2031.4
1128880 2031.4
1128890 2023.4
1128900 2014.8
1128910 2014.8
1128920 2007.5
1128930 2000.2
1128940 2000.2
1128950 1993.5
1128960 1987.6
1128970 1987.6
1128980 1981.8
1128990 1974.8
1129000 1960.5
1129010 1960.5
1129020 1955.5
1129030 1951.4
1129040 1951.4
1129050 1948.6
1129060 1943.3
1129070 1943.3
1129080 1937.2
1129090 1929.3
1129100 1929.3
1129110 1920.1
1129120 1911.7
1129130 1911.7
1129140 1903.7
1129150 1897.5
1129160 1897.5
1129170 1891.5
1129180 1884.4
1129190 1878.5
1129200 1878.5
1129210 1874.0
1129220 1868.9
1129230 1868.9
1129240 1863.6
1129250 1856.8
1129260 1856.8
1129270 1850.0
1129280 1845.5
1129290 1845.5
1129300 1840.5
1129310 1834.3
1129320 1834.3
1129330 1828.9
1129340 1825.5
1129350 1825.5
1129360 1815.9
1129370 1812.0
1129380 1812.0
1129390 1807.8
1129400 1804.2
1129410 1799.4
1129420 1799.4
1129430 1794.1
1129440 1788.4
1129450 1788.4
1129460 1783.2
1129470 1778.1
1129480 1778.1
1129490 1772.7
1129500 1767.4
1129510 1767.4
1129520 1762.7
1129530 1757.9
1129540 1757.9
1129550 1753.5
1129560 1747.5
1129570 1747.5
1129580 1742.6
1129590 1739.5
1129600 1738.3
1129610 1738.3
1129620 1737.6
1129630 1735.9
1129640 1735.9
1129650 1731.5
1129660 1728.7
1129670 1728.7
1129680 1726.1
1129690 1723.7
1129700 1723.7
1129710 1720.9
1129720 1720.0
1129730 1720.0
1129740 1719.8
1129750 1719.9
1129760 1719.9
1129770 1719.9
1129780 1719.9
1129790 1719.9
1129800 1719.7
1129810 1719.1
1129820 1719.4
1129830 1719.4
1129840 1721.5
1129850 1723.9
1129860 1723.9
1129870 1724.5
1129880 1724.9
1129890 1724.9
1129900 1725.7
1129910 1729.4
1129920 1729.4
1129930 1732.8
1129940 1735.7
1129950 1735.7
1129960 1737.9
1129970 1740.3
1129980 1740.3
1129990 1742.4
1130000 1744.7
1130010 1747.0
1130020 1747.0
1130030 1748.9
1130040 1750.8
1130050 1750.8
1130060 1752.8
1130070 1757.3
1130080 1757.3
1130090 1759.2
1130100 1761.4
1130110 1761.4
1130120 1764.7
1130130 1768.2
1130140 1768.2
1130150 1770.9
1130160 1774.1
1130170 1774.1
1130180 1778.2
1130190 1782.1
1130200 1785.2
1130210 1785.2
1130220 1788.5
1130230 1791.7
1130240 1791.7
1130250 1794.9
1130260 1798.3
1130270 1798.3
1130280 1802.1
1130290 1806.2
1130300 1806.2
1130310 1810.6
1130320 1814.9
1130330 1814.9
1130340 1818.5
1130350 1822.0
1130360 1822.0
1130370 1825.5
1130380 1829.2
1130390 1829.2
1130400 1833.1
1130410 1837.1
1130420 1841.2
1130430 1843.1
1130440 1847.1
1130450 1851.3
1130460 1851.3
1130470 1855.1
1130480 1859.0
1130490 1859.0
1130500 1863.3
1130510 1867.4
1130520 1867.4
1130530 1871.5
1130540 1876.6
1130550 1876.6
1130560 1882.3
1130570 1888.4
1130580 1888.4
1130590 1894.7
1130600 1901.9
1130610 1909.1
1130620 1909.1
1130630 1916.1
1130640 1922.4
1130650 1922.4
1130660 1927.1
1130670 1929.6
1130680 1929.6
1130690 1932.3
1130700 1935.7
1130710 1935.7
1130720 1940.2
1130730 1945.2
1130740 1945.2
1130750 1949.4
1130760 1953.5
1130770 1953.5
1130780 1965.5
1130790 1969.2
1130800 1969.2
1130810 1971.5
1130820 1980.4
1130830 1986.2
1130840 1986.2
1130850 1996.3
1130860 1999.7
1130870 1999.7
1130880 1997.9
1130890 1996.0
1130900 1996.0
1130910 2002.4
1130920 2005.7
1130930 2005.7
1130940 2006.9
1130950 2008.9
1130960 2008.9
1130970 2014.3
1130980 2020.6
1130990 2020.6
1131000 2028.2
1131010 2032.8
1131020 2037.0
1131030 2037.0
1131040 2040.5
1131050 2045.1
1131060 2045.1
1131070 2048.5
1131080 2052.4
1131090 2052.4
1131100 2059.1
1131110 2066.3
1131120 2066.3
1131130 2070.1
1131140 2083.1
1131150 2083.1
1131160 2089.7
1131170 2092.1
1131180 2092.1
1131190 2096.3
1131200 2102.3
1131210 2102.3
1131220 2110.0
1131230 2120.9
1131240 2130.6
1131250 2130.6
1131260 2139.0
1131270 2145.9
1131280 2145.9
1131290 2153.4
1131300 2162.2
1131310 2162.2
1131320 2171.3
1131330 2179.0
1131340 2179.0
1131350 2185.0
1131360 2190.9
1131370 2190.9
1131380 2197.5
1131390 2206.5
1131400 2206.5
1131410 2215.6
1131420 2223.8
1131430 2231.1
1131440 2231.1
1131450 2236.5
1131460 2242.0
1131470 2242.0
1131480 2248.4
1131490 2254.7
1131500 2255.4
1131510 2262.4
1131520 2267.8
1131530 2267.8
1131540 2273.6
1131550 2279.5
1131560 2279.5
1131570 2285.4
1131580 2293.7
1131590 2293.7
1131600 2301.9
1131610 2306.4
1131620 2309.6
1131630 2309.6
1131640 2312.7
1131650 2314.8
1131660 2314.8
1131670 2316.8
1131680 2319.6
1131690 2319.6
1131700 2321.7
1131710 2323.4
1131720 2323.4
1131730 2324.8
1131740 2326.1
1131750 2326.1
1131760 2328.3
1131770 2329.0
1131780 2329.0
1131790 2327.6
1131800 2327.6
1131810 2327.6
1131820 2330.5
1131830 2331.7
1131840 2332.8
1131850 2332.8
1131860 2338.5
1131870 2341.4
1131880 2341.4
1131890 2345.1
1131900 2348.6
1131910 2348.6
1131920 2350.9
1131930 2352.8
1131940 2352.8
1131950 2354.3
1131960 2355.8
1131970 2355.8
1131980 2357.2
1131990 2359.2
1132000 2359.2
1132010 2361.6
1132020 2363.8
1132030 2366.2
1132040 2366.2
1132050 2368.9
1132060 2371.2
1132070 2371.2
1132080 2373.3
1132090 2375.2
1132100 2375.2
1132110 2376.9
1132120 2378.0
1132130 2378.0
1132140 2377.8
1132150 2376.6
1132160 2376.6
1132170 2377.6
1132180 2379.6
1132190 2379.6
1132200 2381.4
1132210 2384.0
1132220 2382.1
1132230 2385.2
1132240 2388.1
1132250 2391.0
1132260 2391.0
1132270 2394.4
1132280 2399.0
1132290 2399.0
1132300 2405.0
1132310 2411.2
1132320 2411.2
1132330 2416.5
1132340 2421.7
1132350 2421.7
1132360 2427.8
1132370 2434.0
1132380 2434.0
1132390 2439.6
1132400 2445.4
1132410 2445.4
1132420 2449.8
1132430 2452.9
1132440 2456.5
1132450 2456.5
1132460 2462.0
1132470 2467.4
1132480 2467.4
1132490 2473.0
1132500 2478.2
1132510 2478.2
1132520 2482.8
1132530 2487.0
1132540 2487.0
1132550 2491.5
1132560 2496.4
1132570 2496.4
1132580 2500.8
1132590 2502.9
1132600 2502.9
1132610 2496.6
1132620 2492.2
1132630 2492.2
1132640 2489.7
1132650 2487.3
1132660 2486.3
1132670 2486.3
1132680 2485.5
1132690 2484.7
1132700 2484.7
1132710 2482.3
1132720 2479.9
1132730 2479.9
1132740 2479.3
1132750 2478.0
1132760 2478.0
1132770 2475.8
1132780 2471.0
1132790 2471.0
1132800 2462.6
1132810 2453.8
1132820 2453.8
1132830 2445.0
1132840 2433.4
1132850 2419.3
1132860 2419.3
1132870 2403.7
1132880 2394.6
1132890 2394.6
1132900 2385.5
1132910 2377.7
1132920 2377.7
1132930 2369.6
1132940 2351.8
1132950 2351.8
1132960 2343.3
1132970 2333.1
1132980 2333.1
1132990 2324.2
1133000 2319.9
1133010 2319.9
1133020 2315.4
1133030 2310.1
1133040 2310.1
1133050 2304.5
1133060 2300.1
1133070 2294.4
1133080 2294.4
1133090 2284.0
1133100 2278.3
1133110 2278.3
1133120 2269.8
1133130 2261.2
1133140 2261.2
1133150 2260.0
1133160 2255.2
1133170 2255.2
1133180 2246.7
1133190 2233.4
1133200 2233.4
1133210 2219.5
1133220 2211.4
1133230 2211.4
1133240 2211.4
1133250 2213.5
1133260 2208.8
1133270 2208.8
1133280 2188.6
1133290 2173.4
1133300 2166.2
1133310 2151.5
1133320 2147.9
1133330 2147.9
1133340 2148.4
1133350 2142.8
1133360 2142.8
1133370 2145.3
1133380 2149.1
1133390 2149.1
1133400 2150.3
1133410 2148.0
1133420 2148.0
1133430 2142.4
1133440 2132.2
1133450 2125.8
1133460 2125.8
1133470 2120.1
1133480 2094.6
1133490 2094.6
1133500 2062.5
1133510 2049.2
1133520 2049.2
1133530 2040.7
1133540 2033.0
1133550 2033.0
1133560 2027.2
1133570 2026.4
1133580 2026.4
1133590 2020.9
1133600 2002.7
1133610 2002.7
1133620 1990.3
1133630 1984.9
1133640 1984.9
1133650 1974.4
1133660 1959.7
1133670 1953.3
1133680 1953.3
1133690 1950.3
1133700 1946.9
1133710 1946.9
1133720 1938.2
1133730 1930.1
1133740 1930.1
1133750 1924.7
1133760 1919.0
1133770 1919.0
1133780 1912.2
1133790 1903.6
1133800 1903.6
1133810 1892.0
1133820 1882.3
1133830 1882.3
1133840 1874.4
1133850 1866.5
1133860 1859.2
1133870 1859.2
1133880 1849.5
1133890 1840.1
1133900 1840.1
1133910 1831.7
1133920 1823.9
1133930 1823.9
1133940 1817.5
1133950 1809.5
1133960 1809.5
1133970 1801.4
1133980 1794.3
1133990 1794.3
1134000 1787.8
1134010 1781.4
1134020 1777.7
1134030 1771.9
1134040 1765.9
1134050 1765.9
1134060 1759.9
1134070 1753.7
1134080 1747.4
1134090 1747.4
1134100 1741.2
1134110 1735.2
1134120 1735.2
1134130 1729.1
1134140 1723.1
1134150 1723.1
1134160 1717.1
1134170 1711.7
1134180 1711.7
1134190 1706.7
1134200 1702.3
1134210 1702.3
1134220 1698.0
1134230 1692.6
1134240 1692.6
1134250 1687.4
1134260 1683.2
1134270 1679.0
1134280 1679.0
1134290 1675.4
1134300 1672.0
1134310 1672.0
1134320 1668.8
1134330 1665.1
1134340 1665.1
1134350 1662.2
1134360 1660.8
1134370 1660.8
1134380 1660.4
1134390 1661.4
1134400 1661.4
1134410 1662.6
1134420 1663.4
1134430 1663.4
1134440 1664.3
1134450 1665.8
1134460 1665.8
1134470 1666.4
1134480 1667.2
1134490 1667.9
1134500 1667.9
1134510 1669.1
1134520 1672.2
1134530 1672.2
1134540 1675.7
1134550 1677.7
1134560 1677.7
1134570 1679.4
1134580 1682.2
1134590 1682.2
1134600 1684.9
1134610 1687.3
1134620 1687.3
1134630 1688.9
1134640 1690.1
1134650 1690.1
1134660 1691.6
1134670 1693.7
1134680 1696.2
1134690 1696.2
1134700 1699.9
1134710 1705.1
1134720 1705.1
1134730 1711.1
1134740 1717.6
1134750 1717.6
1134760 1723.7
1134770 1730.1
1134780 1730.1
1134790 1736.0
1134800 1741.7
1134810 1741.7
1134820 1747.4
1134830 1753.3
1134840 1753.3
1134850 1759.9
1134860 1767.2
1134870 1775.3
1134880 1775.3
1134890 1782.7
1134900 1789.6
1134910 1789.6
1134920 1797.1
1134930 1806.2
1134940 1806.2
1134950 1815.0
1134960 1822.4
1134970 1822.4
1134980 1828.8
1134990 1835.4
1135000 1835.4
1135010 1842.9
1135020 1851.5
1135030 1851.5
1135040 1858.5
1135050 1864.6
1135060 1864.6
1135070 1870.6
1135080 1875.4
1135090 1880.8
1135100 1887.0
1135110 1893.0
1135120 1900.8
1135130 1900.8
1135140 1908.4
1135150 1915.0
1135160 1915.0
1135170 1920.3
1135180 1926.2
1135190 1926.2
1135200 1932.6
1135210 1940.3
1135220 1940.3
1135230 1948.6
1135240 1955.6
1135250 1955.6
1135260 1961.9
1135270 1967.8
1135280 1974.0
1135290 1974.0
1135300 1979.4
1135310 1984.1
1135320 1984.1
1135330 1990.4
1135340 1999.2
1135350 1999.2
1135360 2006.2
1135370 2013.0
1135380 2013.0
1135390 2020.1
1135400 2028.0
1135410 2028.0
1135420 2039.1
1135430 2049.9
1135440 2049.9
1135450 2056.7
1135460 2063.2
1135470 2067.0
1135480 2070.5
1135490 2072.0
1135500 2074.2
1135510 2074.2
1135520 2077.4
1135530 2080.4
1135540 2080.4
1135550 2083.9
1135560 2088.1
1135570 2088.1
1135580 2092.6
1135590 2097.7
1135600 2097.7
1135610 2103.1
1135620 2108.7
1135630 2108.7
1135640 2114.6
1135650 2120.7
1135660 2120.7
1135670 2126.5
1135680 2132.1
1135690 2138.0
1135700 2138.0
1135710 2144.7
1135720 2151.6
1135730 2151.6
1135740 2158.2
1135750 2164.3
1135760 2164.3
1135770 2170.2
1135780 2176.0
1135790 2176.0
1135800 2182.3
1135810 2188.7
1135820 2188.7
1135830 2194.1
1135840 2199.5
1135850 2199.5
1135860 2204.8
1135870 2209.4
1135880 2209.4
1135890 2212.8
1135900 2214.5
1135910 2216.5
1135920 2216.5
1135930 2219.3
1135940 2223.4
1135950 2223.4
1135960 2228.5
1135970 2234.2
1135980 2234.2
1135990 2240.0
1136000 2244.5
1136010 2244.5
1136020 2246.2
1136030 2246.0
1136040 2246.0
1136050 2245.6
1136060 2247.7
1136070 2247.7
1136080 2249.4
1136090 2253.2
1136100 2260.3
1136110 2260.3
1136120 2267.6
1136130 2274.3
1136140 2274.3
1136150 2278.7
1136160 2282.4
1136170 2282.4
1136180 2286.4
1136190 2291.1
1136200 2291.1
1136210 2293.7
1136220 2295.7
1136230 2295.7
1136240 2297.5
1136250 2299.6
1136260 2299.6
1136270 2301.6
1136280 2302.3
1136290 2302.3
1136300 2303.7
1136310 2306.2
1136320 2308.1
1136330 2308.1
1136340 2309.3
1136350 2312.3
1136360 2312.3
1136370 2314.3
1136380 2314.8
1136390 2314.8
1136400 2314.9
1136410 2317.0
1136420 2317.0
1136430 2321.9
1136440 2326.3
1136450 2326.3
1136460 2330.5
1136470 2336.6
1136480 2336.6
1136490 2343.5
1136500 2351.4
1136510 2359.2
1136520 2359.2
1136530 2368.5
1136540 2379.3
1136550 2380.6
1136560 2390.9
1136570 2398.7
1136580 2398.7
1136590 2402.9
1136600 2405.5
1136610 2405.5
1136620 2409.0
1136630 2413.6
1136640 2413.6
1136650 2418.9
1136660 2426.2
1136670 2426.2
1136680 2433.4
1136690 2439.3
1136700 2446.1
1136710 2446.1
1136720 2453.4
1136730 2460.8
1136740 2460.8
1136750 2467.2
1136760 2469.6
1136770 2469.6
1136780 2469.6
1136790 2472.0
1136800 2472.0
1136810 2476.1
1136820 2480.8
1136830 2480.8
1136840 2486.6
1136850 2492.4
1136860 2492.4
1136870 2497.8
1136880 2503.6
1136890 2503.6
1136900 2510.0
1136910 2516.5
1136920 2528.0
1136930 2528.0
1136940 2535.8
1136950 2543.2
1136960 2543.2
1136970 2549.7
1136980 2556.6
1136990 2556.6
1137000 2563.7
1137010 2571.9
1137020 2571.9
1137030 2579.5
1137040 2584.3
1137050 2584.3
1137060 2580.2
1137070 2571.1
1137080 2571.1
1137090 2561.7
1137100 2554.0
1137110 2547.1
1137120 2547.1
1137130 2541.1
1137140 2537.8
1137150 2537.8
1137160 2535.3
1137170 2524.0
1137180 2524.0
1137190 2511.3
1137200 2501.6
1137210 2501.6
1137220 2487.6
1137230 2474.5
1137240 2474.5
1137250 2459.2
1137260 2444.7
1137270 2444.7
1137280 2425.7
1137290 2415.2
1137300 2415.2
1137310 2409.4
1137320 2404.2
1137330 2398.1
1137340 2398.1
1137350 2394.4
1137360 2388.6
1137370 2388.6
1137380 2384.2
1137390 2378.5
1137400 2378.5
1137410 2370.9
1137420 2361.9
1137430 2361.9
1137440 2352.1
1137450 2343.1
1137460 2343.1
1137470 2334.7
1137480 2329.6
1137490 2329.6
1137500 2326.9
1137510 2323.0
1137520 2325.2
1137530 2325.2
1137540 2323.3
1137550 2314.8
1137560 2314.8
1137570 2306.2
1137580 2299.2
1137590 2299.2
1137600 2294.0
1137610 2291.4
1137620 2291.4
1137630 2289.1
1137640 2284.6
1137650 2278.2
1137660 2276.9
1137670 2270.4
1137680 2270.4
1137690 2262.6
1137700 2253.0
1137710 2253.0
1137720 2240.9
1137730 2231.6
1137740 2218.9
1137750 2218.9
1137760 2203.3
1137770 2191.4
1137780 2191.4
1137790 2182.2
1137800 2174.3
1137810 2174.3
1137820 2165.0
1137830 2158.2
1137840 2158.2
1137850 2153.9
1137860 2150.6
1137870 2150.6
1137880 2147.2
1137890 2146.4
1137900 2146.4
1137910 2142.9
1137920 2130.8
1137930 2120.5
1137940 2120.5
1137950 2111.3
1137960 2097.7
1137970 2097.7
1137980 2083.8
1137990 2074.5
1138000 2074.5
1138010 2060.9
1138020 2052.6
1138030 2052.6
1138040 2044.6
1138050 2037.4
1138060 2037.4
1138070 2031.5
1138080 2026.9
1138090 2026.9
1138100 2022.2
1138110 2017.5
1138120 2012.8
1138130 2012.8
1138140 2007.9
1138150 2003.1
1138160 2003.1
1138170 1998.3
1138180 1993.5
1138190 1993.5
1138200 1989.1
1138210 1984.4
1138220 1984.4
1138230 1979.5
1138240 1974.6
1138250 1974.6
1138260 1969.9
1138270 1965.5
1138280 1965.5
1138290 1961.4
1138300 1957.5
1138310 1957.5
1138320 1953.9
1138330 1950.4
1138340 1947.2
1138350 1947.2
1138360 1944.2
1138370 1941.5
1138380 1942.3
1138390 1939.6
1138400 1937.0
1138410 1937.0
1138420 1934.7
1138430 1932.1
1138440 1932.1
1138450 1933.7
1138460 1937.6
1138470 1937.6
1138480 1939.7
1138490 1942.1
1138500 1942.1
1138510 1945.2
1138520 1948.4
1138530 1951.1
1138540 1951.1
1138550 1953.9
1138560 1959.9
1138570 1959.9
1138580 1968.8
1138590 1977.7
1138600 1977.7
1138610 1986.6
1138620 1993.7
1138630 1993.7
1138640 2000.1
1138650 2005.7
1138660 2005.7
1138670 2010.8
1138680 2016.3
1138690 2016.3
1138700 2024.0
1138710 2032.6
1138720 2032.6
1138730 2040.6
1138740 2050.9
1138750 2059.8
1138760 2059.8
1138770 2068.3
1138780 2076.7
1138790 2076.7
1138800 2084.5
1138810 2092.4
1138820 2092.4
1138830 2098.7
1138840 2105.0
1138850 2105.0
1138860 2112.0
1138870 2119.4
1138880 2119.4
1138890 2126.8
1138900 2134.3
1138910 2134.3
1138920 2141.5
1138930 2148.9
1138940 2154.7
1138950 2154.7
1138960 2159.8
1138970 2167.4
1138980 2167.4
1138990 2175.3
1139000 2182.9
1139010 2182.9
1139020 2190.0
1139030 2196.0
1139040 2196.0
1139050 2201.4
1139060 2206.1
1139070 2206.1
1139080 2209.1
1139090 2211.2
1139100 2211.2
1139110 2217.9
1139120 2219.8
1139130 2219.8
1139140 2220.4
1139150 2223.8
1139160 2231.0
1139170 2231.0
1139180 2237.5
1139190 2243.0
1139200 2243.0
1139210 2249.5
1139220 2253.8
1139230 2253.8
1139240 2259.5
1139250 2265.2
1139260 2265.2
1139270 2270.5
1139280 2275.6
1139290 2275.6
1139300 2279.6
1139310 2284.2
1139320 2284.2
1139330 2289.4
1139340 2294.7
1139350 2300.5
1139360 2300.5
1139370 2306.4
1139380 2312.1
1139390 2312.1
1139400 2318.8
1139410 2326.8
1139420 2326.8
1139430 2334.1
1139440 2340.8
1139450 2340.8
1139460 2347.7
1139470 2353.5
1139480 2356.8
1139490 2363.0
1139500 2368.8
1139510 2368.8
1139520 2374.3
1139530 2381.4
1139540 2389.6
1139550 2389.6
1139560 2396.0
1139570 2403.7
1139580 2403.7
1139590 2411.2
1139600 2422.3
1139610 2422.3
1139620 2432.5
1139630 2441.2
1139640 2441.2
1139650 2451.6
1139660 2456.1
1139670 2456.1
1139680 2460.5
1139690 2467.5
1139700 2467.5
1139710 2478.1
1139720 2487.7
1139730 2487.7
1139740 2494.1
1139750 2501.4
1139760 2509.0
1139770 2509.0
1139780 2514.1
1139790 2517.7
1139800 2517.7
1139810 2522.0
1139820 2528.0
1139830 2528.0
1139840 2536.6
1139850 2550.9
1139860 2550.9
1139870 2559.9
1139880 2566.1
1139890 2566.1
1139900 2572.3
1139910 2579.5
1139920 2579.5
1139930 2587.0
1139940 2595.8
1139950 2602.8
1139960 2602.8
1139970 2609.1
1139980 2614.4
1139990 2614.4
