1120000 1237.0
1120010 1237.0
1120020 1237.0
1120030 1235.9
1120040 1234.6
1120050 1234.6
1120060 1233.1
1120070 1231.7
1120080 1231.7
1120090 1229.7
1120100 1228.1
1120110 1228.1
1120120 1227.2
1120130 1225.5
1120140 1225.5
1120150 1223.3
1120160 1221.0
1120170 1218.1
1120180 1218.1
1120190 1214.4
1120200 1210.9
1120210 1210.9
1120220 1215.2
1120230 1213.4
1120240 1213.4
1120250 1211.9
1120260 1209.8
1120270 1209.8
1120280 1207.8
1120290 1207.1
1120300 1207.1
1120310 1205.5
1120320 1203.8
1120330 1203.8
1120340 1201.9
1120350 1200.0
1120360 1200.0
1120370 1197.5
1120380 1196.0
1120390 1194.7
1120400 1194.7
1120410 1190.8
1120420 1186.3
1120430 1186.3
1120440 1187.9
1120450 1184.9
1120460 1184.9
1120470 1181.3
1120480 1177.0
1120490 1177.0
1120500 1174.7
1120510 1173.6
1120520 1173.6
1120530 1171.3
1120540 1169.0
1120550 1169.0
1120560 1172.9
1120570 1171.2
1120580 1168.7
1120590 1168.7
1120600 1165.8
1120610 1162.8
1120620 1162.8
1120630 1160.2
1120640 1158.3
1120650 1158.3
1120660 1157.1
1120670 1155.9
1120680 1155.9
1120690 1154.8
1120700 1153.5
1120710 1153.5
1120720 1153.1
1120730 1151.1
1120740 1151.1
1120750 1146.1
1120760 1143.8
1120770 1143.8
1120780 1140.2
1120790 1133.7
1120800 1127.7
1120810 1127.7
1120820 1122.1
1120830 1120.6
1120840 1120.6
1120850 1122.4
1120860 1122.2
1120870 1122.2
1120880 1120.6
1120890 1119.1
1120900 1119.1
1120910 1119.0
1120920 1118.5
1120930 1118.5
1120940 1115.5
1120950 1111.8
1120960 1111.8
1120970 1108.4
1120980 1106.2
1120990 1104.0
1121000 1104.0
1121010 1100.8
1121020 1098.2
1121030 1098.2
1121040 1096.3
1121050 1094.6
1121060 1094.6
1121070 1093.5
1121080 1092.7
1121090 1092.7
1121100 1092.3
1121110 1092.5
1121120 1092.5
1121130 1092.3
1121140 1091.8
1121150 1091.8
1121160 1091.8
1121170 1092.1
1121180 1092.1
1121190 1091.9
1121200 1092.5
1121210 1093.1
1121220 1093.1
1121230 1092.6
1121240 1092.1
1121250 1092.1
1121260 1093.2
1121270 1094.8
1121280 1094.8
1121290 1094.2
1121300 1093.5
1121310 1093.5
1121320 1092.9
1121330 1091.9
1121340 1091.9
1121350 1092.1
1121360 1092.1
1121370 1092.1
1121380 1092.3
1121390 1092.4
1121400 1092.2
1121410 1092.2
1121420 1092.5
1121430 1092.9
1121440 1092.9
1121450 1093.1
1121460 1093.7
1121470 1093.7
1121480 1093.5
1121490 1093.4
1121500 1093.4
1121510 1092.6
1121520 1096.3
1121530 1096.3
1121540 1100.4
1121550 1100.5
1121560 1100.5
1121570 1101.8
1121580 1103.4
1121590 1103.4
1121600 1104.6
1121610 1106.5
1121620 1108.3
1121630 1108.3
1121640 1110.8
1121650 1112.8
1121660 1112.8
1121670 1113.1
1121680 1114.7
1121690 1114.7
1121700 1116.7
1121710 1118.6
1121720 1118.6
1121730 1120.1
1121740 1122.2
1121750 1122.2
1121760 1126.0
1121770 1127.8
1121780 1127.8
1121790 1129.2
1121800 1130.1
1121810 1131.9
1121820 1131.9
1121830 1133.9
1121840 1136.2
1121850 1136.2
1121860 1137.9
1121870 1139.8
1121880 1139.8
1121890 1142.3
1121900 1143.9
1121910 1143.9
1121920 1144.7
1121930 1145.9
1121940 1145.9
1121950 1147.2
1121960 1146.6
1121970 1146.6
1121980 1148.8
1121990 1152.1
1122000 1152.1
1122010 1153.4
1122020 1155.5
1122030 1159.1
1122040 1159.1
1122050 1162.6
1122060 1166.9
1122070 1166.9
1122080 1168.7
1122090 1170.4
1122100 1170.4
1122110 1173.1
1122120 1178.0
1122130 1178.0
1122140 1182.0
1122150 1187.0
1122160 1187.0
1122170 1193.9
1122180 1197.1
1122190 1197.1
1122200 1199.9
1122210 1202.2
1122220 1205.7
1122230 1205.7
1122240 1211.1
1122250 1216.6
1122260 1216.6
1122270 1221.9
1122280 1227.3
1122290 1227.3
1122300 1232.2
1122310 1230.3
1122320 1230.3
1122330 1234.6
1122340 1238.7
1122350 1238.7
1122360 1243.1
1122370 1247.7
1122380 1247.7
1122390 1253.4
1122400 1257.9
1122410 1257.9
1122420 1262.1
1122430 1265.4
1122440 1268.1
1122450 1268.1
1122460 1270.2
1122470 1273.1
1122480 1273.1
1122490 1275.9
1122500 1278.3
1122510 1278.3
1122520 1279.8
1122530 1279.2
1122540 1279.2
1122550 1279.2
1122560 1278.7
1122570 1278.7
1122580 1278.6
1122590 1279.3
1122600 1279.3
1122610 1278.8
1122620 1278.8
1122630 1283.4
1122640 1283.4
1122650 1289.7
1122660 1299.5
1122670 1299.5
1122680 1304.2
1122690 1308.6
1122700 1308.6
1122710 1313.9
1122720 1319.5
1122730 1319.5
1122740 1323.8
1122750 1328.1
1122760 1328.1
1122770 1332.2
1122780 1335.9
1122790 1335.9
1122800 1340.6
1122810 1345.8
1122820 1345.8
1122830 1350.6
1122840 1355.7
1122850 1360.4
1122860 1360.4
1122870 1366.2
1122880 1372.2
1122890 1372.2
1122900 1378.2
1122910 1383.6
1122920 1383.6
1122930 1388.4
1122940 1393.3
1122950 1393.3
1122960 1398.0
1122970 1403.1
1122980 1403.1
1122990 1408.3
1123000 1412.4
1123010 1415.1
1123020 1419.4
1123030 1424.1
1123040 1428.2
1123050 1428.2
1123060 1432.6
1123070 1437.8
1123080 1437.8
1123090 1443.6
1123100 1449.4
1123110 1449.4
1123120 1454.5
1123130 1459.4
1123140 1459.4
1123150 1464.3
1123160 1468.7
1123170 1468.7
1123180 1473.0
1123190 1477.5
1123200 1477.5
1123210 1482.4
1123220 1487.4
1123230 1487.4
1123240 1492.3
1123250 1497.1
1123260 1502.0
1123270 1502.0
1123280 1507.1
1123290 1512.3
1123300 1512.3
1123310 1516.7
1123320 1521.0
1123330 1521.0
1123340 1525.8
1123350 1530.2
1123360 1534.6
1123370 1538.7
1123380 1542.4
1123390 1542.4
1123400 1546.5
1123410 1552.1
1123420 1552.1
1123430 1557.5
1123440 1563.5
1123450 1569.4
1123460 1569.4
1123470 1575.0
1123480 1581.1
1123490 1581.1
1123500 1587.7
1123510 1594.0
1123520 1594.0
1123530 1600.5
1123540 1606.6
1123550 1606.6
1123560 1612.7
1123570 1622.3
1123580 1622.3
1123590 1640.2
1123600 1657.0
1123610 1657.0
1123620 1663.8
1123630 1682.6
1123640 1682.6
1123650 1701.8
1123660 1705.5
1123670 1708.4
1123680 1708.4
1123690 1710.6
1123700 1708.6
1123710 1719.1
1123720 1725.6
1123730 1730.8
1123740 1730.8
1123750 1733.7
1123760 1736.5
1123770 1736.5
1123780 1743.9
1123790 1760.9
1123800 1760.9
1123810 1774.0
1123820 1800.9
1123830 1800.9
1123840 1811.0
1123850 1813.9
1123860 1813.9
1123870 1818.5
1123880 1822.5
1123890 1829.3
1123900 1829.3
1123910 1848.5
1123920 1853.8
1123930 1853.8
1123940 1856.9
1123950 1861.9
1123960 1861.9
1123970 1876.7
1123980 1893.1
1123990 1893.1
1124000 1902.8
1124010 1912.5
1124020 1912.5
1124030 1920.1
1124040 1925.2
1124050 1925.2
1124060 1948.0
1124070 1952.0
1124080 1953.8
1124090 1953.8
1124100 1955.8
1124110 1959.7
1124120 1959.7
1124130 1963.0
1124140 1966.7
1124150 1966.7
1124160 1970.5
1124170 1972.2
1124180 1972.2
1124190 1974.0
1124200 1974.9
1124210 1974.9
1124220 1974.1
1124230 1975.3
1124240 1975.3
1124250 1977.4
1124260 1982.2
1124270 1982.2
1124280 1986.4
1124290 1989.3
1124300 1989.7
1124310 1989.7
1124320 1987.1
1124330 1984.1
1124340 1984.1
1124350 1981.6
1124360 1981.3
1124370 1981.3
1124380 1983.4
1124390 1985.1
1124400 1985.1
1124410 1988.0
1124420 1987.2
1124430 1987.2
1124440 1987.2
1124450 1987.9
1124460 1987.9
1124470 1986.6
1124480 1986.1
1124490 1985.7
1124500 1985.7
1124510 1984.6
1124520 1981.8
1124530 1981.8
1124540 1980.1
1124550 1979.2
1124560 1979.2
1124570 1980.1
1124580 1979.7
1124590 1979.7
1124600 1979.7
1124610 1979.3
1124620 1979.3
1124630 1977.4
1124640 1975.2
1124650 1975.2
1124660 1972.7
1124670 1971.8
1124680 1971.8
1124690 1972.6
1124700 1973.3
1124710 1971.3
1124720 1971.3
1124730 1970.7
1124740 1970.7
1124750 1970.7
1124760 1976.4
1124770 1975.0
1124780 1975.0
1124790 1970.6
1124800 1959.1
1124810 1959.1
1124820 1953.6
1124830 1951.2
1124840 1951.2
1124850 1947.4
1124860 1944.6
1124870 1944.6
1124880 1942.1
1124890 1940.2
1124900 1937.9
1124910 1937.9
1124920 1935.8
1124930 1933.3
1124940 1933.3
1124950 1930.7
1124960 1929.6
1124970 1929.6
1124980 1928.2
1124990 1926.4
1125000 1926.4
1125010 1925.5
1125020 1925.1
1125030 1925.1
1125040 1927.1
1125050 1928.3
1125060 1928.3
1125070 1928.4
1125080 1929.2
1125090 1929.2
1125100 1933.4
1125110 1946.5
1125120 1943.4
1125130 1943.4
1125140 1938.8
1125150 1939.2
1125160 1939.2
1125170 1942.2
1125180 1943.3
1125190 1943.3
1125200 1946.5
1125210 1947.6
1125220 1947.6
1125230 1947.9
1125240 1954.0
1125250 1954.0
1125260 1958.9
1125270 1960.4
1125280 1960.4
1125290 1959.4
1125300 1957.5
1125310 1954.5
1125320 1954.5
1125330 1953.3
1125340 1953.5
1125350 1953.5
1125360 1953.4
1125370 1952.7
1125380 1952.7
1125390 1951.3
1125400 1950.7
1125410 1950.7
1125420 1952.2
1125430 1953.1
1125440 1953.1
1125450 1953.8
1125460 1959.4
1125470 1959.4
1125480 1957.9
1125490 1956.6
1125500 1956.6
1125510 1955.2
1125520 1954.3
1125530 1952.0
1125540 1952.0
1125550 1949.9
1125560 1948.8
1125570 1948.8
1125580 1947.6
1125590 1947.3
1125600 1947.3
1125610 1945.6
1125620 1940.3
1125630 1940.3
1125640 1935.9
1125650 1932.4
1125660 1932.4
1125670 1929.7
1125680 1926.0
1125690 1926.0
1125700 1922.9
1125710 1922.4
1125720 1920.1
1125730 1920.1
1125740 1916.7
1125750 1913.9
1125760 1913.9
1125770 1911.3
1125780 1909.6
1125790 1909.6
1125800 1907.6
1125810 1905.8
1125820 1912.8
1125830 1910.2
1125840 1909.2
1125850 1909.2
1125860 1908.7
1125870 1910.0
1125880 1910.0
1125890 1911.5
1125900 1913.3
1125910 1913.3
1125920 1915.4
1125930 1918.0
1125940 1920.1
1125950 1920.1
1125960 1921.2
1125970 1922.2
1125980 1922.2
1125990 1926.9
1126000 1930.7
1126010 1930.7
1126020 1932.5
1126030 1932.4
1126040 1932.4
1126050 1931.9
1126060 1932.1
1126070 1932.1
1126080 1932.4
1126090 1931.8
1126100 1931.8
1126110 1929.8
1126120 1928.0
1126130 1929.0
1126140 1929.0
1126150 1930.7
1126160 1931.4
1126170 1934.4
1126180 1935.3
1126190 1935.6
1126200 1935.6
1126210 1936.1
1126220 1936.1
1126230 1936.1
1126240 1936.2
1126250 1935.5
1126260 1935.5
1126270 1935.2
1126280 1934.6
1126290 1934.6
1126300 1932.6
1126310 1930.5
1126320 1930.5
1126330 1929.5
1126340 1928.2
1126350 1926.4
1126360 1926.4
1126370 1923.8
1126380 1921.2
1126390 1921.2
1126400 1918.7
1126410 1917.2
1126420 1917.2
1126430 1915.6
1126440 1913.7
1126450 1913.7
1126460 1913.8
1126470 1915.6
1126480 1915.6
1126490 1915.9
1126500 1915.2
1126510 1915.2
1126520 1919.0
1126530 1920.7
1126540 1922.8
1126550 1922.8
1126560 1922.8
1126570 1921.8
1126580 1921.8
1126590 1920.9
1126600 1920.4
1126610 1920.4
1126620 1920.1
1126630 1919.7
1126640 1919.7
1126650 1921.0
1126660 1922.1
1126670 1922.1
1126680 1922.3
1126690 1923.3
1126700 1923.3
1126710 1923.4
1126720 1922.8
1126730 1922.8
1126740 1923.1
1126750 1923.1
1126760 1924.5
1126770 1924.5
1126780 1926.6
1126790 1929.1
1126800 1929.1
1126810 1929.2
1126820 1928.6
1126830 1928.6
1126840 1931.0
1126850 1932.6
1126860 1932.6
1126870 1935.8
1126880 1941.7
1126890 1941.7
1126900 1945.2
1126910 1948.4
1126920 1948.4
1126930 1951.8
1126940 1954.9
1126950 1958.3
1126960 1958.3
1126970 1962.3
1126980 1966.0
1126990 1966.0
1127000 1968.5
1127010 1968.0
1127020 1968.0
1127030 1968.0
1127040 1968.2
1127050 1968.2
1127060 1968.6
1127070 1969.4
1127080 1969.4
1127090 1970.6
1127100 1970.3
1127110 1970.3
1127120 1967.7
1127130 1967.3
1127140 1967.3
1127150 1968.0
1127160 1968.4
1127170 1970.2
1127180 1970.2
1127190 1974.3
1127200 1979.0
1127210 1979.0
1127220 1981.6
1127230 1990.0
1127240 1990.0
1127250 1993.5
1127260 2000.0
1127270 2000.0
1127280 2003.6
1127290 2006.8
1127300 2006.8
1127310 2009.2
1127320 2012.6
1127330 2012.6
1127340 2016.6
1127350 2019.8
1127360 2021.8
1127370 2021.8
1127380 2022.6
1127390 2023.5
1127400 2023.5
1127410 2024.5
1127420 2025.8
1127430 2025.8
1127440 2027.0
1127450 2026.9
1127460 2026.9
1127470 2025.4
1127480 2026.0
1127490 2026.0
1127500 2024.3
1127510 2024.8
1127520 2024.8
1127530 2026.8
1127540 2031.0
1127550 2031.0
1127560 2034.2
1127570 2037.3
1127580 2038.0
1127590 2036.8
1127600 2039.2
1127610 2040.4
1127620 2040.4
1127630 2041.4
1127640 2043.0
1127650 2043.0
1127660 2045.7
1127670 2047.5
1127680 2047.5
1127690 2049.8
1127700 2051.0
1127710 2051.0
1127720 2052.1
1127730 2054.0
1127740 2054.0
1127750 2055.9
1127760 2057.8
1127770 2064.7
1127780 2064.7
1127790 2067.9
1127800 2069.4
1127810 2069.4
1127820 2071.1
1127830 2072.1
1127840 2072.1
1127850 2072.4
1127860 2073.9
1127870 2073.9
1127880 2075.3
1127890 2076.0
1127900 2076.0
1127910 2074.6
1127920 2073.9
1127930 2073.9
1127940 2079.3
1127950 2080.4
1127960 2080.4
1127970 2080.6
1127980 2078.7
1127990 2075.3
1128000 2075.3
1128010 2071.9
1128020 2068.2
1128030 2068.2
1128040 2063.8
1128050 2061.4
1128060 2061.4
1128070 2060.3
1128080 2062.5
1128090 2062.5
1128100 2064.8
1128110 2064.9
1128120 2064.9
1128130 2063.5
1128140 2057.2
1128150 2057.2
1128160 2049.4
1128170 2046.2
1128180 2042.1
1128190 2042.1
1128200 2038.5
1128210 2040.2
1128220 2040.2
1128230 2041.7
1128240 2042.5
1128250 2042.5
1128260 2040.4
1128270 2039.8
1128280 2039.8
1128290 2038.8
1128300 2040.8
1128310 2040.8
1128320 2040.9
1128330 2041.2
1128340 2041.2
1128350 2041.9
1128360 2042.2
1128370 2042.2
1128380 2043.8
1128390 2044.2
1128400 2041.4
1128410 2041.4
1128420 2038.9
1128430 2037.3
1128440 2037.3
1128450 2035.3
1128460 2032.4
1128470 2032.4
1128480 2032.3
1128490 2032.1
1128500 2032.1
1128510 2031.9
1128520 2031.6
1128530 2031.6
1128540 2031.4
1128550 2029.4
1128560 2029.4
1128570 2027.3
1128580 2026.9
1128590 2027.0
1128600 2027.0
1128610 2027.1
1128620 2027.5
1128630 2027.5
1128640 2026.6
1128650 2025.4
1128660 2025.4
1128670 2022.9
1128680 2020.3
1128690 2020.3
1128700 2017.7
1128710 2015.1
1128720 2015.1
1128730 2012.9
1128740 2011.0
1128750 2011.0
1128760 2008.7
1128770 2007.0
1128780 2007.0
1128790 2005.2
1128800 2003.1
1128810 2001.2
1128820 2001.2
1128830 1999.3
1128840 1997.3
1128850 1997.3
1128860 1994.8
1128870 1992.0
1128880 1992.0
1128890 1989.3
1128900 1987.0
1128910 1987.0
1128920 1985.0
1128930 1983.3
1128940 1983.3
1128950 1982.2
1128960 1981.1
1128970 1981.1
1128980 1978.7
1128990 1978.2
1129000 1977.7
1129010 1982.6
1129020 1981.8
1129030 1981.2
1129040 1981.2
1129050 1980.5
1129060 1979.7
1129070 1979.7
1129080 1979.2
1129090 1979.0
1129100 1979.0
1129110 1980.0
1129120 1982.1
1129130 1982.1
1129140 1983.4
1129150 1983.7
1129160 1983.7
1129170 1984.7
1129180 1983.6
1129190 1983.6
1129200 1981.5
1129210 1976.6
1129220 1971.4
1129230 1971.4
1129240 1967.5
1129250 1963.3
1129260 1963.3
1129270 1961.3
1129280 1958.1
1129290 1958.1
1129300 1956.2
1129310 1953.7
1129320 1953.7
1129330 1950.2
1129340 1947.7
1129350 1947.7
1129360 1948.7
1129370 1946.6
1129380 1946.6
1129390 1945.8
1129400 1945.4
1129410 1945.4
1129420 1944.5
1129430 1942.7
1129440 1940.7
1129450 1940.7
1129460 1939.3
1129470 1937.7
1129480 1937.7
1129490 1936.7
1129500 1936.8
1129510 1936.8
1129520 1937.0
1129530 1936.5
1129540 1936.5
1129550 1936.0
1129560 1935.2
1129570 1935.2
1129580 1934.3
1129590 1933.6
1129600 1933.6
1129610 1933.2
1129620 1932.3
1129630 1930.7
1129640 1930.7
1129650 1928.5
1129660 1926.4
1129670 1926.4
1129680 1924.6
1129690 1922.9
1129700 1922.9
1129710 1920.9
1129720 1920.2
1129730 1920.2
1129740 1918.7
1129750 1916.8
1129760 1916.8
1129770 1914.0
1129780 1910.9
1129790 1910.9
1129800 1908.1
1129810 1906.0
1129820 1906.0
1129830 1904.2
1129840 1900.8
1129850 1896.6
1129860 1896.6
1129870 1889.9
1129880 1880.2
1129890 1880.2
1129900 1872.1
1129910 1864.7
1129920 1864.7
1129930 1857.6
1129940 1851.1
1129950 1851.1
1129960 1845.5
1129970 1840.7
1129980 1840.7
1129990 1837.1
1130000 1833.6
1130010 1833.6
1130020 1829.9
1130030 1825.4
1130040 1820.5
1130050 1820.5
1130060 1815.6
1130070 1811.4
1130080 1811.7
1130090 1807.0
1130100 1802.1
1130110 1802.1
1130120 1797.4
1130130 1791.7
1130140 1791.7
1130150 1784.8
1130160 1778.7
1130170 1778.7
1130180 1773.4
1130190 1769.4
1130200 1769.4
1130210 1766.1
1130220 1763.6
1130230 1763.6
1130240 1760.9
1130250 1757.5
1130260 1754.9
1130270 1754.9
1130280 1753.6
1130290 1750.0
1130300 1750.0
1130310 1746.7
1130320 1742.8
1130330 1742.8
1130340 1738.6
1130350 1734.3
1130360 1734.3
1130370 1730.8
1130380 1727.8
1130390 1727.8
1130400 1725.0
1130410 1722.4
1130420 1722.4
1130430 1715.4
1130440 1711.4
1130450 1707.6
1130460 1707.6
1130470 1704.2
1130480 1701.5
1130490 1701.5
1130500 1699.5
1130510 1698.1
1130520 1698.1
1130530 1696.0
1130540 1693.7
1130550 1693.7
1130560 1691.6
1130570 1690.0
1130580 1690.0
1130590 1688.6
1130600 1687.5
1130610 1687.5
1130620 1686.4
1130630 1685.3
1130640 1685.3
1130650 1684.3
1130660 1682.9
1130670 1681.6
1130680 1681.6
1130690 1680.7
1130700 1679.8
1130710 1679.8
1130720 1678.7
1130730 1677.3
1130740 1677.3
1130750 1675.6
1130760 1674.0
1130770 1674.0
1130780 1672.7
1130790 1669.3
1130800 1669.3
1130810 1667.4
1130820 1665.3
1130830 1665.3
1130840 1663.6
1130850 1662.3
1130860 1660.9
1130870 1660.9
1130880 1659.6
1130890 1658.0
1130900 1658.0
1130910 1656.7
1130920 1655.7
1130930 1655.7
1130940 1655.0
1130950 1654.2
1130960 1654.2
1130970 1653.0
1130980 1651.6
1130990 1651.6
1131000 1649.9
1131010 1648.4
1131020 1648.4
1131030 1646.6
1131040 1644.5
1131050 1644.5
1131060 1642.4
1131070 1640.6
1131080 1638.6
1131090 1638.6
1131100 1636.5
1131110 1633.8
1131120 1633.8
1131130 1632.2
1131140 1632.7
1131150 1633.3
1131160 1633.3
1131170 1633.3
1131180 1633.3
1131190 1633.2
1131200 1633.0
1131210 1633.0
1131220 1633.1
1131230 1633.2
1131240 1633.2
1131250 1633.3
1131260 1633.5
1131270 1634.6
1131280 1634.6
1131290 1636.3
1131300 1639.8
1131310 1639.8
1131320 1641.6
1131330 1641.6
1131340 1641.6
1131350 1640.7
1131360 1640.1
1131370 1640.1
1131380 1639.6
1131390 1638.9
1131400 1638.9
1131410 1638.1
1131420 1637.3
1131430 1637.3
1131440 1636.5
1131450 1635.7
1131460 1635.7
1131470 1634.6
1131480 1633.7
1131490 1633.3
1131500 1633.3
1131510 1636.0
1131520 1635.9
1131530 1635.9
1131540 1635.7
1131550 1635.3
1131560 1635.3
1131570 1634.8
1131580 1634.1
1131590 1634.1
1131600 1633.7
1131610 1633.4
1131620 1633.4
1131630 1633.2
1131640 1633.0
1131650 1633.0
1131660 1632.2
1131670 1631.6
1131680 1631.5
1131690 1631.5
1131700 1631.6
1131710 1631.7
1131720 1631.7
1131730 1631.6
1131740 1631.3
1131750 1631.3
1131760 1631.1
1131770 1631.1
1131780 1631.1
1131790 1631.3
1131800 1631.7
1131810 1631.7
1131820 1632.3
1131830 1633.1
1131840 1633.1
1131850 1634.2
1131860 1634.9
1131870 1638.0
1131880 1638.9
1131890 1639.9
1131900 1639.2
1131910 1639.2
1131920 1639.8
1131930 1640.7
1131940 1640.7
1131950 1640.8
1131960 1641.1
1131970 1641.1
1131980 1642.5
1131990 1642.6
1132000 1642.6
1132010 1643.2
1132020 1643.8
1132030 1643.8
1132040 1644.8
1132050 1645.2
1132060 1645.2
1132070 1644.2
1132080 1643.5
1132090 1643.0
1132100 1643.0
1132110 1642.4
1132120 1641.9
1132130 1641.9
1132140 1641.1
1132150 1641.8
1132160 1641.8
1132170 1643.4
1132180 1646.0
1132190 1646.0
1132200 1648.2
1132210 1649.7
1132220 1649.7
1132230 1654.3
1132240 1654.8
1132250 1654.8
1132260 1654.4
1132270 1654.2
1132280 1654.2
1132290 1654.1
1132300 1653.5
1132310 1653.4
1132320 1653.4
1132330 1653.5
1132340 1653.6
1132350 1653.6
1132360 1653.9
1132370 1653.2
1132380 1653.2
1132390 1651.7
1132400 1650.4
1132410 1650.4
1132420 1650.2
1132430 1650.7
1132440 1650.7
1132450 1651.9
1132460 1653.3
1132470 1653.3
1132480 1653.8
1132490 1653.3
1132500 1653.7
1132510 1653.7
1132520 1654.7
1132530 1655.1
1132540 1655.1
1132550 1655.1
1132560 1653.7
1132570 1653.7
1132580 1651.6
1132590 1653.8
1132600 1653.8
1132610 1652.5
1132620 1652.8
1132630 1652.8
1132640 1653.3
1132650 1653.6
1132660 1653.6
1132670 1652.7
1132680 1651.0
1132690 1651.0
1132700 1649.3
1132710 1648.0
1132720 1646.9
1132730 1646.9
1132740 1646.3
1132750 1644.6
1132760 1644.6
1132770 1642.5
1132780 1642.2
1132790 1642.2
1132800 1643.0
1132810 1644.3
1132820 1644.3
1132830 1644.5
1132840 1646.0
1132850 1646.0
1132860 1647.7
1132870 1649.6
1132880 1649.6
1132890 1651.3
1132900 1654.3
1132910 1656.6
1132920 1656.6
1132930 1656.4
1132940 1655.2
1132950 1658.4
1132960 1657.7
1132970 1658.6
1132980 1658.6
1132990 1659.8
1133000 1659.8
1133010 1659.8
1133020 1659.0
1133030 1658.4
1133040 1658.4
1133050 1657.3
1133060 1656.6
1133070 1656.6
1133080 1655.9
1133090 1656.3
1133100 1656.3
1133110 1656.3
1133120 1656.3
1133130 1655.3
1133140 1655.3
1133150 1652.3
1133160 1649.6
1133170 1649.6
1133180 1649.8
1133190 1649.4
1133200 1649.4
1133210 1649.0
1133220 1649.8
1133230 1649.8
1133240 1649.7
1133250 1649.1
1133260 1649.1
1133270 1650.1
1133280 1651.0
1133290 1651.0
1133300 1650.5
1133310 1655.6
1133320 1657.8
1133330 1657.8
1133340 1661.2
1133350 1664.0
1133360 1664.0
1133370 1664.7
1133380 1661.6
1133390 1661.6
1133400 1660.4
1133410 1660.3
1133420 1660.3
1133430 1659.6
1133440 1660.0
1133450 1660.0
1133460 1660.1
1133470 1657.3
1133480 1657.3
1133490 1652.6
1133500 1650.4
1133510 1650.4
1133520 1652.0
1133530 1651.0
1133540 1648.2
1133550 1648.2
1133560 1646.3
1133570 1645.1
1133580 1645.1
1133590 1643.3
1133600 1641.8
1133610 1641.8
1133620 1641.2
1133630 1640.0
1133640 1640.0
1133650 1638.8
1133660 1637.6
1133670 1644.5
1133680 1643.8
1133690 1642.2
1133700 1642.2
1133710 1640.7
1133720 1639.0
1133730 1636.1
1133740 1636.1
1133750 1632.4
1133760 1630.8
1133770 1630.8
1133780 1629.7
1133790 1627.4
1133800 1627.4
1133810 1625.1
1133820 1623.8
1133830 1623.8
1133840 1623.0
1133850 1622.9
1133860 1622.9
1133870 1620.3
1133880 1615.6
1133890 1615.6
1133900 1609.5
1133910 1603.7
1133920 1603.7
1133930 1599.1
1133940 1595.1
1133950 1593.0
1133960 1593.0
1133970 1592.2
1133980 1592.1
1133990 1592.1
1134000 1592.3
1134010 1591.0
1134020 1591.0
1134030 1591.3
1134040 1592.5
1134050 1592.5
1134060 1594.5
1134070 1596.7
1134080 1596.7
1134090 1601.9
1134100 1607.4
1134110 1607.4
1134120 1610.5
1134130 1611.9
1134140 1611.9
1134150 1611.9
1134160 1612.3
1134170 1612.4
1134180 1612.4
1134190 1612.2
1134200 1612.2
1134210 1612.2
1134220 1612.9
1134230 1614.2
1134240 1614.2
1134250 1615.3
1134260 1616.7
1134270 1616.7
1134280 1617.3
1134290 1617.6
1134300 1617.6
1134310 1618.5
1134320 1619.9
1134330 1619.9
1134340 1621.1
1134350 1622.6
1134360 1623.9
1134370 1623.9
1134380 1624.5
1134390 1625.7
1134400 1625.7
1134410 1626.0
1134420 1626.0
1134430 1626.0
1134440 1625.8
1134450 1626.0
1134460 1626.0
1134470 1626.6
1134480 1628.3
1134490 1628.3
1134500 1630.5
1134510 1632.8
1134520 1632.8
1134530 1635.1
1134540 1637.5
1134550 1640.3
1134560 1640.3
1134570 1643.3
1134580 1647.5
1134590 1647.5
1134600 1652.2
1134610 1656.2
1134620 1656.2
1134630 1660.5
1134640 1662.8
1134650 1662.8
1134660 1662.6
1134670 1665.2
1134680 1665.2
1134690 1668.9
1134700 1673.5
1134710 1673.5
1134720 1678.6
1134730 1684.5
1134740 1684.5
1134750 1694.2
1134760 1700.2
1134770 1704.6
1134780 1704.6
1134790 1709.2
1134800 1713.3
1134810 1713.3
1134820 1717.9
1134830 1722.4
1134840 1722.4
1134850 1727.2
1134860 1731.7
1134870 1731.7
1134880 1736.2
1134890 1739.6
1134900 1739.6
1134910 1742.4
1134920 1746.9
1134930 1746.9
1134940 1752.8
1134950 1757.6
1134960 1760.8
1134970 1760.8
1134980 1763.0
1134990 1765.7
1135000 1765.7
1135010 1770.9
1135020 1775.9
1135030 1775.9
1135040 1780.6
1135050 1785.6
1135060 1785.6
1135070 1789.5
1135080 1792.5
1135090 1792.5
1135100 1792.2
1135110 1806.7
1135120 1806.7
1135130 1808.9
1135140 1816.0
1135150 1816.0
1135160 1823.1
1135170 1828.3
1135180 1832.6
1135190 1832.6
1135200 1836.2
1135210 1839.6
1135220 1839.6
1135230 1843.4
1135240 1845.7
1135250 1845.7
1135260 1847.7
1135270 1850.6
1135280 1850.6
1135290 1856.2
1135300 1862.4
1135310 1862.4
1135320 1867.1
1135330 1872.1
1135340 1872.1
1135350 1877.3
1135360 1882.6
1135370 1887.7
1135380 1887.7
1135390 1892.4
1135400 1897.1
1135410 1897.1
1135420 1902.4
1135430 1909.0
1135440 1909.0
1135450 1915.4
1135460 1922.4
1135470 1924.7
1135480 1931.5
1135490 1938.5
1135500 1938.5
1135510 1946.3
1135520 1954.3
1135530 1954.3
1135540 1961.2
1135550 1967.0
1135560 1967.0
1135570 1972.8
1135580 1978.2
1135590 1983.8
1135600 1983.8
1135610 1989.2
1135620 1997.0
1135630 1997.0
1135640 2004.7
1135650 2012.2
1135660 2012.2
1135670 2019.0
1135680 2024.9
1135690 2024.9
1135700 2030.6
1135710 2036.2
1135720 2036.2
1135730 2041.7
1135740 2047.1
1135750 2047.1
1135760 2052.5
1135770 2057.9
1135780 2063.2
1135790 2063.2
1135800 2067.8
1135810 2072.0
1135820 2072.0
1135830 2075.9
1135840 2083.2
1135850 2083.2
1135860 2087.2
1135870 2091.1
1135880 2091.1
1135890 2094.4
1135900 2097.7
1135910 2097.7
1135920 2101.3
1135930 2105.0
1135940 2105.0
1135950 2109.0
1135960 2113.0
1135970 2113.0
1135980 2116.9
1135990 2122.1
1136000 2127.3
1136010 2127.3
1136020 2132.0
1136030 2136.1
1136040 2136.1
1136050 2139.3
1136060 2141.9
1136070 2141.9
1136080 2145.5
1136090 2147.5
1136100 2147.5
1136110 2148.7
1136120 2149.1
1136130 2149.1
1136140 2148.7
1136150 2146.4
1136160 2146.4
1136170 2143.5
1136180 2139.7
1136190 2135.3
1136200 2143.3
1136210 2142.1
1136220 2144.5
1136230 2144.5
1136240 2150.2
1136250 2151.7
1136260 2151.7
1136270 2151.0
1136280 2151.4
1136290 2151.4
1136300 2153.9
1136310 2157.7
1136320 2157.7
1136330 2151.1
1136340 2150.0
1136350 2150.0
1136360 2153.2
1136370 2149.9
1136380 2149.9
1136390 2149.7
1136400 2146.1
1136410 2147.2
1136420 2147.2
1136430 2148.2
1136440 2150.4
1136450 2150.4
1136460 2152.9
1136470 2155.6
1136480 2155.6
1136490 2160.3
1136500 2166.9
1136510 2166.9
1136520 2174.0
1136530 2180.2
1136540 2180.2
1136550 2184.8
1136560 2191.5
1136570 2191.5
1136580 2194.8
1136590 2195.3
1136600 2195.2
1136610 2195.2
1136620 2197.4
1136630 2202.4
1136640 2202.4
1136650 2207.6
1136660 2212.3
1136670 2212.3
1136680 2216.6
1136690 2221.1
1136700 2221.1
1136710 2225.8
1136720 2230.4
1136730 2230.4
1136740 2235.1
1136750 2239.7
1136760 2239.7
1136770 2244.0
1136780 2247.8
1136790 2247.8
1136800 2250.8
1136810 2252.6
1136820 2253.5
1136830 2253.5
1136840 2254.1
1136850 2253.3
1136860 2253.3
1136870 2251.7
1136880 2250.1
1136890 2250.1
1136900 2248.4
1136910 2247.0
1136920 2247.0
1136930 2252.2
1136940 2250.3
1136950 2250.3
1136960 2248.9
1136970 2248.0
1136980 2248.0
1136990 2247.6
1137000 2248.2
1137010 2250.2
1137020 2250.2
1137030 2253.9
1137040 2257.2
1137050 2257.2
1137060 2260.3
1137070 2263.6
1137080 2263.6
1137090 2267.2
1137100 2271.1
1137110 2271.1
1137120 2274.9
1137130 2278.9
1137140 2278.9
1137150 2282.9
1137160 2287.0
1137170 2287.0
1137180 2291.2
1137190 2295.0
1137200 2295.0
1137210 2298.0
1137220 2300.3
1137230 2302.2
1137240 2302.2
1137250 2304.0
1137260 2305.5
1137270 2305.5
1137280 2306.8
1137290 2314.8
1137300 2314.8
1137310 2315.0
1137320 2315.6
1137330 2315.6
1137340 2315.9
1137350 2315.7
1137360 2315.7
1137370 2316.1
1137380 2316.9
1137390 2316.9
1137400 2317.0
1137410 2317.6
1137420 2318.5
1137430 2318.5
1137440 2319.5
1137450 2320.7
1137460 2320.7
1137470 2320.9
1137480 2321.2
1137490 2321.2
1137500 2321.4
1137510 2321.5
1137520 2321.5
1137530 2322.7
1137540 2324.1
1137550 2324.1
1137560 2324.8
1137570 2324.2
1137580 2324.2
1137590 2323.8
1137600 2323.4
1137610 2323.4
1137620 2322.4
1137630 2319.6
1137640 2316.4
1137650 2316.4
1137660 2318.4
1137670 2316.0
1137680 2316.0
1137690 2313.9
1137700 2312.5
1137710 2312.5
1137720 2310.6
1137730 2310.1
1137740 2310.1
1137750 2310.8
1137760 2312.2
1137770 2312.2
1137780 2312.5
1137790 2313.3
1137800 2313.3
1137810 2311.2
1137820 2308.6
1137830 2307.5
1137840 2307.5
1137850 2304.9
1137860 2301.9
1137870 2301.9
1137880 2299.1
1137890 2296.8
1137900 2296.8
1137910 2295.5
1137920 2293.8
1137930 2293.8
1137940 2292.2
1137950 2291.3
1137960 2291.3
1137970 2290.6
1137980 2290.2
1137990 2290.2
1138000 2290.2
1138010 2288.0
1138020 2290.3
1138030 2285.3
1138040 2279.8
1138050 2275.6
1138060 2275.6
1138070 2272.0
1138080 2269.5
1138090 2269.5
1138100 2265.8
1138110 2262.7
1138120 2262.7
1138130 2260.6
1138140 2258.0
1138150 2258.0
1138160 2255.5
1138170 2251.0
1138180 2251.0
1138190 2242.2
1138200 2233.4
1138210 2233.4
1138220 2227.8
1138230 2221.7
1138240 2213.7
1138250 2213.7
1138260 2206.2
1138270 2198.4
1138280 2198.4
1138290 2188.8
1138300 2180.1
1138310 2180.1
1138320 2171.6
1138330 2162.7
1138340 2162.7
1138350 2154.7
1138360 2144.3
1138370 2144.3
1138380 2131.7
1138390 2120.6
1138400 2120.6
1138410 2111.5
1138420 2102.3
1138430 2102.3
1138440 2091.9
1138450 2081.8
1138460 2074.2
1138470 2074.2
1138480 2068.4
1138490 2063.6
1138500 2063.6
1138510 2058.6
1138520 2051.2
1138530 2051.2
1138540 2043.9
1138550 2038.4
1138560 2038.4
1138570 2032.6
1138580 2020.3
1138590 2020.3
1138600 2010.4
1138610 2002.3
1138620 2002.3
1138630 1994.7
1138640 1987.1
1138650 1980.5
1138660 1980.5
1138670 1974.2
1138680 1967.7
1138690 1967.7
1138700 1961.0
1138710 1953.3
1138720 1953.3
1138730 1945.4
1138740 1938.3
1138750 1941.2
1138760 1934.4
1138770 1927.8
1138780 1927.8
1138790 1921.0
1138800 1914.5
1138810 1914.5
1138820 1908.6
1138830 1903.0
1138840 1903.0
1138850 1897.5
1138860 1892.2
1138870 1887.2
1138880 1887.2
1138890 1882.7
1138900 1878.2
1138910 1878.2
1138920 1873.7
1138930 1869.2
1138940 1869.2
1138950 1864.5
1138960 1860.2
1138970 1860.2
1138980 1855.4
1138990 1852.2
1139000 1852.2
1139010 1848.2
1139020 1843.6
1139030 1843.6
1139040 1842.0
1139050 1845.7
1139060 1848.8
1139070 1848.8
1139080 1849.4
1139090 1848.9
1139100 1848.9
1139110 1849.3
1139120 1851.9
1139130 1851.9
1139140 1853.2
1139150 1855.9
1139160 1855.9
1139170 1857.3
1139180 1860.5
1139190 1860.5
1139200 1865.5
1139210 1867.8
1139220 1867.8
1139230 1871.0
1139240 1875.5
1139250 1875.5
1139260 1879.3
1139270 1883.1
1139280 1887.9
1139290 1887.9
1139300 1892.7
1139310 1897.8
1139320 1897.8
1139330 1903.3
1139340 1909.3
1139350 1909.3
1139360 1915.3
1139370 1920.8
1139380 1920.8
1139390 1926.4
1139400 1931.9
1139410 1931.9
1139420 1936.8
1139430 1941.0
1139440 1941.0
1139450 1944.4
1139460 1946.8
1139470 1949.7
1139480 1949.7
1139490 1954.0
1139500 1957.2
1139510 1957.2
1139520 1960.1
1139530 1963.6
1139540 1963.6
1139550 1967.1
1139560 1970.7
1139570 1970.7
1139580 1974.5
1139590 1978.4
1139600 1978.4
1139610 1982.2
1139620 1986.1
1139630 1986.1
1139640 1990.1
1139650 1994.1
1139660 1994.1
1139670 1997.9
1139680 2001.2
1139690 2004.2
1139700 2004.2
1139710 2007.0
1139720 2010.0
1139730 2010.0
1139740 2013.8
1139750 2018.7
1139760 2018.7
1139770 2023.5
1139780 2028.4
1139790 2028.4
1139800 2033.7
1139810 2038.7
1139820 2038.7
1139830 2043.1
1139840 2049.0
1139850 2052.4
1139860 2058.1
1139870 2064.5
1139880 2071.2
1139890 2071.2
1139900 2078.2
1139910 2085.5
1139920 2085.5
1139930 2092.9
1139940 2099.4
1139950 2099.4
1139960 2104.9
1139970 2110.4
1139980 2110.4
1139990 2115.5
