1120000 1041.4
1120010 1041.8
1120020 1041.8
1120030 1042.1
1120040 1042.4
1120050 1042.4
1120060 1043.9
1120070 1044.9
1120080 1044.9
1120090 1045.5
1120100 1045.6
1120110 1045.6
1120120 1046.1
1120130 1046.3
1120140 1046.3
1120150 1046.6
1120160 1047.2
1120170 1047.2
1120180 1048.2
1120190 1048.7
1120200 1049.2
1120210 1049.2
1120220 1049.6
1120230 1050.1
1120240 1050.1
1120250 1050.5
1120260 1050.9
1120270 1050.9
1120280 1050.8
1120290 1051.2
1120300 1051.2
1120310 1051.7
1120320 1052.8
1120330 1052.8
1120340 1053.6
1120350 1053.7
1120360 1053.7
1120370 1053.4
1120380 1053.4
1120390 1053.4
1120400 1053.8
1120410 1054.7
1120420 1054.7
1120430 1054.7
1120440 1054.9
1120450 1055.0
1120460 1055.0
1120470 1056.7
1120480 1058.8
1120490 1058.8
1120500 1057.1
1120510 1056.4
1120520 1056.4
1120530 1056.6
1120540 1056.8
1120550 1056.8
1120560 1056.8
1120570 1057.2
1120580 1057.2
1120590 1058.0
1120600 1058.6
1120610 1059.2
1120620 1059.2
1120630 1060.2
1120640 1061.2
1120650 1061.2
1120660 1062.2
1120670 1063.6
1120680 1063.6
1120690 1065.5
1120700 1067.5
1120710 1067.5
1120720 1069.1
1120730 1070.7
1120740 1070.7
1120750 1072.7
1120760 1074.9
1120770 1074.9
1120780 1076.7
1120790 1078.8
1120800 1078.8
1120810 1079.9
1120820 1082.4
1120830 1084.7
1120840 1084.7
1120850 1087.0
1120860 1088.6
1120870 1088.6
1120880 1090.0
1120890 1091.7
1120900 1091.7
1120910 1094.3
1120920 1097.4
1120930 1097.4
1120940 1099.8
1120950 1102.2
1120960 1102.2
1120970 1104.7
1120980 1106.9
1120990 1106.9
1121000 1109.2
1121010 1109.8
1121020 1111.3
1121030 1111.3
1121040 1113.2
1121050 1115.1
1121060 1115.1
1121070 1117.0
1121080 1118.8
1121090 1118.8
1121100 1120.4
1121110 1122.1
1121120 1122.1
1121130 1124.7
1121140 1128.4
1121150 1128.4
1121160 1131.5
1121170 1133.6
1121180 1133.6
1121190 1136.6
1121200 1140.2
1121210 1140.2
1121220 1143.9
1121230 1147.1
1121240 1151.1
1121250 1151.1
1121260 1154.7
1121270 1159.5
1121280 1159.5
1121290 1164.4
1121300 1167.6
1121310 1167.6
1121320 1170.5
1121330 1174.4
1121340 1174.4
1121350 1179.2
1121360 1180.2
1121370 1180.2
1121380 1183.7
1121390 1187.5
1121400 1187.5
1121410 1191.1
1121420 1194.8
1121430 1198.5
1121440 1198.5
1121450 1202.2
1121460 1205.6
1121470 1205.6
1121480 1208.4
1121490 1210.4
1121500 1210.4
1121510 1212.5
1121520 1213.8
1121530 1213.8
1121540 1214.6
1121550 1216.3
1121560 1216.3
1121570 1219.8
1121580 1222.9
1121590 1222.9
1121600 1225.9
1121610 1228.2
1121620 1228.2
1121630 1230.1
1121640 1233.8
1121650 1238.6
1121660 1238.6
1121670 1243.5
1121680 1248.1
1121690 1248.1
1121700 1253.7
1121710 1256.7
1121720 1256.7
1121730 1262.7
1121740 1268.3
1121750 1268.3
1121760 1274.0
1121770 1279.5
1121780 1279.5
1121790 1285.0
1121800 1289.4
1121810 1289.4
1121820 1293.1
1121830 1297.1
1121840 1297.1
1121850 1301.2
1121860 1305.8
1121870 1311.7
1121880 1311.7
1121890 1318.0
1121900 1324.6
1121910 1324.6
1121920 1331.5
1121930 1338.5
1121940 1338.5
1121950 1346.0
1121960 1353.1
1121970 1353.1
1121980 1360.0
1121990 1366.4
1122000 1366.4
1122010 1372.8
1122020 1379.8
1122030 1379.8
1122040 1387.1
1122050 1394.0
1122060 1395.5
1122070 1395.5
1122080 1402.0
1122090 1408.2
1122100 1408.2
1122110 1414.2
1122120 1419.7
1122130 1419.7
1122140 1425.4
1122150 1431.7
1122160 1431.7
1122170 1438.5
1122180 1445.0
1122190 1445.0
1122200 1451.3
1122210 1457.4
1122220 1457.4
1122230 1462.4
1122240 1468.3
1122250 1468.3
1122260 1474.1
1122270 1479.3
1122280 1484.3
1122290 1484.3
1122300 1489.0
1122310 1493.7
1122320 1493.7
1122330 1498.2
1122340 1502.5
1122350 1502.5
1122360 1506.9
1122370 1511.5
1122380 1511.5
1122390 1515.8
1122400 1519.7
1122410 1511.8
1122420 1515.0
1122430 1517.5
1122440 1517.5
1122450 1519.5
1122460 1520.9
1122470 1519.6
1122480 1519.6
1122490 1519.5
1122500 1518.5
1122510 1518.5
1122520 1516.3
1122530 1516.0
1122540 1516.0
1122550 1515.6
1122560 1514.5
1122570 1514.5
1122580 1513.4
1122590 1512.0
1122600 1512.0
1122610 1510.9
1122620 1509.1
1122630 1509.1
1122640 1507.0
1122650 1503.9
1122660 1503.9
1122670 1500.4
1122680 1497.9
1122690 1494.6
1122700 1494.6
1122710 1491.3
1122720 1487.7
1122730 1487.7
1122740 1484.4
1122750 1482.4
1122760 1475.9
1122770 1474.6
1122780 1474.3
1122790 1474.3
1122800 1472.9
1122810 1470.7
1122820 1470.7
1122830 1468.6
1122840 1466.4
1122850 1466.4
1122860 1463.5
1122870 1460.7
1122880 1458.0
1122890 1458.0
1122900 1455.2
1122910 1453.9
1122920 1453.9
1122930 1453.5
1122940 1451.9
1122950 1451.9
1122960 1450.2
1122970 1449.1
1122980 1449.1
1122990 1448.0
1123000 1447.1
1123010 1447.1
1123020 1447.0
1123030 1447.3
1123040 1447.3
1123050 1448.0
1123060 1448.2
1123070 1448.2
1123080 1448.1
1123090 1447.0
1123100 1445.5
1123110 1444.7
1123120 1445.3
1123130 1445.8
1123140 1445.8
1123150 1446.5
1123160 1448.2
1123170 1448.2
1123180 1450.4
1123190 1456.0
1123200 1456.0
1123210 1460.1
1123220 1462.8
1123230 1462.8
1123240 1467.0
1123250 1472.1
1123260 1472.1
1123270 1476.7
1123280 1480.0
1123290 1483.1
1123300 1483.1
1123310 1486.6
1123320 1492.0
1123330 1492.0
1123340 1498.5
1123350 1505.1
1123360 1505.1
1123370 1513.8
1123380 1521.2
1123390 1521.2
1123400 1525.0
1123410 1526.7
1123420 1526.7
1123430 1528.7
1123440 1532.0
1123450 1532.0
1123460 1532.2
1123470 1533.0
1123480 1533.0
1123490 1535.3
1123500 1539.4
1123510 1542.3
1123520 1542.3
1123530 1545.2
1123540 1548.0
1123550 1548.0
1123560 1550.6
1123570 1553.1
1123580 1553.1
1123590 1554.8
1123600 1556.3
1123610 1556.3
1123620 1558.6
1123630 1561.9
1123640 1561.9
1123650 1564.7
1123660 1567.2
1123670 1567.2
1123680 1571.2
1123690 1575.1
1123700 1579.4
1123710 1579.4
1123720 1583.6
1123730 1587.1
1123740 1587.1
1123750 1589.9
1123760 1593.0
1123770 1593.0
1123780 1596.9
1123790 1600.9
1123800 1600.9
1123810 1610.4
1123820 1615.3
1123830 1615.3
1123840 1619.9
1123850 1623.5
1123860 1623.5
1123870 1626.1
1123880 1628.0
1123890 1628.0
1123900 1630.0
1123910 1631.8
1123920 1633.9
1123930 1633.9
1123940 1635.5
1123950 1637.5
1123960 1637.5
1123970 1638.1
1123980 1638.9
1123990 1638.9
1124000 1642.4
1124010 1645.8
1124020 1645.8
1124030 1649.6
1124040 1654.4
1124050 1654.4
1124060 1655.7
1124070 1655.7
1124080 1655.7
1124090 1657.0
1124100 1659.6
1124110 1659.2
1124120 1659.2
1124130 1657.7
1124140 1657.6
1124150 1657.6
1124160 1670.6
1124170 1672.4
1124180 1672.4
1124190 1671.6
1124200 1673.7
1124210 1673.7
1124220 1674.6
1124230 1676.0
1124240 1676.0
1124250 1677.7
1124260 1679.1
1124270 1679.1
1124280 1680.0
1124290 1681.5
1124300 1681.5
1124310 1682.3
1124320 1683.0
1124330 1683.3
1124340 1683.3
1124350 1682.3
1124360 1684.5
1124370 1684.5
1124380 1684.4
1124390 1680.6
1124400 1680.6
1124410 1678.2
1124420 1679.4
1124430 1679.4
1124440 1680.6
1124450 1680.8
1124460 1680.8
1124470 1679.3
1124480 1679.8
1124490 1679.8
1124500 1681.1
1124510 1688.3
1124520 1688.3
1124530 1689.0
1124540 1689.1
1124550 1690.2
1124560 1690.2
1124570 1690.6
1124580 1689.9
1124590 1689.9
1124600 1688.9
1124610 1689.9
1124620 1689.9
1124630 1693.7
1124640 1695.7
1124650 1695.7
1124660 1697.7
1124670 1698.8
1124680 1698.8
1124690 1700.4
1124700 1701.4
1124710 1701.4
1124720 1701.7
1124730 1702.7
1124740 1701.8
1124750 1701.8
1124760 1700.3
1124770 1698.5
1124780 1698.5
1124790 1698.4
1124800 1697.6
1124810 1697.6
1124820 1697.1
1124830 1696.5
1124840 1696.5
1124850 1696.9
1124860 1710.1
1124870 1710.1
1124880 1710.2
1124890 1709.6
1124900 1709.6
1124910 1707.8
1124920 1707.8
1124930 1707.8
1124940 1707.8
1124950 1707.9
1124960 1700.8
1124970 1700.8
1124980 1687.0
1124990 1693.6
1125000 1693.6
1125010 1706.7
1125020 1715.3
1125030 1715.3
1125040 1714.8
1125050 1714.1
1125060 1714.1
1125070 1713.8
1125080 1715.6
1125090 1715.6
1125100 1718.6
1125110 1724.7
1125120 1724.7
1125130 1732.1
1125140 1738.1
1125150 1741.8
1125160 1741.8
1125170 1744.9
1125180 1747.4
1125190 1747.4
1125200 1747.8
1125210 1755.3
1125220 1755.3
1125230 1755.4
1125240 1756.5
1125250 1756.5
1125260 1757.2
1125270 1758.6
1125280 1758.6
1125290 1759.5
1125300 1757.9
1125310 1757.9
1125320 1755.8
1125330 1756.4
1125340 1756.4
1125350 1756.9
1125360 1756.8
1125370 1757.6
1125380 1757.6
1125390 1757.0
1125400 1754.5
1125410 1754.5
1125420 1751.5
1125430 1748.4
1125440 1748.4
1125450 1745.8
1125460 1745.4
1125470 1745.4
1125480 1745.0
1125490 1745.0
1125500 1745.0
1125510 1745.6
1125520 1746.2
1125530 1746.2
1125540 1747.1
1125550 1748.1
1125560 1750.4
1125570 1750.1
1125580 1752.0
1125590 1753.9
1125600 1753.9
1125610 1757.7
1125620 1761.1
1125630 1761.1
1125640 1764.8
1125650 1768.3
1125660 1768.3
1125670 1770.3
1125680 1770.1
1125690 1770.1
1125700 1770.1
1125710 1770.6
1125720 1770.6
1125730 1772.1
1125740 1775.3
1125750 1775.3
1125760 1776.7
1125770 1775.3
1125780 1775.7
1125790 1775.7
1125800 1777.0
1125810 1779.6
1125820 1779.6
1125830 1782.2
1125840 1784.2
1125850 1784.2
1125860 1786.2
1125870 1793.2
1125880 1793.2
1125890 1809.4
1125900 1809.7
1125910 1809.7
1125920 1807.7
1125930 1806.2
1125940 1806.2
1125950 1806.2
1125960 1806.2
1125970 1806.2
1125980 1806.2
1125990 1806.2
1126000 1806.2
1126010 1806.2
1126020 1806.2
1126030 1806.2
1126040 1806.2
1126050 1806.2
1126060 1806.2
1126070 1806.2
1126080 1806.2
1126090 1806.2
1126100 1806.2
1126110 1806.2
1126120 1806.2
1126130 1806.2
1126140 1806.2
1126150 1806.2
1126160 1806.2
1126170 1806.2
1126180 1806.2
1126190 1806.2
1126200 1806.2
1126210 1806.2
1126220 1806.2
1126230 1806.2
1126240 1806.2
1126250 1806.2
1126260 1806.2
1126270 1806.2
1126280 1806.2
1126290 1806.2
1126300 1806.2
1126310 1806.9
1126320 1806.9
1126330 1807.1
1126340 1806.8
1126350 1806.8
1126360 1807.6
1126370 1809.3
1126380 1809.6
1126390 1809.6
1126400 1808.2
1126410 1807.0
1126420 1807.0
1126430 1806.6
1126440 1806.4
1126450 1806.4
1126460 1806.2
1126470 1806.2
1126480 1806.2
1126490 1806.2
1126500 1806.2
1126510 1806.2
1126520 1806.2
1126530 1806.2
1126540 1806.2
1126550 1806.2
1126560 1806.2
1126570 1806.2
1126580 1806.2
1126590 1806.2
1126600 1806.2
1126610 1806.2
1126620 1806.2
1126630 1806.2
1126640 1806.2
1126650 1806.2
1126660 1806.2
1126670 1806.2
1126680 1806.2
1126690 1806.2
1126700 1806.2
1126710 1806.2
1126720 1806.2
1126730 1806.2
1126740 1806.2
1126750 1806.2
1126760 1806.2
1126770 1806.2
1126780 1806.2
1126790 1806.2
1126800 1806.2
1126810 1806.2
1126820 1806.2
1126830 1806.2
1126840 1806.2
1126850 1806.2
1126860 1806.2
1126870 1806.2
1126880 1806.2
1126890 1806.2
1126900 1806.2
1126910 1806.2
1126920 1806.2
1126930 1806.2
1126940 1806.2
1126950 1806.2
1126960 1806.2
1126970 1806.2
1126980 1806.2
1126990 1806.2
1127000 1806.2
1127010 1806.2
1127020 1806.2
1127030 1806.2
1127040 1806.2
1127050 1806.2
1127060 1806.2
1127070 1806.2
1127080 1806.2
1127090 1806.2
1127100 1806.2
1127110 1806.2
1127120 1806.2
1127130 1806.2
1127140 1806.2
1127150 1806.2
1127160 1806.2
1127170 1806.2
1127180 1806.2
1127190 1806.2
1127200 1806.2
1127210 1806.2
1127220 1806.2
1127230 1806.2
1127240 1806.2
1127250 1806.2
1127260 1806.2
1127270 1806.2
1127280 1806.2
1127290 1806.2
1127300 1806.2
1127310 1806.2
1127320 1806.2
1127330 1806.2
1127340 1806.2
1127350 1806.2
1127360 1806.2
1127370 1806.6
1127380 1807.2
1127390 1807.2
1127400 1808.2
1127410 1808.9
1127420 1810.6
1127430 1810.6
1127440 1811.3
1127450 1811.3
1127460 1811.3
1127470 1812.0
1127480 1814.1
1127490 1814.1
1127500 1815.6
1127510 1817.2
1127520 1817.2
1127530 1819.2
1127540 1821.7
1127550 1821.7
1127560 1825.0
1127570 1827.7
1127580 1827.7
1127590 1829.6
1127600 1830.5
1127610 1830.5
1127620 1830.9
1127630 1830.9
1127640 1831.4
1127650 1831.4
1127660 1832.2
1127670 1834.0
1127680 1834.0
1127690 1843.8
1127700 1844.5
1127710 1844.5
1127720 1845.8
1127730 1847.7
1127740 1847.7
1127750 1850.1
1127760 1851.1
1127770 1851.1
1127780 1852.2
1127790 1854.1
1127800 1854.1
1127810 1856.9
1127820 1861.2
1127830 1864.2
1127840 1864.2
1127850 1866.8
1127860 1869.5
1127870 1869.5
1127880 1871.7
1127890 1873.4
1127900 1873.4
1127910 1875.1
1127920 1875.9
1127930 1875.9
1127940 1876.4
1127950 1876.3
1127960 1876.3
1127970 1876.0
1127980 1876.7
1127990 1876.7
1128000 1877.7
1128010 1878.9
1128020 1878.9
1128030 1880.4
1128040 1888.3
1128050 1888.0
1128060 1888.0
1128070 1889.4
1128080 1890.3
1128090 1890.3
1128100 1891.0
1128110 1891.2
1128120 1891.2
1128130 1891.0
1128140 1891.5
1128150 1891.5
1128160 1893.5
1128170 1896.5
1128180 1896.5
1128190 1899.5
1128200 1902.5
1128210 1902.5
1128220 1905.2
1128230 1907.7
1128240 1910.1
1128250 1910.1
1128260 1912.2
1128270 1914.2
1128280 1914.2
1128290 1915.7
1128300 1917.0
1128310 1917.0
1128320 1918.0
1128330 1918.3
1128340 1918.3
1128350 1918.2
1128360 1917.2
1128370 1917.2
1128380 1916.9
1128390 1918.8
1128400 1924.0
1128410 1923.8
1128420 1924.1
1128430 1924.1
1128440 1925.6
1128450 1927.6
1128460 1930.2
1128470 1930.2
1128480 1932.0
1128490 1933.1
1128500 1933.1
1128510 1933.7
1128520 1935.0
1128530 1935.0
1128540 1936.0
1128550 1937.2
1128560 1937.2
1128570 1939.1
1128580 1940.9
1128590 1940.9
1128600 1942.3
1128610 1943.2
1128620 1943.2
1128630 1943.5
1128640 1943.9
1128650 1944.3
1128660 1944.3
1128670 1944.5
1128680 1944.7
1128690 1944.7
1128700 1945.0
1128710 1946.1
1128720 1946.1
1128730 1948.1
1128740 1949.3
1128750 1949.2
1128760 1950.5
1128770 1951.7
1128780 1951.7
1128790 1953.0
1128800 1954.8
1128810 1954.8
1128820 1957.4
1128830 1961.2
1128840 1961.2
1128850 1966.3
1128860 1971.9
1128870 1976.3
1128880 1976.3
1128890 1978.9
1128900 1979.2
1128910 1979.2
1128920 1978.6
1128930 1978.9
1128940 1978.9
1128950 1978.9
1128960 1976.9
1128970 1976.9
1128980 1974.4
1128990 1973.1
1129000 1973.1
1129010 1972.3
1129020 1971.1
1129030 1971.1
1129040 1969.2
1129050 1966.6
1129060 1963.6
1129070 1963.6
1129080 1960.0
1129090 1955.3
1129100 1955.3
1129110 1952.1
1129120 1948.2
1129130 1948.2
1129140 1945.0
1129150 1943.0
1129160 1943.0
1129170 1940.6
1129180 1937.6
1129190 1937.6
1129200 1934.1
1129210 1931.0
1129220 1931.0
1129230 1927.9
1129240 1924.3
1129250 1924.3
1129260 1920.6
1129270 1916.4
1129280 1912.9
1129290 1912.9
1129300 1909.8
1129310 1907.6
1129320 1907.6
1129330 1906.2
1129340 1904.7
1129350 1904.7
1129360 1903.9
1129370 1902.7
1129380 1902.7
1129390 1900.6
1129400 1898.4
1129410 1898.4
1129420 1896.4
1129430 1894.0
1129440 1894.0
1129450 1892.6
1129460 1890.9
1129470 1890.4
1129480 1888.5
1129490 1886.8
1129500 1884.2
1129510 1884.2
1129520 1880.2
1129530 1875.0
1129540 1875.0
1129550 1868.8
1129560 1862.4
1129570 1862.4
1129580 1855.5
1129590 1850.4
1129600 1850.4
1129610 1846.4
1129620 1841.6
1129630 1841.6
1129640 1839.1
1129650 1837.5
1129660 1837.5
1129670 1835.0
1129680 1833.5
1129690 1832.1
1129700 1832.1
1129710 1830.7
1129720 1829.5
1129730 1829.5
1129740 1827.2
1129750 1826.5
1129760 1826.5
1129770 1824.6
1129780 1821.1
1129790 1821.1
1129800 1818.2
1129810 1815.1
1129820 1816.0
1129830 1814.6
1129840 1814.0
1129850 1814.0
1129860 1813.4
1129870 1812.2
1129880 1812.2
1129890 1810.6
1129900 1809.1
1129910 1807.7
1129920 1807.7
1129930 1806.3
1129940 1805.8
1129950 1805.8
1129960 1804.9
1129970 1802.7
1129980 1802.7
1129990 1800.8
1130000 1798.6
1130010 1798.6
1130020 1796.1
1130030 1793.8
1130040 1793.8
1130050 1792.2
1130060 1791.6
1130070 1791.6
1130080 1790.6
1130090 1789.5
1130100 1788.7
1130110 1788.7
1130120 1787.0
1130130 1784.3
1130140 1784.3
1130150 1781.5
1130160 1778.6
1130170 1778.6
1130180 1776.4
1130190 1773.9
1130200 1773.9
1130210 1771.4
1130220 1768.7
1130230 1768.7
1130240 1765.5
1130250 1762.3
1130260 1762.3
1130270 1759.1
1130280 1754.0
1130290 1754.0
1130300 1748.8
1130310 1746.2
1130320 1742.7
1130330 1742.7
1130340 1739.2
1130350 1736.6
1130360 1736.6
1130370 1734.0
1130380 1732.0
1130390 1732.0
1130400 1730.5
1130410 1729.1
1130420 1729.1
1130430 1727.3
1130440 1724.7
1130450 1724.7
1130460 1723.1
1130470 1722.6
1130480 1722.6
1130490 1722.5
1130500 1722.8
1130510 1723.3
1130520 1723.3
1130530 1723.8
1130540 1722.0
1130550 1722.0
1130560 1721.8
1130570 1721.5
1130580 1721.5
1130590 1721.1
1130600 1720.9
1130610 1720.9
1130620 1721.1
1130630 1722.1
1130640 1722.1
1130650 1722.4
1130660 1723.5
1130670 1723.5
1130680 1724.9
1130690 1725.9
1130700 1725.9
1130710 1726.7
1130720 1726.4
1130730 1725.8
1130740 1725.8
1130750 1726.5
1130760 1726.8
1130770 1726.8
1130780 1726.6
1130790 1727.6
1130800 1727.6
1130810 1729.0
1130820 1731.3
1130830 1731.3
1130840 1734.0
1130850 1738.7
1130860 1738.7
1130870 1743.8
1130880 1748.1
1130890 1748.1
1130900 1744.6
1130910 1745.4
1130920 1745.4
1130930 1745.4
1130940 1744.9
1130950 1744.0
1130960 1744.0
1130970 1743.8
1130980 1743.3
1130990 1743.3
1131000 1742.2
1131010 1741.6
1131020 1741.6
1131030 1741.0
1131040 1740.7
1131050 1740.7
1131060 1740.6
1131070 1739.4
1131080 1739.4
1131090 1737.7
1131100 1734.2
1131110 1734.2
1131120 1730.8
1131130 1727.9
1131140 1724.0
1131150 1724.0
1131160 1718.3
1131170 1711.0
1131180 1711.0
1131190 1704.1
1131200 1700.3
1131210 1700.3
1131220 1699.1
1131230 1699.5
1131240 1699.5
1131250 1694.8
1131260 1694.6
1131270 1694.6
1131280 1694.6
1131290 1694.1
1131300 1694.1
1131310 1693.5
1131320 1692.6
1131330 1692.0
1131340 1692.0
1131350 1690.6
1131360 1689.0
1131370 1689.0
1131380 1688.8
1131390 1687.9
1131400 1687.9
1131410 1687.0
1131420 1685.3
1131430 1685.3
1131440 1686.0
1131450 1686.8
1131460 1686.8
1131470 1686.5
1131480 1686.8
1131490 1686.8
1131500 1687.3
1131510 1687.0
1131520 1687.0
1131530 1685.2
1131540 1684.4
1131550 1683.7
1131560 1683.7
1131570 1683.8
1131580 1684.2
1131590 1684.2
1131600 1684.1
1131610 1679.3
1131620 1679.3
1131630 1678.8
1131640 1677.8
1131650 1677.8
1131660 1676.5
1131670 1674.9
1131680 1674.9
1131690 1674.6
1131700 1675.4
1131710 1675.4
1131720 1676.4
1131730 1677.3
1131740 1677.4
1131750 1677.4
1131760 1677.7
1131770 1678.6
1131780 1678.6
1131790 1679.0
1131800 1679.1
1131810 1679.1
1131820 1678.4
1131830 1677.3
1131840 1677.3
1131850 1676.3
1131860 1675.6
1131870 1675.6
1131880 1674.6
1131890 1673.3
1131900 1673.3
1131910 1671.7
1131920 1670.4
1131930 1670.4
1131940 1670.1
1131950 1669.7
1131960 1670.5
1131970 1667.9
1131980 1668.0
1131990 1666.0
1132000 1666.0
1132010 1664.1
1132020 1662.5
1132030 1662.5
1132040 1661.7
1132050 1661.4
1132060 1661.4
1132070 1660.1
1132080 1658.3
1132090 1658.3
1132100 1656.6
1132110 1655.1
1132120 1655.1
1132130 1653.3
1132140 1651.0
1132150 1648.7
1132160 1648.7
1132170 1646.9
1132180 1645.3
1132190 1645.3
1132200 1644.0
1132210 1642.9
1132220 1642.9
1132230 1642.0
1132240 1641.3
1132250 1641.3
1132260 1640.6
1132270 1640.0
1132280 1640.0
1132290 1639.7
1132300 1639.3
1132310 1639.3
1132320 1639.0
1132330 1636.4
1132340 1636.4
1132350 1636.1
1132360 1635.6
1132370 1635.1
1132380 1635.1
1132390 1634.6
1132400 1633.8
1132410 1633.8
1132420 1633.0
1132430 1632.0
1132440 1632.0
1132450 1630.9
1132460 1629.8
1132470 1629.8
1132480 1629.1
1132490 1629.1
1132500 1629.1
1132510 1629.2
1132520 1629.1
1132530 1629.1
1132540 1629.2
1132550 1629.2
1132560 1629.3
1132570 1629.3
1132580 1629.2
1132590 1629.1
1132600 1629.1
1132610 1628.6
1132620 1627.8
1132630 1627.8
1132640 1626.6
1132650 1625.6
1132660 1625.6
1132670 1624.5
1132680 1623.2
1132690 1620.4
1132700 1618.5
1132710 1616.2
1132720 1616.2
1132730 1615.6
1132740 1614.8
1132750 1614.8
1132760 1613.0
1132770 1612.0
1132780 1611.0
1132790 1611.0
1132800 1610.4
1132810 1609.5
1132820 1609.5
1132830 1609.5
1132840 1609.1
1132850 1609.1
1132860 1608.0
1132870 1606.9
1132880 1606.9
1132890 1606.0
1132900 1605.9
1132910 1605.9
1132920 1605.7
1132930 1605.2
1132940 1605.2
1132950 1604.6
1132960 1604.0
1132970 1604.0
1132980 1603.2
1132990 1602.4
1133000 1601.8
1133010 1601.8
1133020 1601.0
1133030 1600.1
1133040 1600.1
1133050 1595.1
1133060 1594.4
1133070 1594.4
1133080 1594.3
1133090 1594.0
1133100 1594.0
1133110 1593.3
1133120 1592.8
1133130 1592.8
1133140 1593.3
1133150 1595.4
1133160 1595.4
1133170 1597.9
1133180 1599.7
1133190 1599.5
1133200 1599.5
1133210 1599.0
1133220 1599.1
1133230 1599.1
1133240 1598.6
1133250 1597.9
1133260 1597.9
1133270 1597.3
1133280 1595.9
1133290 1595.9
1133300 1592.7
1133310 1591.5
1133320 1591.5
1133330 1596.2
1133340 1599.4
1133350 1599.4
1133360 1599.3
1133370 1597.8
1133380 1597.8
1133390 1595.4
1133400 1593.3
1133410 1585.2
1133420 1585.2
1133430 1585.3
1133440 1584.3
1133450 1584.3
1133460 1584.0
1133470 1584.1
1133480 1584.1
1133490 1583.7
1133500 1582.7
1133510 1582.7
1133520 1581.8
1133530 1581.0
1133540 1581.0
1133550 1580.1
1133560 1578.7
1133570 1578.7
1133580 1578.3
1133590 1579.1
1133600 1579.2
1133610 1579.2
1133620 1578.9
1133630 1578.6
1133640 1578.6
1133650 1578.4
1133660 1578.2
1133670 1578.2
1133680 1578.0
1133690 1577.8
1133700 1577.8
1133710 1577.7
1133720 1577.6
1133730 1577.6
1133740 1577.5
1133750 1577.5
1133760 1577.5
1133770 1581.1
1133780 1582.4
1133790 1582.4
1133800 1582.6
1133810 1582.4
1133820 1581.7
1133830 1581.7
1133840 1581.6
1133850 1581.7
1133860 1581.7
1133870 1581.5
1133880 1581.6
1133890 1581.6
1133900 1581.8
1133910 1581.8
1133920 1581.8
1133930 1582.5
1133940 1583.2
1133950 1583.2
1133960 1583.7
1133970 1582.8
1133980 1582.8
1133990 1577.9
1134000 1575.6
1134010 1574.3
1134020 1574.3
1134030 1573.0
1134040 1572.5
1134050 1572.5
1134060 1572.4
1134070 1572.4
1134080 1572.4
1134090 1572.4
1134100 1572.4
1134110 1572.4
1134120 1572.1
1134130 1571.5
1134140 1571.5
1134150 1571.2
1134160 1570.9
1134170 1570.9
1134180 1570.1
1134190 1569.5
1134200 1569.5
1134210 1572.7
1134220 1578.5
1134230 1579.8
1134240 1579.8
1134250 1579.9
1134260 1580.1
1134270 1580.1
1134280 1580.3
1134290 1580.0
1134300 1580.0
1134310 1579.1
1134320 1578.4
1134330 1578.4
1134340 1578.2
1134350 1577.8
1134360 1577.8
1134370 1577.5
1134380 1577.2
1134390 1577.2
1134400 1576.8
1134410 1576.5
1134420 1576.2
1134430 1576.2
1134440 1576.4
1134450 1576.4
1134460 1576.4
1134470 1576.1
1134480 1575.8
1134490 1575.6
1134500 1574.7
1134510 1574.4
1134520 1574.4
1134530 1574.4
1134540 1574.7
1134550 1574.7
1134560 1574.9
1134570 1574.6
1134580 1574.6
1134590 1574.0
1134600 1573.8
1134610 1573.8
1134620 1573.4
1134630 1572.6
1134640 1572.2
1134650 1572.2
1134660 1572.1
1134670 1572.0
1134680 1572.0
1134690 1572.1
1134700 1572.1
1134710 1572.1
1134720 1572.3
1134730 1572.5
1134740 1572.5
1134750 1572.8
1134760 1573.1
1134770 1573.1
1134780 1573.8
1134790 1574.7
1134800 1574.7
1134810 1575.5
1134820 1576.5
1134830 1577.7
1134840 1577.7
1134850 1580.4
1134860 1581.7
1134870 1581.7
1134880 1582.6
1134890 1582.2
1134900 1582.2
1134910 1581.1
1134920 1581.3
1134930 1581.3
1134940 1581.2
1134950 1580.2
1134960 1580.2
1134970 1578.4
1134980 1576.8
1134990 1576.8
1135000 1575.6
1135010 1574.7
1135020 1574.7
1135030 1574.9
1135040 1576.3
1135050 1577.1
1135060 1577.1
1135070 1578.2
1135080 1579.5
1135090 1579.5
1135100 1581.9
1135110 1584.4
1135120 1584.4
1135130 1585.3
1135140 1587.6
1135150 1587.6
1135160 1589.8
1135170 1593.2
1135180 1593.2
1135190 1596.9
1135200 1600.1
1135210 1600.1
1135220 1608.4
1135230 1610.3
1135240 1613.3
1135250 1613.3
1135260 1616.1
1135270 1617.6
1135280 1617.6
1135290 1619.2
1135300 1622.6
1135310 1622.6
1135320 1624.8
1135330 1621.2
1135340 1621.2
1135350 1622.4
1135360 1628.0
1135370 1628.0
1135380 1632.8
1135390 1636.3
1135400 1636.3
1135410 1638.6
1135420 1641.2
1135430 1641.2
1135440 1644.3
1135450 1646.9
1135460 1648.6
1135470 1648.6
1135480 1649.7
1135490 1652.3
1135500 1652.3
1135510 1655.5
1135520 1656.1
1135530 1656.1
1135540 1658.3
1135550 1662.2
1135560 1662.2
1135570 1664.4
1135580 1669.0
1135590 1669.0
1135600 1670.2
1135610 1672.0
1135620 1672.0
1135630 1674.5
1135640 1676.4
1135650 1678.7
1135660 1678.7
1135670 1678.7
1135680 1678.7
1135690 1678.7
1135700 1679.5
1135710 1681.5
1135720 1681.5
1135730 1682.5
1135740 1681.6
1135750 1681.6
1135760 1682.5
1135770 1684.3
1135780 1684.3
1135790 1686.2
1135800 1686.3
1135810 1686.3
1135820 1688.5
1135830 1692.0
1135840 1692.0
1135850 1694.2
1135860 1697.6
1135870 1700.4
1135880 1700.4
1135890 1702.7
1135900 1705.1
1135910 1705.1
1135920 1707.4
1135930 1709.8
1135940 1716.0
1135950 1719.5
1135960 1724.1
1135970 1724.1
1135980 1728.8
1135990 1733.8
1136000 1733.8
1136010 1734.8
1136020 1734.1
1136030 1734.1
1136040 1735.5
1136050 1739.6
1136060 1739.6
1136070 1742.6
1136080 1745.3
1136090 1749.0
1136100 1749.0
1136110 1754.0
1136120 1759.2
1136130 1759.2
1136140 1766.0
1136150 1771.9
1136160 1771.9
1136170 1775.8
1136180 1778.4
1136190 1778.4
1136200 1779.7
1136210 1780.5
1136220 1780.5
1136230 1782.6
1136240 1786.6
1136250 1786.6
1136260 1791.0
1136270 1794.9
1136280 1798.5
1136290 1798.5
1136300 1802.1
1136310 1811.8
1136320 1811.8
1136330 1815.7
1136340 1819.9
1136350 1819.9
1136360 1824.4
1136370 1829.0
1136380 1829.0
1136390 1832.5
1136400 1833.9
1136410 1833.9
1136420 1835.6
1136430 1840.7
1136440 1840.7
1136450 1847.9
1136460 1853.8
1136470 1853.8
1136480 1858.5
1136490 1864.4
1136500 1868.4
1136510 1868.4
1136520 1872.2
1136530 1875.1
1136540 1875.1
1136550 1878.8
1136560 1882.1
1136570 1882.1
1136580 1885.1
1136590 1887.1
1136600 1887.1
1136610 1888.9
1136620 1890.9
1136630 1890.9
1136640 1893.1
1136650 1895.9
1136660 1895.9
1136670 1904.7
1136680 1908.0
1136690 1912.3
1136700 1912.3
1136710 1917.9
1136720 1923.0
1136730 1923.0
1136740 1927.5
1136750 1930.9
1136760 1930.9
1136770 1934.2
1136780 1937.0
1136790 1937.0
1136800 1939.6
1136810 1942.0
1136820 1942.0
1136830 1944.3
1136840 1946.9
1136850 1946.9
1136860 1949.3
1136870 1951.7
1136880 1951.7
1136890 1954.1
1136900 1956.1
1136910 1958.8
1136920 1958.8
1136930 1962.2
1136940 1964.9
1136950 1964.9
1136960 1966.8
1136970 1969.4
1136980 1969.4
1136990 1971.8
1137000 1973.9
1137010 1973.9
1137020 1976.3
1137030 1987.3
1137040 1987.3
1137050 1988.5
1137060 1986.6
1137070 1986.6
1137080 1985.4
1137090 1984.8
1137100 1982.7
1137110 1982.7
1137120 1981.4
1137130 1986.3
1137140 1986.3
1137150 1991.8
1137160 1997.5
1137170 1997.5
1137180 2002.3
1137190 2006.7
1137200 2006.7
1137210 2011.6
1137220 2016.0
1137230 2016.0
1137240 2019.5
1137250 2021.5
1137260 2021.5
1137270 2023.9
1137280 2027.1
1137290 2027.1
1137300 2029.8
1137310 2028.0
1137320 2024.7
1137330 2024.7
1137340 2024.5
1137350 2026.6
1137360 2026.6
1137370 2030.2
1137380 2033.2
1137390 2033.2
1137400 2042.2
1137410 2045.6
1137420 2045.6
1137430 2048.6
1137440 2049.7
1137450 2049.7
1137460 2048.0
1137470 2044.4
1137480 2044.4
1137490 2041.7
1137500 2039.9
1137510 2038.2
1137520 2038.2
1137530 2036.3
1137540 2039.4
1137550 2039.4
1137560 2044.3
1137570 2046.0
1137580 2046.0
1137590 2043.4
1137600 2038.8
1137610 2038.8
1137620 2034.0
1137630 2035.3
1137640 2035.3
1137650 2043.3
1137660 2051.2
1137670 2051.2
1137680 2058.3
1137690 2064.5
1137700 2064.5
1137710 2069.6
1137720 2075.0
1137730 2081.0
1137740 2081.0
1137750 2087.2
1137760 2098.1
1137770 2098.1
1137780 2103.6
1137790 2107.9
1137800 2107.9
1137810 2110.8
1137820 2113.3
1137830 2113.3
1137840 2116.0
1137850 2118.1
1137860 2118.1
1137870 2120.8
1137880 2123.3
1137890 2123.3
1137900 2125.5
1137910 2127.7
1137920 2130.2
1137930 2130.2
1137940 2133.3
1137950 2136.4
1137960 2136.4
1137970 2139.9
1137980 2144.2
1137990 2144.2
1138000 2148.1
1138010 2151.3
1138020 2151.3
1138030 2154.9
1138040 2158.8
1138050 2158.8
1138060 2161.9
1138070 2164.9
1138080 2164.9
1138090 2167.8
1138100 2170.0
1138110 2170.0
1138120 2171.7
1138130 2176.7
1138140 2177.7
1138150 2177.7
1138160 2179.2
1138170 2180.9
1138180 2180.9
1138190 2182.7
1138200 2184.1
1138210 2184.1
1138220 2185.1
1138230 2185.8
1138240 2185.8
1138250 2186.0
1138260 2185.9
1138270 2185.9
1138280 2185.7
1138290 2185.3
1138300 2185.3
1138310 2184.0
1138320 2182.5
1138330 2180.9
1138340 2180.9
1138350 2180.0
1138360 2178.6
1138370 2178.6
1138380 2176.8
1138390 2174.5
1138400 2174.5
1138410 2171.9
1138420 2168.9
1138430 2168.9
1138440 2165.7
1138450 2163.1
1138460 2163.1
1138470 2160.8
1138480 2158.3
1138490 2157.4
1138500 2153.9
1138510 2150.7
1138520 2150.7
1138530 2144.0
1138540 2131.4
1138550 2115.0
1138560 2115.0
1138570 2103.3
1138580 2094.1
1138590 2094.1
1138600 2088.4
1138610 2086.5
1138620 2086.5
1138630 2084.2
1138640 2077.1
1138650 2077.1
1138660 2065.9
1138670 2062.7
1138680 2062.7
1138690 2052.6
1138700 2044.7
1138710 2044.7
1138720 2039.2
1138730 2031.8
1138740 2020.6
1138750 2020.6
1138760 2009.6
1138770 2001.8
1138780 2001.8
1138790 1993.5
1138800 1984.0
1138810 1984.0
1138820 1973.9
1138830 1964.7
1138840 1964.7
1138850 1955.8
1138860 1942.2
1138870 1942.2
1138880 1933.1
1138890 1924.2
1138900 1924.2
1138910 1915.6
1138920 1907.6
1138930 1907.6
1138940 1900.5
1138950 1893.6
1138960 1886.8
1138970 1886.8
1138980 1880.0
1138990 1873.4
1139000 1873.4
1139010 1866.8
1139020 1860.1
1139030 1860.1
1139040 1853.9
1139050 1847.8
1139060 1847.8
1139070 1841.9
1139080 1836.5
1139090 1836.5
1139100 1830.6
1139110 1825.0
1139120 1825.0
1139130 1819.5
1139140 1814.1
1139150 1809.1
1139160 1809.1
1139170 1804.7
1139180 1800.6
1139190 1800.6
1139200 1796.7
1139210 1792.9
1139220 1792.9
1139230 1786.3
1139240 1779.7
1139250 1779.7
1139260 1777.9
1139270 1780.1
1139280 1780.1
1139290 1782.8
1139300 1785.6
1139310 1785.6
1139320 1787.9
1139330 1789.7
1139340 1789.7
1139350 1791.2
1139360 1792.7
1139370 1794.4
1139380 1794.4
1139390 1796.2
1139400 1797.9
1139410 1797.9
1139420 1799.2
1139430 1801.9
1139440 1801.9
1139450 1805.5
1139460 1809.8
1139470 1809.8
1139480 1814.5
1139490 1820.1
1139500 1820.1
1139510 1825.7
1139520 1830.9
1139530 1830.9
1139540 1835.6
1139550 1839.6
1139560 1842.8
1139570 1842.8
1139580 1846.3
1139590 1851.1
1139600 1851.1
1139610 1851.7
1139620 1850.8
1139630 1850.8
1139640 1850.8
1139650 1850.0
1139660 1850.0
1139670 1852.1
1139680 1857.4
1139690 1857.4
1139700 1863.3
1139710 1869.1
1139720 1869.1
1139730 1874.9
1139740 1879.9
1139750 1879.9
1139760 1885.3
1139770 1890.7
1139780 1896.3
1139790 1896.3
1139800 1902.3
1139810 1908.9
1139820 1908.9
1139830 1915.2
1139840 1921.5
1139850 1921.5
1139860 1927.5
1139870 1933.3
1139880 1933.3
1139890 1939.2
1139900 1944.7
1139910 1944.7
1139920 1950.2
1139930 1956.1
1139940 1956.1
1139950 1962.2
1139960 1970.0
1139970 1970.0
1139980 1976.2
1139990 1983.1
