1120000 1580.9
1120010 1580.9
1120020 1581.8
1120030 1583.5
1120040 1583.5
1120050 1587.4
1120060 1591.1
1120070 1591.1
1120080 1594.2
1120090 1597.2
1120100 1600.3
1120110 1600.3
1120120 1603.1
1120130 1606.2
1120140 1606.2
1120150 1605.0
1120160 1608.0
1120170 1608.0
1120180 1611.4
1120190 1615.2
1120200 1615.2
1120210 1619.0
1120220 1621.6
1120230 1621.6
1120240 1624.1
1120250 1627.1
1120260 1627.1
1120270 1632.0
1120280 1637.1
1120290 1637.1
1120300 1641.7
1120310 1645.8
1120320 1649.0
1120330 1649.0
1120340 1651.2
1120350 1652.7
1120360 1652.7
1120370 1654.0
1120380 1656.4
1120390 1656.4
1120400 1659.8
1120410 1663.0
1120420 1663.0
1120430 1667.0
1120440 1670.8
1120450 1670.8
1120460 1674.6
1120470 1678.6
1120480 1678.6
1120490 1681.4
1120500 1678.3
1120510 1678.3
1120520 1680.0
1120530 1681.8
1120540 1683.4
1120550 1683.4
1120560 1685.1
1120570 1686.9
1120580 1686.9
1120590 1688.5
1120600 1689.6
1120610 1689.6
1120620 1690.9
1120630 1692.1
1120640 1692.1
1120650 1693.4
1120660 1695.1
1120670 1695.1
1120680 1695.8
1120690 1696.2
1120700 1696.2
1120710 1697.0
1120720 1698.8
1120730 1701.4
1120740 1701.4
1120750 1703.9
1120760 1706.8
1120770 1706.8
1120780 1709.2
1120790 1710.5
1120800 1710.5
1120810 1712.9
1120820 1715.6
1120830 1715.6
1120840 1718.0
1120850 1714.5
1120860 1714.5
1120870 1716.1
1120880 1717.7
1120890 1717.7
1120900 1720.3
1120910 1723.4
1120920 1723.4
1120930 1726.7
1120940 1729.8
1120950 1732.2
1120960 1732.2
1120970 1734.5
1120980 1736.2
1120990 1736.2
1121000 1738.4
1121010 1740.2
1121020 1740.2
1121030 1741.4
1121040 1743.0
1121050 1743.0
1121060 1744.7
1121070 1746.4
1121080 1746.4
1121090 1748.9
1121100 1750.8
1121110 1750.8
1121120 1753.0
1121130 1755.0
1121140 1756.9
1121150 1756.9
1121160 1759.4
1121170 1762.6
1121180 1762.6
1121190 1760.2
1121200 1762.7
1121210 1762.7
1121220 1765.2
1121230 1767.2
1121240 1767.2
1121250 1769.4
1121260 1770.7
1121270 1770.7
1121280 1771.5
1121290 1772.2
1121300 1772.2
1121310 1773.1
1121320 1774.9
1121330 1774.9
1121340 1776.6
1121350 1778.2
1121360 1780.2
1121370 1780.2
1121380 1782.6
1121390 1784.6
1121400 1784.6
1121410 1786.8
1121420 1788.8
1121430 1788.8
1121440 1791.0
1121450 1793.2
1121460 1793.2
1121470 1794.8
1121480 1796.8
1121490 1796.8
1121500 1798.9
1121510 1800.9
1121520 1800.9
1121530 1802.9
1121540 1803.1
1121550 1803.1
1121560 1804.8
1121570 1806.5
1121580 1808.4
1121590 1808.4
1121600 1810.4
1121610 1812.4
1121620 1812.4
1121630 1814.1
1121640 1815.9
1121650 1815.9
1121660 1817.6
1121670 1819.1
1121680 1819.1
1121690 1820.7
1121700 1822.2
1121710 1822.2
1121720 1824.0
1121730 1825.5
1121740 1825.5
1121750 1827.2
1121760 1829.0
1121770 1830.9
1121780 1830.9
1121790 1832.8
1121800 1834.7
1121810 1834.7
1121820 1836.6
1121830 1838.1
1121840 1838.1
1121850 1839.5
1121860 1840.4
1121870 1840.4
1121880 1841.1
1121890 1839.1
1121900 1839.1
1121910 1839.5
1121920 1839.3
1121930 1839.3
1121940 1840.1
1121950 1841.1
1121960 1841.1
1121970 1842.3
1121980 1842.3
1121990 1842.2
1122000 1842.2
1122010 1843.0
1122020 1842.9
1122030 1842.9
1122040 1843.4
1122050 1844.8
1122060 1844.8
1122070 1846.1
1122080 1847.2
1122090 1847.2
1122100 1849.0
1122110 1851.2
1122120 1851.2
1122130 1853.3
1122140 1855.6
1122150 1855.6
1122160 1858.3
1122170 1860.4
1122180 1862.6
1122190 1862.6
1122200 1864.0
1122210 1865.9
1122220 1865.9
1122230 1868.2
1122240 1865.4
1122250 1865.4
1122260 1867.8
1122270 1870.1
1122280 1870.1
1122290 1872.1
1122300 1873.7
1122310 1873.7
1122320 1875.2
1122330 1876.6
1122340 1876.6
1122350 1878.3
1122360 1879.7
1122370 1879.7
1122380 1880.5
1122390 1880.7
1122400 1880.4
1122410 1880.4
1122420 1879.7
1122430 1878.6
1122440 1878.6
1122450 1877.3
1122460 1875.6
1122470 1875.6
1122480 1875.5
1122490 1878.2
1122500 1878.2
1122510 1882.3
1122520 1886.0
1122530 1886.0
1122540 1889.1
1122550 1891.6
1122560 1891.6
1122570 1893.1
1122580 1893.9
1122590 1888.5
1122600 1888.5
1122610 1889.7
1122620 1891.0
1122630 1891.0
1122640 1892.4
1122650 1894.4
1122660 1894.4
1122670 1897.5
1122680 1899.1
1122690 1899.1
1122700 1900.2
1122710 1900.2
1122720 1900.2
1122730 1901.8
1122740 1903.5
1122750 1903.5
1122760 1905.3
1122770 1906.3
1122780 1906.3
1122790 1907.9
1122800 1907.5
1122810 1907.0
1122820 1907.0
1122830 1907.0
1122840 1907.6
1122850 1907.6
1122860 1908.4
1122870 1907.5
1122880 1907.5
1122890 1908.3
1122900 1909.6
1122910 1909.6
1122920 1910.5
1122930 1912.2
1122940 1907.9
1122950 1908.4
1122960 1909.0
1122970 1909.0
1122980 1908.5
1122990 1907.8
1123000 1907.8
1123010 1907.0
1123020 1907.5
1123030 1908.6
1123040 1908.6
1123050 1910.0
1123060 1911.2
1123070 1911.2
1123080 1913.1
1123090 1917.8
1123100 1917.8
1123110 1919.3
1123120 1918.8
1123130 1918.8
1123140 1917.0
1123150 1913.8
1123160 1913.8
1123170 1912.1
1123180 1911.9
1123190 1911.9
1123200 1912.4
1123210 1913.1
1123220 1913.8
1123230 1913.8
1123240 1913.6
1123250 1913.4
1123260 1913.4
1123270 1913.6
1123280 1914.2
1123290 1919.3
1123300 1919.2
1123310 1919.5
1123320 1919.5
1123330 1918.9
1123340 1919.1
1123350 1919.1
1123360 1918.3
1123370 1917.2
1123380 1917.2
1123390 1916.6
1123400 1917.0
1123410 1917.0
1123420 1917.2
1123430 1918.3
1123440 1921.5
1123450 1921.5
1123460 1924.2
1123470 1925.8
1123480 1925.8
1123490 1926.4
1123500 1928.4
1123510 1928.4
1123520 1929.2
1123530 1928.1
1123540 1928.1
1123550 1926.9
1123560 1927.1
1123570 1927.1
1123580 1927.4
1123590 1926.9
1123600 1926.9
1123610 1925.3
1123620 1925.6
1123630 1926.7
1123640 1925.6
1123650 1925.9
1123660 1926.2
1123670 1926.2
1123680 1925.3
1123690 1923.9
1123700 1923.9
1123710 1924.2
1123720 1924.7
1123730 1924.7
1123740 1925.1
1123750 1925.2
1123760 1925.2
1123770 1924.8
1123780 1923.8
1123790 1923.8
1123800 1923.5
1123810 1922.3
1123820 1922.3
1123830 1920.3
1123840 1919.1
1123850 1917.7
1123860 1917.7
1123870 1918.2
1123880 1919.5
1123890 1919.5
1123900 1921.4
1123910 1923.3
1123920 1923.3
1123930 1924.6
1123940 1926.0
1123950 1926.0
1123960 1928.6
1123970 1930.0
1123980 1930.0
1123990 1932.5
1124000 1933.3
1124010 1933.3
1124020 1934.0
1124030 1933.8
1124040 1933.8
1124050 1933.8
1124060 1933.1
1124070 1932.0
1124080 1932.0
1124090 1931.5
1124100 1931.7
1124110 1931.7
1124120 1931.4
1124130 1929.2
1124140 1929.2
1124150 1928.0
1124160 1926.4
1124170 1926.4
1124180 1925.2
1124190 1924.9
1124200 1924.9
1124210 1927.0
1124220 1926.1
1124230 1926.1
1124240 1924.7
1124250 1922.8
1124260 1920.2
1124270 1920.2
1124280 1916.7
1124290 1912.6
1124300 1912.6
1124310 1909.3
1124320 1906.9
1124330 1906.9
1124340 1901.2
1124350 1896.8
1124360 1896.8
1124370 1892.9
1124380 1889.3
1124390 1889.3
1124400 1885.3
1124410 1882.3
1124420 1882.3
1124430 1878.2
1124440 1873.1
1124450 1873.1
1124460 1869.4
1124470 1869.7
1124480 1866.6
1124490 1866.6
1124500 1861.2
1124510 1856.6
1124520 1856.6
1124530 1850.3
1124540 1842.4
1124550 1842.4
1124560 1833.3
1124570 1825.7
1124580 1825.7
1124590 1817.9
1124600 1811.6
1124610 1811.6
1124620 1805.0
1124630 1798.4
1124640 1798.4
1124650 1792.8
1124660 1787.9
1124670 1783.1
1124680 1783.1
1124690 1779.2
1124700 1776.0
1124710 1776.0
1124720 1772.8
1124730 1769.3
1124740 1769.3
1124750 1765.3
1124760 1761.1
1124770 1761.1
1124780 1755.9
1124790 1752.5
1124800 1752.5
1124810 1749.9
1124820 1748.0
1124830 1748.0
1124840 1746.6
1124850 1746.2
1124860 1746.2
1124870 1743.8
1124880 1739.2
1124890 1733.6
1124900 1733.6
1124910 1729.8
1124920 1726.9
1124930 1726.9
1124940 1724.8
1124950 1724.0
1124960 1724.0
1124970 1722.9
1124980 1721.7
1124990 1721.7
1125000 1717.8
1125010 1701.0
1125020 1701.0
1125030 1713.8
1125040 1719.2
1125050 1717.0
1125060 1718.4
1125070 1717.7
1125080 1717.7
1125090 1717.7
1125100 1719.5
1125110 1720.8
1125120 1720.8
1125130 1722.2
1125140 1723.7
1125150 1723.7
1125160 1725.0
1125170 1726.1
1125180 1726.1
1125190 1727.7
1125200 1729.8
1125210 1729.8
1125220 1731.8
1125230 1733.4
1125240 1733.4
1125250 1735.2
1125260 1737.2
1125270 1737.2
1125280 1739.8
1125290 1742.7
1125300 1745.7
1125310 1745.7
1125320 1749.0
1125330 1750.6
1125340 1750.6
1125350 1752.8
1125360 1755.1
1125370 1755.1
1125380 1757.9
1125390 1761.2
1125400 1761.3
1125410 1763.4
1125420 1766.1
1125430 1766.1
1125440 1769.8
1125450 1774.3
1125460 1774.3
1125470 1780.0
1125480 1785.2
1125490 1785.2
1125500 1785.9
1125510 1786.9
1125520 1788.9
1125530 1788.9
1125540 1792.8
1125550 1798.5
1125560 1798.5
1125570 1801.7
1125580 1805.6
1125590 1805.6
1125600 1808.1
1125610 1810.1
1125620 1810.1
1125630 1811.8
1125640 1813.4
1125650 1813.4
1125660 1816.1
1125670 1820.7
1125680 1820.7
1125690 1825.5
1125700 1831.4
1125710 1835.4
1125720 1835.4
1125730 1839.0
1125740 1841.8
1125750 1840.2
1125760 1841.7
1125770 1842.6
1125780 1842.6
1125790 1836.8
1125800 1836.3
1125810 1836.3
1125820 1832.1
1125830 1826.8
1125840 1826.8
1125850 1825.6
1125860 1825.9
1125870 1825.9
1125880 1826.8
1125890 1827.0
1125900 1827.0
1125910 1826.9
1125920 1827.5
1125930 1827.5
1125940 1827.5
1125950 1826.7
1125960 1825.4
1125970 1825.4
1125980 1823.7
1125990 1822.3
1126000 1822.3
1126010 1821.1
1126020 1821.9
1126030 1821.9
1126040 1823.2
1126050 1824.0
1126060 1824.0
1126070 1824.3
1126080 1825.4
1126090 1825.4
1126100 1828.0
1126110 1829.4
1126120 1830.2
1126130 1830.2
1126140 1830.6
1126150 1830.1
1126160 1830.1
1126170 1829.6
1126180 1829.7
1126190 1829.7
1126200 1830.9
1126210 1830.7
1126220 1830.7
1126230 1830.0
1126240 1829.5
1126250 1829.5
1126260 1829.7
1126270 1829.9
1126280 1829.9
1126290 1830.0
1126300 1829.8
1126310 1829.8
1126320 1829.9
1126330 1830.2
1126340 1830.7
1126350 1830.7
1126360 1831.4
1126370 1833.9
1126380 1833.9
1126390 1837.2
1126400 1839.6
1126410 1839.6
1126420 1842.6
1126430 1844.3
1126440 1844.3
1126450 1845.0
1126460 1839.5
1126470 1839.5
1126480 1840.7
1126490 1841.9
1126500 1841.9
1126510 1842.5
1126520 1843.0
1126530 1843.0
1126540 1843.1
1126550 1842.8
1126560 1842.2
1126570 1842.2
1126580 1841.9
1126590 1841.5
1126600 1841.5
1126610 1841.1
1126620 1840.5
1126630 1840.5
1126640 1840.0
1126650 1839.5
1126660 1839.5
1126670 1839.1
1126680 1838.6
1126690 1838.6
1126700 1838.3
1126710 1837.4
1126720 1837.4
1126730 1836.0
1126740 1834.8
1126750 1834.3
1126760 1834.3
1126770 1834.1
1126780 1833.9
1126790 1833.9
1126800 1832.8
1126810 1829.9
1126820 1829.9
1126830 1829.1
1126840 1828.8
1126850 1828.8
1126860 1828.9
1126870 1827.3
1126880 1827.3
1126890 1825.1
1126900 1824.9
1126910 1824.9
1126920 1825.8
1126930 1826.9
1126940 1826.9
1126950 1827.9
1126960 1828.1
1126970 1827.9
1126980 1827.9
1126990 1826.9
1127000 1825.3
1127010 1825.3
1127020 1821.7
1127030 1817.9
1127040 1817.9
1127050 1816.4
1127060 1815.6
1127070 1815.6
1127080 1814.4
1127090 1812.0
1127100 1812.0
1127110 1811.3
1127120 1811.3
1127130 1811.3
1127140 1811.3
1127150 1811.3
1127160 1811.3
1127170 1811.3
1127180 1811.3
1127190 1811.3
1127200 1811.3
1127210 1811.3
1127220 1811.3
1127230 1811.3
1127240 1811.3
1127250 1811.3
1127260 1811.3
1127270 1811.3
1127280 1811.3
1127290 1811.3
1127300 1811.3
1127310 1811.3
1127320 1811.3
1127330 1811.5
1127340 1811.9
1127350 1811.9
1127360 1812.5
1127370 1813.4
1127380 1813.7
1127390 1813.7
1127400 1813.7
1127410 1813.8
1127420 1813.8
1127430 1814.0
1127440 1814.1
1127450 1814.1
1127460 1814.3
1127470 1814.4
1127480 1814.4
1127490 1814.5
1127500 1814.5
1127510 1814.5
1127520 1815.3
1127530 1815.1
1127540 1815.1
1127550 1814.9
1127560 1814.8
1127570 1814.8
1127580 1814.7
1127590 1814.6
1127600 1814.5
1127610 1814.5
1127620 1814.5
1127630 1814.5
1127640 1814.5
1127650 1814.6
1127660 1814.7
1127670 1814.7
1127680 1814.4
1127690 1814.2
1127700 1814.2
1127710 1814.1
1127720 1814.2
1127730 1814.2
1127740 1814.1
1127750 1814.2
1127760 1814.2
1127770 1814.1
1127780 1814.3
1127790 1814.4
1127800 1814.4
1127810 1814.5
1127820 1814.7
1127830 1814.7
1127840 1815.3
1127850 1816.3
1127860 1816.3
1127870 1820.8
1127880 1822.1
1127890 1822.1
1127900 1823.2
1127910 1823.8
1127920 1823.8
1127930 1824.2
1127940 1825.8
1127950 1825.8
1127960 1827.4
1127970 1829.6
1127980 1829.6
1127990 1831.4
1128000 1832.6
1128010 1833.2
1128020 1833.2
1128030 1834.5
1128040 1835.8
1128050 1835.8
1128060 1836.2
1128070 1836.7
1128080 1836.7
1128090 1837.5
1128100 1837.7
1128110 1837.7
1128120 1837.6
1128130 1837.9
1128140 1837.9
1128150 1838.8
1128160 1839.7
1128170 1839.7
1128180 1840.6
1128190 1841.3
1128200 1842.5
1128210 1842.5
1128220 1843.4
1128230 1846.4
1128240 1846.4
1128250 1846.8
1128260 1847.2
1128270 1847.2
1128280 1848.2
1128290 1849.3
1128300 1849.3
1128310 1850.7
1128320 1851.9
1128330 1851.9
1128340 1852.7
1128350 1853.5
1128360 1853.5
1128370 1854.0
1128380 1854.2
1128390 1854.2
1128400 1854.7
1128410 1855.4
1128420 1856.1
1128430 1856.1
1128440 1856.6
1128450 1856.9
1128460 1856.9
1128470 1857.4
1128480 1857.9
1128490 1857.9
1128500 1858.3
1128510 1858.4
1128520 1858.4
1128530 1858.3
1128540 1858.0
1128550 1858.0
1128560 1857.4
1128570 1857.1
1128580 1860.7
1128590 1860.6
1128600 1860.3
1128610 1859.5
1128620 1859.5
1128630 1858.3
1128640 1857.1
1128650 1857.1
1128660 1855.4
1128670 1855.6
1128680 1855.6
1128690 1857.1
1128700 1857.3
1128710 1857.3
1128720 1856.5
1128730 1855.5
1128740 1855.5
1128750 1854.2
1128760 1851.7
1128770 1851.7
1128780 1850.2
1128790 1849.3
1128800 1849.3
1128810 1847.9
1128820 1847.6
1128830 1848.1
1128840 1848.1
1128850 1848.2
1128860 1847.3
1128870 1847.3
1128880 1846.1
1128890 1845.2
1128900 1845.2
1128910 1844.1
1128920 1842.3
1128930 1842.3
1128940 1843.4
1128950 1842.5
1128960 1842.5
1128970 1842.6
1128980 1842.3
1128990 1842.3
1129000 1842.3
1129010 1840.7
1129020 1840.7
1129030 1835.3
1129040 1833.0
1129050 1832.9
1129060 1832.9
1129070 1832.7
1129080 1832.4
1129090 1832.4
1129100 1832.2
1129110 1831.9
1129120 1831.9
1129130 1831.5
1129140 1830.8
1129150 1830.8
1129160 1830.0
1129170 1829.5
1129180 1829.5
1129190 1829.1
1129200 1828.3
1129210 1828.3
1129220 1827.8
1129230 1827.8
1129240 1828.0
1129250 1828.0
1129260 1827.8
1129270 1827.8
1129280 1827.8
1129290 1828.4
1129300 1825.0
1129310 1825.0
1129320 1825.4
1129330 1826.2
1129340 1826.2
1129350 1827.4
1129360 1828.7
1129370 1828.7
1129380 1830.4
1129390 1832.9
1129400 1832.9
1129410 1835.7
1129420 1838.8
1129430 1838.8
1129440 1841.8
1129450 1843.5
1129460 1844.3
1129470 1844.3
1129480 1845.5
1129490 1847.6
1129500 1847.6
1129510 1850.9
1129520 1854.3
1129530 1854.3
1129540 1858.3
1129550 1863.0
1129560 1863.0
1129570 1868.5
1129580 1875.3
1129590 1875.3
1129600 1882.5
1129610 1889.3
1129620 1889.3
1129630 1895.5
1129640 1900.6
1129650 1900.2
1129660 1900.2
1129670 1908.4
1129680 1918.6
1129690 1918.6
1129700 1921.6
1129710 1927.6
1129720 1927.6
1129730 1937.8
1129740 1945.9
1129750 1945.9
1129760 1955.8
1129770 1966.6
1129780 1966.6
1129790 1981.4
1129800 1993.3
1129810 1993.3
1129820 1997.3
1129830 2001.7
1129840 2001.7
1129850 2011.8
1129860 2018.2
1129870 2024.4
1129880 2024.4
1129890 2032.5
1129900 2039.9
1129910 2039.9
1129920 2045.5
1129930 2051.8
1129940 2051.8
1129950 2057.7
1129960 2062.7
1129970 2062.7
1129980 2067.3
1129990 2069.4
1130000 2069.4
1130010 2069.0
1130020 2074.8
1130030 2074.8
1130040 2080.7
1130050 2087.2
1130060 2094.0
1130070 2094.0
1130080 2100.1
1130090 2105.9
1130100 2105.9
1130110 2111.0
1130120 2116.1
1130130 2116.1
1130140 2122.0
1130150 2128.0
1130160 2128.0
1130170 2134.5
1130180 2140.8
1130190 2140.8
1130200 2147.1
1130210 2153.2
1130220 2153.2
1130230 2159.5
1130240 2166.4
1130250 2166.4
1130260 2172.7
1130270 2178.9
1130280 2185.7
1130290 2185.7
1130300 2192.2
1130310 2199.2
1130320 2199.2
1130330 2205.3
1130340 2211.3
1130350 2211.3
1130360 2215.9
1130370 2218.4
1130380 2218.4
1130390 2222.4
1130400 2226.1
1130410 2226.1
1130420 2230.0
1130430 2234.3
1130440 2234.3
1130450 2237.9
1130460 2240.6
1130470 2240.6
1130480 2242.9
1130490 2242.7
1130500 2241.9
1130510 2241.9
1130520 2247.8
1130530 2256.9
1130540 2256.9
1130550 2260.6
1130560 2263.8
1130570 2263.8
1130580 2267.4
1130590 2270.6
1130600 2270.6
1130610 2272.6
1130620 2274.4
1130630 2274.4
1130640 2275.7
1130650 2277.1
1130660 2277.1
1130670 2278.6
1130680 2279.7
1130690 2281.6
1130700 2281.6
1130710 2284.6
1130720 2288.9
1130730 2288.5
1130740 2290.9
1130750 2292.2
1130760 2292.2
1130770 2293.8
1130780 2297.4
1130790 2297.4
1130800 2301.3
1130810 2305.4
1130820 2305.4
1130830 2309.1
1130840 2313.0
1130850 2313.0
1130860 2316.6
1130870 2320.8
1130880 2320.8
1130890 2325.0
1130900 2328.2
1130910 2331.3
1130920 2331.3
1130930 2334.5
1130940 2337.7
1130950 2337.7
1130960 2341.1
1130970 2344.6
1130980 2344.6
1130990 2347.4
1131000 2350.8
1131010 2350.8
1131020 2355.0
1131030 2359.7
1131040 2359.7
1131050 2364.1
1131060 2368.2
1131070 2368.2
1131080 2365.6
1131090 2369.8
1131100 2373.5
1131110 2373.5
1131120 2375.9
1131130 2377.3
1131140 2377.3
1131150 2380.5
1131160 2382.1
1131170 2382.1
1131180 2382.7
1131190 2384.5
1131200 2384.5
1131210 2386.5
1131220 2388.2
1131230 2388.2
1131240 2388.7
1131250 2387.8
1131260 2387.8
1131270 2386.8
1131280 2386.6
1131290 2386.6
1131300 2385.7
1131310 2385.8
1131320 2387.1
1131330 2387.1
1131340 2388.5
1131350 2388.8
1131360 2388.8
1131370 2387.0
1131380 2384.1
1131390 2384.1
1131400 2380.8
1131410 2378.3
1131420 2378.3
1131430 2375.8
1131440 2360.3
1131450 2360.3
1131460 2357.3
1131470 2355.7
1131480 2355.7
1131490 2354.2
1131500 2351.7
1131510 2351.7
1131520 2348.5
1131530 2345.0
1131540 2341.3
1131550 2341.3
1131560 2337.4
1131570 2334.2
1131580 2334.2
1131590 2330.7
1131600 2328.3
1131610 2328.3
1131620 2323.7
1131630 2320.2
1131640 2320.2
1131650 2317.1
1131660 2313.3
1131670 2313.3
1131680 2307.7
1131690 2303.4
1131700 2303.4
1131710 2299.9
1131720 2296.2
1131730 2290.8
1131740 2290.8
1131750 2286.8
1131760 2285.3
1131770 2285.3
1131780 2283.0
1131790 2279.3
1131800 2272.5
1131810 2267.9
1131820 2263.7
1131830 2263.7
1131840 2261.4
1131850 2257.4
1131860 2257.4
1131870 2254.7
1131880 2252.2
1131890 2252.2
1131900 2249.4
1131910 2247.5
1131920 2247.5
1131930 2243.9
1131940 2241.0
1131950 2240.0
1131960 2240.0
1131970 2239.0
1131980 2236.5
1131990 2236.5
1132000 2236.9
1132010 2237.6
1132020 2237.6
1132030 2234.6
1132040 2231.9
1132050 2231.9
1132060 2231.5
1132070 2230.8
1132080 2230.8
1132090 2230.9
1132100 2230.2
1132110 2230.2
1132120 2228.3
1132130 2227.0
1132140 2225.6
1132150 2225.6
1132160 2217.5
1132170 2216.7
1132180 2216.7
1132190 2216.8
1132200 2216.4
1132210 2216.4
1132220 2215.8
1132230 2215.3
1132240 2215.3
1132250 2211.5
1132260 2206.1
1132270 2206.1
1132280 2201.5
1132290 2200.7
1132300 2200.7
1132310 2201.2
1132320 2200.7
1132330 2200.7
1132340 2198.1
1132350 2194.4
1132360 2190.8
1132370 2190.8
1132380 2186.8
1132390 2183.3
1132400 2183.3
1132410 2176.7
1132420 2168.6
1132430 2168.6
1132440 2167.8
1132450 2169.6
1132460 2169.6
1132470 2167.5
1132480 2166.5
1132490 2166.5
1132500 2165.2
1132510 2164.8
1132520 2157.7
1132530 2158.9
1132540 2158.0
1132550 2156.1
1132560 2156.1
1132570 2157.1
1132580 2158.3
1132590 2158.3
1132600 2157.7
1132610 2156.0
1132620 2156.0
1132630 2154.0
1132640 2152.2
1132650 2152.2
1132660 2149.0
1132670 2146.8
1132680 2146.8
1132690 2146.8
1132700 2146.0
1132710 2146.0
1132720 2145.2
1132730 2146.4
1132740 2146.4
1132750 2145.1
1132760 2147.7
1132770 2144.2
1132780 2144.2
1132790 2141.7
1132800 2150.1
1132810 2150.1
1132820 2157.8
1132830 2152.9
1132840 2152.9
1132850 2145.2
1132860 2148.8
1132870 2148.8
1132880 2137.1
1132890 2134.1
1132900 2134.1
1132910 2130.2
1132920 2125.1
1132930 2125.1
1132940 2120.8
1132950 2119.9
1132960 2119.9
1132970 2116.8
1132980 2109.8
1132990 2102.0
1133000 2102.0
1133010 2089.9
1133020 2093.0
1133030 2093.0
1133040 2090.4
1133050 2076.5
1133060 2076.5
1133070 2068.0
1133080 2059.6
1133090 2059.6
1133100 2051.5
1133110 2048.5
1133120 2048.5
1133130 2047.3
1133140 2046.8
1133150 2046.8
1133160 2050.6
1133170 2057.7
1133180 2062.0
1133190 2062.0
1133200 2064.2
1133210 2063.4
1133220 2063.4
1133230 2059.0
1133240 2048.6
1133250 2048.6
1133260 2047.7
1133270 2045.3
1133280 2045.3
1133290 2042.3
1133300 2037.8
1133310 2037.8
1133320 2034.0
1133330 2031.7
1133340 2031.7
1133350 2029.7
1133360 2027.3
1133370 2027.3
1133380 2024.5
1133390 2021.8
1133400 2019.1
1133410 2019.1
1133420 2016.4
1133430 2013.7
1133440 2013.7
1133450 2008.2
1133460 1997.3
1133470 1997.3
1133480 1988.6
1133490 1985.7
1133500 1985.7
1133510 1983.6
1133520 1979.5
1133530 1979.5
1133540 1975.8
1133550 1972.0
1133560 1972.0
1133570 1967.7
1133580 1963.9
1133590 1955.9
1133600 1952.3
1133610 1940.9
1133620 1932.7
1133630 1932.7
1133640 1931.2
1133650 1929.8
1133660 1929.8
1133670 1921.7
1133680 1909.1
1133690 1909.1
1133700 1901.2
1133710 1900.1
1133720 1900.1
1133730 1894.9
1133740 1881.8
1133750 1881.8
1133760 1870.6
1133770 1873.0
1133780 1873.0
1133790 1884.6
1133800 1887.4
1133810 1882.0
1133820 1882.0
1133830 1874.5
1133840 1868.5
1133850 1868.5
1133860 1861.1
1133870 1855.0
1133880 1855.0
1133890 1849.9
1133900 1846.5
1133910 1846.5
1133920 1844.3
1133930 1842.8
1133940 1842.8
1133950 1842.6
1133960 1836.8
1133970 1836.8
1133980 1835.4
1133990 1831.0
1134000 1825.2
1134010 1825.2
1134020 1819.1
1134030 1814.7
1134040 1814.7
1134050 1810.7
1134060 1807.2
1134070 1807.2
1134080 1804.1
1134090 1800.0
1134100 1800.0
1134110 1796.7
1134120 1793.4
1134130 1793.4
1134140 1791.7
1134150 1792.9
1134160 1792.9
1134170 1793.1
1134180 1788.1
1134190 1788.1
1134200 1783.0
1134210 1777.5
1134220 1774.0
1134230 1774.0
1134240 1771.5
1134250 1770.5
1134260 1770.5
1134270 1770.9
1134280 1770.7
1134290 1770.7
1134300 1769.4
1134310 1766.8
1134320 1760.2
1134330 1757.1
1134340 1753.8
1134350 1753.8
1134360 1751.5
1134370 1750.2
1134380 1750.2
1134390 1749.4
1134400 1749.1
1134410 1749.1
1134420 1749.1
1134430 1749.1
1134440 1748.8
1134450 1748.8
1134460 1748.0
1134470 1746.7
1134480 1746.7
1134490 1744.9
1134500 1742.1
1134510 1742.1
1134520 1739.0
1134530 1735.3
1134540 1735.3
1134550 1731.3
1134560 1727.6
1134570 1727.6
1134580 1725.5
1134590 1725.7
1134600 1725.7
1134610 1727.3
1134620 1728.7
1134630 1729.6
1134640 1729.6
1134650 1730.0
1134660 1729.3
1134670 1729.3
1134680 1722.6
1134690 1721.0
1134700 1721.0
1134710 1719.6
1134720 1717.8
1134730 1717.8
1134740 1716.0
1134750 1713.9
1134760 1713.9
1134770 1711.7
1134780 1709.8
1134790 1709.8
1134800 1707.7
1134810 1705.5
1134820 1705.5
1134830 1704.1
1134840 1703.6
1134850 1702.5
1134860 1702.5
1134870 1699.8
1134880 1697.8
1134890 1697.8
1134900 1698.1
1134910 1699.2
1134920 1699.2
1134930 1700.5
1134940 1702.3
1134950 1702.3
1134960 1704.1
1134970 1705.5
1134980 1705.5
1134990 1706.1
1135000 1705.2
1135010 1705.2
1135020 1704.9
1135030 1704.8
1135040 1703.6
1135050 1699.1
1135060 1697.9
1135070 1696.6
1135080 1696.6
1135090 1696.9
1135100 1697.2
1135110 1697.2
1135120 1696.7
1135130 1696.1
1135140 1696.1
1135150 1696.0
1135160 1696.4
1135170 1696.4
1135180 1696.8
1135190 1697.5
1135200 1697.5
1135210 1697.5
1135220 1697.4
1135230 1697.4
1135240 1697.3
1135250 1696.2
1135260 1695.2
1135270 1695.2
1135280 1693.9
1135290 1691.5
1135300 1691.5
1135310 1689.7
1135320 1688.5
1135330 1688.5
1135340 1687.0
1135350 1685.8
1135360 1685.8
1135370 1684.9
1135380 1682.3
1135390 1682.3
1135400 1677.7
1135410 1672.3
1135420 1672.3
1135430 1675.8
1135440 1675.5
1135450 1674.5
1135460 1674.5
1135470 1670.9
1135480 1662.5
1135490 1662.5
1135500 1658.8
1135510 1653.6
1135520 1653.6
1135530 1649.7
1135540 1648.6
1135550 1648.6
1135560 1648.5
1135570 1648.1
1135580 1648.1
1135590 1646.8
1135600 1645.1
1135610 1645.1
1135620 1643.9
1135630 1643.9
1135640 1643.9
1135650 1643.2
1135660 1642.1
1135670 1642.1
1135680 1642.1
1135690 1641.2
1135700 1639.8
1135710 1639.8
1135720 1638.5
1135730 1636.9
1135740 1636.9
1135750 1636.0
1135760 1635.0
1135770 1629.1
1135780 1629.0
1135790 1628.3
1135800 1628.3
1135810 1627.5
1135820 1626.9
1135830 1626.9
1135840 1626.0
1135850 1624.4
1135860 1624.4
1135870 1623.8
1135880 1622.4
1135890 1621.2
1135900 1621.2
1135910 1619.3
1135920 1617.8
1135930 1617.8
1135940 1617.1
1135950 1615.8
1135960 1615.8
1135970 1613.7
1135980 1612.1
1135990 1612.1
1136000 1610.4
1136010 1609.1
1136020 1609.1
1136030 1607.6
1136040 1605.8
1136050 1605.8
1136060 1603.6
1136070 1601.4
1136080 1599.5
1136090 1599.5
1136100 1598.4
1136110 1597.9
1136120 1597.9
1136130 1591.5
1136140 1589.5
1136150 1589.5
1136160 1587.8
1136170 1586.4
1136180 1586.4
1136190 1582.5
1136200 1578.0
1136210 1578.0
1136220 1575.1
1136230 1573.1
1136240 1573.1
1136250 1571.8
1136260 1569.9
1136270 1569.9
1136280 1567.8
1136290 1566.0
1136300 1564.1
1136310 1564.1
1136320 1564.3
1136330 1563.8
1136340 1563.8
1136350 1563.3
1136360 1563.0
1136370 1563.0
1136380 1562.2
1136390 1561.1
1136400 1561.1
1136410 1559.6
1136420 1558.1
1136430 1558.1
1136440 1556.6
1136450 1555.2
1136460 1555.2
1136470 1553.8
1136480 1552.7
1136490 1552.2
1136500 1549.3
1136510 1549.7
1136520 1548.6
1136530 1548.6
1136540 1546.9
1136550 1544.9
1136560 1544.9
1136570 1541.8
1136580 1540.1
1136590 1540.1
1136600 1540.1
1136610 1540.8
1136620 1540.8
1136630 1541.8
1136640 1542.2
1136650 1542.2
1136660 1541.1
1136670 1537.2
1136680 1537.2
1136690 1533.0
1136700 1527.9
1136710 1524.8
1136720 1524.8
1136730 1523.1
1136740 1525.4
1136750 1525.4
1136760 1526.5
1136770 1526.7
1136780 1526.7
1136790 1527.1
1136800 1527.2
1136810 1527.2
1136820 1527.4
1136830 1527.8
1136840 1527.8
1136850 1529.8
1136860 1540.9
1136870 1540.9
1136880 1546.2
1136890 1547.9
1136900 1548.6
1136910 1548.6
1136920 1549.2
1136930 1549.7
1136940 1549.7
1136950 1550.0
1136960 1550.4
1136970 1550.4
1136980 1550.9
1136990 1552.2
1137000 1552.2
1137010 1555.5
1137020 1559.4
1137030 1559.4
1137040 1563.4
1137050 1567.8
1137060 1567.8
1137070 1572.7
1137080 1578.2
1137090 1578.2
1137100 1583.8
1137110 1589.3
1137120 1594.9
1137130 1594.9
1137140 1600.8
1137150 1607.2
1137160 1607.2
1137170 1613.4
1137180 1619.8
1137190 1619.8
1137200 1625.6
1137210 1631.4
1137220 1631.4
1137230 1641.2
1137240 1646.9
1137250 1646.9
1137260 1651.5
1137270 1654.3
1137280 1654.3
1137290 1655.3
1137300 1656.6
1137310 1656.6
1137320 1659.3
1137330 1661.2
1137340 1662.5
1137350 1662.5
1137360 1663.6
1137370 1665.3
1137380 1665.3
1137390 1667.5
1137400 1669.7
1137410 1669.7
1137420 1671.9
1137430 1673.8
1137440 1673.8
1137450 1675.2
1137460 1676.5
1137470 1676.5
1137480 1678.2
1137490 1680.6
1137500 1680.6
1137510 1684.9
1137520 1689.6
1137530 1694.6
1137540 1694.6
1137550 1698.0
1137560 1695.9
1137570 1695.9
1137580 1695.3
1137590 1699.5
1137600 1699.5
1137610 1703.2
1137620 1706.8
1137630 1706.8
1137640 1710.1
1137650 1713.4
1137660 1713.4
1137670 1716.5
1137680 1719.5
1137690 1719.5
1137700 1722.2
1137710 1724.8
1137720 1724.8
1137730 1728.1
1137740 1731.2
1137750 1732.9
1137760 1732.9
1137770 1733.2
1137780 1733.6
1137790 1733.6
1137800 1734.1
1137810 1733.6
1137820 1733.6
1137830 1730.7
1137840 1725.3
1137850 1725.3
1137860 1723.4
1137870 1723.4
1137880 1723.4
1137890 1723.4
1137900 1723.2
1137910 1723.2
1137920 1724.6
1137930 1727.0
1137940 1728.1
1137950 1728.1
1137960 1736.2
1137970 1739.8
1137980 1739.8
1137990 1742.6
1138000 1744.8
1138010 1744.8
1138020 1746.5
1138030 1747.7
1138040 1747.7
1138050 1748.9
1138060 1750.8
1138070 1750.8
1138080 1753.5
1138090 1757.0
1138100 1757.0
1138110 1760.1
1138120 1762.6
1138130 1762.6
1138140 1764.4
1138150 1766.1
1138160 1767.6
1138170 1767.6
1138180 1769.7
1138190 1771.4
1138200 1771.4
1138210 1772.6
1138220 1773.4
1138230 1773.4
1138240 1773.1
1138250 1771.2
1138260 1771.2
1138270 1770.9
1138280 1772.7
1138290 1772.7
1138300 1774.6
1138310 1775.9
1138320 1779.6
1138330 1780.5
1138340 1781.2
1138350 1781.8
1138360 1781.8
1138370 1782.0
1138380 1782.2
1138390 1782.2
1138400 1781.8
1138410 1780.6
1138420 1780.6
1138430 1780.9
1138440 1782.2
1138450 1782.2
1138460 1783.1
1138470 1784.1
1138480 1784.1
1138490 1784.9
1138500 1785.8
1138510 1785.8
1138520 1786.0
1138530 1787.7
1138540 1787.7
1138550 1790.2
1138560 1792.8
1138570 1795.3
1138580 1795.3
1138590 1797.9
1138600 1800.3
1138610 1800.3
1138620 1802.6
1138630 1804.9
1138640 1804.9
1138650 1807.1
1138660 1808.7
1138670 1808.7
1138680 1809.6
1138690 1817.2
1138700 1817.2
1138710 1816.3
1138720 1813.7
1138730 1813.7
1138740 1810.4
1138750 1809.5
1138760 1809.5
1138770 1808.9
1138780 1809.2
1138790 1810.4
1138800 1810.4
1138810 1811.8
1138820 1813.6
1138830 1813.6
1138840 1814.9
1138850 1814.7
1138860 1814.7
1138870 1813.7
1138880 1811.3
1138890 1811.3
1138900 1808.4
1138910 1805.3
1138920 1805.3
1138930 1798.4
1138940 1792.3
1138950 1792.3
1138960 1789.6
1138970 1787.9
1138980 1787.0
1138990 1787.0
1139000 1785.7
1139010 1784.0
1139020 1784.0
1139030 1781.4
1139040 1779.4
1139050 1784.9
1139060 1781.6
1139070 1776.9
1139080 1776.9
1139090 1773.6
1139100 1772.3
1139110 1772.3
1139120 1771.4
1139130 1769.0
1139140 1769.0
1139150 1765.2
1139160 1760.8
1139170 1760.8
1139180 1755.3
1139190 1749.7
1139200 1745.1
1139210 1745.1
1139220 1741.0
1139230 1736.6
1139240 1736.6
1139250 1731.3
1139260 1725.7
1139270 1725.7
1139280 1719.7
1139290 1713.0
1139300 1713.0
1139310 1706.6
1139320 1700.5
1139330 1700.5
1139340 1693.9
1139350 1686.3
1139360 1686.3
1139370 1679.0
1139380 1674.7
1139390 1672.9
1139400 1672.9
1139410 1669.7
1139420 1667.3
1139430 1667.3
1139440 1662.4
1139450 1657.0
1139460 1657.0
1139470 1653.0
1139480 1649.4
1139490 1649.4
1139500 1645.9
1139510 1638.8
1139520 1638.8
1139530 1630.5
1139540 1623.3
1139550 1623.3
1139560 1621.2
1139570 1630.4
1139580 1630.4
1139590 1644.3
1139600 1654.7
1139610 1662.7
1139620 1662.7
1139630 1671.3
1139640 1680.3
1139650 1680.3
1139660 1689.3
1139670 1697.6
1139680 1697.6
1139690 1706.3
1139700 1713.7
1139710 1713.7
1139720 1721.4
1139730 1729.7
1139740 1729.7
1139750 1736.9
1139760 1740.5
1139770 1740.5
1139780 1741.8
1139790 1745.0
1139800 1745.9
1139810 1745.9
1139820 1747.3
1139830 1749.5
1139840 1749.5
1139850 1748.1
1139860 1739.0
1139870 1739.0
1139880 1731.6
1139890 1724.7
1139900 1724.7
1139910 1718.7
1139920 1713.0
1139930 1713.0
1139940 1707.9
1139950 1704.1
1139960 1704.1
1139970 1701.8
1139980 1702.9
1139990 1702.9
