1120000 2198.8
1120010 2198.4
1120020 2198.4
1120030 2198.7
1120040 2199.8
1120050 2199.8
1120060 2201.1
1120070 2202.7
1120080 2202.7
1120090 2204.4
1120100 2206.2
1120110 2206.2
1120120 2208.9
1120130 2211.4
1120140 2211.4
1120150 2211.1
1120160 2212.1
1120170 2212.1
1120180 2213.3
1120190 2214.6
1120200 2216.5
1120210 2216.5
1120220 2217.5
1120230 2218.0
1120240 2218.0
1120250 2218.9
1120260 2220.6
1120270 2217.9
1120280 2217.9
1120290 2219.3
1120300 2219.3
1120310 2222.1
1120320 2225.0
1120330 2225.0
1120340 2227.8
1120350 2229.9
1120360 2229.9
1120370 2233.0
1120380 2236.4
1120390 2236.4
1120400 2238.7
1120410 2240.6
1120420 2242.6
1120430 2242.6
1120440 2245.0
1120450 2247.6
1120460 2247.6
1120470 2250.1
1120480 2252.0
1120490 2252.0
1120500 2253.5
1120510 2255.1
1120520 2255.1
1120530 2255.5
1120540 2254.7
1120550 2254.7
1120560 2254.5
1120570 2255.2
1120580 2255.2
1120590 2255.1
1120600 2254.5
1120610 2254.2
1120620 2247.7
1120630 2248.2
1120640 2248.4
1120650 2248.4
1120660 2248.6
1120670 2249.0
1120680 2249.0
1120690 2249.3
1120700 2248.8
1120710 2248.8
1120720 2248.8
1120730 2249.3
1120740 2249.3
1120750 2249.1
1120760 2249.4
1120770 2249.4
1120780 2250.0
1120790 2249.8
1120800 2249.8
1120810 2249.3
1120820 2249.4
1120830 2250.0
1120840 2250.0
1120850 2250.3
1120860 2250.9
1120870 2250.9
1120880 2251.6
1120890 2251.8
1120900 2251.8
1120910 2251.8
1120920 2251.4
1120930 2251.4
1120940 2251.7
1120950 2251.2
1120960 2251.2
1120970 2249.8
1120980 2252.4
1120990 2252.4
1121000 2253.1
1121010 2251.7
1121020 2251.7
1121030 2248.3
1121040 2243.8
1121050 2240.3
1121060 2240.3
1121070 2239.3
1121080 2239.2
1121090 2239.2
1121100 2238.9
1121110 2238.3
1121120 2238.3
1121130 2238.0
1121140 2237.9
1121150 2237.9
1121160 2238.3
1121170 2238.7
1121180 2238.7
1121190 2239.6
1121200 2241.3
1121210 2241.3
1121220 2242.5
1121230 2242.8
1121240 2243.9
1121250 2243.9
1121260 2245.3
1121270 2246.9
1121280 2246.9
1121290 2248.7
1121300 2250.4
1121310 2250.4
1121320 2251.4
1121330 2253.2
1121340 2253.2
1121350 2255.0
1121360 2256.2
1121370 2256.2
1121380 2257.3
1121390 2258.9
1121400 2258.9
1121410 2260.0
1121420 2260.8
1121430 2260.8
1121440 2261.8
1121450 2263.0
1121460 2263.7
1121470 2263.7
1121480 2264.8
1121490 2265.8
1121500 2265.8
1121510 2266.9
1121520 2268.1
1121530 2268.1
1121540 2269.4
1121550 2271.3
1121560 2271.3
1121570 2273.0
1121580 2274.4
1121590 2274.4
1121600 2275.5
1121610 2276.6
1121620 2276.6
1121630 2277.1
1121640 2278.0
1121650 2278.0
1121660 2280.1
1121670 2278.5
1121680 2279.7
1121690 2279.7
1121700 2281.2
1121710 2282.8
1121720 2282.8
1121730 2284.7
1121740 2286.9
1121750 2286.9
1121760 2288.8
1121770 2290.6
1121780 2290.6
1121790 2292.1
1121800 2293.6
1121810 2293.6
1121820 2295.3
1121830 2297.0
1121840 2297.0
1121850 2299.6
1121860 2302.1
1121870 2303.8
1121880 2303.8
1121890 2305.8
1121900 2307.5
1121910 2307.5
1121920 2309.3
1121930 2310.9
1121940 2310.9
1121950 2311.6
1121960 2312.1
1121970 2312.1
1121980 2313.2
1121990 2314.8
1122000 2314.8
1122010 2316.7
1122020 2314.0
1122030 2314.0
1122040 2316.9
1122050 2320.7
1122060 2320.7
1122070 2325.0
1122080 2327.8
1122090 2330.3
1122100 2330.3
1122110 2332.1
1122120 2333.2
1122130 2333.2
1122140 2334.7
1122150 2336.8
1122160 2336.8
1122170 2337.7
1122180 2338.4
1122190 2338.4
1122200 2339.6
1122210 2341.3
1122220 2341.3
1122230 2342.8
1122240 2344.9
1122250 2344.9
1122260 2348.5
1122270 2352.5
1122280 2356.4
1122290 2356.4
1122300 2359.7
1122310 2362.4
1122320 2362.4
1122330 2364.8
1122340 2366.9
1122350 2366.9
1122360 2365.4
1122370 2367.7
1122380 2367.7
1122390 2371.0
1122400 2374.0
1122410 2374.0
1122420 2376.5
1122430 2378.7
1122440 2378.7
1122450 2380.9
1122460 2383.0
1122470 2383.0
1122480 2385.5
1122490 2387.5
1122500 2389.8
1122510 2389.8
1122520 2393.4
1122530 2397.7
1122540 2397.7
1122550 2401.6
1122560 2405.2
1122570 2405.2
1122580 2409.2
1122590 2413.3
1122600 2413.3
1122610 2417.2
1122620 2419.8
1122630 2419.8
1122640 2421.2
1122650 2421.9
1122660 2421.9
1122670 2421.3
1122680 2415.8
1122690 2415.8
1122700 2409.7
1122710 2399.7
1122720 2393.8
1122730 2393.8
1122740 2388.6
1122750 2383.6
1122760 2383.6
1122770 2378.7
1122780 2374.5
1122790 2374.5
1122800 2371.5
1122810 2369.4
1122820 2369.4
1122830 2366.2
1122840 2363.7
1122850 2363.7
1122860 2360.4
1122870 2358.0
1122880 2358.0
1122890 2356.8
1122900 2354.9
1122910 2352.2
1122920 2352.2
1122930 2350.0
1122940 2348.1
1122950 2348.1
1122960 2346.7
1122970 2344.7
1122980 2344.7
1122990 2345.3
1123000 2346.7
1123010 2346.7
1123020 2346.9
1123030 2346.5
1123040 2346.5
1123050 2344.3
1123060 2340.8
1123070 2340.8
1123080 2338.3
1123090 2336.3
1123100 2336.3
1123110 2333.2
1123120 2329.5
1123130 2326.6
1123140 2326.6
1123150 2323.2
1123160 2318.4
1123170 2318.4
1123180 2315.7
1123190 2312.4
1123200 2312.4
1123210 2308.1
1123220 2303.2
1123230 2303.2
1123240 2298.1
1123250 2293.6
1123260 2293.6
1123270 2289.4
1123280 2285.0
1123290 2285.0
1123300 2281.0
1123310 2277.4
1123320 2277.4
1123330 2274.3
1123340 2271.7
1123350 2269.5
1123360 2269.5
1123370 2267.4
1123380 2264.3
1123390 2264.3
1123400 2259.8
1123410 2254.4
1123420 2254.4
1123430 2250.2
1123440 2246.7
1123450 2246.7
1123460 2242.1
1123470 2236.4
1123480 2236.4
1123490 2232.6
1123500 2229.1
1123510 2229.1
1123520 2226.0
1123530 2222.7
1123540 2219.3
1123550 2219.3
1123560 2217.0
1123570 2215.9
1123580 2215.9
1123590 2217.0
1123600 2219.7
1123610 2219.7
1123620 2223.2
1123630 2226.0
1123640 2226.0
1123650 2228.4
1123660 2230.3
1123670 2230.3
1123680 2232.0
1123690 2230.9
1123700 2230.9
1123710 2226.2
1123720 2219.9
1123730 2219.9
1123740 2210.5
1123750 2200.3
1123760 2190.5
1123770 2189.0
1123780 2183.2
1123790 2178.2
1123800 2178.2
1123810 2175.1
1123820 2172.1
1123830 2172.1
1123840 2171.3
1123850 2172.5
1123860 2172.5
1123870 2173.5
1123880 2173.4
1123890 2173.4
1123900 2173.0
1123910 2172.6
1123920 2172.6
1123930 2171.9
1123940 2171.4
1123950 2171.4
1123960 2171.4
1123970 2171.1
1123980 2170.0
1123990 2170.0
1124000 2171.8
1124010 2175.7
1124020 2175.7
1124030 2177.3
1124040 2176.3
1124050 2176.3
1124060 2172.9
1124070 2167.5
1124080 2167.5
1124090 2162.2
1124100 2157.7
1124110 2157.7
1124120 2154.5
1124130 2149.4
1124140 2149.4
1124150 2145.7
1124160 2140.6
1124170 2130.0
1124180 2130.0
1124190 2108.8
1124200 2095.6
1124210 2095.6
1124220 2091.5
1124230 2090.9
1124240 2090.9
1124250 2089.4
1124260 2083.6
1124270 2083.6
1124280 2068.9
1124290 2052.0
1124300 2052.0
1124310 2031.2
1124320 2018.0
1124330 2018.0
1124340 2005.5
1124350 1988.1
1124360 1988.1
1124370 1978.5
1124380 1971.5
1124390 1964.8
1124400 1964.8
1124410 1958.0
1124420 1951.2
1124430 1951.2
1124440 1944.9
1124450 1938.9
1124460 1938.9
1124470 1931.9
1124480 1926.8
1124490 1926.8
1124500 1921.7
1124510 1917.1
1124520 1917.1
1124530 1912.6
1124540 1907.1
1124550 1907.1
1124560 1902.0
1124570 1897.9
1124580 1893.7
1124590 1893.7
1124600 1887.1
1124610 1882.7
1124620 1882.7
1124630 1878.7
1124640 1874.1
1124650 1874.1
1124660 1872.9
1124670 1874.5
1124680 1874.5
1124690 1877.5
1124700 1879.7
1124710 1879.7
1124720 1882.4
1124730 1884.9
1124740 1884.9
1124750 1886.6
1124760 1888.3
1124770 1888.3
1124780 1890.7
1124790 1893.8
1124800 1896.9
1124810 1896.9
1124820 1899.6
1124830 1902.7
1124840 1902.7
1124850 1905.6
1124860 1907.2
1124870 1907.2
1124880 1909.0
1124890 1911.4
1124900 1911.4
1124910 1912.2
1124920 1912.4
1124930 1912.4
1124940 1912.0
1124950 1910.7
1124960 1910.7
1124970 1909.6
1124980 1908.0
1124990 1908.0
1125000 1905.2
1125010 1903.2
1125020 1903.7
1125030 1903.7
1125040 1907.8
1125050 1909.7
1125060 1909.7
1125070 1911.7
1125080 1914.8
1125090 1914.8
1125100 1920.8
1125110 1928.3
1125120 1928.3
1125130 1935.7
1125140 1942.7
1125150 1942.7
1125160 1947.3
1125170 1949.7
1125180 1949.7
1125190 1954.5
1125200 1959.1
1125210 1962.1
1125220 1962.1
1125230 1964.8
1125240 1966.8
1125250 1966.8
1125260 1970.4
1125270 1974.7
1125280 1974.7
1125290 1979.1
1125300 1983.6
1125310 1983.6
1125320 1987.6
1125330 1992.2
1125340 1992.2
1125350 1998.9
1125360 2003.7
1125370 2003.7
1125380 2008.4
1125390 2013.4
1125400 2013.4
1125410 2018.4
1125420 2023.2
1125430 2028.1
1125440 2028.1
1125450 2033.0
1125460 2037.7
1125470 2037.7
1125480 2042.8
1125490 2048.1
1125500 2048.1
1125510 2054.3
1125520 2053.9
1125530 2053.9
1125540 2060.1
1125550 2067.1
1125560 2067.1
1125570 2072.3
1125580 2076.4
1125590 2076.4
1125600 2082.1
1125610 2091.3
1125620 2091.3
1125630 2099.8
1125640 2107.5
1125650 2114.7
1125660 2114.7
1125670 2120.4
1125680 2127.4
1125690 2127.4
1125700 2135.0
1125710 2141.8
1125720 2141.8
1125730 2149.9
1125740 2159.7
1125750 2159.7
1125760 2169.4
1125770 2173.8
1125780 2173.8
1125790 2171.3
1125800 2172.5
1125810 2172.5
1125820 2174.2
1125830 2183.3
1125840 2189.5
1125850 2189.5
1125860 2194.2
1125870 2200.5
1125880 2188.0
1125890 2199.8
1125900 2206.8
1125910 2206.8
1125920 2213.5
1125930 2213.8
1125940 2213.8
1125950 2215.9
1125960 2223.2
1125970 2223.2
1125980 2231.8
1125990 2240.6
1126000 2240.6
1126010 2247.6
1126020 2252.0
1126030 2252.0
1126040 2254.8
1126050 2257.9
1126060 2261.2
1126070 2261.2
1126080 2264.3
1126090 2266.9
1126100 2266.9
1126110 2270.0
1126120 2273.0
1126130 2273.0
1126140 2275.2
1126150 2276.6
1126160 2276.6
1126170 2277.4
1126180 2277.9
1126190 2277.9
1126200 2278.0
1126210 2276.6
1126220 2276.6
1126230 2269.0
1126240 2269.6
1126250 2269.6
1126260 2272.1
1126270 2273.4
1126280 2271.1
1126290 2271.1
1126300 2270.0
1126310 2268.2
1126320 2268.2
1126330 2265.6
1126340 2265.3
1126350 2265.3
1126360 2265.1
1126370 2264.7
1126380 2264.7
1126390 2264.9
1126400 2265.2
1126410 2265.2
1126420 2265.8
1126430 2267.1
1126440 2267.1
1126450 2269.3
1126460 2272.0
1126470 2273.7
1126480 2273.7
1126490 2273.7
1126500 2273.6
1126510 2273.6
1126520 2275.8
1126530 2274.1
1126540 2274.1
1126550 2274.1
1126560 2278.4
1126570 2278.4
1126580 2274.6
1126590 2275.2
1126600 2275.2
1126610 2272.0
1126620 2264.8
1126630 2264.8
1126640 2264.1
1126650 2268.5
1126660 2268.5
1126670 2274.6
1126680 2277.6
1126690 2277.7
1126700 2277.7
1126710 2276.9
1126720 2275.5
1126730 2275.5
1126740 2275.7
1126750 2275.7
1126760 2275.7
1126770 2277.3
1126780 2277.7
1126790 2277.7
1126800 2276.7
1126810 2277.9
1126820 2277.9
1126830 2277.8
1126840 2275.2
1126850 2275.2
1126860 2277.8
1126870 2281.9
1126880 2284.0
1126890 2284.0
1126900 2285.7
1126910 2286.1
1126920 2286.1
1126930 2283.2
1126940 2277.5
1126950 2277.5
1126960 2276.3
1126970 2277.1
1126980 2277.1
1126990 2279.0
1127000 2281.5
1127010 2281.5
1127020 2282.4
1127030 2283.6
1127040 2283.6
1127050 2286.3
1127060 2287.0
1127070 2287.0
1127080 2282.6
1127090 2276.8
1127100 2273.5
1127110 2273.5
1127120 2273.6
1127130 2273.6
1127140 2273.6
1127150 2272.9
1127160 2271.0
1127170 2271.0
1127180 2269.1
1127190 2265.6
1127200 2265.6
1127210 2262.8
1127220 2258.9
1127230 2258.9
1127240 2254.8
1127250 2252.1
1127260 2252.1
1127270 2250.3
1127280 2247.0
1127290 2239.2
1127300 2238.7
1127310 2240.1
1127320 2242.3
1127330 2242.3
1127340 2243.4
1127350 2242.7
1127360 2242.7
1127370 2241.8
1127380 2241.5
1127390 2241.5
1127400 2242.2
1127410 2243.8
1127420 2243.8
1127430 2244.4
1127440 2245.1
1127450 2245.1
1127460 2243.3
1127470 2242.4
1127480 2242.4
1127490 2243.1
1127500 2245.0
1127510 2246.2
1127520 2246.2
1127530 2244.5
1127540 2244.9
1127550 2244.9
1127560 2245.1
1127570 2244.7
1127580 2244.7
1127590 2242.6
1127600 2241.0
1127610 2241.0
1127620 2239.6
1127630 2238.6
1127640 2238.6
1127650 2234.2
1127660 2235.2
1127670 2235.2
1127680 2235.3
1127690 2235.3
1127700 2235.3
1127710 2234.5
1127720 2233.9
1127730 2234.0
1127740 2234.0
1127750 2233.5
1127760 2232.6
1127770 2232.6
1127780 2231.7
1127790 2230.9
1127800 2230.9
1127810 2229.8
1127820 2227.7
1127830 2227.7
1127840 2224.6
1127850 2222.7
1127860 2222.7
1127870 2221.8
1127880 2219.9
1127890 2219.9
1127900 2217.7
1127910 2213.9
1127920 2213.9
1127930 2212.0
1127940 2211.1
1127950 2210.4
1127960 2210.4
1127970 2212.0
1127980 2212.6
1127990 2212.6
1128000 2202.6
1128010 2198.4
1128020 2198.4
1128030 2196.8
1128040 2196.2
1128050 2196.2
1128060 2197.1
1128070 2197.5
1128080 2197.5
1128090 2197.3
1128100 2195.9
1128110 2195.9
1128120 2198.2
1128130 2199.6
1128140 2200.6
1128150 2200.6
1128160 2200.9
1128170 2198.3
1128180 2198.3
1128190 2199.9
1128200 2203.1
1128210 2203.1
1128220 2206.1
1128230 2206.3
1128240 2206.3
1128250 2207.1
1128260 2207.1
1128270 2207.1
1128280 2204.3
1128290 2207.1
1128300 2207.1
1128310 2209.5
1128320 2212.7
1128330 2212.7
1128340 2216.5
1128350 2219.4
1128360 2212.3
1128370 2212.3
1128380 2209.2
1128390 2207.9
1128400 2207.9
1128410 2210.9
1128420 2213.0
1128430 2213.0
1128440 2212.7
1128450 2206.8
1128460 2206.8
1128470 2205.4
1128480 2204.6
1128490 2204.6
1128500 2203.7
1128510 2204.8
1128520 2204.8
1128530 2206.1
1128540 2206.2
1128550 2207.9
1128560 2207.9
1128570 2209.6
1128580 2210.5
1128590 2210.5
1128600 2211.1
1128610 2211.5
1128620 2211.5
1128630 2212.8
1128640 2214.7
1128650 2214.7
1128660 2217.8
1128670 2221.4
1128680 2221.4
1128690 2224.4
1128700 2227.0
1128710 2223.1
1128720 2224.7
1128730 2225.9
1128740 2225.9
1128750 2227.3
1128760 2228.8
1128770 2230.0
1128780 2230.0
1128790 2230.7
1128800 2231.1
1128810 2231.1
1128820 2231.6
1128830 2231.8
1128840 2231.8
1128850 2232.5
1128860 2234.5
1128870 2234.5
1128880 2237.5
1128890 2241.1
1128900 2241.1
1128910 2243.5
1128920 2244.8
1128930 2244.8
1128940 2247.8
1128950 2251.6
1128960 2251.6
1128970 2256.0
1128980 2260.1
1128990 2262.8
1129000 2262.8
1129010 2264.3
1129020 2265.9
1129030 2265.9
1129040 2269.3
1129050 2273.9
1129060 2273.9
1129070 2275.4
1129080 2280.1
1129090 2280.1
1129100 2285.4
1129110 2291.5
1129120 2291.5
1129130 2299.7
1129140 2307.4
1129150 2307.4
1129160 2315.7
1129170 2324.0
1129180 2332.3
1129190 2332.3
1129200 2337.6
1129210 2337.3
1129220 2337.3
1129230 2342.8
1129240 2350.9
1129250 2350.9
1129260 2355.0
1129270 2354.6
1129280 2354.6
1129290 2352.6
1129300 2351.9
1129310 2351.9
1129320 2352.4
1129330 2352.7
1129340 2352.7
1129350 2354.9
1129360 2360.5
1129370 2360.5
1129380 2362.4
1129390 2361.6
1129400 2361.1
1129410 2361.1
1129420 2358.7
1129430 2359.4
1129440 2359.4
1129450 2361.4
1129460 2362.9
1129470 2362.9
1129480 2365.6
1129490 2367.8
1129500 2367.8
1129510 2369.4
1129520 2369.3
1129530 2369.3
1129540 2370.2
1129550 2370.0
1129560 2370.0
1129570 2371.2
1129580 2372.0
1129590 2372.0
1129600 2373.7
1129610 2375.2
1129620 2376.6
1129630 2376.6
1129640 2378.8
1129650 2382.3
1129660 2382.3
1129670 2386.3
1129680 2388.7
1129690 2388.7
1129700 2389.1
1129710 2389.2
1129720 2389.2
1129730 2389.3
1129740 2390.0
1129750 2390.0
1129760 2391.5
1129770 2393.7
1129780 2393.7
1129790 2397.5
1129800 2400.9
1129810 2403.7
1129820 2403.7
1129830 2406.7
1129840 2410.2
1129850 2410.2
1129860 2412.4
1129870 2414.8
1129880 2414.8
1129890 2416.3
1129900 2417.0
1129910 2417.0
1129920 2417.8
1129930 2419.1
1129940 2419.1
1129950 2419.9
1129960 2421.0
1129970 2421.0
1129980 2422.5
1129990 2424.4
1130000 2424.4
1130010 2426.6
1130020 2428.9
1130030 2431.2
1130040 2431.2
1130050 2434.0
1130060 2436.7
1130070 2436.7
1130080 2439.2
1130090 2441.8
1130100 2441.8
1130110 2444.4
1130120 2447.0
1130130 2447.0
1130140 2450.9
1130150 2452.8
1130160 2452.8
1130170 2455.0
1130180 2457.7
1130190 2457.7
1130200 2460.6
1130210 2463.6
1130220 2466.4
1130230 2466.4
1130240 2469.3
1130250 2471.9
1130260 2471.9
1130270 2474.6
1130280 2477.1
1130290 2477.1
1130300 2479.6
1130310 2483.0
1130320 2483.0
1130330 2486.7
1130340 2490.3
1130350 2490.3
1130360 2494.3
1130370 2498.6
1130380 2498.6
1130390 2503.6
1130400 2509.9
1130410 2509.9
1130420 2515.9
1130430 2520.5
1130440 2524.1
1130450 2524.1
1130460 2527.6
1130470 2531.3
1130480 2531.3
1130490 2536.1
1130500 2541.2
1130510 2541.2
1130520 2546.4
1130530 2552.0
1130540 2552.0
1130550 2557.9
1130560 2563.6
1130570 2563.6
1130580 2569.7
1130590 2576.0
1130600 2576.0
1130610 2582.4
1130620 2588.6
1130630 2588.6
1130640 2594.2
1130650 2599.1
1130660 2603.6
1130670 2603.6
1130680 2608.6
1130690 2615.0
1130700 2615.0
1130710 2622.4
1130720 2630.9
1130730 2630.9
1130740 2638.2
1130750 2654.2
1130760 2654.2
1130770 2670.0
1130780 2674.8
1130790 2674.8
1130800 2681.8
1130810 2695.4
1130820 2695.4
1130830 2707.6
1130840 2715.2
1130850 2719.7
1130860 2719.7
1130870 2717.5
1130880 2714.0
1130890 2714.0
1130900 2709.8
1130910 2706.6
1130920 2706.6
1130930 2705.1
1130940 2704.7
1130950 2704.7
1130960 2705.3
1130970 2705.5
1130980 2705.5
1130990 2705.3
1131000 2705.1
1131010 2705.1
1131020 2704.2
1131030 2703.6
1131040 2703.6
1131050 2703.7
1131060 2704.1
1131070 2703.9
1131080 2703.9
1131090 2703.5
1131100 2702.9
1131110 2702.9
1131120 2701.6
1131130 2699.8
1131140 2699.8
1131150 2698.0
1131160 2695.8
1131170 2695.8
1131180 2693.5
1131190 2690.1
1131200 2690.1
1131210 2687.1
1131220 2683.1
1131230 2683.1
1131240 2679.3
1131250 2675.6
1131260 2675.6
1131270 2673.7
1131280 2674.4
1131290 2675.5
1131300 2675.5
1131310 2678.2
1131320 2680.2
1131330 2680.2
1131340 2677.9
1131350 2671.1
1131360 2671.1
1131370 2659.1
1131380 2645.1
1131390 2645.1
1131400 2636.5
1131410 2630.0
1131420 2630.0
1131430 2624.5
1131440 2620.0
1131450 2620.0
1131460 2616.2
1131470 2612.5
1131480 2609.5
1131490 2609.5
1131500 2607.0
1131510 2604.9
1131520 2604.9
1131530 2603.9
1131540 2603.2
1131550 2603.2
1131560 2602.8
1131570 2605.7
1131580 2605.7
1131590 2605.2
1131600 2604.4
1131610 2604.4
1131620 2603.7
1131630 2603.3
1131640 2603.3
1131650 2603.0
1131660 2602.4
1131670 2602.4
1131680 2601.8
1131690 2600.9
1131700 2601.0
1131710 2601.0
1131720 2601.8
1131730 2602.3
1131740 2602.3
1131750 2603.0
1131760 2603.7
1131770 2603.7
1131780 2604.2
1131790 2605.1
1131800 2605.1
1131810 2605.6
1131820 2605.1
1131830 2605.1
1131840 2604.0
1131850 2602.2
1131860 2602.2
1131870 2600.2
1131880 2598.4
1131890 2598.4
1131900 2597.3
1131910 2597.2
1131920 2597.3
1131930 2597.3
1131940 2598.6
1131950 2600.9
1131960 2600.9
1131970 2604.1
1131980 2607.2
1131990 2607.2
1132000 2610.3
1132010 2613.5
1132020 2613.5
1132030 2617.3
1132040 2620.0
1132050 2620.0
1132060 2621.8
1132070 2623.5
1132080 2623.5
1132090 2625.0
1132100 2627.4
1132110 2629.7
1132120 2629.7
1132130 2631.1
1132140 2632.0
1132150 2632.0
1132160 2633.3
1132170 2635.3
1132180 2635.3
1132190 2638.0
1132200 2639.3
1132210 2639.3
1132220 2639.7
1132230 2640.4
1132240 2640.4
1132250 2641.4
1132260 2642.6
1132270 2642.6
1132280 2644.4
1132290 2647.4
1132300 2647.4
1132310 2648.7
1132320 2649.8
1132330 2650.8
1132340 2650.8
1132350 2651.9
1132360 2653.9
1132370 2653.9
1132380 2656.2
1132390 2657.5
1132400 2657.5
1132410 2657.9
1132420 2657.7
1132430 2657.7
1132440 2658.9
1132450 2660.3
1132460 2660.3
1132470 2661.9
1132480 2662.6
1132490 2662.6
1132500 2663.4
1132510 2663.7
1132520 2661.3
1132530 2661.3
1132540 2658.9
1132550 2656.1
1132560 2656.1
1132570 2653.7
1132580 2652.7
1132590 2652.7
1132600 2651.9
1132610 2651.7
1132620 2651.7
1132630 2651.9
1132640 2652.4
1132650 2654.9
1132660 2655.9
1132670 2658.0
1132680 2658.0
1132690 2659.9
1132700 2660.6
1132710 2660.6
1132720 2662.8
1132730 2666.6
1132740 2670.2
1132750 2670.2
1132760 2674.0
1132770 2678.3
1132780 2678.3
1132790 2682.9
1132800 2686.4
1132810 2686.4
1132820 2690.4
1132830 2695.6
1132840 2695.6
1132850 2700.1
1132860 2704.1
1132870 2704.1
1132880 2704.9
1132890 2696.6
1132900 2696.6
1132910 2686.1
1132920 2674.0
1132930 2674.0
1132940 2664.2
1132950 2658.5
1132960 2652.5
1132970 2652.5
1132980 2643.9
1132990 2635.1
1133000 2635.1
1133010 2623.3
1133020 2617.9
1133030 2617.9
1133040 2612.5
1133050 2607.3
1133060 2607.3
1133070 2602.3
1133080 2597.0
1133090 2597.0
1133100 2592.0
1133110 2588.4
1133120 2588.4
1133130 2585.7
1133140 2583.0
1133150 2581.2
1133160 2581.2
1133170 2579.7
1133180 2578.4
1133190 2578.4
1133200 2578.0
1133210 2577.7
1133220 2577.7
1133230 2573.7
1133240 2569.6
1133250 2569.6
1133260 2564.3
1133270 2558.4
1133280 2558.4
1133290 2552.8
1133300 2547.1
1133310 2547.1
1133320 2541.9
1133330 2537.2
1133340 2537.2
1133350 2533.5
1133360 2530.1
1133370 2529.3
1133380 2529.3
1133390 2523.6
1133400 2517.5
1133410 2517.5
1133420 2510.7
1133430 2505.6
1133440 2505.6
1133450 2502.6
1133460 2500.4
1133470 2500.4
1133480 2500.4
1133490 2500.5
1133500 2500.5
1133510 2501.1
1133520 2504.8
1133530 2504.8
1133540 2504.3
1133550 2500.1
1133560 2500.1
1133570 2497.1
1133580 2493.8
1133590 2489.4
1133600 2489.4
1133610 2484.2
1133620 2478.4
1133630 2478.4
1133640 2472.8
1133650 2466.8
1133660 2466.8
1133670 2460.9
1133680 2455.3
1133690 2455.3
1133700 2452.0
1133710 2451.6
1133720 2451.6
1133730 2446.1
1133740 2446.1
1133750 2446.1
1133760 2447.0
1133770 2447.7
1133780 2449.9
1133790 2449.9
1133800 2452.2
1133810 2455.8
1133820 2455.8
1133830 2461.4
1133840 2465.0
1133850 2465.0
1133860 2468.8
1133870 2475.5
1133880 2475.5
1133890 2481.5
1133900 2488.1
1133910 2488.1
1133920 2494.4
1133930 2500.6
1133940 2500.6
1133950 2507.2
1133960 2512.1
1133970 2512.1
1133980 2515.8
1133990 2517.0
1134000 2513.6
1134010 2513.6
1134020 2508.5
1134030 2503.0
1134040 2503.0
1134050 2498.3
1134060 2494.3
1134070 2494.3
1134080 2491.0
1134090 2488.1
1134100 2488.1
1134110 2486.6
1134120 2484.5
1134130 2484.5
1134140 2481.2
1134150 2477.2
1134160 2477.2
1134170 2473.0
1134180 2467.8
1134190 2463.5
1134200 2463.5
1134210 2460.1
1134220 2457.5
1134230 2457.5
1134240 2455.1
1134250 2453.1
1134260 2453.1
1134270 2451.4
1134280 2449.9
1134290 2449.9
1134300 2447.5
1134310 2444.6
1134320 2444.6
1134330 2442.1
1134340 2439.2
1134350 2439.2
1134360 2435.6
1134370 2432.1
1134380 2432.1
1134390 2428.7
1134400 2425.6
1134410 2423.5
1134420 2423.5
1134430 2422.6
1134440 2421.5
1134450 2414.8
1134460 2413.7
1134470 2413.5
1134480 2413.5
1134490 2415.2
1134500 2414.8
1134510 2414.8
1134520 2417.1
1134530 2418.3
1134540 2418.3
1134550 2416.1
1134560 2413.0
1134570 2413.0
1134580 2409.8
1134590 2406.7
1134600 2406.7
1134610 2404.3
1134620 2402.1
1134630 2399.7
1134640 2399.7
1134650 2396.7
1134660 2393.5
1134670 2393.5
1134680 2390.2
1134690 2388.0
1134700 2388.0
1134710 2385.7
1134720 2383.0
1134730 2383.0
1134740 2380.9
1134750 2379.0
1134760 2379.0
1134770 2377.1
1134780 2375.2
1134790 2375.2
1134800 2373.8
1134810 2365.5
1134820 2363.3
1134830 2363.3
1134840 2361.4
1134850 2358.8
1134860 2358.8
1134870 2356.1
1134880 2352.4
1134890 2352.4
1134900 2348.1
1134910 2344.4
1134920 2344.4
1134930 2341.0
1134940 2338.1
1134950 2338.1
1134960 2335.5
1134970 2333.3
1134980 2333.3
1134990 2331.5
1135000 2329.8
1135010 2329.8
1135020 2327.3
1135030 2324.4
1135040 2321.5
1135050 2321.5
1135060 2317.7
1135070 2314.2
1135080 2314.2
1135090 2311.3
1135100 2309.6
1135110 2309.6
1135120 2307.6
1135130 2305.6
1135140 2305.6
1135150 2303.4
1135160 2300.8
1135170 2300.8
1135180 2291.7
1135190 2288.7
1135200 2288.7
1135210 2286.9
1135220 2284.8
1135230 2284.8
1135240 2282.5
1135250 2280.4
1135260 2278.4
1135270 2278.4
1135280 2275.7
1135290 2273.4
1135300 2273.4
1135310 2271.8
1135320 2270.3
1135330 2270.3
1135340 2269.2
1135350 2267.7
1135360 2267.7
1135370 2266.0
1135380 2263.7
1135390 2263.7
1135400 2260.0
1135410 2257.5
1135420 2257.5
1135430 2255.8
1135440 2254.3
1135450 2252.8
1135460 2252.8
1135470 2251.5
1135480 2250.0
1135490 2250.0
1135500 2249.1
1135510 2248.4
1135520 2248.4
1135530 2247.6
1135540 2240.7
1135550 2240.7
1135560 2237.2
1135570 2233.5
1135580 2233.5
1135590 2229.7
1135600 2226.6
1135610 2226.6
1135620 2223.4
1135630 2220.0
1135640 2220.0
1135650 2216.6
1135660 2213.4
1135670 2210.7
1135680 2210.7
1135690 2208.4
1135700 2206.0
1135710 2206.0
1135720 2203.0
1135730 2199.3
1135740 2199.3
1135750 2194.6
1135760 2190.0
1135770 2190.0
1135780 2185.6
1135790 2181.4
1135800 2181.4
1135810 2178.0
1135820 2174.5
1135830 2174.5
1135840 2171.3
1135850 2168.2
1135860 2164.9
1135870 2164.9
1135880 2161.8
1135890 2158.7
1135900 2154.1
1135910 2151.1
1135920 2148.1
1135930 2148.1
1135940 2145.1
1135950 2141.5
1135960 2141.5
1135970 2138.5
1135980 2135.5
1135990 2135.5
1136000 2132.2
1136010 2129.1
1136020 2129.1
1136030 2126.1
1136040 2122.7
1136050 2122.7
1136060 2119.4
1136070 2116.4
1136080 2113.2
1136090 2113.2
1136100 2109.6
1136110 2106.2
1136120 2106.2
1136130 2102.4
1136140 2097.5
1136150 2097.5
1136160 2092.4
1136170 2087.6
1136180 2087.6
1136190 2082.7
1136200 2077.8
1136210 2077.8
1136220 2072.8
1136230 2067.0
1136240 2067.0
1136250 2060.8
1136260 2054.8
1136270 2050.1
1136280 2044.1
1136290 2038.3
1136300 2033.0
1136310 2033.0
1136320 2027.2
1136330 2022.2
1136340 2022.2
1136350 2017.3
1136360 2011.9
1136370 2011.9
1136380 2006.5
1136390 2000.8
1136400 2000.8
1136410 1994.8
1136420 1988.8
1136430 1988.8
1136440 1982.4
1136450 1977.3
1136460 1977.3
1136470 1971.1
1136480 1964.6
1136490 1958.9
1136500 1958.9
1136510 1953.8
1136520 1949.3
1136530 1949.3
1136540 1944.9
1136550 1939.5
1136560 1939.5
1136570 1934.1
1136580 1928.8
1136590 1928.8
1136600 1923.8
1136610 1918.0
1136620 1918.0
1136630 1908.8
1136640 1900.6
1136650 1900.6
1136660 1889.3
1136670 1878.6
1136680 1878.6
1136690 1868.9
1136700 1861.5
1136710 1854.8
1136720 1854.8
1136730 1850.2
1136740 1841.2
1136750 1841.2
1136760 1830.2
1136770 1818.1
1136780 1818.1
1136790 1804.2
1136800 1793.6
1136810 1793.6
1136820 1784.8
1136830 1776.9
1136840 1776.9
1136850 1780.3
1136860 1786.7
1136870 1786.7
1136880 1790.4
1136890 1790.0
1136900 1790.0
1136910 1788.4
1136920 1787.4
1136930 1788.5
1136940 1788.5
1136950 1790.2
1136960 1793.3
1136970 1793.3
1136980 1796.4
1136990 1790.5
1137000 1790.5
1137010 1790.6
1137020 1789.5
1137030 1789.5
1137040 1788.3
1137050 1786.0
1137060 1786.0
1137070 1782.8
1137080 1781.0
1137090 1781.0
1137100 1779.1
1137110 1776.7
1137120 1774.6
1137130 1774.6
1137140 1773.0
1137150 1769.8
1137160 1769.8
1137170 1762.2
1137180 1755.1
1137190 1755.1
1137200 1754.2
1137210 1755.2
1137220 1755.2
1137230 1752.9
1137240 1749.6
1137250 1749.6
1137260 1746.6
1137270 1744.2
1137280 1744.2
1137290 1741.5
1137300 1739.9
1137310 1739.9
1137320 1737.9
1137330 1734.9
1137340 1731.0
1137350 1731.0
1137360 1720.6
1137370 1718.5
1137380 1718.5
1137390 1714.2
1137400 1707.1
1137410 1707.1
1137420 1704.4
1137430 1701.0
1137440 1701.0
1137450 1697.3
1137460 1692.8
1137470 1692.8
1137480 1689.0
1137490 1687.1
1137500 1687.1
1137510 1684.3
1137520 1681.3
1137530 1679.2
1137540 1679.2
1137550 1680.4
1137560 1676.8
1137570 1676.8
1137580 1673.1
1137590 1670.7
1137600 1670.7
1137610 1668.8
1137620 1666.6
1137630 1666.6
1137640 1664.1
1137650 1660.6
1137660 1660.6
1137670 1656.8
1137680 1653.8
1137690 1653.8
1137700 1652.0
1137710 1650.8
1137720 1644.7
1137730 1643.2
1137740 1641.3
1137750 1638.9
1137760 1638.9
1137770 1635.9
1137780 1632.4
1137790 1632.4
1137800 1628.7
1137810 1625.0
1137820 1625.0
1137830 1620.7
1137840 1616.8
1137850 1616.8
1137860 1614.3
1137870 1612.1
1137880 1612.1
1137890 1609.2
1137900 1606.5
1137910 1606.5
1137920 1604.0
1137930 1601.4
1137940 1601.4
1137950 1598.6
1137960 1595.7
1137970 1592.7
1137980 1592.7
1137990 1589.9
1138000 1586.4
1138010 1586.4
1138020 1583.1
1138030 1579.7
1138040 1579.7
1138050 1576.7
1138060 1573.3
1138070 1573.3
1138080 1569.4
1138090 1562.7
1138100 1562.7
1138110 1561.2
1138120 1560.2
1138130 1560.2
1138140 1558.6
1138150 1556.7
1138160 1554.6
1138170 1554.6
1138180 1552.2
1138190 1550.3
1138200 1550.3
1138210 1548.6
1138220 1546.7
1138230 1546.7
1138240 1545.2
1138250 1545.1
1138260 1545.1
1138270 1546.3
1138280 1548.2
1138290 1548.2
1138300 1548.8
1138310 1548.1
1138320 1548.1
1138330 1546.9
1138340 1545.2
1138350 1545.2
1138360 1543.6
1138370 1541.9
1138380 1540.0
1138390 1540.0
1138400 1538.4
1138410 1536.7
1138420 1536.7
1138430 1534.8
1138440 1533.4
1138450 1528.4
1138460 1527.7
1138470 1526.7
1138480 1526.7
1138490 1524.4
1138500 1521.8
1138510 1521.8
1138520 1518.5
1138530 1515.8
1138540 1515.8
1138550 1513.5
1138560 1511.7
1138570 1511.7
1138580 1509.6
1138590 1507.8
1138600 1506.6
1138610 1506.6
1138620 1504.4
1138630 1503.4
1138640 1503.4
1138650 1503.2
1138660 1501.8
1138670 1501.8
1138680 1500.6
1138690 1500.2
1138700 1500.2
1138710 1500.5
1138720 1501.0
1138730 1501.0
1138740 1501.4
1138750 1502.2
1138760 1502.2
1138770 1502.9
1138780 1502.7
1138790 1502.0
1138800 1502.0
1138810 1501.3
1138820 1499.3
1138830 1499.3
1138840 1499.7
1138850 1499.9
1138860 1499.9
1138870 1500.0
1138880 1500.0
1138890 1500.0
1138900 1499.4
1138910 1499.0
1138920 1499.0
1138930 1498.7
1138940 1498.5
1138950 1498.5
1138960 1498.6
1138970 1498.9
1138980 1498.9
1138990 1499.1
1139000 1498.9
1139010 1499.0
1139020 1499.0
1139030 1498.6
1139040 1498.3
1139050 1498.3
1139060 1498.7
1139070 1498.7
1139080 1498.7
1139090 1498.9
1139100 1499.3
1139110 1499.3
1139120 1499.3
1139130 1499.0
1139140 1499.0
1139150 1498.2
1139160 1497.3
1139170 1497.3
1139180 1496.5
1139190 1494.0
1139200 1493.4
1139210 1493.4
1139220 1492.3
1139230 1490.6
1139240 1490.6
1139250 1488.6
1139260 1486.7
1139270 1486.7
1139280 1484.7
1139290 1484.3
1139300 1484.3
1139310 1484.2
1139320 1483.9
1139330 1483.9
1139340 1483.2
1139350 1482.3
1139360 1482.3
1139370 1479.4
1139380 1475.1
1139390 1475.1
1139400 1472.2
1139410 1471.6
1139420 1477.2
1139430 1477.2
1139440 1477.0
1139450 1475.6
1139460 1475.6
1139470 1474.0
1139480 1472.0
1139490 1472.0
1139500 1470.5
1139510 1468.6
1139520 1468.6
1139530 1467.1
1139540 1465.8
1139550 1465.2
1139560 1464.5
1139570 1464.5
1139580 1464.5
1139590 1464.1
1139600 1463.6
1139610 1463.6
1139620 1463.1
1139630 1462.7
1139640 1462.2
1139650 1462.2
1139660 1461.6
1139670 1461.0
1139680 1461.0
1139690 1460.5
1139700 1460.1
1139710 1460.1
1139720 1459.8
1139730 1459.4
1139740 1459.4
1139750 1459.2
1139760 1459.1
1139770 1459.1
1139780 1457.5
1139790 1452.8
1139800 1452.8
1139810 1453.2
1139820 1454.3
1139830 1454.8
1139840 1454.8
1139850 1455.4
1139860 1455.4
1139870 1455.4
1139880 1454.5
1139890 1453.6
1139900 1453.6
1139910 1453.0
1139920 1451.2
1139930 1451.2
1139940 1450.6
1139950 1449.8
1139960 1449.8
1139970 1448.9
1139980 1447.9
1139990 1447.9
