1120000 1976.1
1120010 1979.2
1120020 1979.2
1120030 1979.7
1120040 1980.6
1120050 1980.6
1120060 1982.6
1120070 1985.1
1120080 1988.5
1120090 1988.5
1120100 1992.3
1120110 2000.5
1120120 2000.5
1120130 2003.9
1120140 2006.4
1120150 2006.4
1120160 2007.7
1120170 2009.3
1120180 2009.3
1120190 2010.1
1120200 2010.6
1120210 2010.6
1120220 2012.7
1120230 2016.1
1120240 2016.1
1120250 2017.8
1120260 2020.4
1120270 2020.4
1120280 2023.2
1120290 2027.9
1120300 2031.1
1120310 2031.1
1120320 2033.3
1120330 2035.5
1120340 2035.5
1120350 2036.6
1120360 2035.9
1120370 2035.9
1120380 2036.5
1120390 2041.4
1120400 2041.4
1120410 2046.2
1120420 2050.7
1120430 2050.7
1120440 2054.8
1120450 2059.2
1120460 2062.5
1120470 2066.9
1120480 2071.5
1120490 2075.3
1120500 2075.3
1120510 2078.5
1120520 2080.8
1120530 2080.8
1120540 2084.2
1120550 2088.1
1120560 2088.1
1120570 2091.6
1120580 2096.1
1120590 2096.1
1120600 2102.1
1120610 2104.7
1120620 2104.7
1120630 2106.8
1120640 2109.8
1120650 2109.8
1120660 2115.3
1120670 2119.5
1120680 2119.5
1120690 2119.4
1120700 2117.2
1120710 2115.4
1120720 2115.4
1120730 2118.3
1120740 2121.1
1120750 2121.1
1120760 2122.3
1120770 2121.9
1120780 2121.9
1120790 2123.5
1120800 2133.3
1120810 2133.3
1120820 2136.4
1120830 2139.0
1120840 2139.0
1120850 2140.3
1120860 2141.4
1120870 2141.4
1120880 2140.8
1120890 2139.6
1120900 2139.6
1120910 2138.5
1120920 2135.4
1120930 2130.3
1120940 2130.3
1120950 2124.7
1120960 2120.0
1120970 2120.0
1120980 2115.5
1120990 2112.0
1121000 2112.0
1121010 2110.6
1121020 2110.8
1121030 2110.8
1121040 2111.4
1121050 2111.4
1121060 2111.4
1121070 2111.9
1121080 2113.2
1121090 2113.2
1121100 2115.2
1121110 2115.5
1121120 2115.5
1121130 2116.2
1121140 2118.7
1121150 2126.8
1121160 2126.8
1121170 2131.5
1121180 2136.3
1121190 2136.3
1121200 2141.0
1121210 2146.0
1121220 2146.0
1121230 2150.5
1121240 2154.0
1121250 2154.0
1121260 2155.9
1121270 2156.5
1121280 2156.5
1121290 2156.9
1121300 2154.7
1121310 2154.7
1121320 2153.3
1121330 2151.2
1121340 2148.3
1121350 2148.3
1121360 2147.8
1121370 2148.3
1121380 2148.3
1121390 2149.2
1121400 2150.2
1121410 2150.2
1121420 2150.9
1121430 2152.7
1121440 2152.7
1121450 2154.2
1121460 2154.8
1121470 2154.8
1121480 2155.7
1121490 2156.4
1121500 2157.5
1121510 2158.0
1121520 2157.7
1121530 2157.7
1121540 2157.3
1121550 2157.7
1121560 2158.3
1121570 2158.3
1121580 2159.9
1121590 2162.2
1121600 2162.2
1121610 2162.0
1121620 2161.0
1121630 2161.0
1121640 2160.5
1121650 2159.2
1121660 2159.2
1121670 2158.1
1121680 2156.5
1121690 2156.5
1121700 2154.4
1121710 2153.3
1121720 2153.3
1121730 2152.9
1121740 2150.0
1121750 2150.0
1121760 2148.7
1121770 2149.3
1121780 2150.2
1121790 2150.2
1121800 2150.1
1121810 2151.2
1121820 2151.2
1121830 2154.8
1121840 2158.7
1121850 2161.8
1121860 2165.8
1121870 2171.0
1121880 2171.0
1121890 2177.4
1121900 2184.3
1121910 2184.3
1121920 2190.4
1121930 2196.2
1121940 2196.2
1121950 2202.0
1121960 2208.1
1121970 2214.9
1121980 2214.9
1121990 2222.2
1122000 2227.9
1122010 2227.9
1122020 2229.3
1122030 2226.9
1122040 2226.9
1122050 2226.6
1122060 2225.9
1122070 2225.9
1122080 2227.1
1122090 2231.1
1122100 2231.1
1122110 2235.7
1122120 2240.7
1122130 2240.7
1122140 2247.1
1122150 2254.3
1122160 2254.3
1122170 2261.9
1122180 2269.6
1122190 2276.4
1122200 2279.5
1122210 2285.4
1122220 2290.7
1122230 2290.7
1122240 2294.6
1122250 2295.7
1122260 2295.7
1122270 2293.2
1122280 2290.3
1122290 2290.3
1122300 2288.7
1122310 2287.6
1122320 2287.6
1122330 2287.3
1122340 2289.2
1122350 2289.2
1122360 2291.4
1122370 2292.2
1122380 2292.2
1122390 2286.6
1122400 2282.3
1122410 2281.2
1122420 2281.2
1122430 2281.3
1122440 2280.2
1122450 2280.2
1122460 2276.7
1122470 2273.2
1122480 2273.2
1122490 2272.6
1122500 2274.4
1122510 2274.4
1122520 2275.9
1122530 2277.9
1122540 2277.9
1122550 2289.7
1122560 2292.1
1122570 2292.1
1122580 2292.4
1122590 2292.3
1122600 2291.3
1122610 2291.3
1122620 2290.4
1122630 2291.0
1122640 2291.0
1122650 2293.7
1122660 2296.3
1122670 2296.3
1122680 2297.4
1122690 2298.8
1122700 2298.8
1122710 2299.6
1122720 2299.2
1122730 2299.2
1122740 2296.2
1122750 2294.3
1122760 2294.3
1122770 2295.0
1122780 2295.4
1122790 2295.4
1122800 2295.9
1122810 2297.5
1122820 2300.9
1122830 2300.9
1122840 2305.1
1122850 2309.4
1122860 2309.4
1122870 2313.2
1122880 2317.4
1122890 2317.4
1122900 2322.1
1122910 2324.3
1122920 2324.3
1122930 2325.7
1122940 2327.2
1122950 2327.2
1122960 2329.2
1122970 2331.2
1122980 2331.2
1122990 2332.8
1123000 2334.3
1123010 2334.3
1123020 2335.5
1123030 2334.1
1123040 2326.6
1123050 2326.6
1123060 2322.3
1123070 2316.8
1123080 2316.8
1123090 2311.9
1123100 2307.8
1123110 2307.8
1123120 2301.7
1123130 2297.8
1123140 2297.8
1123150 2292.7
1123160 2288.1
1123170 2288.1
1123180 2283.4
1123190 2277.4
1123200 2277.4
1123210 2273.1
1123220 2269.1
1123230 2267.3
1123240 2267.3
1123250 2267.9
1123260 2264.0
1123270 2264.0
1123280 2261.4
1123290 2259.5
1123300 2259.5
1123310 2258.6
1123320 2258.1
1123330 2258.1
1123340 2258.8
1123350 2259.2
1123360 2259.2
1123370 2259.0
1123380 2258.5
1123390 2258.5
1123400 2260.2
1123410 2264.5
1123420 2264.5
1123430 2268.4
1123440 2271.6
1123450 2274.3
1123460 2274.3
1123470 2276.4
1123480 2277.6
1123490 2277.6
1123500 2277.6
1123510 2276.5
1123520 2276.5
1123530 2274.7
1123540 2272.4
1123550 2272.4
1123560 2271.1
1123570 2270.3
1123580 2270.3
1123590 2270.2
1123600 2268.9
1123610 2268.9
1123620 2268.3
1123630 2267.4
1123640 2267.4
1123650 2265.4
1123660 2264.1
1123670 2264.0
1123680 2264.0
1123690 2263.9
1123700 2263.8
1123710 2263.8
1123720 2262.9
1123730 2260.8
1123740 2260.8
1123750 2259.6
1123760 2259.2
1123770 2259.2
1123780 2258.7
1123790 2257.5
1123800 2257.5
1123810 2255.5
1123820 2253.3
1123830 2253.3
1123840 2252.2
1123850 2251.1
1123860 2249.6
1123870 2249.6
1123880 2247.4
1123890 2245.7
1123900 2245.7
1123910 2244.2
1123920 2241.5
1123930 2241.5
1123940 2238.2
1123950 2233.0
1123960 2233.0
1123970 2230.8
1123980 2228.1
1123990 2228.1
1124000 2224.2
1124010 2218.7
1124020 2218.7
1124030 2214.8
1124040 2212.4
1124050 2212.4
1124060 2212.1
1124070 2209.0
1124080 2205.3
1124090 2205.3
1124100 2206.0
1124110 2204.1
1124120 2204.1
1124130 2202.2
1124140 2200.2
1124150 2200.2
1124160 2198.0
1124170 2194.9
1124180 2194.9
1124190 2192.4
1124200 2190.1
1124210 2190.1
1124220 2186.4
1124230 2182.4
1124240 2182.4
1124250 2180.7
1124260 2176.6
1124270 2176.6
1124280 2171.3
1124290 2165.7
1124300 2158.2
1124310 2158.2
1124320 2153.9
1124330 2147.7
1124340 2147.7
1124350 2144.4
1124360 2139.1
1124370 2139.1
1124380 2134.5
1124390 2129.9
1124400 2129.9
1124410 2123.4
1124420 2114.3
1124430 2114.3
1124440 2105.0
1124450 2096.5
1124460 2096.5
1124470 2088.4
1124480 2078.5
1124490 2076.6
1124500 2076.6
1124510 2075.9
1124520 2071.0
1124530 2071.0
1124540 2063.5
1124550 2056.2
1124560 2056.2
1124570 2048.8
1124580 2042.5
1124590 2042.5
1124600 2036.7
1124610 2030.5
1124620 2030.5
1124630 2024.0
1124640 2017.8
1124650 2015.9
1124660 2011.5
1124670 2006.7
1124680 2006.7
1124690 2002.7
1124700 1998.8
1124710 1994.8
1124720 1994.8
1124730 1991.1
1124740 1987.4
1124750 1987.4
1124760 1984.5
1124770 1980.2
1124780 1980.2
1124790 1977.0
1124800 1973.9
1124810 1973.9
1124820 1970.5
1124830 1967.2
1124840 1967.2
1124850 1964.0
1124860 1961.0
1124870 1961.0
1124880 1957.6
1124890 1954.5
1124900 1954.5
1124910 1952.0
1124920 1950.6
1124930 1949.2
1124940 1949.2
1124950 1948.3
1124960 1947.2
1124970 1947.2
1124980 1945.8
1124990 1944.9
1125000 1944.9
1125010 1941.9
1125020 1941.6
1125030 1941.6
1125040 1940.1
1125050 1938.3
1125060 1938.3
1125070 1938.1
1125080 1938.0
1125090 1938.0
1125100 1937.8
1125110 1938.1
1125120 1938.6
1125130 1938.6
1125140 1938.7
1125150 1939.0
1125160 1939.0
1125170 1939.3
1125180 1939.9
1125190 1939.9
1125200 1942.0
1125210 1944.1
1125220 1944.1
1125230 1944.6
1125240 1945.1
1125250 1945.1
1125260 1947.7
1125270 1952.5
1125280 1952.5
1125290 1958.1
1125300 1963.7
1125310 1963.7
1125320 1968.9
1125330 1973.6
1125340 1978.1
1125350 1978.1
1125360 1982.2
1125370 1986.9
1125380 1986.9
1125390 1991.6
1125400 1996.5
1125410 1996.5
1125420 2001.4
1125430 2007.4
1125440 2007.4
1125450 2013.2
1125460 2018.4
1125470 2018.4
1125480 2023.5
1125490 2028.6
1125500 2028.6
1125510 2033.0
1125520 2037.1
1125530 2037.1
1125540 2041.6
1125550 2045.3
1125560 2048.1
1125570 2048.1
1125580 2051.3
1125590 2054.8
1125600 2054.8
1125610 2056.6
1125620 2058.8
1125630 2058.8
1125640 2061.8
1125650 2065.5
1125660 2065.5
1125670 2069.0
1125680 2071.8
1125690 2071.8
1125700 2073.6
1125710 2074.2
1125720 2074.2
1125730 2075.6
1125740 2076.7
1125750 2078.4
1125760 2078.4
1125770 2081.1
1125780 2083.7
1125790 2083.7
1125800 2086.7
1125810 2088.5
1125820 2088.5
1125830 2089.1
1125840 2090.6
1125850 2090.6
1125860 2092.5
1125870 2095.3
1125880 2095.3
1125890 2099.0
1125900 2102.9
1125910 2102.9
1125920 2106.7
1125930 2110.7
1125940 2110.7
1125950 2114.6
1125960 2118.4
1125970 2122.0
1125980 2122.0
1125990 2124.6
1126000 2127.9
1126010 2127.9
1126020 2131.4
1126030 2135.6
1126040 2135.6
1126050 2141.0
1126060 2149.4
1126070 2149.4
1126080 2153.8
1126090 2157.8
1126100 2157.8
1126110 2162.8
1126120 2167.4
1126130 2167.4
1126140 2173.1
1126150 2179.7
1126160 2179.7
1126170 2185.9
1126180 2192.5
1126190 2199.7
1126200 2199.7
1126210 2206.1
1126220 2214.7
1126230 2214.7
1126240 2222.5
1126250 2228.7
1126260 2228.7
1126270 2235.3
1126280 2243.3
1126290 2243.3
1126300 2251.2
1126310 2258.9
1126320 2258.9
1126330 2267.4
1126340 2275.0
1126350 2275.0
1126360 2282.4
1126370 2289.7
1126380 2296.9
1126390 2296.9
1126400 2303.4
1126410 2309.8
1126420 2311.3
1126430 2317.5
1126440 2323.1
1126450 2323.1
1126460 2327.4
1126470 2328.4
1126480 2328.4
1126490 2327.8
1126500 2328.6
1126510 2328.6
1126520 2329.0
1126530 2328.8
1126540 2328.8
1126550 2330.3
1126560 2332.9
1126570 2332.9
1126580 2334.0
1126590 2333.3
1126600 2332.9
1126610 2332.9
1126620 2332.6
1126630 2331.6
1126640 2331.6
1126650 2329.8
1126660 2329.3
1126670 2329.3
1126680 2330.1
1126690 2329.6
1126700 2329.6
1126710 2325.9
1126720 2321.2
1126730 2321.2
1126740 2317.9
1126750 2315.5
1126760 2315.5
1126770 2314.8
1126780 2311.5
1126790 2311.5
1126800 2309.0
1126810 2309.0
1126820 2309.5
1126830 2309.5
1126840 2309.5
1126850 2309.8
1126860 2309.8
1126870 2310.1
1126880 2312.3
1126890 2312.3
1126900 2314.0
1126910 2315.6
1126920 2315.6
1126930 2318.6
1126940 2321.5
1126950 2321.5
1126960 2324.1
1126970 2326.2
1126980 2326.2
1126990 2328.3
1127000 2329.2
1127010 2329.4
1127020 2329.4
1127030 2330.2
1127040 2332.9
1127050 2332.9
1127060 2334.4
1127070 2335.5
1127080 2335.5
1127090 2337.8
1127100 2339.4
1127110 2339.4
1127120 2342.3
1127130 2342.4
1127140 2342.4
1127150 2344.9
1127160 2348.0
1127170 2348.0
1127180 2352.5
1127190 2357.9
1127200 2357.9
1127210 2362.5
1127220 2367.0
1127230 2371.8
1127240 2371.8
1127250 2375.5
1127260 2379.3
1127270 2379.3
1127280 2384.6
1127290 2391.7
1127300 2391.7
1127310 2399.1
1127320 2404.9
1127330 2404.9
1127340 2409.2
1127350 2413.0
1127360 2413.0
1127370 2416.8
1127380 2420.1
1127390 2420.1
1127400 2422.6
1127410 2424.4
1127420 2424.4
1127430 2424.5
1127440 2424.7
1127450 2424.6
1127460 2424.6
1127470 2423.1
1127480 2429.5
1127490 2429.5
1127500 2432.9
1127510 2435.7
1127520 2435.7
1127530 2439.1
1127540 2441.5
1127550 2441.5
1127560 2443.0
1127570 2444.4
1127580 2444.4
1127590 2446.7
1127600 2447.7
1127610 2447.7
1127620 2448.5
1127630 2448.7
1127640 2447.1
1127650 2447.1
1127660 2445.9
1127670 2448.7
1127680 2448.7
1127690 2452.7
1127700 2456.2
1127710 2456.2
1127720 2457.3
1127730 2458.6
1127740 2458.6
1127750 2462.1
1127760 2466.5
1127770 2466.5
1127780 2470.9
1127790 2474.6
1127800 2474.6
1127810 2474.3
1127820 2469.1
1127830 2478.7
1127840 2471.2
1127850 2469.9
1127860 2474.8
1127870 2474.8
1127880 2479.3
1127890 2482.9
1127900 2482.9
1127910 2484.3
1127920 2484.8
1127930 2484.8
1127940 2485.0
1127950 2482.1
1127960 2482.1
1127970 2480.6
1127980 2477.5
1127990 2477.5
1128000 2472.5
1128010 2469.2
1128020 2469.2
1128030 2470.1
1128040 2470.2
1128050 2470.2
1128060 2470.2
1128070 2471.1
1128080 2470.0
1128090 2470.0
1128100 2476.0
1128110 2482.2
1128120 2482.2
1128130 2485.4
1128140 2487.6
1128150 2487.6
1128160 2491.9
1128170 2494.4
1128180 2494.4
1128190 2497.0
1128200 2497.1
1128210 2497.1
1128220 2496.5
1128230 2493.4
1128240 2493.4
1128250 2494.3
1128260 2496.2
1128270 2498.4
1128280 2498.4
1128290 2500.8
1128300 2502.9
1128310 2502.9
1128320 2503.8
1128330 2503.8
1128340 2503.8
1128350 2501.8
1128360 2503.4
1128370 2503.4
1128380 2502.2
1128390 2496.3
1128400 2496.3
1128410 2488.6
1128420 2484.6
1128430 2484.6
1128440 2481.8
1128450 2478.2
1128460 2478.2
1128470 2477.5
1128480 2481.5
1128490 2483.6
1128500 2483.6
1128510 2485.5
1128520 2488.4
1128530 2488.4
1128540 2491.7
1128550 2491.3
1128560 2491.3
1128570 2491.6
1128580 2492.4
1128590 2492.4
1128600 2491.6
1128610 2490.8
1128620 2490.8
1128630 2489.9
1128640 2489.6
1128650 2489.6
1128660 2491.6
1128670 2492.9
1128680 2492.9
1128690 2495.9
1128700 2498.2
1128710 2500.5
1128720 2500.5
1128730 2504.1
1128740 2507.7
1128750 2507.7
1128760 2511.9
1128770 2513.6
1128780 2513.6
1128790 2513.4
1128800 2517.3
1128810 2517.3
1128820 2523.4
1128830 2530.6
1128840 2530.6
1128850 2533.0
1128860 2533.3
1128870 2533.3
1128880 2530.9
1128890 2531.2
1128900 2537.2
1128910 2537.2
1128920 2538.3
1128930 2540.2
1128940 2540.2
1128950 2539.7
1128960 2538.2
1128970 2538.2
1128980 2535.1
1128990 2531.3
1129000 2531.3
1129010 2529.2
1129020 2530.9
1129030 2530.9
1129040 2531.7
1129050 2532.1
1129060 2532.1
1129070 2532.3
1129080 2532.5
1129090 2532.5
1129100 2530.8
1129110 2527.3
1129120 2527.1
1129130 2527.1
1129140 2524.0
1129150 2519.8
1129160 2519.8
1129170 2515.3
1129180 2513.0
1129190 2513.0
1129200 2510.8
1129210 2516.7
1129220 2516.7
1129230 2524.0
1129240 2526.5
1129250 2526.5
1129260 2527.6
1129270 2529.2
1129280 2529.2
1129290 2530.3
1129300 2531.9
1129310 2531.9
1129320 2535.2
1129330 2536.3
1129340 2533.9
1129350 2533.9
1129360 2533.0
1129370 2537.5
1129380 2537.5
1129390 2545.2
1129400 2547.2
1129410 2547.2
1129420 2549.3
1129430 2552.6
1129440 2552.6
1129450 2554.1
1129460 2557.7
1129470 2557.7
1129480 2561.1
1129490 2565.6
1129500 2565.6
1129510 2572.6
1129520 2583.0
1129530 2596.4
1129540 2596.4
1129550 2604.1
1129560 2613.4
1129570 2613.4
1129580 2621.0
1129590 2623.4
1129600 2623.4
1129610 2627.9
1129620 2630.6
1129630 2630.6
1129640 2634.9
1129650 2636.6
1129660 2636.6
1129670 2638.2
1129680 2640.3
1129690 2640.3
1129700 2641.6
1129710 2645.5
1129720 2645.5
1129730 2649.3
1129740 2652.1
1129750 2653.9
1129760 2653.9
1129770 2652.8
1129780 2650.9
1129790 2650.9
1129800 2652.3
1129810 2656.2
1129820 2656.2
1129830 2662.4
1129840 2668.1
1129850 2668.1
1129860 2675.3
1129870 2678.1
1129880 2678.1
1129890 2680.0
1129900 2682.3
1129910 2682.3
1129920 2687.4
1129930 2695.5
1129940 2695.5
1129950 2700.5
1129960 2703.0
1129970 2711.9
1129980 2711.9
1129990 2713.8
1130000 2717.9
1130010 2717.9
1130020 2724.0
1130030 2732.2
1130040 2732.2
1130050 2740.2
1130060 2743.3
1130070 2743.3
1130080 2746.6
1130090 2748.4
1130100 2748.4
1130110 2752.1
1130120 2755.6
1130130 2755.6
1130140 2758.5
1130150 2762.4
1130160 2766.1
1130170 2766.1
1130180 2766.0
1130190 2764.5
1130200 2764.5
1130210 2764.5
1130220 2764.5
1130230 2764.5
1130240 2766.3
1130250 2769.1
1130260 2769.1
1130270 2772.8
1130280 2778.8
1130290 2778.8
1130300 2785.0
1130310 2790.1
1130320 2790.1
1130330 2783.5
1130340 2789.9
1130350 2789.9
1130360 2793.3
1130370 2792.9
1130380 2793.6
1130390 2793.6
1130400 2789.4
1130410 2781.6
1130420 2781.6
1130430 2772.7
1130440 2762.4
1130450 2762.4
1130460 2754.3
1130470 2747.7
1130480 2747.7
1130490 2741.5
1130500 2735.1
1130510 2735.1
1130520 2726.4
1130530 2719.8
1130540 2719.8
1130550 2713.6
1130560 2707.6
1130570 2707.6
1130580 2702.4
1130590 2696.9
1130600 2691.0
1130610 2691.0
1130620 2685.5
1130630 2679.9
1130640 2679.9
1130650 2675.0
1130660 2670.8
1130670 2670.8
1130680 2666.9
1130690 2663.5
1130700 2663.5
1130710 2661.9
1130720 2659.7
1130730 2659.7
1130740 2657.6
1130750 2655.3
1130760 2655.3
1130770 2653.3
1130780 2653.4
1130790 2653.2
1130800 2653.2
1130810 2649.7
1130820 2646.0
1130830 2646.0
1130840 2645.0
1130850 2642.3
1130860 2642.3
1130870 2639.4
1130880 2637.5
1130890 2637.5
1130900 2635.4
1130910 2630.1
1130920 2630.1
1130930 2624.3
1130940 2620.3
1130950 2620.3
1130960 2618.4
1130970 2617.0
1130980 2617.0
1130990 2615.8
1131000 2614.2
1131010 2613.3
1131020 2613.3
1131030 2614.1
1131040 2617.4
1131050 2617.4
1131060 2619.3
1131070 2620.6
1131080 2620.6
1131090 2620.0
1131100 2617.0
1131110 2617.0
1131120 2613.3
1131130 2610.3
1131140 2610.3
1131150 2606.4
1131160 2601.1
1131170 2601.1
1131180 2593.7
1131190 2586.6
1131200 2586.6
1131210 2581.3
1131220 2579.1
1131230 2579.1
1131240 2579.1
1131250 2580.8
1131260 2583.0
1131270 2583.0
1131280 2584.4
1131290 2585.4
1131300 2585.4
1131310 2585.3
1131320 2582.5
1131330 2582.5
1131340 2574.7
1131350 2565.4
1131360 2565.4
1131370 2559.6
1131380 2558.5
1131390 2558.5
1131400 2565.3
1131410 2561.8
1131420 2557.0
1131430 2557.0
1131440 2551.4
1131450 2546.4
1131460 2546.4
1131470 2542.8
1131480 2530.3
1131490 2530.3
1131500 2517.9
1131510 2510.1
1131520 2510.1
1131530 2502.3
1131540 2494.8
1131550 2494.8
1131560 2487.8
1131570 2481.6
1131580 2481.6
1131590 2476.2
1131600 2470.0
1131610 2470.0
1131620 2464.3
1131630 2459.9
1131640 2456.3
1131650 2456.3
1131660 2453.7
1131670 2451.1
1131680 2451.1
1131690 2446.3
1131700 2441.2
1131710 2441.2
1131720 2436.1
1131730 2430.3
1131740 2430.3
1131750 2424.7
1131760 2420.0
1131770 2420.0
1131780 2416.3
1131790 2412.8
1131800 2412.8
1131810 2407.5
1131820 2401.1
1131830 2401.1
1131840 2397.3
1131850 2394.5
1131860 2390.8
1131870 2390.8
1131880 2387.9
1131890 2386.8
1131900 2386.8
1131910 2386.3
1131920 2386.0
1131930 2386.0
1131940 2385.6
1131950 2385.6
1131960 2385.6
1131970 2387.5
1131980 2391.4
1131990 2391.4
1132000 2395.2
1132010 2398.9
1132020 2398.9
1132030 2402.1
1132040 2404.7
1132050 2405.8
1132060 2405.8
1132070 2404.6
1132080 2403.7
1132090 2403.7
1132100 2405.0
1132110 2405.7
1132120 2408.7
1132130 2407.4
1132140 2405.8
1132150 2405.8
1132160 2406.0
1132170 2407.8
1132180 2407.8
1132190 2409.7
1132200 2410.2
1132210 2410.2
1132220 2411.4
1132230 2412.6
1132240 2412.6
1132250 2414.0
1132260 2416.1
1132270 2419.4
1132280 2419.4
1132290 2423.1
1132300 2427.4
1132310 2427.4
1132320 2432.2
1132330 2437.4
1132340 2437.4
1132350 2443.6
1132360 2449.0
1132370 2449.0
1132380 2456.6
1132390 2463.6
1132400 2463.6
1132410 2466.2
1132420 2469.9
1132430 2469.9
1132440 2473.8
1132450 2475.9
1132460 2475.9
1132470 2478.7
1132480 2483.7
1132490 2486.8
1132500 2486.8
1132510 2489.1
1132520 2490.6
1132530 2490.6
1132540 2491.8
1132550 2492.9
1132560 2492.9
1132570 2495.8
1132580 2500.3
1132590 2500.3
1132600 2504.7
1132610 2509.1
1132620 2509.1
1132630 2513.8
1132640 2517.6
1132650 2517.6
1132660 2520.9
1132670 2525.0
1132680 2529.4
1132690 2529.4
1132700 2533.4
1132710 2538.0
1132720 2538.0
1132730 2541.8
1132740 2545.6
1132750 2545.6
1132760 2547.2
1132770 2548.2
1132780 2548.2
1132790 2547.1
1132800 2546.2
1132810 2546.2
1132820 2546.0
1132830 2545.3
1132840 2546.4
1132850 2545.6
1132860 2545.5
1132870 2545.5
1132880 2545.5
1132890 2545.7
1132900 2546.2
1132910 2546.2
1132920 2547.3
1132930 2549.3
1132940 2549.3
1132950 2551.6
1132960 2554.2
1132970 2554.2
1132980 2557.3
1132990 2561.0
1133000 2561.0
1133010 2565.2
1133020 2569.8
1133030 2569.8
1133040 2574.3
1133050 2579.3
1133060 2579.3
1133070 2584.8
1133080 2590.9
1133090 2590.9
1133100 2599.3
1133110 2607.4
1133120 2612.7
1133130 2612.7
1133140 2616.0
1133150 2618.9
1133160 2618.9
1133170 2621.8
1133180 2624.4
1133190 2624.4
1133200 2631.8
1133210 2634.7
1133220 2634.7
1133230 2636.7
1133240 2636.6
1133250 2636.6
1133260 2635.3
1133270 2635.6
1133280 2635.6
1133290 2637.0
1133300 2637.8
1133310 2637.8
1133320 2638.4
1133330 2639.0
1133340 2639.3
1133350 2639.3
1133360 2639.6
1133370 2640.0
1133380 2640.0
1133390 2640.3
1133400 2640.3
1133410 2640.3
1133420 2640.1
1133430 2639.2
1133440 2639.2
1133450 2638.5
1133460 2638.2
1133470 2638.2
1133480 2640.1
1133490 2642.1
1133500 2642.1
1133510 2640.3
1133520 2640.8
1133530 2641.0
1133540 2641.0
1133550 2637.7
1133560 2647.6
1133570 2647.6
1133580 2642.5
1133590 2633.0
1133600 2633.0
1133610 2626.2
1133620 2623.8
1133630 2623.8
1133640 2622.0
1133650 2620.8
1133660 2620.8
1133670 2615.3
1133680 2611.5
1133690 2611.5
1133700 2607.2
1133710 2604.3
1133720 2604.3
1133730 2601.9
1133740 2601.5
1133750 2596.2
1133760 2596.2
1133770 2590.0
1133780 2585.3
1133790 2585.3
1133800 2577.3
1133810 2576.6
1133820 2576.6
1133830 2579.6
1133840 2568.1
1133850 2568.1
1133860 2554.8
1133870 2545.5
1133880 2545.5
1133890 2539.4
1133900 2533.4
1133910 2533.4
1133920 2530.3
1133930 2520.3
1133940 2520.3
1133950 2510.7
1133960 2500.5
1133970 2491.4
1133980 2491.4
1133990 2482.9
1134000 2475.3
1134010 2475.3
1134020 2468.6
1134030 2462.2
1134040 2462.2
1134050 2456.1
1134060 2450.1
1134070 2450.1
1134080 2443.7
1134090 2437.2
1134100 2437.2
1134110 2430.9
1134120 2425.3
1134130 2425.3
1134140 2420.3
1134150 2415.7
1134160 2410.9
1134170 2410.9
1134180 2405.9
1134190 2400.8
1134200 2400.8
1134210 2396.7
1134220 2394.2
1134230 2394.2
1134240 2393.8
1134250 2394.6
1134260 2394.6
1134270 2395.7
1134280 2391.1
1134290 2391.1
1134300 2391.7
1134310 2391.8
1134320 2391.8
1134330 2391.7
1134340 2391.4
1134350 2391.4
1134360 2391.0
1134370 2390.4
1134380 2389.3
1134390 2389.3
1134400 2387.8
1134410 2386.2
1134420 2386.2
1134430 2384.3
1134440 2382.2
1134450 2382.2
1134460 2380.2
1134470 2377.6
1134480 2377.6
1134490 2375.5
1134500 2373.6
1134510 2373.6
1134520 2371.3
1134530 2368.3
1134540 2368.3
1134550 2365.1
1134560 2362.0
1134570 2359.5
1134580 2359.5
1134590 2357.7
1134600 2356.0
1134610 2356.0
1134620 2353.8
1134630 2351.0
1134640 2350.2
1134650 2347.5
1134660 2344.7
1134670 2344.7
1134680 2342.2
1134690 2339.9
1134700 2339.9
1134710 2336.6
1134720 2333.9
1134730 2333.9
1134740 2331.0
1134750 2327.2
1134760 2327.2
1134770 2323.6
1134780 2320.7
1134790 2318.4
1134800 2318.4
1134810 2316.2
1134820 2314.0
1134830 2314.0
1134840 2311.6
1134850 2308.7
1134860 2308.7
1134870 2305.6
1134880 2302.5
1134890 2302.5
1134900 2299.1
1134910 2295.3
1134920 2295.3
1134930 2291.7
1134940 2289.8
1134950 2289.8
1134960 2287.7
1134970 2285.5
1134980 2285.5
1134990 2283.3
1135000 2281.3
1135010 2279.0
1135020 2279.0
1135030 2277.4
1135040 2278.3
1135050 2278.3
1135060 2277.4
1135070 2275.9
1135080 2275.9
1135090 2271.8
1135100 2266.9
1135110 2266.9
1135120 2264.1
1135130 2262.2
1135140 2262.2
1135150 2258.8
1135160 2253.9
1135170 2253.9
1135180 2248.9
1135190 2244.5
1135200 2240.8
1135210 2240.8
1135220 2238.0
1135230 2235.8
1135240 2235.8
1135250 2234.4
1135260 2233.1
1135270 2233.1
1135280 2231.9
1135290 2229.6
1135300 2229.6
1135310 2226.8
1135320 2223.7
1135330 2223.7
1135340 2220.9
1135350 2218.1
1135360 2218.1
1135370 2212.9
1135380 2208.3
1135390 2208.3
1135400 2204.4
1135410 2201.2
1135420 2198.3
1135430 2198.3
1135440 2196.1
1135450 2192.6
1135460 2192.6
1135470 2185.9
1135480 2179.6
1135490 2179.6
1135500 2177.2
1135510 2175.8
1135520 2175.8
1135530 2171.9
1135540 2167.5
1135550 2167.5
1135560 2163.6
1135570 2160.2
1135580 2160.2
1135590 2157.6
1135600 2155.5
1135610 2155.5
1135620 2153.6
1135630 2151.7
1135640 2151.0
1135650 2151.0
1135660 2149.9
1135670 2148.8
1135680 2148.8
1135690 2148.1
1135700 2147.9
1135710 2147.9
1135720 2147.4
1135730 2141.2
1135740 2141.2
1135750 2140.6
1135760 2140.5
1135770 2140.5
1135780 2140.5
1135790 2142.2
1135800 2142.2
1135810 2144.7
1135820 2144.5
1135830 2143.2
1135840 2143.2
1135850 2142.5
1135860 2142.0
1135870 2142.0
1135880 2141.4
1135890 2140.3
1135900 2140.3
1135910 2137.5
1135920 2133.7
1135930 2133.7
1135940 2132.1
1135950 2131.1
1135960 2131.1
1135970 2131.8
1135980 2132.4
1135990 2132.4
1136000 2132.6
1136010 2132.9
1136020 2132.9
1136030 2134.1
1136040 2134.2
1136050 2134.9
1136060 2134.9
1136070 2133.5
1136080 2135.6
1136090 2129.0
1136100 2129.2
1136110 2130.7
1136120 2130.7
1136130 2132.3
1136140 2132.9
1136150 2132.9
1136160 2134.1
1136170 2135.1
1136180 2135.1
1136190 2136.2
1136200 2136.7
1136210 2136.7
1136220 2136.3
1136230 2137.4
1136240 2137.4
1136250 2137.6
1136260 2137.0
1136270 2139.3
1136280 2139.3
1136290 2138.4
1136300 2133.7
1136310 2133.7
1136320 2130.1
1136330 2129.1
1136340 2129.1
1136350 2130.5
1136360 2135.0
1136370 2135.0
1136380 2136.4
1136390 2136.7
1136400 2136.7
1136410 2136.3
1136420 2134.2
1136430 2134.2
1136440 2134.0
1136450 2135.2
1136460 2130.6
1136470 2130.6
1136480 2127.6
1136490 2127.6
1136500 2127.6
1136510 2131.4
1136520 2134.7
1136530 2134.7
1136540 2138.0
1136550 2141.8
1136560 2141.8
1136570 2145.1
1136580 2147.7
1136590 2147.7
1136600 2149.6
1136610 2151.5
1136620 2151.5
1136630 2153.7
1136640 2156.6
1136650 2156.6
1136660 2159.3
1136670 2161.2
1136680 2163.9
1136690 2163.9
1136700 2166.9
1136710 2169.0
1136720 2169.0
1136730 2170.5
1136740 2171.6
1136750 2171.6
1136760 2172.0
1136770 2172.6
1136780 2172.6
1136790 2173.3
1136800 2173.8
1136810 2173.8
1136820 2173.7
1136830 2174.2
1136840 2174.2
1136850 2174.5
1136860 2174.6
1136870 2174.6
1136880 2174.5
1136890 2174.0
1136900 2173.6
1136910 2173.6
1136920 2173.1
1136930 2172.8
1136940 2172.8
1136950 2172.3
1136960 2171.7
1136970 2171.7
1136980 2171.0
1136990 2170.0
1137000 2170.0
1137010 2168.6
1137020 2167.4
1137030 2167.4
1137040 2165.8
1137050 2164.4
1137060 2164.4
1137070 2162.7
1137080 2161.2
1137090 2159.4
1137100 2159.4
1137110 2158.2
1137120 2156.9
1137130 2156.9
1137140 2155.4
1137150 2154.3
1137160 2154.3
1137170 2153.0
1137180 2151.5
1137190 2152.6
1137200 2151.3
1137210 2149.9
1137220 2149.9
1137230 2148.6
1137240 2147.3
1137250 2147.3
1137260 2146.3
1137270 2145.1
1137280 2145.1
1137290 2143.7
1137300 2142.2
1137310 2140.6
1137320 2140.6
1137330 2138.5
1137340 2136.5
1137350 2136.5
1137360 2134.2
1137370 2132.5
1137380 2132.5
1137390 2130.4
1137400 2128.0
1137410 2128.0
1137420 2125.0
1137430 2122.5
1137440 2122.5
1137450 2119.9
1137460 2116.5
1137470 2116.5
1137480 2112.4
1137490 2105.8
1137500 2105.8
1137510 2096.9
1137520 2091.3
1137530 2088.6
1137540 2088.6
1137550 2086.9
1137560 2083.5
1137570 2083.5
1137580 2079.9
1137590 2076.6
1137600 2076.6
1137610 2072.7
1137620 2069.3
1137630 2069.3
1137640 2066.5
1137650 2062.9
1137660 2062.9
1137670 2059.0
1137680 2055.4
1137690 2055.4
1137700 2052.4
1137710 2049.6
1137720 2046.5
1137730 2046.5
1137740 2042.8
1137750 2038.6
1137760 2038.6
1137770 2034.6
1137780 2029.8
1137790 2029.8
1137800 2026.1
1137810 2023.7
1137820 2023.7
1137830 2020.4
1137840 2016.9
1137850 2016.9
1137860 2013.3
1137870 2009.3
1137880 2009.3
1137890 2004.8
1137900 2000.5
1137910 2000.5
1137920 1996.4
1137930 1992.1
1137940 1988.6
1137950 1988.6
1137960 1985.6
1137970 1981.3
1137980 1981.3
1137990 1978.0
1138000 1974.3
1138010 1974.3
1138020 1970.6
1138030 1967.6
1138040 1967.6
1138050 1964.2
1138060 1960.4
1138070 1960.4
1138080 1957.5
1138090 1953.7
1138100 1953.7
1138110 1948.7
1138120 1941.6
1138130 1941.6
1138140 1934.1
1138150 1927.3
1138160 1922.8
1138170 1922.8
1138180 1917.7
1138190 1912.9
1138200 1912.9
1138210 1908.4
1138220 1905.0
1138230 1905.0
1138240 1902.3
1138250 1899.1
1138260 1899.1
1138270 1896.1
1138280 1896.1
1138290 1896.1
1138300 1894.2
1138310 1891.0
1138320 1891.0
1138330 1886.8
1138340 1881.7
1138350 1877.3
1138360 1877.3
1138370 1872.7
1138380 1875.0
1138390 1875.0
1138400 1876.9
1138410 1874.7
1138420 1874.7
1138430 1868.8
1138440 1861.9
1138450 1861.9
1138460 1854.4
1138470 1846.4
1138480 1846.4
1138490 1838.8
1138500 1831.7
1138510 1831.7
1138520 1825.4
1138530 1816.7
1138540 1816.7
1138550 1806.9
1138560 1799.4
1138570 1796.2
1138580 1796.2
1138590 1795.3
1138600 1790.0
1138610 1790.0
1138620 1781.8
1138630 1772.3
1138640 1772.3
1138650 1768.4
1138660 1759.8
1138670 1759.8
1138680 1750.9
1138690 1741.7
1138700 1741.7
1138710 1729.9
1138720 1718.2
1138730 1718.2
1138740 1708.9
1138750 1701.1
1138760 1701.1
1138770 1692.9
1138780 1692.5
1138790 1696.9
1138800 1696.9
1138810 1702.7
1138820 1708.7
1138830 1708.7
1138840 1713.8
1138850 1717.6
1138860 1717.6
1138870 1721.0
1138880 1725.0
1138890 1725.0
1138900 1729.9
1138910 1735.1
1138920 1735.1
1138930 1741.4
1138940 1748.5
1138950 1748.5
1138960 1755.4
1138970 1762.8
1138980 1769.1
1138990 1769.1
1139000 1772.8
1139010 1768.1
1139020 1768.1
1139030 1762.9
1139040 1758.1
1139050 1758.1
1139060 1753.4
1139070 1749.5
1139080 1749.5
1139090 1746.2
1139100 1743.3
1139110 1743.3
1139120 1740.5
1139130 1738.1
1139140 1738.1
1139150 1735.6
1139160 1732.9
1139170 1732.9
1139180 1728.7
1139190 1725.0
1139200 1719.3
1139210 1719.3
1139220 1708.0
1139230 1695.3
1139240 1695.3
1139250 1685.0
1139260 1674.7
1139270 1674.7
1139280 1665.2
1139290 1656.4
1139300 1656.4
1139310 1647.9
1139320 1639.7
1139330 1639.7
1139340 1631.9
1139350 1625.0
1139360 1625.0
1139370 1620.5
1139380 1616.4
1139390 1616.4
1139400 1612.3
1139410 1606.7
1139420 1602.5
1139430 1602.5
1139440 1603.3
1139450 1605.8
1139460 1605.8
1139470 1605.6
1139480 1605.0
1139490 1605.0
1139500 1605.1
1139510 1604.2
1139520 1604.2
1139530 1602.6
1139540 1602.0
1139550 1602.0
1139560 1603.2
1139570 1606.1
1139580 1606.1
1139590 1610.6
1139600 1615.7
1139610 1613.9
1139620 1613.9
1139630 1609.2
1139640 1615.7
1139650 1615.7
1139660 1630.3
1139670 1645.9
1139680 1645.9
1139690 1658.7
1139700 1670.0
1139710 1670.0
1139720 1680.1
1139730 1686.4
1139740 1686.4
1139750 1685.4
1139760 1688.1
1139770 1688.1
1139780 1691.2
1139790 1696.0
1139800 1696.0
1139810 1702.2
1139820 1707.8
1139830 1709.3
1139840 1709.3
1139850 1705.7
1139860 1703.0
1139870 1703.0
1139880 1703.0
1139890 1706.1
1139900 1706.1
1139910 1711.0
1139920 1716.4
1139930 1716.4
1139940 1722.2
1139950 1727.5
1139960 1727.5
1139970 1731.6
1139980 1736.1
1139990 1736.1
