1120000 1966.7
1120010 1971.1
1120020 1973.0
1120030 1973.0
1120040 1973.6
1120050 1974.0
1120060 1974.0
1120070 1975.1
1120080 1977.0
1120090 1977.0
1120100 1979.4
1120110 1982.7
1120120 1982.7
1120130 1986.6
1120140 1990.9
1120150 1990.9
1120160 1993.6
1120170 1997.9
1120180 1997.9
1120190 1999.7
1120200 2001.8
1120210 2004.0
1120220 2004.0
1120230 2008.7
1120240 2014.7
1120250 2014.7
1120260 2017.4
1120270 2018.5
1120280 2018.5
1120290 2018.6
1120300 2019.4
1120310 2019.4
1120320 2022.8
1120330 2026.9
1120340 2026.9
1120350 2031.1
1120360 2033.1
1120370 2033.1
1120380 2032.9
1120390 2031.9
1120400 2031.9
1120410 2033.7
1120420 2038.9
1120430 2045.3
1120440 2045.3
1120450 2050.7
1120460 2056.2
1120470 2056.2
1120480 2061.2
1120490 2065.1
1120500 2065.1
1120510 2067.0
1120520 2068.2
1120530 2068.2
1120540 2072.2
1120550 2077.3
1120560 2077.3
1120570 2079.0
1120580 2081.8
1120590 2081.8
1120600 2087.0
1120610 2092.3
1120620 2092.3
1120630 2096.0
1120640 2098.0
1120650 2099.7
1120660 2099.7
1120670 2100.6
1120680 2101.0
1120690 2101.0
1120700 2102.5
1120710 2108.9
1120720 2108.9
1120730 2110.1
1120740 2110.6
1120750 2110.6
1120760 2112.3
1120770 2114.6
1120780 2114.6
1120790 2117.3
1120800 2123.0
1120810 2123.0
1120820 2127.1
1120830 2128.5
1120840 2128.7
1120850 2128.7
1120860 2127.6
1120870 2126.6
1120880 2126.6
1120890 2127.3
1120900 2127.9
1120910 2127.9
1120920 2124.0
1120930 2118.4
1120940 2118.4
1120950 2113.0
1120960 2108.4
1120970 2108.4
1120980 2104.5
1120990 2101.3
1121000 2101.3
1121010 2099.1
1121020 2098.8
1121030 2098.8
1121040 2100.2
1121050 2101.9
1121060 2106.4
1121070 2106.4
1121080 2108.2
1121090 2109.2
1121100 2109.2
1121110 2109.7
1121120 2110.8
1121130 2110.8
1121140 2112.3
1121150 2114.8
1121160 2114.8
1121170 2118.1
1121180 2120.8
1121190 2120.8
1121200 2124.7
1121210 2129.1
1121220 2129.1
1121230 2132.5
1121240 2135.8
1121250 2135.8
1121260 2138.9
1121270 2141.6
1121280 2143.7
1121290 2143.7
1121300 2142.3
1121310 2139.9
1121320 2139.9
1121330 2141.0
1121340 2142.3
1121350 2142.3
1121360 2142.0
1121370 2143.0
1121380 2143.0
1121390 2145.7
1121400 2147.9
1121410 2147.9
1121420 2148.9
1121430 2151.1
1121440 2151.1
1121450 2153.0
1121460 2153.6
1121470 2153.6
1121480 2153.6
1121490 2154.0
1121500 2154.9
1121510 2154.9
1121520 2155.1
1121530 2154.8
1121540 2154.8
1121550 2155.1
1121560 2155.4
1121570 2155.4
1121580 2156.0
1121590 2156.8
1121600 2156.8
1121610 2157.2
1121620 2156.7
1121630 2156.7
1121640 2155.8
1121650 2154.7
1121660 2154.7
1121670 2152.6
1121680 2149.8
1121690 2148.1
1121700 2148.1
1121710 2146.5
1121720 2144.2
1121730 2144.2
1121740 2143.2
1121750 2145.2
1121760 2145.2
1121770 2145.8
1121780 2145.7
1121790 2145.7
1121800 2145.9
1121810 2147.3
1121820 2147.3
1121830 2149.3
1121840 2152.3
1121850 2152.3
1121860 2157.1
1121870 2162.4
1121880 2162.4
1121890 2168.3
1121900 2174.3
1121910 2179.8
1121920 2179.8
1121930 2186.9
1121940 2193.1
1121950 2193.1
1121960 2198.4
1121970 2204.2
1121980 2204.2
1121990 2211.0
1122000 2217.3
1122010 2217.3
1122020 2218.8
1122030 2217.8
1122040 2217.8
1122050 2217.2
1122060 2218.0
1122070 2218.0
1122080 2220.1
1122090 2220.5
1122100 2224.4
1122110 2226.6
1122120 2230.6
1122130 2236.3
1122140 2236.3
1122150 2243.5
1122160 2250.4
1122170 2250.4
1122180 2257.3
1122190 2261.9
1122200 2261.9
1122210 2267.3
1122220 2273.8
1122230 2273.8
1122240 2276.1
1122250 2277.5
1122260 2277.5
1122270 2277.8
1122280 2275.3
1122290 2275.3
1122300 2273.6
1122310 2274.1
1122320 2275.3
1122330 2275.3
1122340 2277.8
1122350 2281.3
1122360 2281.3
1122370 2281.3
1122380 2277.5
1122390 2277.5
1122400 2273.5
1122410 2272.3
1122420 2272.3
1122430 2270.4
1122440 2266.5
1122450 2271.0
1122460 2268.7
1122470 2265.5
1122480 2265.5
1122490 2265.8
1122500 2267.7
1122510 2267.7
1122520 2268.3
1122530 2269.6
1122540 2272.3
1122550 2272.3
1122560 2273.7
1122570 2273.8
1122580 2273.8
1122590 2274.2
1122600 2275.1
1122610 2275.1
1122620 2276.6
1122630 2279.0
1122640 2279.0
1122650 2281.3
1122660 2282.7
1122670 2282.7
1122680 2283.2
1122690 2284.4
1122700 2284.4
1122710 2284.7
1122720 2283.6
1122730 2283.6
1122740 2280.7
1122750 2280.2
1122760 2281.4
1122770 2281.4
1122780 2282.5
1122790 2282.4
1122800 2285.9
1122810 2287.7
1122820 2291.3
1122830 2291.3
1122840 2296.3
1122850 2301.5
1122860 2301.5
1122870 2307.2
1122880 2312.1
1122890 2312.1
1122900 2316.2
1122910 2320.0
1122920 2320.0
1122930 2322.2
1122940 2321.7
1122950 2319.2
1122960 2319.2
1122970 2318.2
1122980 2318.9
1122990 2318.9
1123000 2320.1
1123010 2318.2
1123020 2318.2
1123030 2310.9
1123040 2307.9
1123050 2307.9
1123060 2305.3
1123070 2304.7
1123080 2304.7
1123090 2300.6
1123100 2293.3
1123110 2293.3
1123120 2288.3
1123130 2284.8
1123140 2284.8
1123150 2286.0
1123160 2282.0
1123170 2277.1
1123180 2277.1
1123190 2271.8
1123200 2266.2
1123210 2266.2
1123220 2263.4
1123230 2261.2
1123240 2261.2
1123250 2257.1
1123260 2255.0
1123270 2255.0
1123280 2254.8
1123290 2255.0
1123300 2255.0
1123310 2255.4
1123320 2256.4
1123330 2256.4
1123340 2256.9
1123350 2257.5
1123360 2257.5
1123370 2257.4
1123380 2256.2
1123390 2256.7
1123400 2256.7
1123410 2259.8
1123420 2264.4
1123430 2264.4
1123440 2269.9
1123450 2273.8
1123460 2273.8
1123470 2277.0
1123480 2282.0
1123490 2282.0
1123500 2284.4
1123510 2284.1
1123520 2284.1
1123530 2280.3
1123540 2276.9
1123550 2276.9
1123560 2274.3
1123570 2272.3
1123580 2271.5
1123590 2271.5
1123600 2270.5
1123610 2269.5
1123620 2269.5
1123630 2269.0
1123640 2269.5
1123650 2269.5
1123660 2269.2
1123670 2268.7
1123680 2268.7
1123690 2268.7
1123700 2268.4
1123710 2268.4
1123720 2267.6
1123730 2266.7
1123740 2266.7
1123750 2266.6
1123760 2265.5
1123770 2265.5
1123780 2263.9
1123790 2262.5
1123800 2261.1
1123810 2261.1
1123820 2259.7
1123830 2258.2
1123840 2258.2
1123850 2254.9
1123860 2253.7
1123870 2253.7
1123880 2252.9
1123890 2251.9
1123900 2251.9
1123910 2249.8
1123920 2247.8
1123930 2247.8
1123940 2245.6
1123950 2243.6
1123960 2243.6
1123970 2241.2
1123980 2237.9
1123990 2237.9
1124000 2234.7
1124010 2231.3
1124020 2228.6
1124030 2228.6
1124040 2225.7
1124050 2223.6
1124060 2223.6
1124070 2223.1
1124080 2219.9
1124090 2219.9
1124100 2216.8
1124110 2213.7
1124120 2213.7
1124130 2210.2
1124140 2206.9
1124150 2206.9
1124160 2204.6
1124170 2201.8
1124180 2201.8
1124190 2197.8
1124200 2192.6
1124210 2189.4
1124220 2189.4
1124230 2186.0
1124240 2182.5
1124250 2182.5
1124260 2178.9
1124270 2174.3
1124280 2174.3
1124290 2170.0
1124300 2167.4
1124310 2167.4
1124320 2163.7
1124330 2158.3
1124340 2158.3
1124350 2151.3
1124360 2143.3
1124370 2143.3
1124380 2136.6
1124390 2130.5
1124400 2130.5
1124410 2122.9
1124420 2115.5
1124430 2112.6
1124440 2112.6
1124450 2112.3
1124460 2107.9
1124470 2107.9
1124480 2098.8
1124490 2089.8
1124500 2089.8
1124510 2082.5
1124520 2074.4
1124530 2074.4
1124540 2066.1
1124550 2058.5
1124560 2058.3
1124570 2051.3
1124580 2043.8
1124590 2043.8
1124600 2036.9
1124610 2031.0
1124620 2031.0
1124630 2026.0
1124640 2023.0
1124650 2018.6
1124660 2018.6
1124670 2015.3
1124680 2010.0
1124690 2010.0
1124700 2004.7
1124710 2001.3
1124720 2001.3
1124730 1998.1
1124740 1994.5
1124750 1994.5
1124760 1990.8
1124770 1988.0
1124780 1988.0
1124790 1984.5
1124800 1981.1
1124810 1981.1
1124820 1977.4
1124830 1973.4
1124840 1970.0
1124850 1970.0
1124860 1966.5
1124870 1963.0
1124880 1963.0
1124890 1960.3
1124900 1959.0
1124910 1956.2
1124920 1955.2
1124930 1953.7
1124940 1953.7
1124950 1952.1
1124960 1951.3
1124970 1951.3
1124980 1950.3
1124990 1949.2
1125000 1949.2
1125010 1948.5
1125020 1947.4
1125030 1947.4
1125040 1946.2
1125050 1945.3
1125060 1944.9
1125070 1944.9
1125080 1944.6
1125090 1941.9
1125100 1941.9
1125110 1941.4
1125120 1940.9
1125130 1940.9
1125140 1941.9
1125150 1941.2
1125160 1941.2
1125170 1941.2
1125180 1942.7
1125190 1942.7
1125200 1945.6
1125210 1947.6
1125220 1947.6
1125230 1948.7
1125240 1948.8
1125250 1948.8
1125260 1948.5
1125270 1952.1
1125280 1957.6
1125290 1957.6
1125300 1963.1
1125310 1969.1
1125320 1969.1
1125330 1974.2
1125340 1978.6
1125350 1978.6
1125360 1982.9
1125370 1987.5
1125380 1987.5
1125390 1992.5
1125400 1997.5
1125410 1997.5
1125420 2002.9
1125430 2008.4
1125440 2008.4
1125450 2013.5
1125460 2017.7
1125470 2021.6
1125480 2021.6
1125490 2025.5
1125500 2029.7
1125510 2029.7
1125520 2033.7
1125530 2038.2
1125540 2038.2
1125550 2043.0
1125560 2047.7
1125570 2047.7
1125580 2053.6
1125590 2061.3
1125600 2061.3
1125610 2063.7
1125620 2064.9
1125630 2064.9
1125640 2066.8
1125650 2067.6
1125660 2067.6
1125670 2068.9
1125680 2072.9
1125690 2076.1
1125700 2076.1
1125710 2077.0
1125720 2077.9
1125730 2077.9
1125740 2079.3
1125750 2081.3
1125760 2081.3
1125770 2083.0
1125780 2085.6
1125790 2085.6
1125800 2088.0
1125810 2090.9
1125820 2090.9
1125830 2094.6
1125840 2097.1
1125850 2097.1
1125860 2098.8
1125870 2100.0
1125880 2100.0
1125890 2100.8
1125900 2101.8
1125910 2103.5
1125920 2103.5
1125930 2105.8
1125940 2108.2
1125950 2108.2
1125960 2111.5
1125970 2116.4
1125980 2116.4
1125990 2120.7
1126000 2125.5
1126010 2125.5
1126020 2130.1
1126030 2134.0
1126040 2134.0
1126050 2137.6
1126060 2140.9
1126070 2140.9
1126080 2144.9
1126090 2149.1
1126100 2153.1
1126110 2153.1
1126120 2157.6
1126130 2162.5
1126140 2162.5
1126150 2168.9
1126160 2175.7
1126170 2175.7
1126180 2183.0
1126190 2189.8
1126200 2189.8
1126210 2196.9
1126220 2204.6
1126230 2204.6
1126240 2210.9
1126250 2217.6
1126260 2217.6
1126270 2224.8
1126280 2231.7
1126290 2231.7
1126300 2238.7
1126310 2247.5
1126320 2261.3
1126330 2261.3
1126340 2269.5
1126350 2276.7
1126360 2276.7
1126370 2284.4
1126380 2290.1
1126390 2290.1
1126400 2295.4
1126410 2301.3
1126420 2301.3
1126430 2307.5
1126440 2312.8
1126450 2312.8
1126460 2317.3
1126470 2319.9
1126480 2319.9
1126490 2321.1
1126500 2322.1
1126510 2322.1
1126520 2323.2
1126530 2325.9
1126540 2329.0
1126550 2329.0
1126560 2331.0
1126570 2333.8
1126580 2333.8
1126590 2337.1
1126600 2337.9
1126610 2337.9
1126620 2336.7
1126630 2335.5
1126640 2335.5
1126650 2334.2
1126660 2330.6
1126670 2328.2
1126680 2326.2
1126690 2325.5
1126700 2325.5
1126710 2324.1
1126720 2321.0
1126730 2317.7
1126740 2317.7
1126750 2314.0
1126760 2309.8
1126770 2309.8
1126780 2306.8
1126790 2304.6
1126800 2304.6
1126810 2304.5
1126820 2304.0
1126830 2304.0
1126840 2303.4
1126850 2304.1
1126860 2304.1
1126870 2306.2
1126880 2308.7
1126890 2308.7
1126900 2311.6
1126910 2314.0
1126920 2314.0
1126930 2316.1
1126940 2318.3
1126950 2319.9
1126960 2319.9
1126970 2321.4
1126980 2323.0
1126990 2323.0
1127000 2325.1
1127010 2326.2
1127020 2326.2
1127030 2328.3
1127040 2330.3
1127050 2330.3
1127060 2332.4
1127070 2334.1
1127080 2334.1
1127090 2335.1
1127100 2335.9
1127110 2335.9
1127120 2338.0
1127130 2341.4
1127140 2341.4
1127150 2344.0
1127160 2346.5
1127170 2348.8
1127180 2348.8
1127190 2351.3
1127200 2354.4
1127210 2354.4
1127220 2359.1
1127230 2363.2
1127240 2363.2
1127250 2367.1
1127260 2370.5
1127270 2370.5
1127280 2374.7
1127290 2380.6
1127300 2380.6
1127310 2388.5
1127320 2395.6
1127330 2395.6
1127340 2403.4
1127350 2409.0
1127360 2411.8
1127370 2411.8
1127380 2417.4
1127390 2419.3
1127400 2419.3
1127410 2420.4
1127420 2420.4
1127430 2420.4
1127440 2420.2
1127450 2421.0
1127460 2421.0
1127470 2421.5
1127480 2424.3
1127490 2424.3
1127500 2427.4
1127510 2428.0
1127520 2428.0
1127530 2428.3
1127540 2430.6
1127550 2430.6
1127560 2432.7
1127570 2434.1
1127580 2434.2
1127590 2434.2
1127600 2434.2
1127610 2434.6
1127620 2434.6
1127630 2435.3
1127640 2436.2
1127650 2436.2
1127660 2438.2
1127670 2441.5
1127680 2441.5
1127690 2443.2
1127700 2444.8
1127710 2444.8
1127720 2443.8
1127730 2442.8
1127740 2451.7
1127750 2452.7
1127760 2455.0
1127770 2455.0
1127780 2456.6
1127790 2456.9
1127800 2461.1
1127810 2461.1
1127820 2464.6
1127830 2465.7
1127840 2465.7
1127850 2466.5
1127860 2470.3
1127870 2470.3
1127880 2471.7
1127890 2472.6
1127900 2472.6
1127910 2472.9
1127920 2472.2
1127930 2472.2
1127940 2474.8
1127950 2476.2
1127960 2476.2
1127970 2474.4
1127980 2470.1
1127990 2464.8
1128000 2464.8
1128010 2466.3
1128020 2467.8
1128030 2467.8
1128040 2467.5
1128050 2465.6
1128060 2465.6
1128070 2465.3
1128080 2471.1
1128090 2473.5
1128100 2476.1
1128110 2478.6
1128120 2478.6
1128130 2479.9
1128140 2483.5
1128150 2483.5
1128160 2485.8
1128170 2487.2
1128180 2487.2
1128190 2486.8
1128200 2485.3
1128210 2484.2
1128220 2484.2
1128230 2484.9
1128240 2490.5
1128250 2490.5
1128260 2493.2
1128270 2493.7
1128280 2493.7
1128290 2492.7
1128300 2492.4
1128310 2492.4
1128320 2493.1
1128330 2493.5
1128340 2493.5
1128350 2493.7
1128360 2492.8
1128370 2492.8
1128380 2491.0
1128390 2487.6
1128400 2487.6
1128410 2479.1
1128420 2473.3
1128430 2466.9
1128440 2466.9
1128450 2467.2
1128460 2469.6
1128470 2469.6
1128480 2473.3
1128490 2477.2
1128500 2477.2
1128510 2480.1
1128520 2483.1
1128530 2483.1
1128540 2484.0
1128550 2485.0
1128560 2485.0
1128570 2486.2
1128580 2486.8
1128590 2486.8
1128600 2487.3
1128610 2486.8
1128620 2487.1
1128630 2487.1
1128640 2489.6
1128650 2490.7
1128660 2490.7
1128670 2492.9
1128680 2494.8
1128690 2494.8
1128700 2495.2
1128710 2496.8
1128720 2496.8
1128730 2497.3
1128740 2498.2
1128750 2498.2
1128760 2500.4
1128770 2504.3
1128780 2504.3
1128790 2507.3
1128800 2512.3
1128810 2512.3
1128820 2516.9
1128830 2519.5
1128840 2519.2
1128850 2519.2
1128860 2519.5
1128870 2519.8
1128880 2519.8
1128890 2520.6
1128900 2522.2
1128910 2522.2
1128920 2523.8
1128930 2524.7
1128940 2524.7
1128950 2525.7
1128960 2523.6
1128970 2523.6
1128980 2520.0
1128990 2518.5
1129000 2518.5
1129010 2518.8
1129020 2519.6
1129030 2519.6
1129040 2520.8
1129050 2519.8
1129060 2518.8
1129070 2518.8
1129080 2517.9
1129090 2516.0
1129100 2516.0
1129110 2512.5
1129120 2509.8
1129130 2509.8
1129140 2505.4
1129150 2501.8
1129160 2507.9
1129170 2505.8
1129180 2502.4
1129190 2502.4
1129200 2503.4
1129210 2509.8
1129220 2509.8
1129230 2517.3
1129240 2519.5
1129250 2514.7
1129260 2514.7
1129270 2515.0
1129280 2516.6
1129290 2516.6
1129300 2518.9
1129310 2518.7
1129320 2518.7
1129330 2518.6
1129340 2522.0
1129350 2522.0
1129360 2528.5
1129370 2532.2
1129380 2532.2
1129390 2536.0
1129400 2537.3
1129410 2537.3
1129420 2540.1
1129430 2546.3
1129440 2546.3
1129450 2551.6
1129460 2559.5
1129470 2574.6
1129480 2574.6
1129490 2582.3
1129500 2587.3
1129510 2588.3
1129520 2595.8
1129530 2600.8
1129540 2600.8
1129550 2603.0
1129560 2609.0
1129570 2609.0
1129580 2616.4
1129590 2621.8
1129600 2621.8
1129610 2625.0
1129620 2627.5
1129630 2627.5
1129640 2628.0
1129650 2627.2
1129660 2627.2
1129670 2629.3
1129680 2630.5
1129690 2627.9
1129700 2627.9
1129710 2627.3
1129720 2629.3
1129730 2629.3
1129740 2632.6
1129750 2635.8
1129760 2635.8
1129770 2637.4
1129780 2639.3
1129790 2639.3
1129800 2643.9
1129810 2646.9
1129820 2646.9
1129830 2648.6
1129840 2650.4
1129850 2650.4
1129860 2653.9
1129870 2660.9
1129880 2666.1
1129890 2666.1
1129900 2672.1
1129910 2677.5
1129920 2677.5
1129930 2682.5
1129940 2688.1
1129950 2688.1
1129960 2694.7
1129970 2702.1
1129980 2702.1
1129990 2709.5
1130000 2720.6
1130010 2720.6
1130020 2733.3
1130030 2750.1
1130040 2750.1
1130050 2760.5
1130060 2768.2
1130070 2768.2
1130080 2773.2
1130090 2777.8
1130100 2782.9
1130110 2782.9
1130120 2786.4
1130130 2789.0
1130140 2789.0
1130150 2792.6
1130160 2795.3
1130170 2795.3
1130180 2798.6
1130190 2801.2
1130200 2801.2
1130210 2800.2
1130220 2800.8
1130230 2791.0
1130240 2793.2
1130250 2793.0
1130260 2793.0
1130270 2795.7
1130280 2799.5
1130290 2799.5
1130300 2802.4
1130310 2805.4
1130320 2809.0
1130330 2809.0
1130340 2812.2
1130350 2814.1
1130360 2814.1
1130370 2813.9
1130380 2813.9
1130390 2813.9
1130400 2812.6
1130410 2809.0
1130420 2809.0
1130430 2801.9
1130440 2790.0
1130450 2790.0
1130460 2778.9
1130470 2771.1
1130480 2771.1
1130490 2764.5
1130500 2754.8
1130510 2740.1
1130520 2740.1
1130530 2732.2
1130540 2728.2
1130550 2728.2
1130560 2723.1
1130570 2718.1
1130580 2718.1
1130590 2707.3
1130600 2701.7
1130610 2701.7
1130620 2695.7
1130630 2689.6
1130640 2689.6
1130650 2683.4
1130660 2677.1
1130670 2677.1
1130680 2671.1
1130690 2665.9
1130700 2665.9
1130710 2661.8
1130720 2658.6
1130730 2656.7
1130740 2656.7
1130750 2654.9
1130760 2651.5
1130770 2651.5
1130780 2648.7
1130790 2647.6
1130800 2647.6
1130810 2645.8
1130820 2641.5
1130830 2641.5
1130840 2637.7
1130850 2635.4
1130860 2635.4
1130870 2632.0
1130880 2628.8
1130890 2628.8
1130900 2625.7
1130910 2622.0
1130920 2622.0
1130930 2617.7
1130940 2616.4
1130950 2613.7
1130960 2613.7
1130970 2612.1
1130980 2611.7
1130990 2611.7
1131000 2612.4
1131010 2613.0
1131020 2613.0
1131030 2612.9
1131040 2613.1
1131050 2613.1
1131060 2616.0
1131070 2616.8
1131080 2616.8
1131090 2614.8
1131100 2612.0
1131110 2612.0
1131120 2609.3
1131130 2606.7
1131140 2603.6
1131150 2603.6
1131160 2600.3
1131170 2595.6
1131180 2595.6
1131190 2590.4
1131200 2585.8
1131210 2585.8
1131220 2581.4
1131230 2574.9
1131240 2574.9
1131250 2570.9
1131260 2571.2
1131270 2571.2
1131280 2574.1
1131290 2575.2
1131300 2578.6
1131310 2576.5
1131320 2573.4
1131330 2573.4
1131340 2570.6
1131350 2562.7
1131360 2553.2
1131370 2553.2
1131380 2548.0
1131390 2544.3
1131400 2544.3
1131410 2542.8
1131420 2543.6
1131430 2543.6
1131440 2538.1
1131450 2536.7
1131460 2536.7
1131470 2533.2
1131480 2525.9
1131490 2525.9
1131500 2520.1
1131510 2512.1
1131520 2512.1
1131530 2497.8
1131540 2490.1
1131550 2490.1
1131560 2483.3
1131570 2477.1
1131580 2470.9
1131590 2470.9
1131600 2464.9
1131610 2460.0
1131620 2460.0
1131630 2456.4
1131640 2453.5
1131650 2453.5
1131660 2452.9
1131670 2450.1
1131680 2450.1
1131690 2447.6
1131700 2443.8
1131710 2443.8
1131720 2438.8
1131730 2433.5
1131740 2433.5
1131750 2427.9
1131760 2422.5
1131770 2417.0
1131780 2417.0
1131790 2411.9
1131800 2407.0
1131810 2407.0
1131820 2402.3
1131830 2398.5
1131840 2398.5
1131850 2394.7
1131860 2391.1
1131870 2391.1
1131880 2387.1
1131890 2384.4
1131900 2384.4
1131910 2384.0
1131920 2383.6
1131930 2383.6
1131940 2383.1
1131950 2382.9
1131960 2382.9
1131970 2382.2
1131980 2381.9
1131990 2382.2
1132000 2382.2
1132010 2385.3
1132020 2395.7
1132030 2395.7
1132040 2399.0
1132050 2398.3
1132060 2398.3
1132070 2396.3
1132080 2397.5
1132090 2397.5
1132100 2399.8
1132110 2400.9
1132120 2400.9
1132130 2401.2
1132140 2400.3
1132150 2400.3
1132160 2400.4
1132170 2401.5
1132180 2401.5
1132190 2402.6
1132200 2403.8
1132210 2405.7
1132220 2405.7
1132230 2408.1
1132240 2410.1
1132250 2410.1
1132260 2411.6
1132270 2414.0
1132280 2414.0
1132290 2417.3
1132300 2421.0
1132310 2421.0
1132320 2424.7
1132330 2428.4
1132340 2428.4
1132350 2431.6
1132360 2437.3
1132370 2437.3
1132380 2445.9
1132390 2453.3
1132400 2453.3
1132410 2458.7
1132420 2465.1
1132430 2470.7
1132440 2470.7
1132450 2474.7
1132460 2478.2
1132470 2478.2
1132480 2481.0
1132490 2483.6
1132500 2483.6
1132510 2487.0
1132520 2490.4
1132530 2490.4
1132540 2493.1
1132550 2496.0
1132560 2496.0
1132570 2499.4
1132580 2500.0
1132590 2500.0
1132600 2500.5
1132610 2500.7
1132620 2502.5
1132630 2502.5
1132640 2506.8
1132650 2512.9
1132660 2512.9
1132670 2518.6
1132680 2524.0
1132690 2524.0
1132700 2527.8
1132710 2529.6
1132720 2529.6
1132730 2531.5
1132740 2538.2
1132750 2538.2
1132760 2540.0
1132770 2541.6
1132780 2541.6
1132790 2541.9
1132800 2541.1
1132810 2541.1
1132820 2542.7
1132830 2544.2
1132840 2545.2
1132850 2545.2
1132860 2546.1
1132870 2547.0
1132880 2547.0
1132890 2548.6
1132900 2551.0
1132910 2551.0
1132920 2553.0
1132930 2555.3
1132940 2555.3
1132950 2558.2
1132960 2562.0
1132970 2562.0
1132980 2566.8
1132990 2571.6
1133000 2571.6
1133010 2576.5
1133020 2581.4
1133030 2581.4
1133040 2586.3
1133050 2590.9
1133060 2595.5
1133070 2595.5
1133080 2601.4
1133090 2607.9
1133100 2604.1
1133110 2610.4
1133120 2616.6
1133130 2616.6
1133140 2621.3
1133150 2623.0
1133160 2623.0
1133170 2619.2
1133180 2615.4
1133190 2615.4
1133200 2615.7
1133210 2616.6
1133220 2616.6
1133230 2616.2
1133240 2614.9
1133250 2614.9
1133260 2614.9
1133270 2615.9
1133280 2617.2
1133290 2617.2
1133300 2618.1
1133310 2618.9
1133320 2618.9
1133330 2619.0
1133340 2618.2
1133350 2618.2
1133360 2617.3
1133370 2616.6
1133380 2616.6
1133390 2616.0
1133400 2615.6
1133410 2615.6
1133420 2615.2
1133430 2615.4
1133440 2615.4
1133450 2615.0
1133460 2621.6
1133470 2621.7
1133480 2621.7
1133490 2623.7
1133500 2622.1
1133510 2622.1
1133520 2620.0
1133530 2618.1
1133540 2618.1
1133550 2613.9
1133560 2612.2
1133570 2612.2
1133580 2606.3
1133590 2603.9
1133600 2603.9
1133610 2603.2
1133620 2602.3
1133630 2602.3
1133640 2600.4
1133650 2597.3
1133660 2597.3
1133670 2594.8
1133680 2592.2
1133690 2588.8
1133700 2588.8
1133710 2584.9
1133720 2580.7
1133730 2580.7
1133740 2577.1
1133750 2572.0
1133760 2572.0
1133770 2566.6
1133780 2563.0
1133790 2563.0
1133800 2558.3
1133810 2553.1
1133820 2559.7
1133830 2556.2
1133840 2549.7
1133850 2549.7
1133860 2541.2
1133870 2532.1
1133880 2526.5
1133890 2526.5
1133900 2521.6
1133910 2516.0
1133920 2516.0
1133930 2509.7
1133940 2502.8
1133950 2502.8
1133960 2496.0
1133970 2488.2
1133980 2488.2
1133990 2477.6
1134000 2467.7
1134010 2467.7
1134020 2460.0
1134030 2453.2
1134040 2453.2
1134050 2447.2
1134060 2441.5
1134070 2441.5
1134080 2435.9
1134090 2430.6
1134100 2425.3
1134110 2425.3
1134120 2419.7
1134130 2414.2
1134140 2414.2
1134150 2409.6
1134160 2406.6
1134170 2406.6
1134180 2403.2
1134190 2402.2
1134200 2402.2
1134210 2402.7
1134220 2403.1
1134230 2403.1
1134240 2402.5
1134250 2400.4
1134260 2400.4
1134270 2397.3
1134280 2394.2
1134290 2394.2
1134300 2391.9
1134310 2390.0
1134320 2388.2
1134330 2388.2
1134340 2386.6
1134350 2385.7
1134360 2385.7
1134370 2384.3
1134380 2382.8
1134390 2382.8
1134400 2381.1
1134410 2379.1
1134420 2379.1
1134430 2377.3
1134440 2374.4
1134450 2374.4
1134460 2372.3
1134470 2370.5
1134480 2370.5
1134490 2369.1
1134500 2368.2
1134510 2368.2
1134520 2368.2
1134530 2368.4
1134540 2366.4
1134550 2366.4
1134560 2366.3
1134570 2365.3
1134580 2365.3
1134590 2363.9
1134600 2361.4
1134610 2361.4
1134620 2357.7
1134630 2353.0
1134640 2353.0
1134650 2347.1
1134660 2342.3
1134670 2342.3
1134680 2338.2
1134690 2334.3
1134700 2334.3
1134710 2330.5
1134720 2327.1
1134730 2323.9
1134740 2323.9
1134750 2320.7
1134760 2318.3
1134770 2318.3
1134780 2315.4
1134790 2312.6
1134800 2312.6
1134810 2310.0
1134820 2307.5
1134830 2307.5
1134840 2305.0
1134850 2302.5
1134860 2302.5
1134870 2300.0
1134880 2297.4
1134890 2297.4
1134900 2295.3
1134910 2292.6
1134920 2292.6
1134930 2290.3
1134940 2288.6
1134950 2287.4
1134960 2287.4
1134970 2285.4
1134980 2283.6
1134990 2283.6
1135000 2282.2
1135010 2281.6
1135020 2281.6
1135030 2281.7
1135040 2280.3
1135050 2280.3
1135060 2280.6
1135070 2281.3
1135080 2281.3
1135090 2281.0
1135100 2275.4
1135110 2275.4
1135120 2268.6
1135130 2263.6
1135140 2261.4
1135150 2261.4
1135160 2258.9
1135170 2255.2
1135180 2255.2
1135190 2252.0
1135200 2248.4
1135210 2248.4
1135220 2245.5
1135230 2242.4
1135240 2242.4
1135250 2239.4
1135260 2237.1
1135270 2236.1
1135280 2233.1
1135290 2230.8
1135300 2230.8
1135310 2228.5
1135320 2226.7
1135330 2226.7
1135340 2224.4
1135350 2221.2
1135360 2216.8
1135370 2216.8
1135380 2212.9
1135390 2208.6
1135400 2208.6
1135410 2204.6
1135420 2201.4
1135430 2201.4
1135440 2198.1
1135450 2195.6
1135460 2195.6
1135470 2197.3
1135480 2194.9
1135490 2194.9
1135500 2188.9
1135510 2182.7
1135520 2182.7
1135530 2177.6
1135540 2173.8
1135550 2173.6
1135560 2173.6
1135570 2173.8
1135580 2172.8
1135590 2172.8
1135600 2172.0
1135610 2171.2
1135620 2171.2
1135630 2164.3
1135640 2163.4
1135650 2163.4
1135660 2162.1
1135670 2160.3
1135680 2160.3
1135690 2159.6
1135700 2159.3
1135710 2159.3
1135720 2158.4
1135730 2156.7
1135740 2156.7
1135750 2156.2
1135760 2156.6
1135770 2156.6
1135780 2156.6
1135790 2157.4
1135800 2158.4
1135810 2158.4
1135820 2158.4
1135830 2157.6
1135840 2157.6
1135850 2157.1
1135860 2154.7
1135870 2154.7
1135880 2151.9
1135890 2149.4
1135900 2149.4
1135910 2146.9
1135920 2146.3
1135930 2146.3
1135940 2146.9
1135950 2148.4
1135960 2148.4
1135970 2149.8
1135980 2150.3
1135990 2145.9
1136000 2145.9
1136010 2145.2
1136020 2147.4
1136030 2147.4
1136040 2148.2
1136050 2147.7
1136060 2147.7
1136070 2146.3
1136080 2149.6
1136090 2149.6
1136100 2149.9
1136110 2149.2
1136120 2149.2
1136130 2150.6
1136140 2151.0
1136150 2151.0
1136160 2152.0
1136170 2152.9
1136180 2154.9
1136190 2154.9
1136200 2156.0
1136210 2156.3
1136220 2156.3
1136230 2156.1
1136240 2157.4
1136250 2157.4
1136260 2158.5
1136270 2158.5
1136280 2158.5
1136290 2154.9
1136300 2149.3
1136310 2149.3
1136320 2145.5
1136330 2144.0
1136340 2144.0
1136350 2144.3
1136360 2142.1
1136370 2142.1
1136380 2143.6
1136390 2143.6
1136400 2143.1
1136410 2143.1
1136420 2142.0
1136430 2143.0
1136440 2143.0
1136450 2145.0
1136460 2148.2
1136470 2148.2
1136480 2147.7
1136490 2146.3
1136500 2146.3
1136510 2147.3
1136520 2150.3
1136530 2150.3
1136540 2153.8
1136550 2157.0
1136560 2157.0
1136570 2160.7
1136580 2163.1
1136590 2163.1
1136600 2165.7
1136610 2168.1
1136620 2169.7
1136630 2169.7
1136640 2170.4
1136650 2171.9
1136660 2171.9
1136670 2173.8
1136680 2174.7
1136690 2174.7
1136700 2175.1
1136710 2175.6
1136720 2173.9
1136730 2174.8
1136740 2174.8
1136750 2174.8
1136760 2175.2
1136770 2175.8
1136780 2175.8
1136790 2176.1
1136800 2176.7
1136810 2177.2
1136820 2177.2
1136830 2177.4
1136840 2177.6
1136850 2177.6
1136860 2177.5
1136870 2176.8
1136880 2176.8
1136890 2176.2
1136900 2175.2
1136910 2175.2
1136920 2174.6
1136930 2174.1
1136940 2174.1
1136950 2173.5
1136960 2172.7
1136970 2172.7
1136980 2171.5
1136990 2169.9
1137000 2169.9
1137010 2168.5
1137020 2168.7
1137030 2168.1
1137040 2168.1
1137050 2167.0
1137060 2165.3
1137070 2165.3
1137080 2163.3
1137090 2160.4
1137100 2160.4
1137110 2158.5
1137120 2156.8
1137130 2156.8
1137140 2155.3
1137150 2153.7
1137160 2153.7
1137170 2152.2
1137180 2150.4
1137190 2150.4
1137200 2148.5
1137210 2146.8
1137220 2146.8
1137230 2145.4
1137240 2143.5
1137250 2141.8
1137260 2141.8
1137270 2140.0
1137280 2138.3
1137290 2138.3
1137300 2136.6
1137310 2135.1
1137320 2135.1
1137330 2133.3
1137340 2131.6
1137350 2131.6
1137360 2128.9
1137370 2126.1
1137380 2126.1
1137390 2124.0
1137400 2121.8
1137410 2121.8
1137420 2119.3
1137430 2117.2
1137440 2114.8
1137450 2116.1
1137460 2113.3
1137470 2111.1
1137480 2111.1
1137490 2107.5
1137500 2101.1
1137510 2101.1
1137520 2093.9
1137530 2088.2
1137540 2088.2
1137550 2084.6
1137560 2080.6
1137570 2080.6
1137580 2076.7
1137590 2073.6
1137600 2073.6
1137610 2070.6
1137620 2067.7
1137630 2067.7
1137640 2064.4
1137650 2060.8
1137660 2057.4
1137670 2057.4
1137680 2054.3
1137690 2051.5
1137700 2051.5
1137710 2048.8
1137720 2045.8
1137730 2045.8
1137740 2042.4
1137750 2039.5
1137760 2039.5
1137770 2036.2
1137780 2032.4
1137790 2032.4
1137800 2028.9
1137810 2025.4
1137820 2026.2
1137830 2022.9
1137840 2018.2
1137850 2018.2
1137860 2014.4
1137870 2010.0
1137880 2005.5
1137890 2005.5
1137900 2001.9
1137910 1998.5
1137920 1998.5
1137930 1994.8
1137940 1991.1
1137950 1991.1
1137960 1987.4
1137970 1983.6
1137980 1983.6
1137990 1981.3
1138000 1977.8
1138010 1977.8
1138020 1974.7
1138030 1971.9
1138040 1971.9
1138050 1968.5
1138060 1964.1
1138070 1960.0
1138080 1960.0
1138090 1954.1
1138100 1948.2
1138110 1948.2
1138120 1942.9
1138130 1937.0
1138140 1937.0
1138150 1930.6
1138160 1924.8
1138170 1924.8
1138180 1918.2
1138190 1913.6
1138200 1913.6
1138210 1908.2
1138220 1904.9
1138230 1904.9
1138240 1900.2
1138250 1895.5
1138260 1895.5
1138270 1890.5
1138280 1889.1
1138290 1887.8
1138300 1887.8
1138310 1887.6
1138320 1886.6
1138330 1886.6
1138340 1882.9
1138350 1878.1
1138360 1878.1
1138370 1877.5
1138380 1875.9
1138390 1875.9
1138400 1873.1
1138410 1867.9
1138420 1867.9
1138430 1861.2
1138440 1853.8
1138450 1853.8
1138460 1847.1
1138470 1840.3
1138480 1840.3
1138490 1833.0
1138500 1826.0
1138510 1818.8
1138520 1818.8
1138530 1810.1
1138540 1804.0
1138550 1810.7
1138560 1801.0
1138570 1790.7
1138580 1790.7
1138590 1779.3
1138600 1770.7
1138610 1770.7
1138620 1768.9
1138630 1762.5
1138640 1762.5
1138650 1753.0
1138660 1741.1
1138670 1741.1
1138680 1731.1
1138690 1722.2
1138700 1714.8
1138710 1714.8
1138720 1709.2
1138730 1703.1
1138740 1703.1
1138750 1702.2
1138760 1707.2
1138770 1707.2
1138780 1714.0
1138790 1720.5
1138800 1720.5
1138810 1726.2
1138820 1732.4
1138830 1732.4
1138840 1737.0
1138850 1739.8
1138860 1739.8
1138870 1742.6
1138880 1746.4
1138890 1746.4
1138900 1751.2
1138910 1749.1
1138920 1754.1
1138930 1754.1
1138940 1759.6
1138950 1765.6
1138960 1765.6
1138970 1772.4
1138980 1778.5
1138990 1778.5
1139000 1781.2
1139010 1777.8
1139020 1777.8
1139030 1772.3
1139040 1768.0
1139050 1768.0
1139060 1764.3
1139070 1760.7
1139080 1760.7
1139090 1757.9
1139100 1755.4
1139110 1755.4
1139120 1753.1
1139130 1749.3
1139140 1743.4
1139150 1743.4
1139160 1734.7
1139170 1721.0
1139180 1721.0
1139190 1709.7
1139200 1700.0
1139210 1700.0
1139220 1690.8
1139230 1681.8
1139240 1681.8
1139250 1673.2
1139260 1664.8
1139270 1664.8
1139280 1659.0
1139290 1650.5
1139300 1650.5
1139310 1641.9
1139320 1634.2
1139330 1629.1
1139340 1629.1
1139350 1624.4
1139360 1617.9
1139370 1617.9
1139380 1613.5
1139390 1612.5
1139400 1612.5
1139410 1613.9
1139420 1615.1
1139430 1615.1
1139440 1614.6
1139450 1614.0
1139460 1614.0
1139470 1614.3
1139480 1615.6
1139490 1615.6
1139500 1615.8
1139510 1616.1
1139520 1616.1
1139530 1617.4
1139540 1619.5
1139550 1622.1
1139560 1622.1
1139570 1625.4
1139580 1630.0
1139590 1630.0
1139600 1635.3
1139610 1632.0
1139620 1632.0
1139630 1624.6
1139640 1628.0
1139650 1621.0
1139660 1630.0
1139670 1640.2
1139680 1640.2
1139690 1650.2
1139700 1660.6
1139710 1660.6
1139720 1669.8
1139730 1678.4
1139740 1678.4
1139750 1687.7
1139760 1698.0
1139770 1705.5
1139780 1705.5
1139790 1709.1
1139800 1713.1
1139810 1713.1
1139820 1718.0
1139830 1722.4
1139840 1722.4
1139850 1724.0
1139860 1723.3
1139870 1723.3
1139880 1720.6
1139890 1717.3
1139900 1717.3
1139910 1720.5
1139920 1726.9
1139930 1726.9
1139940 1732.3
1139950 1738.2
1139960 1743.8
1139970 1743.8
1139980 1748.8
1139990 1753.5
