1120000 2079.4
1120010 2079.4
1120020 2082.2
1120030 2085.9
1120040 2085.9
1120050 2092.2
1120060 2097.9
1120070 2097.9
1120080 2101.6
1120090 2105.4
1120100 2108.5
1120110 2108.5
1120120 2113.6
1120130 2117.8
1120140 2117.8
1120150 2121.9
1120160 2125.9
1120170 2125.9
1120180 2129.8
1120190 2132.5
1120200 2132.5
1120210 2137.3
1120220 2143.3
1120230 2148.1
1120240 2154.4
1120250 2158.8
1120260 2158.8
1120270 2161.3
1120280 2163.7
1120290 2163.7
1120300 2167.3
1120310 2171.6
1120320 2175.8
1120330 2175.8
1120340 2179.9
1120350 2184.7
1120360 2184.7
1120370 2188.3
1120380 2190.4
1120390 2190.4
1120400 2192.9
1120410 2195.6
1120420 2195.6
1120430 2198.1
1120440 2201.2
1120450 2201.2
1120460 2205.6
1120470 2209.4
1120480 2209.4
1120490 2211.5
1120500 2214.0
1120510 2214.0
1120520 2218.1
1120530 2222.6
1120540 2228.3
1120550 2228.3
1120560 2232.8
1120570 2243.1
1120580 2243.1
1120590 2247.8
1120600 2252.2
1120610 2252.2
1120620 2254.3
1120630 2251.3
1120640 2251.3
1120650 2249.8
1120660 2250.9
1120670 2250.9
1120680 2250.1
1120690 2243.7
1120700 2243.7
1120710 2239.0
1120720 2242.5
1120730 2244.5
1120740 2244.5
1120750 2239.5
1120760 2235.6
1120770 2235.6
1120780 2234.7
1120790 2237.1
1120800 2237.1
1120810 2238.2
1120820 2236.1
1120830 2236.1
1120840 2234.2
1120850 2232.0
1120860 2232.0
1120870 2231.6
1120880 2232.8
1120890 2232.8
1120900 2232.8
1120910 2231.5
1120920 2234.1
1120930 2233.4
1120940 2232.4
1120950 2231.9
1120960 2231.9
1120970 2232.9
1120980 2235.5
1120990 2235.5
1121000 2239.9
1121010 2243.3
1121020 2243.3
1121030 2242.8
1121040 2242.2
1121050 2242.2
1121060 2241.4
1121070 2231.5
1121080 2231.5
1121090 2225.3
1121100 2222.1
1121110 2222.1
1121120 2221.1
1121130 2221.9
1121140 2221.9
1121150 2220.5
1121160 2221.0
1121170 2224.8
1121180 2224.8
1121190 2229.1
1121200 2230.2
1121210 2230.2
1121220 2227.4
1121230 2222.2
1121240 2222.2
1121250 2219.4
1121260 2219.5
1121270 2225.0
1121280 2224.1
1121290 2222.5
1121300 2222.5
1121310 2220.7
1121320 2220.9
1121330 2220.9
1121340 2223.6
1121350 2226.4
1121360 2228.8
1121370 2228.8
1121380 2230.0
1121390 2231.2
1121400 2231.2
1121410 2232.3
1121420 2233.9
1121430 2233.9
1121440 2235.1
1121450 2237.4
1121460 2237.4
1121470 2242.8
1121480 2248.8
1121490 2248.8
1121500 2253.2
1121510 2257.4
1121520 2257.4
1121530 2264.2
1121540 2274.1
1121550 2274.1
1121560 2282.2
1121570 2283.1
1121580 2281.2
1121590 2281.2
1121600 2279.7
1121610 2276.3
1121620 2283.2
1121630 2282.6
1121640 2282.3
1121650 2282.3
1121660 2280.1
1121670 2280.3
1121680 2280.3
1121690 2280.5
1121700 2284.1
1121710 2284.1
1121720 2288.3
1121730 2292.4
1121740 2292.4
1121750 2296.1
1121760 2300.3
1121770 2300.3
1121780 2306.4
1121790 2311.2
1121800 2311.7
1121810 2311.7
1121820 2311.4
1121830 2313.8
1121840 2313.8
1121850 2318.6
1121860 2323.3
1121870 2323.3
1121880 2323.6
1121890 2326.7
1121900 2326.7
1121910 2328.8
1121920 2330.5
1121930 2330.5
1121940 2332.5
1121950 2334.3
1121960 2334.3
1121970 2342.7
1121980 2343.6
1121990 2345.4
1122000 2345.4
1122010 2348.8
1122020 2353.0
1122030 2353.0
1122040 2356.2
1122050 2358.3
1122060 2358.3
1122070 2359.2
1122080 2357.7
1122090 2357.7
1122100 2353.5
1122110 2349.7
1122120 2349.7
1122130 2350.9
1122140 2354.5
1122150 2354.5
1122160 2359.4
1122170 2365.0
1122180 2365.0
1122190 2370.6
1122200 2377.0
1122210 2383.1
1122220 2383.1
1122230 2389.5
1122240 2396.2
1122250 2396.2
1122260 2404.4
1122270 2413.3
1122280 2413.3
1122290 2421.4
1122300 2430.3
1122310 2430.3
1122320 2441.8
1122330 2447.0
1122340 2447.0
1122350 2450.0
1122360 2452.5
1122370 2452.5
1122380 2454.1
1122390 2455.8
1122400 2455.8
1122410 2458.7
1122420 2462.3
1122430 2466.2
1122440 2466.2
1122450 2470.8
1122460 2474.4
1122470 2474.4
1122480 2476.0
1122490 2476.8
1122500 2476.8
1122510 2475.3
1122520 2472.0
1122530 2472.0
1122540 2469.3
1122550 2468.3
1122560 2468.3
1122570 2465.6
1122580 2461.2
1122590 2461.2
1122600 2456.6
1122610 2451.5
1122620 2446.8
1122630 2446.8
1122640 2442.4
1122650 2438.9
1122660 2438.9
1122670 2436.8
1122680 2433.3
1122690 2433.3
1122700 2430.0
1122710 2426.8
1122720 2426.8
1122730 2424.1
1122740 2422.2
1122750 2422.2
1122760 2421.4
1122770 2421.2
1122780 2421.2
1122790 2420.0
1122800 2417.8
1122810 2417.8
1122820 2415.6
1122830 2412.4
1122840 2410.1
1122850 2410.1
1122860 2408.1
1122870 2406.9
1122880 2406.9
1122890 2405.7
1122900 2404.2
1122910 2404.2
1122920 2402.0
1122930 2398.8
1122940 2398.8
1122950 2393.4
1122960 2389.6
1122970 2389.6
1122980 2387.5
1122990 2384.0
1123000 2384.0
1123010 2379.6
1123020 2366.1
1123030 2366.1
1123040 2360.5
1123050 2358.6
1123060 2355.8
1123070 2355.8
1123080 2352.8
1123090 2348.4
1123100 2348.4
1123110 2344.7
1123120 2342.9
1123130 2342.9
1123140 2341.2
1123150 2339.7
1123160 2339.7
1123170 2338.9
1123180 2337.0
1123190 2337.0
1123200 2333.3
1123210 2327.9
1123220 2327.9
1123230 2319.9
1123240 2313.1
1123250 2309.6
1123260 2309.6
1123270 2305.8
1123280 2297.6
1123290 2297.6
1123300 2289.0
1123310 2287.5
1123320 2287.5
1123330 2283.0
1123340 2278.2
1123350 2278.2
1123360 2273.9
1123370 2264.5
1123380 2264.5
1123390 2262.0
1123400 2259.8
1123410 2259.8
1123420 2257.9
1123430 2256.3
1123440 2256.3
1123450 2254.4
1123460 2251.9
1123470 2250.0
1123480 2250.0
1123490 2248.1
1123500 2245.9
1123510 2245.9
1123520 2243.5
1123530 2241.5
1123540 2241.5
1123550 2236.6
1123560 2231.3
1123570 2231.3
1123580 2225.9
1123590 2221.2
1123600 2221.2
1123610 2217.6
1123620 2216.2
1123630 2216.2
1123640 2214.6
1123650 2213.0
1123660 2213.0
1123670 2211.2
1123680 2209.8
1123690 2207.9
1123700 2207.9
1123710 2205.8
1123720 2204.2
1123730 2204.2
1123740 2202.2
1123750 2200.6
1123760 2200.6
1123770 2199.1
1123780 2197.8
1123790 2197.8
1123800 2196.5
1123810 2194.7
1123820 2194.7
1123830 2192.8
1123840 2191.3
1123850 2191.3
1123860 2189.5
1123870 2188.4
1123880 2187.4
1123890 2187.4
1123900 2186.4
1123910 2185.5
1123920 2185.5
1123930 2184.5
1123940 2183.5
1123950 2183.5
1123960 2182.4
1123970 2180.8
1123980 2180.8
1123990 2178.0
1124000 2173.6
1124010 2173.6
1124020 2169.0
1124030 2164.7
1124040 2164.7
1124050 2160.4
1124060 2156.6
1124070 2155.1
1124080 2152.1
1124090 2150.2
1124100 2149.0
1124110 2149.0
1124120 2149.2
1124130 2149.2
1124140 2149.2
1124150 2147.8
1124160 2145.8
1124170 2145.8
1124180 2143.3
1124190 2139.7
1124200 2139.7
1124210 2133.8
1124220 2126.5
1124230 2126.5
1124240 2119.7
1124250 2113.9
1124260 2113.9
1124270 2108.3
1124280 2102.9
1124290 2102.9
1124300 2098.7
1124310 2093.3
1124320 2086.5
1124330 2086.5
1124340 2078.8
1124350 2073.3
1124360 2073.3
1124370 2067.5
1124380 2062.1
1124390 2062.1
1124400 2057.5
1124410 2053.9
1124420 2049.1
1124430 2044.3
1124440 2039.2
1124450 2039.2
1124460 2034.0
1124470 2028.4
1124480 2028.4
1124490 2022.0
1124500 2009.4
1124510 2001.9
1124520 2001.9
1124530 1999.8
1124540 1991.3
1124550 1991.3
1124560 1983.1
1124570 1975.6
1124580 1975.6
1124590 1968.7
1124600 1961.4
1124610 1961.4
1124620 1955.1
1124630 1949.1
1124640 1949.1
1124650 1942.8
1124660 1936.2
1124670 1936.2
1124680 1930.2
1124690 1926.1
1124700 1926.1
1124710 1921.8
1124720 1919.0
1124730 1915.4
1124740 1915.4
1124750 1913.6
1124760 1913.3
1124770 1912.7
1124780 1914.1
1124790 1916.2
1124800 1916.2
1124810 1917.0
1124820 1917.8
1124830 1917.8
1124840 1919.5
1124850 1922.2
1124860 1922.2
1124870 1925.1
1124880 1927.9
1124890 1927.9
1124900 1930.5
1124910 1930.9
1124920 1930.9
1124930 1930.6
1124940 1929.2
1124950 1928.9
1124960 1928.9
1124970 1929.9
1124980 1931.6
1124990 1931.6
1125000 1933.4
1125010 1935.8
1125020 1935.8
1125030 1939.4
1125040 1943.7
1125050 1943.7
1125060 1948.4
1125070 1954.1
1125080 1954.1
1125090 1961.2
1125100 1964.1
1125110 1964.1
1125120 1965.9
1125130 1969.2
1125140 1970.9
1125150 1970.9
1125160 1972.8
1125170 1975.3
1125180 1975.3
1125190 1978.8
1125200 1982.5
1125210 1982.5
1125220 1985.3
1125230 1988.2
1125240 1988.2
1125250 1992.4
1125260 1998.2
1125270 1998.2
1125280 2004.1
1125290 2010.5
1125300 2010.5
1125310 2016.9
1125320 2024.0
1125330 2024.0
1125340 2033.5
1125350 2038.6
1125360 2044.3
1125370 2044.3
1125380 2049.9
1125390 2056.0
1125400 2056.0
1125410 2060.4
1125420 2066.2
1125430 2066.2
1125440 2072.8
1125450 2079.2
1125460 2079.2
1125470 2084.2
1125480 2095.4
1125490 2095.4
1125500 2099.5
1125510 2104.3
1125520 2104.3
1125530 2106.6
1125540 2110.3
1125550 2110.3
1125560 2112.8
1125570 2117.7
1125580 2120.5
1125590 2120.5
1125600 2122.4
1125610 2125.5
1125620 2125.5
1125630 2129.7
1125640 2134.8
1125650 2134.8
1125660 2139.3
1125670 2144.4
1125680 2144.4
1125690 2148.6
1125700 2150.7
1125710 2150.7
1125720 2153.0
1125730 2157.8
1125740 2157.8
1125750 2162.0
1125760 2166.3
1125770 2171.0
1125780 2171.0
1125790 2176.9
1125800 2183.5
1125810 2183.5
1125820 2190.1
1125830 2200.8
1125840 2200.8
1125850 2208.0
1125860 2214.6
1125870 2214.6
1125880 2221.5
1125890 2228.0
1125900 2228.0
1125910 2235.1
1125920 2241.2
1125930 2241.2
1125940 2245.2
1125950 2249.5
1125960 2249.5
1125970 2252.6
1125980 2254.3
1125990 2255.0
1126000 2255.0
1126010 2255.7
1126020 2256.1
1126030 2256.1
1126040 2255.0
1126050 2253.2
1126060 2253.2
1126070 2251.9
1126080 2251.0
1126090 2251.0
1126100 2253.3
1126110 2254.7
1126120 2254.7
1126130 2256.9
1126140 2259.8
1126150 2259.8
1126160 2260.5
1126170 2262.3
1126180 2266.3
1126190 2267.6
1126200 2270.1
1126210 2271.9
1126220 2271.9
1126230 2274.2
1126240 2276.8
1126250 2276.8
1126260 2279.8
1126270 2282.8
1126280 2282.8
1126290 2287.4
1126300 2291.7
1126310 2291.7
1126320 2297.7
1126330 2303.7
1126340 2303.7
1126350 2308.2
1126360 2311.9
1126370 2311.9
1126380 2314.9
1126390 2318.2
1126400 2322.3
1126410 2322.3
1126420 2325.4
1126430 2327.5
1126440 2327.5
1126450 2328.4
1126460 2328.8
1126470 2328.8
1126480 2330.2
1126490 2332.9
1126500 2332.9
1126510 2336.3
1126520 2339.8
1126530 2339.8
1126540 2343.9
1126550 2348.5
1126560 2348.5
1126570 2352.8
1126580 2356.4
1126590 2356.4
1126600 2359.1
1126610 2361.9
1126620 2363.3
1126630 2363.3
1126640 2363.0
1126650 2362.4
1126660 2362.4
1126670 2361.8
1126680 2364.6
1126690 2364.6
1126700 2368.6
1126710 2372.4
1126720 2372.4
1126730 2374.3
1126740 2376.5
1126750 2376.5
1126760 2377.8
1126770 2378.1
1126780 2378.1
1126790 2376.3
1126800 2373.3
1126810 2373.3
1126820 2371.1
1126830 2369.9
1126840 2368.1
1126850 2368.1
1126860 2366.8
1126870 2365.3
1126880 2365.3
1126890 2366.9
1126900 2366.2
1126910 2366.2
1126920 2366.2
1126930 2366.1
1126940 2366.1
1126950 2365.7
1126960 2365.7
1126970 2365.7
1126980 2367.9
1126990 2370.9
1127000 2370.9
1127010 2374.0
1127020 2377.6
1127030 2380.4
1127040 2380.4
1127050 2385.1
1127060 2388.7
1127070 2388.7
1127080 2390.8
1127090 2393.3
1127100 2393.3
1127110 2395.7
1127120 2399.1
1127130 2399.1
1127140 2403.3
1127150 2408.3
1127160 2408.3
1127170 2414.4
1127180 2420.6
1127190 2420.6
1127200 2426.2
1127210 2432.5
1127220 2432.5
1127230 2439.3
1127240 2446.1
1127250 2454.7
1127260 2454.7
1127270 2466.9
1127280 2476.1
1127290 2476.1
1127300 2480.3
1127310 2487.0
1127320 2487.0
1127330 2493.5
1127340 2493.8
1127350 2493.8
1127360 2491.6
1127370 2488.4
1127380 2488.4
1127390 2486.1
1127400 2481.4
1127410 2481.4
1127420 2475.8
1127430 2470.6
1127440 2467.2
1127450 2467.2
1127460 2465.1
1127470 2465.1
1127480 2465.1
1127490 2464.8
1127500 2466.7
1127510 2466.7
1127520 2470.1
1127530 2473.5
1127540 2473.5
1127550 2477.5
1127560 2481.7
1127570 2481.7
1127580 2485.0
1127590 2488.2
1127600 2488.1
1127610 2491.2
1127620 2494.8
1127630 2494.8
1127640 2497.4
1127650 2500.4
1127660 2502.1
1127670 2502.1
1127680 2502.3
1127690 2503.1
1127700 2503.1
1127710 2504.3
1127720 2505.9
1127730 2505.9
1127740 2508.3
1127750 2510.5
1127760 2510.5
1127770 2513.7
1127780 2516.5
1127790 2516.5
1127800 2519.4
1127810 2522.2
1127820 2522.2
1127830 2525.0
1127840 2529.9
1127850 2529.9
1127860 2534.7
1127870 2538.2
1127880 2543.3
1127890 2543.3
1127900 2550.8
1127910 2557.3
1127920 2557.3
1127930 2558.6
1127940 2557.0
1127950 2566.8
1127960 2563.3
1127970 2562.0
1127980 2562.0
1127990 2561.9
1128000 2562.2
1128010 2562.2
1128020 2561.6
1128030 2561.4
1128040 2561.4
1128050 2562.2
1128060 2563.7
1128070 2566.1
1128080 2566.1
1128090 2568.0
1128100 2567.9
1128110 2567.9
1128120 2567.2
1128130 2569.1
1128140 2569.1
1128150 2566.8
1128160 2563.3
1128170 2563.3
1128180 2561.1
1128190 2558.6
1128200 2558.6
1128210 2555.6
1128220 2553.9
1128230 2553.9
1128240 2553.0
1128250 2551.9
1128260 2551.9
1128270 2548.9
1128280 2544.6
1128290 2541.7
1128300 2541.7
1128310 2533.5
1128320 2532.5
1128330 2532.5
1128340 2535.8
1128350 2543.3
1128360 2543.3
1128370 2545.7
1128380 2547.8
1128390 2547.8
1128400 2550.9
1128410 2557.8
1128420 2557.8
1128430 2569.6
1128440 2577.8
1128450 2577.8
1128460 2577.1
1128470 2575.8
1128480 2575.8
1128490 2570.0
1128500 2566.7
1128510 2568.4
1128520 2568.4
1128530 2573.6
1128540 2580.9
1128550 2580.9
1128560 2579.8
1128570 2576.6
1128580 2576.6
1128590 2575.9
1128600 2574.5
1128610 2574.5
1128620 2579.6
1128630 2587.1
1128640 2587.1
1128650 2595.7
1128660 2599.4
1128670 2587.0
1128680 2594.9
1128690 2598.9
1128700 2600.1
1128710 2600.1
1128720 2595.9
1128730 2593.1
1128740 2593.1
1128750 2589.2
1128760 2587.2
1128770 2587.2
1128780 2584.9
1128790 2583.6
1128800 2583.6
1128810 2583.2
1128820 2583.2
1128830 2583.2
1128840 2585.4
1128850 2586.2
1128860 2586.2
1128870 2587.4
1128880 2589.5
1128890 2589.5
1128900 2592.4
1128910 2596.8
1128920 2600.8
1128930 2600.8
1128940 2603.9
1128950 2606.7
1128960 2606.7
1128970 2608.7
1128980 2612.4
1128990 2612.4
1129000 2618.1
1129010 2617.3
1129020 2621.8
1129030 2620.4
1129040 2613.8
1129050 2613.8
1129060 2605.3
1129070 2606.1
1129080 2606.1
1129090 2612.1
1129100 2619.1
1129110 2619.1
1129120 2623.1
1129130 2626.2
1129140 2629.2
1129150 2629.2
1129160 2630.8
1129170 2631.1
1129180 2631.1
1129190 2630.8
1129200 2632.4
1129210 2632.4
1129220 2634.2
1129230 2634.7
1129240 2634.7
1129250 2634.5
1129260 2634.1
1129270 2634.1
1129280 2633.0
1129290 2630.3
1129300 2630.3
1129310 2626.7
1129320 2623.6
1129330 2622.7
1129340 2622.7
1129350 2621.0
1129360 2615.2
1129370 2615.2
1129380 2615.6
1129390 2613.2
1129400 2613.2
1129410 2609.3
1129420 2606.4
1129430 2606.4
1129440 2602.6
1129450 2599.2
1129460 2599.2
1129470 2597.1
1129480 2597.4
1129490 2597.4
1129500 2600.2
1129510 2605.5
1129520 2605.5
1129530 2610.1
1129540 2614.3
1129550 2617.7
1129560 2617.7
1129570 2620.6
1129580 2624.8
1129590 2624.8
1129600 2630.8
1129610 2635.0
1129620 2635.0
1129630 2638.5
1129640 2644.2
1129650 2644.2
1129660 2648.3
1129670 2651.0
1129680 2651.0
1129690 2655.1
1129700 2659.3
1129710 2659.3
1129720 2662.1
1129730 2662.0
1129740 2662.0
1129750 2660.1
1129760 2653.5
1129770 2641.8
1129780 2641.8
1129790 2632.4
1129800 2634.5
1129810 2634.5
1129820 2634.9
1129830 2625.6
1129840 2625.6
1129850 2613.7
1129860 2604.8
1129870 2604.8
1129880 2604.5
1129890 2609.4
1129900 2609.4
1129910 2615.7
1129920 2621.9
1129930 2621.9
1129940 2615.5
1129950 2605.9
1129960 2608.2
1129970 2608.2
1129980 2615.2
1129990 2609.9
1130000 2609.9
1130010 2606.6
1130020 2613.9
1130030 2613.9
1130040 2625.8
1130050 2633.6
1130060 2633.6
1130070 2639.9
1130080 2638.8
1130090 2622.5
1130100 2620.0
1130110 2620.5
1130120 2620.5
1130130 2619.6
1130140 2615.8
1130150 2615.8
1130160 2616.6
1130170 2623.3
1130180 2622.1
1130190 2622.1
1130200 2624.3
1130210 2631.6
1130220 2631.6
1130230 2637.4
1130240 2642.2
1130250 2642.2
1130260 2642.0
1130270 2634.1
1130280 2634.1
1130290 2633.8
1130300 2639.2
1130310 2639.2
1130320 2646.5
1130330 2652.4
1130340 2652.4
1130350 2658.5
1130360 2661.1
1130370 2661.1
1130380 2656.3
1130390 2657.5
1130400 2663.3
1130410 2663.3
1130420 2673.1
1130430 2681.1
1130440 2681.1
1130450 2679.4
1130460 2687.5
1130470 2687.5
1130480 2695.4
1130490 2703.4
1130500 2703.4
1130510 2711.9
1130520 2718.5
1130530 2718.5
1130540 2725.2
1130550 2726.9
1130560 2726.9
1130570 2722.5
1130580 2717.9
1130590 2714.3
1130600 2714.3
1130610 2712.3
1130620 2710.6
1130630 2710.6
1130640 2709.5
1130650 2708.6
1130660 2708.6
1130670 2706.8
1130680 2703.5
1130690 2703.5
1130700 2699.3
1130710 2696.9
1130720 2696.9
1130730 2694.3
1130740 2691.5
1130750 2691.5
1130760 2688.7
1130770 2684.1
1130780 2684.1
1130790 2677.0
1130800 2668.3
1130810 2656.7
1130820 2656.7
1130830 2650.3
1130840 2644.5
1130850 2644.5
1130860 2639.3
1130870 2634.6
1130880 2634.6
1130890 2630.6
1130900 2627.3
1130910 2627.3
1130920 2624.5
1130930 2622.4
1130940 2622.4
1130950 2621.2
1130960 2620.6
1130970 2620.6
1130980 2621.2
1130990 2622.9
1131000 2622.9
1131010 2625.2
1131020 2626.7
1131030 2627.2
1131040 2627.2
1131050 2627.6
1131060 2627.5
1131070 2627.5
1131080 2626.9
1131090 2626.3
1131100 2626.3
1131110 2627.3
1131120 2626.2
1131130 2626.2
1131140 2624.8
1131150 2622.9
1131160 2622.9
1131170 2624.3
1131180 2621.1
1131190 2621.1
1131200 2615.4
1131210 2606.8
1131220 2599.7
1131230 2599.7
1131240 2593.5
1131250 2587.7
1131260 2587.7
1131270 2582.0
1131280 2576.5
1131290 2576.5
1131300 2570.9
1131310 2564.6
1131320 2564.6
1131330 2561.1
1131340 2558.5
1131350 2558.5
1131360 2556.0
1131370 2555.0
1131380 2555.0
1131390 2554.1
1131400 2552.9
1131410 2552.9
1131420 2550.3
1131430 2545.2
1131440 2538.4
1131450 2538.4
1131460 2532.7
1131470 2528.6
1131480 2528.6
1131490 2524.6
1131500 2519.2
1131510 2519.2
1131520 2514.7
1131530 2511.7
1131540 2511.7
1131550 2507.9
1131560 2503.6
1131570 2503.6
1131580 2500.8
1131590 2498.6
1131600 2498.6
1131610 2495.6
1131620 2491.9
1131630 2489.6
1131640 2489.6
1131650 2488.0
1131660 2486.1
1131670 2486.1
1131680 2484.3
1131690 2482.9
1131700 2482.9
1131710 2481.4
1131720 2480.0
1131730 2480.0
1131740 2480.0
1131750 2481.5
1131760 2481.5
1131770 2483.8
1131780 2486.1
1131790 2486.1
1131800 2487.3
1131810 2487.2
1131820 2487.2
1131830 2486.5
1131840 2485.7
1131850 2487.5
1131860 2487.5
1131870 2487.1
1131880 2488.8
1131890 2488.8
1131900 2486.0
1131910 2482.8
1131920 2482.8
1131930 2481.6
1131940 2482.6
1131950 2482.6
1131960 2483.8
1131970 2484.7
1131980 2484.7
1131990 2485.3
1132000 2486.5
1132010 2486.5
1132020 2487.6
1132030 2489.1
1132040 2489.1
1132050 2489.7
1132060 2488.5
1132070 2486.3
1132080 2486.3
1132090 2484.8
1132100 2483.8
1132110 2483.8
1132120 2484.8
1132130 2486.5
1132140 2486.5
1132150 2488.3
1132160 2488.6
1132170 2488.6
1132180 2487.8
1132190 2486.9
1132200 2486.9
1132210 2487.0
1132220 2487.8
1132230 2487.8
1132240 2491.6
1132250 2494.4
1132260 2496.8
1132270 2496.8
1132280 2499.9
1132290 2503.4
1132300 2503.4
1132310 2507.0
1132320 2510.6
1132330 2510.6
1132340 2514.5
1132350 2518.0
1132360 2518.0
1132370 2520.8
1132380 2522.8
1132390 2522.8
1132400 2524.2
1132410 2527.1
1132420 2527.1
1132430 2531.2
1132440 2535.8
1132450 2535.8
1132460 2540.0
1132470 2543.0
1132480 2546.3
1132490 2546.3
1132500 2551.2
1132510 2557.2
1132520 2557.2
1132530 2562.8
1132540 2567.7
1132550 2567.7
1132560 2569.9
1132570 2570.5
1132580 2570.5
1132590 2570.3
1132600 2572.6
1132610 2572.6
1132620 2574.5
1132630 2577.5
1132640 2577.5
1132650 2579.4
1132660 2580.3
1132670 2580.3
1132680 2580.8
1132690 2581.8
1132700 2582.5
1132710 2582.5
1132720 2581.1
1132730 2578.3
1132740 2578.3
1132750 2576.1
1132760 2574.3
1132770 2574.3
1132780 2573.5
1132790 2573.4
1132800 2573.4
1132810 2573.4
1132820 2573.4
1132830 2573.4
1132840 2573.4
1132850 2573.4
1132860 2573.4
1132870 2573.4
1132880 2573.4
1132890 2573.4
1132900 2573.4
1132910 2573.4
1132920 2573.4
1132930 2573.4
1132940 2573.5
1132950 2575.7
1132960 2575.4
1132970 2580.3
1132980 2584.4
1132990 2584.4
1133000 2588.2
1133010 2592.6
1133020 2592.6
1133030 2599.1
1133040 2605.7
1133050 2605.7
1133060 2609.1
1133070 2612.4
1133080 2612.4
1133090 2616.2
1133100 2619.7
1133110 2621.9
1133120 2621.9
1133130 2623.3
1133140 2625.0
1133150 2625.0
1133160 2627.2
1133170 2630.2
1133180 2630.2
1133190 2632.7
1133200 2633.5
1133210 2633.5
1133220 2634.9
1133230 2636.1
1133240 2636.1
1133250 2637.4
1133260 2638.5
1133270 2638.5
1133280 2640.7
1133290 2642.9
1133300 2642.9
1133310 2645.4
1133320 2651.4
1133330 2654.6
1133340 2654.6
1133350 2657.6
1133360 2660.0
1133370 2660.0
1133380 2661.7
1133390 2663.5
1133400 2663.5
1133410 2665.6
1133420 2667.9
1133430 2667.9
1133440 2670.4
1133450 2672.7
1133460 2672.7
1133470 2674.9
1133480 2679.6
1133490 2679.6
1133500 2685.6
1133510 2692.3
1133520 2699.1
1133530 2699.1
1133540 2704.9
1133550 2703.5
1133560 2703.5
1133570 2697.3
1133580 2693.4
1133590 2693.4
1133600 2691.4
1133610 2690.8
1133620 2690.8
1133630 2688.9
1133640 2689.2
1133650 2689.2
1133660 2682.7
1133670 2672.3
1133680 2667.3
1133690 2654.7
1133700 2643.8
1133710 2643.8
1133720 2634.4
1133730 2625.5
1133740 2616.6
1133750 2616.6
1133760 2607.9
1133770 2600.7
1133780 2600.7
1133790 2594.8
1133800 2589.2
1133810 2589.2
1133820 2584.1
1133830 2579.3
1133840 2579.3
1133850 2574.5
1133860 2569.6
1133870 2569.6
1133880 2564.6
1133890 2559.5
1133900 2559.5
1133910 2554.3
1133920 2549.2
1133930 2549.2
1133940 2543.8
1133950 2538.0
1133960 2532.6
1133970 2532.6
1133980 2527.5
1133990 2522.4
1134000 2522.4
1134010 2517.4
1134020 2513.0
1134030 2513.0
1134040 2508.8
1134050 2503.1
1134060 2503.1
1134070 2498.9
1134080 2496.6
1134090 2496.6
1134100 2493.0
1134110 2489.2
1134120 2489.2
1134130 2486.0
1134140 2483.5
1134150 2481.5
1134160 2481.5
1134170 2479.6
1134180 2476.8
1134190 2476.8
1134200 2470.3
1134210 2465.2
1134220 2465.2
1134230 2462.4
1134240 2460.0
1134250 2460.0
1134260 2457.0
1134270 2453.2
1134280 2453.2
1134290 2449.9
1134300 2448.5
1134310 2448.5
1134320 2447.3
1134330 2446.1
1134340 2446.1
1134350 2444.4
1134360 2442.4
1134370 2441.5
1134380 2441.5
1134390 2439.8
1134400 2434.4
1134410 2428.9
1134420 2422.3
1134430 2416.4
1134440 2416.4
1134450 2411.6
1134460 2408.0
1134470 2408.0
1134480 2404.7
1134490 2401.7
1134500 2401.7
1134510 2398.4
1134520 2393.9
1134530 2393.9
1134540 2389.9
1134550 2386.8
1134560 2386.8
1134570 2384.4
1134580 2382.2
1134590 2379.6
1134600 2379.6
1134610 2376.9
1134620 2374.0
1134630 2374.0
1134640 2371.0
1134650 2367.8
1134660 2367.8
1134670 2364.3
1134680 2360.8
1134690 2360.8
1134700 2357.0
1134710 2353.5
1134720 2353.5
1134730 2351.5
1134740 2349.4
1134750 2349.4
1134760 2347.2
1134770 2347.7
1134780 2345.7
1134790 2345.7
1134800 2343.4
1134810 2339.9
1134820 2339.9
1134830 2336.3
1134840 2333.6
1134850 2333.6
1134860 2329.5
1134870 2325.0
1134880 2325.0
1134890 2322.4
1134900 2321.7
1134910 2321.7
1134920 2321.5
1134930 2320.6
1134940 2320.6
1134950 2317.6
1134960 2313.4
1134970 2313.4
1134980 2309.9
1134990 2307.7
1135000 2305.2
1135010 2305.2
1135020 2301.2
1135030 2296.4
1135040 2296.4
1135050 2292.0
1135060 2288.8
1135070 2288.8
1135080 2286.8
1135090 2284.8
1135100 2284.8
1135110 2283.2
1135120 2281.3
1135130 2287.2
1135140 2285.6
1135150 2286.1
1135160 2286.1
1135170 2286.9
1135180 2285.7
1135190 2285.7
1135200 2282.5
1135210 2278.5
1135220 2273.7
1135230 2273.7
1135240 2270.1
1135250 2267.3
1135260 2267.3
1135270 2265.0
1135280 2263.6
1135290 2263.6
1135300 2262.3
1135310 2261.3
1135320 2261.3
1135330 2259.8
1135340 2258.4
1135350 2258.4
1135360 2257.6
1135370 2256.3
1135380 2256.3
1135390 2254.4
1135400 2252.5
1135410 2250.6
1135420 2250.6
1135430 2248.4
1135440 2246.1
1135450 2246.1
1135460 2243.4
1135470 2240.5
1135480 2240.5
1135490 2243.5
1135500 2241.8
1135510 2241.8
1135520 2240.6
1135530 2238.8
1135540 2238.8
1135550 2236.9
1135560 2235.5
1135570 2235.5
1135580 2234.5
1135590 2233.5
1135600 2233.5
1135610 2232.0
1135620 2230.4
1135630 2229.0
1135640 2229.0
1135650 2227.5
1135660 2225.4
1135670 2225.4
1135680 2223.4
1135690 2221.3
1135700 2221.3
1135710 2219.4
1135720 2217.6
1135730 2217.6
1135740 2215.6
1135750 2213.5
1135760 2213.5
1135770 2211.1
1135780 2208.4
1135790 2208.4
1135800 2206.3
1135810 2204.1
1135820 2201.7
1135830 2201.7
1135840 2198.6
1135850 2199.4
1135860 2199.4
1135870 2195.8
1135880 2193.1
1135890 2193.1
1135900 2190.6
1135910 2187.5
1135920 2187.5
1135930 2184.2
1135940 2181.6
1135950 2181.6
1135960 2178.7
1135970 2175.5
1135980 2175.5
1135990 2172.9
1136000 2169.9
1136010 2169.9
1136020 2167.1
1136030 2164.4
1136040 2161.4
1136050 2161.4
1136060 2159.3
1136070 2156.1
1136080 2156.1
1136090 2152.1
1136100 2148.7
1136110 2148.7
1136120 2145.6
1136130 2142.9
1136140 2142.9
1136150 2139.5
1136160 2136.4
1136170 2136.4
1136180 2132.7
1136190 2128.9
1136200 2128.9
1136210 2125.6
1136220 2120.7
1136230 2120.7
1136240 2116.9
1136250 2113.1
1136260 2108.7
1136270 2108.7
1136280 2104.4
1136290 2100.3
1136300 2100.3
1136310 2096.3
1136320 2091.9
1136330 2091.9
1136340 2087.4
1136350 2082.9
1136360 2082.9
1136370 2078.0
1136380 2074.0
1136390 2074.0
1136400 2069.7
1136410 2064.5
1136420 2064.5
1136430 2058.9
1136440 2053.5
1136450 2048.4
1136460 2048.4
1136470 2043.2
1136480 2037.8
1136490 2037.8
1136500 2032.2
1136510 2026.4
1136520 2026.4
1136530 2020.5
1136540 2014.1
1136550 2014.1
1136560 2008.2
1136570 2002.9
1136580 2003.6
1136590 1997.3
1136600 1991.3
1136610 1991.3
1136620 1985.6
1136630 1980.6
1136640 1980.6
1136650 1975.4
1136660 1968.5
1136670 1964.0
1136680 1964.0
1136690 1963.3
1136700 1964.6
1136710 1964.6
1136720 1969.7
1136730 1973.8
1136740 1973.8
1136750 1977.2
1136760 1980.9
1136770 1980.9
1136780 1984.4
1136790 1987.6
1136800 1987.6
1136810 1992.3
1136820 1997.2
1136830 1997.2
1136840 2001.2
1136850 2006.3
1136860 2006.3
1136870 2011.5
1136880 2016.8
1136890 2022.6
1136900 2022.6
1136910 2030.8
1136920 2039.8
1136930 2039.8
1136940 2050.9
1136950 2054.9
1136960 2054.9
1136970 2064.3
1136980 2069.1
1136990 2069.1
1137000 2071.9
1137010 2073.0
1137020 2073.0
1137030 2072.6
1137040 2071.5
1137050 2071.5
1137060 2069.7
1137070 2068.9
1137080 2070.5
1137090 2070.5
1137100 2072.5
1137110 2073.4
1137120 2073.4
1137130 2073.6
1137140 2072.7
1137150 2072.7
1137160 2071.7
1137170 2070.4
1137180 2070.4
1137190 2069.0
1137200 2067.6
1137210 2067.6
1137220 2064.4
1137230 2060.3
1137240 2060.3
1137250 2058.3
1137260 2057.0
1137270 2057.0
1137280 2055.1
1137290 2054.4
1137300 2051.3
1137310 2047.8
1137320 2044.1
1137330 2042.4
1137340 2042.4
1137350 2041.2
1137360 2038.6
1137370 2038.6
1137380 2036.7
1137390 2035.3
1137400 2035.3
1137410 2032.4
1137420 2029.1
1137430 2029.1
1137440 2026.6
1137450 2024.2
1137460 2024.2
1137470 2021.6
1137480 2016.3
1137490 2016.3
1137500 2013.2
1137510 2010.4
1137520 2008.8
1137530 2008.8
1137540 2007.1
1137550 2005.2
1137560 2005.2
1137570 2004.0
1137580 2003.5
1137590 2003.5
1137600 2002.2
1137610 1999.5
1137620 1999.5
1137630 1996.4
1137640 1993.4
1137650 1993.4
1137660 1990.2
1137670 1986.1
1137680 1977.5
1137690 1973.0
1137700 1968.1
1137710 1962.0
1137720 1962.0
1137730 1957.4
1137740 1954.1
1137750 1954.1
1137760 1950.3
1137770 1946.8
1137780 1946.8
1137790 1942.9
1137800 1938.7
1137810 1938.7
1137820 1934.1
1137830 1929.2
1137840 1929.2
1137850 1923.0
1137860 1916.4
1137870 1916.4
1137880 1909.8
1137890 1903.9
1137900 1903.9
1137910 1897.6
1137920 1892.0
1137930 1889.6
1137940 1889.6
1137950 1886.4
1137960 1880.8
1137970 1880.8
1137980 1875.2
1137990 1868.5
1138000 1868.5
1138010 1860.1
1138020 1853.1
1138030 1853.1
1138040 1840.3
1138050 1832.2
1138060 1832.2
1138070 1823.8
1138080 1813.8
1138090 1813.8
1138100 1804.3
1138110 1800.0
1138120 1800.0
1138130 1798.1
1138140 1794.9
1138150 1789.5
1138160 1789.5
1138170 1785.5
1138180 1783.1
1138190 1783.1
1138200 1780.0
1138210 1774.7
1138220 1774.7
1138230 1771.5
1138240 1769.3
1138250 1769.3
1138260 1767.0
1138270 1765.2
1138280 1765.2
1138290 1763.5
1138300 1761.9
1138310 1761.9
1138320 1760.6
1138330 1760.1
1138340 1759.1
1138350 1759.1
1138360 1755.7
1138370 1749.0
1138380 1749.0
1138390 1744.2
1138400 1741.3
1138410 1737.2
1138420 1734.4
1138430 1730.1
1138440 1730.1
1138450 1725.5
1138460 1722.1
1138470 1722.1
1138480 1718.4
1138490 1711.4
1138500 1711.4
1138510 1703.7
1138520 1697.6
1138530 1697.6
1138540 1693.2
1138550 1685.9
1138560 1679.1
1138570 1679.1
1138580 1677.2
1138590 1674.4
1138600 1674.4
1138610 1670.8
1138620 1671.0
1138630 1671.0
1138640 1669.4
1138650 1666.6
1138660 1666.6
1138670 1664.1
1138680 1660.5
1138690 1660.5
1138700 1657.0
1138710 1654.7
1138720 1654.7
1138730 1651.6
1138740 1647.6
1138750 1643.7
1138760 1643.7
1138770 1634.9
1138780 1634.9
1138790 1634.9
1138800 1634.2
1138810 1631.4
1138820 1631.4
1138830 1627.5
1138840 1623.7
1138850 1623.7
1138860 1620.8
1138870 1618.5
1138880 1618.5
1138890 1615.4
1138900 1604.3
1138910 1604.3
1138920 1597.0
1138930 1596.4
1138940 1596.4
1138950 1596.8
1138960 1598.2
1138970 1600.8
1138980 1600.8
1138990 1601.8
1139000 1601.4
1139010 1601.4
1139020 1599.2
1139030 1596.8
1139040 1596.8
1139050 1594.4
1139060 1591.8
1139070 1591.8
1139080 1589.1
1139090 1587.0
1139100 1587.0
1139110 1586.1
1139120 1585.8
1139130 1585.8
1139140 1579.1
1139150 1577.4
1139160 1577.4
1139170 1575.0
1139180 1572.1
1139190 1569.7
1139200 1569.7
1139210 1568.8
1139220 1565.9
1139230 1565.9
1139240 1561.1
1139250 1555.6
1139260 1555.6
1139270 1550.9
1139280 1548.9
1139290 1548.9
1139300 1548.4
1139310 1549.0
1139320 1549.0
1139330 1550.8
1139340 1552.5
1139350 1552.5
1139360 1553.5
1139370 1553.5
1139380 1552.6
1139390 1552.6
1139400 1550.4
1139410 1548.0
1139420 1548.0
1139430 1548.3
1139440 1547.6
1139450 1547.6
1139460 1545.5
1139470 1542.7
1139480 1542.7
1139490 1543.2
1139500 1543.9
1139510 1538.3
1139520 1537.6
1139530 1537.1
1139540 1537.1
1139550 1537.0
1139560 1536.4
1139570 1536.4
1139580 1535.8
1139590 1533.2
1139600 1527.8
1139610 1527.8
1139620 1523.8
1139630 1524.4
1139640 1524.4
1139650 1526.0
1139660 1527.3
1139670 1527.3
1139680 1528.0
1139690 1529.1
1139700 1529.1
1139710 1529.8
1139720 1529.9
1139730 1529.9
1139740 1529.5
1139750 1529.9
1139760 1529.9
1139770 1531.9
1139780 1533.9
1139790 1533.9
1139800 1534.8
1139810 1535.0
1139820 1535.0
1139830 1535.0
1139840 1535.7
1139850 1536.5
1139860 1536.5
1139870 1530.4
1139880 1531.3
1139890 1531.3
1139900 1531.2
1139910 1530.9
1139920 1530.9
1139930 1530.2
1139940 1527.5
1139950 1527.5
1139960 1525.1
1139970 1525.8
1139980 1525.8
1139990 1526.3
