1120000 1874.6
1120010 1875.9
1120020 1876.9
1120030 1876.9
1120040 1877.6
1120050 1878.5
1120060 1878.5
1120070 1879.3
1120080 1880.3
1120090 1881.8
1120100 1881.8
1120110 1883.4
1120120 1885.3
1120130 1885.3
1120140 1887.1
1120150 1888.5
1120160 1888.5
1120170 1889.1
1120180 1889.6
1120190 1889.6
1120200 1890.8
1120210 1893.9
1120220 1893.9
1120230 1895.2
1120240 1896.7
1120250 1896.7
1120260 1897.7
1120270 1898.5
1120280 1898.5
1120290 1899.7
1120300 1900.4
1120310 1900.2
1120320 1900.2
1120330 1899.9
1120340 1901.0
1120350 1901.0
1120360 1902.8
1120370 1904.3
1120380 1904.3
1120390 1906.0
1120400 1908.0
1120410 1908.0
1120420 1909.9
1120430 1912.1
1120440 1912.1
1120450 1914.5
1120460 1916.8
1120470 1916.8
1120480 1918.9
1120490 1921.2
1120500 1924.5
1120510 1924.5
1120520 1928.3
1120530 1933.2
1120540 1933.2
1120550 1940.0
1120560 1948.7
1120570 1948.7
1120580 1955.3
1120590 1963.2
1120600 1963.2
1120610 1968.9
1120620 1972.5
1120630 1972.5
1120640 1975.4
1120650 1978.6
1120660 1978.6
1120670 1981.9
1120680 1984.7
1120690 1984.7
1120700 1989.9
1120710 1996.7
1120720 2001.1
1120730 2001.1
1120740 2004.5
1120750 2005.6
1120760 2005.6
1120770 2005.7
1120780 2007.0
1120790 2007.0
1120800 2009.2
1120810 2012.3
1120820 2012.3
1120830 2015.2
1120840 2017.5
1120850 2017.5
1120860 2019.3
1120870 2021.5
1120880 2021.5
1120890 2024.3
1120900 2025.6
1120910 2028.1
1120920 2028.8
1120930 2028.5
1120940 2028.5
1120950 2028.5
1120960 2029.7
1120970 2032.3
1120980 2032.3
1120990 2035.2
1121000 2037.1
1121010 2037.1
1121020 2037.9
1121030 2038.5
1121040 2038.5
1121050 2039.7
1121060 2043.3
1121070 2043.3
1121080 2047.0
1121090 2049.8
1121100 2049.8
1121110 2051.7
1121120 2054.1
1121130 2054.1
1121140 2057.0
1121150 2060.5
1121160 2062.5
1121170 2062.5
1121180 2062.2
1121190 2061.8
1121200 2061.8
1121210 2061.5
1121220 2062.0
1121230 2062.0
1121240 2063.1
1121250 2065.5
1121260 2069.7
1121270 2071.3
1121280 2073.5
1121290 2073.5
1121300 2075.4
1121310 2076.3
1121320 2076.3
1121330 2076.1
1121340 2078.0
1121350 2081.1
1121360 2081.1
1121370 2082.5
1121380 2081.6
1121390 2081.6
1121400 2079.1
1121410 2077.6
1121420 2077.6
1121430 2076.5
1121440 2074.9
1121450 2074.9
1121460 2074.2
1121470 2074.9
1121480 2074.9
1121490 2076.9
1121500 2078.6
1121510 2078.6
1121520 2079.5
1121530 2080.4
1121540 2080.4
1121550 2080.9
1121560 2080.9
1121570 2080.7
1121580 2080.7
1121590 2080.7
1121600 2083.6
1121610 2083.6
1121620 2085.3
1121630 2086.3
1121640 2086.3
1121650 2087.5
1121660 2089.5
1121670 2089.5
1121680 2090.8
1121690 2090.9
1121700 2090.9
1121710 2091.2
1121720 2092.9
1121730 2092.9
1121740 2094.4
1121750 2095.1
1121760 2095.1
1121770 2095.9
1121780 2096.2
1121790 2096.4
1121800 2096.4
1121810 2097.8
1121820 2099.5
1121830 2099.5
1121840 2098.9
1121850 2098.2
1121860 2098.2
1121870 2103.2
1121880 2106.8
1121890 2106.8
1121900 2109.3
1121910 2111.2
1121920 2111.2
1121930 2111.7
1121940 2110.2
1121950 2115.2
1121960 2114.4
1121970 2111.3
1121980 2108.8
1121990 2108.8
1122000 2106.6
1122010 2105.5
1122020 2105.5
1122030 2104.7
1122040 2105.1
1122050 2105.1
1122060 2107.9
1122070 2108.9
1122080 2108.9
1122090 2109.1
1122100 2110.2
1122110 2110.2
1122120 2111.4
1122130 2112.4
1122140 2112.4
1122150 2113.5
1122160 2113.3
1122170 2113.3
1122180 2112.5
1122190 2114.1
1122200 2115.6
1122210 2115.6
1122220 2116.8
1122230 2117.8
1122240 2117.8
1122250 2118.8
1122260 2120.2
1122270 2120.2
1122280 2121.4
1122290 2122.6
1122300 2124.9
1122310 2126.5
1122320 2128.6
1122330 2128.6
1122340 2131.0
1122350 2133.5
1122360 2133.5
1122370 2135.1
1122380 2136.3
1122390 2136.3
1122400 2137.2
1122410 2137.6
1122420 2138.2
1122430 2138.2
1122440 2139.1
1122450 2139.8
1122460 2139.8
1122470 2140.3
1122480 2140.8
1122490 2140.8
1122500 2141.1
1122510 2141.5
1122520 2141.5
1122530 2142.0
1122540 2142.6
1122550 2142.6
1122560 2143.3
1122570 2144.7
1122580 2144.7
1122590 2146.1
1122600 2147.6
1122610 2149.1
1122620 2149.1
1122630 2151.4
1122640 2155.1
1122650 2158.1
1122660 2161.6
1122670 2164.1
1122680 2164.1
1122690 2166.6
1122700 2169.9
1122710 2169.9
1122720 2173.3
1122730 2176.7
1122740 2176.7
1122750 2178.7
1122760 2180.0
1122770 2180.0
1122780 2180.9
1122790 2183.1
1122800 2183.1
1122810 2186.3
1122820 2189.4
1122830 2192.1
1122840 2192.1
1122850 2194.8
1122860 2198.1
1122870 2198.1
1122880 2201.3
1122890 2203.3
1122900 2203.3
1122910 2204.9
1122920 2206.2
1122930 2206.2
1122940 2207.3
1122950 2208.4
1122960 2208.4
1122970 2210.0
1122980 2211.8
1122990 2211.8
1123000 2213.8
1123010 2214.7
1123020 2214.7
1123030 2214.9
1123040 2215.2
1123050 2215.8
1123060 2215.8
1123070 2217.2
1123080 2218.4
1123090 2218.4
1123100 2219.7
1123110 2220.8
1123120 2220.8
1123130 2222.2
1123140 2223.5
1123150 2223.5
1123160 2224.6
1123170 2225.9
1123180 2225.9
1123190 2226.9
1123200 2227.3
1123210 2227.3
1123220 2227.1
1123230 2226.9
1123240 2226.9
1123250 2227.2
1123260 2227.3
1123270 2227.6
1123280 2227.6
1123290 2228.9
1123300 2230.8
1123310 2230.8
1123320 2232.9
1123330 2234.5
1123340 2234.5
1123350 2233.4
1123360 2234.0
1123370 2234.0
1123380 2234.5
1123390 2236.0
1123400 2236.0
1123410 2237.9
1123420 2239.6
1123430 2239.6
1123440 2242.2
1123450 2244.1
1123460 2244.9
1123470 2244.9
1123480 2245.5
1123490 2246.2
1123500 2246.2
1123510 2247.0
1123520 2247.5
1123530 2247.5
1123540 2247.6
1123550 2247.2
1123560 2247.2
1123570 2246.8
1123580 2246.6
1123590 2246.6
1123600 2246.2
1123610 2246.0
1123620 2246.0
1123630 2246.2
1123640 2246.4
1123650 2246.4
1123660 2246.3
1123670 2246.7
1123680 2248.5
1123690 2248.5
1123700 2248.4
1123710 2250.4
1123720 2250.4
1123730 2254.0
1123740 2257.7
1123750 2257.7
1123760 2260.0
1123770 2260.9
1123780 2260.9
1123790 2261.7
1123800 2265.1
1123810 2265.1
1123820 2271.2
1123830 2277.9
1123840 2277.9
1123850 2285.6
1123860 2295.6
1123870 2295.6
1123880 2308.5
1123890 2318.7
1123900 2327.4
1123910 2327.4
1123920 2333.3
1123930 2339.3
1123940 2339.3
1123950 2344.8
1123960 2351.1
1123970 2351.1
1123980 2360.5
1123990 2361.9
1124000 2361.9
1124010 2354.6
1124020 2346.7
1124030 2346.7
1124040 2337.2
1124050 2325.2
1124060 2325.2
1124070 2321.2
1124080 2318.1
1124090 2315.1
1124100 2315.1
1124110 2311.9
1124120 2307.7
1124130 2307.7
1124140 2303.7
1124150 2300.7
1124160 2300.7
1124170 2296.4
1124180 2291.6
1124190 2291.6
1124200 2287.5
1124210 2283.7
1124220 2283.7
1124230 2278.7
1124240 2267.0
1124250 2267.0
1124260 2264.7
1124270 2262.1
1124280 2262.1
1124290 2260.7
1124300 2262.1
1124310 2257.8
1124320 2257.8
1124330 2252.8
1124340 2248.8
1124350 2248.8
1124360 2244.4
1124370 2241.8
1124380 2241.8
1124390 2241.3
1124400 2239.4
1124410 2233.3
1124420 2232.6
1124430 2232.5
1124440 2232.5
1124450 2234.5
1124460 2233.6
1124470 2233.6
1124480 2228.7
1124490 2223.6
1124500 2223.6
1124510 2223.5
1124520 2216.8
1124530 2202.5
1124540 2202.5
1124550 2195.4
1124560 2190.9
1124570 2190.9
1124580 2185.1
1124590 2178.9
1124600 2178.9
1124610 2174.8
1124620 2171.1
1124630 2171.1
1124640 2166.6
1124650 2159.7
1124660 2159.7
1124670 2153.8
1124680 2150.8
1124690 2150.8
1124700 2146.8
1124710 2142.6
1124720 2141.0
1124730 2141.0
1124740 2139.7
1124750 2139.0
1124760 2131.6
1124770 2131.9
1124780 2133.6
1124790 2133.6
1124800 2130.5
1124810 2126.2
1124820 2126.2
1124830 2122.3
1124840 2117.5
1124850 2117.5
1124860 2112.0
1124870 2104.2
1124880 2104.2
1124890 2099.4
1124900 2094.2
1124910 2094.2
1124920 2090.0
1124930 2086.3
1124940 2082.3
1124950 2082.3
1124960 2078.2
1124970 2073.1
1124980 2073.1
1124990 2067.7
1125000 2062.8
1125010 2062.8
1125020 2061.0
1125030 2057.7
1125040 2057.7
1125050 2055.9
1125060 2049.9
1125070 2049.9
1125080 2041.4
1125090 2037.4
1125100 2037.4
1125110 2043.1
1125120 2048.7
1125130 2048.7
1125140 2051.2
1125150 2053.4
1125160 2054.3
1125170 2054.3
1125180 2056.5
1125190 2058.9
1125200 2058.9
1125210 2061.7
1125220 2065.0
1125230 2065.0
1125240 2068.0
1125250 2070.2
1125260 2070.2
1125270 2070.7
1125280 2070.5
1125290 2070.5
1125300 2070.0
1125310 2069.7
1125320 2069.7
1125330 2069.9
1125340 2070.6
1125350 2070.9
1125360 2070.9
1125370 2069.9
1125380 2068.5
1125390 2068.5
1125400 2066.6
1125410 2064.2
1125420 2064.2
1125430 2060.6
1125440 2058.2
1125450 2058.2
1125460 2053.8
1125470 2053.8
1125480 2053.8
1125490 2055.5
1125500 2058.2
1125510 2058.2
1125520 2061.9
1125530 2065.0
1125540 2065.0
1125550 2066.2
1125560 2065.3
1125570 2064.8
1125580 2064.8
1125590 2065.4
1125600 2066.1
1125610 2066.1
1125620 2065.8
1125630 2065.3
1125640 2065.3
1125650 2064.0
1125660 2061.2
1125670 2061.2
1125680 2058.6
1125690 2058.4
1125700 2058.4
1125710 2058.4
1125720 2058.4
1125730 2058.4
1125740 2063.9
1125750 2071.0
1125760 2071.0
1125770 2074.6
1125780 2077.2
1125790 2079.3
1125800 2079.3
1125810 2081.7
1125820 2083.7
1125830 2083.7
1125840 2086.3
1125850 2089.1
1125860 2089.1
1125870 2091.7
1125880 2094.1
1125890 2094.1
1125900 2096.1
1125910 2098.2
1125920 2098.2
1125930 2100.9
1125940 2103.8
1125950 2103.8
1125960 2106.6
1125970 2109.5
1125980 2112.3
1125990 2112.3
1126000 2114.8
1126010 2117.4
1126020 2117.4
1126030 2120.2
1126040 2122.9
1126050 2122.9
1126060 2125.8
1126070 2128.8
1126080 2128.8
1126090 2131.6
1126100 2134.2
1126110 2134.2
1126120 2134.4
1126130 2136.1
1126140 2136.1
1126150 2138.7
1126160 2140.1
1126170 2146.2
1126180 2149.4
1126190 2152.0
1126200 2154.7
1126210 2154.7
1126220 2157.7
1126230 2160.1
1126240 2160.1
1126250 2162.6
1126260 2164.9
1126270 2164.9
1126280 2169.7
1126290 2175.4
1126300 2175.4
1126310 2180.0
1126320 2183.9
1126330 2183.9
1126340 2186.8
1126350 2191.2
1126360 2191.2
1126370 2195.5
1126380 2200.9
1126390 2200.9
1126400 2204.7
1126410 2206.8
1126420 2207.9
1126430 2207.9
1126440 2209.1
1126450 2210.4
1126460 2210.4
1126470 2213.5
1126480 2217.4
1126490 2217.4
1126500 2221.9
1126510 2226.7
1126520 2226.0
1126530 2229.5
1126540 2233.2
1126550 2233.2
1126560 2238.9
1126570 2244.8
1126580 2244.8
1126590 2249.1
1126600 2253.3
1126610 2253.3
1126620 2256.7
1126630 2259.6
1126640 2262.6
1126650 2262.6
1126660 2264.1
1126670 2265.7
1126680 2265.7
1126690 2266.1
1126700 2265.6
1126710 2265.6
1126720 2264.9
1126730 2263.8
1126740 2263.8
1126750 2263.3
1126760 2264.5
1126770 2264.5
1126780 2266.8
1126790 2270.0
1126800 2270.0
1126810 2275.2
1126820 2277.8
1126830 2277.2
1126840 2277.2
1126850 2274.9
1126860 2271.9
1126870 2271.9
1126880 2272.7
1126890 2272.5
1126900 2272.5
1126910 2271.8
1126920 2273.1
1126930 2273.1
1126940 2275.2
1126950 2277.6
1126960 2277.6
1126970 2280.5
1126980 2283.6
1126990 2283.6
1127000 2286.4
1127010 2290.2
1127020 2290.2
1127030 2295.7
1127040 2301.4
1127050 2306.8
1127060 2306.8
1127070 2312.1
1127080 2317.9
1127090 2317.9
1127100 2323.2
1127110 2328.4
1127120 2328.4
1127130 2333.2
1127140 2337.6
1127150 2337.6
1127160 2343.7
1127170 2350.4
1127180 2350.4
1127190 2356.3
1127200 2362.4
1127210 2362.4
1127220 2368.8
1127230 2367.6
1127240 2367.6
1127250 2372.7
1127260 2377.5
1127270 2380.0
1127280 2380.0
1127290 2385.0
1127300 2389.9
1127310 2389.9
1127320 2391.2
1127330 2393.1
1127340 2393.1
1127350 2393.1
1127360 2391.9
1127370 2391.9
1127380 2390.8
1127390 2388.8
1127400 2388.8
1127410 2384.5
1127420 2380.9
1127430 2380.9
1127440 2378.5
1127450 2376.9
1127460 2375.9
1127470 2375.9
1127480 2375.3
1127490 2374.8
1127500 2374.8
1127510 2375.6
1127520 2376.9
1127530 2376.9
1127540 2377.2
1127550 2377.3
1127560 2377.3
1127570 2376.4
1127580 2374.2
1127590 2374.2
1127600 2373.8
1127610 2373.3
1127620 2373.3
1127630 2372.8
1127640 2372.3
1127650 2372.3
1127660 2371.2
1127670 2369.7
1127680 2368.8
1127690 2368.8
1127700 2369.0
1127710 2370.3
1127720 2370.3
1127730 2371.7
1127740 2373.9
1127750 2373.9
1127760 2377.0
1127770 2378.7
1127780 2378.7
1127790 2379.0
1127800 2380.4
1127810 2380.4
1127820 2381.7
1127830 2383.7
1127840 2383.7
1127850 2387.4
1127860 2389.6
1127870 2389.6
1127880 2387.8
1127890 2384.7
1127900 2383.5
1127910 2383.5
1127920 2381.3
1127930 2377.2
1127940 2379.3
1127950 2375.3
1127960 2370.5
1127970 2370.5
1127980 2366.0
1127990 2361.4
1128000 2361.4
1128010 2357.9
1128020 2357.6
1128030 2357.6
1128040 2359.4
1128050 2362.1
1128060 2362.1
1128070 2364.2
1128080 2364.9
1128090 2365.0
1128100 2365.0
1128110 2362.8
1128120 2361.1
1128130 2361.1
1128140 2362.5
1128150 2366.3
1128160 2366.3
1128170 2369.5
1128180 2371.0
1128190 2371.0
1128200 2369.8
1128210 2368.9
1128220 2368.9
1128230 2368.3
1128240 2364.6
1128250 2364.6
1128260 2362.6
1128270 2362.0
1128280 2362.0
1128290 2364.6
1128300 2362.2
1128310 2360.2
1128320 2360.2
1128330 2359.2
1128340 2358.5
1128350 2358.5
1128360 2355.6
1128370 2351.1
1128380 2351.1
1128390 2349.5
1128400 2348.7
1128410 2348.7
1128420 2348.8
1128430 2351.6
1128440 2351.6
1128450 2355.0
1128460 2357.1
1128470 2357.1
1128480 2358.8
1128490 2361.1
1128500 2361.1
1128510 2363.7
1128520 2365.7
1128530 2368.2
1128540 2368.2
1128550 2369.4
1128560 2372.3
1128570 2372.3
1128580 2376.9
1128590 2380.8
1128600 2380.8
1128610 2385.9
1128620 2391.8
1128630 2391.8
1128640 2394.8
1128650 2400.5
1128660 2400.5
1128670 2402.7
1128680 2404.8
1128690 2404.8
1128700 2405.3
1128710 2405.7
1128720 2406.2
1128730 2406.2
1128740 2405.3
1128750 2403.7
1128760 2403.7
1128770 2403.3
1128780 2403.1
1128790 2403.1
1128800 2403.6
1128810 2403.9
1128820 2403.9
1128830 2404.6
1128840 2403.3
1128850 2403.3
1128860 2404.9
1128870 2409.4
1128880 2409.4
1128890 2411.0
1128900 2412.1
1128910 2412.1
1128920 2415.2
1128930 2419.6
1128940 2425.1
1128950 2425.1
1128960 2426.9
1128970 2427.7
1128980 2427.7
1128990 2430.6
1129000 2435.2
1129010 2438.7
1129020 2442.6
1129030 2445.2
1129040 2445.2
1129050 2447.6
1129060 2455.9
1129070 2455.9
1129080 2462.8
1129090 2465.1
1129100 2465.1
1129110 2464.4
1129120 2462.6
1129130 2462.6
1129140 2461.8
1129150 2460.1
1129160 2455.0
1129170 2455.0
1129180 2449.9
1129190 2447.5
1129200 2447.5
1129210 2446.6
1129220 2448.4
1129230 2448.4
1129240 2451.4
1129250 2455.4
1129260 2455.4
1129270 2459.3
1129280 2463.7
1129290 2463.7
1129300 2469.3
1129310 2474.7
1129320 2474.7
1129330 2479.7
1129340 2483.2
1129350 2486.0
1129360 2489.5
1129370 2491.9
1129380 2494.1
1129390 2494.1
1129400 2497.1
1129410 2499.8
1129420 2499.8
1129430 2503.5
1129440 2506.2
1129450 2506.2
1129460 2508.4
1129470 2509.8
1129480 2509.8
1129490 2511.4
1129500 2513.6
1129510 2513.6
1129520 2515.5
1129530 2517.0
1129540 2517.0
1129550 2517.7
1129560 2519.0
1129570 2520.7
1129580 2520.7
1129590 2522.3
1129600 2525.0
1129610 2525.0
1129620 2528.3
1129630 2530.2
1129640 2530.2
1129650 2532.3
1129660 2533.3
1129670 2533.3
1129680 2533.6
1129690 2534.6
1129700 2534.6
1129710 2535.9
1129720 2538.6
1129730 2538.6
1129740 2541.2
1129750 2544.4
1129760 2544.4
1129770 2546.9
1129780 2548.7
1129790 2551.4
1129800 2551.4
1129810 2555.1
1129820 2558.7
1129830 2558.7
1129840 2562.5
1129850 2565.7
1129860 2565.7
1129870 2567.2
1129880 2568.7
1129890 2568.7
1129900 2571.0
1129910 2574.0
1129920 2574.0
1129930 2575.8
1129940 2578.4
1129950 2578.4
1129960 2579.4
1129970 2581.2
1129980 2581.2
1129990 2583.2
1130000 2585.3
1130010 2587.8
1130020 2587.8
1130030 2591.2
1130040 2596.6
1130050 2596.6
1130060 2601.5
1130070 2605.9
1130080 2609.4
1130090 2614.0
1130100 2618.6
1130110 2618.6
1130120 2623.3
1130130 2628.1
1130140 2628.1
1130150 2632.7
1130160 2637.2
1130170 2637.2
1130180 2642.2
1130190 2646.4
1130200 2650.5
1130210 2650.5
1130220 2655.2
1130230 2659.8
1130240 2659.8
1130250 2664.4
1130260 2669.0
1130270 2669.0
1130280 2673.1
1130290 2677.2
1130300 2677.2
1130310 2681.1
1130320 2685.3
1130330 2685.3
1130340 2689.7
1130350 2694.8
1130360 2694.8
1130370 2699.9
1130380 2704.8
1130390 2704.8
1130400 2709.4
1130410 2713.7
1130420 2718.2
1130430 2723.5
1130440 2727.9
1130450 2732.0
1130460 2732.0
1130470 2735.9
1130480 2740.0
1130490 2740.0
1130500 2744.4
1130510 2748.4
1130520 2748.4
1130530 2752.6
1130540 2757.4
1130550 2757.4
1130560 2762.3
1130570 2765.7
1130580 2765.7
1130590 2769.3
1130600 2774.9
1130610 2774.9
1130620 2786.1
1130630 2792.5
1130640 2795.5
1130650 2795.5
1130660 2800.6
1130670 2809.1
1130680 2809.1
1130690 2802.6
1130700 2794.3
1130710 2794.3
1130720 2792.9
1130730 2791.5
1130740 2791.5
1130750 2783.6
1130760 2775.8
1130770 2775.8
1130780 2767.1
1130790 2750.8
1130800 2750.8
1130810 2737.7
1130820 2726.3
1130830 2718.8
1130840 2718.8
1130850 2709.0
1130860 2699.4
1130870 2699.4
1130880 2693.5
1130890 2687.7
1130900 2687.7
1130910 2679.4
1130920 2669.0
1130930 2669.0
1130940 2657.2
1130950 2649.7
1130960 2649.7
1130970 2642.9
1130980 2636.4
1130990 2636.4
1131000 2629.9
1131010 2624.0
1131020 2624.0
1131030 2618.7
1131040 2614.4
1131050 2610.1
1131060 2610.1
1131070 2605.8
1131080 2602.2
1131090 2602.2
1131100 2599.9
1131110 2594.1
1131120 2594.1
1131130 2587.0
1131140 2581.2
1131150 2581.3
1131160 2576.9
1131170 2573.8
1131180 2573.8
1131190 2570.2
1131200 2566.5
1131210 2566.5
1131220 2563.4
1131230 2560.6
1131240 2560.6
1131250 2558.6
1131260 2558.0
1131270 2557.7
1131280 2557.7
1131290 2556.5
1131300 2554.1
1131310 2554.1
1131320 2550.6
1131330 2547.9
1131340 2547.9
1131350 2545.9
1131360 2543.9
1131370 2543.9
1131380 2541.9
1131390 2541.1
1131400 2541.1
1131410 2540.8
1131420 2540.5
1131430 2540.5
1131440 2540.3
1131450 2540.3
1131460 2540.0
1131470 2540.0
1131480 2539.2
1131490 2538.2
1131500 2538.2
1131510 2534.0
1131520 2529.8
1131530 2529.8
1131540 2524.0
1131550 2515.4
1131560 2515.4
1131570 2507.6
1131580 2499.7
1131590 2499.7
1131600 2491.1
1131610 2483.7
1131620 2483.7
1131630 2476.5
1131640 2470.3
1131650 2470.3
1131660 2464.0
1131670 2457.3
1131680 2451.0
1131690 2451.0
1131700 2445.4
1131710 2440.1
1131720 2440.1
1131730 2435.7
1131740 2432.1
1131750 2432.1
1131760 2427.8
1131770 2422.7
1131780 2422.7
1131790 2416.2
1131800 2410.4
1131810 2410.4
1131820 2404.5
1131830 2398.9
1131840 2398.9
1131850 2393.8
1131860 2388.7
1131870 2393.3
1131880 2387.4
1131890 2381.4
1131900 2375.5
1131910 2375.5
1131920 2370.0
1131930 2365.5
1131940 2365.5
1131950 2361.8
1131960 2358.0
1131970 2358.0
1131980 2356.0
1131990 2355.5
1132000 2355.5
1132010 2355.6
1132020 2358.7
1132030 2358.7
1132040 2361.1
1132050 2362.3
1132060 2362.3
1132070 2363.5
1132080 2364.8
1132090 2366.3
1132100 2366.3
1132110 2367.8
1132120 2369.2
1132130 2369.2
1132140 2370.8
1132150 2372.5
1132160 2372.5
1132170 2374.1
1132180 2376.1
1132190 2376.1
1132200 2377.3
1132210 2378.9
1132220 2378.9
1132230 2382.2
1132240 2384.2
1132250 2384.2
1132260 2385.9
1132270 2388.8
1132280 2388.8
1132290 2391.7
1132300 2395.6
1132310 2399.9
1132320 2399.9
1132330 2404.3
1132340 2408.0
1132350 2408.0
1132360 2410.9
1132370 2413.8
1132380 2413.8
1132390 2418.0
1132400 2421.4
1132410 2421.4
1132420 2424.9
1132430 2428.9
1132440 2428.9
1132450 2433.6
1132460 2439.6
1132470 2439.6
1132480 2445.3
1132490 2450.4
1132500 2450.4
1132510 2455.0
1132520 2459.6
1132530 2463.8
1132540 2463.8
1132550 2467.5
1132560 2471.8
1132570 2471.8
1132580 2476.9
1132590 2482.2
1132600 2482.2
1132610 2486.3
1132620 2490.5
1132630 2490.5
1132640 2494.5
1132650 2498.1
1132660 2498.1
1132670 2501.6
1132680 2505.2
1132690 2505.2
1132700 2508.0
1132710 2510.4
1132720 2512.9
1132730 2512.9
1132740 2515.5
1132750 2519.5
1132760 2519.5
1132770 2523.3
1132780 2527.5
1132790 2527.5
1132800 2531.8
1132810 2536.3
1132820 2536.3
1132830 2541.2
1132840 2546.6
1132850 2546.6
1132860 2552.9
1132870 2560.7
1132880 2560.7
1132890 2565.5
1132900 2571.2
1132910 2571.2
1132920 2578.6
1132930 2582.4
1132940 2585.0
1132950 2585.1
1132960 2587.8
1132970 2591.1
1132980 2591.1
1132990 2594.7
1133000 2598.1
1133010 2598.1
1133020 2600.5
1133030 2602.4
1133040 2602.4
1133050 2605.0
1133060 2609.2
1133070 2609.2
1133080 2614.3
1133090 2617.9
1133100 2617.9
1133110 2619.5
1133120 2620.7
1133130 2620.7
1133140 2621.3
1133150 2621.6
1133160 2622.2
1133170 2622.2
1133180 2623.6
1133190 2626.7
1133200 2626.7
1133210 2629.6
1133220 2635.0
1133230 2635.0
1133240 2641.4
1133250 2649.2
1133260 2649.2
1133270 2657.5
1133280 2666.4
1133290 2666.4
1133300 2676.7
1133310 2682.1
1133320 2682.1
1133330 2684.8
1133340 2689.1
1133350 2692.0
1133360 2692.0
1133370 2692.9
1133380 2697.4
1133390 2697.4
1133400 2701.4
1133410 2695.1
1133420 2695.1
1133430 2689.3
1133440 2684.0
1133450 2684.0
1133460 2674.3
1133470 2658.8
1133480 2658.8
1133490 2649.3
1133500 2652.2
1133510 2652.2
1133520 2661.7
1133530 2659.8
1133540 2659.8
1133550 2654.4
1133560 2657.2
1133570 2644.8
1133580 2644.8
1133590 2637.2
1133600 2636.8
1133610 2636.8
1133620 2641.0
1133630 2642.6
1133640 2642.6
1133650 2637.2
1133660 2627.5
1133670 2631.6
1133680 2628.2
1133690 2617.0
1133700 2617.0
1133710 2612.8
1133720 2605.4
1133730 2605.4
1133740 2597.9
1133750 2591.5
1133760 2591.5
1133770 2586.6
1133780 2583.4
1133790 2581.2
1133800 2581.2
1133810 2579.3
1133820 2576.3
1133830 2576.3
1133840 2572.0
1133850 2567.8
1133860 2567.8
1133870 2563.2
1133880 2558.7
1133890 2558.7
1133900 2553.7
1133910 2548.7
1133920 2548.7
1133930 2543.8
1133940 2539.3
1133950 2539.3
1133960 2535.6
1133970 2532.7
1133980 2532.7
1133990 2530.4
1134000 2527.9
1134010 2524.8
1134020 2524.8
1134030 2523.4
1134040 2520.5
1134050 2520.5
1134060 2518.2
1134070 2517.7
1134080 2517.7
1134090 2516.3
1134100 2513.5
1134110 2513.5
1134120 2510.2
1134130 2507.6
1134140 2507.6
1134150 2505.2
1134160 2501.9
1134170 2501.9
1134180 2498.3
1134190 2493.8
1134200 2487.6
1134210 2487.6
1134220 2480.1
1134230 2473.0
1134240 2473.0
1134250 2467.2
1134260 2462.5
1134270 2462.5
1134280 2458.1
1134290 2454.1
1134300 2454.1
1134310 2451.6
1134320 2449.5
1134330 2449.5
1134340 2448.9
1134350 2451.9
1134360 2451.9
1134370 2456.5
1134380 2460.1
1134390 2457.6
1134400 2456.3
1134410 2449.8
1134420 2445.1
1134430 2445.1
1134440 2441.7
1134450 2438.7
1134460 2438.7
1134470 2436.6
1134480 2436.2
1134490 2436.2
1134500 2437.3
1134510 2438.1
1134520 2438.1
1134530 2438.0
1134540 2432.3
1134550 2432.3
1134560 2428.4
1134570 2432.9
1134580 2432.9
1134590 2435.5
1134600 2434.4
1134610 2434.4
1134620 2440.1
1134630 2446.0
1134640 2453.0
1134650 2453.0
1134660 2459.9
1134670 2461.1
1134680 2461.1
1134690 2452.1
1134700 2441.4
1134710 2441.4
1134720 2433.3
1134730 2428.5
1134740 2428.5
1134750 2418.7
1134760 2416.8
1134770 2416.8
1134780 2416.9
1134790 2420.8
1134800 2420.8
1134810 2427.9
1134820 2426.5
1134830 2424.4
1134840 2424.4
1134850 2418.9
1134860 2414.1
1134870 2414.1
1134880 2411.1
1134890 2408.6
1134900 2408.6
1134910 2410.2
1134920 2413.3
1134930 2413.3
1134940 2414.2
1134950 2414.2
1134960 2414.2
1134970 2414.1
1134980 2413.7
1134990 2413.7
1135000 2409.1
1135010 2402.4
1135020 2402.4
1135030 2393.6
1135040 2383.9
1135050 2376.8
1135060 2376.8
1135070 2376.1
1135080 2376.4
1135090 2376.4
1135100 2376.0
1135110 2363.5
1135120 2363.5
1135130 2362.9
1135140 2360.6
1135150 2360.6
1135160 2360.2
1135170 2359.6
1135180 2359.6
1135190 2359.8
1135200 2355.6
1135210 2355.6
1135220 2353.9
1135230 2352.4
1135240 2352.4
1135250 2347.1
1135260 2343.2
1135270 2341.6
1135280 2341.6
1135290 2340.1
1135300 2339.0
1135310 2339.0
1135320 2338.0
1135330 2335.4
1135340 2335.4
1135350 2332.2
1135360 2329.4
1135370 2329.4
1135380 2326.4
1135390 2327.2
1135400 2327.2
1135410 2328.7
1135420 2330.4
1135430 2330.4
1135440 2331.8
1135450 2331.6
1135460 2331.1
1135470 2331.1
1135480 2321.6
1135490 2322.7
1135500 2322.7
1135510 2323.7
1135520 2322.5
1135530 2322.5
1135540 2324.2
1135550 2326.2
1135560 2326.2
1135570 2327.1
1135580 2325.4
1135590 2325.4
1135600 2326.3
1135610 2328.3
1135620 2328.3
1135630 2330.3
1135640 2331.9
1135650 2331.9
1135660 2332.4
1135670 2332.0
1135680 2331.0
1135690 2331.0
1135700 2330.1
1135710 2329.4
1135720 2329.4
1135730 2328.5
1135740 2326.7
1135750 2326.7
1135760 2324.9
1135770 2323.5
1135780 2323.5
1135790 2325.0
1135800 2325.8
1135810 2325.8
1135820 2324.6
1135830 2322.9
1135840 2316.1
1135850 2314.6
1135860 2313.1
1135870 2313.1
1135880 2311.2
1135890 2310.0
1135900 2307.7
1135910 2307.7
1135920 2305.4
1135930 2303.6
1135940 2303.6
1135950 2301.6
1135960 2299.4
1135970 2299.4
1135980 2296.5
1135990 2293.6
1136000 2293.6
1136010 2291.1
1136020 2289.7
1136030 2289.7
1136040 2288.7
1136050 2286.9
1136060 2286.9
1136070 2284.4
1136080 2281.6
1136090 2279.4
1136100 2279.4
1136110 2277.5
1136120 2276.0
1136130 2276.0
1136140 2274.3
1136150 2273.7
1136160 2273.7
1136170 2271.9
1136180 2270.2
1136190 2270.2
1136200 2262.9
1136210 2262.2
1136220 2262.2
1136230 2259.7
1136240 2257.8
1136250 2257.8
1136260 2257.8
1136270 2258.3
1136280 2258.3
1136290 2258.1
1136300 2257.8
1136310 2257.4
1136320 2257.4
1136330 2257.7
1136340 2257.5
1136350 2257.5
1136360 2256.6
1136370 2256.9
1136380 2256.9
1136390 2256.4
1136400 2254.9
1136410 2254.9
1136420 2253.8
1136430 2252.4
1136440 2252.4
1136450 2250.7
1136460 2249.2
1136470 2249.2
1136480 2247.4
1136490 2245.4
1136500 2245.4
1136510 2243.9
1136520 2242.9
1136530 2241.2
1136540 2241.2
1136550 2240.0
1136560 2241.7
1136570 2241.7
1136580 2239.5
1136590 2234.0
1136600 2234.0
1136610 2229.3
1136620 2226.5
1136630 2226.5
1136640 2223.8
1136650 2220.5
1136660 2220.5
1136670 2217.3
1136680 2213.5
1136690 2213.5
1136700 2209.9
1136710 2206.8
1136720 2204.0
1136730 2204.0
1136740 2201.6
1136750 2200.2
1136760 2200.2
1136770 2199.0
1136780 2197.9
1136790 2197.9
1136800 2196.3
1136810 2192.5
1136820 2192.5
1136830 2187.1
1136840 2182.5
1136850 2182.5
1136860 2178.8
1136870 2175.7
1136880 2175.7
1136890 2173.3
1136900 2171.1
1136910 2171.1
1136920 2169.0
1136930 2167.1
1136940 2165.5
1136950 2165.5
1136960 2164.3
1136970 2162.5
1136980 2162.5
1136990 2159.7
1137000 2156.6
1137010 2156.6
1137020 2153.7
1137030 2151.4
1137040 2151.4
1137050 2149.5
1137060 2147.7
1137070 2147.7
1137080 2146.2
1137090 2144.7
1137100 2144.7
1137110 2143.1
1137120 2141.9
1137130 2141.9
1137140 2141.0
1137150 2140.2
1137160 2139.6
1137170 2139.6
1137180 2138.4
1137190 2136.9
1137200 2136.9
1137210 2135.1
1137220 2132.6
1137230 2132.6
1137240 2130.0
1137250 2126.5
1137260 2126.5
1137270 2122.2
1137280 2116.8
1137290 2116.8
1137300 2114.8
1137310 2109.5
1137320 2109.5
1137330 2103.7
1137340 2099.6
1137350 2096.1
1137360 2096.1
1137370 2092.0
1137380 2088.0
1137390 2088.0
1137400 2084.5
1137410 2081.8
1137420 2081.8
1137430 2079.1
1137440 2076.9
1137450 2076.9
1137460 2074.4
1137470 2069.0
1137480 2069.0
1137490 2063.1
1137500 2057.9
1137510 2057.9
1137520 2053.0
1137530 2047.3
1137540 2047.3
1137550 2042.0
1137560 2036.6
1137570 2030.7
1137580 2030.7
1137590 2024.3
1137600 2017.6
1137610 2017.6
1137620 2010.8
1137630 2002.7
1137640 2002.7
1137650 1994.8
1137660 1986.7
1137670 1986.7
1137680 1984.0
1137690 1983.6
1137700 1983.6
1137710 1981.5
1137720 1977.2
1137730 1977.2
1137740 1972.1
1137750 1965.7
1137760 1965.7
1137770 1958.1
1137780 1951.1
1137790 1945.2
1137800 1945.2
1137810 1939.6
1137820 1934.5
1137830 1934.5
1137840 1929.1
1137850 1924.4
1137860 1924.4
1137870 1922.4
1137880 1921.4
1137890 1921.4
1137900 1918.6
1137910 1915.2
1137920 1915.2
1137930 1912.6
1137940 1909.8
1137950 1909.8
1137960 1907.5
1137970 1906.1
1137980 1903.3
1137990 1903.3
1138000 1900.6
1138010 1898.7
1138020 1898.7
1138030 1889.6
1138040 1887.7
1138050 1887.7
1138060 1885.5
1138070 1882.7
1138080 1882.7
1138090 1879.9
1138100 1877.1
1138110 1877.1
1138120 1875.3
1138130 1873.5
1138140 1873.5
1138150 1870.3
1138160 1868.9
1138170 1868.9
1138180 1866.9
1138190 1866.3
1138200 1866.9
1138210 1866.9
1138220 1865.7
1138230 1863.1
1138240 1863.1
1138250 1855.6
1138260 1844.8
1138270 1844.8
1138280 1837.1
1138290 1836.3
1138300 1836.3
1138310 1846.0
1138320 1850.9
1138330 1850.9
1138340 1852.7
1138350 1852.9
1138360 1852.9
1138370 1857.8
1138380 1862.8
1138390 1854.1
1138400 1857.8
1138410 1862.5
1138420 1868.8
1138430 1868.8
1138440 1875.9
1138450 1884.5
1138460 1884.5
1138470 1893.6
1138480 1899.3
1138490 1899.3
1138500 1901.0
1138510 1900.9
1138520 1900.9
1138530 1902.3
1138540 1903.1
1138550 1903.1
1138560 1902.9
1138570 1902.0
1138580 1902.0
1138590 1901.1
1138600 1899.3
1138610 1897.9
1138620 1897.9
1138630 1896.8
1138640 1894.0
1138650 1894.0
1138660 1891.8
1138670 1884.0
1138680 1884.0
1138690 1874.9
1138700 1865.1
1138710 1865.1
1138720 1855.4
1138730 1849.1
1138740 1849.1
1138750 1843.4
1138760 1838.6
1138770 1838.6
1138780 1829.5
1138790 1821.3
1138800 1821.3
1138810 1814.4
1138820 1807.9
1138830 1800.2
1138840 1800.2
1138850 1791.8
1138860 1784.2
1138870 1784.2
1138880 1776.6
1138890 1768.6
1138900 1768.6
1138910 1758.9
1138920 1749.8
1138930 1749.8
1138940 1741.2
1138950 1735.2
1138960 1735.2
1138970 1731.7
1138980 1729.4
1138990 1729.4
1139000 1729.1
1139010 1729.6
1139020 1729.6
1139030 1729.0
1139040 1727.9
1139050 1726.7
1139060 1726.7
1139070 1725.7
1139080 1724.8
1139090 1724.8
1139100 1723.7
1139110 1723.8
1139120 1719.0
1139130 1719.9
1139140 1723.7
1139150 1723.7
1139160 1730.2
1139170 1737.6
1139180 1737.6
1139190 1745.2
1139200 1746.0
1139210 1746.0
1139220 1742.8
1139230 1744.3
1139240 1747.5
1139250 1747.5
1139260 1751.1
1139270 1755.0
1139280 1755.0
1139290 1758.7
1139300 1763.3
1139310 1763.3
1139320 1769.4
1139330 1775.7
1139340 1775.7
1139350 1781.6
1139360 1786.8
1139370 1786.8
1139380 1791.6
1139390 1795.6
1139400 1795.6
1139410 1797.7
1139420 1798.8
1139430 1798.8
1139440 1799.9
1139450 1800.7
1139460 1799.7
1139470 1799.7
1139480 1798.3
1139490 1789.1
1139500 1789.1
1139510 1781.6
1139520 1770.2
1139530 1770.2
1139540 1763.1
1139550 1755.8
1139560 1755.8
1139570 1745.7
1139580 1730.6
1139590 1730.6
1139600 1716.1
1139610 1716.9
1139620 1716.9
1139630 1730.1
1139640 1744.1
1139650 1744.1
1139660 1756.5
1139670 1765.7
1139680 1772.3
1139690 1772.3
1139700 1778.4
1139710 1785.1
1139720 1785.1
1139730 1792.3
1139740 1799.7
1139750 1799.7
1139760 1807.0
1139770 1814.9
1139780 1814.9
1139790 1823.7
1139800 1834.1
1139810 1834.1
1139820 1846.3
1139830 1857.9
1139840 1857.9
1139850 1865.9
1139860 1864.8
1139870 1869.0
1139880 1869.0
1139890 1873.6
1139900 1878.6
1139910 1878.6
1139920 1883.6
1139930 1883.4
1139940 1883.4
1139950 1883.3
1139960 1884.8
1139970 1884.8
1139980 1885.2
1139990 1886.6
