1120000 1526.4
1120010 1525.9
1120020 1522.6
1120030 1522.6
1120040 1527.1
1120050 1530.0
1120060 1530.0
1120070 1530.5
1120080 1531.0
1120090 1531.0
1120100 1529.5
1120110 1527.1
1120120 1527.1
1120130 1525.1
1120140 1525.3
1120150 1525.3
1120160 1526.8
1120170 1528.9
1120180 1528.9
1120190 1531.3
1120200 1531.2
1120210 1531.2
1120220 1532.7
1120230 1535.4
1120240 1535.8
1120250 1533.3
1120260 1534.2
1120270 1533.6
1120280 1533.6
1120290 1532.7
1120300 1531.5
1120310 1531.5
1120320 1530.4
1120330 1530.5
1120340 1530.5
1120350 1530.7
1120360 1530.9
1120370 1530.9
1120380 1531.1
1120390 1531.0
1120400 1531.0
1120410 1531.5
1120420 1532.1
1120430 1532.1
1120440 1532.8
1120450 1533.9
1120460 1534.4
1120470 1534.4
1120480 1534.4
1120490 1534.4
1120500 1534.4
1120510 1535.7
1120520 1537.0
1120530 1537.0
1120540 1538.6
1120550 1540.2
1120560 1540.2
1120570 1542.4
1120580 1544.5
1120590 1544.5
1120600 1551.7
1120610 1552.9
1120620 1552.9
1120630 1556.3
1120640 1560.8
1120650 1560.8
1120660 1563.3
1120670 1564.6
1120680 1570.4
1120690 1570.4
1120700 1574.4
1120710 1577.7
1120720 1577.7
1120730 1581.4
1120740 1585.0
1120750 1585.0
1120760 1587.4
1120770 1588.8
1120780 1588.8
1120790 1591.2
1120800 1597.5
1120810 1597.5
1120820 1603.6
1120830 1609.6
1120840 1609.6
1120850 1613.1
1120860 1618.2
1120870 1621.8
1120880 1621.8
1120890 1624.0
1120900 1626.1
1120910 1626.1
1120920 1629.1
1120930 1631.3
1120940 1631.3
1120950 1636.5
1120960 1633.9
1120970 1633.9
1120980 1633.6
1120990 1636.2
1121000 1636.2
1121010 1638.0
1121020 1641.5
1121030 1641.5
1121040 1646.5
1121050 1650.8
1121060 1650.8
1121070 1650.0
1121080 1648.1
1121090 1644.2
1121100 1644.2
1121110 1646.8
1121120 1656.3
1121130 1656.3
1121140 1662.6
1121150 1669.9
1121160 1669.9
1121170 1679.0
1121180 1688.3
1121190 1688.3
1121200 1696.7
1121210 1700.2
1121220 1700.2
1121230 1697.9
1121240 1697.1
1121250 1697.1
1121260 1698.4
1121270 1701.1
1121280 1701.1
1121290 1706.5
1121300 1720.3
1121310 1724.4
1121320 1724.4
1121330 1729.0
1121340 1733.9
1121350 1733.9
1121360 1739.8
1121370 1745.9
1121380 1745.9
1121390 1748.1
1121400 1750.8
1121410 1750.8
1121420 1753.9
1121430 1757.3
1121440 1757.3
1121450 1760.3
1121460 1762.0
1121470 1762.0
1121480 1764.4
1121490 1767.7
1121500 1767.7
1121510 1771.6
1121520 1772.2
1121530 1774.6
1121540 1774.6
1121550 1775.5
1121560 1772.3
1121570 1772.3
1121580 1767.0
1121590 1760.5
1121600 1760.5
1121610 1755.1
1121620 1748.8
1121630 1748.8
1121640 1748.1
1121650 1740.3
1121660 1740.3
1121670 1732.1
1121680 1730.7
1121690 1730.7
1121700 1739.1
1121710 1753.2
1121720 1766.4
1121730 1766.4
1121740 1777.9
1121750 1786.6
1121760 1786.6
1121770 1795.9
1121780 1802.7
1121790 1802.7
1121800 1806.3
1121810 1805.8
1121820 1805.8
1121830 1804.2
1121840 1806.0
1121850 1806.0
1121860 1813.3
1121870 1817.4
1121880 1817.4
1121890 1820.8
1121900 1823.9
1121910 1823.9
1121920 1828.0
1121930 1831.5
1121940 1832.3
1121950 1832.3
1121960 1833.0
1121970 1834.1
1121980 1834.1
1121990 1841.5
1122000 1842.6
1122010 1842.6
1122020 1840.7
1122030 1840.5
1122040 1840.5
1122050 1841.7
1122060 1844.5
1122070 1844.5
1122080 1849.7
1122090 1858.6
1122100 1858.6
1122110 1862.0
1122120 1865.6
1122130 1865.6
1122140 1868.7
1122150 1871.9
1122160 1875.4
1122170 1875.4
1122180 1879.1
1122190 1882.3
1122200 1882.3
1122210 1884.9
1122220 1887.0
1122230 1887.0
1122240 1889.4
1122250 1892.1
1122260 1892.1
1122270 1893.2
1122280 1894.8
1122290 1894.8
1122300 1897.2
1122310 1899.4
1122320 1899.4
1122330 1901.4
1122340 1907.8
1122350 1907.8
1122360 1910.9
1122370 1914.8
1122380 1917.5
1122390 1917.5
1122400 1918.0
1122410 1918.9
1122420 1918.9
1122430 1921.4
1122440 1924.5
1122450 1924.5
1122460 1928.4
1122470 1932.8
1122480 1932.8
1122490 1937.6
1122500 1940.9
1122510 1940.9
1122520 1943.2
1122530 1945.0
1122540 1945.0
1122550 1945.7
1122560 1947.1
1122570 1948.3
1122580 1948.3
1122590 1949.9
1122600 1951.8
1122610 1951.8
1122620 1953.7
1122630 1954.6
1122640 1954.6
1122650 1957.5
1122660 1962.4
1122670 1962.4
1122680 1968.6
1122690 1979.0
1122700 1979.0
1122710 1986.3
1122720 1993.3
1122730 1993.3
1122740 2000.5
1122750 2007.8
1122760 2007.8
1122770 2016.0
1122780 2020.1
1122790 2021.9
1122800 2021.9
1122810 2022.8
1122820 2024.1
1122830 2024.1
1122840 2025.8
1122850 2027.7
1122860 2027.7
1122870 2030.7
1122880 2032.3
1122890 2032.3
1122900 2034.0
1122910 2035.8
1122920 2035.8
1122930 2037.9
1122940 2040.0
1122950 2040.0
1122960 2042.6
1122970 2045.1
1122980 2045.1
1122990 2048.0
1123000 2051.1
1123010 2054.7
1123020 2054.7
1123030 2060.2
1123040 2065.7
1123050 2065.7
1123060 2069.8
1123070 2074.2
1123080 2074.2
1123090 2077.4
1123100 2081.6
1123110 2081.6
1123120 2088.3
1123130 2094.3
1123140 2094.3
1123150 2097.0
1123160 2098.3
1123170 2098.3
1123180 2098.9
1123190 2100.3
1123200 2100.3
1123210 2102.3
1123220 2104.8
1123230 2107.6
1123240 2107.6
1123250 2109.9
1123260 2112.6
1123270 2112.6
1123280 2115.6
1123290 2121.0
1123300 2121.0
1123310 2125.1
1123320 2127.1
1123330 2127.1
1123340 2128.4
1123350 2127.2
1123360 2127.2
1123370 2128.4
1123380 2132.5
1123390 2138.2
1123400 2141.0
1123410 2145.4
1123420 2148.3
1123430 2148.3
1123440 2146.9
1123450 2143.1
1123460 2143.1
1123470 2139.0
1123480 2142.0
1123490 2142.0
1123500 2144.7
1123510 2144.0
1123520 2144.0
1123530 2141.7
1123540 2143.0
1123550 2143.0
1123560 2146.7
1123570 2150.6
1123580 2150.6
1123590 2154.8
1123600 2157.1
1123610 2157.1
1123620 2154.9
1123630 2149.8
1123640 2146.3
1123650 2146.3
1123660 2147.3
1123670 2147.6
1123680 2147.6
1123690 2151.0
1123700 2151.7
1123710 2151.7
1123720 2153.7
1123730 2153.7
1123740 2157.8
1123750 2160.8
1123760 2165.4
1123770 2165.4
1123780 2170.0
1123790 2174.2
1123800 2174.2
1123810 2178.9
1123820 2188.6
1123830 2188.6
1123840 2194.3
1123850 2192.1
1123860 2193.7
1123870 2193.7
1123880 2198.5
1123890 2203.4
1123900 2203.4
1123910 2208.9
1123920 2214.5
1123930 2214.5
1123940 2218.5
1123950 2219.8
1123960 2219.8
1123970 2219.9
1123980 2220.4
1123990 2220.4
1124000 2222.0
1124010 2225.2
1124020 2225.2
1124030 2227.6
1124040 2228.8
1124050 2228.8
1124060 2227.9
1124070 2229.1
1124080 2232.2
1124090 2232.2
1124100 2239.4
1124110 2245.0
1124120 2245.0
1124130 2252.7
1124140 2260.6
1124150 2260.6
1124160 2269.4
1124170 2278.4
1124180 2278.4
1124190 2285.5
1124200 2290.9
1124210 2290.9
1124220 2293.1
1124230 2297.0
1124240 2297.0
1124250 2303.4
1124260 2308.2
1124270 2313.2
1124280 2313.2
1124290 2318.2
1124300 2323.3
1124310 2323.3
1124320 2328.6
1124330 2332.5
1124340 2332.5
1124350 2335.1
1124360 2338.3
1124370 2338.3
1124380 2340.9
1124390 2345.0
1124400 2345.0
1124410 2349.2
1124420 2353.3
1124430 2353.3
1124440 2355.9
1124450 2353.1
1124460 2353.1
1124470 2358.5
1124480 2363.4
1124490 2369.3
1124500 2369.3
1124510 2375.4
1124520 2381.2
1124530 2381.2
1124540 2387.1
1124550 2392.7
1124560 2392.7
1124570 2398.6
1124580 2404.4
1124590 2404.4
1124600 2413.3
1124610 2423.7
1124620 2423.7
1124630 2438.1
1124640 2459.1
1124650 2459.1
1124660 2472.3
1124670 2484.3
1124680 2484.3
1124690 2490.2
1124700 2499.8
1124710 2514.6
1124720 2514.6
1124730 2515.7
1124740 2518.9
1124750 2518.9
1124760 2525.5
1124770 2521.2
1124780 2521.2
1124790 2511.1
1124800 2514.9
1124810 2514.9
1124820 2506.0
1124830 2498.4
1124840 2498.4
1124850 2489.8
1124860 2491.5
1124870 2491.5
1124880 2491.4
1124890 2485.0
1124900 2475.1
1124910 2475.1
1124920 2470.9
1124930 2479.3
1124940 2479.3
1124950 2479.7
1124960 2471.0
1124970 2471.0
1124980 2465.2
1124990 2457.0
1125000 2457.0
1125010 2450.3
1125020 2447.4
1125030 2447.4
1125040 2448.8
1125050 2446.1
1125060 2446.1
1125070 2447.5
1125080 2450.0
1125090 2450.0
1125100 2453.3
1125110 2458.4
1125120 2466.5
1125130 2466.5
1125140 2469.9
1125150 2473.4
1125160 2473.4
1125170 2466.0
1125180 2465.1
1125190 2465.1
1125200 2467.7
1125210 2469.8
1125220 2469.8
1125230 2473.3
1125240 2476.1
1125250 2476.1
1125260 2476.8
1125270 2474.4
1125280 2474.4
1125290 2473.3
1125300 2470.6
1125310 2470.6
1125320 2474.5
1125330 2476.5
1125340 2470.3
1125350 2470.3
1125360 2467.2
1125370 2467.1
1125380 2467.1
1125390 2467.9
1125400 2466.1
1125410 2466.1
1125420 2461.2
1125430 2452.4
1125440 2452.4
1125450 2441.2
1125460 2433.4
1125470 2433.4
1125480 2430.4
1125490 2427.7
1125500 2416.2
1125510 2416.2
1125520 2413.5
1125530 2413.5
1125540 2404.3
1125550 2395.7
1125560 2390.6
1125570 2390.6
1125580 2384.9
1125590 2378.9
1125600 2378.9
1125610 2374.5
1125620 2370.9
1125630 2370.9
1125640 2367.9
1125650 2364.6
1125660 2364.6
1125670 2360.9
1125680 2357.4
1125690 2357.4
1125700 2354.7
1125710 2351.1
1125720 2351.1
1125730 2346.2
1125740 2336.7
1125750 2325.6
1125760 2325.6
1125770 2322.7
1125780 2323.7
1125790 2323.7
1125800 2327.0
1125810 2323.7
1125820 2323.7
1125830 2325.2
1125840 2320.0
1125850 2320.0
1125860 2302.7
1125870 2295.8
1125880 2295.8
1125890 2289.9
1125900 2289.1
1125910 2289.1
1125920 2291.2
1125930 2289.9
1125940 2289.9
1125950 2284.0
1125960 2279.8
1125970 2272.2
1125980 2272.2
1125990 2268.2
1126000 2265.5
1126010 2265.5
1126020 2260.9
1126030 2254.4
1126040 2254.4
1126050 2249.3
1126060 2246.9
1126070 2246.9
1126080 2245.4
1126090 2242.7
1126100 2242.7
1126110 2239.0
1126120 2235.7
1126130 2235.7
1126140 2233.1
1126150 2229.9
1126160 2229.9
1126170 2225.1
1126180 2221.7
1126190 2221.9
1126200 2221.9
1126210 2199.7
1126220 2191.3
1126230 2191.3
1126240 2187.4
1126250 2184.8
1126260 2184.8
1126270 2182.3
1126280 2179.1
1126290 2179.1
1126300 2175.1
1126310 2173.3
1126320 2173.3
1126330 2172.1
1126340 2169.6
1126350 2169.6
1126360 2167.9
1126370 2166.5
1126380 2166.5
1126390 2166.1
1126400 2165.2
1126410 2163.4
1126420 2163.4
1126430 2161.0
1126440 2158.4
1126450 2158.4
1126460 2155.3
1126470 2151.9
1126480 2151.9
1126490 2148.7
1126500 2146.1
1126510 2146.1
1126520 2143.9
1126530 2141.5
1126540 2141.5
1126550 2138.8
1126560 2132.1
1126570 2132.1
1126580 2130.0
1126590 2127.8
1126600 2126.3
1126610 2126.3
1126620 2125.3
1126630 2124.8
1126640 2124.8
1126650 2124.4
1126660 2123.6
1126670 2123.6
1126680 2122.6
1126690 2121.5
1126700 2121.5
1126710 2120.1
1126720 2118.8
1126730 2118.8
1126740 2117.9
1126750 2117.5
1126760 2117.5
1126770 2117.5
1126780 2117.1
1126790 2117.1
1126800 2117.1
1126810 2117.1
1126820 2116.6
1126830 2116.6
1126840 2115.5
1126850 2117.3
1126860 2117.3
1126870 2120.0
1126880 2121.4
1126890 2121.4
1126900 2122.3
1126910 2123.3
1126920 2124.2
1126930 2125.6
1126940 2126.9
1126950 2126.9
1126960 2128.8
1126970 2132.1
1126980 2132.1
1126990 2135.2
1127000 2136.9
1127010 2136.9
1127020 2138.2
1127030 2140.5
1127040 2143.0
1127050 2143.0
1127060 2144.6
1127070 2145.6
1127080 2145.6
1127090 2146.5
1127100 2147.9
1127110 2147.9
1127120 2149.2
1127130 2150.3
1127140 2150.3
1127150 2151.2
1127160 2151.8
1127170 2151.8
1127180 2152.5
1127190 2153.4
1127200 2153.4
1127210 2154.5
1127220 2155.6
1127230 2155.6
1127240 2156.5
1127250 2157.3
1127260 2157.7
1127270 2159.3
1127280 2159.9
1127290 2160.4
1127300 2160.4
1127310 2160.6
1127320 2160.8
1127330 2160.8
1127340 2160.9
1127350 2160.6
1127360 2160.6
1127370 2159.5
1127380 2158.7
1127390 2158.7
1127400 2157.8
1127410 2157.3
1127420 2157.3
1127430 2156.8
1127440 2155.8
1127450 2156.6
1127460 2156.6
1127470 2157.4
1127480 2157.6
1127490 2157.6
1127500 2158.5
1127510 2159.5
1127520 2159.5
1127530 2159.8
1127540 2159.8
1127550 2159.8
1127560 2159.7
1127570 2159.9
1127580 2159.9
1127590 2159.4
1127600 2159.3
1127610 2159.3
1127620 2160.2
1127630 2161.0
1127640 2161.0
1127650 2162.0
1127660 2162.9
1127670 2163.9
1127680 2163.9
1127690 2164.7
1127700 2167.4
1127710 2167.4
1127720 2169.4
1127730 2171.0
1127740 2171.0
1127750 2173.5
1127760 2175.3
1127770 2175.3
1127780 2177.0
1127790 2179.1
1127800 2179.1
1127810 2181.6
1127820 2184.8
1127830 2184.8
1127840 2187.7
1127850 2188.6
1127860 2188.6
1127870 2187.8
1127880 2187.3
1127890 2187.5
1127900 2187.5
1127910 2188.7
1127920 2190.6
1127930 2190.6
1127940 2192.4
1127950 2194.5
1127960 2194.5
1127970 2196.6
1127980 2203.5
1127990 2203.5
1128000 2205.2
1128010 2208.8
1128020 2208.8
1128030 2212.9
1128040 2217.0
1128050 2217.0
1128060 2220.8
1128070 2224.5
1128080 2224.5
1128090 2228.4
1128100 2232.8
1128110 2236.6
1128120 2236.6
1128130 2239.8
1128140 2245.3
1128150 2245.3
1128160 2249.1
1128170 2252.4
1128180 2252.4
1128190 2256.1
1128200 2258.8
1128210 2258.8
1128220 2259.4
1128230 2259.9
1128240 2259.9
1128250 2260.9
1128260 2262.0
1128270 2262.0
1128280 2263.3
1128290 2264.1
1128300 2264.8
1128310 2264.8
1128320 2266.3
1128330 2267.6
1128340 2270.1
1128350 2271.4
1128360 2272.5
1128370 2272.5
1128380 2273.3
1128390 2274.1
1128400 2274.1
1128410 2275.3
1128420 2276.6
1128430 2276.6
1128440 2278.0
1128450 2279.6
1128460 2279.6
1128470 2281.4
1128480 2283.4
1128490 2283.4
1128500 2285.4
1128510 2287.0
1128520 2288.6
1128530 2288.6
1128540 2290.3
1128550 2291.7
1128560 2291.7
1128570 2292.8
1128580 2294.5
1128590 2294.5
1128600 2296.4
1128610 2298.5
1128620 2298.5
1128630 2300.7
1128640 2302.8
1128650 2302.8
1128660 2305.0
1128670 2307.3
1128680 2307.3
1128690 2309.3
1128700 2311.5
1128710 2311.5
1128720 2313.7
1128730 2316.0
1128740 2318.6
1128750 2318.6
1128760 2321.6
1128770 2324.4
1128780 2324.4
1128790 2327.2
1128800 2329.5
1128810 2329.5
1128820 2331.7
1128830 2333.2
1128840 2333.2
1128850 2335.9
1128860 2338.3
1128870 2338.3
1128880 2340.6
1128890 2342.8
1128900 2342.8
1128910 2345.0
1128920 2346.9
1128930 2348.8
1128940 2348.8
1128950 2350.6
1128960 2352.1
1128970 2352.1
1128980 2352.6
1128990 2354.4
1129000 2354.4
1129010 2354.0
1129020 2353.6
1129030 2353.6
1129040 2354.5
1129050 2354.2
1129060 2354.2
1129070 2356.2
1129080 2357.6
1129090 2357.6
1129100 2358.6
1129110 2359.9
1129120 2359.9
1129130 2362.3
1129140 2364.8
1129150 2367.5
1129160 2367.5
1129170 2369.9
1129180 2373.5
1129190 2373.5
1129200 2377.3
1129210 2380.2
1129220 2380.2
1129230 2382.6
1129240 2384.5
1129250 2384.5
1129260 2385.7
1129270 2386.5
1129280 2386.5
1129290 2386.1
1129300 2382.9
1129310 2382.9
1129320 2382.7
1129330 2383.9
1129340 2383.9
1129350 2386.3
1129360 2388.6
1129370 2389.6
1129380 2389.6
1129390 2390.5
1129400 2392.3
1129410 2386.4
1129420 2388.0
1129430 2391.3
1129440 2391.3
1129450 2393.8
1129460 2396.0
1129470 2396.0
1129480 2398.5
1129490 2401.8
1129500 2401.8
1129510 2406.2
1129520 2408.3
1129530 2408.3
1129540 2408.3
1129550 2408.4
1129560 2408.4
1129570 2409.4
1129580 2410.1
1129590 2410.3
1129600 2410.3
1129610 2410.9
1129620 2411.9
1129630 2411.9
1129640 2412.6
1129650 2414.0
1129660 2414.0
1129670 2414.9
1129680 2415.4
1129690 2415.4
1129700 2415.8
1129710 2416.2
1129720 2416.2
1129730 2416.5
1129740 2417.1
1129750 2417.1
1129760 2416.1
1129770 2417.4
1129780 2418.6
1129790 2418.6
1129800 2420.0
1129810 2421.8
1129820 2421.8
1129830 2423.7
1129840 2425.6
1129850 2425.6
1129860 2426.8
1129870 2427.9
1129880 2427.9
1129890 2429.0
1129900 2429.2
1129910 2429.2
1129920 2428.3
1129930 2427.8
1129940 2427.8
1129950 2427.2
1129960 2426.9
1129970 2426.9
1129980 2426.9
1129990 2426.9
1130000 2427.5
1130010 2427.5
1130020 2428.3
1130030 2429.4
1130040 2429.4
1130050 2430.0
1130060 2430.4
1130070 2430.4
1130080 2431.6
1130090 2432.6
1130100 2432.6
1130110 2433.7
1130120 2435.1
1130130 2435.1
1130140 2437.4
1130150 2441.1
1130160 2441.1
1130170 2445.6
1130180 2450.4
1130190 2450.4
1130200 2455.4
1130210 2460.2
1130220 2466.4
1130230 2466.4
1130240 2482.3
1130250 2500.0
1130260 2500.0
1130270 2513.4
1130280 2539.7
1130290 2539.7
1130300 2561.9
1130310 2566.6
1130320 2566.6
1130330 2571.8
1130340 2576.3
1130350 2576.3
1130360 2579.6
1130370 2583.2
1130380 2583.2
1130390 2587.1
1130400 2592.0
1130410 2592.0
1130420 2598.1
1130430 2604.4
1130440 2611.4
1130450 2611.4
1130460 2618.7
1130470 2627.5
1130480 2628.7
1130490 2637.4
1130500 2645.4
1130510 2645.4
1130520 2653.2
1130530 2654.3
1130540 2654.3
1130550 2645.2
1130560 2638.3
1130570 2638.3
1130580 2624.7
1130590 2617.6
1130600 2617.6
1130610 2612.2
1130620 2606.5
1130630 2600.4
1130640 2600.4
1130650 2594.6
1130660 2589.3
1130670 2589.3
1130680 2586.3
1130690 2584.6
1130700 2584.6
1130710 2582.9
1130720 2580.5
1130730 2580.5
1130740 2579.8
1130750 2578.1
1130760 2578.1
1130770 2574.7
1130780 2570.7
1130790 2570.7
1130800 2565.4
1130810 2555.6
1130820 2555.6
1130830 2545.5
1130840 2544.5
1130850 2538.8
1130860 2538.8
1130870 2534.4
1130880 2529.2
1130890 2529.2
1130900 2523.1
1130910 2518.5
1130920 2518.5
1130930 2513.9
1130940 2507.5
1130950 2507.5
1130960 2499.8
1130970 2493.4
1130980 2493.4
1130990 2489.5
1131000 2487.3
1131010 2487.3
1131020 2484.8
1131030 2482.0
1131040 2482.0
1131050 2481.0
1131060 2479.7
1131070 2477.2
1131080 2477.2
1131090 2475.5
1131100 2472.1
1131110 2472.1
1131120 2466.8
1131130 2463.1
1131140 2463.1
1131150 2460.0
1131160 2457.4
1131170 2457.4
1131180 2455.5
1131190 2457.2
1131200 2457.2
1131210 2455.3
1131220 2453.9
1131230 2453.9
1131240 2452.7
1131250 2448.4
1131260 2443.9
1131270 2443.9
1131280 2443.2
1131290 2444.2
1131300 2444.2
1131310 2444.6
1131320 2443.6
1131330 2443.6
1131340 2443.1
1131350 2444.7
1131360 2444.7
1131370 2446.2
1131380 2446.2
1131390 2446.2
1131400 2447.2
1131410 2447.9
1131420 2447.9
1131430 2448.2
1131440 2445.8
1131450 2445.8
1131460 2441.5
1131470 2437.2
1131480 2435.0
1131490 2435.0
1131500 2433.4
1131510 2431.7
1131520 2431.7
1131530 2429.8
1131540 2428.0
1131550 2429.2
1131560 2425.6
1131570 2420.2
1131580 2420.2
1131590 2412.9
1131600 2403.8
1131610 2403.8
1131620 2394.9
1131630 2383.8
1131640 2383.8
1131650 2371.5
1131660 2360.3
1131670 2360.3
1131680 2352.0
1131690 2344.7
1131700 2337.7
1131710 2337.7
1131720 2330.8
1131730 2324.4
1131740 2324.4
1131750 2317.8
1131760 2310.3
1131770 2310.3
1131780 2302.3
1131790 2294.8
1131800 2294.8
1131810 2289.3
1131820 2283.5
1131830 2283.5
1131840 2278.1
1131850 2274.8
1131860 2274.8
1131870 2272.9
1131880 2269.1
1131890 2269.1
1131900 2264.6
1131910 2265.3
1131920 2263.6
1131930 2263.6
1131940 2262.0
1131950 2261.0
1131960 2261.0
1131970 2260.0
1131980 2257.4
1131990 2257.4
1132000 2254.6
1132010 2253.8
1132020 2253.8
1132030 2255.6
1132040 2259.1
1132050 2259.1
1132060 2261.7
1132070 2263.7
1132080 2263.7
1132090 2265.6
1132100 2267.6
1132110 2270.2
1132120 2270.2
1132130 2272.7
1132140 2276.0
1132150 2276.0
1132160 2280.7
1132170 2286.0
1132180 2286.0
1132190 2291.8
1132200 2298.0
1132210 2298.0
1132220 2304.5
1132230 2311.3
1132240 2311.3
1132250 2318.6
1132260 2325.8
1132270 2324.8
1132280 2331.8
1132290 2338.7
1132300 2338.7
1132310 2345.9
1132320 2353.3
1132330 2360.9
1132340 2360.9
1132350 2367.6
1132360 2373.7
1132370 2373.7
1132380 2379.9
1132390 2384.9
1132400 2384.9
1132410 2387.6
1132420 2390.3
1132430 2390.3
1132440 2393.2
1132450 2395.0
1132460 2395.0
1132470 2396.7
1132480 2400.3
1132490 2400.3
1132500 2406.0
1132510 2413.0
1132520 2413.0
1132530 2420.1
1132540 2427.7
1132550 2435.7
1132560 2435.7
1132570 2443.1
1132580 2448.9
1132590 2448.9
1132600 2455.0
1132610 2461.4
1132620 2461.4
1132630 2463.9
1132640 2470.4
1132650 2470.4
1132660 2477.1
1132670 2483.9
1132680 2483.9
1132690 2489.1
1132700 2493.2
1132710 2493.2
1132720 2496.9
1132730 2500.2
1132740 2500.2
1132750 2502.8
1132760 2505.7
1132770 2508.9
1132780 2508.9
1132790 2511.9
1132800 2515.2
1132810 2515.2
1132820 2518.9
1132830 2523.0
1132840 2523.0
1132850 2528.3
1132860 2534.5
1132870 2534.5
1132880 2541.1
1132890 2547.9
1132900 2547.9
1132910 2554.6
1132920 2561.5
1132930 2561.5
1132940 2568.5
1132950 2575.4
1132960 2580.1
1132970 2580.1
1132980 2583.7
1132990 2587.2
1133000 2587.2
1133010 2586.7
1133020 2584.0
1133030 2584.0
1133040 2581.1
1133050 2578.6
1133060 2578.6
1133070 2577.2
1133080 2576.6
1133090 2576.6
1133100 2576.2
1133110 2576.3
1133120 2576.3
1133130 2576.9
1133140 2578.0
1133150 2578.0
1133160 2579.2
1133170 2580.8
1133180 2582.4
1133190 2582.4
1133200 2583.8
1133210 2585.1
1133220 2585.1
1133230 2586.5
1133240 2588.8
1133250 2588.8
1133260 2591.4
1133270 2593.3
1133280 2593.3
1133290 2596.4
1133300 2601.2
1133310 2601.2
1133320 2606.2
1133330 2610.8
1133340 2610.8
1133350 2610.8
1133360 2615.3
1133370 2615.3
1133380 2620.9
1133390 2626.7
1133400 2632.2
1133410 2632.2
1133420 2637.5
1133430 2641.8
1133440 2641.8
1133450 2645.5
1133460 2649.5
1133470 2649.5
1133480 2653.8
1133490 2657.6
1133500 2657.6
1133510 2660.7
1133520 2664.7
1133530 2664.7
1133540 2669.3
1133550 2679.5
1133560 2679.5
1133570 2693.0
1133580 2711.3
1133590 2711.3
1133600 2725.6
1133610 2739.3
1133620 2751.5
1133630 2751.5
1133640 2763.3
1133650 2773.3
1133660 2773.3
1133670 2784.1
1133680 2796.3
1133690 2796.3
1133700 2809.8
1133710 2807.5
1133720 2807.5
1133730 2821.0
1133740 2831.8
1133750 2831.8
1133760 2840.8
1133770 2832.2
1133780 2832.2
1133790 2828.8
1133800 2826.0
1133810 2823.6
1133820 2823.6
1133830 2821.6
1133840 2820.1
1133850 2820.1
1133860 2818.6
1133870 2817.0
1133880 2817.0
1133890 2815.4
1133900 2813.8
1133910 2813.8
1133920 2812.2
1133930 2810.7
1133940 2810.7
1133950 2809.4
1133960 2808.2
1133970 2808.2
1133980 2807.4
1133990 2806.7
1134000 2806.7
1134010 2806.2
1134020 2806.0
1134030 2805.9
1134040 2805.9
1134050 2805.9
1134060 2806.0
1134070 2809.7
1134080 2810.0
1134090 2810.1
1134100 2810.1
1134110 2810.3
1134120 2810.6
1134130 2810.6
1134140 2814.0
1134150 2810.1
1134160 2810.1
1134170 2794.6
1134180 2780.8
1134190 2780.8
1134200 2773.4
1134210 2766.9
1134220 2766.9
1134230 2760.6
1134240 2754.2
1134250 2748.0
1134260 2748.0
1134270 2742.1
1134280 2735.8
1134290 2735.8
1134300 2728.8
1134310 2719.9
1134320 2719.9
1134330 2711.4
1134340 2704.5
1134350 2704.5
1134360 2698.0
1134370 2691.8
1134380 2691.8
1134390 2686.0
1134400 2679.2
1134410 2679.2
1134420 2672.0
1134430 2667.1
1134440 2662.8
1134450 2662.8
1134460 2656.5
1134470 2649.5
1134480 2649.5
1134490 2643.4
1134500 2638.7
1134510 2638.7
1134520 2632.4
1134530 2628.5
1134540 2628.5
1134550 2626.6
1134560 2625.6
1134570 2625.6
1134580 2622.6
1134590 2619.9
1134600 2619.9
1134610 2619.0
1134620 2618.2
1134630 2618.2
1134640 2617.8
1134650 2617.9
1134660 2613.6
1134670 2613.6
1134680 2610.3
1134690 2603.0
1134700 2603.0
1134710 2592.4
1134720 2588.0
1134730 2588.0
1134740 2584.2
1134750 2580.0
1134760 2580.0
1134770 2577.0
1134780 2573.7
1134790 2573.7
1134800 2572.4
1134810 2568.3
1134820 2568.3
1134830 2566.4
1134840 2564.3
1134850 2564.3
1134860 2562.2
1134870 2561.9
1134880 2561.1
1134890 2561.1
1134900 2558.9
1134910 2556.0
1134920 2556.0
1134930 2554.3
1134940 2552.0
1134950 2552.0
1134960 2551.2
1134970 2552.6
1134980 2552.6
1134990 2552.8
1135000 2551.7
1135010 2551.7
1135020 2551.1
1135030 2551.5
1135040 2551.5
1135050 2551.9
1135060 2552.4
1135070 2552.4
1135080 2553.4
1135090 2554.8
1135100 2556.5
1135110 2556.5
1135120 2558.8
1135130 2560.8
1135140 2560.8
1135150 2562.3
1135160 2568.4
1135170 2568.4
1135180 2568.5
1135190 2569.6
1135200 2569.6
1135210 2571.3
1135220 2572.7
1135230 2572.7
1135240 2574.1
1135250 2574.8
1135260 2574.8
1135270 2574.8
1135280 2575.6
1135290 2576.7
1135300 2576.7
1135310 2578.5
1135320 2580.3
1135330 2580.3
1135340 2582.3
1135350 2584.3
1135360 2584.3
1135370 2586.4
1135380 2588.6
1135390 2588.6
1135400 2592.4
1135410 2596.0
1135420 2596.0
1135430 2598.9
1135440 2600.3
1135450 2600.3
1135460 2602.3
1135470 2607.0
1135480 2607.0
1135490 2612.5
1135500 2617.8
1135510 2623.9
1135520 2628.6
1135530 2635.4
1135540 2643.7
1135550 2643.7
1135560 2649.3
1135570 2653.1
1135580 2653.1
1135590 2657.3
1135600 2661.6
1135610 2661.6
1135620 2663.5
1135630 2663.8
1135640 2663.8
1135650 2663.3
1135660 2664.8
1135670 2664.8
1135680 2664.6
1135690 2661.1
1135700 2661.1
1135710 2658.3
1135720 2651.4
1135730 2648.6
1135740 2648.6
1135750 2648.5
1135760 2645.3
1135770 2645.3
1135780 2647.8
1135790 2643.4
1135800 2643.4
1135810 2637.8
1135820 2641.2
1135830 2641.2
1135840 2639.9
1135850 2633.5
1135860 2633.5
1135870 2632.7
1135880 2626.6
1135890 2626.6
1135900 2627.2
1135910 2633.8
1135920 2638.6
1135930 2638.6
1135940 2639.2
1135950 2641.7
1135960 2641.7
1135970 2642.1
1135980 2642.0
1135990 2642.0
1136000 2643.5
1136010 2646.6
1136020 2646.6
1136030 2645.5
1136040 2636.4
1136050 2636.4
1136060 2627.7
1136070 2615.3
1136080 2615.3
1136090 2603.2
1136100 2594.0
1136110 2594.0
1136120 2585.5
1136130 2577.8
1136140 2570.6
1136150 2570.6
1136160 2564.0
1136170 2558.0
1136180 2558.0
1136190 2552.8
1136200 2546.9
1136210 2546.9
1136220 2540.3
1136230 2534.9
1136240 2534.9
1136250 2526.0
1136260 2521.2
1136270 2521.2
1136280 2516.5
1136290 2511.9
1136300 2511.9
1136310 2507.6
1136320 2503.0
1136330 2503.0
1136340 2498.3
1136350 2493.3
1136360 2488.2
1136370 2488.2
1136380 2483.5
1136390 2479.7
1136400 2479.7
1136410 2475.9
1136420 2472.2
1136430 2472.2
1136440 2468.7
1136450 2465.7
1136460 2465.7
1136470 2462.8
1136480 2459.2
1136490 2459.2
1136500 2455.7
1136510 2452.3
1136520 2452.3
1136530 2449.5
1136540 2447.0
1136550 2447.0
1136560 2445.7
1136570 2445.4
1136580 2446.0
1136590 2446.0
1136600 2445.5
1136610 2438.6
1136620 2438.6
1136630 2438.8
1136640 2438.3
1136650 2438.3
1136660 2435.1
1136670 2430.2
1136680 2430.2
1136690 2425.0
1136700 2418.0
1136710 2418.0
1136720 2410.2
1136730 2403.1
1136740 2403.1
1136750 2396.2
1136760 2389.0
1136770 2381.8
1136780 2381.8
1136790 2374.7
1136800 2367.6
1136810 2367.6
1136820 2361.0
1136830 2354.4
1136840 2354.4
1136850 2347.9
1136860 2342.4
1136870 2342.4
1136880 2337.1
1136890 2331.4
1136900 2331.4
1136910 2325.7
1136920 2321.6
1136930 2321.6
1136940 2318.4
1136950 2315.9
1136960 2315.9
1136970 2314.6
1136980 2309.4
1136990 2309.3
1137000 2309.3
1137010 2309.0
1137020 2308.2
1137030 2308.2
1137040 2307.8
1137050 2307.2
1137060 2307.2
1137070 2306.7
1137080 2307.0
1137090 2307.0
1137100 2307.3
1137110 2307.7
1137120 2307.7
1137130 2307.9
1137140 2307.7
1137150 2307.7
1137160 2307.9
1137170 2310.5
1137180 2310.5
1137190 2313.2
1137200 2316.0
1137210 2318.8
1137220 2318.8
1137230 2321.5
1137240 2325.6
1137250 2325.6
1137260 2329.2
1137270 2332.1
1137280 2332.1
1137290 2335.0
1137300 2337.8
1137310 2337.8
1137320 2340.1
1137330 2344.0
1137340 2340.9
1137350 2342.9
1137360 2345.0
1137370 2345.0
1137380 2348.1
1137390 2351.9
1137400 2356.1
1137410 2356.1
1137420 2361.3
1137430 2366.8
1137440 2366.8
1137450 2371.3
1137460 2374.9
1137470 2374.9
1137480 2378.2
1137490 2381.5
1137500 2381.5
1137510 2386.2
1137520 2391.5
1137530 2391.5
1137540 2396.5
1137550 2400.4
1137560 2400.4
1137570 2404.7
1137580 2408.8
1137590 2408.8
1137600 2411.5
1137610 2411.6
1137620 2408.9
1137630 2408.9
1137640 2404.1
1137650 2399.1
1137660 2399.1
1137670 2393.8
1137680 2387.8
1137690 2387.8
1137700 2379.4
1137710 2363.5
1137720 2363.5
1137730 2355.2
1137740 2349.9
1137750 2349.9
1137760 2345.3
1137770 2338.4
1137780 2338.4
1137790 2332.2
1137800 2328.3
1137810 2328.3
1137820 2324.2
1137830 2319.1
1137840 2315.6
1137850 2315.6
1137860 2312.5
1137870 2310.1
1137880 2310.1
1137890 2308.1
1137900 2306.0
1137910 2306.0
1137920 2303.5
1137930 2301.3
1137940 2301.3
1137950 2299.5
1137960 2295.7
1137970 2295.7
1137980 2289.6
1137990 2285.5
1138000 2285.5
1138010 2286.8
1138020 2291.1
1138030 2291.1
1138040 2296.5
1138050 2299.4
1138060 2300.0
1138070 2294.6
1138080 2294.8
1138090 2294.3
1138100 2294.3
1138110 2294.8
1138120 2294.8
1138130 2294.8
1138140 2294.7
1138150 2297.2
1138160 2297.2
1138170 2299.2
1138180 2300.8
1138190 2300.8
1138200 2302.9
1138210 2306.0
1138220 2306.0
1138230 2309.7
1138240 2312.1
1138250 2313.1
1138260 2313.1
1138270 2312.6
1138280 2314.0
1138290 2314.0
1138300 2314.9
1138310 2315.1
1138320 2315.1
1138330 2315.3
1138340 2314.4
1138350 2314.4
1138360 2313.8
1138370 2313.5
1138380 2313.5
1138390 2310.3
1138400 2305.0
1138410 2305.0
1138420 2300.5
1138430 2296.7
1138440 2291.0
1138450 2286.6
1138460 2281.9
1138470 2277.3
1138480 2277.3
1138490 2274.1
1138500 2270.4
1138510 2270.4
1138520 2266.9
1138530 2263.0
1138540 2263.0
1138550 2258.8
1138560 2254.2
1138570 2254.2
1138580 2248.3
1138590 2241.2
1138600 2241.2
1138610 2243.4
1138620 2254.5
1138630 2254.5
1138640 2257.3
1138650 2255.9
1138660 2255.9
1138670 2258.3
1138680 2264.7
1138690 2269.5
1138700 2269.5
1138710 2273.3
1138720 2277.1
1138730 2277.1
1138740 2279.4
1138750 2280.3
1138760 2280.3
1138770 2281.0
1138780 2281.9
1138790 2281.9
1138800 2277.5
1138810 2273.6
1138820 2273.6
1138830 2270.2
1138840 2267.9
1138850 2267.9
1138860 2266.0
1138870 2262.8
1138880 2260.3
1138890 2260.3
1138900 2257.5
1138910 2254.5
1138920 2254.5
1138930 2255.0
1138940 2258.2
1138950 2258.2
1138960 2262.4
1138970 2267.6
1138980 2267.6
1138990 2274.1
1139000 2280.5
1139010 2280.5
1139020 2287.0
1139030 2294.3
1139040 2294.3
1139050 2301.2
1139060 2307.2
1139070 2307.2
1139080 2311.9
1139090 2314.9
1139100 2316.3
1139110 2316.3
1139120 2318.1
1139130 2320.8
1139140 2320.8
1139150 2323.2
1139160 2324.2
1139170 2318.4
1139180 2318.8
1139190 2319.3
1139200 2319.3
1139210 2320.4
1139220 2321.0
1139230 2321.0
1139240 2320.6
1139250 2319.0
1139260 2319.0
1139270 2316.5
1139280 2313.5
1139290 2313.5
1139300 2310.7
1139310 2307.8
1139320 2304.3
1139330 2304.3
1139340 2300.0
1139350 2295.0
1139360 2295.0
1139370 2288.4
1139380 2282.2
1139390 2282.2
1139400 2276.0
1139410 2270.4
1139420 2270.4
1139430 2265.1
1139440 2260.1
1139450 2260.1
1139460 2256.6
1139470 2252.8
1139480 2252.8
1139490 2248.0
1139500 2242.9
1139510 2242.9
1139520 2236.6
1139530 2231.0
1139540 2222.9
1139550 2222.9
1139560 2218.6
1139570 2214.5
1139580 2214.5
1139590 2210.5
1139600 2205.8
1139610 2205.8
1139620 2201.5
1139630 2196.4
1139640 2196.4
1139650 2182.2
1139660 2163.7
1139670 2163.7
1139680 2150.8
1139690 2138.3
1139700 2138.3
1139710 2128.4
1139720 2117.7
1139730 2108.5
1139740 2108.5
1139750 2101.6
1139760 2094.5
1139770 2094.5
1139780 2087.6
1139790 2081.1
1139800 2081.1
1139810 2075.1
1139820 2070.1
1139830 2070.1
1139840 2065.9
1139850 2061.9
1139860 2061.9
1139870 2058.0
1139880 2054.1
1139890 2054.1
1139900 2046.7
1139910 2043.4
1139920 2043.4
1139930 2040.2
1139940 2037.2
1139950 2033.1
1139960 2033.1
1139970 2033.5
1139980 2036.3
1139990 2036.3
