1120000 1638.5
1120010 1638.5
1120020 1636.4
1120030 1634.1
1120040 1631.2
1120050 1631.2
1120060 1630.5
1120070 1631.4
1120080 1631.4
1120090 1632.4
1120100 1634.9
1120110 1634.9
1120120 1638.5
1120130 1641.2
1120140 1641.2
1120150 1646.5
1120160 1643.9
1120170 1643.9
1120180 1641.1
1120190 1641.0
1120200 1641.0
1120210 1642.6
1120220 1644.6
1120230 1647.1
1120240 1647.1
1120250 1650.0
1120260 1650.4
1120270 1650.4
1120280 1649.4
1120290 1646.8
1120300 1646.8
1120310 1642.9
1120320 1641.6
1120330 1641.6
1120340 1653.4
1120350 1665.3
1120360 1665.3
1120370 1674.8
1120380 1680.6
1120390 1680.6
1120400 1685.7
1120410 1688.8
1120420 1688.8
1120430 1688.4
1120440 1687.2
1120450 1685.1
1120460 1685.1
1120470 1685.5
1120480 1688.7
1120490 1688.7
1120500 1698.4
1120510 1699.3
1120520 1699.3
1120530 1697.1
1120540 1694.7
1120550 1694.7
1120560 1692.7
1120570 1696.5
1120580 1696.5
1120590 1706.4
1120600 1716.0
1120610 1716.0
1120620 1725.2
1120630 1731.1
1120640 1731.1
1120650 1733.6
1120660 1733.9
1120670 1734.8
1120680 1734.8
1120690 1731.6
1120700 1733.7
1120710 1733.7
1120720 1740.2
1120730 1748.5
1120740 1748.5
1120750 1754.1
1120760 1757.0
1120770 1757.0
1120780 1760.0
1120790 1764.6
1120800 1764.6
1120810 1770.5
1120820 1775.6
1120830 1775.6
1120840 1779.1
1120850 1785.2
1120860 1792.0
1120870 1792.0
1120880 1800.5
1120890 1805.2
1120900 1805.2
1120910 1806.7
1120920 1805.6
1120930 1805.6
1120940 1805.9
1120950 1807.9
1120960 1807.9
1120970 1813.7
1120980 1819.5
1120990 1819.5
1121000 1821.1
1121010 1824.2
1121020 1824.2
1121030 1826.3
1121040 1827.8
1121050 1827.8
1121060 1833.3
1121070 1834.1
1121080 1836.5
1121090 1836.5
1121100 1839.4
1121110 1842.2
1121120 1842.2
1121130 1843.5
1121140 1844.6
1121150 1844.6
1121160 1845.1
1121170 1844.4
1121180 1844.4
1121190 1846.7
1121200 1847.8
1121210 1847.8
1121220 1851.6
1121230 1854.8
1121240 1854.8
1121250 1856.1
1121260 1854.4
1121270 1854.4
1121280 1852.6
1121290 1852.9
1121300 1855.3
1121310 1855.3
1121320 1859.0
1121330 1862.3
1121340 1862.3
1121350 1864.6
1121360 1866.3
1121370 1866.3
1121380 1865.3
1121390 1862.9
1121400 1862.9
1121410 1862.2
1121420 1863.9
1121430 1863.9
1121440 1866.6
1121450 1869.6
1121460 1869.6
1121470 1871.1
1121480 1871.2
1121490 1871.2
1121500 1872.1
1121510 1874.0
1121520 1875.2
1121530 1875.2
1121540 1877.1
1121550 1877.8
1121560 1877.8
1121570 1878.5
1121580 1879.5
1121590 1879.5
1121600 1882.2
1121610 1886.4
1121620 1886.4
1121630 1886.5
1121640 1884.2
1121650 1884.2
1121660 1883.8
1121670 1889.0
1121680 1889.0
1121690 1896.3
1121700 1905.8
1121710 1917.3
1121720 1917.3
1121730 1922.7
1121740 1928.3
1121750 1928.3
1121760 1932.9
1121770 1936.1
1121780 1936.1
1121790 1935.3
1121800 1930.6
1121810 1930.6
1121820 1925.5
1121830 1927.9
1121840 1927.9
1121850 1933.6
1121860 1940.5
1121870 1940.5
1121880 1947.6
1121890 1954.7
1121900 1954.7
1121910 1958.3
1121920 1961.5
1121930 1962.8
1121940 1962.8
1121950 1963.8
1121960 1964.8
1121970 1964.8
1121980 1965.9
1121990 1967.2
1122000 1967.2
1122010 1967.9
1122020 1968.3
1122030 1968.3
1122040 1969.2
1122050 1967.9
1122060 1967.9
1122070 1966.6
1122080 1968.5
1122090 1968.5
1122100 1971.4
1122110 1973.8
1122120 1973.8
1122130 1977.0
1122140 1979.1
1122150 1981.3
1122160 1981.3
1122170 1983.9
1122180 1985.8
1122190 1985.8
1122200 1988.0
1122210 1990.6
1122220 1990.6
1122230 1991.7
1122240 1994.5
1122250 1994.5
1122260 1996.2
1122270 1997.4
1122280 1997.4
1122290 1999.5
1122300 2002.2
1122310 2002.2
1122320 2005.2
1122330 2007.3
1122340 2007.3
1122350 2008.1
1122360 2007.1
1122370 2007.9
1122380 2007.9
1122390 2010.5
1122400 2014.0
1122410 2014.0
1122420 2016.6
1122430 2018.4
1122440 2018.4
1122450 2020.8
1122460 2022.5
1122470 2022.5
1122480 2023.2
1122490 2021.5
1122500 2021.5
1122510 2019.9
1122520 2019.7
1122530 2019.7
1122540 2022.1
1122550 2026.0
1122560 2032.0
1122570 2032.0
1122580 2037.2
1122590 2040.7
1122600 2040.7
1122610 2045.3
1122620 2049.0
1122630 2049.0
1122640 2052.3
1122650 2055.6
1122660 2055.6
1122670 2058.9
1122680 2062.3
1122690 2062.3
1122700 2065.7
1122710 2068.9
1122720 2068.9
1122730 2072.3
1122740 2076.1
1122750 2076.1
1122760 2079.8
1122770 2082.6
1122780 2085.3
1122790 2085.3
1122800 2088.3
1122810 2091.4
1122820 2091.4
1122830 2094.1
1122840 2096.8
1122850 2096.8
1122860 2099.2
1122870 2102.1
1122880 2102.1
1122890 2104.8
1122900 2108.5
1122910 2108.5
1122920 2112.7
1122930 2116.9
1122940 2117.5
1122950 2121.1
1122960 2123.7
1122970 2123.7
1122980 2126.5
1122990 2130.1
1123000 2135.2
1123010 2135.2
1123020 2141.0
1123030 2144.9
1123040 2144.9
1123050 2148.4
1123060 2152.3
1123070 2152.3
1123080 2157.4
1123090 2161.5
1123100 2161.5
1123110 2164.3
1123120 2166.2
1123130 2166.2
1123140 2168.0
1123150 2169.7
1123160 2169.7
1123170 2171.9
1123180 2173.3
1123190 2174.3
1123200 2174.3
1123210 2175.8
1123220 2177.9
1123230 2177.9
1123240 2180.1
1123250 2183.0
1123260 2183.0
1123270 2186.2
1123280 2190.5
1123290 2191.0
1123300 2194.9
1123310 2198.3
1123320 2198.3
1123330 2201.5
1123340 2205.0
1123350 2205.0
1123360 2208.0
1123370 2209.8
1123380 2209.8
1123390 2211.0
1123400 2215.0
1123410 2219.9
1123420 2219.9
1123430 2222.8
1123440 2222.8
1123450 2222.8
1123460 2221.5
1123470 2220.5
1123480 2220.5
1123490 2220.4
1123500 2221.3
1123510 2221.3
1123520 2221.7
1123530 2221.1
1123540 2221.1
1123550 2223.7
1123560 2226.9
1123570 2226.9
1123580 2228.8
1123590 2229.7
1123600 2229.7
1123610 2229.8
1123620 2230.8
1123630 2230.9
1123640 2231.8
1123650 2233.1
1123660 2234.5
1123670 2234.5
1123680 2235.2
1123690 2235.5
1123700 2235.5
1123710 2235.2
1123720 2235.7
1123730 2235.7
1123740 2237.5
1123750 2239.6
1123760 2239.6
1123770 2242.4
1123780 2246.0
1123790 2246.0
1123800 2248.7
1123810 2251.4
1123820 2251.4
1123830 2254.7
1123840 2257.2
1123850 2259.1
1123860 2259.1
1123870 2260.6
1123880 2261.8
1123890 2261.8
1123900 2263.2
1123910 2265.0
1123920 2265.0
1123930 2266.5
1123940 2268.2
1123950 2268.2
1123960 2269.4
1123970 2270.7
1123980 2270.7
1123990 2275.1
1124000 2275.9
1124010 2275.9
1124020 2276.7
1124030 2279.1
1124040 2281.6
1124050 2281.6
1124060 2283.1
1124070 2284.7
1124080 2284.7
1124090 2287.1
1124100 2290.1
1124110 2290.1
1124120 2293.7
1124130 2297.8
1124140 2297.8
1124150 2301.9
1124160 2306.4
1124170 2306.4
1124180 2311.6
1124190 2317.0
1124200 2317.0
1124210 2321.4
1124220 2327.8
1124230 2327.8
1124240 2336.9
1124250 2342.5
1124260 2346.9
1124270 2346.9
1124280 2352.2
1124290 2356.1
1124300 2356.1
1124310 2358.6
1124320 2359.4
1124330 2359.4
1124340 2360.2
1124350 2371.1
1124360 2371.1
1124370 2373.5
1124380 2376.7
1124390 2376.7
1124400 2378.5
1124410 2381.5
1124420 2381.5
1124430 2385.8
1124440 2391.2
1124450 2391.2
1124460 2397.6
1124470 2403.9
1124480 2412.5
1124490 2412.5
1124500 2422.5
1124510 2430.4
1124520 2430.4
1124530 2437.4
1124540 2443.9
1124550 2443.9
1124560 2450.7
1124570 2457.9
1124580 2457.9
1124590 2461.8
1124600 2469.6
1124610 2469.6
1124620 2480.2
1124630 2491.3
1124640 2491.3
1124650 2496.3
1124660 2495.0
1124670 2495.0
1124680 2495.0
1124690 2491.8
1124700 2477.9
1124710 2477.9
1124720 2466.6
1124730 2456.0
1124740 2456.0
1124750 2446.3
1124760 2437.9
1124770 2437.9
1124780 2433.0
1124790 2429.0
1124800 2429.0
1124810 2419.8
1124820 2411.4
1124830 2411.4
1124840 2412.2
1124850 2414.4
1124860 2414.4
1124870 2409.0
1124880 2402.5
1124890 2397.1
1124900 2397.1
1124910 2389.3
1124920 2381.5
1124930 2381.5
1124940 2371.6
1124950 2362.3
1124960 2362.3
1124970 2363.8
1124980 2363.4
1124990 2363.4
1125000 2359.5
1125010 2349.8
1125020 2349.8
1125030 2340.5
1125040 2330.9
1125050 2328.3
1125060 2319.0
1125070 2307.7
1125080 2307.7
1125090 2297.1
1125100 2291.1
1125110 2279.0
1125120 2279.0
1125130 2269.1
1125140 2269.0
1125150 2269.0
1125160 2269.1
1125170 2264.6
1125180 2264.6
1125190 2259.7
1125200 2256.4
1125210 2256.4
1125220 2255.0
1125230 2253.5
1125240 2253.5
1125250 2249.2
1125260 2246.1
1125270 2246.1
1125280 2249.4
1125290 2248.0
1125300 2248.0
1125310 2245.4
1125320 2240.9
1125330 2230.6
1125340 2230.6
1125350 2220.9
1125360 2220.2
1125370 2220.2
1125380 2219.1
1125390 2215.7
1125400 2204.2
1125410 2202.5
1125420 2197.2
1125430 2197.2
1125440 2191.5
1125450 2185.9
1125460 2185.9
1125470 2177.2
1125480 2172.9
1125490 2172.9
1125500 2172.5
1125510 2170.8
1125520 2166.9
1125530 2166.9
1125540 2161.9
1125550 2158.1
1125560 2158.1
1125570 2154.7
1125580 2151.0
1125590 2151.0
1125600 2147.2
1125610 2142.9
1125620 2142.9
1125630 2138.3
1125640 2133.5
1125650 2133.5
1125660 2128.7
1125670 2125.1
1125680 2125.1
1125690 2122.8
1125700 2121.5
1125710 2121.5
1125720 2120.6
1125730 2119.6
1125740 2118.4
1125750 2113.1
1125760 2111.9
1125770 2110.1
1125780 2110.1
1125790 2107.6
1125800 2106.0
1125810 2106.0
1125820 2104.4
1125830 2102.6
1125840 2102.6
1125850 2100.6
1125860 2098.5
1125870 2098.5
1125880 2096.7
1125890 2094.4
1125900 2094.4
1125910 2091.8
1125920 2089.7
1125930 2089.7
1125940 2087.9
1125950 2086.5
1125960 2085.2
1125970 2085.2
1125980 2084.1
1125990 2083.0
1126000 2083.0
1126010 2081.8
1126020 2081.2
1126030 2081.2
1126040 2081.1
1126050 2081.0
1126060 2081.0
1126070 2081.0
1126080 2081.0
1126090 2081.0
1126100 2081.0
1126110 2080.5
1126120 2080.5
1126130 2081.0
1126140 2082.1
1126150 2082.6
1126160 2082.6
1126170 2082.8
1126180 2083.6
1126190 2083.6
1126200 2084.4
1126210 2085.2
1126220 2085.2
1126230 2086.1
1126240 2086.9
1126250 2086.9
1126260 2088.1
1126270 2089.9
1126280 2089.9
1126290 2092.5
1126300 2095.4
1126310 2095.4
1126320 2098.1
1126330 2100.0
1126340 2100.0
1126350 2101.2
1126360 2104.1
1126370 2105.4
1126380 2105.4
1126390 2107.1
1126400 2110.0
1126410 2110.0
1126420 2113.4
1126430 2116.2
1126440 2116.2
1126450 2118.3
1126460 2127.1
1126470 2127.1
1126480 2129.1
1126490 2131.1
1126500 2131.1
1126510 2131.8
1126520 2133.2
1126530 2133.2
1126540 2135.6
1126550 2139.2
1126560 2139.2
1126570 2142.4
1126580 2145.2
1126590 2148.0
1126600 2148.0
1126610 2152.0
1126620 2155.5
1126630 2155.5
1126640 2157.4
1126650 2158.2
1126660 2158.2
1126670 2158.2
1126680 2155.1
1126690 2155.1
1126700 2155.8
1126710 2164.4
1126720 2164.4
1126730 2171.4
1126740 2175.2
1126750 2175.2
1126760 2177.9
1126770 2181.3
1126780 2181.3
1126790 2183.8
1126800 2186.3
1126810 2193.8
1126820 2193.8
1126830 2195.1
1126840 2196.0
1126850 2196.0
1126860 2198.0
1126870 2201.0
1126880 2201.0
1126890 2204.1
1126900 2207.7
1126910 2207.7
1126920 2210.9
1126930 2211.6
1126940 2211.6
1126950 2211.8
1126960 2212.2
1126970 2212.2
1126980 2212.0
1126990 2211.1
1127000 2210.2
1127010 2210.2
1127020 2209.7
1127030 2211.3
1127040 2211.3
1127050 2211.7
1127060 2210.2
1127070 2210.2
1127080 2207.9
1127090 2207.8
1127100 2207.8
1127110 2211.5
1127120 2212.4
1127130 2212.4
1127140 2212.4
1127150 2213.5
1127160 2213.5
1127170 2220.5
1127180 2221.3
1127190 2221.3
1127200 2222.1
1127210 2223.4
1127220 2224.0
1127230 2224.0
1127240 2222.5
1127250 2218.7
1127260 2218.7
1127270 2214.8
1127280 2220.1
1127290 2220.1
1127300 2221.8
1127310 2222.7
1127320 2222.7
1127330 2222.2
1127340 2222.6
1127350 2222.6
1127360 2222.3
1127370 2221.6
1127380 2221.6
1127390 2221.3
1127400 2221.5
1127410 2221.5
1127420 2221.8
1127430 2221.9
1127440 2221.7
1127450 2221.7
1127460 2222.2
1127470 2222.7
1127480 2222.7
1127490 2223.2
1127500 2223.8
1127510 2223.8
1127520 2229.0
1127530 2229.1
1127540 2229.1
1127550 2229.2
1127560 2229.1
1127570 2229.1
1127580 2228.2
1127590 2227.4
1127600 2227.4
1127610 2226.7
1127620 2226.1
1127630 2226.1
1127640 2226.3
1127650 2225.9
1127660 2225.8
1127670 2225.8
1127680 2225.5
1127690 2224.1
1127700 2224.1
1127710 2222.8
1127720 2221.7
1127730 2221.7
1127740 2219.6
1127750 2219.9
1127760 2219.9
1127770 2221.4
1127780 2221.5
1127790 2221.5
1127800 2221.6
1127810 2222.4
1127820 2222.4
1127830 2223.0
1127840 2223.8
1127850 2224.5
1127860 2224.5
1127870 2224.9
1127880 2227.3
1127890 2227.3
1127900 2228.1
1127910 2228.9
1127920 2228.9
1127930 2229.7
1127940 2230.2
1127950 2230.2
1127960 2230.8
1127970 2230.6
1127980 2230.6
1127990 2228.7
1128000 2228.9
1128010 2228.9
1128020 2231.2
1128030 2233.1
1128040 2233.1
1128050 2233.7
1128060 2235.3
1128070 2236.6
1128080 2236.6
1128090 2239.1
1128100 2242.1
1128110 2242.1
1128120 2245.2
1128130 2248.3
1128140 2248.3
1128150 2251.4
1128160 2255.0
1128170 2255.0
1128180 2258.8
1128190 2263.3
1128200 2263.3
1128210 2267.5
1128220 2271.2
1128230 2274.9
1128240 2278.2
1128250 2279.4
1128260 2279.4
1128270 2280.5
1128280 2282.1
1128290 2284.0
1128300 2284.0
1128310 2285.4
1128320 2286.9
1128330 2286.9
1128340 2289.0
1128350 2290.2
1128360 2290.2
1128370 2290.1
1128380 2288.9
1128390 2288.9
1128400 2290.3
1128410 2289.2
1128420 2289.2
1128430 2288.9
1128440 2291.4
1128450 2291.4
1128460 2292.6
1128470 2294.4
1128480 2295.4
1128490 2295.4
1128500 2296.2
1128510 2296.7
1128520 2296.7
1128530 2297.5
1128540 2298.8
1128550 2298.8
1128560 2300.0
1128570 2300.5
1128580 2300.5
1128590 2303.2
1128600 2303.8
1128610 2303.8
1128620 2303.7
1128630 2304.2
1128640 2304.2
1128650 2306.2
1128660 2306.6
1128670 2306.6
1128680 2306.4
1128690 2306.0
1128700 2305.2
1128710 2305.2
1128720 2304.9
1128730 2307.8
1128740 2307.8
1128750 2309.0
1128760 2309.1
1128770 2309.1
1128780 2310.2
1128790 2312.2
1128800 2312.2
1128810 2313.2
1128820 2312.7
1128830 2312.7
1128840 2313.3
1128850 2315.6
1128860 2315.6
1128870 2318.6
1128880 2321.4
1128890 2321.4
1128900 2323.6
1128910 2324.9
1128920 2326.0
1128930 2326.0
1128940 2326.9
1128950 2328.7
1128960 2328.7
1128970 2330.6
1128980 2333.9
1128990 2333.9
1129000 2338.5
1129010 2343.6
1129020 2343.6
1129030 2349.3
1129040 2354.6
1129050 2354.6
1129060 2358.5
1129070 2362.4
1129080 2362.4
1129090 2368.2
1129100 2374.9
1129110 2374.9
1129120 2381.6
1129130 2386.7
1129140 2389.4
1129150 2389.4
1129160 2390.7
1129170 2389.6
1129180 2389.6
1129190 2387.6
1129200 2387.5
1129210 2387.5
1129220 2386.7
1129230 2385.7
1129240 2385.7
1129250 2386.1
1129260 2386.2
1129270 2386.2
1129280 2386.0
1129290 2385.5
1129300 2388.5
1129310 2387.9
1129320 2387.7
1129330 2387.6
1129340 2387.6
1129350 2388.1
1129360 2388.0
1129370 2388.0
1129380 2388.0
1129390 2387.6
1129400 2387.6
1129410 2387.8
1129420 2389.7
1129430 2389.7
1129440 2391.1
1129450 2393.1
1129460 2393.1
1129470 2395.7
1129480 2397.6
1129490 2397.6
1129500 2400.6
1129510 2403.4
1129520 2403.4
1129530 2406.8
1129540 2409.9
1129550 2413.6
1129560 2413.6
1129570 2419.6
1129580 2431.2
1129590 2431.2
1129600 2441.0
1129610 2445.2
1129620 2445.2
1129630 2449.8
1129640 2451.7
1129650 2451.7
1129660 2455.8
1129670 2458.9
1129680 2458.9
1129690 2463.0
1129700 2466.3
1129710 2466.3
1129720 2468.5
1129730 2470.2
1129740 2470.2
1129750 2472.6
1129760 2476.6
1129770 2478.6
1129780 2478.6
1129790 2479.3
1129800 2480.5
1129810 2480.5
1129820 2480.2
1129830 2478.3
1129840 2478.3
1129850 2475.7
1129860 2472.4
1129870 2472.4
1129880 2471.6
1129890 2471.9
1129900 2471.9
1129910 2471.0
1129920 2471.0
1129930 2471.0
1129940 2473.5
1129950 2477.4
1129960 2479.7
1129970 2479.7
1129980 2481.2
1129990 2481.6
1130000 2481.6
1130010 2481.6
1130020 2488.8
1130030 2488.8
1130040 2489.1
1130050 2489.2
1130060 2489.2
1130070 2489.5
1130080 2490.5
1130090 2490.5
1130100 2493.3
1130110 2496.8
1130120 2496.8
1130130 2501.0
1130140 2505.3
1130150 2505.3
1130160 2508.4
1130170 2511.2
1130180 2514.4
1130190 2514.4
1130200 2517.4
1130210 2520.0
1130220 2520.0
1130230 2522.6
1130240 2525.4
1130250 2525.4
1130260 2528.9
1130270 2532.3
1130280 2532.3
1130290 2534.8
1130300 2536.6
1130310 2536.6
1130320 2538.2
1130330 2539.7
1130340 2539.7
1130350 2542.6
1130360 2546.2
1130370 2546.4
1130380 2551.3
1130390 2557.2
1130400 2562.3
1130410 2562.3
1130420 2567.3
1130430 2571.1
1130440 2571.1
1130450 2577.0
1130460 2583.0
1130470 2583.0
1130480 2587.5
1130490 2590.4
1130500 2590.4
1130510 2592.0
1130520 2593.5
1130530 2593.5
1130540 2597.6
1130550 2602.4
1130560 2602.4
1130570 2603.4
1130580 2605.1
1130590 2605.1
1130600 2609.4
1130610 2614.5
1130620 2621.9
1130630 2621.9
1130640 2628.4
1130650 2636.1
1130660 2636.1
1130670 2651.0
1130680 2663.8
1130690 2663.8
1130700 2666.9
1130710 2668.3
1130720 2668.3
1130730 2667.5
1130740 2667.4
1130750 2667.4
1130760 2659.8
1130770 2647.9
1130780 2647.9
1130790 2641.2
1130800 2636.8
1130810 2633.3
1130820 2633.3
1130830 2626.7
1130840 2622.7
1130850 2622.7
1130860 2620.2
1130870 2616.5
1130880 2616.5
1130890 2614.4
1130900 2613.9
1130910 2613.9
1130920 2613.3
1130930 2610.7
1130940 2610.7
1130950 2609.2
1130960 2609.8
1130970 2609.8
1130980 2609.6
1130990 2610.2
1131000 2610.2
1131010 2612.8
1131020 2612.3
1131030 2610.6
1131040 2610.6
1131050 2609.4
1131060 2604.1
1131070 2604.1
1131080 2600.0
1131090 2605.4
1131100 2605.4
1131110 2601.5
1131120 2595.5
1131130 2595.5
1131140 2587.4
1131150 2578.0
1131160 2578.0
1131170 2570.4
1131180 2570.7
1131190 2570.7
1131200 2572.6
1131210 2573.3
1131220 2573.3
1131230 2572.2
1131240 2558.4
1131250 2534.8
1131260 2534.8
1131270 2513.5
1131280 2500.2
1131290 2500.2
1131300 2490.3
1131310 2482.8
1131320 2482.8
1131330 2478.5
1131340 2475.9
1131350 2475.9
1131360 2471.9
1131370 2466.6
1131380 2466.6
1131390 2462.5
1131400 2459.6
1131410 2459.6
1131420 2457.8
1131430 2456.5
1131440 2454.2
1131450 2457.1
1131460 2453.0
1131470 2447.1
1131480 2447.1
1131490 2442.0
1131500 2438.5
1131510 2438.5
1131520 2437.3
1131530 2436.7
1131540 2436.7
1131550 2436.9
1131560 2437.6
1131570 2437.6
1131580 2435.9
1131590 2431.7
1131600 2431.7
1131610 2425.5
1131620 2418.4
1131630 2418.4
1131640 2410.9
1131650 2403.8
1131660 2396.7
1131670 2396.7
1131680 2389.3
1131690 2383.0
1131700 2383.0
1131710 2378.8
1131720 2373.9
1131730 2373.9
1131740 2368.4
1131750 2361.7
1131760 2361.7
1131770 2354.9
1131780 2350.4
1131790 2350.4
1131800 2347.0
1131810 2343.3
1131820 2343.3
1131830 2337.6
1131840 2335.0
1131850 2335.0
1131860 2331.9
1131870 2327.0
1131880 2322.1
1131890 2322.1
1131900 2317.4
1131910 2313.0
1131920 2313.0
1131930 2308.5
1131940 2304.6
1131950 2304.6
1131960 2302.0
1131970 2300.0
1131980 2300.0
1131990 2298.2
1132000 2294.2
1132010 2294.2
1132020 2293.0
1132030 2294.9
1132040 2294.9
1132050 2296.2
1132060 2296.9
1132070 2296.9
1132080 2298.3
1132090 2299.6
1132100 2300.8
1132110 2300.8
1132120 2302.5
1132130 2304.6
1132140 2304.6
1132150 2307.1
1132160 2309.8
1132170 2310.9
1132180 2314.2
1132190 2317.8
1132200 2317.8
1132210 2320.9
1132220 2324.6
1132230 2324.6
1132240 2328.5
1132250 2332.0
1132260 2332.0
1132270 2335.9
1132280 2339.6
1132290 2342.9
1132300 2342.9
1132310 2346.8
1132320 2351.1
1132330 2351.1
1132340 2354.9
1132350 2360.5
1132360 2360.5
1132370 2367.1
1132380 2374.2
1132390 2374.2
1132400 2381.2
1132410 2387.8
1132420 2387.8
1132430 2393.6
1132440 2399.0
1132450 2399.0
1132460 2405.0
1132470 2410.5
1132480 2410.5
1132490 2416.0
1132500 2422.0
1132510 2428.1
1132520 2432.6
1132530 2440.1
1132540 2445.2
1132550 2445.2
1132560 2450.7
1132570 2456.9
1132580 2456.9
1132590 2464.1
1132600 2471.2
1132610 2471.2
1132620 2478.7
1132630 2486.2
1132640 2486.2
1132650 2492.7
1132660 2497.0
1132670 2497.0
1132680 2501.6
1132690 2507.4
1132700 2507.4
1132710 2512.6
1132720 2514.9
1132730 2514.0
1132740 2514.0
1132750 2515.8
1132760 2520.2
1132770 2520.2
1132780 2525.7
1132790 2531.1
1132800 2531.1
1132810 2536.8
1132820 2542.7
1132830 2542.7
1132840 2548.8
1132850 2554.9
1132860 2554.9
1132870 2560.8
1132880 2569.2
1132890 2569.2
1132900 2575.2
1132910 2580.7
1132920 2585.8
1132930 2585.8
1132940 2590.0
1132950 2594.2
1132960 2594.2
1132970 2599.9
1132980 2606.1
1132990 2606.1
1133000 2612.2
1133010 2617.6
1133020 2617.6
1133030 2622.1
1133040 2625.5
1133050 2625.5
1133060 2630.3
1133070 2636.3
1133080 2636.3
1133090 2644.2
1133100 2652.3
1133110 2652.3
1133120 2659.5
1133130 2672.4
1133140 2691.7
1133150 2691.7
1133160 2702.4
1133170 2708.4
1133180 2708.4
1133190 2715.4
1133200 2724.5
1133210 2724.5
1133220 2730.7
1133230 2733.2
1133240 2742.1
1133250 2740.9
1133260 2731.3
1133270 2731.3
1133280 2723.3
1133290 2713.2
1133300 2713.2
1133310 2702.9
1133320 2694.6
1133330 2694.6
1133340 2690.9
1133350 2689.0
1133360 2687.0
1133370 2687.0
1133380 2685.6
1133390 2684.4
1133400 2684.4
1133410 2684.2
1133420 2684.3
1133430 2684.3
1133440 2685.1
1133450 2687.4
1133460 2687.4
1133470 2689.2
1133480 2691.0
1133490 2691.0
1133500 2693.5
1133510 2696.1
1133520 2696.1
1133530 2699.4
1133540 2704.2
1133550 2704.2
1133560 2708.8
1133570 2711.6
1133580 2715.2
1133590 2715.2
1133600 2721.9
1133610 2738.0
1133620 2738.0
1133630 2748.3
1133640 2759.8
1133650 2759.8
1133660 2770.3
1133670 2777.2
1133680 2777.2
1133690 2782.8
1133700 2789.1
1133710 2789.1
1133720 2796.4
1133730 2803.6
1133740 2803.6
1133750 2809.0
1133760 2812.9
1133770 2812.9
1133780 2812.9
1133790 2806.8
1133800 2799.5
1133810 2799.5
1133820 2789.2
1133830 2777.6
1133840 2777.6
1133850 2768.2
1133860 2761.0
1133870 2761.0
1133880 2753.5
1133890 2748.8
1133900 2748.8
1133910 2744.9
1133920 2739.4
1133930 2739.4
1133940 2734.9
1133950 2727.1
1133960 2727.1
1133970 2708.5
1133980 2701.6
1133990 2694.7
1134000 2694.7
1134010 2686.5
1134020 2680.7
1134030 2680.7
1134040 2676.1
1134050 2671.8
1134060 2671.8
1134070 2667.1
1134080 2662.8
1134090 2662.8
1134100 2659.1
1134110 2655.2
1134120 2655.2
1134130 2652.5
1134140 2651.2
1134150 2651.2
1134160 2652.4
1134170 2655.2
1134180 2655.2
1134190 2657.8
1134200 2660.9
1134210 2662.6
1134220 2662.6
1134230 2663.6
1134240 2664.9
1134250 2664.9
1134260 2667.5
1134270 2671.0
1134280 2671.0
1134290 2672.8
1134300 2671.5
1134310 2671.5
1134320 2665.9
1134330 2658.0
1134340 2658.0
1134350 2641.1
1134360 2629.8
1134370 2629.8
1134380 2621.5
1134390 2614.9
1134400 2609.9
1134410 2609.9
1134420 2606.4
1134430 2603.1
1134440 2603.1
1134450 2600.9
1134460 2600.1
1134470 2600.1
1134480 2600.5
1134490 2602.7
1134500 2602.7
1134510 2606.0
1134520 2611.0
1134530 2611.0
1134540 2612.6
1134550 2611.4
1134560 2611.4
1134570 2608.5
1134580 2606.4
1134590 2606.4
1134600 2607.4
1134610 2605.0
1134620 2604.9
1134630 2604.9
1134640 2605.7
1134650 2606.4
1134660 2606.4
1134670 2609.0
1134680 2610.7
1134690 2596.7
1134700 2596.8
1134710 2598.4
1134720 2598.4
1134730 2602.7
1134740 2605.9
1134750 2605.9
1134760 2609.7
1134770 2617.5
1134780 2617.5
1134790 2626.9
1134800 2631.5
1134810 2631.5
1134820 2637.7
1134830 2651.6
1134840 2662.9
1134850 2662.9
1134860 2668.3
1134870 2668.5
1134880 2668.5
1134890 2668.1
1134900 2669.6
1134910 2669.6
1134920 2670.2
1134930 2669.1
1134940 2669.1
1134950 2668.3
1134960 2667.8
1134970 2667.8
1134980 2665.4
1134990 2656.9
1135000 2656.9
1135010 2651.9
1135020 2641.7
1135030 2632.5
1135040 2632.5
1135050 2610.7
1135060 2602.0
1135070 2602.0
1135080 2593.4
1135090 2586.3
1135100 2586.3
1135110 2577.5
1135120 2566.8
1135130 2566.8
1135140 2557.3
1135150 2546.5
1135160 2546.5
1135170 2535.9
1135180 2530.3
1135190 2530.3
1135200 2525.5
1135210 2520.7
1135220 2520.7
1135230 2515.3
1135240 2509.5
1135250 2503.9
1135260 2503.9
1135270 2498.0
1135280 2492.9
1135290 2492.9
1135300 2487.9
1135310 2483.5
1135320 2483.5
1135330 2479.4
1135340 2474.8
1135350 2474.8
1135360 2471.2
1135370 2467.8
1135380 2467.8
1135390 2465.0
1135400 2463.6
1135410 2458.9
1135420 2458.6
1135430 2457.2
1135440 2457.2
1135450 2455.0
1135460 2452.6
1135470 2450.1
1135480 2450.1
1135490 2448.1
1135500 2447.4
1135510 2447.4
1135520 2448.1
1135530 2449.9
1135540 2449.9
1135550 2452.4
1135560 2455.4
1135570 2455.4
1135580 2458.5
1135590 2461.5
1135600 2461.5
1135610 2463.3
1135620 2464.8
1135630 2464.8
1135640 2466.4
1135650 2467.7
1135660 2467.7
1135670 2469.6
1135680 2471.7
1135690 2473.9
1135700 2473.9
1135710 2475.1
1135720 2474.5
1135730 2474.5
1135740 2473.3
1135750 2470.8
1135760 2470.8
1135770 2467.2
1135780 2457.1
1135790 2457.1
1135800 2449.8
1135810 2442.6
1135820 2442.6
1135830 2434.5
1135840 2429.2
1135850 2429.2
1135860 2426.0
1135870 2424.7
1135880 2424.3
1135890 2424.3
1135900 2424.8
1135910 2425.8
1135920 2425.8
1135930 2425.7
1135940 2424.1
1135950 2424.1
1135960 2423.5
1135970 2423.6
1135980 2423.6
1135990 2422.8
1136000 2421.1
1136010 2421.1
1136020 2419.1
1136030 2417.1
1136040 2417.1
1136050 2415.2
1136060 2413.2
1136070 2413.2
1136080 2411.8
1136090 2411.5
1136100 2411.5
1136110 2411.5
1136120 2412.3
1136130 2414.0
1136140 2407.8
1136150 2409.4
1136160 2410.2
1136170 2410.2
1136180 2410.7
1136190 2411.7
1136200 2411.7
1136210 2412.5
1136220 2413.4
1136230 2413.4
1136240 2413.6
1136250 2416.1
1136260 2416.1
1136270 2420.4
1136280 2420.5
1136290 2420.5
1136300 2420.1
1136310 2418.1
1136320 2415.3
1136330 2415.3
1136340 2413.3
1136350 2412.5
1136360 2412.5
1136370 2412.6
1136380 2414.8
1136390 2414.8
1136400 2414.3
1136410 2411.9
1136420 2411.9
1136430 2414.4
1136440 2417.3
1136450 2417.3
1136460 2416.9
1136470 2416.0
1136480 2416.0
1136490 2414.0
1136500 2400.6
1136510 2398.2
1136520 2398.2
1136530 2392.1
1136540 2386.3
1136550 2386.3
1136560 2381.4
1136570 2375.9
1136580 2375.9
1136590 2369.8
1136600 2364.2
1136610 2364.2
1136620 2358.8
1136630 2353.4
1136640 2353.4
1136650 2348.2
1136660 2343.0
1136670 2343.0
1136680 2337.9
1136690 2332.0
1136700 2332.0
1136710 2326.0
1136720 2319.3
1136730 2312.8
1136740 2312.8
1136750 2306.2
1136760 2299.2
1136770 2299.2
1136780 2292.4
1136790 2285.8
1136800 2285.8
1136810 2280.6
1136820 2275.9
1136830 2275.9
1136840 2271.4
1136850 2267.4
1136860 2267.4
1136870 2260.0
1136880 2257.0
1136890 2257.0
1136900 2254.1
1136910 2251.8
1136920 2251.8
1136930 2250.2
1136940 2248.2
1136950 2246.3
1136960 2246.3
1136970 2244.5
1136980 2239.9
1136990 2239.9
1137000 2233.9
1137010 2228.9
1137020 2228.9
1137030 2226.4
1137040 2225.4
1137050 2225.4
1137060 2224.1
1137070 2222.0
1137080 2222.0
1137090 2219.9
1137100 2218.4
1137110 2218.4
1137120 2217.8
1137130 2217.0
1137140 2215.6
1137150 2215.6
1137160 2214.5
1137170 2214.3
1137180 2214.3
1137190 2215.5
1137200 2215.7
1137210 2215.7
1137220 2216.7
1137230 2214.1
1137240 2214.1
1137250 2214.1
1137260 2214.6
1137270 2214.6
1137280 2214.8
1137290 2213.9
1137300 2213.9
1137310 2213.3
1137320 2213.4
1137330 2213.4
1137340 2213.7
1137350 2215.4
1137360 2216.2
1137370 2216.2
1137380 2214.7
1137390 2215.4
1137400 2215.4
1137410 2216.0
1137420 2214.4
1137430 2214.4
1137440 2213.6
1137450 2209.5
1137460 2209.5
1137470 2206.3
1137480 2206.2
1137490 2206.2
1137500 2207.8
1137510 2209.1
1137520 2209.1
1137530 2210.6
1137540 2211.3
1137550 2211.3
1137560 2212.2
1137570 2212.8
1137580 2213.7
1137590 2213.7
1137600 2210.9
1137610 2209.9
1137620 2209.9
1137630 2210.0
1137640 2211.3
1137650 2211.3
1137660 2211.3
1137670 2212.0
1137680 2212.0
1137690 2212.4
1137700 2213.1
1137710 2213.1
1137720 2213.5
1137730 2212.4
1137740 2212.4
1137750 2210.4
1137760 2211.4
1137770 2211.4
1137780 2212.1
1137790 2208.0
1137800 2202.7
1137810 2202.7
1137820 2198.0
1137830 2193.0
1137840 2193.0
1137850 2187.4
1137860 2178.7
1137870 2178.7
1137880 2169.5
1137890 2160.0
1137900 2160.0
1137910 2152.1
1137920 2147.2
1137930 2147.2
1137940 2142.2
1137950 2139.2
1137960 2130.9
1137970 2129.6
1137980 2129.2
1137990 2128.8
1138000 2128.8
1138010 2126.1
1138020 2124.5
1138030 2124.5
1138040 2130.7
1138050 2133.5
1138060 2133.5
1138070 2134.5
1138080 2130.4
1138090 2130.4
1138100 2119.4
1138110 2107.7
1138120 2107.7
1138130 2106.6
1138140 2110.8
1138150 2110.8
1138160 2116.0
1138170 2126.5
1138180 2126.5
1138190 2131.3
1138200 2142.0
1138210 2147.5
1138220 2147.5
1138230 2151.5
1138240 2153.9
1138250 2153.9
1138260 2153.8
1138270 2157.9
1138280 2157.9
1138290 2159.4
1138300 2160.8
1138310 2160.8
1138320 2161.2
1138330 2153.0
1138340 2153.0
1138350 2145.6
1138360 2135.5
1138370 2135.5
1138380 2125.7
1138390 2117.9
1138400 2117.9
1138410 2117.2
1138420 2120.9
1138430 2123.4
1138440 2123.4
1138450 2125.6
1138460 2124.5
1138470 2124.5
1138480 2120.4
1138490 2112.9
1138500 2112.9
1138510 2110.6
1138520 2109.5
1138530 2109.5
1138540 2110.5
1138550 2109.2
1138560 2109.2
1138570 2098.4
1138580 2085.9
1138590 2085.9
1138600 2073.3
1138610 2062.2
1138620 2053.1
1138630 2053.1
1138640 2042.3
1138650 2040.1
1138660 2040.1
1138670 2047.2
1138680 2049.8
1138690 2049.8
1138700 2038.4
1138710 2039.9
1138720 2039.9
1138730 2044.8
1138740 2054.3
1138750 2054.3
1138760 2066.3
1138770 2072.8
1138780 2072.8
1138790 2074.3
1138800 2074.3
1138810 2074.3
1138820 2073.0
1138830 2075.3
1138840 2077.8
1138850 2077.8
1138860 2079.5
1138870 2085.3
1138880 2085.3
1138890 2093.6
1138900 2097.4
1138910 2097.4
1138920 2094.9
1138930 2095.4
1138940 2095.4
1138950 2096.5
1138960 2098.8
1138970 2098.8
1138980 2101.3
1138990 2105.0
1139000 2105.0
1139010 2109.1
1139020 2112.7
1139030 2112.7
1139040 2115.5
1139050 2118.1
1139060 2111.8
1139070 2111.8
1139080 2109.5
1139090 2108.5
1139100 2108.5
1139110 2108.7
1139120 2108.2
1139130 2108.2
1139140 2110.4
1139150 2116.7
1139160 2116.7
1139170 2119.7
1139180 2121.9
1139190 2121.9
1139200 2125.9
1139210 2130.3
1139220 2130.3
1139230 2134.7
1139240 2138.8
1139250 2138.8
1139260 2142.6
1139270 2145.6
1139280 2147.1
1139290 2147.1
1139300 2147.1
1139310 2144.4
1139320 2144.4
1139330 2142.6
1139340 2141.7
1139350 2141.7
1139360 2139.4
1139370 2136.7
1139380 2136.7
1139390 2133.6
1139400 2131.3
1139410 2131.3
1139420 2129.1
1139430 2120.4
1139440 2120.4
1139450 2117.8
1139460 2115.3
1139470 2112.6
1139480 2112.6
1139490 2109.2
1139500 2105.4
1139510 2105.4
1139520 2101.0
1139530 2096.5
1139540 2096.5
1139550 2091.5
1139560 2085.3
1139570 2085.3
1139580 2078.3
1139590 2071.3
1139600 2071.3
1139610 2065.5
1139620 2060.5
1139630 2060.5
1139640 2055.8
1139650 2051.6
1139660 2051.6
1139670 2047.2
1139680 2042.2
1139690 2036.0
1139700 2036.0
1139710 2030.2
1139720 2025.2
1139730 2025.2
1139740 2019.9
1139750 2013.9
1139760 2013.9
1139770 2009.0
1139780 2003.8
1139790 2003.8
1139800 1995.3
1139810 1990.9
1139820 1990.9
1139830 1987.0
1139840 1983.4
1139850 1983.4
1139860 1979.3
1139870 1974.9
1139880 1974.9
1139890 1970.3
1139900 1965.8
1139910 1960.5
1139920 1960.5
1139930 1958.6
1139940 1962.8
1139950 1962.8
1139960 1969.0
1139970 1975.5
1139980 1975.5
1139990 1982.1
