1120000 1541.1
1120010 1545.4
1120020 1548.7
1120030 1548.7
1120040 1550.7
1120050 1552.9
1120060 1555.9
1120070 1555.9
1120080 1555.6
1120090 1554.9
1120100 1554.9
1120110 1556.7
1120120 1564.0
1120130 1564.0
1120140 1572.8
1120150 1581.8
1120160 1581.8
1120170 1585.9
1120180 1587.1
1120190 1587.1
1120200 1588.3
1120210 1587.5
1120220 1587.5
1120230 1584.8
1120240 1579.5
1120250 1584.3
1120260 1577.4
1120270 1572.3
1120280 1574.2
1120290 1574.2
1120300 1577.4
1120310 1584.3
1120320 1584.3
1120330 1591.8
1120340 1597.9
1120350 1597.9
1120360 1597.8
1120370 1599.3
1120380 1599.3
1120390 1599.8
1120400 1594.1
1120410 1594.1
1120420 1589.3
1120430 1592.8
1120440 1592.8
1120450 1601.1
1120460 1610.1
1120470 1610.1
1120480 1619.0
1120490 1628.0
1120500 1633.8
1120510 1633.8
1120520 1638.1
1120530 1642.0
1120540 1642.0
1120550 1644.3
1120560 1643.9
1120570 1643.9
1120580 1647.1
1120590 1652.9
1120600 1658.6
1120610 1663.3
1120620 1664.3
1120630 1664.3
1120640 1665.8
1120650 1669.3
1120660 1669.3
1120670 1672.0
1120680 1674.5
1120690 1677.6
1120700 1677.6
1120710 1681.3
1120720 1685.3
1120730 1685.3
1120740 1685.8
1120750 1685.9
1120760 1685.9
1120770 1686.2
1120780 1688.4
1120790 1688.4
1120800 1692.9
1120810 1698.7
1120820 1698.7
1120830 1701.2
1120840 1700.1
1120850 1700.1
1120860 1698.9
1120870 1699.3
1120880 1699.3
1120890 1698.2
1120900 1698.4
1120910 1702.3
1120920 1702.3
1120930 1708.8
1120940 1716.3
1120950 1722.1
1120960 1728.7
1120970 1733.1
1120980 1733.1
1120990 1737.1
1121000 1742.3
1121010 1742.3
1121020 1748.8
1121030 1755.7
1121040 1755.7
1121050 1760.4
1121060 1763.6
1121070 1763.6
1121080 1766.0
1121090 1766.8
1121100 1766.8
1121110 1769.7
1121120 1774.7
1121130 1778.9
1121140 1778.9
1121150 1786.4
1121160 1793.7
1121170 1793.7
1121180 1796.1
1121190 1793.3
1121200 1793.3
1121210 1794.7
1121220 1798.6
1121230 1798.6
1121240 1801.4
1121250 1803.2
1121260 1803.2
1121270 1804.3
1121280 1803.9
1121290 1809.9
1121300 1811.8
1121310 1812.0
1121320 1812.0
1121330 1816.0
1121340 1821.0
1121350 1827.7
1121360 1827.7
1121370 1834.7
1121380 1839.4
1121390 1839.4
1121400 1841.6
1121410 1841.6
1121420 1841.6
1121430 1840.9
1121440 1841.1
1121450 1841.1
1121460 1840.6
1121470 1840.1
1121480 1840.1
1121490 1839.9
1121500 1840.9
1121510 1840.9
1121520 1842.4
1121530 1843.2
1121540 1844.2
1121550 1844.2
1121560 1844.2
1121570 1843.4
1121580 1843.4
1121590 1843.9
1121600 1845.8
1121610 1845.8
1121620 1848.4
1121630 1851.2
1121640 1852.4
1121650 1854.7
1121660 1856.9
1121670 1856.9
1121680 1856.5
1121690 1855.1
1121700 1855.1
1121710 1855.0
1121720 1853.2
1121730 1853.2
1121740 1848.1
1121750 1845.1
1121760 1840.3
1121770 1840.3
1121780 1841.5
1121790 1846.5
1121800 1846.5
1121810 1855.1
1121820 1863.8
1121830 1863.8
1121840 1873.6
1121850 1883.2
1121860 1883.2
1121870 1891.7
1121880 1898.4
1121890 1898.4
1121900 1905.3
1121910 1912.8
1121920 1912.8
1121930 1919.6
1121940 1925.9
1121950 1925.9
1121960 1928.5
1121970 1929.8
1121980 1932.3
1121990 1938.3
1122000 1940.1
1122010 1942.1
1122020 1942.1
1122030 1943.3
1122040 1944.6
1122050 1944.6
1122060 1945.9
1122070 1947.8
1122080 1947.8
1122090 1949.4
1122100 1949.3
1122110 1949.3
1122120 1948.5
1122130 1949.7
1122140 1949.7
1122150 1951.0
1122160 1952.6
1122170 1952.6
1122180 1954.4
1122190 1955.2
1122200 1955.5
1122210 1955.5
1122220 1956.2
1122230 1957.8
1122240 1957.8
1122250 1958.7
1122260 1959.8
1122270 1959.8
1122280 1959.2
1122290 1960.5
1122300 1960.5
1122310 1961.2
1122320 1962.7
1122330 1962.7
1122340 1966.4
1122350 1963.3
1122360 1963.3
1122370 1964.0
1122380 1968.7
1122390 1974.7
1122400 1974.7
1122410 1980.1
1122420 1984.1
1122430 1984.1
1122440 1986.7
1122450 1987.1
1122460 1987.1
1122470 1988.6
1122480 1990.1
1122490 1990.1
1122500 1991.4
1122510 1993.3
1122520 1993.3
1122530 1994.0
1122540 1994.3
1122550 1994.3
1122560 1995.8
1122570 1997.4
1122580 1997.4
1122590 1999.1
1122600 2000.8
1122610 2003.0
1122620 2003.0
1122630 2005.1
1122640 2006.9
1122650 2006.9
1122660 2008.1
1122670 2011.5
1122680 2011.5
1122690 2020.6
1122700 2027.2
1122710 2027.2
1122720 2032.1
1122730 2038.5
1122740 2038.5
1122750 2045.1
1122760 2051.3
1122770 2051.3
1122780 2057.0
1122790 2063.2
1122800 2063.2
1122810 2070.7
1122820 2081.4
1122830 2089.8
1122840 2089.8
1122850 2095.1
1122860 2099.8
1122870 2099.8
1122880 2103.3
1122890 2106.0
1122900 2106.0
1122910 2111.7
1122920 2117.8
1122930 2117.8
1122940 2123.7
1122950 2129.7
1122960 2129.7
1122970 2134.7
1122980 2138.9
1122990 2138.9
1123000 2141.1
1123010 2142.6
1123020 2142.9
1123030 2142.9
1123040 2146.1
1123050 2146.2
1123060 2146.2
1123070 2146.6
1123080 2149.2
1123090 2149.2
1123100 2150.7
1123110 2151.5
1123120 2151.5
1123130 2151.5
1123140 2151.2
1123150 2151.2
1123160 2151.8
1123170 2149.6
1123180 2149.6
1123190 2148.9
1123200 2150.7
1123210 2150.7
1123220 2153.1
1123230 2156.0
1123240 2156.7
1123250 2156.7
1123260 2156.7
1123270 2157.7
1123280 2157.7
1123290 2160.0
1123300 2161.7
1123310 2161.7
1123320 2163.7
1123330 2167.6
1123340 2167.6
1123350 2171.9
1123360 2176.9
1123370 2176.9
1123380 2183.0
1123390 2191.5
1123400 2191.5
1123410 2195.4
1123420 2197.1
1123430 2197.1
1123440 2197.9
1123450 2201.0
1123460 2202.8
1123470 2202.8
1123480 2201.1
1123490 2201.0
1123500 2201.0
1123510 2202.0
1123520 2201.3
1123530 2201.3
1123540 2204.4
1123550 2207.1
1123560 2207.1
1123570 2205.2
1123580 2202.9
1123590 2202.9
1123600 2200.8
1123610 2200.5
1123620 2200.5
1123630 2200.1
1123640 2200.9
1123650 2200.9
1123660 2202.2
1123670 2204.7
1123680 2207.1
1123690 2207.1
1123700 2208.1
1123710 2209.9
1123720 2209.9
1123730 2212.5
1123740 2217.2
1123750 2217.2
1123760 2222.9
1123770 2230.1
1123780 2230.1
1123790 2238.5
1123800 2246.2
1123810 2246.2
1123820 2252.8
1123830 2258.1
1123840 2258.1
1123850 2261.4
1123860 2262.7
1123870 2265.4
1123880 2265.4
1123890 2268.5
1123900 2269.7
1123910 2269.7
1123920 2268.9
1123930 2267.1
1123940 2267.1
1123950 2266.2
1123960 2267.4
1123970 2267.4
1123980 2269.2
1123990 2269.7
1124000 2269.7
1124010 2269.6
1124020 2269.5
1124030 2269.5
1124040 2268.8
1124050 2268.1
1124060 2268.1
1124070 2267.3
1124080 2267.9
1124090 2272.7
1124100 2272.7
1124110 2276.9
1124120 2280.5
1124130 2280.5
1124140 2283.6
1124150 2286.9
1124160 2286.9
1124170 2289.7
1124180 2291.6
1124190 2291.6
1124200 2292.9
1124210 2294.7
1124220 2294.7
1124230 2297.1
1124240 2298.7
1124250 2298.7
1124260 2300.5
1124270 2303.2
1124280 2303.2
1124290 2306.7
1124300 2311.8
1124310 2317.2
1124320 2317.2
1124330 2317.6
1124340 2318.7
1124350 2318.7
1124360 2323.6
1124370 2329.5
1124380 2329.5
1124390 2331.2
1124400 2334.4
1124410 2334.4
1124420 2338.9
1124430 2343.2
1124440 2343.2
1124450 2344.0
1124460 2347.2
1124470 2347.2
1124480 2351.7
1124490 2356.4
1124500 2356.4
1124510 2360.8
1124520 2367.2
1124530 2374.0
1124540 2374.0
1124550 2377.8
1124560 2383.8
1124570 2383.8
1124580 2390.4
1124590 2397.9
1124600 2397.9
1124610 2407.1
1124620 2421.5
1124630 2421.5
1124640 2427.7
1124650 2435.4
1124660 2435.4
1124670 2443.1
1124680 2456.9
1124690 2456.9
1124700 2472.0
1124710 2473.8
1124720 2477.5
1124730 2477.5
1124740 2488.6
1124750 2507.3
1124760 2507.3
1124770 2523.3
1124780 2532.0
1124790 2532.0
1124800 2543.2
1124810 2547.9
1124820 2547.9
1124830 2544.2
1124840 2537.9
1124850 2537.9
1124860 2531.6
1124870 2525.5
1124880 2525.5
1124890 2517.2
1124900 2507.8
1124910 2507.8
1124920 2496.8
1124930 2491.1
1124940 2482.2
1124950 2482.2
1124960 2472.7
1124970 2461.5
1124980 2461.5
1124990 2448.1
1125000 2443.5
1125010 2443.5
1125020 2441.8
1125030 2444.1
1125040 2444.1
1125050 2449.7
1125060 2448.1
1125070 2448.1
1125080 2440.8
1125090 2434.6
1125100 2434.6
1125110 2427.8
1125120 2417.0
1125130 2417.0
1125140 2404.3
1125150 2392.1
1125160 2385.0
1125170 2385.0
1125180 2386.9
1125190 2392.6
1125200 2392.6
1125210 2393.8
1125220 2388.0
1125230 2388.0
1125240 2378.8
1125250 2369.6
1125260 2369.6
1125270 2360.9
1125280 2352.2
1125290 2352.2
1125300 2342.7
1125310 2334.6
1125320 2334.6
1125330 2327.3
1125340 2320.6
1125350 2318.3
1125360 2318.3
1125370 2310.2
1125380 2314.7
1125390 2314.7
1125400 2318.4
1125410 2317.6
1125420 2317.6
1125430 2312.7
1125440 2309.8
1125450 2309.8
1125460 2304.0
1125470 2297.0
1125480 2297.0
1125490 2295.0
1125500 2277.5
1125510 2277.5
1125520 2276.8
1125530 2277.8
1125540 2277.8
1125550 2281.2
1125560 2278.9
1125570 2273.1
1125580 2273.1
1125590 2267.6
1125600 2261.7
1125610 2261.7
1125620 2257.2
1125630 2248.5
1125640 2248.5
1125650 2244.7
1125660 2239.2
1125670 2239.2
1125680 2230.4
1125690 2224.1
1125700 2224.1
1125710 2218.3
1125720 2215.1
1125730 2215.1
1125740 2214.3
1125750 2210.9
1125760 2210.9
1125770 2206.9
1125780 2202.4
1125790 2198.6
1125800 2198.6
1125810 2194.9
1125820 2191.2
1125830 2191.2
1125840 2188.7
1125850 2187.3
1125860 2180.0
1125870 2178.5
1125880 2175.1
1125890 2175.1
1125900 2170.3
1125910 2165.6
1125920 2165.6
1125930 2162.2
1125940 2158.2
1125950 2158.2
1125960 2152.4
1125970 2145.8
1125980 2145.8
1125990 2140.0
1126000 2135.8
1126010 2134.3
1126020 2134.3
1126030 2132.5
1126040 2129.3
1126050 2129.3
1126060 2124.6
1126070 2119.6
1126080 2119.6
1126090 2114.9
1126100 2110.6
1126110 2110.6
1126120 2107.3
1126130 2104.5
1126140 2104.5
1126150 2102.3
1126160 2100.6
1126170 2100.6
1126180 2098.8
1126190 2097.3
1126200 2096.2
1126210 2093.2
1126220 2092.8
1126230 2091.8
1126240 2091.8
1126250 2090.5
1126260 2089.8
1126270 2089.8
1126280 2091.2
1126290 2093.1
1126300 2093.1
1126310 2094.0
1126320 2094.3
1126330 2094.3
1126340 2094.7
1126350 2094.8
1126360 2094.8
1126370 2094.6
1126380 2094.0
1126390 2094.0
1126400 2092.7
1126410 2091.7
1126420 2091.7
1126430 2091.7
1126440 2092.0
1126450 2092.6
1126460 2092.6
1126470 2094.2
1126480 2096.0
1126490 2096.0
1126500 2098.1
1126510 2099.0
1126520 2099.0
1126530 2100.1
1126540 2102.9
1126550 2102.9
1126560 2102.9
1126570 2103.8
1126580 2103.8
1126590 2105.0
1126600 2106.2
1126610 2106.2
1126620 2108.1
1126630 2110.5
1126640 2112.9
1126650 2112.9
1126660 2115.4
1126670 2118.2
1126680 2118.2
1126690 2119.4
1126700 2119.5
1126710 2119.5
1126720 2121.0
1126730 2121.8
1126740 2121.8
1126750 2123.9
1126760 2125.4
1126770 2125.4
1126780 2127.6
1126790 2128.8
1126800 2128.8
1126810 2130.4
1126820 2133.2
1126830 2133.2
1126840 2137.3
1126850 2141.8
1126860 2145.1
1126870 2145.1
1126880 2147.9
1126890 2150.0
1126900 2150.0
1126910 2151.1
1126920 2151.1
1126930 2151.1
1126940 2154.2
1126950 2157.2
1126960 2157.2
1126970 2158.8
1126980 2160.3
1126990 2160.3
1127000 2161.3
1127010 2161.9
1127020 2161.9
1127030 2162.3
1127040 2162.7
1127050 2163.6
1127060 2163.6
1127070 2164.5
1127080 2165.2
1127090 2165.2
1127100 2165.7
1127110 2166.4
1127120 2166.4
1127130 2167.3
1127140 2168.4
1127150 2168.4
1127160 2169.6
1127170 2170.8
1127180 2170.8
1127190 2171.8
1127200 2172.6
1127210 2172.6
1127220 2172.8
1127230 2172.7
1127240 2172.7
1127250 2172.5
1127260 2173.6
1127270 2177.9
1127280 2177.9
1127290 2179.3
1127300 2181.1
1127310 2181.1
1127320 2182.8
1127330 2184.8
1127340 2184.8
1127350 2186.2
1127360 2188.8
1127370 2188.8
1127380 2190.5
1127390 2191.1
1127400 2191.1
1127410 2192.9
1127420 2194.2
1127430 2194.2
1127440 2195.3
1127450 2196.0
1127460 2196.0
1127470 2196.8
1127480 2196.9
1127490 2198.0
1127500 2198.0
1127510 2198.3
1127520 2197.9
1127530 2197.9
1127540 2198.5
1127550 2198.3
1127560 2198.3
1127570 2197.9
1127580 2197.5
1127590 2197.5
1127600 2197.5
1127610 2197.1
1127620 2197.1
1127630 2198.0
1127640 2197.6
1127650 2197.6
1127660 2197.0
1127670 2195.7
1127680 2193.3
1127690 2193.3
1127700 2187.6
1127710 2185.1
1127720 2185.1
1127730 2195.0
1127740 2201.8
1127750 2201.8
1127760 2203.4
1127770 2204.2
1127780 2204.2
1127790 2206.0
1127800 2208.3
1127810 2208.3
1127820 2210.7
1127830 2213.2
1127840 2213.2
1127850 2215.8
1127860 2218.1
1127870 2218.1
1127880 2220.8
1127890 2223.3
1127900 2225.8
1127910 2225.8
1127920 2228.7
1127930 2231.6
1127940 2231.6
1127950 2233.6
1127960 2235.8
1127970 2235.8
1127980 2239.0
1127990 2236.8
1128000 2236.8
1128010 2231.5
1128020 2226.9
1128030 2226.9
1128040 2224.6
1128050 2224.3
1128060 2224.3
1128070 2225.0
1128080 2227.1
1128090 2227.1
1128100 2229.5
1128110 2233.7
1128120 2236.1
1128130 2236.1
1128140 2240.0
1128150 2244.9
1128160 2244.9
1128170 2246.3
1128180 2244.4
1128190 2244.4
1128200 2242.2
1128210 2239.2
1128220 2239.2
1128230 2240.8
1128240 2244.8
1128250 2244.8
1128260 2252.0
1128270 2254.1
1128280 2254.1
1128290 2251.6
1128300 2253.8
1128310 2253.8
1128320 2255.3
1128330 2258.7
1128340 2264.5
1128350 2264.5
1128360 2262.2
1128370 2261.3
1128380 2261.3
1128390 2263.3
1128400 2264.5
1128410 2264.5
1128420 2264.3
1128430 2264.4
1128440 2264.4
1128450 2266.2
1128460 2267.0
1128470 2267.0
1128480 2267.6
1128490 2268.3
1128500 2268.3
1128510 2269.0
1128520 2269.9
1128530 2270.8
1128540 2270.8
1128550 2271.7
1128560 2272.8
1128570 2272.8
1128580 2273.2
1128590 2274.3
1128600 2274.3
1128610 2274.6
1128620 2275.0
1128630 2275.0
1128640 2276.4
1128650 2277.7
1128660 2277.7
1128670 2279.0
1128680 2280.4
1128690 2279.6
1128700 2281.4
1128710 2283.4
1128720 2283.4
1128730 2286.2
1128740 2288.8
1128750 2290.6
1128760 2290.6
1128770 2293.1
1128780 2296.3
1128790 2296.3
1128800 2298.9
1128810 2302.0
1128820 2302.0
1128830 2305.6
1128840 2308.6
1128850 2308.6
1128860 2309.6
1128870 2310.7
1128880 2310.7
1128890 2313.1
1128900 2314.5
1128910 2314.5
1128920 2316.1
1128930 2319.2
1128940 2319.2
1128950 2322.4
1128960 2326.0
1128970 2329.8
1128980 2329.8
1128990 2332.5
1129000 2334.4
1129010 2334.4
1129020 2336.1
1129030 2337.9
1129040 2337.9
1129050 2341.2
1129060 2343.3
1129070 2343.3
1129080 2346.6
1129090 2350.9
1129100 2350.9
1129110 2353.8
1129120 2355.2
1129130 2355.2
1129140 2354.2
1129150 2356.0
1129160 2356.0
1129170 2359.4
1129180 2360.2
1129190 2360.5
1129200 2360.5
1129210 2361.1
1129220 2361.5
1129230 2361.5
1129240 2362.4
1129250 2363.9
1129260 2363.9
1129270 2365.5
1129280 2367.1
1129290 2367.1
1129300 2368.8
1129310 2370.0
1129320 2370.0
1129330 2372.9
1129340 2377.6
1129350 2377.6
1129360 2384.4
1129370 2392.4
1129380 2400.9
1129390 2400.9
1129400 2399.5
1129410 2403.6
1129420 2403.6
1129430 2405.7
1129440 2406.5
1129450 2406.5
1129460 2406.9
1129470 2407.7
1129480 2407.7
1129490 2409.3
1129500 2410.9
1129510 2410.9
1129520 2412.1
1129530 2413.1
1129540 2413.1
1129550 2413.6
1129560 2414.1
1129570 2414.1
1129580 2414.9
1129590 2415.4
1129600 2415.9
1129610 2415.9
1129620 2416.6
1129630 2417.3
1129640 2417.3
1129650 2417.7
1129660 2418.2
1129670 2418.2
1129680 2419.0
1129690 2419.8
1129700 2419.8
1129710 2420.6
1129720 2421.2
1129730 2421.2
1129740 2421.9
1129750 2422.2
1129760 2423.5
1129770 2424.4
1129780 2425.1
1129790 2425.1
1129800 2425.8
1129810 2429.4
1129820 2432.6
1129830 2432.6
1129840 2433.4
1129850 2433.8
1129860 2433.8
1129870 2434.0
1129880 2435.3
1129890 2435.3
1129900 2436.4
1129910 2438.1
1129920 2438.1
1129930 2440.5
1129940 2441.5
1129950 2441.5
1129960 2443.2
1129970 2445.3
1129980 2445.3
1129990 2447.7
1130000 2450.5
1130010 2452.6
1130020 2452.6
1130030 2453.8
1130040 2453.4
1130050 2453.4
1130060 2452.7
1130070 2450.8
1130080 2450.8
1130090 2449.3
1130100 2448.5
1130110 2448.5
1130120 2449.7
1130130 2450.5
1130140 2450.5
1130150 2451.9
1130160 2457.0
1130170 2457.0
1130180 2463.3
1130190 2466.3
1130200 2466.3
1130210 2467.9
1130220 2471.6
1130230 2477.7
1130240 2477.7
1130250 2481.6
1130260 2484.6
1130270 2484.6
1130280 2489.4
1130290 2497.0
1130300 2497.0
1130310 2503.4
1130320 2509.9
1130330 2509.9
1130340 2517.1
1130350 2526.7
1130360 2526.7
1130370 2537.0
1130380 2545.5
1130390 2545.5
1130400 2555.6
1130410 2566.8
1130420 2566.8
1130430 2576.1
1130440 2590.3
1130450 2598.8
1130460 2598.8
1130470 2607.5
1130480 2614.2
1130490 2614.2
1130500 2626.3
1130510 2642.9
1130520 2642.9
1130530 2656.4
1130540 2668.5
1130550 2668.5
1130560 2678.8
1130570 2686.6
1130580 2686.6
1130590 2695.1
1130600 2701.8
1130610 2701.8
1130620 2700.6
1130630 2695.1
1130640 2695.1
1130650 2688.4
1130660 2679.6
1130670 2672.6
1130680 2672.6
1130690 2666.8
1130700 2661.4
1130710 2661.4
1130720 2657.9
1130730 2656.6
1130740 2656.6
1130750 2656.9
1130760 2658.1
1130770 2658.1
1130780 2655.0
1130790 2636.1
1130800 2636.1
1130810 2625.0
1130820 2618.2
1130830 2621.1
1130840 2614.8
1130850 2608.6
1130860 2603.1
1130870 2603.1
1130880 2597.4
1130890 2591.1
1130900 2591.1
1130910 2583.8
1130920 2572.9
1130930 2572.9
1130940 2564.4
1130950 2559.3
1130960 2559.3
1130970 2554.9
1130980 2550.2
1130990 2550.2
1131000 2544.5
1131010 2538.3
1131020 2538.3
1131030 2531.8
1131040 2525.0
1131050 2525.0
1131060 2518.4
1131070 2514.6
1131080 2512.5
1131090 2512.5
1131100 2510.6
1131110 2508.6
1131120 2508.6
1131130 2508.1
1131140 2506.8
1131150 2506.8
1131160 2503.7
1131170 2500.8
1131180 2500.8
1131190 2502.3
1131200 2499.4
1131210 2499.4
1131220 2495.7
1131230 2491.6
1131240 2491.6
1131250 2487.9
1131260 2482.8
1131270 2482.8
1131280 2475.7
1131290 2467.7
1131300 2461.0
1131310 2461.0
1131320 2455.6
1131330 2451.7
1131340 2451.7
1131350 2448.8
1131360 2446.0
1131370 2446.0
1131380 2443.3
1131390 2440.6
1131400 2440.6
1131410 2437.2
1131420 2435.5
1131430 2435.5
1131440 2435.6
1131450 2436.5
1131460 2436.5
1131470 2437.3
1131480 2437.8
1131490 2437.5
1131500 2437.5
1131510 2436.4
1131520 2432.6
1131530 2432.6
1131540 2428.2
1131550 2425.0
1131560 2425.0
1131570 2422.9
1131580 2420.9
1131590 2420.9
1131600 2416.5
1131610 2410.6
1131620 2410.6
1131630 2404.4
1131640 2397.8
1131650 2397.8
1131660 2391.2
1131670 2384.5
1131680 2384.5
1131690 2375.8
1131700 2367.5
1131710 2360.5
1131720 2360.5
1131730 2354.2
1131740 2348.1
1131750 2348.1
1131760 2342.3
1131770 2336.3
1131780 2336.3
1131790 2330.2
1131800 2324.4
1131810 2324.4
1131820 2318.8
1131830 2313.3
1131840 2313.3
1131850 2308.2
1131860 2303.2
1131870 2303.2
1131880 2298.9
1131890 2295.0
1131900 2295.0
1131910 2293.9
1131920 2290.9
1131930 2288.3
1131940 2288.3
1131950 2285.1
1131960 2282.2
1131970 2282.2
1131980 2279.6
1131990 2277.5
1132000 2277.5
1132010 2274.2
1132020 2273.4
1132030 2273.4
1132040 2278.4
1132050 2280.5
1132060 2280.5
1132070 2281.3
1132080 2281.8
1132090 2281.8
1132100 2282.2
1132110 2283.3
1132120 2283.3
1132130 2285.2
1132140 2288.0
1132150 2290.6
1132160 2290.6
1132170 2293.1
1132180 2296.1
1132190 2296.1
1132200 2299.2
1132210 2303.0
1132220 2303.0
1132230 2307.1
1132240 2311.2
1132250 2311.2
1132260 2315.3
1132270 2321.5
1132280 2321.5
1132290 2326.0
1132300 2330.6
1132310 2330.6
1132320 2335.3
1132330 2339.9
1132340 2344.8
1132350 2344.8
1132360 2349.8
1132370 2355.2
1132380 2355.2
1132390 2360.7
1132400 2366.0
1132410 2366.0
1132420 2371.5
1132430 2377.5
1132440 2377.5
1132450 2383.8
1132460 2390.5
1132470 2390.5
1132480 2397.9
1132490 2405.7
1132500 2405.7
1132510 2413.1
1132520 2420.4
1132530 2420.4
1132540 2426.4
1132550 2430.2
1132560 2435.5
1132570 2435.5
1132580 2442.2
1132590 2447.5
1132600 2447.5
1132610 2451.4
1132620 2455.8
1132630 2457.7
1132640 2462.6
1132650 2467.7
1132660 2467.7
1132670 2473.8
1132680 2480.1
1132690 2480.1
1132700 2486.4
1132710 2493.0
1132720 2493.0
1132730 2499.9
1132740 2506.8
1132750 2506.8
1132760 2513.7
1132770 2519.7
1132780 2525.3
1132790 2525.3
1132800 2529.9
1132810 2532.9
1132820 2532.9
1132830 2534.9
1132840 2536.7
1132850 2536.7
1132860 2539.7
1132870 2545.9
1132880 2545.9
1132890 2552.3
1132900 2553.2
1132910 2553.2
1132920 2551.6
1132930 2550.9
1132940 2550.9
1132950 2553.0
1132960 2557.9
1132970 2557.9
1132980 2564.5
1132990 2568.3
1133000 2576.7
1133010 2576.7
1133020 2586.5
1133030 2594.7
1133040 2594.7
1133050 2606.4
1133060 2618.5
1133070 2618.5
1133080 2629.1
1133090 2636.3
1133100 2636.3
1133110 2643.9
1133120 2648.6
1133130 2648.6
1133140 2644.6
1133150 2645.0
1133160 2645.0
1133170 2649.6
1133180 2654.0
1133190 2648.4
1133200 2648.4
1133210 2635.6
1133220 2627.5
1133230 2627.5
1133240 2624.5
1133250 2621.9
1133260 2621.9
1133270 2618.8
1133280 2615.7
1133290 2615.7
1133300 2612.1
1133310 2608.2
1133320 2608.2
1133330 2607.1
1133340 2607.7
1133350 2611.4
1133360 2612.3
1133370 2613.5
1133380 2613.5
1133390 2615.2
1133400 2617.2
1133410 2619.3
1133420 2619.3
1133430 2621.0
1133440 2623.2
1133450 2623.2
1133460 2625.7
1133470 2629.5
1133480 2629.5
1133490 2632.5
1133500 2635.3
1133510 2635.3
1133520 2638.4
1133530 2641.3
1133540 2641.3
1133550 2645.1
1133560 2649.6
1133570 2649.6
1133580 2654.4
1133590 2661.0
1133600 2661.0
1133610 2667.7
1133620 2674.8
1133630 2682.6
1133640 2682.6
1133650 2690.3
1133660 2699.7
1133670 2699.7
1133680 2708.0
1133690 2716.3
1133700 2716.3
1133710 2729.0
1133720 2737.4
1133730 2737.4
1133740 2743.8
1133750 2751.3
1133760 2751.3
1133770 2760.2
1133780 2771.6
1133790 2771.6
1133800 2778.4
1133810 2782.1
1133820 2787.6
1133830 2787.6
1133840 2793.9
1133850 2800.4
1133860 2800.4
1133870 2805.9
1133880 2808.6
1133890 2808.6
1133900 2808.0
1133910 2803.1
1133920 2803.1
1133930 2795.3
1133940 2785.5
1133950 2785.5
1133960 2778.7
1133970 2773.4
1133980 2773.4
1133990 2768.6
1134000 2764.5
1134010 2764.5
1134020 2760.4
1134030 2755.2
1134040 2750.0
1134050 2750.0
1134060 2746.5
1134070 2742.0
1134080 2742.0
1134090 2739.0
1134100 2735.9
1134110 2735.9
1134120 2734.4
1134130 2733.7
1134140 2733.7
1134150 2730.1
1134160 2727.9
1134170 2727.9
1134180 2725.7
1134190 2721.3
1134200 2721.3
1134210 2720.1
1134220 2718.5
1134230 2718.5
1134240 2716.6
1134250 2714.8
1134260 2713.3
1134270 2713.3
1134280 2713.1
1134290 2714.2
1134300 2714.2
1134310 2714.4
1134320 2714.2
1134330 2714.2
1134340 2716.3
1134350 2712.0
1134360 2712.0
1134370 2706.1
1134380 2699.4
1134390 2699.4
1134400 2691.6
1134410 2683.8
1134420 2683.8
1134430 2677.7
1134440 2676.9
1134450 2676.9
1134460 2674.5
1134470 2671.4
1134480 2669.9
1134490 2669.9
1134500 2665.5
1134510 2659.0
1134520 2659.0
1134530 2653.7
1134540 2649.5
1134550 2649.5
1134560 2645.4
1134570 2642.4
1134580 2642.4
1134590 2641.1
1134600 2638.6
1134610 2638.6
1134620 2635.9
1134630 2633.2
1134640 2633.2
1134650 2629.3
1134660 2625.2
1134670 2621.8
1134680 2621.8
1134690 2619.0
1134700 2616.9
1134710 2616.9
1134720 2614.8
1134730 2613.1
1134740 2613.1
1134750 2611.4
1134760 2609.7
1134770 2609.7
1134780 2607.5
1134790 2605.6
1134800 2605.6
1134810 2603.4
1134820 2601.7
1134830 2601.7
1134840 2601.1
1134850 2601.1
1134860 2601.1
1134870 2601.1
1134880 2601.4
1134890 2601.2
1134900 2601.2
1134910 2600.9
1134920 2601.0
1134930 2601.0
1134940 2601.6
1134950 2602.9
1134960 2602.9
1134970 2604.5
1134980 2604.8
1134990 2604.8
1135000 2604.2
1135010 2602.8
1135020 2602.8
1135030 2600.5
1135040 2597.9
1135050 2597.9
1135060 2596.2
1135070 2595.7
1135080 2595.7
1135090 2594.7
1135100 2593.1
1135110 2591.8
1135120 2591.8
1135130 2591.2
1135140 2590.6
1135150 2590.6
1135160 2593.5
1135170 2595.3
1135180 2595.3
1135190 2597.2
1135200 2597.2
1135210 2597.2
1135220 2592.3
1135230 2582.3
1135240 2582.3
1135250 2573.7
1135260 2569.9
1135270 2569.9
1135280 2566.8
1135290 2564.2
1135300 2562.7
1135310 2562.7
1135320 2560.9
1135330 2558.7
1135340 2558.7
1135350 2558.0
1135360 2559.0
1135370 2559.0
1135380 2560.1
1135390 2561.0
1135400 2561.0
1135410 2560.4
1135420 2559.0
1135430 2559.0
1135440 2557.3
1135450 2557.2
1135460 2557.2
1135470 2554.5
1135480 2550.6
1135490 2550.6
1135500 2546.9
1135510 2543.2
1135520 2535.2
1135530 2535.2
1135540 2531.7
1135550 2528.4
1135560 2528.4
1135570 2526.4
1135580 2524.0
1135590 2524.0
1135600 2523.7
1135610 2521.1
1135620 2521.1
1135630 2518.1
1135640 2515.7
1135650 2515.7
1135660 2514.5
1135670 2515.8
1135680 2515.8
1135690 2516.8
1135700 2516.8
1135710 2516.8
1135720 2517.0
1135730 2517.0
1135740 2516.5
1135750 2516.5
1135760 2516.0
1135770 2515.3
1135780 2515.3
1135790 2514.5
1135800 2514.3
1135810 2514.3
1135820 2514.1
1135830 2514.0
1135840 2514.0
1135850 2513.9
1135860 2514.3
1135870 2514.3
1135880 2508.3
1135890 2507.9
1135900 2507.9
1135910 2507.5
1135920 2506.8
1135930 2506.8
1135940 2506.8
1135950 2507.6
1135960 2507.9
1135970 2507.9
1135980 2508.4
1135990 2510.0
1136000 2510.0
1136010 2514.2
1136020 2522.3
1136030 2522.3
1136040 2531.0
1136050 2535.9
1136060 2535.9
1136070 2537.1
1136080 2538.2
1136090 2538.2
1136100 2537.2
1136110 2535.8
1136120 2535.8
1136130 2533.8
1136140 2531.1
1136150 2529.2
1136160 2529.2
1136170 2529.0
1136180 2530.2
1136190 2530.2
1136200 2531.2
1136210 2532.1
1136220 2532.1
1136230 2529.7
1136240 2526.8
1136250 2526.8
1136260 2521.6
1136270 2515.5
1136280 2515.5
1136290 2509.8
1136300 2505.0
1136310 2505.0
1136320 2500.6
1136330 2497.3
1136340 2497.3
1136350 2494.1
1136360 2491.5
1136370 2489.8
1136380 2489.8
1136390 2488.1
1136400 2486.0
1136410 2486.0
1136420 2482.8
1136430 2480.0
1136440 2480.0
1136450 2478.5
1136460 2476.0
1136470 2476.0
1136480 2469.5
1136490 2461.5
1136500 2461.5
1136510 2452.0
1136520 2442.0
1136530 2442.0
1136540 2435.2
1136550 2430.2
1136560 2430.2
1136570 2425.7
1136580 2420.8
1136590 2414.0
1136600 2414.0
1136610 2403.0
1136620 2396.3
1136630 2396.3
1136640 2390.5
1136650 2384.7
1136660 2384.7
1136670 2379.0
1136680 2373.9
1136690 2373.9
1136700 2368.0
1136710 2361.5
1136720 2361.5
1136730 2355.3
1136740 2349.5
1136750 2349.5
1136760 2344.2
1136770 2339.0
1136780 2333.6
1136790 2333.6
1136800 2328.0
1136810 2322.9
1136820 2322.9
1136830 2317.8
1136840 2312.7
1136850 2312.7
1136860 2307.5
1136870 2302.3
1136880 2302.3
1136890 2297.1
1136900 2291.8
1136910 2291.8
1136920 2286.5
1136930 2281.5
1136940 2281.5
1136950 2276.8
1136960 2272.3
1136970 2270.3
1136980 2266.3
1136990 2262.4
1137000 2258.7
1137010 2258.7
1137020 2255.4
1137030 2252.5
1137040 2252.5
1137050 2250.8
1137060 2249.8
1137070 2249.8
1137080 2248.1
1137090 2247.3
1137100 2247.3
1137110 2247.0
1137120 2247.2
1137130 2247.2
1137140 2248.5
1137150 2250.2
1137160 2250.2
1137170 2251.6
1137180 2253.1
1137190 2253.1
1137200 2255.0
1137210 2258.0
1137220 2263.0
1137230 2263.0
1137240 2268.0
1137250 2271.6
1137260 2271.6
1137270 2274.6
1137280 2277.1
1137290 2277.1
1137300 2278.4
1137310 2280.3
1137320 2280.3
1137330 2281.9
1137340 2275.7
1137350 2275.7
1137360 2271.1
1137370 2270.9
1137380 2270.9
1137390 2273.5
1137400 2276.3
1137410 2278.8
1137420 2278.8
1137430 2281.3
1137440 2282.8
1137450 2282.8
1137460 2283.7
1137470 2285.7
1137480 2285.7
1137490 2287.0
1137500 2287.8
1137510 2287.8
1137520 2287.9
1137530 2287.2
1137540 2287.2
1137550 2286.2
1137560 2285.0
1137570 2285.0
1137580 2284.0
1137590 2283.4
1137600 2283.4
1137610 2282.9
1137620 2282.7
1137630 2281.5
1137640 2281.5
1137650 2279.7
1137660 2277.7
1137670 2277.7
1137680 2275.8
1137690 2273.7
1137700 2268.8
1137710 2266.1
1137720 2263.3
1137730 2263.3
1137740 2260.5
1137750 2257.1
1137760 2257.1
1137770 2254.2
1137780 2252.4
1137790 2252.4
1137800 2249.5
1137810 2245.8
1137820 2245.8
1137830 2241.1
1137840 2236.0
1137850 2232.9
1137860 2232.9
1137870 2231.1
1137880 2229.6
1137890 2229.6
1137900 2228.4
1137910 2227.2
1137920 2227.2
1137930 2227.1
1137940 2226.9
1137950 2226.9
1137960 2225.1
1137970 2223.5
1137980 2223.5
1137990 2222.1
1138000 2218.5
1138010 2218.5
1138020 2215.8
1138030 2212.1
1138040 2212.1
1138050 2205.0
1138060 2204.0
1138070 2201.6
1138080 2201.6
1138090 2201.8
1138100 2206.1
1138110 2206.1
1138120 2208.1
1138130 2211.1
1138140 2211.1
1138150 2212.0
1138160 2215.4
1138170 2215.4
1138180 2218.1
1138190 2221.0
1138200 2221.0
1138210 2225.2
1138220 2226.9
1138230 2226.9
1138240 2224.1
1138250 2221.4
1138260 2220.0
1138270 2220.0
1138280 2219.7
1138290 2220.7
1138300 2220.7
1138310 2224.1
1138320 2228.2
1138330 2228.2
1138340 2232.7
1138350 2236.4
1138360 2236.4
1138370 2237.1
1138380 2236.3
1138390 2236.3
1138400 2234.3
1138410 2231.4
1138420 2231.4
1138430 2223.0
1138440 2221.2
1138450 2221.2
1138460 2218.4
1138470 2211.5
1138480 2201.1
1138490 2201.1
1138500 2191.9
1138510 2182.5
1138520 2182.5
1138530 2173.6
1138540 2164.8
1138550 2164.8
1138560 2155.0
1138570 2145.2
1138580 2145.2
1138590 2139.4
1138600 2141.1
1138610 2141.1
1138620 2149.3
1138630 2158.6
1138640 2158.6
1138650 2165.4
1138660 2167.4
1138670 2167.4
1138680 2168.7
1138690 2171.5
1138700 2176.1
1138710 2176.1
1138720 2171.8
1138730 2163.2
1138740 2163.2
1138750 2160.2
1138760 2161.0
1138770 2161.0
1138780 2164.0
1138790 2168.7
1138800 2162.6
1138810 2169.2
1138820 2178.2
1138830 2178.2
1138840 2183.8
1138850 2178.7
1138860 2178.7
1138870 2172.5
1138880 2167.2
1138890 2164.4
1138900 2164.4
1138910 2166.1
1138920 2171.0
1138930 2171.0
1138940 2176.2
1138950 2181.0
1138960 2181.0
1138970 2186.5
1138980 2191.9
1138990 2191.9
1139000 2196.6
1139010 2200.9
1139020 2200.9
1139030 2204.9
1139040 2208.4
1139050 2208.4
1139060 2211.5
1139070 2214.1
1139080 2214.1
1139090 2216.9
1139100 2219.1
1139110 2220.0
1139120 2220.0
1139130 2219.4
1139140 2217.4
1139150 2217.4
1139160 2214.4
1139170 2205.0
1139180 2205.0
1139190 2205.2
1139200 2208.9
1139210 2208.9
1139220 2213.9
1139230 2218.3
1139240 2218.3
1139250 2222.0
1139260 2225.3
1139270 2225.3
1139280 2227.5
1139290 2228.4
1139300 2228.4
1139310 2227.7
1139320 2224.7
1139330 2221.5
1139340 2221.5
1139350 2216.7
1139360 2212.1
1139370 2212.1
1139380 2209.0
1139390 2205.6
1139400 2205.6
1139410 2201.1
1139420 2197.5
1139430 2197.5
1139440 2194.1
1139450 2188.3
1139460 2188.3
1139470 2182.2
1139480 2176.1
1139490 2176.1
1139500 2170.9
1139510 2166.1
1139520 2166.1
1139530 2156.0
1139540 2151.1
1139550 2146.0
1139560 2146.0
1139570 2140.2
1139580 2134.0
1139590 2134.0
1139600 2127.8
1139610 2122.4
1139620 2122.4
1139630 2117.8
1139640 2112.7
1139650 2112.7
1139660 2106.8
1139670 2102.0
1139680 2102.0
1139690 2097.8
1139700 2092.0
1139710 2092.0
1139720 2082.1
1139730 2072.5
1139740 2064.5
1139750 2064.5
1139760 2057.4
1139770 2051.2
1139780 2051.2
1139790 2045.9
1139800 2040.7
1139810 2040.7
1139820 2034.8
1139830 2028.6
1139840 2028.6
1139850 2021.9
1139860 2015.3
1139870 2015.3
1139880 2007.8
1139890 1999.1
1139900 1999.8
1139910 1991.3
1139920 1985.7
1139930 1985.7
1139940 1987.2
1139950 1994.7
1139960 2000.8
1139970 2000.8
1139980 2006.5
1139990 2012.0
