1120000 2451.8
1120010 2462.1
1120020 2462.1
1120030 2468.2
1120040 2470.8
1120050 2470.8
1120060 2472.1
1120070 2474.0
1120080 2474.0
1120090 2479.2
1120100 2482.1
1120110 2482.1
1120120 2484.6
1120130 2487.9
1120140 2487.9
1120150 2490.6
1120160 2497.5
1120170 2501.2
1120180 2501.2
1120190 2506.7
1120200 2509.3
1120210 2509.3
1120220 2511.1
1120230 2516.0
1120240 2516.0
1120250 2522.8
1120260 2528.8
1120270 2528.8
1120280 2535.1
1120290 2537.9
1120300 2537.9
1120310 2543.8
1120320 2548.5
1120330 2548.5
1120340 2552.1
1120350 2556.2
1120360 2556.2
1120370 2560.5
1120380 2566.3
1120390 2575.8
1120400 2575.8
1120410 2582.1
1120420 2590.7
1120430 2590.7
1120440 2598.0
1120450 2601.6
1120460 2601.6
1120470 2604.6
1120480 2606.8
1120490 2606.8
1120500 2601.2
1120510 2591.6
1120520 2591.6
1120530 2589.9
1120540 2594.7
1120550 2594.7
1120560 2596.7
1120570 2589.4
1120580 2589.4
1120590 2576.9
1120600 2564.8
1120610 2556.4
1120620 2556.4
1120630 2552.6
1120640 2534.6
1120650 2534.6
1120660 2532.7
1120670 2534.2
1120680 2534.2
1120690 2529.1
1120700 2536.4
1120710 2536.4
1120720 2544.2
1120730 2560.0
1120740 2560.0
1120750 2574.8
1120760 2594.2
1120770 2594.2
1120780 2591.2
1120790 2580.6
1120800 2580.6
1120810 2572.6
1120820 2563.4
1120830 2562.1
1120840 2562.1
1120850 2570.7
1120860 2569.9
1120870 2569.9
1120880 2564.8
1120890 2561.9
1120900 2561.9
1120910 2558.6
1120920 2547.7
1120930 2547.7
1120940 2534.5
1120950 2528.1
1120960 2528.1
1120970 2539.7
1120980 2552.7
1120990 2538.9
1121000 2546.5
1121010 2540.6
1121020 2540.6
1121030 2528.5
1121040 2523.4
1121050 2533.5
1121060 2533.5
1121070 2535.6
1121080 2535.1
1121090 2535.1
1121100 2537.2
1121110 2543.4
1121120 2543.4
1121130 2549.4
1121140 2546.5
1121150 2546.5
1121160 2548.6
1121170 2546.3
1121180 2546.3
1121190 2546.6
1121200 2548.8
1121210 2548.8
1121220 2549.1
1121230 2552.5
1121240 2552.5
1121250 2556.5
1121260 2551.5
1121270 2534.3
1121280 2534.3
1121290 2524.1
1121300 2508.0
1121310 2508.0
1121320 2496.0
1121330 2487.4
1121340 2494.7
1121350 2478.0
1121360 2464.3
1121370 2464.3
1121380 2455.9
1121390 2451.0
1121400 2451.0
1121410 2452.2
1121420 2450.6
1121430 2450.6
1121440 2439.5
1121450 2427.9
1121460 2417.0
1121470 2417.0
1121480 2405.0
1121490 2395.0
1121500 2395.0
1121510 2383.9
1121520 2376.0
1121530 2376.0
1121540 2369.1
1121550 2363.8
1121560 2363.8
1121570 2361.9
1121580 2362.3
1121590 2362.3
1121600 2360.2
1121610 2356.1
1121620 2356.1
1121630 2350.6
1121640 2333.0
1121650 2333.0
1121660 2320.6
1121670 2319.6
1121680 2298.5
1121690 2298.5
1121700 2287.3
1121710 2279.6
1121720 2279.6
1121730 2272.5
1121740 2266.7
1121750 2266.7
1121760 2261.3
1121770 2255.9
1121780 2255.9
1121790 2251.1
1121800 2245.9
1121810 2245.9
1121820 2240.0
1121830 2235.3
1121840 2235.3
1121850 2230.9
1121860 2227.4
1121870 2227.4
1121880 2224.6
1121890 2222.3
1121900 2220.5
1121910 2220.5
1121920 2220.5
1121930 2221.1
1121940 2221.1
1121950 2222.0
1121960 2223.0
1121970 2223.0
1121980 2224.4
1121990 2226.2
1122000 2226.2
1122010 2228.2
1122020 2229.5
1122030 2225.3
1122040 2229.3
1122050 2229.4
1122060 2229.4
1122070 2227.9
1122080 2227.2
1122090 2227.2
1122100 2225.0
1122110 2224.1
1122120 2222.5
1122130 2222.5
1122140 2221.2
1122150 2218.5
1122160 2218.5
1122170 2217.7
1122180 2217.7
1122190 2217.7
1122200 2218.2
1122210 2220.0
1122220 2220.0
1122230 2221.9
1122240 2220.8
1122250 2220.8
1122260 2218.4
1122270 2215.4
1122280 2215.4
1122290 2212.5
1122300 2208.6
1122310 2208.6
1122320 2202.9
1122330 2196.9
1122340 2190.8
1122350 2190.8
1122360 2184.7
1122370 2179.0
1122380 2176.6
1122390 2171.2
1122400 2166.7
1122410 2166.7
1122420 2162.5
1122430 2157.9
1122440 2157.9
1122450 2154.2
1122460 2150.8
1122470 2150.8
1122480 2145.4
1122490 2132.4
1122500 2132.4
1122510 2122.6
1122520 2116.6
1122530 2116.6
1122540 2111.5
1122550 2106.4
1122560 2100.6
1122570 2100.6
1122580 2094.8
1122590 2088.9
1122600 2088.9
1122610 2083.2
1122620 2078.1
1122630 2078.1
1122640 2074.1
1122650 2070.1
1122660 2070.1
1122670 2066.2
1122680 2063.0
1122690 2063.0
1122700 2061.0
1122710 2059.1
1122720 2059.1
1122730 2054.8
1122740 2053.2
1122750 2053.2
1122760 2052.1
1122770 2053.1
1122780 2053.6
1122790 2053.6
1122800 2054.1
1122810 2054.9
1122820 2054.9
1122830 2055.7
1122840 2057.3
1122850 2057.3
1122860 2060.0
1122870 2063.1
1122880 2063.1
1122890 2066.5
1122900 2070.2
1122910 2070.2
1122920 2075.8
1122930 2081.3
1122940 2081.3
1122950 2085.6
1122960 2088.3
1122970 2092.3
1122980 2092.3
1122990 2097.0
1123000 2101.1
1123010 2101.1
1123020 2105.8
1123030 2109.8
1123040 2109.8
1123050 2112.8
1123060 2114.8
1123070 2114.8
1123080 2114.9
1123090 2116.7
1123100 2116.7
1123110 2118.2
1123120 2118.5
1123130 2118.5
1123140 2118.7
1123150 2119.9
1123160 2119.9
1123170 2121.8
1123180 2124.6
1123190 2126.9
1123200 2126.9
1123210 2128.1
1123220 2129.4
1123230 2129.4
1123240 2131.3
1123250 2134.7
1123260 2134.7
1123270 2139.0
1123280 2144.7
1123290 2144.7
1123300 2150.1
1123310 2152.1
1123320 2152.1
1123330 2153.5
1123340 2155.8
1123350 2155.8
1123360 2158.3
1123370 2160.6
1123380 2160.6
1123390 2162.9
1123400 2166.3
1123410 2171.5
1123420 2171.5
1123430 2176.0
1123440 2180.5
1123450 2180.5
1123460 2183.2
1123470 2185.4
1123480 2185.4
1123490 2187.7
1123500 2190.0
1123510 2190.0
1123520 2192.1
1123530 2193.1
1123540 2193.1
1123550 2193.0
1123560 2191.8
1123570 2191.8
1123580 2192.6
1123590 2193.9
1123600 2193.9
1123610 2194.7
1123620 2195.9
1123630 2196.3
1123640 2196.3
1123650 2196.5
1123660 2196.9
1123670 2196.9
1123680 2197.7
1123690 2198.7
1123700 2198.7
1123710 2198.9
1123720 2199.2
1123730 2199.2
1123740 2199.7
1123750 2199.4
1123760 2199.4
1123770 2197.7
1123780 2193.6
1123790 2189.0
1123800 2186.6
1123810 2184.3
1123820 2184.3
1123830 2182.0
1123840 2179.4
1123850 2179.9
1123860 2179.9
1123870 2174.3
1123880 2167.2
1123890 2167.2
1123900 2161.4
1123910 2157.5
1123920 2157.5
1123930 2157.4
1123940 2158.9
1123950 2158.9
1123960 2160.4
1123970 2160.4
1123980 2160.4
1123990 2160.5
1124000 2160.7
1124010 2160.7
1124020 2159.7
1124030 2155.7
1124040 2155.7
1124050 2151.7
1124060 2149.7
1124070 2149.1
1124080 2149.1
1124090 2146.5
1124100 2144.2
1124110 2144.2
1124120 2141.7
1124130 2140.0
1124140 2137.5
1124150 2135.7
1124160 2133.7
1124170 2133.7
1124180 2130.2
1124190 2128.4
1124200 2128.4
1124210 2129.6
1124220 2133.3
1124230 2133.3
1124240 2135.4
1124250 2135.2
1124260 2133.6
1124270 2133.6
1124280 2132.1
1124290 2131.1
1124300 2131.1
1124310 2131.2
1124320 2131.9
1124330 2131.9
1124340 2131.0
1124350 2129.2
1124360 2129.2
1124370 2128.2
1124380 2127.6
1124390 2127.6
1124400 2126.8
1124410 2124.8
1124420 2124.8
1124430 2122.3
1124440 2120.0
1124450 2120.0
1124460 2116.7
1124470 2114.0
1124480 2112.6
1124490 2112.2
1124500 2112.0
1124510 2108.7
1124520 2108.7
1124530 2105.7
1124540 2103.7
1124550 2103.7
1124560 2101.8
1124570 2100.2
1124580 2100.2
1124590 2102.0
1124600 2102.7
1124610 2102.7
1124620 2102.7
1124630 2102.8
1124640 2102.8
1124650 2102.6
1124660 2101.3
1124670 2101.3
1124680 2099.4
1124690 2098.2
1124700 2095.6
1124710 2095.6
1124720 2091.8
1124730 2088.8
1124740 2088.8
1124750 2085.8
1124760 2078.5
1124770 2078.5
1124780 2069.4
1124790 2062.5
1124800 2062.5
1124810 2056.0
1124820 2051.7
1124830 2051.7
1124840 2041.9
1124850 2040.0
1124860 2040.0
1124870 2040.3
1124880 2044.4
1124890 2044.4
1124900 2047.3
1124910 2042.6
1124920 2033.4
1124930 2033.4
1124940 2036.1
1124950 2036.7
1124960 2036.7
1124970 2034.3
1124980 2030.2
1124990 2030.2
1125000 2023.3
1125010 2014.8
1125020 2014.8
1125030 2005.3
1125040 1997.6
1125050 1997.6
1125060 1995.3
1125070 1999.2
1125080 1999.2
1125090 2000.8
1125100 2000.0
1125110 2000.0
1125120 1997.5
1125130 1994.5
1125140 1988.5
1125150 1988.5
1125160 1981.1
1125170 1981.4
1125180 1981.4
1125190 1972.2
1125200 1971.2
1125210 1971.2
1125220 1972.1
1125230 1973.2
1125240 1973.2
1125250 1972.4
1125260 1970.2
1125270 1970.2
1125280 1968.6
1125290 1969.0
1125300 1969.0
1125310 1969.7
1125320 1970.1
1125330 1970.1
1125340 1968.9
1125350 1966.9
1125360 1965.6
1125370 1965.6
1125380 1965.7
1125390 1966.5
1125400 1966.5
1125410 1966.4
1125420 1965.6
1125430 1965.6
1125440 1967.6
1125450 1972.3
1125460 1972.3
1125470 1975.7
1125480 1977.7
1125490 1977.7
1125500 1980.3
1125510 1984.8
1125520 1984.8
1125530 1987.7
1125540 1990.3
1125550 1983.8
1125560 1984.9
1125570 1986.1
1125580 1988.4
1125590 1988.4
1125600 1991.1
1125610 1991.8
1125620 1991.8
1125630 1992.2
1125640 1991.7
1125650 1991.7
1125660 1991.3
1125670 1992.2
1125680 1992.2
1125690 1993.1
1125700 1992.8
1125710 1992.8
1125720 1993.3
1125730 1993.6
1125740 1993.6
1125750 1993.8
1125760 1994.2
1125770 1994.3
1125780 1994.3
1125790 1996.7
1125800 1996.7
1125810 1996.7
1125820 1996.6
1125830 1997.0
1125840 1997.0
1125850 1997.4
1125860 1998.5
1125870 1998.5
1125880 1999.8
1125890 2000.9
1125900 2000.2
1125910 2002.1
1125920 2004.5
1125930 2004.5
1125940 2006.6
1125950 2009.3
1125960 2009.3
1125970 2011.3
1125980 2013.4
1125990 2015.9
1126000 2015.9
1126010 2019.3
1126020 2024.1
1126030 2024.1
1126040 2029.5
1126050 2035.6
1126060 2035.6
1126070 2042.2
1126080 2049.0
1126090 2049.0
1126100 2055.3
1126110 2061.7
1126120 2061.7
1126130 2067.9
1126140 2074.2
1126150 2074.2
1126160 2080.7
1126170 2087.1
1126180 2087.1
1126190 2093.7
1126200 2100.4
1126210 2107.4
1126220 2107.4
1126230 2114.7
1126240 2121.7
1126250 2121.7
1126260 2128.9
1126270 2136.5
1126280 2136.5
1126290 2143.8
1126300 2151.6
1126310 2151.6
1126320 2161.5
1126330 2173.0
1126340 2173.0
1126350 2182.8
1126360 2195.7
1126370 2195.7
1126380 2209.0
1126390 2222.0
1126400 2222.0
1126410 2233.6
1126420 2244.1
1126430 2256.0
1126440 2256.0
1126450 2270.5
1126460 2274.9
1126470 2274.9
1126480 2276.8
1126490 2282.7
1126500 2282.7
1126510 2294.2
1126520 2308.6
1126530 2308.6
1126540 2315.4
1126550 2321.1
1126560 2321.1
1126570 2323.4
1126580 2322.7
1126590 2322.7
1126600 2320.8
1126610 2330.7
1126620 2330.7
1126630 2327.0
1126640 2324.6
1126650 2324.5
1126660 2324.5
1126670 2325.1
1126680 2324.7
1126690 2324.7
1126700 2327.0
1126710 2331.3
1126720 2331.3
1126730 2333.7
1126740 2336.9
1126750 2336.9
1126760 2343.1
1126770 2348.8
1126780 2348.8
1126790 2353.2
1126800 2358.0
1126810 2358.0
1126820 2361.3
1126830 2365.4
1126840 2365.4
1126850 2368.1
1126860 2370.1
1126870 2372.7
1126880 2372.7
1126890 2375.1
1126900 2377.4
1126910 2377.4
1126920 2379.1
1126930 2380.7
1126940 2380.7
1126950 2381.5
1126960 2380.8
1126970 2380.8
1126980 2381.9
1126990 2381.0
1127000 2381.0
1127010 2381.0
1127020 2380.9
1127030 2380.9
1127040 2380.7
1127050 2381.0
1127060 2381.5
1127070 2381.5
1127080 2381.6
1127090 2381.5
1127100 2381.5
1127110 2382.0
1127120 2381.5
1127130 2381.5
1127140 2380.5
1127150 2379.6
1127160 2379.6
1127170 2378.0
1127180 2374.6
1127190 2374.6
1127200 2369.3
1127210 2364.5
1127220 2364.5
1127230 2362.0
1127240 2360.5
1127250 2360.5
1127260 2359.8
1127270 2358.1
1127280 2355.7
1127290 2355.7
1127300 2352.9
1127310 2350.9
1127320 2348.3
1127330 2347.2
1127340 2348.4
1127350 2348.4
1127360 2350.6
1127370 2352.1
1127380 2352.1
1127390 2352.0
1127400 2349.2
1127410 2349.2
1127420 2346.5
1127430 2347.8
1127440 2347.8
1127450 2349.7
1127460 2350.2
1127470 2350.2
1127480 2351.7
1127490 2351.7
1127500 2351.1
1127510 2351.1
1127520 2351.0
1127530 2350.4
1127540 2350.4
1127550 2350.1
1127560 2350.4
1127570 2350.4
1127580 2350.7
1127590 2351.6
1127600 2351.6
1127610 2352.4
1127620 2352.7
1127630 2352.7
1127640 2352.4
1127650 2351.9
1127660 2351.9
1127670 2349.4
1127680 2348.5
1127690 2348.5
1127700 2347.4
1127710 2346.9
1127720 2347.1
1127730 2347.1
1127740 2347.1
1127750 2346.5
1127760 2346.5
1127770 2346.0
1127780 2345.8
1127790 2345.8
1127800 2346.0
1127810 2346.5
1127820 2346.5
1127830 2345.9
1127840 2344.7
1127850 2344.7
1127860 2344.6
1127870 2347.9
1127880 2347.9
1127890 2349.7
1127900 2350.4
1127910 2350.4
1127920 2350.4
1127930 2350.5
1127940 2350.7
1127950 2350.7
1127960 2350.7
1127970 2350.8
1127980 2350.8
1127990 2348.8
1128000 2346.5
1128010 2346.5
1128020 2347.5
1128030 2342.3
1128040 2342.3
1128050 2340.1
1128060 2341.0
1128070 2341.0
1128080 2342.8
1128090 2342.2
1128100 2342.2
1128110 2340.4
1128120 2340.9
1128130 2340.9
1128140 2341.5
1128150 2343.6
1128160 2345.1
1128170 2345.1
1128180 2347.1
1128190 2346.8
1128200 2346.8
1128210 2348.3
1128220 2350.5
1128230 2350.5
1128240 2351.5
1128250 2351.9
1128260 2351.9
1128270 2353.7
1128280 2356.2
1128290 2356.2
1128300 2357.2
1128310 2359.6
1128320 2359.6
1128330 2360.1
1128340 2360.7
1128350 2360.9
1128360 2360.9
1128370 2362.1
1128380 2357.6
1128390 2357.6
1128400 2357.9
1128410 2359.5
1128420 2359.5
1128430 2359.8
1128440 2359.7
1128450 2359.7
1128460 2360.0
1128470 2361.5
1128480 2361.5
1128490 2362.4
1128500 2363.4
1128510 2363.4
1128520 2364.9
1128530 2367.0
1128540 2367.0
1128550 2368.2
1128560 2368.6
1128570 2369.0
1128580 2369.0
1128590 2370.8
1128600 2373.3
1128610 2373.3
1128620 2376.0
1128630 2379.9
1128640 2379.9
1128650 2384.9
1128660 2390.0
1128670 2390.0
1128680 2394.4
1128690 2397.5
1128700 2397.5
1128710 2400.1
1128720 2401.2
1128730 2401.2
1128740 2394.3
1128750 2394.3
1128760 2394.3
1128770 2395.9
1128780 2398.8
1128790 2397.7
1128800 2397.7
1128810 2394.2
1128820 2393.6
1128830 2393.6
1128840 2394.6
1128850 2395.1
1128860 2395.1
1128870 2394.9
1128880 2394.4
1128890 2394.4
1128900 2394.4
1128910 2394.8
1128920 2394.8
1128930 2395.3
1128940 2395.1
1128950 2395.1
1128960 2393.8
1128970 2392.8
1128980 2392.8
1128990 2392.2
1129000 2392.1
1129010 2391.4
1129020 2391.4
1129030 2390.2
1129040 2389.0
1129050 2389.0
1129060 2387.9
1129070 2387.4
1129080 2387.4
1129090 2380.4
1129100 2377.0
1129110 2377.0
1129120 2374.5
1129130 2371.0
1129140 2371.0
1129150 2367.4
1129160 2364.2
1129170 2364.2
1129180 2358.8
1129190 2353.3
1129200 2353.3
1129210 2348.4
1129220 2343.8
1129230 2339.4
1129240 2339.4
1129250 2335.8
1129260 2331.4
1129270 2331.4
1129280 2321.5
1129290 2314.1
1129300 2314.1
1129310 2308.6
1129320 2301.3
1129330 2301.3
1129340 2293.9
1129350 2285.2
1129360 2285.2
1129370 2278.6
1129380 2273.3
1129390 2273.3
1129400 2267.4
1129410 2258.8
1129420 2258.8
1129430 2249.4
1129440 2242.3
1129450 2235.1
1129460 2235.1
1129470 2228.4
1129480 2218.7
1129490 2218.7
1129500 2210.2
1129510 2203.0
1129520 2203.0
1129530 2197.7
1129540 2193.1
1129550 2193.1
1129560 2190.0
1129570 2187.1
1129580 2187.1
1129590 2184.4
1129600 2181.3
1129610 2181.3
1129620 2178.6
1129630 2174.8
1129640 2174.8
1129650 2171.3
1129660 2168.7
1129670 2166.4
1129680 2166.4
1129690 2164.0
1129700 2160.1
1129710 2160.1
1129720 2156.3
1129730 2153.0
1129740 2153.0
1129750 2150.0
1129760 2146.3
1129770 2146.3
1129780 2142.6
1129790 2139.9
1129800 2139.9
1129810 2138.3
1129820 2136.0
1129830 2136.0
1129840 2132.4
1129850 2131.6
1129860 2134.6
1129870 2134.6
1129880 2131.0
1129890 2124.7
1129900 2124.7
1129910 2117.9
1129920 2111.2
1129930 2111.2
1129940 2105.4
1129950 2101.7
1129960 2101.7
1129970 2098.8
1129980 2092.9
1129990 2092.9
1130000 2088.1
1130010 2084.4
1130020 2084.4
1130030 2080.8
1130040 2077.8
1130050 2077.8
1130060 2075.8
1130070 2074.9
1130080 2073.7
1130090 2073.7
1130100 2071.4
1130110 2067.4
1130120 2067.4
1130130 2066.0
1130140 2067.5
1130150 2067.5
1130160 2070.0
1130170 2066.9
1130180 2066.9
1130190 2064.2
1130200 2061.9
1130210 2061.9
1130220 2060.0
1130230 2058.4
1130240 2058.4
1130250 2057.1
1130260 2056.1
1130270 2056.1
1130280 2055.0
1130290 2051.5
1130300 2051.4
1130310 2051.4
1130320 2055.0
1130330 2054.5
1130340 2054.5
1130350 2054.9
1130360 2056.9
1130370 2056.9
1130380 2057.8
1130390 2059.7
1130400 2059.7
1130410 2061.2
1130420 2063.4
1130430 2063.4
1130440 2065.8
1130450 2068.6
1130460 2068.6
1130470 2071.7
1130480 2074.0
1130490 2074.0
1130500 2076.9
1130510 2080.4
1130520 2085.1
1130530 2085.1
1130540 2090.5
1130550 2096.2
1130560 2096.2
1130570 2102.1
1130580 2107.4
1130590 2107.4
1130600 2111.5
1130610 2115.3
1130620 2115.3
1130630 2118.9
1130640 2122.1
1130650 2122.1
1130660 2125.7
1130670 2129.9
1130680 2129.9
1130690 2133.5
1130700 2137.1
1130710 2137.1
1130720 2141.1
1130730 2145.1
1130740 2149.5
1130750 2149.5
1130760 2154.7
1130770 2160.7
1130780 2160.7
1130790 2166.4
1130800 2171.7
1130810 2171.7
1130820 2177.4
1130830 2182.9
1130840 2182.9
1130850 2188.4
1130860 2193.9
1130870 2193.9
1130880 2196.9
1130890 2202.3
1130900 2202.3
1130910 2207.5
1130920 2213.6
1130930 2213.6
1130940 2218.9
1130950 2225.1
1130960 2230.4
1130970 2230.4
1130980 2237.3
1130990 2242.8
1131000 2242.8
1131010 2247.2
1131020 2252.2
1131030 2252.2
1131040 2258.5
1131050 2265.0
1131060 2265.0
1131070 2270.3
1131080 2275.3
1131090 2275.3
1131100 2280.2
1131110 2284.8
1131120 2284.8
1131130 2288.7
1131140 2293.6
1131150 2293.6
1131160 2298.7
1131170 2304.2
1131180 2309.2
1131190 2309.2
1131200 2313.8
1131210 2319.5
1131220 2319.5
1131230 2325.0
1131240 2326.2
1131250 2326.2
1131260 2331.8
1131270 2337.4
1131280 2337.4
1131290 2343.2
1131300 2349.9
1131310 2349.9
1131320 2357.2
1131330 2366.1
1131340 2366.1
1131350 2373.9
1131360 2379.6
1131370 2386.5
1131380 2386.5
1131390 2393.4
1131400 2399.7
1131410 2399.7
1131420 2404.2
1131430 2407.1
1131440 2407.1
1131450 2410.6
1131460 2414.4
1131470 2414.4
1131480 2418.3
1131490 2421.1
1131500 2421.1
1131510 2423.3
1131520 2424.8
1131530 2424.8
1131540 2426.5
1131550 2428.0
1131560 2428.0
1131570 2429.7
1131580 2430.9
1131590 2431.4
1131600 2428.1
1131610 2431.6
1131620 2435.3
1131630 2435.3
1131640 2438.0
1131650 2440.4
1131660 2440.4
1131670 2443.5
1131680 2447.6
1131690 2447.6
1131700 2451.8
1131710 2456.5
1131720 2456.5
1131730 2461.4
1131740 2466.7
1131750 2466.7
1131760 2472.0
1131770 2478.0
1131780 2478.0
1131790 2484.5
1131800 2491.2
1131810 2498.4
1131820 2498.4
1131830 2505.6
1131840 2512.3
1131850 2512.3
1131860 2516.0
1131870 2517.5
1131880 2517.5
1131890 2518.2
1131900 2519.7
1131910 2519.7
1131920 2522.6
1131930 2526.2
1131940 2526.2
1131950 2530.6
1131960 2531.4
1131970 2531.4
1131980 2536.0
1131990 2541.1
1132000 2541.1
1132010 2546.5
1132020 2551.8
1132030 2557.4
1132040 2557.4
1132050 2563.4
1132060 2570.1
1132070 2570.1
1132080 2578.4
1132090 2589.4
1132100 2589.4
1132110 2601.5
1132120 2612.2
1132130 2612.2
1132140 2623.2
1132150 2632.6
1132160 2632.6
1132170 2638.0
1132180 2642.9
1132190 2642.9
1132200 2645.8
1132210 2643.8
1132220 2643.8
1132230 2640.2
1132240 2636.9
1132250 2635.0
1132260 2635.0
1132270 2633.7
1132280 2633.3
1132290 2633.3
1132300 2635.4
1132310 2641.4
1132320 2642.8
1132330 2650.9
1132340 2656.3
1132350 2656.3
1132360 2657.9
1132370 2659.4
1132380 2659.4
1132390 2660.3
1132400 2661.6
1132410 2661.6
1132420 2665.2
1132430 2670.8
1132440 2670.8
1132450 2677.2
1132460 2684.1
1132470 2689.6
1132480 2689.6
1132490 2694.3
1132500 2698.6
1132510 2698.6
1132520 2702.6
1132530 2706.3
1132540 2706.3
1132550 2710.4
1132560 2714.5
1132570 2714.5
1132580 2717.4
1132590 2719.2
1132600 2719.2
1132610 2721.4
1132620 2725.5
1132630 2725.5
1132640 2730.6
1132650 2735.7
1132660 2741.8
1132670 2741.8
1132680 2745.4
1132690 2753.0
1132700 2753.0
1132710 2760.5
1132720 2769.1
1132730 2769.1
1132740 2783.1
1132750 2795.4
1132760 2795.4
1132770 2801.7
1132780 2805.5
1132790 2805.5
1132800 2809.6
1132810 2820.0
1132820 2820.0
1132830 2833.4
1132840 2842.1
1132850 2842.1
1132860 2835.8
1132870 2820.4
1132880 2807.8
1132890 2807.8
1132900 2800.0
1132910 2791.2
1132920 2791.2
1132930 2778.3
1132940 2769.5
1132950 2769.5
1132960 2763.6
1132970 2758.8
1132980 2758.8
1132990 2753.1
1133000 2745.9
1133010 2745.9
1133020 2732.3
1133030 2721.4
1133040 2724.4
1133050 2714.1
1133060 2708.6
1133070 2708.6
1133080 2704.8
1133090 2701.4
1133100 2698.1
1133110 2698.1
1133120 2694.8
1133130 2691.3
1133140 2691.3
1133150 2687.6
1133160 2684.2
1133170 2684.2
1133180 2681.6
1133190 2679.2
1133200 2679.2
1133210 2676.9
1133220 2675.1
1133230 2675.1
1133240 2673.3
1133250 2671.5
1133260 2671.5
1133270 2669.9
1133280 2668.2
1133290 2668.2
1133300 2666.7
1133310 2665.5
1133320 2664.3
1133330 2664.3
1133340 2663.0
1133350 2661.5
1133360 2661.5
1133370 2660.0
1133380 2658.5
1133390 2658.5
1133400 2659.0
1133410 2657.6
1133420 2657.6
1133430 2656.2
1133440 2654.9
1133450 2654.9
1133460 2653.6
1133470 2652.3
1133480 2652.3
1133490 2651.3
1133500 2650.5
1133510 2650.5
1133520 2649.8
1133530 2648.9
1133540 2647.9
1133550 2647.9
1133560 2646.5
1133570 2644.8
1133580 2644.8
1133590 2642.8
1133600 2640.6
1133610 2640.6
1133620 2638.5
1133630 2636.6
1133640 2636.6
1133650 2635.1
1133660 2633.2
1133670 2633.2
1133680 2630.4
1133690 2630.3
1133700 2630.3
1133710 2630.7
1133720 2632.0
1133730 2632.0
1133740 2632.8
1133750 2632.6
1133760 2631.6
1133770 2631.6
1133780 2630.5
1133790 2628.4
1133800 2628.4
1133810 2625.1
1133820 2619.7
1133830 2619.7
1133840 2612.6
1133850 2607.4
1133860 2607.4
1133870 2603.9
1133880 2599.3
1133890 2599.3
1133900 2595.4
1133910 2591.5
1133920 2591.5
1133930 2586.2
1133940 2581.6
1133950 2577.5
1133960 2577.5
1133970 2575.1
1133980 2574.0
1133990 2574.0
1134000 2573.2
1134010 2572.3
1134020 2572.3
1134030 2572.8
1134040 2574.3
1134050 2574.3
1134060 2575.0
1134070 2574.8
1134080 2574.8
1134090 2574.2
1134100 2574.6
1134110 2574.6
1134120 2581.3
1134130 2580.9
1134140 2580.9
1134150 2578.9
1134160 2578.3
1134170 2578.4
1134180 2578.4
1134190 2579.0
1134200 2580.6
1134210 2580.6
1134220 2581.8
1134230 2583.1
1134240 2583.1
1134250 2587.4
1134260 2594.1
1134270 2594.1
1134280 2601.1
1134290 2606.2
1134300 2606.2
1134310 2612.2
1134320 2617.3
1134330 2617.3
1134340 2619.3
1134350 2620.7
1134360 2620.7
1134370 2619.9
1134380 2622.9
1134390 2625.1
1134400 2625.1
1134410 2621.4
1134420 2615.8
1134430 2615.8
1134440 2609.3
1134450 2601.9
1134460 2601.9
1134470 2596.0
1134480 2588.6
1134490 2588.6
1134500 2583.5
1134510 2578.8
1134520 2578.8
1134530 2574.1
1134540 2569.1
1134550 2569.1
1134560 2564.6
1134570 2560.8
1134580 2560.8
1134590 2557.2
1134600 2555.0
1134610 2552.2
1134620 2552.2
1134630 2548.0
1134640 2545.4
1134650 2545.4
1134660 2541.5
1134670 2537.4
1134680 2537.4
1134690 2531.8
1134700 2525.5
1134710 2525.5
1134720 2520.8
1134730 2516.9
1134740 2516.9
1134750 2511.9
1134760 2506.3
1134770 2506.3
1134780 2501.8
1134790 2497.6
1134800 2497.6
1134810 2494.4
1134820 2491.4
1134830 2489.9
1134840 2486.4
1134850 2485.1
1134860 2483.9
1134870 2483.9
1134880 2483.0
1134890 2482.4
1134900 2482.4
1134910 2482.3
1134920 2481.6
1134930 2481.6
1134940 2480.2
1134950 2478.5
1134960 2478.5
1134970 2476.7
1134980 2474.9
1134990 2474.9
1135000 2473.9
1135010 2473.7
1135020 2473.7
1135030 2474.0
1135040 2474.3
1135050 2473.8
1135060 2473.8
1135070 2472.9
1135080 2471.9
1135090 2471.9
1135100 2470.1
1135110 2467.6
1135120 2467.6
1135130 2464.7
1135140 2462.4
1135150 2462.4
1135160 2459.5
1135170 2456.5
1135180 2456.5
1135190 2453.7
1135200 2450.2
1135210 2450.8
1135220 2442.5
1135230 2436.2
1135240 2430.4
1135250 2430.4
1135260 2423.9
1135270 2415.0
1135280 2415.0
1135290 2406.8
1135300 2404.8
1135310 2404.8
1135320 2404.2
1135330 2402.4
1135340 2402.4
1135350 2398.2
1135360 2392.6
1135370 2392.6
1135380 2387.0
1135390 2382.0
1135400 2382.0
1135410 2375.2
1135420 2367.9
1135430 2367.9
1135440 2365.3
1135450 2364.4
1135460 2363.4
1135470 2363.4
1135480 2362.4
1135490 2360.7
1135500 2360.7
1135510 2357.8
1135520 2355.6
1135530 2355.6
1135540 2354.3
1135550 2353.0
1135560 2353.0
1135570 2349.7
1135580 2347.5
1135590 2347.5
1135600 2345.9
1135610 2343.4
1135620 2343.4
1135630 2340.5
1135640 2338.4
1135650 2338.4
1135660 2336.9
1135670 2334.9
1135680 2333.0
1135690 2333.0
1135700 2332.0
1135710 2330.5
1135720 2330.5
1135730 2329.0
1135740 2327.8
1135750 2327.8
1135760 2326.9
1135770 2325.4
1135780 2325.4
1135790 2322.4
1135800 2319.6
1135810 2319.6
1135820 2317.6
1135830 2315.6
1135840 2315.6
1135850 2312.7
1135860 2309.7
1135870 2309.7
1135880 2305.7
1135890 2300.7
1135900 2295.5
1135910 2295.5
1135920 2289.7
1135930 2284.1
1135940 2284.1
1135950 2280.7
1135960 2275.9
1135970 2275.9
1135980 2271.6
1135990 2267.9
1136000 2267.9
1136010 2263.4
1136020 2259.5
1136030 2259.5
1136040 2256.2
1136050 2252.9
1136060 2252.9
1136070 2249.7
1136080 2246.8
1136090 2246.8
1136100 2243.6
1136110 2241.2
1136120 2239.0
1136130 2239.0
1136140 2236.4
1136150 2234.2
1136160 2234.2
1136170 2232.5
1136180 2231.6
1136190 2231.6
1136200 2229.9
1136210 2228.2
1136220 2228.2
1136230 2227.3
1136240 2226.2
1136250 2226.2
1136260 2221.4
1136270 2214.3
1136280 2214.3
1136290 2220.5
1136300 2230.1
1136310 2234.2
1136320 2234.2
1136330 2235.8
1136340 2239.0
1136350 2239.0
1136360 2242.8
1136370 2246.4
1136380 2246.4
1136390 2250.4
1136400 2254.2
1136410 2254.2
1136420 2258.5
1136430 2262.7
1136440 2262.7
1136450 2266.5
1136460 2269.7
1136470 2269.7
1136480 2271.9
1136490 2274.1
1136500 2274.1
1136510 2279.3
1136520 2285.8
1136530 2292.5
1136540 2292.5
1136550 2298.4
1136560 2304.6
1136570 2304.6
1136580 2310.4
1136590 2316.1
1136600 2316.1
1136610 2321.2
1136620 2326.6
1136630 2326.6
1136640 2334.7
1136650 2345.8
1136660 2352.7
1136670 2360.9
1136680 2369.1
1136690 2369.1
1136700 2381.7
1136710 2394.6
1136720 2394.6
1136730 2403.8
1136740 2413.7
1136750 2423.4
1136760 2423.4
1136770 2431.8
1136780 2440.7
1136790 2440.7
1136800 2449.7
1136810 2460.3
1136820 2460.3
1136830 2468.0
1136840 2474.8
1136850 2474.8
1136860 2481.2
1136870 2486.7
1136880 2486.7
1136890 2493.0
1136900 2502.9
1136910 2502.9
1136920 2512.4
1136930 2520.5
1136940 2520.5
1136950 2530.7
1136960 2542.8
1136970 2559.4
1136980 2559.4
1136990 2571.5
1137000 2581.0
1137010 2581.0
1137020 2595.2
1137030 2604.2
1137040 2604.2
1137050 2614.2
1137060 2624.9
1137070 2624.9
1137080 2636.8
1137090 2646.1
1137100 2646.1
1137110 2655.1
1137120 2660.7
1137130 2660.7
1137140 2663.9
1137150 2659.9
1137160 2659.9
1137170 2655.1
1137180 2651.1
1137190 2647.4
1137200 2647.4
1137210 2646.1
1137220 2644.5
1137230 2644.5
1137240 2643.3
1137250 2642.8
1137260 2642.8
1137270 2642.9
1137280 2644.7
1137290 2644.7
1137300 2647.8
1137310 2649.8
1137320 2649.8
1137330 2652.9
1137340 2656.0
1137350 2656.0
1137360 2656.6
1137370 2656.2
1137380 2656.2
1137390 2661.3
1137400 2662.6
1137410 2664.6
1137420 2664.6
1137430 2667.3
1137440 2671.6
1137450 2671.6
1137460 2674.5
1137470 2675.6
1137480 2675.6
1137490 2676.7
1137500 2677.8
1137510 2677.8
1137520 2679.2
1137530 2680.9
1137540 2680.9
1137550 2681.0
1137560 2680.6
1137570 2680.6
1137580 2680.3
1137590 2681.2
1137600 2683.3
1137610 2683.3
1137620 2686.4
1137630 2689.9
1137640 2689.9
1137650 2694.2
1137660 2699.7
1137670 2699.7
1137680 2705.1
1137690 2711.0
1137700 2711.0
1137710 2717.6
1137720 2724.1
1137730 2724.1
1137740 2731.8
1137750 2748.6
1137760 2748.6
1137770 2758.8
1137780 2764.9
1137790 2764.9
1137800 2772.1
1137810 2780.9
1137820 2789.4
1137830 2789.4
1137840 2796.4
1137850 2804.1
1137860 2804.1
1137870 2810.8
1137880 2819.5
1137890 2819.5
1137900 2828.4
1137910 2837.8
1137920 2837.8
1137930 2847.6
1137940 2859.8
1137950 2859.8
1137960 2867.4
1137970 2878.1
1137980 2878.1
1137990 2889.3
1138000 2894.7
1138010 2894.7
1138020 2904.5
1138030 2911.3
1138040 2914.4
1138050 2914.4
1138060 2916.8
1138070 2921.1
1138080 2921.1
1138090 2924.0
1138100 2928.2
1138110 2928.2
1138120 2937.2
1138130 2940.9
1138140 2940.9
1138150 2941.0
1138160 2936.5
1138170 2936.5
1138180 2930.4
1138190 2923.4
1138200 2923.4
1138210 2917.2
1138220 2911.9
1138230 2911.9
1138240 2906.9
1138250 2903.7
1138260 2901.2
1138270 2901.2
1138280 2899.8
1138290 2899.8
1138300 2899.8
1138310 2895.8
1138320 2894.8
1138330 2894.8
1138340 2893.9
1138350 2893.4
1138360 2893.4
1138370 2893.7
1138380 2893.8
1138390 2893.8
1138400 2894.4
1138410 2894.8
1138420 2894.8
1138430 2894.4
1138440 2893.4
1138450 2893.4
1138460 2891.2
1138470 2884.1
1138480 2879.7
1138490 2879.7
1138500 2870.8
1138510 2860.2
1138520 2860.2
1138530 2847.0
1138540 2834.3
1138550 2834.3
1138560 2824.3
1138570 2813.9
1138580 2813.9
1138590 2798.1
1138600 2787.7
1138610 2787.7
1138620 2782.0
1138630 2778.2
1138640 2778.2
1138650 2773.8
1138660 2768.9
1138670 2768.9
1138680 2764.3
1138690 2760.6
1138700 2757.5
1138710 2757.5
1138720 2754.6
1138730 2752.0
1138740 2752.0
1138750 2748.0
1138760 2744.1
1138770 2744.1
1138780 2742.6
1138790 2745.1
1138800 2745.1
1138810 2749.4
1138820 2756.8
1138830 2756.8
1138840 2761.5
1138850 2759.6
1138860 2759.6
1138870 2762.1
1138880 2766.2
1138890 2772.1
1138900 2772.1
1138910 2778.6
1138920 2787.0
1138930 2787.0
1138940 2794.4
1138950 2800.5
1138960 2800.5
1138970 2805.6
1138980 2813.6
1138990 2813.6
1139000 2824.8
1139010 2837.6
1139020 2837.6
1139030 2846.0
1139040 2853.3
1139050 2853.3
1139060 2859.1
1139070 2862.9
1139080 2862.9
1139090 2863.7
1139100 2858.1
1139110 2853.0
1139120 2853.0
1139130 2847.6
1139140 2843.5
1139150 2843.5
1139160 2838.0
1139170 2834.7
1139180 2834.7
1139190 2833.6
1139200 2823.3
1139210 2823.3
1139220 2797.6
1139230 2778.1
1139240 2778.1
1139250 2760.4
1139260 2752.8
1139270 2752.8
1139280 2745.0
1139290 2738.1
1139300 2738.1
1139310 2729.8
1139320 2722.1
1139330 2714.0
1139340 2714.0
1139350 2709.5
1139360 2708.9
1139370 2708.9
1139380 2707.7
1139390 2705.6
1139400 2705.6
1139410 2703.3
1139420 2702.2
1139430 2702.2
1139440 2703.1
1139450 2703.8
1139460 2703.8
1139470 2705.0
1139480 2707.2
1139490 2707.2
1139500 2711.0
1139510 2716.2
1139520 2716.2
1139530 2723.1
1139540 2735.3
1139550 2750.2
1139560 2750.2
1139570 2761.7
1139580 2771.4
1139590 2764.0
1139600 2772.8
1139610 2784.3
1139620 2784.3
1139630 2795.4
1139640 2806.3
1139650 2806.3
1139660 2821.0
1139670 2829.1
1139680 2829.1
1139690 2829.8
1139700 2821.8
1139710 2821.8
1139720 2813.3
1139730 2810.1
1139740 2810.1
1139750 2803.9
1139760 2798.5
1139770 2794.7
1139780 2794.7
1139790 2789.5
1139800 2785.3
1139810 2785.3
1139820 2780.9
1139830 2777.9
1139840 2777.9
1139850 2773.4
1139860 2768.7
1139870 2768.7
1139880 2763.4
1139890 2758.0
1139900 2758.0
1139910 2750.5
1139920 2744.7
1139930 2744.7
1139940 2739.4
1139950 2734.8
1139960 2729.7
1139970 2729.7
1139980 2724.6
1139990 2716.7
