1120000 2527.9
1120010 2529.6
1120020 2529.8
1120030 2529.8
1120040 2527.9
1120050 2526.2
1120060 2526.2
1120070 2526.3
1120080 2525.3
1120090 2525.3
1120100 2520.8
1120110 2515.0
1120120 2512.9
1120130 2512.9
1120140 2512.5
1120150 2518.1
1120160 2518.1
1120170 2516.9
1120180 2515.3
1120190 2515.3
1120200 2513.0
1120210 2510.7
1120220 2510.7
1120230 2509.7
1120240 2507.6
1120250 2507.6
1120260 2505.1
1120270 2501.1
1120280 2501.1
1120290 2494.8
1120300 2487.0
1120310 2487.0
1120320 2480.1
1120330 2474.6
1120340 2469.1
1120350 2469.1
1120360 2463.6
1120370 2454.6
1120380 2454.6
1120390 2443.7
1120400 2434.7
1120410 2434.7
1120420 2431.7
1120430 2434.8
1120440 2434.8
1120450 2436.8
1120460 2429.9
1120470 2429.9
1120480 2420.7
1120490 2411.2
1120500 2420.7
1120510 2418.3
1120520 2415.3
1120530 2415.0
1120540 2415.0
1120550 2413.8
1120560 2411.4
1120570 2411.4
1120580 2406.2
1120590 2407.4
1120600 2407.4
1120610 2407.7
1120620 2407.7
1120630 2407.7
1120640 2407.6
1120650 2407.3
1120660 2407.3
1120670 2406.2
1120680 2405.1
1120690 2405.1
1120700 2404.6
1120710 2405.0
1120720 2405.0
1120730 2406.4
1120740 2404.6
1120750 2400.4
1120760 2400.4
1120770 2403.1
1120780 2400.1
1120790 2400.1
1120800 2389.8
1120810 2379.9
1120820 2379.9
1120830 2373.1
1120840 2372.3
1120850 2378.5
1120860 2378.4
1120870 2378.0
1120880 2378.0
1120890 2374.8
1120900 2373.2
1120910 2373.2
1120920 2375.2
1120930 2375.5
1120940 2375.5
1120950 2372.0
1120960 2370.6
1120970 2369.8
1120980 2369.8
1120990 2368.6
1121000 2369.4
1121010 2369.4
1121020 2369.0
1121030 2368.2
1121040 2368.2
1121050 2367.4
1121060 2363.3
1121070 2363.3
1121080 2353.8
1121090 2350.1
1121100 2350.1
1121110 2348.2
1121120 2347.2
1121130 2347.2
1121140 2345.7
1121150 2344.5
1121160 2344.5
1121170 2342.6
1121180 2339.8
1121190 2341.3
1121200 2341.3
1121210 2338.8
1121220 2336.6
1121230 2336.6
1121240 2335.5
1121250 2336.6
1121260 2336.6
1121270 2336.4
1121280 2335.9
1121290 2335.9
1121300 2334.7
1121310 2334.6
1121320 2334.6
1121330 2336.7
1121340 2337.5
1121350 2337.5
1121360 2338.1
1121370 2340.3
1121380 2340.3
1121390 2343.3
1121400 2345.5
1121410 2348.0
1121420 2348.0
1121430 2352.5
1121440 2357.5
1121450 2357.5
1121460 2364.0
1121470 2371.4
1121480 2371.4
1121490 2378.8
1121500 2386.7
1121510 2386.7
1121520 2395.3
1121530 2403.2
1121540 2411.7
1121550 2429.2
1121560 2454.4
1121570 2454.4
1121580 2476.9
1121590 2502.0
1121600 2502.0
1121610 2512.5
1121620 2521.8
1121630 2541.3
1121640 2541.3
1121650 2549.8
1121660 2549.0
1121670 2549.0
1121680 2545.4
1121690 2536.2
1121700 2536.2
1121710 2524.5
1121720 2512.4
1121730 2512.4
1121740 2502.5
1121750 2495.1
1121760 2495.1
1121770 2488.6
1121780 2483.2
1121790 2483.2
1121800 2477.6
1121810 2471.7
1121820 2471.7
1121830 2466.1
1121840 2461.0
1121850 2456.6
1121860 2456.6
1121870 2452.2
1121880 2447.8
1121890 2445.0
1121900 2441.3
1121910 2439.3
1121920 2439.3
1121930 2437.1
1121940 2436.5
1121950 2436.5
1121960 2437.1
1121970 2437.4
1121980 2437.4
1121990 2438.3
1122000 2439.2
1122010 2439.2
1122020 2439.6
1122030 2441.5
1122040 2441.5
1122050 2442.5
1122060 2445.0
1122070 2447.1
1122080 2447.1
1122090 2447.5
1122100 2450.3
1122110 2450.3
1122120 2451.7
1122130 2452.9
1122140 2452.9
1122150 2453.3
1122160 2454.2
1122170 2454.2
1122180 2456.1
1122190 2457.5
1122200 2457.5
1122210 2457.4
1122220 2456.8
1122230 2456.8
1122240 2453.4
1122250 2453.3
1122260 2453.3
1122270 2454.1
1122280 2454.4
1122290 2454.3
1122300 2454.3
1122310 2455.5
1122320 2453.9
1122330 2453.9
1122340 2451.0
1122350 2446.5
1122360 2446.5
1122370 2439.8
1122380 2435.3
1122390 2435.3
1122400 2431.5
1122410 2428.6
1122420 2428.6
1122430 2426.8
1122440 2424.6
1122450 2424.6
1122460 2421.8
1122470 2417.8
1122480 2417.8
1122490 2413.0
1122500 2408.5
1122510 2404.6
1122520 2404.6
1122530 2400.4
1122540 2396.1
1122550 2396.1
1122560 2392.7
1122570 2389.4
1122580 2389.4
1122590 2380.3
1122600 2377.9
1122610 2377.9
1122620 2375.4
1122630 2372.0
1122640 2372.0
1122650 2367.6
1122660 2362.5
1122670 2362.5
1122680 2358.4
1122690 2354.5
1122700 2350.4
1122710 2350.4
1122720 2345.2
1122730 2341.0
1122740 2341.0
1122750 2337.8
1122760 2334.2
1122770 2334.2
1122780 2329.0
1122790 2323.3
1122800 2323.3
1122810 2319.8
1122820 2318.2
1122830 2318.2
1122840 2315.8
1122850 2310.8
1122860 2310.8
1122870 2308.5
1122880 2307.1
1122890 2307.1
1122900 2306.5
1122910 2303.7
1122920 2303.4
1122930 2303.4
1122940 2301.9
1122950 2304.3
1122960 2304.3
1122970 2307.0
1122980 2308.9
1122990 2308.9
1123000 2310.6
1123010 2313.2
1123020 2313.2
1123030 2313.2
1123040 2315.0
1123050 2315.0
1123060 2317.5
1123070 2319.4
1123080 2319.4
1123090 2320.8
1123100 2322.9
1123110 2322.9
1123120 2325.2
1123130 2327.9
1123140 2331.6
1123150 2331.6
1123160 2336.3
1123170 2341.6
1123180 2341.6
1123190 2346.6
1123200 2350.8
1123210 2350.8
1123220 2355.1
1123230 2360.5
1123240 2360.5
1123250 2365.7
1123260 2371.6
1123270 2371.6
1123280 2382.8
1123290 2382.6
1123300 2382.6
1123310 2395.4
1123320 2405.4
1123330 2405.4
1123340 2417.0
1123350 2430.0
1123360 2440.1
1123370 2440.1
1123380 2453.4
1123390 2463.6
1123400 2463.6
1123410 2477.3
1123420 2487.1
1123430 2487.1
1123440 2485.0
1123450 2480.2
1123460 2480.2
1123470 2474.6
1123480 2466.2
1123490 2466.2
1123500 2458.4
1123510 2455.9
1123520 2455.9
1123530 2454.2
1123540 2451.0
1123550 2451.0
1123560 2446.8
1123570 2440.6
1123580 2434.2
1123590 2434.2
1123600 2426.4
1123610 2417.2
1123620 2417.2
1123630 2407.7
1123640 2402.3
1123650 2402.3
1123660 2386.8
1123670 2372.2
1123680 2372.2
1123690 2364.8
1123700 2358.8
1123710 2358.8
1123720 2353.3
1123730 2348.0
1123740 2348.0
1123750 2344.4
1123760 2342.6
1123770 2342.6
1123780 2342.0
1123790 2337.8
1123800 2333.7
1123810 2333.7
1123820 2325.1
1123830 2316.3
1123840 2316.3
1123850 2310.1
1123860 2308.4
1123870 2308.4
1123880 2306.9
1123890 2303.0
1123900 2303.0
1123910 2299.5
1123920 2298.0
1123930 2298.0
1123940 2298.7
1123950 2301.5
1123960 2301.5
1123970 2305.1
1123980 2307.4
1123990 2306.8
1124000 2310.7
1124010 2313.5
1124020 2317.9
1124030 2317.9
1124040 2320.7
1124050 2321.5
1124060 2321.5
1124070 2323.2
1124080 2323.2
1124090 2323.2
1124100 2323.8
1124110 2325.7
1124120 2325.7
1124130 2327.6
1124140 2328.4
1124150 2328.4
1124160 2331.5
1124170 2335.6
1124180 2335.6
1124190 2338.7
1124200 2338.5
1124210 2338.5
1124220 2339.3
1124230 2342.1
1124240 2345.7
1124250 2345.7
1124260 2349.3
1124270 2350.1
1124280 2350.1
1124290 2349.6
1124300 2351.6
1124310 2351.6
1124320 2355.3
1124330 2354.6
1124340 2354.6
1124350 2352.6
1124360 2350.7
1124370 2350.7
1124380 2348.5
1124390 2346.3
1124400 2346.3
1124410 2346.3
1124420 2347.9
1124430 2347.9
1124440 2348.9
1124450 2347.4
1124460 2347.4
1124470 2347.4
1124480 2347.3
1124490 2344.0
1124500 2344.0
1124510 2344.5
1124520 2347.2
1124530 2347.2
1124540 2346.4
1124550 2346.8
1124560 2346.8
1124570 2348.7
1124580 2349.1
1124590 2349.1
1124600 2349.5
1124610 2349.6
1124620 2349.6
1124630 2350.4
1124640 2352.8
1124650 2353.1
1124660 2353.1
1124670 2354.0
1124680 2354.8
1124690 2354.8
1124700 2353.8
1124710 2353.7
1124720 2353.7
1124730 2353.5
1124740 2354.5
1124750 2354.5
1124760 2356.1
1124770 2357.8
1124780 2357.8
1124790 2359.8
1124800 2362.7
1124810 2362.7
1124820 2363.8
1124830 2363.4
1124840 2363.4
1124850 2363.1
1124860 2363.0
1124870 2363.3
1124880 2363.3
1124890 2363.0
1124900 2361.4
1124910 2361.4
1124920 2357.7
1124930 2355.3
1124940 2355.3
1124950 2353.3
1124960 2350.0
1124970 2350.0
1124980 2344.9
1124990 2340.5
1125000 2340.5
1125010 2336.7
1125020 2334.5
1125030 2334.5
1125040 2332.8
1125050 2330.0
1125060 2330.0
1125070 2328.9
1125080 2327.8
1125090 2327.3
1125100 2327.3
1125110 2325.9
1125120 2322.8
1125130 2322.8
1125140 2321.5
1125150 2320.2
1125160 2320.2
1125170 2319.6
1125180 2318.9
1125190 2318.9
1125200 2318.2
1125210 2318.0
1125220 2318.0
1125230 2318.1
1125240 2318.5
1125250 2318.5
1125260 2321.2
1125270 2321.9
1125280 2321.9
1125290 2323.3
1125300 2324.4
1125310 2324.0
1125320 2324.0
1125330 2325.4
1125340 2325.2
1125350 2325.2
1125360 2325.0
1125370 2328.1
1125380 2328.1
1125390 2331.0
1125400 2330.3
1125410 2330.3
1125420 2333.8
1125430 2339.9
1125440 2339.9
1125450 2341.5
1125460 2340.8
1125470 2340.8
1125480 2339.3
1125490 2335.8
1125500 2335.8
1125510 2332.2
1125520 2328.7
1125530 2325.5
1125540 2325.5
1125550 2323.6
1125560 2323.0
1125570 2323.0
1125580 2323.6
1125590 2324.3
1125600 2324.3
1125610 2324.2
1125620 2325.3
1125630 2325.3
1125640 2328.9
1125650 2333.0
1125660 2333.0
1125670 2337.0
1125680 2338.8
1125690 2338.8
1125700 2339.7
1125710 2340.3
1125720 2340.3
1125730 2340.1
1125740 2340.0
1125750 2337.3
1125760 2333.6
1125770 2330.4
1125780 2329.8
1125790 2329.8
1125800 2328.5
1125810 2328.6
1125820 2328.6
1125830 2329.9
1125840 2332.0
1125850 2332.0
1125860 2333.4
1125870 2334.2
1125880 2334.2
1125890 2337.4
1125900 2340.9
1125910 2340.9
1125920 2341.8
1125930 2341.0
1125940 2341.0
1125950 2337.5
1125960 2332.7
1125970 2331.8
1125980 2331.8
1125990 2329.7
1126000 2324.1
1126010 2324.1
1126020 2319.8
1126030 2317.4
1126040 2317.4
1126050 2314.4
1126060 2312.0
1126070 2312.0
1126080 2307.4
1126090 2304.1
1126100 2304.1
1126110 2298.0
1126120 2294.3
1126130 2294.3
1126140 2290.0
1126150 2285.4
1126160 2285.4
1126170 2280.7
1126180 2278.7
1126190 2276.2
1126200 2276.2
1126210 2273.1
1126220 2270.9
1126230 2270.9
1126240 2268.4
1126250 2266.0
1126260 2266.0
1126270 2264.4
1126280 2262.3
1126290 2262.3
1126300 2260.2
1126310 2259.6
1126320 2259.6
1126330 2261.2
1126340 2264.2
1126350 2264.2
1126360 2269.6
1126370 2272.8
1126380 2272.8
1126390 2274.5
1126400 2274.5
1126410 2273.2
1126420 2273.2
1126430 2273.6
1126440 2274.3
1126450 2274.3
1126460 2272.9
1126470 2275.0
1126480 2275.0
1126490 2278.0
1126500 2281.1
1126510 2281.1
1126520 2283.6
1126530 2285.7
1126540 2285.7
1126550 2287.7
1126560 2289.5
1126570 2289.5
1126580 2291.1
1126590 2293.1
1126600 2294.8
1126610 2294.8
1126620 2296.0
1126630 2297.3
1126640 2297.3
1126650 2300.3
1126660 2301.9
1126670 2301.9
1126680 2302.5
1126690 2304.4
1126700 2304.4
1126710 2306.4
1126720 2306.0
1126730 2306.0
1126740 2306.7
1126750 2306.0
1126760 2306.0
1126770 2306.4
1126780 2306.5
1126790 2306.5
1126800 2308.4
1126810 2312.3
1126820 2310.8
1126830 2310.8
1126840 2312.6
1126850 2312.4
1126860 2312.4
1126870 2311.8
1126880 2311.3
1126890 2311.3
1126900 2310.3
1126910 2308.1
1126920 2308.1
1126930 2307.1
1126940 2306.9
1126950 2306.9
1126960 2307.4
1126970 2308.1
1126980 2308.1
1126990 2309.2
1127000 2309.2
1127010 2309.2
1127020 2309.7
1127030 2310.4
1127040 2311.8
1127050 2311.8
1127060 2313.7
1127070 2316.1
1127080 2316.1
1127090 2317.4
1127100 2318.8
1127110 2318.8
1127120 2321.2
1127130 2323.8
1127140 2323.8
1127150 2326.4
1127160 2329.1
1127170 2326.5
1127180 2330.2
1127190 2334.5
1127200 2334.5
1127210 2337.7
1127220 2339.2
1127230 2339.2
1127240 2339.2
1127250 2339.9
1127260 2341.2
1127270 2341.2
1127280 2344.5
1127290 2349.5
1127300 2349.5
1127310 2354.2
1127320 2358.3
1127330 2358.3
1127340 2360.3
1127350 2360.1
1127360 2360.1
1127370 2358.6
1127380 2356.2
1127390 2356.2
1127400 2354.5
1127410 2355.0
1127420 2355.0
1127430 2358.2
1127440 2357.3
1127450 2357.3
1127460 2358.0
1127470 2360.7
1127480 2365.1
1127490 2365.1
1127500 2370.3
1127510 2374.7
1127520 2374.7
1127530 2380.3
1127540 2386.5
1127550 2386.5
1127560 2393.0
1127570 2399.8
1127580 2399.8
1127590 2406.8
1127600 2413.8
1127610 2413.8
1127620 2421.1
1127630 2428.1
1127640 2428.1
1127650 2435.1
1127660 2442.0
1127670 2442.0
1127680 2449.3
1127690 2469.0
1127700 2482.2
1127710 2482.2
1127720 2488.7
1127730 2494.0
1127740 2494.0
1127750 2508.4
1127760 2521.2
1127770 2521.2
1127780 2528.6
1127790 2541.2
1127800 2541.2
1127810 2554.1
1127820 2559.9
1127830 2559.9
1127840 2564.0
1127850 2568.1
1127860 2568.1
1127870 2581.0
1127880 2594.5
1127890 2594.5
1127900 2599.4
1127910 2602.9
1127920 2605.0
1127930 2605.0
1127940 2607.6
1127950 2609.8
1127960 2609.8
1127970 2612.0
1127980 2613.8
1127990 2613.8
1128000 2619.1
1128010 2623.4
1128020 2623.4
1128030 2631.1
1128040 2638.1
1128050 2638.1
1128060 2640.6
1128070 2650.9
1128080 2650.9
1128090 2656.5
1128100 2658.7
1128110 2658.7
1128120 2664.3
1128130 2671.0
1128140 2680.7
1128150 2680.7
1128160 2686.0
1128170 2687.4
1128180 2687.4
1128190 2687.0
1128200 2683.3
1128210 2683.3
1128220 2675.9
1128230 2668.1
1128240 2671.2
1128250 2665.7
1128260 2659.4
1128270 2659.4
1128280 2645.9
1128290 2617.0
1128300 2617.0
1128310 2607.7
1128320 2602.6
1128330 2602.6
1128340 2595.0
1128350 2590.6
1128360 2588.6
1128370 2588.6
1128380 2587.5
1128390 2586.5
1128400 2586.5
1128410 2585.0
1128420 2582.6
1128430 2582.6
1128440 2580.3
1128450 2579.1
1128460 2579.1
1128470 2577.6
1128480 2574.4
1128490 2574.4
1128500 2569.5
1128510 2565.6
1128520 2565.6
1128530 2560.4
1128540 2552.4
1128550 2550.5
1128560 2550.5
1128570 2550.5
1128580 2552.5
1128590 2560.4
1128600 2555.3
1128610 2549.9
1128620 2549.9
1128630 2544.3
1128640 2538.0
1128650 2538.0
1128660 2533.5
1128670 2530.2
1128680 2530.2
1128690 2526.9
1128700 2524.4
1128710 2524.4
1128720 2519.8
1128730 2512.0
1128740 2512.0
1128750 2507.5
1128760 2505.4
1128770 2504.9
1128780 2504.9
1128790 2502.4
1128800 2501.4
1128810 2501.4
1128820 2501.3
1128830 2500.9
1128840 2500.9
1128850 2500.6
1128860 2496.2
1128870 2496.2
1128880 2490.3
1128890 2483.8
1128900 2483.8
1128910 2476.7
1128920 2469.9
1128930 2469.9
1128940 2464.6
1128950 2460.3
1128960 2460.3
1128970 2455.8
1128980 2450.5
1128990 2444.0
1129000 2444.0
1129010 2437.9
1129020 2432.3
1129030 2432.3
1129040 2428.2
1129050 2424.9
1129060 2424.9
1129070 2421.6
1129080 2418.0
1129090 2418.0
1129100 2414.1
1129110 2410.2
1129120 2410.2
1129130 2406.2
1129140 2402.8
1129150 2402.8
1129160 2399.2
1129170 2396.0
1129180 2396.0
1129190 2391.2
1129200 2384.3
1129210 2378.0
1129220 2378.0
1129230 2369.5
1129240 2362.2
1129250 2362.2
1129260 2354.3
1129270 2347.1
1129280 2347.1
1129290 2338.9
1129300 2330.9
1129310 2323.4
1129320 2313.6
1129330 2304.9
1129340 2304.9
1129350 2297.0
1129360 2289.7
1129370 2289.7
1129380 2282.8
1129390 2276.1
1129400 2276.1
1129410 2269.4
1129420 2263.3
1129430 2256.1
1129440 2256.1
1129450 2248.5
1129460 2241.4
1129470 2241.4
1129480 2234.9
1129490 2228.1
1129500 2228.1
1129510 2221.2
1129520 2214.9
1129530 2214.9
1129540 2208.5
1129550 2203.9
1129560 2203.9
1129570 2198.3
1129580 2190.7
1129590 2190.7
1129600 2182.7
1129610 2174.9
1129620 2174.9
1129630 2166.7
1129640 2158.8
1129650 2151.7
1129660 2150.3
1129670 2144.8
1129680 2140.2
1129690 2140.2
1129700 2134.8
1129710 2128.1
1129720 2128.1
1129730 2122.5
1129740 2117.2
1129750 2117.2
1129760 2111.8
1129770 2106.9
1129780 2106.9
1129790 2102.3
1129800 2097.3
1129810 2097.3
1129820 2092.2
1129830 2087.0
1129840 2087.0
1129850 2082.2
1129860 2078.1
1129870 2074.0
1129880 2074.0
1129890 2070.4
1129900 2066.5
1129910 2066.5
1129920 2062.5
1129930 2058.8
1129940 2058.8
1129950 2055.3
1129960 2051.4
1129970 2051.4
1129980 2047.0
1129990 2043.1
1130000 2043.1
1130010 2038.9
1130020 2034.8
1130030 2034.8
1130040 2030.8
1130050 2028.0
1130060 2028.0
1130070 2025.4
1130080 2022.8
1130090 2020.6
1130100 2020.6
1130110 2018.8
1130120 2017.0
1130130 2017.0
1130140 2015.6
1130150 2014.4
1130160 2014.4
1130170 2013.4
1130180 2012.3
1130190 2012.3
1130200 2011.1
1130210 2010.7
1130220 2010.7
1130230 2010.7
1130240 2010.9
1130250 2010.9
1130260 2010.6
1130270 2010.1
1130280 2010.1
1130290 2010.0
1130300 2010.0
1130310 2010.8
1130320 2010.8
1130330 2011.1
1130340 2010.8
1130350 2010.8
1130360 2010.6
1130370 2010.7
1130380 2011.1
1130390 2010.9
1130400 2011.2
1130410 2011.2
1130420 2013.3
1130430 2017.2
1130440 2017.2
1130450 2024.3
1130460 2034.7
1130470 2034.7
1130480 2042.7
1130490 2048.3
1130500 2048.3
1130510 2052.0
1130520 2056.3
1130530 2061.5
1130540 2061.5
1130550 2068.9
1130560 2077.5
1130570 2077.5
1130580 2083.7
1130590 2088.8
1130600 2088.8
1130610 2092.9
1130620 2097.4
1130630 2097.4
1130640 2102.6
1130650 2107.5
1130660 2107.5
1130670 2113.6
1130680 2121.9
1130690 2121.9
1130700 2133.1
1130710 2143.6
1130720 2152.3
1130730 2152.3
1130740 2153.1
1130750 2163.2
1130760 2163.2
1130770 2175.5
1130780 2183.7
1130790 2183.7
1130800 2193.4
1130810 2203.4
1130820 2203.4
1130830 2214.1
1130840 2222.9
1130850 2222.9
1130860 2229.3
1130870 2234.6
1130880 2234.6
1130890 2240.2
1130900 2246.1
1130910 2246.1
1130920 2251.7
1130930 2257.9
1130940 2264.5
1130950 2264.5
1130960 2270.2
1130970 2274.6
1130980 2274.6
1130990 2277.1
1131000 2278.6
1131010 2278.6
1131020 2280.0
1131030 2281.5
1131040 2281.5
1131050 2283.1
1131060 2283.7
1131070 2283.7
1131080 2284.6
1131090 2288.3
1131100 2288.3
1131110 2291.6
1131120 2295.3
1131130 2295.3
1131140 2299.0
1131150 2302.0
1131160 2304.5
1131170 2304.5
1131180 2307.6
1131190 2312.6
1131200 2312.6
1131210 2318.6
1131220 2323.1
1131230 2323.1
1131240 2326.9
1131250 2329.8
1131260 2329.8
1131270 2332.2
1131280 2334.2
1131290 2334.2
1131300 2337.4
1131310 2341.0
1131320 2341.0
1131330 2344.5
1131340 2348.0
1131350 2348.0
1131360 2350.6
1131370 2353.1
1131380 2355.4
1131390 2355.4
1131400 2357.5
1131410 2359.3
1131420 2359.3
1131430 2361.1
1131440 2362.5
1131450 2366.3
1131460 2368.3
1131470 2369.0
1131480 2369.0
1131490 2367.8
1131500 2367.8
1131510 2367.8
1131520 2368.3
1131530 2368.2
1131540 2368.2
1131550 2371.4
1131560 2376.4
1131570 2376.4
1131580 2381.9
1131590 2385.1
1131600 2383.7
1131610 2383.7
1131620 2379.9
1131630 2377.8
1131640 2377.8
1131650 2377.8
1131660 2379.5
1131670 2379.5
1131680 2382.9
1131690 2385.6
1131700 2385.6
1131710 2387.7
1131720 2390.2
1131730 2390.2
1131740 2392.1
1131750 2392.6
1131760 2392.6
1131770 2391.7
1131780 2392.3
1131790 2392.3
1131800 2394.4
1131810 2402.0
1131820 2405.8
1131830 2405.8
1131840 2410.3
1131850 2414.8
1131860 2414.8
1131870 2419.5
1131880 2424.7
1131890 2424.7
1131900 2430.0
1131910 2434.3
1131920 2434.3
1131930 2438.2
1131940 2442.4
1131950 2442.4
1131960 2445.6
1131970 2449.0
1131980 2449.0
1131990 2453.2
1132000 2456.6
1132010 2456.6
1132020 2459.1
1132030 2461.0
1132040 2463.9
1132050 2463.9
1132060 2466.3
1132070 2467.7
1132080 2467.7
1132090 2469.5
1132100 2470.9
1132110 2470.9
1132120 2472.5
1132130 2475.6
1132140 2475.6
1132150 2479.5
1132160 2483.8
1132170 2486.5
1132180 2491.1
1132190 2496.8
1132200 2496.8
1132210 2502.7
1132220 2508.7
1132230 2508.7
1132240 2513.0
1132250 2510.7
1132260 2507.5
1132270 2507.5
1132280 2505.6
1132290 2504.0
1132300 2504.0
1132310 2505.1
1132320 2507.6
1132330 2507.6
1132340 2508.8
1132350 2507.8
1132360 2507.8
1132370 2505.4
1132380 2504.3
1132390 2504.3
1132400 2505.0
1132410 2505.5
1132420 2505.5
1132430 2505.0
1132440 2503.8
1132450 2504.2
1132460 2504.2
1132470 2506.0
1132480 2508.0
1132490 2508.0
1132500 2509.6
1132510 2511.1
1132520 2511.1
1132530 2511.6
1132540 2512.4
1132550 2512.4
1132560 2512.9
1132570 2514.8
1132580 2514.8
1132590 2517.7
1132600 2520.5
1132610 2520.5
1132620 2523.2
1132630 2526.5
1132640 2526.5
1132650 2529.5
1132660 2530.5
1132670 2531.5
1132680 2531.5
1132690 2534.2
1132700 2538.9
1132710 2538.9
1132720 2544.5
1132730 2550.5
1132740 2550.5
1132750 2556.4
1132760 2562.0
1132770 2562.0
1132780 2568.2
1132790 2576.0
1132800 2576.0
1132810 2591.6
1132820 2605.8
1132830 2605.8
1132840 2613.6
1132850 2622.7
1132860 2622.7
1132870 2632.1
1132880 2640.7
1132890 2646.6
1132900 2646.6
1132910 2656.7
1132920 2667.9
1132930 2667.9
1132940 2678.5
1132950 2690.6
1132960 2690.6
1132970 2700.8
1132980 2706.2
1132990 2706.2
1133000 2702.0
1133010 2689.7
1133020 2689.7
1133030 2674.4
1133040 2663.3
1133050 2663.3
1133060 2656.0
1133070 2649.1
1133080 2649.1
1133090 2642.1
1133100 2635.4
1133110 2628.6
1133120 2628.6
1133130 2621.9
1133140 2616.7
1133150 2616.7
1133160 2612.5
1133170 2609.4
1133180 2609.4
1133190 2608.2
1133200 2607.1
1133210 2607.1
1133220 2604.7
1133230 2601.4
1133240 2601.4
1133250 2597.1
1133260 2594.2
1133270 2594.2
1133280 2590.1
1133290 2585.0
1133300 2585.0
1133310 2580.1
1133320 2573.4
1133330 2567.0
1133340 2567.0
1133350 2563.8
1133360 2561.4
1133370 2561.4
1133380 2559.1
1133390 2557.0
1133400 2557.0
1133410 2555.0
1133420 2553.6
1133430 2553.6
1133440 2551.1
1133450 2547.7
1133460 2547.7
1133470 2544.4
1133480 2541.5
1133490 2541.5
1133500 2538.5
1133510 2534.5
1133520 2534.5
1133530 2532.9
1133540 2530.7
1133550 2527.1
1133560 2527.1
1133570 2525.8
1133580 2524.3
1133590 2524.3
1133600 2523.3
1133610 2522.2
1133620 2522.2
1133630 2519.0
1133640 2514.7
1133650 2514.7
1133660 2512.6
1133670 2510.7
1133680 2510.7
1133690 2509.4
1133700 2508.0
1133710 2508.0
1133720 2504.8
1133730 2499.7
1133740 2499.7
1133750 2494.1
1133760 2489.0
1133770 2483.9
1133780 2483.9
1133790 2478.4
1133800 2472.2
1133810 2472.2
1133820 2466.3
1133830 2460.5
1133840 2460.5
1133850 2455.5
1133860 2451.5
1133870 2451.5
1133880 2447.0
1133890 2441.7
1133900 2441.7
1133910 2435.9
1133920 2429.9
1133930 2429.9
1133940 2423.7
1133950 2417.4
1133960 2417.4
1133970 2412.3
1133980 2408.6
1133990 2403.7
1134000 2403.7
1134010 2398.3
1134020 2393.0
1134030 2393.0
1134040 2386.1
1134050 2379.9
1134060 2379.9
1134070 2376.5
1134080 2375.0
1134090 2375.0
1134100 2373.3
1134110 2371.1
1134120 2371.1
1134130 2368.7
1134140 2366.3
1134150 2366.3
1134160 2363.8
1134170 2361.9
1134180 2362.0
1134190 2362.0
1134200 2364.4
1134210 2366.6
1134220 2366.6
1134230 2368.6
1134240 2369.5
1134250 2369.5
1134260 2366.5
1134270 2359.7
1134280 2359.7
1134290 2355.1
1134300 2349.1
1134310 2349.1
1134320 2344.1
1134330 2339.8
1134340 2344.2
1134350 2340.0
1134360 2339.1
1134370 2339.1
1134380 2338.8
1134390 2339.3
1134400 2338.7
1134410 2338.7
1134420 2337.4
1134430 2336.1
1134440 2336.1
1134450 2334.5
1134460 2333.3
1134470 2333.3
1134480 2332.5
1134490 2331.5
1134500 2331.5
1134510 2330.5
1134520 2329.6
1134530 2329.6
1134540 2328.6
1134550 2328.7
1134560 2328.7
1134570 2330.3
1134580 2333.2
1134590 2333.2
1134600 2333.7
1134610 2332.0
1134620 2332.6
1134630 2332.6
1134640 2334.0
1134650 2335.8
1134660 2335.8
1134670 2339.0
1134680 2340.5
1134690 2340.5
1134700 2345.0
1134710 2343.2
1134720 2343.2
1134730 2342.4
1134740 2342.1
1134750 2342.1
1134760 2341.6
1134770 2340.9
1134780 2340.9
1134790 2340.5
1134800 2339.4
1134810 2339.4
1134820 2338.4
1134830 2338.2
1134840 2338.1
1134850 2338.1
1134860 2337.5
1134870 2337.6
1134880 2337.6
1134890 2338.3
1134900 2339.5
1134910 2339.5
1134920 2341.4
1134930 2344.5
1134940 2344.5
1134950 2350.3
1134960 2356.1
1134970 2356.1
1134980 2358.3
1134990 2359.1
1135000 2359.1
1135010 2357.5
1135020 2354.4
1135030 2354.4
1135040 2357.2
1135050 2361.5
1135060 2373.1
1135070 2373.1
1135080 2379.9
1135090 2382.3
1135100 2382.3
1135110 2383.0
1135120 2382.3
1135130 2382.3
1135140 2379.0
1135150 2376.2
1135160 2376.2
1135170 2372.6
1135180 2368.8
1135190 2368.8
1135200 2362.4
1135210 2358.4
1135220 2358.4
1135230 2355.8
1135240 2354.5
1135250 2354.5
1135260 2353.9
1135270 2353.6
1135280 2353.9
1135290 2353.9
1135300 2352.2
1135310 2349.1
1135320 2349.1
1135330 2342.7
1135340 2335.5
1135350 2335.5
1135360 2331.7
1135370 2328.7
1135380 2328.7
1135390 2324.4
1135400 2320.8
1135410 2320.8
1135420 2323.5
1135430 2321.9
1135440 2321.9
1135450 2319.8
1135460 2317.4
1135470 2317.4
1135480 2313.6
1135490 2309.7
1135500 2306.2
1135510 2306.2
1135520 2301.4
1135530 2295.8
1135540 2295.8
1135550 2291.3
1135560 2287.3
1135570 2287.3
1135580 2283.7
1135590 2280.4
1135600 2280.4
1135610 2277.0
1135620 2274.3
1135630 2274.3
1135640 2271.1
1135650 2266.7
1135660 2266.7
1135670 2263.0
1135680 2258.8
1135690 2258.8
1135700 2251.2
1135710 2244.0
1135720 2236.9
1135730 2236.9
1135740 2229.5
1135750 2223.7
1135760 2223.7
1135770 2218.0
1135780 2213.4
1135790 2217.8
1135800 2213.1
1135810 2208.8
1135820 2208.8
1135830 2204.9
1135840 2201.1
1135850 2201.1
1135860 2196.9
1135870 2191.3
1135880 2191.3
1135890 2184.8
1135900 2178.5
1135910 2173.0
1135920 2173.0
1135930 2167.3
1135940 2161.2
1135950 2161.2
1135960 2155.5
1135970 2151.8
1135980 2151.8
1135990 2147.4
1136000 2142.9
1136010 2142.9
1136020 2138.6
1136030 2134.5
1136040 2134.5
1136050 2134.0
1136060 2132.3
1136070 2132.3
1136080 2129.1
1136090 2126.4
1136100 2126.4
1136110 2123.9
1136120 2120.2
1136130 2115.9
1136140 2115.9
1136150 2119.3
1136160 2117.2
1136170 2117.2
1136180 2120.2
1136190 2123.8
1136200 2123.8
1136210 2125.5
1136220 2126.2
1136230 2126.2
1136240 2129.7
1136250 2132.9
1136260 2132.9
1136270 2135.7
1136280 2135.7
1136290 2135.7
1136300 2136.5
1136310 2140.8
1136320 2140.8
1136330 2144.9
1136340 2144.2
1136350 2141.5
1136360 2141.5
1136370 2142.0
1136380 2146.3
1136390 2146.3
1136400 2149.3
1136410 2152.7
1136420 2152.7
1136430 2158.7
1136440 2165.7
1136450 2165.7
1136460 2169.4
1136470 2171.4
1136480 2171.4
1136490 2174.9
1136500 2180.1
1136510 2183.5
1136520 2187.2
1136530 2191.4
1136540 2191.4
1136550 2197.7
1136560 2203.9
1136570 2210.0
1136580 2210.0
1136590 2215.6
1136600 2220.8
1136610 2220.8
1136620 2226.8
1136630 2232.6
1136640 2232.6
1136650 2239.0
1136660 2245.6
1136670 2245.6
1136680 2251.9
1136690 2258.1
1136700 2258.1
1136710 2264.1
1136720 2270.4
1136730 2270.4
1136740 2276.7
1136750 2283.6
1136760 2283.6
1136770 2291.2
1136780 2298.7
1136790 2305.6
1136800 2305.6
1136810 2311.9
1136820 2318.8
1136830 2318.8
1136840 2325.9
1136850 2333.8
1136860 2333.8
1136870 2341.7
1136880 2350.8
1136890 2350.8
1136900 2358.7
1136910 2364.5
1136920 2364.5
1136930 2370.2
1136940 2376.2
1136950 2376.2
1136960 2380.4
1136970 2383.2
1136980 2383.2
1136990 2385.5
1137000 2388.7
1137010 2392.7
1137020 2392.7
1137030 2395.7
1137040 2398.1
1137050 2398.1
1137060 2400.5
1137070 2402.5
1137080 2402.5
1137090 2404.5
1137100 2407.6
1137110 2407.6
1137120 2411.1
1137130 2414.7
1137140 2414.7
1137150 2418.8
1137160 2423.3
1137170 2423.3
1137180 2427.9
1137190 2433.1
1137200 2433.1
1137210 2439.2
1137220 2446.4
1137230 2453.6
1137240 2453.1
1137250 2456.9
1137260 2459.4
1137270 2459.4
1137280 2461.3
1137290 2461.3
1137300 2461.3
1137310 2461.1
1137320 2461.6
1137330 2461.6
1137340 2461.7
1137350 2461.0
1137360 2461.0
1137370 2460.7
1137380 2460.5
1137390 2460.5
1137400 2460.8
1137410 2461.7
1137420 2461.2
1137430 2461.2
1137440 2460.3
1137450 2460.2
1137460 2460.2
1137470 2461.2
1137480 2464.8
1137490 2464.8
1137500 2468.7
1137510 2472.1
1137520 2472.1
1137530 2476.0
1137540 2478.8
1137550 2478.8
1137560 2482.0
1137570 2485.7
1137580 2485.7
1137590 2490.1
1137600 2494.9
1137610 2493.9
1137620 2498.7
1137630 2504.5
1137640 2510.2
1137650 2510.2
1137660 2515.3
1137670 2520.2
1137680 2520.2
1137690 2525.1
1137700 2529.7
1137710 2529.7
1137720 2535.0
1137730 2538.8
1137740 2538.8
1137750 2541.8
1137760 2543.6
1137770 2543.6
1137780 2545.9
1137790 2548.5
1137800 2548.5
1137810 2551.5
1137820 2555.0
1137830 2555.0
1137840 2557.5
1137850 2559.4
1137860 2560.5
1137870 2560.5
1137880 2561.9
1137890 2564.1
1137900 2564.1
1137910 2567.8
1137920 2572.3
1137930 2572.3
1137940 2576.1
1137950 2578.5
1137960 2578.5
1137970 2578.5
1137980 2580.2
1137990 2580.2
1138000 2580.7
1138010 2579.2
1138020 2579.2
1138030 2576.6
1138040 2580.7
1138050 2580.7
1138060 2587.6
1138070 2593.9
1138080 2600.3
1138090 2600.3
1138100 2606.4
1138110 2612.9
1138120 2612.9
1138130 2620.4
1138140 2628.1
1138150 2628.1
1138160 2635.8
1138170 2642.9
1138180 2642.9
1138190 2649.7
1138200 2657.0
1138210 2657.0
1138220 2666.1
1138230 2674.9
1138240 2674.9
1138250 2682.3
1138260 2690.8
1138270 2690.8
1138280 2698.3
1138290 2704.3
1138300 2711.2
1138310 2711.2
1138320 2718.7
1138330 2727.8
1138340 2733.1
1138350 2745.4
1138360 2754.9
1138370 2754.9
1138380 2760.2
1138390 2763.6
1138400 2763.6
1138410 2766.6
1138420 2774.5
1138430 2774.5
1138440 2779.2
1138450 2784.4
1138460 2784.4
1138470 2792.6
1138480 2798.7
1138490 2798.7
1138500 2806.1
1138510 2814.0
1138520 2822.7
1138530 2822.7
1138540 2831.4
1138550 2840.9
1138560 2840.9
1138570 2852.3
1138580 2862.6
1138590 2862.6
1138600 2872.8
1138610 2881.1
1138620 2881.1
1138630 2889.0
1138640 2896.9
1138650 2896.9
1138660 2901.5
1138670 2897.8
1138680 2897.8
1138690 2895.1
1138700 2895.8
1138710 2895.8
1138720 2893.2
1138730 2890.9
1138740 2887.3
1138750 2887.3
1138760 2883.3
1138770 2880.1
1138780 2880.1
1138790 2877.8
1138800 2876.1
1138810 2876.1
1138820 2874.3
1138830 2867.9
1138840 2867.9
1138850 2856.7
1138860 2842.7
1138870 2842.7
1138880 2830.2
1138890 2820.3
1138900 2820.3
1138910 2809.2
1138920 2801.0
1138930 2801.0
1138940 2795.6
1138950 2790.5
1138960 2786.4
1138970 2786.4
1138980 2779.6
1138990 2771.0
1139000 2771.0
1139010 2767.1
1139020 2763.7
1139030 2763.7
1139040 2761.4
1139050 2756.2
1139060 2756.2
1139070 2738.3
1139080 2732.1
1139090 2732.1
1139100 2725.1
1139110 2716.0
1139120 2716.0
1139130 2710.3
1139140 2703.4
1139150 2697.3
1139160 2697.3
1139170 2693.8
1139180 2690.2
1139190 2690.2
1139200 2686.7
1139210 2683.1
1139220 2683.1
1139230 2681.5
1139240 2680.7
1139250 2680.7
1139260 2680.7
1139270 2677.2
1139280 2677.2
1139290 2667.5
1139300 2651.2
1139310 2651.2
1139320 2634.5
1139330 2617.4
1139340 2617.4
1139350 2606.6
1139360 2600.9
1139370 2595.5
1139380 2595.5
1139390 2591.1
1139400 2587.6
1139410 2587.6
1139420 2585.4
1139430 2583.4
1139440 2582.9
1139450 2580.8
1139460 2580.3
1139470 2580.3
1139480 2579.4
1139490 2577.4
1139500 2577.4
1139510 2576.3
1139520 2577.3
1139530 2577.3
1139540 2578.2
1139550 2580.2
1139560 2580.2
1139570 2581.9
1139580 2582.1
1139590 2581.2
1139600 2581.2
1139610 2581.6
1139620 2584.3
1139630 2584.3
1139640 2588.0
1139650 2591.2
1139660 2591.2
1139670 2593.1
1139680 2595.8
1139690 2595.8
1139700 2597.1
1139710 2599.6
1139720 2599.6
1139730 2605.0
1139740 2607.5
1139750 2607.5
1139760 2608.1
1139770 2609.1
1139780 2609.1
1139790 2609.8
1139800 2615.5
1139810 2601.2
1139820 2601.2
1139830 2593.1
1139840 2586.9
1139850 2586.9
1139860 2581.3
1139870 2577.3
1139880 2577.3
1139890 2574.9
1139900 2572.1
1139910 2572.1
1139920 2567.8
1139930 2562.9
1139940 2562.9
1139950 2559.0
1139960 2556.2
1139970 2556.2
1139980 2549.3
1139990 2541.1
