1120000 2503.2
1120010 2503.6
1120020 2505.1
1120030 2508.6
1120040 2508.6
1120050 2516.5
1120060 2520.5
1120070 2520.5
1120080 2519.7
1120090 2513.0
1120100 2513.0
1120110 2504.8
1120120 2500.9
1120130 2500.9
1120140 2499.4
1120150 2497.4
1120160 2497.4
1120170 2496.9
1120180 2496.2
1120190 2496.2
1120200 2494.8
1120210 2493.1
1120220 2493.1
1120230 2492.0
1120240 2491.4
1120250 2490.1
1120260 2490.1
1120270 2486.8
1120280 2481.9
1120290 2481.9
1120300 2475.9
1120310 2468.5
1120320 2468.5
1120330 2459.8
1120340 2451.2
1120350 2451.2
1120360 2443.2
1120370 2436.9
1120380 2436.9
1120390 2431.3
1120400 2429.2
1120410 2429.2
1120420 2419.5
1120430 2414.3
1120440 2414.3
1120450 2412.4
1120460 2411.0
1120470 2400.6
1120480 2400.6
1120490 2393.9
1120500 2388.2
1120510 2388.2
1120520 2384.2
1120530 2381.8
1120540 2381.8
1120550 2378.7
1120560 2381.5
1120570 2381.5
1120580 2384.5
1120590 2388.1
1120600 2388.1
1120610 2389.2
1120620 2389.2
1120630 2389.2
1120640 2389.2
1120650 2389.9
1120660 2389.9
1120670 2390.7
1120680 2390.5
1120690 2390.0
1120700 2390.0
1120710 2389.7
1120720 2389.6
1120730 2389.6
1120740 2386.0
1120750 2386.5
1120760 2386.5
1120770 2380.9
1120780 2375.1
1120790 2375.1
1120800 2368.4
1120810 2361.5
1120820 2361.5
1120830 2359.1
1120840 2360.7
1120850 2360.7
1120860 2362.9
1120870 2364.4
1120880 2364.4
1120890 2363.4
1120900 2361.8
1120910 2360.7
1120920 2360.7
1120930 2363.0
1120940 2366.5
1120950 2366.5
1120960 2368.8
1120970 2368.5
1120980 2368.5
1120990 2368.9
1121000 2368.4
1121010 2368.4
1121020 2364.8
1121030 2362.2
1121040 2362.2
1121050 2360.4
1121060 2357.1
1121070 2357.1
1121080 2348.9
1121090 2341.3
1121100 2343.6
1121110 2342.2
1121120 2341.0
1121130 2339.9
1121140 2339.9
1121150 2338.3
1121160 2336.9
1121170 2336.9
1121180 2334.3
1121190 2331.7
1121200 2331.7
1121210 2330.1
1121220 2327.8
1121230 2327.8
1121240 2327.2
1121250 2325.3
1121260 2325.3
1121270 2325.3
1121280 2324.5
1121290 2324.5
1121300 2324.1
1121310 2327.4
1121320 2327.4
1121330 2329.2
1121340 2329.5
1121350 2329.2
1121360 2329.2
1121370 2329.8
1121380 2331.5
1121390 2331.5
1121400 2334.5
1121410 2339.6
1121420 2339.6
1121430 2345.2
1121440 2351.4
1121450 2354.4
1121460 2361.1
1121470 2367.5
1121480 2367.5
1121490 2374.0
1121500 2380.6
1121510 2380.6
1121520 2390.7
1121530 2403.6
1121540 2420.3
1121550 2420.3
1121560 2448.0
1121570 2472.6
1121580 2472.6
1121590 2483.5
1121600 2499.0
1121610 2499.0
1121620 2507.1
1121630 2510.6
1121640 2510.6
1121650 2539.0
1121660 2544.7
1121670 2544.7
1121680 2547.6
1121690 2545.5
1121700 2545.5
1121710 2538.2
1121720 2524.7
1121730 2524.7
1121740 2513.5
1121750 2506.7
1121760 2500.4
1121770 2500.4
1121780 2493.7
1121790 2485.1
1121800 2485.1
1121810 2479.0
1121820 2471.7
1121830 2471.7
1121840 2465.8
1121850 2462.1
1121860 2462.1
1121870 2458.5
1121880 2454.7
1121890 2454.7
1121900 2450.9
1121910 2447.6
1121920 2447.6
1121930 2447.6
1121940 2447.1
1121950 2447.1
1121960 2447.2
1121970 2447.1
1121980 2446.8
1121990 2446.8
1122000 2447.5
1122010 2448.5
1122020 2448.5
1122030 2449.5
1122040 2450.8
1122050 2450.8
1122060 2452.4
1122070 2454.9
1122080 2454.9
1122090 2457.0
1122100 2457.8
1122110 2457.8
1122120 2460.6
1122130 2461.4
1122140 2455.7
1122150 2458.5
1122160 2462.8
1122170 2462.8
1122180 2462.8
1122190 2463.4
1122200 2464.7
1122210 2464.7
1122220 2466.2
1122230 2467.8
1122240 2467.8
1122250 2470.4
1122260 2473.8
1122270 2473.8
1122280 2477.7
1122290 2479.3
1122300 2479.3
1122310 2478.3
1122320 2473.8
1122330 2473.8
1122340 2469.4
1122350 2466.7
1122360 2466.7
1122370 2463.5
1122380 2460.1
1122390 2460.1
1122400 2456.5
1122410 2451.5
1122420 2448.5
1122430 2448.5
1122440 2446.3
1122450 2442.1
1122460 2442.1
1122470 2438.1
1122480 2433.5
1122490 2424.7
1122500 2419.5
1122510 2414.9
1122520 2414.9
1122530 2410.6
1122540 2407.1
1122550 2407.1
1122560 2404.8
1122570 2401.6
1122580 2401.6
1122590 2397.1
1122600 2392.8
1122610 2392.8
1122620 2389.5
1122630 2386.0
1122640 2383.2
1122650 2383.2
1122660 2381.6
1122670 2379.4
1122680 2379.4
1122690 2374.7
1122700 2368.7
1122710 2368.7
1122720 2364.0
1122730 2359.6
1122740 2359.6
1122750 2356.7
1122760 2354.0
1122770 2354.0
1122780 2349.6
1122790 2344.4
1122800 2344.4
1122810 2339.0
1122820 2333.9
1122830 2333.9
1122840 2324.3
1122850 2321.3
1122860 2319.6
1122870 2319.6
1122880 2318.2
1122890 2316.6
1122900 2316.6
1122910 2315.2
1122920 2315.4
1122930 2315.4
1122940 2316.2
1122950 2315.2
1122960 2315.2
1122970 2314.6
1122980 2317.1
1122990 2317.1
1123000 2317.7
1123010 2319.5
1123020 2319.5
1123030 2319.7
1123040 2321.2
1123050 2321.2
1123060 2324.4
1123070 2329.1
1123080 2334.0
1123090 2334.0
1123100 2338.6
1123110 2342.6
1123120 2342.6
1123130 2345.7
1123140 2348.0
1123150 2348.0
1123160 2349.5
1123170 2353.6
1123180 2353.6
1123190 2355.6
1123200 2362.2
1123210 2362.2
1123220 2367.8
1123230 2375.3
1123240 2375.3
1123250 2380.8
1123260 2384.4
1123270 2384.4
1123280 2391.4
1123290 2405.3
1123300 2420.3
1123310 2420.3
1123320 2434.1
1123330 2449.6
1123340 2449.6
1123350 2464.7
1123360 2471.6
1123370 2471.6
1123380 2478.5
1123390 2488.4
1123400 2488.4
1123410 2496.6
1123420 2502.6
1123430 2502.6
1123440 2503.6
1123450 2499.1
1123460 2499.1
1123470 2496.5
1123480 2493.9
1123490 2493.9
1123500 2488.3
1123510 2481.3
1123520 2474.5
1123530 2474.5
1123540 2467.0
1123550 2463.5
1123560 2463.5
1123570 2447.3
1123580 2428.1
1123590 2428.1
1123600 2415.6
1123610 2407.6
1123620 2407.6
1123630 2400.1
1123640 2392.9
1123650 2392.9
1123660 2386.2
1123670 2380.2
1123680 2380.2
1123690 2374.1
1123700 2368.0
1123710 2363.1
1123720 2363.1
1123730 2358.2
1123740 2352.9
1123750 2352.9
1123760 2346.1
1123770 2339.7
1123780 2339.7
1123790 2335.0
1123800 2333.6
1123810 2333.6
1123820 2330.7
1123830 2325.5
1123840 2325.5
1123850 2321.0
1123860 2317.8
1123870 2317.8
1123880 2313.5
1123890 2308.8
1123900 2306.5
1123910 2303.0
1123920 2301.8
1123930 2301.9
1123940 2301.9
1123950 2304.2
1123960 2306.2
1123970 2306.2
1123980 2308.5
1123990 2312.7
1124000 2312.7
1124010 2318.7
1124020 2323.9
1124030 2323.9
1124040 2325.5
1124050 2326.7
1124060 2326.7
1124070 2327.4
1124080 2327.5
1124090 2327.5
1124100 2327.0
1124110 2328.1
1124120 2328.1
1124130 2331.3
1124140 2334.0
1124150 2336.8
1124160 2336.8
1124170 2338.7
1124180 2340.9
1124190 2340.9
1124200 2343.8
1124210 2348.9
1124220 2348.9
1124230 2351.0
1124240 2352.9
1124250 2350.4
1124260 2352.6
1124270 2352.4
1124280 2352.4
1124290 2350.9
1124300 2350.4
1124310 2350.4
1124320 2352.6
1124330 2353.8
1124340 2353.8
1124350 2353.4
1124360 2353.8
1124370 2353.3
1124380 2353.3
1124390 2351.3
1124400 2349.3
1124410 2349.3
1124420 2346.8
1124430 2346.2
1124440 2346.2
1124450 2345.9
1124460 2346.4
1124470 2346.4
1124480 2346.4
1124490 2346.9
1124500 2346.9
1124510 2348.3
1124520 2350.1
1124530 2350.1
1124540 2351.2
1124550 2352.9
1124560 2352.9
1124570 2355.4
1124580 2357.9
1124590 2359.6
1124600 2356.1
1124610 2356.3
1124620 2355.2
1124630 2355.2
1124640 2356.1
1124650 2356.8
1124660 2356.8
1124670 2357.3
1124680 2357.4
1124690 2357.4
1124700 2356.7
1124710 2355.7
1124720 2355.7
1124730 2356.1
1124740 2357.4
1124750 2357.4
1124760 2358.9
1124770 2359.5
1124780 2359.5
1124790 2360.1
1124800 2361.4
1124810 2363.2
1124820 2363.2
1124830 2364.0
1124840 2362.1
1124850 2362.1
1124860 2361.1
1124870 2358.8
1124880 2358.8
1124890 2356.7
1124900 2354.0
1124910 2354.0
1124920 2351.6
1124930 2349.4
1124940 2349.4
1124950 2346.5
1124960 2343.1
1124970 2343.1
1124980 2341.1
1124990 2340.3
1125000 2340.3
1125010 2340.3
1125020 2338.3
1125030 2335.8
1125040 2335.8
1125050 2334.3
1125060 2333.4
1125070 2333.4
1125080 2332.1
1125090 2329.9
1125100 2329.9
1125110 2328.8
1125120 2327.4
1125130 2327.4
1125140 2327.0
1125150 2328.3
1125160 2328.3
1125170 2329.3
1125180 2328.8
1125190 2328.8
1125200 2329.5
1125210 2330.2
1125220 2330.2
1125230 2331.5
1125240 2333.2
1125250 2334.2
1125260 2334.2
1125270 2335.4
1125280 2335.8
1125290 2335.8
1125300 2331.7
1125310 2331.3
1125320 2331.3
1125330 2331.3
1125340 2330.8
1125350 2330.8
1125360 2331.6
1125370 2335.4
1125380 2335.4
1125390 2338.0
1125400 2339.6
1125410 2339.6
1125420 2342.8
1125430 2345.4
1125440 2345.4
1125450 2345.6
1125460 2347.5
1125470 2347.1
1125480 2347.1
1125490 2344.5
1125500 2341.2
1125510 2341.2
1125520 2336.2
1125530 2335.8
1125540 2335.8
1125550 2333.8
1125560 2331.4
1125570 2331.4
1125580 2330.1
1125590 2328.4
1125600 2328.4
1125610 2328.8
1125620 2330.7
1125630 2330.7
1125640 2333.4
1125650 2337.0
1125660 2339.5
1125670 2339.5
1125680 2341.9
1125690 2342.9
1125700 2342.9
1125710 2344.1
1125720 2344.0
1125730 2344.0
1125740 2341.7
1125750 2339.5
1125760 2339.5
1125770 2339.5
1125780 2339.0
1125790 2339.0
1125800 2340.5
1125810 2342.3
1125820 2342.3
1125830 2341.4
1125840 2340.6
1125850 2340.6
1125860 2341.4
1125870 2343.7
1125880 2344.9
1125890 2344.9
1125900 2346.1
1125910 2349.8
1125920 2349.8
1125930 2349.5
1125940 2345.9
1125950 2345.9
1125960 2343.1
1125970 2342.6
1125980 2342.6
1125990 2339.4
1126000 2335.5
1126010 2333.7
1126020 2331.1
1126030 2326.9
1126040 2326.9
1126050 2321.6
1126060 2315.1
1126070 2315.1
1126080 2310.8
1126090 2307.1
1126100 2303.4
1126110 2303.4
1126120 2299.0
1126130 2292.6
1126140 2292.6
1126150 2286.9
1126160 2282.8
1126170 2282.8
1126180 2281.0
1126190 2279.3
1126200 2279.3
1126210 2277.1
1126220 2276.5
1126230 2276.5
1126240 2275.1
1126250 2273.4
1126260 2273.4
1126270 2272.6
1126280 2270.0
1126290 2270.0
1126300 2267.8
1126310 2268.4
1126320 2269.9
1126330 2269.9
1126340 2272.4
1126350 2276.7
1126360 2273.3
1126370 2277.0
1126380 2278.9
1126390 2278.9
1126400 2279.7
1126410 2279.0
1126420 2279.0
1126430 2277.8
1126440 2278.4
1126450 2278.4
1126460 2279.4
1126470 2280.9
1126480 2280.9
1126490 2282.9
1126500 2285.7
1126510 2285.7
1126520 2288.0
1126530 2289.8
1126540 2292.5
1126550 2292.5
1126560 2294.9
1126570 2297.5
1126580 2297.5
1126590 2299.1
1126600 2299.7
1126610 2299.7
1126620 2299.7
1126630 2300.9
1126640 2300.9
1126650 2303.3
1126660 2306.7
1126670 2306.7
1126680 2307.5
1126690 2306.8
1126700 2306.8
1126710 2307.9
1126720 2308.3
1126730 2308.3
1126740 2308.9
1126750 2310.3
1126760 2313.4
1126770 2313.4
1126780 2312.7
1126790 2311.6
1126800 2311.6
1126810 2314.5
1126820 2316.1
1126830 2316.1
1126840 2316.4
1126850 2315.8
1126860 2315.8
1126870 2315.8
1126880 2314.6
1126890 2314.6
1126900 2313.7
1126910 2313.0
1126920 2313.0
1126930 2312.0
1126940 2312.6
1126950 2312.6
1126960 2313.2
1126970 2313.3
1126980 2313.9
1126990 2313.9
1127000 2315.1
1127010 2316.0
1127020 2316.0
1127030 2316.8
1127040 2318.1
1127050 2318.1
1127060 2320.8
1127070 2321.8
1127080 2321.8
1127090 2324.8
1127100 2329.1
1127110 2329.1
1127120 2331.6
1127130 2333.2
1127140 2333.2
1127150 2336.0
1127160 2339.1
1127170 2339.1
1127180 2341.9
1127190 2343.5
1127200 2344.9
1127210 2344.9
1127220 2345.6
1127230 2346.5
1127240 2346.5
1127250 2348.5
1127260 2352.3
1127270 2352.3
1127280 2358.4
1127290 2363.9
1127300 2363.9
1127310 2366.9
1127320 2367.7
1127330 2367.7
1127340 2371.5
1127350 2371.1
1127360 2371.1
1127370 2369.8
1127380 2367.6
1127390 2367.6
1127400 2366.7
1127410 2366.8
1127420 2366.2
1127430 2362.5
1127440 2361.7
1127450 2360.7
1127460 2360.7
1127470 2360.6
1127480 2364.6
1127490 2364.6
1127500 2368.0
1127510 2371.4
1127520 2371.4
1127530 2375.7
1127540 2381.1
1127550 2381.1
1127560 2386.2
1127570 2391.9
1127580 2391.9
1127590 2397.5
1127600 2403.3
1127610 2409.3
1127620 2409.3
1127630 2415.5
1127640 2424.2
1127650 2424.2
1127660 2441.4
1127670 2445.4
1127680 2445.4
1127690 2458.8
1127700 2473.8
1127710 2473.8
1127720 2489.8
1127730 2498.5
1127740 2498.5
1127750 2502.1
1127760 2506.5
1127770 2506.5
1127780 2515.8
1127790 2521.4
1127800 2521.4
1127810 2527.1
1127820 2536.1
1127830 2552.4
1127840 2552.4
1127850 2567.8
1127860 2584.6
1127870 2584.6
1127880 2586.7
1127890 2589.6
1127900 2589.6
1127910 2591.7
1127920 2593.1
1127930 2593.1
1127940 2593.6
1127950 2593.4
1127960 2593.4
1127970 2592.2
1127980 2595.6
1127990 2595.6
1128000 2600.1
1128010 2605.9
1128020 2605.9
1128030 2607.8
1128040 2611.1
1128050 2614.6
1128060 2614.6
1128070 2618.4
1128080 2621.4
1128090 2621.4
1128100 2623.8
1128110 2627.1
1128120 2627.1
1128130 2633.0
1128140 2649.2
1128150 2649.2
1128160 2657.7
1128170 2669.6
1128180 2669.6
1128190 2670.4
1128200 2669.8
1128210 2669.8
1128220 2666.0
1128230 2660.0
1128240 2660.0
1128250 2654.0
1128260 2649.2
1128270 2629.1
1128280 2629.1
1128290 2599.7
1128300 2585.5
1128310 2585.5
1128320 2579.1
1128330 2572.4
1128340 2572.4
1128350 2566.7
1128360 2560.9
1128370 2560.9
1128380 2555.7
1128390 2552.5
1128400 2552.5
1128410 2551.4
1128420 2550.1
1128430 2550.1
1128440 2548.5
1128450 2547.2
1128460 2547.2
1128470 2540.2
1128480 2529.1
1128490 2537.6
1128500 2537.6
1128510 2528.7
1128520 2526.3
1128530 2526.3
1128540 2524.6
1128550 2523.3
1128560 2523.3
1128570 2522.2
1128580 2522.8
1128590 2522.8
1128600 2523.5
1128610 2525.0
1128620 2525.0
1128630 2524.9
1128640 2523.0
1128650 2523.0
1128660 2520.4
1128670 2515.1
1128680 2515.1
1128690 2510.4
1128700 2505.8
1128710 2501.7
1128720 2501.7
1128730 2497.8
1128740 2494.5
1128750 2494.5
1128760 2491.7
1128770 2489.0
1128780 2489.0
1128790 2487.0
1128800 2485.0
1128810 2485.0
1128820 2483.1
1128830 2481.3
1128840 2481.3
1128850 2487.0
1128860 2483.8
1128870 2483.8
1128880 2481.6
1128890 2479.2
1128900 2479.2
1128910 2474.5
1128920 2466.2
1128930 2460.3
1128940 2460.3
1128950 2457.2
1128960 2454.1
1128970 2454.1
1128980 2449.1
1128990 2443.9
1129000 2443.9
1129010 2440.3
1129020 2435.5
1129030 2435.5
1129040 2430.4
1129050 2423.2
1129060 2423.2
1129070 2415.7
1129080 2411.5
1129090 2411.5
1129100 2407.7
1129110 2403.8
1129120 2403.8
1129130 2400.9
1129140 2399.1
1129150 2397.2
1129160 2397.2
1129170 2395.5
1129180 2392.8
1129190 2392.8
1129200 2387.4
1129210 2380.3
1129220 2380.3
1129230 2374.6
1129240 2368.7
1129250 2368.7
1129260 2362.0
1129270 2357.0
1129280 2357.0
1129290 2351.2
1129300 2342.0
1129310 2342.0
1129320 2331.8
1129330 2319.7
1129340 2319.7
1129350 2308.5
1129360 2297.1
1129370 2287.4
1129380 2287.4
1129390 2279.6
1129400 2273.3
1129410 2273.3
1129420 2267.2
1129430 2261.0
1129440 2261.0
1129450 2253.6
1129460 2246.3
1129470 2246.3
1129480 2239.6
1129490 2233.5
1129500 2233.5
1129510 2227.5
1129520 2219.5
1129530 2219.5
1129540 2208.3
1129550 2200.5
1129560 2201.6
1129570 2193.8
1129580 2185.3
1129590 2178.1
1129600 2178.1
1129610 2171.7
1129620 2165.0
1129630 2165.0
1129640 2158.6
1129650 2153.4
1129660 2153.4
1129670 2148.3
1129680 2142.9
1129690 2142.9
1129700 2137.5
1129710 2130.8
1129720 2130.8
1129730 2123.8
1129740 2118.1
1129750 2118.1
1129760 2113.0
1129770 2108.8
1129780 2104.7
1129790 2104.7
1129800 2099.6
1129810 2094.4
1129820 2094.4
1129830 2089.2
1129840 2084.8
1129850 2084.8
1129860 2080.6
1129870 2076.4
1129880 2076.4
1129890 2072.2
1129900 2067.7
1129910 2067.7
1129920 2063.8
1129930 2059.6
1129940 2059.6
1129950 2055.3
1129960 2051.5
1129970 2051.5
1129980 2048.0
1129990 2044.6
1130000 2041.1
1130010 2041.1
1130020 2037.4
1130030 2033.7
1130040 2033.7
1130050 2030.3
1130060 2027.2
1130070 2027.2
1130080 2024.2
1130090 2021.6
1130100 2021.6
1130110 2019.4
1130120 2017.5
1130130 2017.5
1130140 2015.8
1130150 2014.6
1130160 2014.6
1130170 2013.6
1130180 2012.6
1130190 2012.6
1130200 2011.0
1130210 2010.4
1130220 2010.3
1130230 2010.3
1130240 2009.8
1130250 2009.6
1130260 2009.6
1130270 2009.6
1130280 2009.3
1130290 2009.3
1130300 2009.4
1130310 2009.7
1130320 2009.7
1130330 2010.2
1130340 2010.1
1130350 2010.1
1130360 2010.1
1130370 2010.1
1130380 2010.1
1130390 2010.5
1130400 2011.4
1130410 2011.4
1130420 2013.3
1130430 2016.3
1130440 2020.7
1130450 2020.7
1130460 2025.6
1130470 2030.7
1130480 2030.7
1130490 2036.4
1130500 2041.9
1130510 2041.9
1130520 2047.9
1130530 2054.0
1130540 2054.0
1130550 2060.1
1130560 2065.4
1130570 2065.4
1130580 2070.8
1130590 2076.6
1130600 2076.6
1130610 2082.4
1130620 2089.1
1130630 2089.1
1130640 2098.6
1130650 2106.3
1130660 2112.9
1130670 2112.9
1130680 2123.1
1130690 2137.8
1130700 2137.8
1130710 2147.6
1130720 2159.0
1130730 2159.0
1130740 2160.8
1130750 2168.9
1130760 2168.9
1130770 2178.7
1130780 2189.7
1130790 2189.7
1130800 2200.1
1130810 2208.9
1130820 2208.9
1130830 2215.5
1130840 2223.2
1130850 2223.2
1130860 2230.7
1130870 2238.5
1130880 2245.5
1130890 2245.5
1130900 2252.2
1130910 2258.6
1130920 2258.6
1130930 2264.1
1130940 2269.0
1130950 2269.0
1130960 2272.2
1130970 2274.1
1130980 2274.1
1130990 2275.7
1131000 2277.3
1131010 2277.3
1131020 2278.5
1131030 2279.4
1131040 2279.4
1131050 2280.4
1131060 2281.5
1131070 2281.5
1131080 2282.7
1131090 2284.0
1131100 2285.8
1131110 2285.8
1131120 2288.0
1131130 2291.3
1131140 2291.3
1131150 2296.7
1131160 2301.6
1131170 2301.6
1131180 2304.9
1131190 2308.0
1131200 2308.0
1131210 2310.7
1131220 2312.8
1131230 2312.8
1131240 2315.9
1131250 2320.2
1131260 2320.2
1131270 2325.6
1131280 2330.7
1131290 2330.7
1131300 2333.9
1131310 2336.4
1131320 2339.1
1131330 2339.1
1131340 2340.4
1131350 2346.4
1131360 2346.4
1131370 2350.7
1131380 2355.1
1131390 2355.1
1131400 2357.1
1131410 2358.1
1131420 2358.1
1131430 2359.6
1131440 2361.2
1131450 2361.2
1131460 2363.1
1131470 2365.0
1131480 2365.0
1131490 2366.6
1131500 2368.8
1131510 2368.8
1131520 2372.7
1131530 2371.9
1131540 2372.0
1131550 2372.0
1131560 2377.4
1131570 2379.8
1131580 2379.8
1131590 2378.7
1131600 2376.2
1131610 2376.2
1131620 2375.5
1131630 2374.6
1131640 2374.6
1131650 2374.5
1131660 2376.3
1131670 2376.3
1131680 2379.2
1131690 2382.6
1131700 2382.6
1131710 2384.8
1131720 2386.4
1131730 2388.1
1131740 2388.1
1131750 2389.4
1131760 2390.2
1131770 2390.2
1131780 2390.2
1131790 2391.0
1131800 2391.0
1131810 2393.1
1131820 2396.7
1131830 2396.7
1131840 2400.1
1131850 2403.1
1131860 2403.1
1131870 2408.2
1131880 2413.5
1131890 2413.5
1131900 2418.1
1131910 2421.5
1131920 2421.5
1131930 2424.8
1131940 2429.6
1131950 2435.0
1131960 2435.0
1131970 2439.5
1131980 2443.0
1131990 2443.0
1132000 2446.9
1132010 2450.4
1132020 2450.4
1132030 2452.8
1132040 2454.3
1132050 2454.3
1132060 2456.0
1132070 2461.4
1132080 2461.4
1132090 2462.8
1132100 2464.9
1132110 2464.9
1132120 2467.5
1132130 2471.0
1132140 2471.0
1132150 2475.1
1132160 2480.1
1132170 2485.7
1132180 2485.7
1132190 2491.7
1132200 2498.2
1132210 2498.2
1132220 2504.9
1132230 2509.6
1132240 2509.6
1132250 2508.8
1132260 2506.6
1132270 2506.6
1132280 2504.4
1132290 2502.0
1132300 2502.0
1132310 2499.8
1132320 2497.5
1132330 2497.5
1132340 2494.8
1132350 2494.0
1132360 2494.0
1132370 2495.0
1132380 2497.2
1132390 2498.7
1132400 2498.7
1132410 2498.5
1132420 2500.1
1132430 2500.7
1132440 2502.2
1132450 2505.4
1132460 2505.4
1132470 2508.2
1132480 2509.6
1132490 2509.6
1132500 2510.7
1132510 2511.8
1132520 2511.8
1132530 2512.6
1132540 2514.1
1132550 2514.1
1132560 2516.4
1132570 2519.2
1132580 2519.2
1132590 2521.6
1132600 2523.4
1132610 2524.6
1132620 2524.6
1132630 2525.0
1132640 2526.4
1132650 2526.4
1132660 2529.8
1132670 2533.3
1132680 2533.3
1132690 2538.4
1132700 2544.7
1132710 2544.7
1132720 2550.8
1132730 2557.3
1132740 2557.3
1132750 2563.9
1132760 2570.9
1132770 2570.9
1132780 2578.0
1132790 2582.7
1132800 2582.7
1132810 2591.4
1132820 2599.0
1132830 2606.8
1132840 2606.8
1132850 2615.8
1132860 2625.5
1132870 2625.5
1132880 2636.1
1132890 2645.5
1132900 2645.5
1132910 2655.3
1132920 2666.4
1132930 2666.4
1132940 2683.4
1132950 2693.7
1132960 2693.7
1132970 2697.3
1132980 2704.1
1132990 2704.1
1133000 2704.8
1133010 2696.6
1133020 2696.6
1133030 2688.8
1133040 2680.6
1133050 2668.9
1133060 2668.9
1133070 2658.9
1133080 2651.3
1133090 2651.3
1133100 2644.9
1133110 2639.2
1133120 2639.2
1133130 2633.5
1133140 2627.3
1133150 2624.0
1133160 2618.8
1133170 2614.6
1133180 2614.6
1133190 2611.5
1133200 2609.5
1133210 2609.5
1133220 2607.1
1133230 2602.8
1133240 2602.8
1133250 2598.1
1133260 2593.7
1133270 2589.2
1133280 2589.2
1133290 2584.7
1133300 2580.2
1133310 2580.2
1133320 2575.4
1133330 2570.9
1133340 2570.9
1133350 2566.6
1133360 2562.8
1133370 2562.8
1133380 2559.7
1133390 2557.0
1133400 2557.0
1133410 2555.5
1133420 2553.5
1133430 2553.5
1133440 2551.1
1133450 2548.1
1133460 2545.4
1133470 2545.4
1133480 2543.1
1133490 2541.0
1133500 2541.0
1133510 2536.3
1133520 2535.2
1133530 2535.2
1133540 2534.8
1133550 2533.6
1133560 2533.6
1133570 2533.0
1133580 2532.7
1133590 2532.7
1133600 2532.6
1133610 2532.8
1133620 2532.8
1133630 2534.1
1133640 2534.5
1133650 2534.5
1133660 2532.6
1133670 2530.4
1133680 2527.6
1133690 2527.6
1133700 2525.0
1133710 2522.7
1133720 2522.7
1133730 2520.8
1133740 2516.5
1133750 2516.5
1133760 2509.6
1133770 2501.7
1133780 2501.7
1133790 2494.5
1133800 2488.6
1133810 2488.6
1133820 2482.1
1133830 2475.4
1133840 2475.4
1133850 2468.4
1133860 2461.3
1133870 2461.5
1133880 2455.6
1133890 2449.4
1133900 2442.8
1133910 2442.8
1133920 2435.9
1133930 2428.6
1133940 2428.6
1133950 2420.8
1133960 2412.9
1133970 2412.9
1133980 2406.1
1133990 2400.3
1134000 2400.3
1134010 2395.5
1134020 2389.9
1134030 2389.9
1134040 2386.0
1134050 2383.3
1134060 2383.3
1134070 2380.6
1134080 2377.6
1134090 2377.6
1134100 2374.9
1134110 2371.4
1134120 2368.1
1134130 2368.1
1134140 2364.4
1134150 2361.1
1134160 2361.1
1134170 2358.4
1134180 2355.5
1134190 2355.5
1134200 2352.7
1134210 2350.4
1134220 2350.4
1134230 2351.1
1134240 2351.6
1134250 2351.6
1134260 2351.8
1134270 2349.3
1134280 2349.3
1134290 2345.1
1134300 2341.0
1134310 2341.0
1134320 2337.8
1134330 2335.8
1134340 2335.2
1134350 2335.2
1134360 2334.9
1134370 2334.5
1134380 2334.5
1134390 2334.0
1134400 2333.1
1134410 2333.1
1134420 2331.9
1134430 2331.3
1134440 2331.3
1134450 2330.9
1134460 2330.3
1134470 2330.3
1134480 2329.5
1134490 2328.9
1134500 2328.9
1134510 2328.1
1134520 2326.8
1134530 2326.8
1134540 2326.0
1134550 2325.3
1134560 2324.3
1134570 2324.3
1134580 2323.5
1134590 2321.3
1134600 2325.2
1134610 2322.5
1134620 2322.8
1134630 2322.8
1134640 2323.2
1134650 2324.2
1134660 2324.2
1134670 2324.2
1134680 2324.1
1134690 2324.1
1134700 2324.0
1134710 2324.4
1134720 2324.4
1134730 2325.5
1134740 2327.3
1134750 2327.3
1134760 2329.4
1134770 2330.8
1134780 2331.4
1134790 2331.4
1134800 2330.8
1134810 2327.7
1134820 2327.7
1134830 2326.6
1134840 2325.7
1134850 2325.7
1134860 2325.5
1134870 2326.4
1134880 2326.4
1134890 2326.8
1134900 2326.6
1134910 2326.6
1134920 2326.5
1134930 2325.8
1134940 2325.8
1134950 2323.9
1134960 2333.7
1134970 2333.7
1134980 2335.5
1134990 2335.4
1135000 2334.8
1135010 2334.8
1135020 2338.4
1135030 2343.3
1135040 2343.3
1135050 2346.8
1135060 2352.0
1135070 2352.0
1135080 2358.1
1135090 2361.2
1135100 2361.2
1135110 2362.7
1135120 2363.9
1135130 2363.9
1135140 2363.0
1135150 2360.3
1135160 2360.3
1135170 2359.4
1135180 2359.6
1135190 2361.5
1135200 2361.5
1135210 2361.3
1135220 2358.5
1135230 2358.5
1135240 2355.6
1135250 2353.3
1135260 2353.3
1135270 2351.4
1135280 2349.1
1135290 2349.1
1135300 2344.7
1135310 2339.9
1135320 2340.9
1135330 2334.3
1135340 2329.5
1135350 2329.5
1135360 2325.5
1135370 2321.5
1135380 2321.5
1135390 2319.0
1135400 2318.7
1135410 2317.8
1135420 2317.8
1135430 2314.0
1135440 2310.3
1135450 2310.3
1135460 2307.6
1135470 2305.5
1135480 2305.5
1135490 2302.3
1135500 2297.2
1135510 2297.2
1135520 2292.5
1135530 2288.0
1135540 2288.0
1135550 2283.3
1135560 2279.0
1135570 2279.0
1135580 2275.2
1135590 2271.2
1135600 2271.2
1135610 2267.2
1135620 2263.2
1135630 2258.9
1135640 2258.9
1135650 2253.7
1135660 2247.7
1135670 2247.7
1135680 2246.4
1135690 2241.7
1135700 2241.7
1135710 2235.4
1135720 2229.7
1135730 2229.7
1135740 2223.2
1135750 2216.7
1135760 2216.7
1135770 2211.1
1135780 2206.0
1135790 2206.0
1135800 2201.0
1135810 2196.8
1135820 2196.8
1135830 2194.5
1135840 2191.5
1135850 2186.8
1135860 2186.8
1135870 2181.3
1135880 2176.0
1135890 2176.0
1135900 2171.0
1135910 2166.3
1135920 2166.3
1135930 2161.3
1135940 2155.7
1135950 2155.7
1135960 2149.0
1135970 2143.2
1135980 2143.2
1135990 2138.4
1136000 2134.6
1136010 2134.6
1136020 2131.9
1136030 2129.3
1136040 2129.3
1136050 2128.1
1136060 2126.6
1136070 2125.2
1136080 2125.2
1136090 2123.6
1136100 2121.2
1136110 2121.2
1136120 2119.3
1136130 2116.4
1136140 2116.4
1136150 2111.1
1136160 2105.9
1136170 2105.9
1136180 2108.9
1136190 2112.3
1136200 2112.3
1136210 2112.6
1136220 2112.1
1136230 2112.1
1136240 2112.3
1136250 2113.1
1136260 2113.1
1136270 2114.2
1136280 2115.8
1136290 2118.9
1136300 2118.9
1136310 2123.6
1136320 2127.1
1136330 2127.1
1136340 2128.4
1136350 2130.8
1136360 2130.8
1136370 2135.6
1136380 2140.9
1136390 2140.9
1136400 2144.7
1136410 2151.2
1136420 2151.2
1136430 2157.4
1136440 2163.9
1136450 2163.9
1136460 2166.4
1136470 2168.6
1136480 2168.6
1136490 2171.7
1136500 2176.0
1136510 2181.0
1136520 2181.0
1136530 2186.6
1136540 2193.0
1136550 2193.0
1136560 2199.2
1136570 2205.2
1136580 2205.2
1136590 2211.6
1136600 2218.0
1136610 2218.0
1136620 2224.3
1136630 2231.1
1136640 2231.1
1136650 2238.1
1136660 2245.1
1136670 2245.1
1136680 2251.7
1136690 2257.9
1136700 2257.9
1136710 2264.6
1136720 2271.3
1136730 2277.2
1136740 2277.2
1136750 2283.3
1136760 2289.6
1136770 2289.6
1136780 2295.9
1136790 2302.6
1136800 2302.6
1136810 2309.7
1136820 2317.4
1136830 2317.4
1136840 2325.3
1136850 2333.2
1136860 2333.2
1136870 2340.9
1136880 2348.2
1136890 2348.2
1136900 2355.2
1136910 2362.7
1136920 2371.1
1136930 2371.1
1136940 2379.1
1136950 2384.3
1136960 2384.3
1136970 2386.2
1136980 2388.5
1136990 2388.5
1137000 2390.8
1137010 2391.8
1137020 2391.8
1137030 2392.0
1137040 2393.0
1137050 2393.0
1137060 2395.0
1137070 2397.6
1137080 2397.6
1137090 2400.6
1137100 2403.7
1137110 2403.7
1137120 2407.1
1137130 2412.8
1137140 2421.3
1137150 2421.3
1137160 2428.1
1137170 2434.7
1137180 2434.7
1137190 2440.8
1137200 2446.2
1137210 2446.2
1137220 2451.8
1137230 2457.4
1137240 2457.4
1137250 2461.3
1137260 2463.5
1137270 2463.5
1137280 2465.2
1137290 2466.1
1137300 2466.1
1137310 2468.0
1137320 2470.0
1137330 2470.0
1137340 2472.1
1137350 2473.4
1137360 2474.8
1137370 2474.8
1137380 2474.0
1137390 2472.8
1137400 2472.8
1137410 2472.6
1137420 2473.9
1137430 2473.9
1137440 2476.2
1137450 2477.7
1137460 2477.7
1137470 2478.6
1137480 2479.1
1137490 2479.1
1137500 2481.7
1137510 2484.1
1137520 2484.1
1137530 2486.4
1137540 2486.2
1137550 2486.2
1137560 2485.7
1137570 2486.8
1137580 2489.4
1137590 2489.4
1137600 2493.4
1137610 2498.7
1137620 2498.7
1137630 2504.9
1137640 2511.6
1137650 2511.6
1137660 2518.8
1137670 2525.4
1137680 2525.4
1137690 2531.6
1137700 2537.6
1137710 2537.6
1137720 2544.3
1137730 2550.4
1137740 2550.4
1137750 2555.6
1137760 2560.1
1137770 2560.1
1137780 2564.0
1137790 2567.1
1137800 2570.1
1137810 2570.1
1137820 2572.9
1137830 2574.4
1137840 2574.4
1137850 2576.3
1137860 2576.2
1137870 2570.4
1137880 2572.6
1137890 2574.8
1137900 2574.8
1137910 2576.6
1137920 2578.5
1137930 2578.5
1137940 2580.2
1137950 2580.6
1137960 2580.6
1137970 2579.7
1137980 2578.0
1137990 2578.0
1138000 2575.7
1138010 2574.8
1138020 2576.4
1138030 2576.4
1138040 2581.1
1138050 2587.3
1138060 2587.3
1138070 2592.8
1138080 2598.3
1138090 2598.3
1138100 2603.7
1138110 2609.5
1138120 2609.5
1138130 2615.5
1138140 2622.0
1138150 2622.0
1138160 2628.6
1138170 2635.3
1138180 2635.3
1138190 2642.0
1138200 2648.9
1138210 2648.9
1138220 2655.6
1138230 2661.0
1138240 2673.9
1138250 2673.9
1138260 2682.0
1138270 2690.2
1138280 2690.2
1138290 2698.5
1138300 2705.8
1138310 2705.8
1138320 2712.7
1138330 2720.2
1138340 2720.2
1138350 2730.9
1138360 2737.9
1138370 2737.9
1138380 2740.6
1138390 2741.4
1138400 2741.4
1138410 2747.1
1138420 2757.3
1138430 2767.6
1138440 2767.6
1138450 2777.0
1138460 2785.0
1138470 2785.0
1138480 2793.1
1138490 2803.7
1138500 2803.7
1138510 2814.7
1138520 2823.6
1138530 2823.6
1138540 2829.7
1138550 2837.2
1138560 2837.2
1138570 2848.7
1138580 2860.2
1138590 2860.2
1138600 2877.1
1138610 2889.1
1138620 2889.1
1138630 2897.8
1138640 2898.4
1138650 2894.2
1138660 2894.2
1138670 2890.5
1138680 2887.0
1138690 2887.0
1138700 2883.8
1138710 2881.6
1138720 2881.6
1138730 2878.0
1138740 2875.2
1138750 2875.2
1138760 2872.2
1138770 2868.7
1138780 2868.7
1138790 2865.6
1138800 2862.2
1138810 2862.2
1138820 2860.9
1138830 2861.9
1138840 2861.9
1138850 2863.7
1138860 2865.6
1138870 2860.4
1138880 2860.4
1138890 2848.3
1138900 2840.0
1138910 2840.0
1138920 2830.3
1138930 2822.2
1138940 2822.2
1138950 2813.3
1138960 2806.7
1138970 2798.3
1138980 2789.8
1138990 2784.2
1139000 2784.2
1139010 2781.8
1139020 2778.9
1139030 2778.9
1139040 2774.9
1139050 2768.9
1139060 2768.9
1139070 2762.7
1139080 2755.7
1139090 2748.2
1139100 2748.2
1139110 2743.2
1139120 2735.1
1139130 2735.1
1139140 2723.7
1139150 2717.4
1139160 2717.4
1139170 2711.4
1139180 2706.6
1139190 2706.6
1139200 2702.1
1139210 2698.2
1139220 2698.2
1139230 2695.1
1139240 2691.9
1139250 2691.9
1139260 2683.6
1139270 2659.7
1139280 2659.7
1139290 2646.7
1139300 2637.4
1139310 2630.3
1139320 2630.3
1139330 2623.2
1139340 2614.0
1139350 2614.0
1139360 2607.8
1139370 2601.7
1139380 2601.7
1139390 2595.7
1139400 2591.4
1139410 2591.4
1139420 2587.8
1139430 2585.3
1139440 2585.3
1139450 2584.9
1139460 2584.5
1139470 2584.5
1139480 2584.4
1139490 2587.0
1139500 2587.0
1139510 2590.1
1139520 2591.6
1139530 2592.6
1139540 2592.6
1139550 2592.3
1139560 2590.8
1139570 2590.8
1139580 2591.4
1139590 2594.1
1139600 2594.1
1139610 2595.9
1139620 2597.3
1139630 2597.3
1139640 2596.9
1139650 2596.2
1139660 2596.2
1139670 2597.7
1139680 2600.0
1139690 2600.0
1139700 2600.5
1139710 2605.8
1139720 2605.8
1139730 2612.3
1139740 2617.1
1139750 2619.9
1139760 2619.9
1139770 2622.8
1139780 2624.3
1139790 2624.3
1139800 2626.9
1139810 2621.3
1139820 2621.3
1139830 2611.4
1139840 2604.1
1139850 2604.1
1139860 2597.5
1139870 2590.8
1139880 2590.8
1139890 2581.8
1139900 2574.4
1139910 2574.4
1139920 2571.6
1139930 2569.2
1139940 2569.2
1139950 2565.8
1139960 2561.6
1139970 2557.8
1139980 2557.8
1139990 2551.8
