1120000 2433.3
1120010 2425.8
1120020 2419.4
1120030 2419.4
1120040 2414.9
1120050 2411.3
1120060 2408.2
1120070 2408.2
1120080 2404.7
1120090 2400.7
1120100 2400.7
1120110 2397.2
1120120 2392.7
1120130 2392.7
1120140 2388.6
1120150 2383.7
1120160 2383.7
1120170 2376.3
1120180 2369.1
1120190 2369.1
1120200 2362.0
1120210 2354.9
1120220 2354.9
1120230 2349.0
1120240 2341.9
1120250 2341.9
1120260 2334.2
1120270 2327.6
1120280 2321.3
1120290 2321.3
1120300 2312.4
1120310 2301.4
1120320 2301.4
1120330 2288.4
1120340 2273.3
1120350 2273.3
1120360 2260.9
1120370 2247.2
1120380 2247.2
1120390 2235.6
1120400 2228.7
1120410 2228.7
1120420 2221.9
1120430 2215.4
1120440 2215.4
1120450 2208.9
1120460 2202.9
1120470 2197.8
1120480 2197.8
1120490 2193.0
1120500 2189.0
1120510 2189.0
1120520 2187.1
1120530 2187.4
1120540 2187.4
1120550 2186.5
1120560 2184.9
1120570 2184.9
1120580 2183.4
1120590 2183.5
1120600 2183.5
1120610 2182.5
1120620 2180.2
1120630 2180.2
1120640 2175.9
1120650 2172.9
1120660 2172.9
1120670 2169.4
1120680 2162.9
1120690 2157.8
1120700 2157.8
1120710 2157.9
1120720 2165.5
1120730 2165.5
1120740 2169.7
1120750 2174.6
1120760 2174.6
1120770 2180.2
1120780 2186.4
1120790 2186.4
1120800 2191.0
1120810 2194.9
1120820 2194.9
1120830 2196.0
1120840 2194.9
1120850 2194.9
1120860 2194.4
1120870 2193.1
1120880 2193.1
1120890 2190.7
1120900 2190.2
1120910 2190.2
1120920 2190.2
1120930 2190.4
1120940 2190.2
1120950 2190.2
1120960 2188.5
1120970 2186.8
1120980 2186.8
1120990 2185.4
1121000 2184.9
1121010 2184.9
1121020 2185.3
1121030 2185.1
1121040 2185.1
1121050 2184.8
1121060 2183.2
1121070 2179.3
1121080 2177.4
1121090 2174.8
1121100 2174.8
1121110 2172.9
1121120 2170.1
1121130 2167.3
1121140 2167.3
1121150 2170.6
1121160 2173.0
1121170 2173.0
1121180 2173.5
1121190 2173.6
1121200 2173.6
1121210 2170.1
1121220 2165.2
1121230 2165.2
1121240 2165.4
1121250 2165.8
1121260 2165.8
1121270 2167.0
1121280 2167.3
1121290 2167.3
1121300 2164.5
1121310 2163.1
1121320 2163.1
1121330 2162.3
1121340 2161.3
1121350 2161.2
1121360 2161.2
1121370 2161.6
1121380 2161.3
1121390 2161.3
1121400 2163.2
1121410 2173.1
1121420 2173.1
1121430 2178.6
1121440 2182.8
1121450 2182.8
1121460 2187.7
1121470 2192.2
1121480 2192.2
1121490 2196.8
1121500 2201.2
1121510 2201.2
1121520 2205.0
1121530 2209.5
1121540 2209.5
1121550 2214.3
1121560 2219.2
1121570 2223.9
1121580 2223.9
1121590 2228.2
1121600 2231.9
1121610 2231.9
1121620 2234.8
1121630 2236.8
1121640 2236.8
1121650 2238.2
1121660 2241.0
1121670 2241.0
1121680 2246.2
1121690 2252.5
1121700 2252.5
1121710 2259.2
1121720 2266.4
1121730 2266.4
1121740 2273.1
1121750 2279.3
1121760 2283.1
1121770 2289.1
1121780 2295.4
1121790 2302.3
1121800 2302.3
1121810 2309.6
1121820 2318.9
1121830 2318.9
1121840 2328.8
1121850 2339.6
1121860 2339.6
1121870 2350.2
1121880 2360.4
1121890 2360.4
1121900 2368.4
1121910 2375.2
1121920 2375.2
1121930 2382.1
1121940 2392.4
1121950 2392.4
1121960 2403.3
1121970 2415.3
1121980 2415.3
1121990 2423.9
1122000 2426.8
1122010 2429.6
1122020 2429.6
1122030 2432.5
1122040 2434.0
1122050 2434.0
1122060 2433.6
1122070 2423.8
1122080 2423.8
1122090 2412.5
1122100 2408.7
1122110 2414.0
1122120 2405.7
1122130 2397.7
1122140 2397.7
1122150 2389.0
1122160 2379.9
1122170 2379.9
1122180 2372.5
1122190 2365.2
1122200 2365.2
1122210 2357.8
1122220 2349.2
1122230 2339.2
1122240 2339.2
1122250 2323.5
1122260 2312.7
1122270 2312.7
1122280 2306.2
1122290 2298.9
1122300 2298.9
1122310 2293.8
1122320 2289.2
1122330 2289.2
1122340 2285.2
1122350 2281.6
1122360 2281.6
1122370 2278.3
1122380 2275.2
1122390 2275.2
1122400 2273.1
1122410 2270.7
1122420 2270.7
1122430 2267.4
1122440 2263.8
1122450 2261.3
1122460 2267.0
1122470 2266.2
1122480 2265.5
1122490 2265.5
1122500 2263.0
1122510 2259.7
1122520 2259.7
1122530 2256.9
1122540 2255.2
1122550 2255.2
1122560 2255.1
1122570 2255.1
1122580 2255.1
1122590 2254.8
1122600 2254.2
1122610 2254.2
1122620 2254.0
1122630 2255.5
1122640 2255.5
1122650 2258.2
1122660 2259.6
1122670 2259.0
1122680 2259.0
1122690 2261.0
1122700 2265.0
1122710 2265.0
1122720 2267.3
1122730 2267.5
1122740 2267.5
1122750 2271.7
1122760 2276.9
1122770 2276.9
1122780 2278.9
1122790 2277.9
1122800 2277.9
1122810 2281.6
1122820 2279.8
1122830 2279.8
1122840 2280.2
1122850 2280.8
1122860 2280.8
1122870 2281.2
1122880 2281.7
1122890 2283.2
1122900 2283.2
1122910 2286.7
1122920 2291.7
1122930 2291.7
1122940 2294.8
1122950 2297.7
1122960 2297.7
1122970 2300.5
1122980 2304.0
1122990 2304.0
1123000 2307.6
1123010 2310.7
1123020 2310.7
1123030 2314.1
1123040 2317.0
1123050 2317.0
1123060 2319.8
1123070 2322.3
1123080 2322.3
1123090 2324.9
1123100 2327.2
1123110 2329.3
1123120 2329.3
1123130 2331.3
1123140 2333.2
1123150 2333.2
1123160 2339.1
1123170 2342.2
1123180 2342.2
1123190 2347.9
1123200 2353.6
1123210 2353.6
1123220 2358.7
1123230 2363.9
1123240 2363.9
1123250 2372.6
1123260 2381.3
1123270 2381.3
1123280 2386.9
1123290 2393.6
1123300 2401.4
1123310 2401.4
1123320 2410.0
1123330 2418.2
1123340 2418.2
1123350 2429.1
1123360 2437.7
1123370 2437.7
1123380 2443.9
1123390 2448.7
1123400 2448.7
1123410 2454.2
1123420 2457.0
1123430 2457.0
1123440 2458.6
1123450 2460.4
1123460 2460.4
1123470 2464.7
1123480 2469.7
1123490 2469.7
1123500 2471.5
1123510 2470.6
1123520 2465.8
1123530 2465.8
1123540 2462.9
1123550 2457.6
1123560 2457.6
1123570 2449.9
1123580 2443.5
1123590 2443.5
1123600 2437.6
1123610 2433.3
1123620 2433.3
1123630 2428.3
1123640 2425.1
1123650 2425.1
1123660 2423.0
1123670 2421.9
1123680 2421.9
1123690 2420.3
1123700 2418.4
1123710 2418.4
1123720 2416.2
1123730 2414.9
1123740 2417.2
1123750 2417.2
1123760 2420.2
1123770 2422.1
1123780 2422.1
1123790 2422.5
1123800 2421.8
1123810 2421.8
1123820 2421.0
1123830 2418.3
1123840 2418.3
1123850 2415.4
1123860 2411.4
1123870 2415.8
1123880 2412.3
1123890 2407.9
1123900 2407.9
1123910 2405.7
1123920 2404.0
1123930 2404.0
1123940 2401.7
1123950 2396.6
1123960 2393.1
1123970 2393.1
1123980 2391.1
1123990 2389.3
1124000 2389.3
1124010 2389.0
1124020 2389.9
1124030 2389.9
1124040 2392.1
1124050 2394.1
1124060 2394.1
1124070 2396.9
1124080 2399.2
1124090 2399.2
1124100 2402.0
1124110 2404.8
1124120 2404.8
1124130 2407.1
1124140 2407.8
1124150 2407.8
1124160 2410.7
1124170 2413.9
1124180 2416.9
1124190 2416.9
1124200 2420.2
1124210 2422.6
1124220 2431.3
1124230 2435.2
1124240 2437.6
1124250 2437.6
1124260 2436.8
1124270 2439.0
1124280 2439.0
1124290 2443.6
1124300 2446.3
1124310 2446.3
1124320 2448.4
1124330 2450.3
1124340 2450.3
1124350 2448.2
1124360 2443.5
1124370 2443.5
1124380 2437.2
1124390 2431.4
1124400 2422.9
1124410 2422.9
1124420 2413.3
1124430 2403.4
1124440 2403.4
1124450 2395.0
1124460 2387.6
1124470 2387.6
1124480 2386.5
1124490 2387.1
1124500 2387.1
1124510 2388.6
1124520 2390.3
1124530 2390.3
1124540 2391.8
1124550 2392.8
1124560 2392.8
1124570 2395.8
1124580 2395.4
1124590 2395.4
1124600 2394.6
1124610 2395.7
1124620 2396.2
1124630 2396.2
1124640 2397.0
1124650 2399.8
1124660 2399.8
1124670 2403.1
1124680 2405.5
1124690 2405.5
1124700 2406.4
1124710 2406.8
1124720 2406.8
1124730 2407.2
1124740 2406.2
1124750 2406.2
1124760 2405.5
1124770 2404.2
1124780 2404.2
1124790 2404.0
1124800 2406.8
1124810 2406.8
1124820 2423.6
1124830 2443.9
1124840 2452.1
1124850 2452.1
1124860 2457.7
1124870 2462.7
1124880 2462.7
1124890 2469.3
1124900 2474.5
1124910 2474.5
1124920 2497.3
1124930 2505.5
1124940 2505.5
1124950 2512.7
1124960 2519.6
1124970 2519.6
1124980 2527.3
1124990 2537.0
1125000 2537.0
1125010 2545.6
1125020 2550.0
1125030 2550.0
1125040 2554.2
1125050 2557.6
1125060 2549.7
1125070 2549.7
1125080 2536.6
1125090 2527.6
1125100 2527.6
1125110 2520.3
1125120 2514.6
1125130 2514.6
1125140 2509.0
1125150 2504.1
1125160 2504.1
1125170 2501.2
1125180 2498.4
1125190 2498.4
1125200 2491.2
1125210 2483.1
1125220 2483.1
1125230 2476.3
1125240 2469.9
1125250 2469.9
1125260 2466.9
1125270 2475.8
1125280 2475.7
1125290 2475.7
1125300 2474.3
1125310 2473.3
1125320 2473.3
1125330 2471.3
1125340 2469.7
1125350 2469.7
1125360 2468.9
1125370 2468.0
1125380 2468.0
1125390 2468.0
1125400 2469.7
1125410 2469.7
1125420 2470.5
1125430 2473.5
1125440 2473.5
1125450 2478.4
1125460 2478.3
1125470 2478.3
1125480 2479.5
1125490 2475.7
1125500 2479.6
1125510 2479.6
1125520 2484.0
1125530 2479.5
1125540 2479.5
1125550 2469.4
1125560 2464.1
1125570 2464.1
1125580 2459.8
1125590 2454.3
1125600 2454.3
1125610 2447.4
1125620 2438.8
1125630 2445.3
1125640 2440.8
1125650 2436.8
1125660 2436.8
1125670 2432.2
1125680 2428.5
1125690 2428.5
1125700 2425.0
1125710 2421.8
1125720 2422.3
1125730 2422.3
1125740 2419.2
1125750 2419.0
1125760 2419.0
1125770 2419.8
1125780 2416.3
1125790 2416.3
1125800 2411.9
1125810 2412.0
1125820 2412.0
1125830 2407.7
1125840 2407.3
1125850 2407.3
1125860 2408.3
1125870 2415.0
1125880 2415.0
1125890 2419.4
1125900 2415.4
1125910 2415.4
1125920 2411.7
1125930 2418.6
1125940 2428.9
1125950 2428.9
1125960 2437.0
1125970 2443.1
1125980 2455.6
1125990 2459.6
1126000 2466.7
1126010 2466.7
1126020 2474.4
1126030 2473.8
1126040 2473.8
1126050 2474.2
1126060 2476.4
1126070 2476.4
1126080 2479.5
1126090 2483.0
1126100 2483.0
1126110 2486.1
1126120 2487.9
1126130 2488.7
1126140 2488.7
1126150 2489.7
1126160 2489.9
1126170 2489.9
1126180 2488.1
1126190 2486.0
1126200 2486.0
1126210 2482.3
1126220 2483.0
1126230 2483.0
1126240 2483.5
1126250 2482.0
1126260 2482.0
1126270 2481.8
1126280 2483.9
1126290 2483.9
1126300 2489.7
1126310 2495.0
1126320 2495.0
1126330 2498.5
1126340 2501.1
1126350 2493.0
1126360 2493.0
1126370 2484.8
1126380 2478.4
1126390 2478.4
1126400 2470.8
1126410 2467.1
1126420 2467.1
1126430 2461.8
1126440 2456.0
1126450 2456.0
1126460 2451.5
1126470 2448.1
1126480 2448.1
1126490 2451.3
1126500 2449.8
1126510 2449.8
1126520 2444.7
1126530 2440.0
1126540 2440.0
1126550 2438.1
1126560 2443.9
1126570 2445.4
1126580 2445.4
1126590 2442.7
1126600 2440.1
1126610 2440.1
1126620 2436.1
1126630 2432.2
1126640 2432.2
1126650 2428.7
1126660 2424.8
1126670 2424.8
1126680 2419.6
1126690 2417.0
1126700 2417.0
1126710 2411.5
1126720 2405.3
1126730 2405.3
1126740 2398.4
1126750 2390.5
1126760 2390.5
1126770 2382.2
1126780 2374.7
1126790 2372.9
1126800 2372.9
1126810 2372.9
1126820 2373.8
1126830 2373.8
1126840 2375.3
1126850 2378.0
1126860 2378.0
1126870 2379.7
1126880 2381.7
1126890 2381.7
1126900 2385.2
1126910 2388.4
1126920 2388.4
1126930 2392.5
1126940 2405.7
1126950 2405.7
1126960 2410.1
1126970 2414.8
1126980 2414.8
1126990 2422.4
1127000 2431.0
1127010 2452.7
1127020 2452.7
1127030 2479.5
1127040 2485.0
1127050 2485.0
1127060 2483.1
1127070 2473.2
1127080 2473.2
1127090 2462.7
1127100 2451.6
1127110 2451.6
1127120 2442.3
1127130 2434.6
1127140 2434.6
1127150 2426.8
1127160 2418.6
1127170 2418.6
1127180 2406.9
1127190 2403.5
1127200 2403.5
1127210 2400.1
1127220 2397.6
1127230 2393.4
1127240 2393.4
1127250 2387.0
1127260 2380.9
1127270 2380.9
1127280 2374.4
1127290 2373.2
1127300 2373.2
1127310 2372.5
1127320 2371.6
1127330 2371.6
1127340 2371.0
1127350 2371.3
1127360 2371.3
1127370 2371.1
1127380 2370.5
1127390 2370.5
1127400 2377.6
1127410 2377.3
1127420 2377.3
1127430 2377.1
1127440 2378.1
1127450 2380.3
1127460 2380.3
1127470 2379.3
1127480 2378.9
1127490 2378.9
1127500 2380.8
1127510 2380.4
1127520 2380.4
1127530 2377.4
1127540 2376.0
1127550 2376.0
1127560 2376.0
1127570 2376.7
1127580 2376.7
1127590 2376.8
1127600 2375.7
1127610 2375.7
1127620 2374.5
1127630 2373.3
1127640 2373.3
1127650 2371.5
1127660 2368.4
1127670 2366.5
1127680 2366.5
1127690 2366.7
1127700 2367.7
1127710 2367.7
1127720 2370.2
1127730 2373.2
1127740 2373.2
1127750 2382.3
1127760 2385.4
1127770 2385.4
1127780 2386.7
1127790 2389.1
1127800 2389.1
1127810 2392.9
1127820 2392.8
1127830 2392.8
1127840 2396.5
1127850 2397.8
1127860 2397.8
1127870 2401.2
1127880 2405.2
1127890 2406.9
1127900 2406.9
1127910 2409.0
1127920 2410.4
1127930 2410.4
1127940 2417.9
1127950 2425.2
1127960 2425.2
1127970 2429.6
1127980 2432.1
1127990 2432.1
1128000 2429.6
1128010 2425.8
1128020 2425.8
1128030 2425.6
1128040 2429.2
1128050 2429.2
1128060 2433.0
1128070 2436.8
1128080 2436.8
1128090 2443.7
1128100 2447.6
1128110 2462.0
1128120 2462.0
1128130 2466.2
1128140 2472.8
1128150 2472.8
1128160 2478.5
1128170 2479.4
1128180 2479.4
1128190 2481.4
1128200 2483.5
1128210 2483.5
1128220 2483.3
1128230 2481.9
1128240 2481.9
1128250 2477.0
1128260 2469.2
1128270 2469.2
1128280 2459.5
1128290 2450.6
1128300 2450.6
1128310 2441.5
1128320 2434.8
1128330 2424.1
1128340 2424.1
1128350 2410.7
1128360 2401.2
1128370 2401.2
1128380 2394.8
1128390 2388.5
1128400 2388.5
1128410 2382.5
1128420 2376.6
1128430 2376.6
1128440 2370.8
1128450 2365.6
1128460 2368.3
1128470 2363.8
1128480 2361.0
1128490 2361.0
1128500 2359.3
1128510 2356.5
1128520 2356.5
1128530 2354.1
1128540 2352.0
1128550 2350.5
1128560 2350.5
1128570 2349.2
1128580 2347.9
1128590 2347.9
1128600 2344.4
1128610 2342.7
1128620 2342.7
1128630 2340.3
1128640 2339.3
1128650 2339.3
1128660 2337.5
1128670 2334.0
1128680 2334.0
1128690 2332.4
1128700 2332.1
1128710 2332.1
1128720 2329.3
1128730 2326.3
1128740 2324.8
1128750 2324.8
1128760 2323.5
1128770 2322.3
1128780 2322.3
1128790 2320.9
1128800 2319.1
1128810 2319.1
1128820 2317.5
1128830 2315.2
1128840 2315.2
1128850 2312.9
1128860 2311.6
1128870 2311.6
1128880 2311.1
1128890 2311.0
1128900 2311.0
1128910 2310.5
1128920 2309.3
1128930 2309.3
1128940 2307.3
1128950 2306.6
1128960 2306.5
1128970 2306.5
1128980 2306.7
1128990 2307.2
1129000 2307.2
1129010 2308.4
1129020 2309.6
1129030 2309.6
1129040 2309.9
1129050 2312.1
1129060 2312.1
1129070 2315.9
1129080 2319.5
1129090 2319.5
1129100 2322.0
1129110 2324.4
1129120 2324.4
1129130 2325.9
1129140 2326.5
1129150 2326.5
1129160 2327.7
1129170 2329.4
1129180 2329.7
1129190 2329.7
1129200 2329.9
1129210 2330.4
1129220 2330.4
1129230 2328.9
1129240 2326.7
1129250 2326.7
1129260 2323.3
1129270 2320.8
1129280 2320.8
1129290 2318.4
1129300 2313.8
1129310 2313.8
1129320 2307.6
1129330 2302.4
1129340 2302.4
1129350 2296.9
1129360 2290.0
1129370 2290.0
1129380 2281.9
1129390 2276.1
1129400 2270.4
1129410 2270.4
1129420 2263.7
1129430 2258.1
1129440 2258.1
1129450 2253.5
1129460 2249.2
1129470 2249.2
1129480 2245.0
1129490 2240.8
1129500 2240.8
1129510 2236.5
1129520 2231.3
1129530 2231.6
1129540 2225.7
1129550 2219.8
1129560 2219.8
1129570 2214.5
1129580 2209.3
1129590 2209.3
1129600 2204.2
1129610 2200.1
1129620 2196.0
1129630 2196.0
1129640 2191.5
1129650 2188.0
1129660 2188.0
1129670 2184.8
1129680 2180.9
1129690 2180.9
1129700 2177.1
1129710 2173.5
1129720 2173.5
1129730 2170.9
1129740 2169.3
1129750 2169.3
1129760 2168.2
1129770 2167.4
1129780 2167.4
1129790 2166.3
1129800 2164.8
1129810 2164.8
1129820 2163.6
1129830 2161.4
1129840 2157.5
1129850 2157.5
1129860 2151.4
1129870 2144.8
1129880 2144.8
1129890 2139.2
1129900 2134.9
1129910 2134.9
1129920 2128.1
1129930 2120.9
1129940 2120.9
1129950 2115.4
1129960 2113.6
1129970 2113.6
1129980 2109.9
1129990 2103.1
1130000 2103.1
1130010 2099.0
1130020 2093.3
1130030 2093.3
1130040 2085.8
1130050 2079.5
1130060 2074.9
1130070 2074.9
1130080 2071.2
1130090 2067.0
1130100 2067.0
1130110 2061.4
1130120 2055.5
1130130 2055.5
1130140 2049.5
1130150 2043.4
1130160 2043.4
1130170 2037.7
1130180 2033.2
1130190 2033.2
1130200 2029.2
1130210 2023.2
1130220 2023.2
1130230 2018.3
1130240 2013.4
1130250 2010.7
1130260 2006.9
1130270 2003.4
1130280 2001.3
1130290 2001.3
1130300 1999.9
1130310 1999.0
1130320 1999.0
1130330 1997.7
1130340 1995.9
1130350 1995.9
1130360 1994.5
1130370 1992.9
1130380 1992.9
1130390 1991.1
1130400 1988.7
1130410 1988.7
1130420 1987.6
1130430 1987.1
1130440 1987.1
1130450 1987.7
1130460 1988.5
1130470 1988.5
1130480 1988.2
1130490 1988.1
1130500 1988.9
1130510 1988.9
1130520 1992.1
1130530 1996.2
1130540 1996.2
1130550 1997.6
1130560 1999.8
1130570 1999.8
1130580 2003.5
1130590 2007.4
1130600 2009.4
1130610 2014.2
1130620 2019.8
1130630 2019.8
1130640 2025.2
1130650 2030.7
1130660 2030.7
1130670 2036.5
1130680 2042.6
1130690 2042.6
1130700 2047.4
1130710 2056.2
1130720 2070.1
1130730 2070.1
1130740 2080.2
1130750 2090.8
1130760 2090.8
1130770 2107.5
1130780 2125.0
1130790 2125.0
1130800 2135.2
1130810 2147.0
1130820 2147.0
1130830 2156.9
1130840 2163.3
1130850 2163.3
1130860 2169.3
1130870 2174.5
1130880 2174.5
1130890 2180.0
1130900 2189.1
1130910 2189.1
1130920 2199.0
1130930 2206.6
1130940 2213.9
1130950 2213.9
1130960 2223.1
1130970 2226.7
1130980 2226.7
1130990 2231.7
1131000 2241.8
1131010 2241.8
1131020 2254.2
1131030 2264.5
1131040 2264.5
1131050 2277.6
1131060 2291.0
1131070 2291.0
1131080 2303.9
1131090 2312.5
1131100 2312.5
1131110 2320.1
1131120 2332.2
1131130 2332.2
1131140 2347.5
1131150 2358.2
1131160 2366.9
1131170 2366.9
1131180 2375.4
1131190 2378.7
1131200 2378.7
1131210 2380.9
1131220 2382.7
1131230 2382.7
1131240 2385.6
1131250 2386.5
1131260 2386.5
1131270 2389.6
1131280 2391.5
1131290 2391.5
1131300 2390.2
1131310 2389.3
1131320 2393.4
1131330 2393.5
1131340 2395.7
1131350 2396.9
1131360 2396.9
1131370 2396.7
1131380 2396.4
1131390 2396.4
1131400 2397.3
1131410 2399.9
1131420 2399.9
1131430 2402.2
1131440 2403.7
1131450 2403.7
1131460 2406.9
1131470 2413.6
1131480 2413.6
1131490 2417.5
1131500 2416.8
1131510 2416.8
1131520 2416.8
1131530 2417.5
1131540 2417.5
1131550 2418.1
1131560 2421.6
1131570 2427.5
1131580 2427.5
1131590 2431.3
1131600 2435.2
1131610 2435.2
1131620 2438.2
1131630 2440.5
1131640 2440.5
1131650 2443.4
1131660 2444.4
1131670 2444.4
1131680 2439.6
1131690 2440.8
1131700 2440.8
1131710 2442.5
1131720 2445.4
1131730 2445.4
1131740 2446.5
1131750 2444.3
1131760 2444.3
1131770 2441.5
1131780 2445.9
1131790 2451.1
1131800 2451.1
1131810 2450.6
1131820 2447.8
1131830 2447.8
1131840 2445.2
1131850 2444.6
1131860 2444.6
1131870 2444.6
1131880 2447.2
1131890 2447.2
1131900 2446.8
1131910 2444.6
1131920 2444.6
1131930 2448.8
1131940 2450.5
1131950 2450.5
1131960 2452.4
1131970 2448.6
1131980 2448.6
1131990 2444.9
1132000 2445.4
1132010 2448.9
1132020 2448.9
1132030 2447.4
1132040 2432.6
1132050 2432.6
1132060 2434.1
1132070 2437.2
1132080 2437.2
1132090 2438.6
1132100 2440.3
1132110 2440.3
1132120 2443.0
1132130 2445.0
1132140 2445.0
1132150 2447.5
1132160 2453.3
1132170 2453.3
1132180 2458.3
1132190 2463.1
1132200 2463.1
1132210 2465.1
1132220 2466.3
1132230 2469.6
1132240 2469.6
1132250 2473.4
1132260 2476.7
1132270 2476.7
1132280 2480.8
1132290 2488.2
1132300 2488.2
1132310 2493.4
1132320 2497.5
1132330 2497.5
1132340 2501.8
1132350 2504.8
1132360 2504.8
1132370 2506.9
1132380 2507.9
1132390 2507.9
1132400 2504.8
1132410 2506.7
1132420 2506.7
1132430 2508.7
1132440 2510.1
1132450 2511.8
1132460 2511.8
1132470 2513.6
1132480 2516.0
1132490 2516.0
1132500 2518.2
1132510 2519.9
1132520 2519.9
1132530 2522.1
1132540 2525.6
1132550 2525.6
1132560 2529.5
1132570 2533.3
1132580 2533.3
1132590 2537.7
1132600 2541.7
1132610 2541.7
1132620 2544.1
1132630 2546.5
1132640 2546.5
1132650 2550.4
1132660 2556.4
1132670 2560.1
1132680 2560.1
1132690 2561.2
1132700 2562.3
1132710 2562.3
1132720 2564.0
1132730 2563.5
1132740 2563.5
1132750 2561.2
1132760 2565.5
1132770 2565.5
1132780 2568.5
1132790 2568.0
1132800 2568.0
1132810 2568.3
1132820 2569.4
1132830 2569.4
1132840 2570.4
1132850 2572.1
1132860 2572.1
1132870 2574.6
1132880 2577.1
1132890 2581.3
1132900 2581.3
1132910 2585.6
1132920 2590.5
1132930 2590.5
1132940 2596.6
1132950 2603.6
1132960 2603.6
1132970 2610.2
1132980 2616.5
1132990 2616.5
1133000 2623.2
1133010 2630.5
1133020 2630.5
1133030 2637.7
1133040 2644.8
1133050 2644.8
1133060 2651.7
1133070 2658.3
1133080 2658.3
1133090 2664.9
1133100 2671.5
1133110 2676.4
1133120 2682.5
1133130 2687.2
1133140 2692.2
1133150 2692.2
1133160 2697.6
1133170 2703.9
1133180 2703.9
1133190 2710.0
1133200 2715.9
1133210 2715.9
1133220 2720.7
1133230 2721.0
1133240 2721.0
1133250 2718.5
1133260 2721.3
1133270 2721.3
1133280 2725.7
1133290 2726.3
1133300 2726.3
1133310 2725.7
1133320 2722.1
1133330 2709.9
1133340 2709.9
1133350 2695.8
1133360 2686.4
1133370 2686.4
1133380 2679.6
1133390 2679.0
1133400 2679.0
1133410 2671.0
1133420 2662.8
1133430 2662.8
1133440 2655.7
1133450 2646.9
1133460 2646.9
1133470 2634.7
1133480 2643.5
1133490 2643.5
1133500 2633.5
1133510 2621.4
1133520 2618.3
1133530 2618.3
1133540 2615.9
1133550 2610.5
1133560 2610.5
1133570 2604.0
1133580 2598.7
1133590 2598.7
1133600 2593.6
1133610 2589.2
1133620 2589.2
1133630 2586.1
1133640 2582.7
1133650 2582.7
1133660 2578.4
1133670 2573.6
1133680 2573.6
1133690 2569.2
1133700 2564.2
1133710 2564.2
1133720 2558.6
1133730 2553.1
1133740 2548.4
1133750 2548.4
1133760 2545.9
1133770 2543.4
1133780 2543.4
1133790 2540.1
1133800 2536.2
1133810 2536.2
1133820 2531.7
1133830 2528.2
1133840 2531.6
1133850 2527.4
1133860 2522.9
1133870 2522.9
1133880 2517.2
1133890 2512.1
1133900 2512.1
1133910 2508.9
1133920 2504.8
1133930 2504.8
1133940 2499.6
1133950 2495.7
1133960 2494.1
1133970 2494.1
1133980 2493.1
1133990 2490.3
1134000 2490.3
1134010 2486.5
1134020 2482.9
1134030 2482.9
1134040 2478.4
1134050 2472.7
1134060 2472.7
1134070 2467.8
1134080 2464.1
1134090 2464.1
1134100 2461.2
1134110 2456.9
1134120 2456.9
1134130 2452.1
1134140 2447.9
1134150 2447.9
1134160 2444.2
1134170 2441.5
1134180 2440.0
1134190 2440.0
1134200 2437.9
1134210 2436.1
1134220 2436.1
1134230 2434.3
1134240 2433.0
1134250 2433.0
1134260 2433.0
1134270 2432.5
1134280 2432.5
1134290 2432.9
1134300 2434.1
1134310 2434.1
1134320 2436.5
1134330 2439.7
1134340 2439.7
1134350 2443.6
1134360 2448.1
1134370 2448.1
1134380 2452.3
1134390 2453.6
1134400 2451.3
1134410 2451.3
1134420 2450.8
1134430 2453.0
1134440 2453.0
1134450 2455.4
1134460 2457.8
1134470 2457.8
1134480 2459.9
1134490 2461.7
1134500 2461.7
1134510 2463.4
1134520 2465.3
1134530 2465.3
1134540 2466.5
1134550 2467.8
1134560 2461.5
1134570 2463.0
1134580 2463.0
1134590 2463.0
1134600 2463.3
1134610 2463.4
1134620 2463.3
1134630 2463.3
1134640 2461.5
1134650 2458.9
1134660 2458.9
1134670 2455.8
1134680 2450.9
1134690 2450.9
1134700 2445.9
1134710 2442.2
1134720 2442.2
1134730 2438.4
1134740 2435.0
1134750 2435.0
1134760 2432.5
1134770 2430.4
1134780 2430.4
1134790 2429.9
1134800 2431.7
1134810 2431.7
1134820 2434.1
1134830 2435.3
1134840 2436.5
1134850 2436.5
1134860 2441.8
1134870 2447.9
1134880 2447.9
1134890 2448.2
1134900 2448.7
1134910 2448.7
1134920 2447.8
1134930 2440.3
1134940 2440.3
1134950 2437.9
1134960 2435.7
1134970 2435.7
1134980 2434.3
1134990 2434.8
1135000 2434.8
1135010 2434.2
1135020 2429.6
1135030 2429.6
1135040 2420.1
1135050 2408.1
1135060 2399.8
1135070 2399.8
1135080 2394.1
1135090 2391.6
1135100 2391.6
1135110 2387.1
1135120 2381.1
1135130 2381.1
1135140 2378.1
1135150 2376.7
1135160 2376.7
1135170 2373.7
1135180 2368.1
1135190 2368.1
1135200 2362.8
1135210 2359.4
1135220 2359.4
1135230 2355.1
1135240 2349.5
1135250 2349.5
1135260 2343.3
1135270 2335.4
1135280 2321.9
1135290 2320.3
1135300 2312.0
1135310 2307.1
1135320 2307.1
1135330 2301.0
1135340 2294.5
1135350 2294.5
1135360 2288.6
1135370 2283.8
1135380 2283.8
1135390 2280.9
1135400 2278.5
1135410 2278.5
1135420 2274.0
1135430 2269.6
1135440 2269.6
1135450 2266.3
1135460 2264.0
1135470 2264.0
1135480 2261.5
1135490 2257.6
1135500 2255.0
1135510 2255.0
1135520 2253.7
1135530 2251.6
1135540 2251.6
1135550 2247.8
1135560 2245.7
1135570 2245.7
1135580 2242.9
1135590 2237.9
1135600 2237.9
1135610 2229.0
1135620 2219.0
1135630 2219.0
1135640 2207.1
1135650 2200.0
1135660 2200.0
1135670 2194.5
1135680 2189.1
1135690 2183.3
1135700 2183.3
1135710 2177.5
1135720 2171.0
1135730 2171.0
1135740 2163.8
1135750 2156.3
1135760 2156.3
1135770 2147.6
1135780 2138.6
1135790 2138.6
1135800 2125.0
1135810 2112.7
1135820 2112.7
1135830 2104.8
1135840 2098.7
1135850 2098.7
1135860 2093.1
1135870 2087.9
1135880 2087.9
1135890 2082.0
1135900 2075.6
1135910 2069.2
1135920 2069.2
1135930 2063.5
1135940 2058.8
1135950 2058.8
1135960 2054.3
1135970 2050.2
1135980 2050.2
1135990 2046.7
1136000 2043.4
1136010 2043.4
1136020 2043.1
1136030 2039.2
1136040 2039.2
1136050 2035.8
1136060 2033.6
1136070 2033.6
1136080 2032.0
1136090 2031.0
1136100 2031.0
1136110 2030.9
1136120 2030.8
1136130 2031.3
1136140 2031.3
1136150 2032.7
1136160 2037.6
1136170 2037.6
1136180 2043.3
1136190 2047.4
1136200 2047.4
1136210 2051.4
1136220 2055.6
1136230 2055.6
1136240 2059.8
1136250 2064.2
1136260 2064.2
1136270 2068.6
1136280 2073.1
1136290 2073.1
1136300 2077.2
1136310 2081.1
1136320 2081.1
1136330 2085.1
1136340 2089.5
1136350 2094.0
1136360 2094.0
1136370 2099.0
1136380 2106.6
1136390 2106.6
1136400 2111.9
1136410 2117.4
1136420 2117.4
1136430 2123.0
1136440 2128.7
1136450 2128.7
1136460 2134.8
1136470 2141.5
1136480 2141.5
1136490 2148.7
1136500 2158.3
1136510 2158.3
1136520 2170.2
1136530 2184.6
1136540 2184.6
1136550 2193.9
1136560 2199.9
1136570 2206.7
1136580 2206.7
1136590 2217.0
1136600 2229.7
1136610 2229.7
1136620 2238.5
1136630 2245.1
1136640 2245.1
1136650 2250.9
1136660 2253.2
1136670 2253.2
1136680 2254.2
1136690 2262.5
1136700 2262.5
1136710 2269.3
1136720 2273.4
1136730 2273.4
1136740 2266.1
1136750 2274.5
1136760 2274.5
1136770 2279.5
1136780 2284.5
1136790 2290.4
1136800 2290.4
1136810 2298.3
1136820 2310.4
1136830 2310.4
1136840 2322.1
1136850 2329.2
1136860 2329.2
1136870 2339.0
1136880 2343.9
1136890 2343.9
1136900 2352.8
1136910 2367.0
1136920 2367.0
1136930 2377.5
1136940 2384.3
1136950 2384.3
1136960 2393.1
1136970 2399.3
1136980 2399.3
1136990 2395.1
1137000 2408.0
1137010 2425.5
1137020 2425.5
1137030 2431.5
1137040 2440.0
1137050 2440.0
1137060 2448.5
1137070 2456.7
1137080 2456.7
1137090 2465.3
1137100 2467.5
1137110 2477.6
1137120 2485.1
1137130 2492.9
1137140 2492.9
1137150 2497.5
1137160 2504.2
1137170 2504.2
1137180 2511.7
1137190 2519.0
1137200 2519.0
1137210 2525.6
1137220 2530.7
1137230 2534.7
1137240 2534.7
1137250 2537.1
1137260 2540.6
1137270 2540.6
1137280 2546.1
1137290 2554.6
1137300 2554.6
1137310 2564.9
1137320 2574.0
1137330 2574.0
1137340 2581.5
1137350 2588.5
1137360 2588.5
1137370 2595.6
1137380 2603.2
1137390 2603.2
1137400 2611.6
1137410 2620.5
1137420 2620.5
1137430 2626.1
1137440 2631.0
1137450 2636.5
1137460 2636.5
1137470 2632.5
1137480 2636.8
1137490 2636.8
1137500 2640.2
1137510 2644.0
1137520 2644.0
1137530 2646.2
1137540 2645.9
1137550 2645.9
1137560 2646.3
1137570 2645.9
1137580 2645.9
1137590 2647.5
1137600 2649.3
1137610 2649.3
1137620 2651.3
1137630 2653.6
1137640 2653.6
1137650 2656.3
1137660 2659.2
1137670 2662.1
1137680 2662.1
1137690 2664.8
1137700 2668.3
1137710 2668.3
1137720 2672.7
1137730 2678.8
1137740 2678.8
1137750 2689.2
1137760 2696.9
1137770 2696.9
1137780 2703.7
1137790 2714.0
1137800 2714.0
1137810 2719.8
1137820 2720.6
1137830 2720.6
1137840 2719.0
1137850 2721.6
1137860 2724.5
1137870 2724.5
1137880 2726.0
1137890 2725.9
1137900 2725.9
1137910 2724.9
1137920 2720.9
1137930 2720.9
1137940 2716.3
1137950 2713.2
1137960 2713.2
1137970 2713.2
1137980 2715.2
1137990 2715.2
1138000 2719.5
1138010 2720.9
1138020 2720.9
1138030 2721.5
1138040 2726.4
1138050 2726.4
1138060 2733.0
1138070 2736.1
1138080 2734.7
1138090 2734.7
1138100 2733.7
1138110 2734.9
1138120 2734.9
1138130 2736.3
1138140 2737.8
1138150 2737.8
1138160 2740.0
1138170 2742.1
1138180 2742.1
1138190 2744.8
1138200 2754.2
1138210 2754.2
1138220 2758.9
1138230 2763.6
1138240 2763.6
1138250 2767.7
1138260 2773.0
1138270 2773.0
1138280 2778.7
1138290 2783.5
1138300 2788.3
1138310 2788.3
1138320 2791.6
1138330 2794.2
1138340 2794.2
1138350 2798.0
1138360 2802.1
1138370 2802.1
1138380 2806.8
1138390 2811.1
1138400 2811.1
1138410 2816.5
1138420 2822.7
1138430 2822.7
1138440 2827.9
1138450 2832.5
1138460 2832.5
1138470 2837.2
1138480 2842.1
1138490 2842.1
1138500 2847.1
1138510 2852.5
1138520 2858.3
1138530 2858.3
1138540 2863.7
1138550 2869.3
1138560 2869.3
1138570 2881.6
1138580 2889.0
1138590 2889.0
1138600 2897.0
1138610 2902.4
1138620 2902.4
1138630 2904.0
1138640 2902.2
1138650 2902.2
1138660 2900.3
1138670 2898.9
1138680 2898.9
1138690 2898.0
1138700 2897.0
1138710 2897.0
1138720 2896.3
1138730 2896.2
1138740 2896.5
1138750 2896.5
1138760 2896.8
1138770 2897.3
1138780 2897.3
1138790 2897.6
1138800 2898.2
1138810 2898.2
1138820 2899.6
1138830 2901.5
1138840 2901.5
1138850 2903.0
1138860 2902.7
1138870 2902.7
1138880 2897.8
1138890 2890.4
1138900 2890.4
1138910 2883.0
1138920 2874.6
1138930 2874.6
1138940 2869.6
1138950 2858.9
1138960 2852.8
1138970 2852.8
1138980 2848.1
1138990 2838.1
1139000 2838.1
1139010 2827.4
1139020 2815.7
1139030 2815.7
1139040 2804.7
1139050 2794.5
1139060 2794.5
1139070 2786.1
1139080 2780.7
1139090 2780.7
1139100 2775.4
1139110 2770.9
1139120 2770.9
1139130 2767.5
1139140 2754.9
1139150 2754.9
1139160 2744.6
1139170 2739.0
1139180 2734.3
1139190 2734.3
1139200 2730.4
1139210 2726.6
1139220 2726.6
1139230 2722.2
1139240 2716.5
1139250 2716.5
1139260 2711.8
1139270 2708.8
1139280 2708.8
1139290 2706.3
1139300 2711.7
1139310 2711.7
1139320 2709.9
1139330 2707.1
1139340 2707.1
1139350 2704.4
1139360 2701.9
1139370 2701.9
1139380 2699.1
1139390 2696.8
1139400 2694.3
1139410 2694.3
1139420 2692.2
1139430 2692.0
1139440 2692.0
1139450 2693.7
1139460 2694.9
1139470 2694.9
1139480 2694.9
1139490 2691.9
1139500 2691.9
1139510 2687.8
1139520 2685.8
1139530 2685.8
1139540 2683.5
1139550 2682.2
1139560 2682.2
1139570 2681.1
1139580 2672.9
1139590 2672.9
1139600 2663.1
1139610 2653.7
1139620 2648.5
1139630 2648.5
1139640 2643.3
1139650 2639.1
1139660 2639.1
1139670 2642.2
1139680 2637.4
1139690 2637.4
1139700 2632.9
1139710 2631.9
1139720 2631.9
1139730 2632.8
1139740 2630.2
1139750 2630.2
1139760 2622.9
1139770 2618.1
1139780 2618.1
1139790 2620.0
1139800 2615.2
1139810 2610.5
1139820 2610.5
1139830 2610.2
1139840 2611.7
1139850 2611.7
1139860 2610.4
1139870 2603.4
1139880 2603.4
1139890 2592.7
1139900 2582.6
1139910 2582.6
1139920 2575.6
1139930 2571.8
1139940 2571.8
1139950 2566.4
1139960 2560.7
1139970 2560.7
1139980 2557.1
1139990 2549.8
