1120000 2200.1
1120010 2194.1
1120020 2187.9
1120030 2187.9
1120040 2182.9
1120050 2182.6
1120060 2182.6
1120070 2182.6
1120080 2173.0
1120090 2173.0
1120100 2156.3
1120110 2149.1
1120120 2144.1
1120130 2144.1
1120140 2131.2
1120150 2128.6
1120160 2128.6
1120170 2126.0
1120180 2123.8
1120190 2123.8
1120200 2120.5
1120210 2116.6
1120220 2116.6
1120230 2112.0
1120240 2107.2
1120250 2107.2
1120260 2101.8
1120270 2096.4
1120280 2096.4
1120290 2091.3
1120300 2085.9
1120310 2085.9
1120320 2085.8
1120330 2083.6
1120340 2081.9
1120350 2081.9
1120360 2081.7
1120370 2082.7
1120380 2082.7
1120390 2082.0
1120400 2080.7
1120410 2080.7
1120420 2080.7
1120430 2080.0
1120440 2080.0
1120450 2079.1
1120460 2077.3
1120470 2077.3
1120480 2076.4
1120490 2076.0
1120500 2076.0
1120510 2076.1
1120520 2076.1
1120530 2076.1
1120540 2076.1
1120550 2074.9
1120560 2074.7
1120570 2074.7
1120580 2074.3
1120590 2074.0
1120600 2074.0
1120610 2076.7
1120620 2079.1
1120630 2079.1
1120640 2079.1
1120650 2076.6
1120660 2076.6
1120670 2080.2
1120680 2080.8
1120690 2080.8
1120700 2081.7
1120710 2082.0
1120720 2082.0
1120730 2081.0
1120740 2081.6
1120750 2081.6
1120760 2082.4
1120770 2082.7
1120780 2082.3
1120790 2082.3
1120800 2080.5
1120810 2080.2
1120820 2080.2
1120830 2080.0
1120840 2079.8
1120850 2079.8
1120860 2080.6
1120870 2080.5
1120880 2080.5
1120890 2080.9
1120900 2081.1
1120910 2081.1
1120920 2081.0
1120930 2078.9
1120940 2078.9
1120950 2076.1
1120960 2073.2
1120970 2073.2
1120980 2071.7
1120990 2071.7
1121000 2069.2
1121010 2069.2
1121020 2068.7
1121030 2066.5
1121040 2066.5
1121050 2064.6
1121060 2063.6
1121070 2063.6
1121080 2062.3
1121090 2060.7
1121100 2060.7
1121110 2058.5
1121120 2056.6
1121130 2056.6
1121140 2054.5
1121150 2052.1
1121160 2052.1
1121170 2050.0
1121180 2047.5
1121190 2047.5
1121200 2043.8
1121210 2042.2
1121220 2039.2
1121230 2039.2
1121240 2036.8
1121250 2036.3
1121260 2036.3
1121270 2035.7
1121280 2035.9
1121290 2035.9
1121300 2035.9
1121310 2036.1
1121320 2036.1
1121330 2037.6
1121340 2038.0
1121350 2038.0
1121360 2037.8
1121370 2040.7
1121380 2040.7
1121390 2040.6
1121400 2040.8
1121410 2040.8
1121420 2041.4
1121430 2041.1
1121440 2043.1
1121450 2043.1
1121460 2045.0
1121470 2047.2
1121480 2047.2
1121490 2048.9
1121500 2050.5
1121510 2050.5
1121520 2051.5
1121530 2054.1
1121540 2054.1
1121550 2056.9
1121560 2059.6
1121570 2059.6
1121580 2061.3
1121590 2063.3
1121600 2063.3
1121610 2066.0
1121620 2070.0
1121630 2070.0
1121640 2074.7
1121650 2079.3
1121660 2083.6
1121670 2083.6
1121680 2087.1
1121690 2090.7
1121700 2090.7
1121710 2094.7
1121720 2108.8
1121730 2108.8
1121740 2124.8
1121750 2135.6
1121760 2135.6
1121770 2139.3
1121780 2138.4
1121790 2138.4
1121800 2138.8
1121810 2142.8
1121820 2142.8
1121830 2147.3
1121840 2149.1
1121850 2149.1
1121860 2150.2
1121870 2150.5
1121880 2150.1
1121890 2150.1
1121900 2149.3
1121910 2147.7
1121920 2147.7
1121930 2147.1
1121940 2145.5
1121950 2145.5
1121960 2143.2
1121970 2140.9
1121980 2140.9
1121990 2138.9
1122000 2138.4
1122010 2138.4
1122020 2138.5
1122030 2137.6
1122040 2137.6
1122050 2136.3
1122060 2137.1
1122070 2148.2
1122080 2148.5
1122090 2146.4
1122100 2141.4
1122110 2141.4
1122120 2141.4
1122130 2136.7
1122140 2136.7
1122150 2133.1
1122160 2128.5
1122170 2128.5
1122180 2126.5
1122190 2121.8
1122200 2121.8
1122210 2117.3
1122220 2115.5
1122230 2115.5
1122240 2113.5
1122250 2109.9
1122260 2109.9
1122270 2100.7
1122280 2092.3
1122290 2088.3
1122300 2088.3
1122310 2086.5
1122320 2083.4
1122330 2083.4
1122340 2080.3
1122350 2073.7
1122360 2073.7
1122370 2068.9
1122380 2069.8
1122390 2069.8
1122400 2074.0
1122410 2078.9
1122420 2085.7
1122430 2091.5
1122440 2096.7
1122450 2096.7
1122460 2099.8
1122470 2102.1
1122480 2102.1
1122490 2102.4
1122500 2103.8
1122510 2105.1
1122520 2105.1
1122530 2105.0
1122540 2104.2
1122550 2104.2
1122560 2104.4
1122570 2103.6
1122580 2103.6
1122590 2099.4
1122600 2097.2
1122610 2097.2
1122620 2095.8
1122630 2096.4
1122640 2096.4
1122650 2095.2
1122660 2095.5
1122670 2095.5
1122680 2093.8
1122690 2091.5
1122700 2091.5
1122710 2089.1
1122720 2087.0
1122730 2084.8
1122740 2084.8
1122750 2082.7
1122760 2082.1
1122770 2084.8
1122780 2086.6
1122790 2089.2
1122800 2089.2
1122810 2092.7
1122820 2092.7
1122830 2092.7
1122840 2091.4
1122850 2090.2
1122860 2090.2
1122870 2090.1
1122880 2090.8
1122890 2090.8
1122900 2092.3
1122910 2096.5
1122920 2096.5
1122930 2102.9
1122940 2110.6
1122950 2121.3
1122960 2121.3
1122970 2133.0
1122980 2147.3
1122990 2147.3
1123000 2157.0
1123010 2166.2
1123020 2166.2
1123030 2175.4
1123040 2184.9
1123050 2184.9
1123060 2189.3
1123070 2188.8
1123080 2188.8
1123090 2187.7
1123100 2182.6
1123110 2182.6
1123120 2192.4
1123130 2195.4
1123140 2195.4
1123150 2199.3
1123160 2204.3
1123170 2205.1
1123180 2205.1
1123190 2204.4
1123200 2205.5
1123210 2205.5
1123220 2200.0
1123230 2193.7
1123240 2193.7
1123250 2188.0
1123260 2183.2
1123270 2183.2
1123280 2175.1
1123290 2165.8
1123300 2165.8
1123310 2161.8
1123320 2159.6
1123330 2159.6
1123340 2158.2
1123350 2156.5
1123360 2156.5
1123370 2154.9
1123380 2153.0
1123390 2151.4
1123400 2151.4
1123410 2151.1
1123420 2148.4
1123430 2148.4
1123440 2144.0
1123450 2139.4
1123460 2139.4
1123470 2137.6
1123480 2133.0
1123490 2133.0
1123500 2131.1
1123510 2128.9
1123520 2128.9
1123530 2128.0
1123540 2129.0
1123550 2129.0
1123560 2130.3
1123570 2129.6
1123580 2129.6
1123590 2128.5
1123600 2130.1
1123610 2130.6
1123620 2130.6
1123630 2132.3
1123640 2134.0
1123650 2134.0
1123660 2135.9
1123670 2137.3
1123680 2137.3
1123690 2137.6
1123700 2138.8
1123710 2138.8
1123720 2140.4
1123730 2139.2
1123740 2139.2
1123750 2136.1
1123760 2133.6
1123770 2133.6
1123780 2132.2
1123790 2131.7
1123800 2131.7
1123810 2129.0
1123820 2128.8
1123830 2124.3
1123840 2124.3
1123850 2118.9
1123860 2115.7
1123870 2115.7
1123880 2116.1
1123890 2118.4
1123900 2118.4
1123910 2121.8
1123920 2124.1
1123930 2124.1
1123940 2125.0
1123950 2125.4
1123960 2125.4
1123970 2126.2
1123980 2126.0
1123990 2126.0
1124000 2128.6
1124010 2132.7
1124020 2132.7
1124030 2135.6
1124040 2138.9
1124050 2141.6
1124060 2141.6
1124070 2142.6
1124080 2140.0
1124090 2140.0
1124100 2137.4
1124110 2135.1
1124120 2135.1
1124130 2133.2
1124140 2133.4
1124150 2133.4
1124160 2134.5
1124170 2140.9
1124180 2140.9
1124190 2142.4
1124200 2146.0
1124210 2146.0
1124220 2149.8
1124230 2152.7
1124240 2152.7
1124250 2155.6
1124260 2159.8
1124270 2161.7
1124280 2161.7
1124290 2163.2
1124300 2164.4
1124310 2164.4
1124320 2163.7
1124330 2161.7
1124340 2161.7
1124350 2157.4
1124360 2150.8
1124370 2150.8
1124380 2142.4
1124390 2133.5
1124400 2133.5
1124410 2124.7
1124420 2115.9
1124430 2115.9
1124440 2109.3
1124450 2106.0
1124460 2106.0
1124470 2103.5
1124480 2101.8
1124490 2101.1
1124500 2101.1
1124510 2100.4
1124520 2109.2
1124530 2109.2
1124540 2114.3
1124550 2119.5
1124560 2119.5
1124570 2124.2
1124580 2136.2
1124590 2136.2
1124600 2146.5
1124610 2145.9
1124620 2145.9
1124630 2145.6
1124640 2145.3
1124650 2145.3
1124660 2143.3
1124670 2145.9
1124680 2145.9
1124690 2150.8
1124700 2154.9
1124710 2159.6
1124720 2159.6
1124730 2160.7
1124740 2164.3
1124750 2164.3
1124760 2173.1
1124770 2185.7
1124780 2185.7
1124790 2195.2
1124800 2207.3
1124810 2207.3
1124820 2219.1
1124830 2228.8
1124840 2228.8
1124850 2225.6
1124860 2214.9
1124870 2230.2
1124880 2211.5
1124890 2197.1
1124900 2197.1
1124910 2193.0
1124920 2190.2
1124930 2186.0
1124940 2186.0
1124950 2180.6
1124960 2176.3
1124970 2176.3
1124980 2174.3
1124990 2173.3
1125000 2173.3
1125010 2170.9
1125020 2169.3
1125030 2169.3
1125040 2170.7
1125050 2172.7
1125060 2172.7
1125070 2174.8
1125080 2177.5
1125090 2177.5
1125100 2179.2
1125110 2179.6
1125120 2179.6
1125130 2177.6
1125140 2176.7
1125150 2175.0
1125160 2175.0
1125170 2172.7
1125180 2168.0
1125190 2168.0
1125200 2166.4
1125210 2164.3
1125220 2164.3
1125230 2163.7
1125240 2162.5
1125250 2162.5
1125260 2161.3
1125270 2158.9
1125280 2158.9
1125290 2158.0
1125300 2158.6
1125310 2158.6
1125320 2159.3
1125330 2161.1
1125340 2161.1
1125350 2163.4
1125360 2165.1
1125370 2167.9
1125380 2167.9
1125390 2170.3
1125400 2172.9
1125410 2172.9
1125420 2175.1
1125430 2176.3
1125440 2176.3
1125450 2175.2
1125460 2174.9
1125470 2174.9
1125480 2174.0
1125490 2174.8
1125500 2174.8
1125510 2175.3
1125520 2177.1
1125530 2177.1
1125540 2180.2
1125550 2184.7
1125560 2184.7
1125570 2189.0
1125580 2199.0
1125590 2199.4
1125600 2199.4
1125610 2198.9
1125620 2197.6
1125630 2197.6
1125640 2195.5
1125650 2195.1
1125660 2195.1
1125670 2196.3
1125680 2196.6
1125690 2196.6
1125700 2196.7
1125710 2196.8
1125720 2196.8
1125730 2197.5
1125740 2197.7
1125750 2197.7
1125760 2196.2
1125770 2194.7
1125780 2194.7
1125790 2192.2
1125800 2188.9
1125810 2185.2
1125820 2185.2
1125830 2184.0
1125840 2184.4
1125850 2184.4
1125860 2183.3
1125870 2180.0
1125880 2180.0
1125890 2176.4
1125900 2174.5
1125910 2174.5
1125920 2175.6
1125930 2183.6
1125940 2183.6
1125950 2183.5
1125960 2182.4
1125970 2182.4
1125980 2184.1
1125990 2186.9
1126000 2186.9
1126010 2189.9
1126020 2193.3
1126030 2197.2
1126040 2197.2
1126050 2199.6
1126060 2201.7
1126070 2201.7
1126080 2203.0
1126090 2203.6
1126100 2203.6
1126110 2204.3
1126120 2206.3
1126130 2206.3
1126140 2210.3
1126150 2213.9
1126160 2213.9
1126170 2215.6
1126180 2214.7
1126190 2214.7
1126200 2213.7
1126210 2213.0
1126220 2213.0
1126230 2212.8
1126240 2212.4
1126250 2210.8
1126260 2210.8
1126270 2207.2
1126280 2204.1
1126290 2209.2
1126300 2207.7
1126310 2202.3
1126320 2202.3
1126330 2197.6
1126340 2195.0
1126350 2195.0
1126360 2194.6
1126370 2193.9
1126380 2193.9
1126390 2192.4
1126400 2190.6
1126410 2190.6
1126420 2188.6
1126430 2186.8
1126440 2190.8
1126450 2190.8
1126460 2193.7
1126470 2197.7
1126480 2197.7
1126490 2198.6
1126500 2198.3
1126510 2198.3
1126520 2197.1
1126530 2196.1
1126540 2196.1
1126550 2193.0
1126560 2189.8
1126570 2189.8
1126580 2189.5
1126590 2188.4
1126600 2188.4
1126610 2186.7
1126620 2184.9
1126630 2184.9
1126640 2185.6
1126650 2181.2
1126660 2176.0
1126670 2176.0
1126680 2169.8
1126690 2163.3
1126700 2163.3
1126710 2159.5
1126720 2157.2
1126730 2157.2
1126740 2156.2
1126750 2156.4
1126760 2156.4
1126770 2155.7
1126780 2154.7
1126790 2154.7
1126800 2155.2
1126810 2158.3
1126820 2158.3
1126830 2162.7
1126840 2167.4
1126850 2167.4
1126860 2170.7
1126870 2170.3
1126880 2166.3
1126890 2166.3
1126900 2163.9
1126910 2162.4
1126920 2162.4
1126930 2162.4
1126940 2162.7
1126950 2162.7
1126960 2164.6
1126970 2168.4
1126980 2168.4
1126990 2179.2
1127000 2179.9
1127010 2179.9
1127020 2182.4
1127030 2186.6
1127040 2186.6
1127050 2190.2
1127060 2193.0
1127070 2193.0
1127080 2193.3
1127090 2193.5
1127100 2193.5
1127110 2193.5
1127120 2194.5
1127130 2196.4
1127140 2196.4
1127150 2199.5
1127160 2203.3
1127170 2203.3
1127180 2207.9
1127190 2213.4
1127200 2213.4
1127210 2221.3
1127220 2227.8
1127230 2227.8
1127240 2232.9
1127250 2246.7
1127260 2246.7
1127270 2264.7
1127280 2278.1
1127290 2278.1
1127300 2282.8
1127310 2279.6
1127320 2274.6
1127330 2274.6
1127340 2267.9
1127350 2262.0
1127360 2262.0
1127370 2255.5
1127380 2252.4
1127390 2252.4
1127400 2248.4
1127410 2243.3
1127420 2243.3
1127430 2237.7
1127440 2234.6
1127450 2234.6
1127460 2234.1
1127470 2234.3
1127480 2234.3
1127490 2233.4
1127500 2231.3
1127510 2231.3
1127520 2227.5
1127530 2226.6
1127540 2225.5
1127550 2225.5
1127560 2223.7
1127570 2221.6
1127580 2221.6
1127590 2217.2
1127600 2211.7
1127610 2211.7
1127620 2207.1
1127630 2203.2
1127640 2203.2
1127650 2201.4
1127660 2199.5
1127670 2199.5
1127680 2198.4
1127690 2197.9
1127700 2198.4
1127710 2199.0
1127720 2200.1
1127730 2200.1
1127740 2203.2
1127750 2207.7
1127760 2211.8
1127770 2211.8
1127780 2214.8
1127790 2216.3
1127800 2216.3
1127810 2214.8
1127820 2211.5
1127830 2211.5
1127840 2208.1
1127850 2203.3
1127860 2203.3
1127870 2198.8
1127880 2196.6
1127890 2196.6
1127900 2195.8
1127910 2195.0
1127920 2195.0
1127930 2193.1
1127940 2191.8
1127950 2191.8
1127960 2192.7
1127970 2194.4
1127980 2195.9
1127990 2195.9
1128000 2197.5
1128010 2200.9
1128020 2200.9
1128030 2206.5
1128040 2213.2
1128050 2213.2
1128060 2219.2
1128070 2223.7
1128080 2223.7
1128090 2227.2
1128100 2230.4
1128110 2230.4
1128120 2233.4
1128130 2236.3
1128140 2236.3
1128150 2240.1
1128160 2243.1
1128170 2243.1
1128180 2245.6
1128190 2246.8
1128200 2247.9
1128210 2247.9
1128220 2248.9
1128230 2249.5
1128240 2249.5
1128250 2251.2
1128260 2252.9
1128270 2252.9
1128280 2254.9
1128290 2256.5
1128300 2256.5
1128310 2257.3
1128320 2256.8
1128330 2256.8
1128340 2257.4
1128350 2257.1
1128360 2257.1
1128370 2255.4
1128380 2254.4
1128390 2254.4
1128400 2253.3
1128410 2252.8
1128420 2254.5
1128430 2254.5
1128440 2253.8
1128450 2253.2
1128460 2253.2
1128470 2253.5
1128480 2254.2
1128490 2254.2
1128500 2253.9
1128510 2254.3
1128520 2254.3
1128530 2256.0
1128540 2258.9
1128550 2258.9
1128560 2262.2
1128570 2266.0
1128580 2266.0
1128590 2269.4
1128600 2272.5
1128610 2272.5
1128620 2273.9
1128630 2274.4
1128640 2273.3
1128650 2273.3
1128660 2271.9
1128670 2270.1
1128680 2270.1
1128690 2267.2
1128700 2268.5
1128710 2268.5
1128720 2271.2
1128730 2272.5
1128740 2272.5
1128750 2273.8
1128760 2275.1
1128770 2276.6
1128780 2279.7
1128790 2283.6
1128800 2283.6
1128810 2288.6
1128820 2292.2
1128830 2292.2
1128840 2292.4
1128850 2293.3
1128860 2295.4
1128870 2295.4
1128880 2295.6
1128890 2297.6
1128900 2297.6
1128910 2300.3
1128920 2302.5
1128930 2302.5
1128940 2303.3
1128950 2303.1
1128960 2303.1
1128970 2303.8
1128980 2304.3
1128990 2304.3
1129000 2305.3
1129010 2302.7
1129020 2302.7
1129030 2299.7
1129040 2300.4
1129050 2300.4
1129060 2299.3
1129070 2299.7
1129080 2300.6
1129090 2300.6
1129100 2302.1
1129110 2303.4
1129120 2303.4
1129130 2307.5
1129140 2308.5
1129150 2308.5
1129160 2307.0
1129170 2302.8
1129180 2302.8
1129190 2302.1
1129200 2301.9
1129210 2301.9
1129220 2302.1
1129230 2300.2
1129240 2300.2
1129250 2297.3
1129260 2294.8
1129270 2294.8
1129280 2293.0
1129290 2289.4
1129300 2286.4
1129310 2286.4
1129320 2284.7
1129330 2283.2
1129340 2283.2
1129350 2287.4
1129360 2292.3
1129370 2292.3
1129380 2295.1
1129390 2300.5
1129400 2300.5
1129410 2305.2
1129420 2305.9
1129430 2305.9
1129440 2307.1
1129450 2310.8
1129460 2310.8
1129470 2314.2
1129480 2316.5
1129490 2316.5
1129500 2318.1
1129510 2321.8
1129520 2323.9
1129530 2323.9
1129540 2327.5
1129550 2330.9
1129560 2330.9
1129570 2333.6
1129580 2335.4
1129590 2335.4
1129600 2337.6
1129610 2337.9
1129620 2337.9
1129630 2335.2
1129640 2336.7
1129650 2336.7
1129660 2339.3
1129670 2342.6
1129680 2342.6
1129690 2341.3
1129700 2342.3
1129710 2342.3
1129720 2341.3
1129730 2340.4
1129740 2338.2
1129750 2338.2
1129760 2332.3
1129770 2327.9
1129780 2327.9
1129790 2324.8
1129800 2321.4
1129810 2321.4
1129820 2321.2
1129830 2321.4
1129840 2319.8
1129850 2318.2
1129860 2315.2
1129870 2315.2
1129880 2311.3
1129890 2308.6
1129900 2308.6
1129910 2306.4
1129920 2302.6
1129930 2302.6
1129940 2296.5
1129950 2287.0
1129960 2276.0
1129970 2276.0
1129980 2263.9
1129990 2248.9
1130000 2248.9
1130010 2234.6
1130020 2220.7
1130030 2220.7
1130040 2211.1
1130050 2203.4
1130060 2203.4
1130070 2196.8
1130080 2189.3
1130090 2189.3
1130100 2182.6
1130110 2177.6
1130120 2177.6
1130130 2174.2
1130140 2171.3
1130150 2164.7
1130160 2164.7
1130170 2157.4
1130180 2150.6
1130190 2150.6
1130200 2148.7
1130210 2146.4
1130220 2146.4
1130230 2142.0
1130240 2137.2
1130250 2137.2
1130260 2135.9
1130270 2134.3
1130280 2134.3
1130290 2131.7
1130300 2127.0
1130310 2127.0
1130320 2122.6
1130330 2117.9
1130340 2117.9
1130350 2111.4
1130360 2105.5
1130370 2098.4
1130380 2098.4
1130390 2094.6
1130400 2093.1
1130410 2093.1
1130420 2088.4
1130430 2080.8
1130440 2080.8
1130450 2075.0
1130460 2069.9
1130470 2069.9
1130480 2062.4
1130490 2054.5
1130500 2054.5
1130510 2047.7
1130520 2041.1
1130530 2041.1
1130540 2034.4
1130550 2028.2
1130560 2026.9
1130570 2020.4
1130580 2014.3
1130590 2008.8
1130600 2008.8
1130610 2004.3
1130620 1999.8
1130630 1999.8
1130640 1995.8
1130650 1990.6
1130660 1990.6
1130670 1985.8
1130680 1982.4
1130690 1982.4
1130700 1979.3
1130710 1976.0
1130720 1976.0
1130730 1972.1
1130740 1969.4
1130750 1969.4
1130760 1967.5
1130770 1966.0
1130780 1966.0
1130790 1963.6
1130800 1961.4
1130810 1962.1
1130820 1962.1
1130830 1963.0
1130840 1964.6
1130850 1964.6
1130860 1968.3
1130870 1972.4
1130880 1972.4
1130890 1976.8
1130900 1980.9
1130910 1980.9
1130920 1989.9
1130930 1995.9
1130940 1995.9
1130950 2000.7
1130960 2003.2
1130970 2003.2
1130980 2006.3
1130990 2012.7
1131000 2012.7
1131010 2019.0
1131020 2025.3
1131030 2031.8
1131040 2031.8
1131050 2037.8
1131060 2043.2
1131070 2043.2
1131080 2049.1
1131090 2058.9
1131100 2058.9
1131110 2071.3
1131120 2075.0
1131130 2075.0
1131140 2079.7
1131150 2083.6
1131160 2083.6
1131170 2091.5
1131180 2105.7
1131190 2105.7
1131200 2116.7
1131210 2127.1
1131220 2127.1
1131230 2128.5
1131240 2142.9
1131250 2164.0
1131260 2164.0
1131270 2201.7
1131280 2214.9
1131290 2214.9
1131300 2226.2
1131310 2236.2
1131320 2236.2
1131330 2246.0
1131340 2254.9
1131350 2254.9
1131360 2262.2
1131370 2267.9
1131380 2267.9
1131390 2275.5
1131400 2286.5
1131410 2286.5
1131420 2294.6
1131430 2301.0
1131440 2301.0
1131450 2305.5
1131460 2310.0
1131470 2317.3
1131480 2317.3
1131490 2324.5
1131500 2331.8
1131510 2331.8
1131520 2339.3
1131530 2348.2
1131540 2348.2
1131550 2357.4
1131560 2372.5
1131570 2372.5
1131580 2386.9
1131590 2400.3
1131600 2400.3
1131610 2414.4
1131620 2422.9
1131630 2429.0
1131640 2438.3
1131650 2447.5
1131660 2447.5
1131670 2454.1
1131680 2458.4
1131690 2463.1
1131700 2463.1
1131710 2469.4
1131720 2475.9
1131730 2475.9
1131740 2482.2
1131750 2492.2
1131760 2492.2
1131770 2499.8
1131780 2508.1
1131790 2508.1
1131800 2514.3
1131810 2520.7
1131820 2520.7
1131830 2525.2
1131840 2518.1
1131850 2518.1
1131860 2501.0
1131870 2490.7
1131880 2490.7
1131890 2487.1
1131900 2480.7
1131910 2477.0
1131920 2477.0
1131930 2477.6
1131940 2475.5
1131950 2475.5
1131960 2466.7
1131970 2461.1
1131980 2461.1
1131990 2469.1
1132000 2467.6
1132010 2467.6
1132020 2464.9
1132030 2462.5
1132040 2462.5
1132050 2460.3
1132060 2458.2
1132070 2458.2
1132080 2455.4
1132090 2452.9
1132100 2452.9
1132110 2450.6
1132120 2444.4
1132130 2436.4
1132140 2436.4
1132150 2431.2
1132160 2427.7
1132170 2427.7
1132180 2425.5
1132190 2424.3
1132200 2424.3
1132210 2422.4
1132220 2421.6
1132230 2421.6
1132240 2421.2
1132250 2421.5
1132260 2421.5
1132270 2425.8
1132280 2430.1
1132290 2430.1
1132300 2429.9
1132310 2429.3
1132320 2429.3
1132330 2429.7
1132340 2430.2
1132350 2436.9
1132360 2436.9
1132370 2436.3
1132380 2435.2
1132390 2435.2
1132400 2434.8
1132410 2433.8
1132420 2433.8
1132430 2432.0
1132440 2432.2
1132450 2432.2
1132460 2433.0
1132470 2434.1
1132480 2434.1
1132490 2435.2
1132500 2436.7
1132510 2436.7
1132520 2438.6
1132530 2440.5
1132540 2440.5
1132550 2442.5
1132560 2444.4
1132570 2446.4
1132580 2446.4
1132590 2448.1
1132600 2449.0
1132610 2449.0
1132620 2449.5
1132630 2449.0
1132640 2449.0
1132650 2449.1
1132660 2450.7
1132670 2450.7
1132680 2452.8
1132690 2457.0
1132700 2457.0
1132710 2476.5
1132720 2493.9
1132730 2493.9
1132740 2505.9
1132750 2513.9
1132760 2513.9
1132770 2521.2
1132780 2523.3
1132790 2522.6
1132800 2522.6
1132810 2522.4
1132820 2519.2
1132830 2519.2
1132840 2517.0
1132850 2516.1
1132860 2516.1
1132870 2518.3
1132880 2521.9
1132890 2521.9
1132900 2526.4
1132910 2530.6
1132920 2530.6
1132930 2535.0
1132940 2539.1
1132950 2539.1
1132960 2544.1
1132970 2549.0
1132980 2549.0
1132990 2552.9
1133000 2557.4
1133010 2562.0
1133020 2562.0
1133030 2566.5
1133040 2571.1
1133050 2571.1
1133060 2574.7
1133070 2584.9
1133080 2584.9
1133090 2595.7
1133100 2610.6
1133110 2610.6
1133120 2624.6
1133130 2630.1
1133140 2630.1
1133150 2632.2
1133160 2640.2
1133170 2640.2
1133180 2653.3
1133190 2667.9
1133200 2667.9
1133210 2687.5
1133220 2697.5
1133230 2702.9
1133240 2702.9
1133250 2711.5
1133260 2719.4
1133270 2719.4
1133280 2723.6
1133290 2730.9
1133300 2730.9
1133310 2742.5
1133320 2754.9
1133330 2754.9
1133340 2765.0
1133350 2775.8
1133360 2775.8
1133370 2787.0
1133380 2792.4
1133390 2792.4
1133400 2789.5
1133410 2786.3
1133420 2779.5
1133430 2768.6
1133440 2760.8
1133450 2755.7
1133460 2755.7
1133470 2747.9
1133480 2732.4
1133490 2732.4
1133500 2710.7
1133510 2694.8
1133520 2694.8
1133530 2682.0
1133540 2673.7
1133550 2673.7
1133560 2670.7
1133570 2668.8
1133580 2668.8
1133590 2664.0
1133600 2659.9
1133610 2659.9
1133620 2656.0
1133630 2647.7
1133640 2638.6
1133650 2638.6
1133660 2629.2
1133670 2621.1
1133680 2621.1
1133690 2614.3
1133700 2610.1
1133710 2610.1
1133720 2609.9
1133730 2612.4
1133740 2612.4
1133750 2609.7
1133760 2604.1
1133770 2604.1
1133780 2602.2
1133790 2603.7
1133800 2598.4
1133810 2599.9
1133820 2600.4
1133830 2600.4
1133840 2599.6
1133850 2597.7
1133860 2595.4
1133870 2595.4
1133880 2592.8
1133890 2589.5
1133900 2589.5
1133910 2586.1
1133920 2583.2
1133930 2583.2
1133940 2579.6
1133950 2576.6
1133960 2576.6
1133970 2573.2
1133980 2570.4
1133990 2570.4
1134000 2568.5
1134010 2569.0
1134020 2569.0
1134030 2570.5
1134040 2573.4
1134050 2573.4
1134060 2575.7
1134070 2580.7
1134080 2601.9
1134090 2601.9
1134100 2614.3
1134110 2618.0
1134120 2618.0
1134130 2621.6
1134140 2620.9
1134150 2620.9
1134160 2612.9
1134170 2607.1
1134180 2607.1
1134190 2599.0
1134200 2587.1
1134210 2587.1
1134220 2579.8
1134230 2575.5
1134240 2575.5
1134250 2570.8
1134260 2567.7
1134270 2567.7
1134280 2566.3
1134290 2568.8
1134300 2574.8
1134310 2574.8
1134320 2576.2
1134330 2577.4
1134340 2577.4
1134350 2579.6
1134360 2580.3
1134370 2580.3
1134380 2580.4
1134390 2584.8
1134400 2584.8
1134410 2589.2
1134420 2592.2
1134430 2592.2
1134440 2594.8
1134450 2597.0
1134460 2597.0
1134470 2595.2
1134480 2595.1
1134490 2595.1
1134500 2594.7
1134510 2594.0
1134520 2587.4
1134530 2587.4
1134540 2584.8
1134550 2582.7
1134560 2582.7
1134570 2580.5
1134580 2580.4
1134590 2580.4
1134600 2581.9
1134610 2583.5
1134620 2583.5
1134630 2584.4
1134640 2583.3
1134650 2583.3
1134660 2579.3
1134670 2572.9
1134680 2572.9
1134690 2563.5
1134700 2553.9
1134710 2553.9
1134720 2540.5
1134730 2530.5
1134740 2522.5
1134750 2522.5
1134760 2512.1
1134770 2504.3
1134780 2504.3
1134790 2502.2
1134800 2500.7
1134810 2500.7
1134820 2498.5
1134830 2495.4
1134840 2495.4
1134850 2491.3
1134860 2484.7
1134870 2484.7
1134880 2490.6
1134890 2487.3
1134900 2487.3
1134910 2477.2
1134920 2462.7
1134930 2462.7
1134940 2453.3
1134950 2442.6
1134960 2430.0
1134970 2430.0
1134980 2420.9
1134990 2414.3
1135000 2414.3
1135010 2407.7
1135020 2401.8
1135030 2401.8
1135040 2396.8
1135050 2392.4
1135060 2392.4
1135070 2388.4
1135080 2385.4
1135090 2385.4
1135100 2382.2
1135110 2379.0
1135120 2379.0
1135130 2375.3
1135140 2372.4
1135150 2372.4
1135160 2369.3
1135170 2366.3
1135180 2362.4
1135190 2362.4
1135200 2357.7
1135210 2352.7
1135220 2352.7
1135230 2347.8
1135240 2337.0
1135250 2337.0
1135260 2332.3
1135270 2327.7
1135280 2327.7
1135290 2322.9
1135300 2317.6
1135310 2317.6
1135320 2311.4
1135330 2303.9
1135340 2303.9
1135350 2293.9
1135360 2283.6
1135370 2283.6
1135380 2273.7
1135390 2265.1
1135400 2258.1
1135410 2258.1
1135420 2251.6
1135430 2245.7
1135440 2245.7
1135450 2239.4
1135460 2232.6
1135470 2232.6
1135480 2225.4
1135490 2218.5
1135500 2218.5
1135510 2212.0
1135520 2205.5
1135530 2205.5
1135540 2198.2
1135550 2190.3
1135560 2190.3
1135570 2182.3
1135580 2173.9
1135590 2173.9
1135600 2164.0
1135610 2159.0
1135620 2152.4
1135630 2152.4
1135640 2144.8
1135650 2132.9
1135660 2132.9
1135670 2127.5
1135680 2121.2
1135690 2121.2
1135700 2114.2
1135710 2109.2
1135720 2109.2
1135730 2103.3
1135740 2093.1
1135750 2093.1
1135760 2080.4
1135770 2071.8
1135780 2071.8
1135790 2064.9
1135800 2055.3
1135810 2055.3
1135820 2046.6
1135830 2041.9
1135840 2037.8
1135850 2037.8
1135860 2034.0
1135870 2030.5
1135880 2030.5
1135890 2027.3
1135900 2024.4
1135910 2024.4
1135920 2021.6
1135930 2019.3
1135940 2019.3
1135950 2017.3
1135960 2015.1
1135970 2015.9
1135980 2013.9
1135990 2012.1
1136000 2012.1
1136010 2012.0
1136020 2013.6
1136030 2013.6
1136040 2014.7
1136050 2015.4
1136060 2016.2
1136070 2016.2
1136080 2017.5
1136090 2019.2
1136100 2019.2
1136110 2020.9
1136120 2022.6
1136130 2022.6
1136140 2024.3
1136150 2026.5
1136160 2026.5
1136170 2029.4
1136180 2032.9
1136190 2032.9
1136200 2035.5
1136210 2038.2
1136220 2038.2
1136230 2041.5
1136240 2046.3
1136250 2051.5
1136260 2051.5
1136270 2054.6
1136280 2057.7
1136290 2057.7
1136300 2061.4
1136310 2065.3
1136320 2065.3
1136330 2071.0
1136340 2075.1
1136350 2075.1
1136360 2079.6
1136370 2085.3
1136380 2085.3
1136390 2091.5
1136400 2102.9
1136410 2102.9
1136420 2119.0
1136430 2126.2
1136440 2126.2
1136450 2132.4
1136460 2142.3
1136470 2151.0
1136480 2151.0
1136490 2159.7
1136500 2166.6
1136510 2166.6
1136520 2173.9
1136530 2181.4
1136540 2181.4
1136550 2187.8
1136560 2192.9
1136570 2192.9
1136580 2197.3
1136590 2204.7
1136600 2204.7
1136610 2209.1
1136620 2213.6
1136630 2213.6
1136640 2220.2
1136650 2227.1
1136660 2227.1
1136670 2236.0
1136680 2243.3
1136690 2251.5
1136700 2258.8
1136710 2266.2
1136720 2275.3
1136730 2275.3
1136740 2283.6
1136750 2290.7
1136760 2290.7
1136770 2299.4
1136780 2310.1
1136790 2310.1
1136800 2320.9
1136810 2329.0
1136820 2329.0
1136830 2337.1
1136840 2346.3
1136850 2346.3
1136860 2355.6
1136870 2365.3
1136880 2365.3
1136890 2372.3
1136900 2377.1
1136910 2380.3
1136920 2380.3
1136930 2382.7
1136940 2387.5
1136950 2387.5
1136960 2393.7
1136970 2399.4
1136980 2399.4
1136990 2405.7
1137000 2412.8
1137010 2412.8
1137020 2420.4
1137030 2428.1
1137040 2428.1
1137050 2436.0
1137060 2446.3
1137070 2446.3
1137080 2454.7
1137090 2463.8
1137100 2463.8
1137110 2472.5
1137120 2479.4
1137130 2484.0
1137140 2484.0
1137150 2489.0
1137160 2494.8
1137170 2494.8
1137180 2500.0
1137190 2504.3
1137200 2504.3
1137210 2509.5
1137220 2515.6
1137230 2515.6
1137240 2519.4
1137250 2520.4
1137260 2520.4
1137270 2521.1
1137280 2523.5
1137290 2523.5
1137300 2527.4
1137310 2533.1
1137320 2533.1
1137330 2537.2
1137340 2540.3
1137350 2544.3
1137360 2544.3
1137370 2548.1
1137380 2550.9
1137390 2550.9
1137400 2553.5
1137410 2555.9
1137420 2555.9
1137430 2558.8
1137440 2563.6
1137450 2563.6
1137460 2567.8
1137470 2570.8
1137480 2570.8
1137490 2573.3
1137500 2575.8
1137510 2575.8
1137520 2578.4
1137530 2580.9
1137540 2580.9
1137550 2582.1
1137560 2583.0
1137570 2583.5
1137580 2583.5
1137590 2583.5
1137600 2583.4
1137610 2583.4
1137620 2583.9
1137630 2584.1
1137640 2584.1
1137650 2585.3
1137660 2588.5
1137670 2588.5
1137680 2593.1
1137690 2598.7
1137700 2598.7
1137710 2601.4
1137720 2601.5
1137730 2601.5
1137740 2602.5
1137750 2604.0
1137760 2604.0
1137770 2603.5
1137780 2604.4
1137790 2608.3
1137800 2608.3
1137810 2609.8
1137820 2608.4
1137830 2608.4
1137840 2605.7
1137850 2602.1
1137860 2602.1
1137870 2599.5
1137880 2599.0
1137890 2599.0
1137900 2599.8
1137910 2603.3
1137920 2603.3
1137930 2607.1
1137940 2609.9
1137950 2609.9
1137960 2612.9
1137970 2617.3
1137980 2617.3
1137990 2622.6
1138000 2628.2
1138010 2634.0
1138020 2634.0
1138030 2641.5
1138040 2650.5
1138050 2650.5
1138060 2664.6
1138070 2677.5
1138080 2677.5
1138090 2686.4
1138100 2695.9
1138110 2695.9
1138120 2705.4
1138130 2715.7
1138140 2715.7
1138150 2724.9
1138160 2721.5
1138170 2721.5
1138180 2727.6
1138190 2733.0
1138200 2733.0
1138210 2739.7
1138220 2746.1
1138230 2757.0
1138240 2757.0
1138250 2765.9
1138260 2774.2
1138270 2774.2
1138280 2783.2
1138290 2794.9
1138300 2794.9
1138310 2803.6
1138320 2811.9
1138330 2811.9
1138340 2821.3
1138350 2829.2
1138360 2829.2
1138370 2832.4
1138380 2825.8
1138390 2825.8
1138400 2819.4
1138410 2816.5
1138420 2816.5
1138430 2813.8
1138440 2808.8
1138450 2800.8
1138460 2800.8
1138470 2794.3
1138480 2789.9
1138490 2789.9
1138500 2787.4
1138510 2785.5
1138520 2793.0
1138530 2792.0
1138540 2791.4
1138550 2791.4
1138560 2790.4
1138570 2790.5
1138580 2790.5
1138590 2791.8
1138600 2793.4
1138610 2793.4
1138620 2795.2
1138630 2797.7
1138640 2797.7
1138650 2800.0
1138660 2803.1
1138670 2805.7
1138680 2805.7
1138690 2808.3
1138700 2810.1
1138710 2810.1
1138720 2812.5
1138730 2816.5
1138740 2816.5
1138750 2820.7
1138760 2823.9
1138770 2823.9
1138780 2827.7
1138790 2831.0
1138800 2831.0
1138810 2833.3
1138820 2835.6
1138830 2835.6
1138840 2838.1
1138850 2840.5
1138860 2844.7
1138870 2844.7
1138880 2849.7
1138890 2861.1
1138900 2861.1
1138910 2866.4
1138920 2873.4
1138930 2873.4
1138940 2886.1
1138950 2900.0
1138960 2900.0
1138970 2918.0
1138980 2926.6
1138990 2926.6
1139000 2912.3
1139010 2899.9
1139020 2899.9
1139030 2882.5
1139040 2864.6
1139050 2864.6
1139060 2852.3
1139070 2840.0
1139080 2836.0
1139090 2836.0
1139100 2837.8
1139110 2837.8
1139120 2837.8
1139130 2832.8
1139140 2821.6
1139150 2821.6
1139160 2810.4
1139170 2800.2
1139180 2800.2
1139190 2790.0
1139200 2777.5
1139210 2777.5
1139220 2763.5
1139230 2756.3
1139240 2756.3
1139250 2750.6
1139260 2740.7
1139270 2740.7
1139280 2734.7
1139290 2729.4
1139300 2724.7
1139310 2724.7
1139320 2719.3
1139330 2713.4
1139340 2713.4
1139350 2708.0
1139360 2703.2
1139370 2703.2
1139380 2699.4
1139390 2695.1
1139400 2695.1
1139410 2690.7
1139420 2686.2
1139430 2686.2
1139440 2681.7
1139450 2677.8
1139460 2677.8
1139470 2673.8
1139480 2668.9
1139490 2668.9
1139500 2663.9
1139510 2659.3
1139520 2655.1
1139530 2655.1
1139540 2651.2
1139550 2647.3
1139560 2647.3
1139570 2643.2
1139580 2639.0
1139590 2639.0
1139600 2635.9
1139610 2634.1
1139620 2628.4
1139630 2627.0
1139640 2624.4
1139650 2624.4
1139660 2621.1
1139670 2617.7
1139680 2617.7
1139690 2614.1
1139700 2610.4
1139710 2610.4
1139720 2606.6
1139730 2602.4
1139740 2597.9
1139750 2597.9
1139760 2593.4
1139770 2589.1
1139780 2589.1
1139790 2584.4
1139800 2579.5
1139810 2579.5
1139820 2575.1
1139830 2570.9
1139840 2570.9
1139850 2566.8
1139860 2562.8
1139870 2562.8
1139880 2558.6
1139890 2554.2
1139900 2554.2
1139910 2549.9
1139920 2545.9
1139930 2545.9
1139940 2542.1
1139950 2538.7
1139960 2535.0
1139970 2535.0
1139980 2531.8
1139990 2524.3
