1120000 1887.7
1120010 1887.7
1120020 1885.9
1120030 1885.3
1120040 1885.9
1120050 1885.9
1120060 1887.4
1120070 1889.5
1120080 1889.5
1120090 1891.1
1120100 1892.2
1120110 1892.2
1120120 1893.6
1120130 1894.4
1120140 1894.4
1120150 1893.8
1120160 1892.4
1120170 1892.4
1120180 1889.7
1120190 1887.6
1120200 1887.6
1120210 1885.1
1120220 1883.5
1120230 1883.5
1120240 1882.0
1120250 1886.2
1120260 1884.8
1120270 1884.8
1120280 1884.0
1120290 1883.5
1120300 1883.5
1120310 1882.8
1120320 1882.8
1120330 1882.8
1120340 1882.5
1120350 1882.2
1120360 1882.2
1120370 1882.6
1120380 1883.1
1120390 1883.1
1120400 1882.8
1120410 1882.6
1120420 1882.6
1120430 1882.3
1120440 1881.9
1120450 1881.9
1120460 1883.8
1120470 1885.5
1120480 1886.8
1120490 1886.8
1120500 1887.6
1120510 1887.5
1120520 1887.5
1120530 1888.5
1120540 1890.7
1120550 1890.7
1120560 1892.3
1120570 1894.5
1120580 1894.5
1120590 1901.8
1120600 1904.0
1120610 1904.0
1120620 1905.0
1120630 1904.3
1120640 1904.3
1120650 1902.6
1120660 1901.9
1120670 1901.9
1120680 1902.0
1120690 1900.5
1120700 1899.1
1120710 1899.1
1120720 1897.8
1120730 1897.9
1120740 1897.9
1120750 1898.1
1120760 1897.5
1120770 1897.5
1120780 1895.2
1120790 1894.3
1120800 1894.3
1120810 1895.1
1120820 1896.2
1120830 1896.2
1120840 1895.7
1120850 1893.8
1120860 1893.8
1120870 1890.9
1120880 1888.4
1120890 1888.4
1120900 1885.1
1120910 1881.9
1120920 1879.4
1120930 1879.4
1120940 1886.2
1120950 1886.0
1120960 1886.0
1120970 1883.2
1120980 1880.4
1120990 1880.4
1121000 1876.1
1121010 1872.4
1121020 1872.4
1121030 1871.3
1121040 1870.2
1121050 1870.2
1121060 1868.2
1121070 1867.8
1121080 1867.8
1121090 1864.9
1121100 1858.8
1121110 1858.8
1121120 1856.4
1121130 1855.6
1121140 1856.2
1121150 1856.2
1121160 1856.0
1121170 1854.0
1121180 1854.0
1121190 1853.1
1121200 1851.4
1121210 1851.4
1121220 1853.6
1121230 1854.0
1121240 1854.0
1121250 1850.8
1121260 1851.1
1121270 1851.1
1121280 1851.9
1121290 1858.4
1121300 1858.4
1121310 1859.8
1121320 1861.3
1121330 1861.3
1121340 1863.5
1121350 1866.3
1121360 1870.0
1121370 1870.0
1121380 1874.3
1121390 1875.9
1121400 1875.9
1121410 1875.1
1121420 1874.6
1121430 1874.6
1121440 1875.4
1121450 1875.9
1121460 1875.9
1121470 1873.5
1121480 1874.5
1121490 1874.5
1121500 1874.7
1121510 1874.0
1121520 1874.0
1121530 1870.8
1121540 1867.3
1121550 1867.3
1121560 1866.0
1121570 1869.8
1121580 1873.9
1121590 1873.9
1121600 1876.4
1121610 1879.0
1121620 1879.0
1121630 1882.3
1121640 1887.4
1121650 1887.4
1121660 1887.1
1121670 1883.2
1121680 1883.2
1121690 1877.4
1121700 1871.8
1121710 1871.8
1121720 1867.2
1121730 1866.0
1121740 1866.0
1121750 1864.3
1121760 1862.3
1121770 1862.3
1121780 1860.4
1121790 1859.5
1121800 1860.3
1121810 1860.3
1121820 1861.4
1121830 1862.7
1121840 1862.7
1121850 1864.6
1121860 1866.5
1121870 1866.5
1121880 1869.3
1121890 1871.6
1121900 1871.6
1121910 1873.6
1121920 1875.3
1121930 1875.3
1121940 1876.0
1121950 1876.1
1121960 1876.1
1121970 1876.8
1121980 1878.0
1121990 1881.6
1122000 1882.2
1122010 1882.5
1122020 1881.3
1122030 1881.3
1122040 1880.6
1122050 1879.9
1122060 1879.9
1122070 1878.2
1122080 1875.9
1122090 1875.9
1122100 1874.6
1122110 1874.3
1122120 1874.3
1122130 1875.8
1122140 1876.5
1122150 1876.5
1122160 1875.4
1122170 1873.6
1122180 1873.6
1122190 1869.7
1122200 1866.6
1122210 1866.6
1122220 1866.0
1122230 1866.8
1122240 1867.8
1122250 1867.8
1122260 1869.7
1122270 1872.3
1122280 1872.3
1122290 1876.8
1122300 1880.6
1122310 1880.6
1122320 1883.5
1122330 1884.4
1122340 1884.7
1122350 1882.5
1122360 1881.7
1122370 1881.7
1122380 1881.2
1122390 1879.7
1122400 1879.7
1122410 1876.8
1122420 1874.9
1122430 1874.9
1122440 1873.7
1122450 1872.6
1122460 1872.8
1122470 1872.8
1122480 1873.8
1122490 1874.8
1122500 1874.8
1122510 1876.0
1122520 1877.4
1122530 1877.4
1122540 1877.8
1122550 1878.0
1122560 1878.0
1122570 1878.0
1122580 1878.3
1122590 1878.3
1122600 1877.6
1122610 1875.4
1122620 1875.4
1122630 1873.8
1122640 1871.7
1122650 1871.7
1122660 1868.7
1122670 1867.2
1122680 1867.9
1122690 1874.2
1122700 1875.8
1122710 1876.9
1122720 1876.9
1122730 1878.2
1122740 1877.5
1122750 1877.5
1122760 1876.7
1122770 1873.8
1122780 1873.8
1122790 1869.9
1122800 1865.3
1122810 1865.3
1122820 1860.5
1122830 1858.7
1122840 1858.7
1122850 1857.9
1122860 1856.6
1122870 1856.6
1122880 1856.7
1122890 1857.2
1122900 1857.4
1122910 1857.4
1122920 1855.7
1122930 1854.1
1122940 1854.1
1122950 1853.1
1122960 1852.9
1122970 1852.9
1122980 1852.2
1122990 1850.7
1123000 1850.7
1123010 1848.3
1123020 1845.7
1123030 1845.7
1123040 1848.9
1123050 1845.2
1123060 1845.2
1123070 1843.4
1123080 1844.9
1123090 1844.9
1123100 1845.8
1123110 1844.4
1123120 1843.0
1123130 1843.0
1123140 1843.4
1123150 1844.1
1123160 1844.1
1123170 1845.1
1123180 1844.9
1123190 1844.9
1123200 1844.4
1123210 1843.7
1123220 1843.7
1123230 1844.1
1123240 1843.9
1123250 1843.9
1123260 1845.0
1123270 1844.3
1123280 1844.3
1123290 1844.3
1123300 1844.8
1123310 1844.8
1123320 1844.3
1123330 1842.5
1123340 1841.7
1123350 1841.7
1123360 1842.1
1123370 1842.1
1123380 1842.1
1123390 1845.9
1123400 1846.3
1123410 1846.3
1123420 1847.5
1123430 1848.2
1123440 1848.2
1123450 1848.0
1123460 1848.0
1123470 1848.0
1123480 1847.8
1123490 1847.2
1123500 1847.2
1123510 1846.0
1123520 1844.2
1123530 1844.2
1123540 1842.6
1123550 1841.2
1123560 1840.2
1123570 1840.2
1123580 1839.9
1123590 1840.0
1123600 1840.0
1123610 1840.2
1123620 1840.4
1123630 1840.4
1123640 1840.5
1123650 1840.4
1123660 1840.4
1123670 1837.9
1123680 1833.4
1123690 1833.4
1123700 1834.8
1123710 1839.7
1123720 1839.7
1123730 1840.8
1123740 1845.9
1123750 1845.9
1123760 1844.8
1123770 1843.3
1123780 1840.5
1123790 1840.5
1123800 1838.4
1123810 1840.7
1123820 1840.7
1123830 1843.4
1123840 1845.9
1123850 1845.9
1123860 1846.4
1123870 1845.9
1123880 1845.9
1123890 1844.5
1123900 1843.4
1123910 1843.4
1123920 1844.1
1123930 1844.3
1123940 1844.3
1123950 1843.2
1123960 1841.1
1123970 1841.1
1123980 1839.7
1123990 1838.6
1124000 1836.9
1124010 1836.9
1124020 1835.4
1124030 1834.7
1124040 1834.7
1124050 1834.1
1124060 1833.7
1124070 1833.7
1124080 1833.4
1124090 1839.4
1124100 1839.4
1124110 1838.4
1124120 1837.5
1124130 1837.5
1124140 1836.8
1124150 1836.2
1124160 1836.2
1124170 1835.3
1124180 1833.5
1124190 1833.5
1124200 1829.1
1124210 1827.4
1124220 1829.5
1124230 1829.5
1124240 1830.6
1124250 1831.9
1124260 1831.9
1124270 1831.9
1124280 1831.0
1124290 1831.0
1124300 1829.2
1124310 1827.8
1124320 1827.8
1124330 1826.4
1124340 1825.7
1124350 1825.7
1124360 1824.6
1124370 1823.6
1124380 1823.6
1124390 1823.2
1124400 1822.3
1124410 1822.3
1124420 1820.7
1124430 1818.8
1124440 1818.8
1124450 1825.5
1124460 1827.4
1124470 1829.4
1124480 1829.4
1124490 1829.3
1124500 1826.4
1124510 1826.4
1124520 1820.6
1124530 1817.7
1124540 1817.7
1124550 1818.0
1124560 1816.7
1124570 1816.7
1124580 1815.1
1124590 1816.0
1124600 1816.0
1124610 1816.3
1124620 1816.2
1124630 1816.2
1124640 1816.7
1124650 1816.5
1124660 1815.1
1124670 1815.1
1124680 1814.1
1124690 1812.2
1124700 1812.2
1124710 1809.8
1124720 1810.4
1124730 1810.4
1124740 1810.7
1124750 1811.0
1124760 1811.0
1124770 1811.4
1124780 1810.9
1124790 1810.9
1124800 1815.8
1124810 1814.2
1124820 1814.2
1124830 1812.5
1124840 1810.0
1124850 1810.0
1124860 1807.2
1124870 1806.1
1124880 1806.5
1124890 1806.5
1124900 1809.6
1124910 1812.6
1124920 1812.6
1124930 1814.0
1124940 1814.5
1124950 1814.5
1124960 1815.5
1124970 1816.3
1124980 1816.3
1124990 1816.9
1125000 1815.5
1125010 1815.5
1125020 1812.8
1125030 1811.7
1125040 1811.7
1125050 1809.9
1125060 1808.0
1125070 1808.0
1125080 1805.9
1125090 1805.4
1125100 1805.2
1125110 1805.2
1125120 1806.6
1125130 1807.6
1125140 1807.6
1125150 1811.5
1125160 1809.8
1125170 1809.8
1125180 1811.3
1125190 1813.0
1125200 1813.0
1125210 1815.9
1125220 1817.5
1125230 1817.5
1125240 1817.8
1125250 1817.2
1125260 1817.2
1125270 1817.3
1125280 1818.2
1125290 1818.2
1125300 1821.3
1125310 1825.0
1125320 1828.3
1125330 1828.3
1125340 1831.1
1125350 1833.2
1125360 1833.2
1125370 1834.2
1125380 1833.1
1125390 1833.1
1125400 1832.6
1125410 1834.9
1125420 1834.9
1125430 1836.2
1125440 1836.6
1125450 1836.6
1125460 1835.8
1125470 1836.5
1125480 1836.5
1125490 1838.0
1125500 1845.7
1125510 1845.7
1125520 1848.3
1125530 1847.8
1125540 1850.4
1125550 1850.4
1125560 1852.6
1125570 1854.6
1125580 1854.6
1125590 1854.4
1125600 1853.8
1125610 1853.8
1125620 1852.3
1125630 1851.7
1125640 1851.7
1125650 1850.8
1125660 1849.1
1125670 1849.1
1125680 1848.5
1125690 1851.3
1125700 1851.3
1125710 1850.7
1125720 1854.5
1125730 1854.5
1125740 1854.9
1125750 1855.3
1125760 1856.4
1125770 1856.4
1125780 1855.8
1125790 1853.2
1125800 1853.2
1125810 1852.6
1125820 1854.8
1125830 1854.8
1125840 1854.8
1125850 1854.8
1125860 1861.6
1125870 1862.3
1125880 1861.6
1125890 1861.6
1125900 1861.0
1125910 1860.2
1125920 1860.2
1125930 1863.1
1125940 1864.5
1125950 1864.5
1125960 1866.9
1125970 1868.4
1125980 1868.2
1125990 1868.2
1126000 1868.5
1126010 1870.5
1126020 1870.5
1126030 1872.8
1126040 1873.5
1126050 1873.5
1126060 1874.5
1126070 1877.3
1126080 1877.3
1126090 1878.7
1126100 1879.8
1126110 1879.8
1126120 1881.8
1126130 1883.4
1126140 1883.4
1126150 1885.4
1126160 1888.4
1126170 1888.4
1126180 1890.3
1126190 1891.9
1126200 1894.0
1126210 1900.2
1126220 1902.0
1126230 1903.6
1126240 1903.6
1126250 1906.3
1126260 1908.6
1126270 1908.6
1126280 1910.0
1126290 1910.8
1126300 1910.8
1126310 1912.0
1126320 1913.1
1126330 1913.1
1126340 1914.5
1126350 1915.0
1126360 1915.0
1126370 1914.5
1126380 1915.3
1126390 1915.3
1126400 1916.5
1126410 1916.8
1126420 1917.4
1126430 1917.4
1126440 1918.8
1126450 1920.6
1126460 1920.6
1126470 1921.5
1126480 1922.7
1126490 1922.7
1126500 1923.6
1126510 1925.1
1126520 1925.1
1126530 1926.5
1126540 1928.8
1126550 1928.8
1126560 1934.5
1126570 1934.5
1126580 1934.5
1126590 1932.1
1126600 1934.1
1126610 1934.1
1126620 1938.4
1126630 1939.2
1126640 1939.5
1126650 1939.5
1126660 1939.9
1126670 1941.9
1126680 1941.9
1126690 1943.3
1126700 1943.4
1126710 1943.4
1126720 1941.3
1126730 1938.6
1126740 1938.6
1126750 1937.7
1126760 1938.0
1126770 1938.0
1126780 1937.6
1126790 1936.4
1126800 1936.4
1126810 1935.6
1126820 1935.5
1126830 1935.5
1126840 1935.3
1126850 1935.9
1126860 1937.4
1126870 1937.4
1126880 1939.1
1126890 1942.5
1126900 1942.5
1126910 1948.2
1126920 1968.0
1126930 1968.0
1126940 1970.3
1126950 1972.5
1126960 1972.5
1126970 1972.7
1126980 1968.4
1126990 1968.4
1127000 1963.6
1127010 1958.7
1127020 1958.7
1127030 1956.0
1127040 1953.6
1127050 1953.6
1127060 1954.6
1127070 1956.3
1127080 1955.8
1127090 1955.8
1127100 1955.1
1127110 1955.6
1127120 1955.6
1127130 1956.0
1127140 1958.0
1127150 1958.0
1127160 1962.0
1127170 1965.2
1127180 1965.2
1127190 1969.9
1127200 1977.4
1127210 1977.4
1127220 1984.6
1127230 1988.8
1127240 1988.8
1127250 1989.4
1127260 1988.4
1127270 1996.9
1127280 1995.0
1127290 1992.1
1127300 1990.7
1127310 1990.7
1127320 1990.6
1127330 1989.0
1127340 1989.0
1127350 1986.7
1127360 1985.1
1127370 1985.1
1127380 1986.9
1127390 1988.3
1127400 1988.3
1127410 1989.7
1127420 1990.7
1127430 1990.7
1127440 1991.9
1127450 1992.2
1127460 1992.2
1127470 1989.3
1127480 1984.5
1127490 1984.5
1127500 1983.0
1127510 1984.2
1127520 1981.3
1127530 1981.3
1127540 1980.5
1127550 1978.0
1127560 1978.0
1127570 1976.6
1127580 1974.1
1127590 1974.1
1127600 1969.6
1127610 1966.7
1127620 1966.7
1127630 1979.2
1127640 1981.1
1127650 1981.1
1127660 1984.3
1127670 1985.6
1127680 1985.6
1127690 1986.4
1127700 1987.5
1127710 1987.5
1127720 1988.6
1127730 1991.0
1127740 1995.4
1127750 1995.4
1127760 2000.1
1127770 2005.1
1127780 2005.1
1127790 2008.6
1127800 2010.9
1127810 2010.9
1127820 2012.6
1127830 2013.6
1127840 2013.6
1127850 2013.5
1127860 2016.0
1127870 2016.0
1127880 2019.1
1127890 2021.9
1127900 2021.9
1127910 2022.7
1127920 2020.8
1127930 2020.8
1127940 2018.6
1127950 2018.5
1127960 2018.4
1127970 2018.4
1127980 2020.2
1127990 2014.1
1128000 2014.1
1128010 2009.4
1128020 2007.4
1128030 2007.4
1128040 2006.5
1128050 2005.8
1128060 2005.8
1128070 2004.7
1128080 2003.7
1128090 2003.7
1128100 2004.9
1128110 2006.1
1128120 2006.1
1128130 2008.3
1128140 2012.6
1128150 2012.6
1128160 2015.7
1128170 2016.3
1128180 2016.1
1128190 2016.1
1128200 2013.6
1128210 2008.2
1128220 2008.2
1128230 2007.0
1128240 2004.9
1128250 2004.9
1128260 2003.5
1128270 2002.0
1128280 2002.0
1128290 2001.5
1128300 2002.6
1128310 2002.6
1128320 2003.9
1128330 2003.6
1128340 2009.3
1128350 2008.3
1128360 2006.4
1128370 2006.4
1128380 2003.7
1128390 2000.4
1128400 1996.4
1128410 1996.4
1128420 1996.0
1128430 1995.7
1128440 1995.7
1128450 1996.2
1128460 1994.0
1128470 1994.0
1128480 1991.5
1128490 1990.0
1128500 1990.0
1128510 1988.4
1128520 1987.5
1128530 1987.5
1128540 1987.9
1128550 1988.1
1128560 1988.1
1128570 1988.3
1128580 1988.3
1128590 1988.3
1128600 1988.7
1128610 1989.0
1128620 1988.5
1128630 1988.5
1128640 1986.5
1128650 1984.8
1128660 1984.8
1128670 1984.6
1128680 1984.7
1128690 1989.1
1128700 1989.3
1128710 1989.7
1128720 1989.7
1128730 1990.3
1128740 1991.3
1128750 1991.3
1128760 1991.9
1128770 1992.1
1128780 1992.1
1128790 1991.7
1128800 1992.0
1128810 1992.0
1128820 1993.5
1128830 1994.6
1128840 1997.0
1128850 1997.0
1128860 1999.6
1128870 2002.3
1128880 2002.3
1128890 2006.1
1128900 2009.8
1128910 2009.8
1128920 2013.5
1128930 2017.1
1128940 2017.1
1128950 2021.2
1128960 2024.9
1128970 2024.9
1128980 2028.6
1128990 2030.2
1129000 2030.2
1129010 2029.8
1129020 2029.7
1129030 2029.7
1129040 2030.9
1129050 2036.6
1129060 2036.8
1129070 2036.8
1129080 2036.5
1129090 2032.9
1129100 2032.9
1129110 2029.5
1129120 2027.9
1129130 2027.9
1129140 2027.0
1129150 2026.3
1129160 2026.3
1129170 2025.6
1129180 2024.4
1129190 2024.4
1129200 2023.5
1129210 2022.2
1129220 2022.2
1129230 2023.6
1129240 2027.1
1129250 2030.3
1129260 2030.3
1129270 2033.4
1129280 2036.5
1129290 2036.5
1129300 2038.9
1129310 2039.2
1129320 2039.2
1129330 2037.9
1129340 2036.0
1129350 2036.0
1129360 2033.1
1129370 2030.8
1129380 2030.8
1129390 2028.3
1129400 2026.3
1129410 2031.0
1129420 2028.9
1129430 2028.6
1129440 2028.6
1129450 2028.4
1129460 2027.6
1129470 2026.1
1129480 2026.1
1129490 2025.9
1129500 2025.9
1129510 2025.9
1129520 2027.6
1129530 2028.6
1129540 2028.6
1129550 2030.0
1129560 2031.9
1129570 2031.9
1129580 2033.4
1129590 2035.7
1129600 2035.7
1129610 2036.9
1129620 2035.4
1129630 2035.4
1129640 2034.6
1129650 2037.2
1129660 2037.2
1129670 2038.8
1129680 2036.5
1129690 2035.1
1129700 2035.1
1129710 2036.3
1129720 2036.1
1129730 2036.1
1129740 2034.5
1129750 2032.1
1129760 2033.6
1129770 2032.8
1129780 2031.1
1129790 2031.1
1129800 2029.0
1129810 2028.2
1129820 2028.2
1129830 2029.4
1129840 2028.9
1129850 2028.9
1129860 2028.5
1129870 2028.6
1129880 2028.6
1129890 2028.2
1129900 2027.8
1129910 2028.8
1129920 2028.8
1129930 2029.5
1129940 2030.5
1129950 2030.5
1129960 2030.6
1129970 2030.5
1129980 2030.5
1129990 2030.6
1130000 2030.4
1130010 2030.4
1130020 2029.8
1130030 2029.9
1130040 2029.9
1130050 2029.7
1130060 2029.6
1130070 2029.6
1130080 2029.7
1130090 2029.6
1130100 2029.6
1130110 2030.7
1130120 2036.0
1130130 2037.0
1130140 2037.0
1130150 2038.7
1130160 2038.4
1130170 2038.4
1130180 2038.8
1130190 2040.0
1130200 2040.0
1130210 2040.1
1130220 2041.2
1130230 2041.2
1130240 2042.7
1130250 2045.4
1130260 2045.4
1130270 2048.0
1130280 2050.4
1130290 2050.4
1130300 2053.2
1130310 2055.6
1130320 2055.6
1130330 2055.1
1130340 2052.7
1130350 2054.8
1130360 2054.8
1130370 2056.8
1130380 2054.9
1130390 2054.9
1130400 2051.5
1130410 2050.8
1130420 2050.8
1130430 2049.9
1130440 2046.8
1130450 2046.8
1130460 2043.9
1130470 2041.1
1130480 2039.7
1130490 2037.1
1130500 2033.5
1130510 2033.5
1130520 2029.2
1130530 2025.5
1130540 2025.5
1130550 2022.0
1130560 2018.2
1130570 2014.6
1130580 2014.6
1130590 2010.6
1130600 2006.0
1130610 2006.0
1130620 2001.6
1130630 1998.8
1130640 1998.8
1130650 1996.8
1130660 1992.7
1130670 1992.7
1130680 1988.9
1130690 1985.8
1130700 1985.8
1130710 1983.2
1130720 1980.5
1130730 1980.5
1130740 1977.6
1130750 1974.9
1130760 1974.9
1130770 1973.5
1130780 1971.3
1130790 1967.5
1130800 1967.5
1130810 1965.1
1130820 1962.9
1130830 1962.9
1130840 1958.0
1130850 1954.4
1130860 1954.4
1130870 1950.4
1130880 1946.1
1130890 1946.1
1130900 1942.1
1130910 1939.3
1130920 1939.3
1130930 1937.3
1130940 1935.7
1130950 1935.7
1130960 1933.8
1130970 1932.3
1130980 1932.3
1130990 1930.9
1131000 1929.3
1131010 1927.5
1131020 1927.5
1131030 1926.1
1131040 1925.4
1131050 1925.4
1131060 1924.0
1131070 1923.6
1131080 1923.6
1131090 1925.8
1131100 1925.5
1131110 1925.5
1131120 1921.7
1131130 1917.8
1131140 1917.8
1131150 1916.7
1131160 1914.0
1131170 1914.0
1131180 1912.9
1131190 1917.0
1131200 1919.3
1131210 1925.2
1131220 1927.9
1131230 1930.4
1131240 1930.4
1131250 1932.9
1131260 1935.6
1131270 1935.6
1131280 1937.5
1131290 1940.0
1131300 1940.0
1131310 1942.0
1131320 1943.6
1131330 1943.6
1131340 1944.8
1131350 1945.8
1131360 1945.8
1131370 1947.5
1131380 1948.3
1131390 1948.3
1131400 1950.1
1131410 1951.8
1131420 1951.8
1131430 1955.1
1131440 1960.8
1131450 1967.4
1131460 1967.4
1131470 1974.8
1131480 1981.8
1131490 1981.8
1131500 1988.7
1131510 1996.6
1131520 1996.6
1131530 2003.7
1131540 2008.4
1131550 2008.4
1131560 2019.0
1131570 2024.7
1131580 2024.7
1131590 2031.8
1131600 2037.5
1131610 2037.5
1131620 2042.0
1131630 2048.7
1131640 2048.7
1131650 2054.7
1131660 2061.8
1131670 2068.8
1131680 2068.8
1131690 2074.2
1131700 2079.6
1131710 2079.6
1131720 2085.5
1131730 2091.5
1131740 2091.5
1131750 2098.6
1131760 2107.0
1131770 2107.0
1131780 2115.0
1131790 2121.9
1131800 2121.9
1131810 2128.0
1131820 2133.3
1131830 2133.3
1131840 2138.0
1131850 2142.5
1131860 2142.5
1131870 2146.2
1131880 2149.2
1131890 2152.6
1131900 2152.6
1131910 2161.8
1131920 2165.9
1131930 2165.9
1131940 2170.3
1131950 2175.4
1131960 2175.4
1131970 2181.5
1131980 2186.4
1131990 2186.4
1132000 2195.7
1132010 2208.8
1132020 2208.8
1132030 2219.5
1132040 2224.1
1132050 2224.1
1132060 2223.2
1132070 2224.7
1132080 2224.7
1132090 2228.8
1132100 2233.4
1132110 2237.8
1132120 2237.8
1132130 2242.1
1132140 2246.2
1132150 2246.2
1132160 2248.8
1132170 2257.7
1132180 2257.7
1132190 2270.3
1132200 2279.0
1132210 2279.0
1132220 2292.0
1132230 2302.5
1132240 2302.5
1132250 2308.6
1132260 2313.8
1132270 2323.7
1132280 2325.4
1132290 2330.7
1132300 2330.7
1132310 2343.1
1132320 2349.8
1132330 2351.8
1132340 2351.8
1132350 2351.9
1132360 2351.0
1132370 2351.0
1132380 2348.6
1132390 2346.9
1132400 2346.9
1132410 2347.3
1132420 2347.4
1132430 2347.4
1132440 2346.1
1132450 2344.8
1132460 2344.8
1132470 2343.9
1132480 2343.1
1132490 2343.1
1132500 2343.8
1132510 2344.8
1132520 2344.8
1132530 2346.2
1132540 2350.1
1132550 2354.4
1132560 2354.4
1132570 2358.6
1132580 2363.9
1132590 2363.9
1132600 2369.8
1132610 2376.1
1132620 2376.1
1132630 2381.3
1132640 2387.6
1132650 2387.6
1132660 2394.3
1132670 2401.0
1132680 2401.0
1132690 2407.8
1132700 2414.8
1132710 2414.8
1132720 2422.3
1132730 2429.7
1132740 2429.7
1132750 2436.9
1132760 2445.5
1132770 2460.4
1132780 2460.4
1132790 2472.1
1132800 2483.4
1132810 2483.4
1132820 2495.3
1132830 2508.0
1132840 2508.0
1132850 2522.7
1132860 2532.9
1132870 2532.9
1132880 2536.9
1132890 2536.7
1132900 2536.7
1132910 2537.7
1132920 2541.4
1132930 2541.4
1132940 2546.5
1132950 2552.0
1132960 2552.0
1132970 2562.5
1132980 2578.5
1132990 2598.5
1133000 2598.5
1133010 2603.4
1133020 2611.2
1133030 2611.2
1133040 2618.7
1133050 2627.3
1133060 2627.3
1133070 2620.0
1133080 2607.7
1133090 2607.7
1133100 2594.8
1133110 2596.7
1133120 2596.7
1133130 2602.5
1133140 2600.8
1133150 2600.8
1133160 2597.5
1133170 2597.3
1133180 2597.3
1133190 2595.5
1133200 2596.9
1133210 2607.0
1133220 2607.0
1133230 2607.4
1133240 2597.8
1133250 2597.8
1133260 2593.3
1133270 2586.2
1133280 2586.2
1133290 2588.1
1133300 2595.4
1133310 2595.4
1133320 2595.8
1133330 2586.1
1133340 2586.1
1133350 2588.9
1133360 2601.7
1133370 2601.7
1133380 2613.3
1133390 2626.6
1133400 2626.6
1133410 2640.0
1133420 2648.6
1133430 2659.2
1133440 2659.2
1133450 2669.9
1133460 2677.1
1133470 2677.1
1133480 2684.1
1133490 2690.2
1133500 2690.2
1133510 2695.4
1133520 2700.0
1133530 2700.0
1133540 2709.7
1133550 2726.7
1133560 2726.7
1133570 2739.6
1133580 2749.9
1133590 2749.9
1133600 2758.6
1133610 2763.5
1133620 2763.5
1133630 2769.2
1133640 2776.6
1133650 2786.4
1133660 2786.4
1133670 2804.2
1133680 2817.4
1133690 2817.4
1133700 2826.8
1133710 2840.9
1133720 2849.6
1133730 2866.2
1133740 2877.3
1133750 2877.3
1133760 2881.0
1133770 2872.6
1133780 2872.6
1133790 2896.6
1133800 2910.7
1133810 2910.7
1133820 2922.2
1133830 2930.9
1133840 2930.9
1133850 2938.9
1133860 2946.7
1133870 2954.9
1133880 2954.9
1133890 2965.0
1133900 2973.4
1133910 2973.4
1133920 2982.2
1133930 2988.2
1133940 2988.2
1133950 2989.0
1133960 2994.2
1133970 2994.2
1133980 3000.6
1133990 3007.0
1134000 3007.0
1134010 3014.6
1134020 3022.8
1134030 3022.8
1134040 3030.2
1134050 3025.4
1134060 3025.4
1134070 3006.3
1134080 3001.5
1134090 2978.3
1134100 2978.3
1134110 2958.1
1134120 2938.2
1134130 2938.2
1134140 2924.2
1134150 2914.5
1134160 2914.5
1134170 2905.3
1134180 2895.7
1134190 2895.7
1134200 2889.1
1134210 2884.6
1134220 2884.6
1134230 2880.5
1134240 2873.2
1134250 2873.2
1134260 2860.7
1134270 2845.3
1134280 2845.3
1134290 2826.2
1134300 2808.8
1134310 2797.2
1134320 2797.2
1134330 2787.1
1134340 2773.6
1134350 2773.6
1134360 2760.3
1134370 2749.6
1134380 2749.6
1134390 2736.3
1134400 2742.2
1134410 2742.2
1134420 2755.8
1134430 2767.6
1134440 2794.6
1134450 2796.3
1134460 2791.5
1134470 2791.5
1134480 2784.7
1134490 2771.8
1134500 2771.8
1134510 2757.7
1134520 2746.2
1134530 2737.7
1134540 2737.7
1134550 2731.8
1134560 2727.3
1134570 2727.3
1134580 2725.0
1134590 2723.4
1134600 2723.4
1134610 2714.3
1134620 2700.7
1134630 2700.7
1134640 2668.2
1134650 2632.3
1134660 2632.3
1134670 2613.8
1134680 2599.8
1134690 2599.8
1134700 2585.4
1134710 2571.8
1134720 2571.8
1134730 2558.3
1134740 2545.2
1134750 2531.4
1134760 2531.4
1134770 2519.0
1134780 2506.9
1134790 2506.9
1134800 2499.7
1134810 2488.1
1134820 2488.1
1134830 2478.9
1134840 2468.2
1134850 2468.2
1134860 2456.3
1134870 2442.6
1134880 2442.6
1134890 2436.2
1134900 2431.0
1134910 2431.0
1134920 2423.4
1134930 2413.1
1134940 2413.1
1134950 2403.6
1134960 2397.5
1134970 2391.1
1134980 2391.1
1134990 2384.6
1135000 2377.5
1135010 2377.5
1135020 2370.2
1135030 2363.1
1135040 2363.1
1135050 2356.0
1135060 2348.9
1135070 2348.9
1135080 2340.8
1135090 2333.2
1135100 2333.2
1135110 2326.7
1135120 2319.0
1135130 2319.0
1135140 2312.3
1135150 2305.6
1135160 2294.8
1135170 2294.8
1135180 2285.3
1135190 2277.7
1135200 2277.7
1135210 2269.9
1135220 2254.9
1135230 2254.9
1135240 2245.4
1135250 2238.2
1135260 2238.2
1135270 2228.7
1135280 2216.4
1135290 2216.4
1135300 2207.1
1135310 2197.6
1135320 2197.6
1135330 2188.7
1135340 2176.6
1135350 2176.6
1135360 2165.6
1135370 2152.7
1135380 2138.0
1135390 2138.0
1135400 2126.3
1135410 2115.0
1135420 2115.0
1135430 2104.4
1135440 2092.7
1135450 2092.7
1135460 2082.3
1135470 2075.6
1135480 2075.6
1135490 2066.0
1135500 2057.2
1135510 2057.2
1135520 2049.2
1135530 2048.2
1135540 2048.2
1135550 2042.4
1135560 2037.1
1135570 2037.1
1135580 2032.3
1135590 2027.4
1135600 2022.5
1135610 2022.5
1135620 2017.8
1135630 2013.2
1135640 2013.2
1135650 2008.4
1135660 2003.6
1135670 2003.6
1135680 1999.3
1135690 1995.6
1135700 1995.6
1135710 1991.8
1135720 1987.8
1135730 1987.8
1135740 1985.8
1135750 1984.0
1135760 1984.0
1135770 1982.1
1135780 1979.6
1135790 1979.6
1135800 1977.4
1135810 1975.5
1135820 1973.9
1135830 1973.9
1135840 1973.3
1135850 1972.9
1135860 1972.9
1135870 1972.6
1135880 1971.1
1135890 1972.7
1135900 1972.0
1135910 1975.8
1135920 1975.8
1135930 1980.9
1135940 1985.5
1135950 1985.5
1135960 1990.0
1135970 1994.4
1135980 1994.4
1135990 1998.8
1136000 2003.2
1136010 2003.2
1136020 2007.7
1136030 2012.5
1136040 2017.1
1136050 2017.1
1136060 2021.7
1136070 2026.4
1136080 2026.4
1136090 2030.9
1136100 2035.7
1136110 2035.7
1136120 2040.7
1136130 2046.3
1136140 2046.3
1136150 2054.1
1136160 2064.7
1136170 2064.7
1136180 2075.3
1136190 2083.3
1136200 2083.3
1136210 2093.4
1136220 2104.2
1136230 2104.2
1136240 2115.1
1136250 2130.7
1136260 2136.3
1136270 2136.3
1136280 2141.6
1136290 2147.4
1136300 2147.4
1136310 2153.0
1136320 2158.9
1136330 2158.9
1136340 2164.0
1136350 2171.6
1136360 2171.6
1136370 2180.6
1136380 2189.6
1136390 2189.6
1136400 2202.1
1136410 2219.1
1136420 2219.1
1136430 2232.5
1136440 2244.1
1136450 2244.1
1136460 2256.7
1136470 2265.1
1136480 2274.0
1136490 2274.0
1136500 2288.9
1136510 2304.5
1136520 2304.5
1136530 2316.2
1136540 2325.8
1136550 2325.8
1136560 2337.1
1136570 2344.9
1136580 2344.9
1136590 2349.1
1136600 2346.8
1136610 2346.8
1136620 2355.5
1136630 2358.7
1136640 2358.7
1136650 2363.9
1136660 2371.3
1136670 2371.3
1136680 2379.6
1136690 2386.6
1136700 2393.3
1136710 2393.3
1136720 2401.6
1136730 2414.6
1136740 2414.6
1136750 2424.2
1136760 2432.0
1136770 2432.0
1136780 2442.5
1136790 2453.5
1136800 2453.5
1136810 2461.9
1136820 2470.4
1136830 2470.4
1136840 2479.6
1136850 2490.6
1136860 2490.6
1136870 2501.9
1136880 2509.1
1136890 2509.1
1136900 2515.5
1136910 2520.8
1136920 2524.3
1136930 2524.3
1136940 2526.3
1136950 2528.4
1136960 2528.4
1136970 2532.9
1136980 2518.9
1136990 2518.9
1137000 2519.4
1137010 2521.6
1137020 2521.6
1137030 2524.4
1137040 2527.3
1137050 2527.3
1137060 2529.6
1137070 2531.7
1137080 2531.7
1137090 2535.1
1137100 2538.0
1137110 2538.0
1137120 2540.9
1137130 2541.7
1137140 2543.4
1137150 2543.4
1137160 2546.7
1137170 2551.6
1137180 2551.6
1137190 2554.7
1137200 2556.4
1137210 2556.4
1137220 2558.0
1137230 2559.6
1137240 2559.6
1137250 2561.8
1137260 2565.1
1137270 2565.1
1137280 2568.3
1137290 2572.7
1137300 2572.7
1137310 2581.0
1137320 2588.9
1137330 2588.9
1137340 2594.0
1137350 2598.6
1137360 2606.1
1137370 2606.1
1137380 2613.6
1137390 2619.9
1137400 2619.9
1137410 2623.5
1137420 2625.6
1137430 2625.6
1137440 2627.5
1137450 2630.3
1137460 2630.3
1137470 2634.7
1137480 2639.6
1137490 2639.6
1137500 2644.4
1137510 2647.5
1137520 2647.5
1137530 2648.6
1137540 2648.2
1137550 2648.2
1137560 2648.8
1137570 2652.2
1137580 2656.0
1137590 2656.0
1137600 2660.8
1137610 2665.6
1137620 2665.6
1137630 2670.0
1137640 2674.6
1137650 2674.6
1137660 2679.3
1137670 2682.7
1137680 2682.7
1137690 2688.2
1137700 2692.5
1137710 2689.0
1137720 2692.4
1137730 2696.1
1137740 2696.1
1137750 2699.7
1137760 2703.3
1137770 2703.3
1137780 2707.1
1137790 2710.8
1137800 2714.4
1137810 2714.4
1137820 2717.6
1137830 2720.8
1137840 2720.8
1137850 2724.3
1137860 2727.6
1137870 2727.6
1137880 2730.5
1137890 2734.0
1137900 2734.0
1137910 2738.7
1137920 2742.9
1137930 2742.9
1137940 2746.6
1137950 2749.6
1137960 2749.6
1137970 2752.4
1137980 2756.1
1137990 2756.1
1138000 2759.4
1138010 2764.1
1138020 2769.1
1138030 2769.1
1138040 2774.4
1138050 2781.2
1138060 2781.2
1138070 2788.4
1138080 2792.5
1138090 2792.5
1138100 2799.8
1138110 2807.2
1138120 2807.2
1138130 2815.0
1138140 2822.6
1138150 2822.6
1138160 2830.3
1138170 2837.9
1138180 2837.9
1138190 2845.5
1138200 2853.4
1138210 2853.4
1138220 2861.2
1138230 2869.2
1138240 2882.2
1138250 2882.2
1138260 2894.2
1138270 2899.4
1138280 2899.4
1138290 2908.0
1138300 2913.6
1138310 2913.6
1138320 2922.6
1138330 2937.6
1138340 2937.6
1138350 2955.7
1138360 2964.7
1138370 2964.7
1138380 2967.7
1138390 2982.2
1138400 2982.2
1138410 2996.5
1138420 3010.9
1138430 3010.9
1138440 3022.7
1138450 3038.1
1138460 3049.3
1138470 3049.3
1138480 3061.5
1138490 3072.6
1138500 3072.6
1138510 3076.3
1138520 3062.0
1138530 3062.0
1138540 3045.7
1138550 3032.6
1138560 3032.6
1138570 3017.5
1138580 3003.2
1138590 3003.2
1138600 2994.7
1138610 2989.5
1138620 2989.5
1138630 2984.7
1138640 2980.6
1138650 2980.6
1138660 2976.7
1138670 2972.9
1138680 2969.4
1138690 2969.4
1138700 2966.2
1138710 2963.5
1138720 2963.5
1138730 2960.8
1138740 2957.9
1138750 2957.9
1138760 2955.0
1138770 2952.3
1138780 2952.3
1138790 2949.5
1138800 2946.7
1138810 2949.9
1138820 2947.0
1138830 2944.4
1138840 2944.4
1138850 2942.1
1138860 2939.7
1138870 2939.7
1138880 2937.4
1138890 2935.1
1138900 2932.8
1138910 2932.8
1138920 2930.8
1138930 2929.1
1138940 2929.1
1138950 2927.6
1138960 2926.1
1138970 2926.1
1138980 2924.6
1138990 2923.0
1139000 2923.0
1139010 2921.2
1139020 2919.2
1139030 2919.2
1139040 2916.8
1139050 2913.8
1139060 2913.8
1139070 2910.4
1139080 2907.8
1139090 2907.8
1139100 2905.7
1139110 2904.9
1139120 2904.9
1139130 2904.9
1139140 2906.3
1139150 2906.4
1139160 2906.4
1139170 2906.4
1139180 2939.5
1139190 2939.5
1139200 2949.1
1139210 2950.9
1139220 2950.9
1139230 2946.8
1139240 2943.2
1139250 2943.2
1139260 2936.6
1139270 2926.2
1139280 2926.2
1139290 2911.4
1139300 2898.3
1139310 2898.3
1139320 2890.5
1139330 2885.0
1139340 2879.8
1139350 2879.8
1139360 2874.2
1139370 2868.2
1139380 2868.2
1139390 2862.0
1139400 2856.4
1139410 2856.4
1139420 2851.0
1139430 2845.8
1139440 2845.8
1139450 2841.3
1139460 2837.4
1139470 2837.4
1139480 2834.2
1139490 2831.4
1139500 2831.4
1139510 2829.0
1139520 2829.7
1139530 2829.7
1139540 2833.9
1139550 2846.6
1139560 2843.3
1139570 2843.3
1139580 2836.1
1139590 2826.3
1139600 2826.3
1139610 2809.4
1139620 2795.1
1139630 2795.1
1139640 2779.6
1139650 2768.6
1139660 2768.6
1139670 2756.8
1139680 2743.4
1139690 2743.4
1139700 2732.2
1139710 2723.0
1139720 2723.0
1139730 2717.2
1139740 2711.1
1139750 2705.3
1139760 2705.3
1139770 2700.7
1139780 2697.1
1139790 2697.1
1139800 2693.3
1139810 2690.4
1139820 2690.4
1139830 2688.3
1139840 2686.1
1139850 2686.1
1139860 2681.0
1139870 2674.9
1139880 2674.9
1139890 2669.9
1139900 2665.0
1139910 2670.9
1139920 2666.4
1139930 2659.7
1139940 2659.7
1139950 2651.1
1139960 2648.6
1139970 2647.1
1139980 2647.1
1139990 2644.3
