1120000 1642.0
1120010 1640.2
1120020 1640.2
1120030 1638.8
1120040 1634.2
1120050 1634.2
1120060 1632.1
1120070 1632.7
1120080 1632.7
1120090 1630.9
1120100 1628.3
1120110 1628.3
1120120 1628.5
1120130 1625.1
1120140 1625.1
1120150 1618.1
1120160 1613.5
1120170 1613.5
1120180 1609.5
1120190 1603.6
1120200 1595.4
1120210 1595.4
1120220 1587.8
1120230 1581.8
1120240 1581.8
1120250 1573.8
1120260 1571.8
1120270 1571.8
1120280 1570.4
1120290 1566.5
1120300 1566.5
1120310 1564.0
1120320 1563.8
1120330 1563.8
1120340 1562.7
1120350 1564.7
1120360 1564.7
1120370 1561.4
1120380 1559.2
1120390 1559.2
1120400 1557.7
1120410 1556.3
1120420 1554.8
1120430 1554.8
1120440 1553.6
1120450 1551.9
1120460 1551.9
1120470 1549.2
1120480 1548.2
1120490 1548.2
1120500 1549.2
1120510 1549.4
1120520 1549.4
1120530 1549.0
1120540 1547.5
1120550 1547.5
1120560 1546.8
1120570 1548.0
1120580 1548.0
1120590 1550.7
1120600 1551.9
1120610 1551.9
1120620 1551.9
1120630 1552.6
1120640 1553.8
1120650 1553.8
1120660 1554.3
1120670 1553.2
1120680 1553.2
1120690 1553.5
1120700 1561.7
1120710 1561.7
1120720 1562.6
1120730 1562.6
1120740 1562.6
1120750 1562.6
1120760 1563.0
1120770 1563.0
1120780 1563.4
1120790 1563.9
1120800 1563.9
1120810 1563.2
1120820 1562.6
1120830 1562.6
1120840 1561.2
1120850 1558.1
1120860 1554.9
1120870 1554.9
1120880 1551.9
1120890 1550.4
1120900 1550.4
1120910 1552.5
1120920 1552.8
1120930 1552.8
1120940 1549.9
1120950 1549.2
1120960 1549.2
1120970 1548.5
1120980 1547.5
1120990 1547.5
1121000 1547.7
1121010 1549.4
1121020 1549.4
1121030 1551.4
1121040 1553.2
1121050 1556.6
1121060 1558.1
1121070 1560.0
1121080 1561.1
1121090 1561.1
1121100 1562.5
1121110 1565.4
1121120 1565.4
1121130 1568.0
1121140 1569.6
1121150 1569.6
1121160 1571.2
1121170 1572.9
1121180 1572.9
1121190 1574.1
1121200 1574.4
1121210 1574.4
1121220 1574.6
1121230 1574.9
1121240 1574.9
1121250 1577.2
1121260 1579.5
1121270 1579.5
1121280 1581.8
1121290 1583.0
1121300 1584.4
1121310 1584.4
1121320 1586.4
1121330 1588.1
1121340 1588.1
1121350 1588.6
1121360 1589.0
1121370 1589.0
1121380 1588.7
1121390 1594.1
1121400 1594.1
1121410 1594.0
1121420 1594.4
1121430 1594.4
1121440 1593.9
1121450 1591.4
1121460 1591.4
1121470 1589.6
1121480 1591.1
1121490 1591.1
1121500 1592.0
1121510 1589.7
1121520 1587.0
1121530 1587.0
1121540 1584.6
1121550 1582.1
1121560 1582.1
1121570 1581.4
1121580 1583.2
1121590 1583.2
1121600 1584.6
1121610 1585.7
1121620 1585.7
1121630 1585.3
1121640 1584.9
1121650 1584.9
1121660 1584.2
1121670 1583.1
1121680 1583.1
1121690 1581.1
1121700 1580.8
1121710 1580.8
1121720 1582.1
1121730 1582.8
1121740 1589.1
1121750 1589.1
1121760 1588.3
1121770 1586.5
1121780 1586.5
1121790 1587.1
1121800 1588.1
1121810 1588.1
1121820 1589.0
1121830 1587.9
1121840 1587.9
1121850 1587.8
1121860 1587.4
1121870 1587.4
1121880 1586.3
1121890 1587.0
1121900 1587.0
1121910 1588.2
1121920 1589.1
1121930 1589.1
1121940 1589.1
1121950 1588.4
1121960 1587.9
1121970 1587.9
1121980 1587.1
1121990 1586.8
1122000 1586.8
1122010 1586.5
1122020 1586.3
1122030 1586.3
1122040 1585.8
1122050 1586.2
1122060 1586.2
1122070 1587.8
1122080 1588.7
1122090 1595.3
1122100 1596.2
1122110 1597.9
1122120 1597.9
1122130 1598.5
1122140 1598.3
1122150 1598.3
1122160 1598.1
1122170 1599.0
1122180 1600.7
1122190 1600.7
1122200 1601.8
1122210 1602.7
1122220 1602.7
1122230 1602.9
1122240 1602.2
1122250 1602.2
1122260 1600.6
1122270 1598.3
1122280 1598.3
1122290 1598.3
1122300 1599.2
1122310 1599.2
1122320 1599.9
1122330 1599.4
1122340 1599.4
1122350 1599.7
1122360 1600.3
1122370 1600.3
1122380 1601.1
1122390 1602.1
1122400 1603.1
1122410 1603.1
1122420 1602.9
1122430 1601.8
1122440 1603.9
1122450 1602.9
1122460 1603.6
1122470 1603.6
1122480 1604.9
1122490 1605.9
1122500 1605.9
1122510 1606.6
1122520 1607.3
1122530 1607.3
1122540 1607.3
1122550 1607.5
1122560 1607.5
1122570 1608.9
1122580 1610.3
1122590 1610.3
1122600 1610.5
1122610 1610.6
1122620 1609.5
1122630 1609.5
1122640 1608.9
1122650 1609.6
1122660 1609.6
1122670 1610.0
1122680 1610.1
1122690 1610.1
1122700 1610.6
1122710 1610.9
1122720 1610.9
1122730 1612.2
1122740 1615.3
1122750 1615.3
1122760 1617.0
1122770 1617.9
1122780 1617.9
1122790 1622.6
1122800 1622.2
1122810 1622.2
1122820 1621.9
1122830 1621.3
1122840 1620.6
1122850 1620.6
1122860 1620.1
1122870 1618.9
1122880 1618.9
1122890 1618.0
1122900 1617.4
1122910 1617.4
1122920 1616.5
1122930 1615.4
1122940 1615.4
1122950 1613.9
1122960 1612.5
1122970 1612.5
1122980 1611.4
1122990 1610.4
1123000 1610.4
1123010 1608.0
1123020 1605.8
1123030 1605.8
1123040 1605.2
1123050 1604.6
1123060 1602.7
1123070 1602.7
1123080 1600.8
1123090 1598.1
1123100 1598.1
1123110 1594.2
1123120 1588.3
1123130 1588.3
1123140 1594.7
1123150 1585.4
1123160 1585.4
1123170 1583.4
1123180 1588.0
1123190 1588.0
1123200 1595.0
1123210 1599.5
1123220 1599.5
1123230 1601.7
1123240 1603.6
1123250 1603.6
1123260 1605.7
1123270 1608.1
1123280 1609.8
1123290 1609.8
1123300 1612.0
1123310 1614.9
1123320 1614.9
1123330 1616.9
1123340 1619.0
1123350 1619.0
1123360 1621.1
1123370 1623.0
1123380 1623.0
1123390 1625.7
1123400 1628.9
1123410 1628.9
1123420 1631.6
1123430 1634.3
1123440 1634.3
1123450 1636.3
1123460 1639.2
1123470 1639.2
1123480 1642.6
1123490 1645.5
1123500 1646.9
1123510 1646.9
1123520 1648.4
1123530 1649.0
1123540 1649.0
1123550 1650.2
1123560 1651.0
1123570 1651.0
1123580 1649.9
1123590 1648.9
1123600 1648.9
1123610 1648.4
1123620 1648.5
1123630 1648.5
1123640 1649.6
1123650 1651.6
1123660 1651.6
1123670 1653.2
1123680 1654.7
1123690 1654.7
1123700 1656.0
1123710 1658.5
1123720 1660.0
1123730 1660.0
1123740 1661.0
1123750 1662.0
1123760 1662.0
1123770 1662.7
1123780 1663.7
1123790 1663.7
1123800 1664.8
1123810 1665.4
1123820 1665.4
1123830 1665.8
1123840 1664.7
1123850 1655.9
1123860 1655.4
1123870 1655.7
1123880 1655.7
1123890 1656.3
1123900 1657.3
1123910 1657.3
1123920 1658.6
1123930 1659.4
1123940 1660.2
1123950 1660.2
1123960 1660.8
1123970 1661.5
1123980 1661.5
1123990 1661.5
1124000 1661.1
1124010 1661.1
1124020 1661.4
1124030 1661.7
1124040 1661.7
1124050 1660.5
1124060 1656.9
1124070 1656.9
1124080 1654.0
1124090 1653.4
1124100 1653.4
1124110 1655.6
1124120 1657.7
1124130 1657.7
1124140 1659.6
1124150 1660.9
1124160 1662.1
1124170 1662.1
1124180 1663.2
1124190 1663.7
1124200 1657.2
1124210 1656.7
1124220 1655.3
1124230 1655.3
1124240 1654.4
1124250 1654.6
1124260 1654.6
1124270 1656.8
1124280 1659.2
1124290 1659.2
1124300 1661.0
1124310 1662.8
1124320 1662.8
1124330 1663.9
1124340 1664.9
1124350 1664.9
1124360 1665.5
1124370 1665.3
1124380 1664.7
1124390 1664.7
1124400 1664.2
1124410 1664.9
1124420 1664.9
1124430 1665.8
1124440 1666.6
1124450 1666.6
1124460 1667.4
1124470 1669.4
1124480 1669.4
1124490 1671.6
1124500 1674.0
1124510 1674.0
1124520 1675.3
1124530 1677.5
1124540 1677.5
1124550 1671.4
1124560 1672.0
1124570 1672.0
1124580 1672.2
1124590 1672.0
1124600 1671.8
1124610 1671.8
1124620 1672.5
1124630 1672.9
1124640 1672.9
1124650 1672.6
1124660 1672.4
1124670 1672.4
1124680 1671.3
1124690 1671.3
1124700 1671.3
1124710 1672.5
1124720 1673.6
1124730 1673.6
1124740 1674.6
1124750 1676.1
1124760 1676.1
1124770 1677.5
1124780 1679.0
1124790 1679.0
1124800 1680.2
1124810 1682.3
1124820 1684.4
1124830 1684.4
1124840 1685.7
1124850 1687.9
1124860 1687.9
1124870 1688.0
1124880 1688.4
1124890 1688.4
1124900 1685.3
1124910 1684.9
1124920 1684.9
1124930 1684.4
1124940 1683.6
1124950 1683.6
1124960 1682.9
1124970 1684.1
1124980 1684.1
1124990 1686.5
1125000 1688.9
1125010 1688.9
1125020 1689.2
1125030 1686.3
1125040 1685.7
1125050 1685.7
1125060 1684.5
1125070 1686.3
1125080 1686.3
1125090 1690.5
1125100 1695.0
1125110 1695.0
1125120 1700.5
1125130 1704.4
1125140 1704.4
1125150 1709.5
1125160 1712.3
1125170 1712.3
1125180 1713.1
1125190 1712.7
1125200 1712.7
1125210 1713.6
1125220 1715.3
1125230 1715.3
1125240 1715.5
1125250 1714.9
1125260 1715.1
1125270 1715.1
1125280 1715.8
1125290 1715.2
1125300 1715.2
1125310 1714.0
1125320 1712.7
1125330 1712.7
1125340 1712.6
1125350 1713.1
1125360 1713.1
1125370 1713.7
1125380 1714.7
1125390 1714.7
1125400 1715.2
1125410 1715.3
1125420 1715.3
1125430 1715.5
1125440 1716.2
1125450 1716.2
1125460 1717.2
1125470 1717.8
1125480 1717.5
1125490 1717.5
1125500 1716.5
1125510 1715.4
1125520 1715.4
1125530 1714.8
1125540 1714.2
1125550 1714.2
1125560 1713.1
1125570 1711.7
1125580 1711.7
1125590 1711.6
1125600 1712.8
1125610 1711.9
1125620 1712.2
1125630 1712.3
1125640 1712.3
1125650 1712.4
1125660 1712.4
1125670 1712.4
1125680 1712.5
1125690 1712.3
1125700 1711.4
1125710 1711.4
1125720 1710.9
1125730 1710.9
1125740 1710.9
1125750 1710.7
1125760 1710.8
1125770 1710.8
1125780 1711.2
1125790 1711.8
1125800 1711.8
1125810 1711.9
1125820 1712.1
1125830 1712.1
1125840 1711.9
1125850 1712.2
1125860 1712.2
1125870 1712.4
1125880 1712.6
1125890 1712.6
1125900 1712.9
1125910 1713.2
1125920 1713.6
1125930 1713.6
1125940 1714.2
1125950 1714.8
1125960 1715.4
1125970 1716.0
1125980 1716.7
1125990 1716.7
1126000 1717.5
1126010 1718.4
1126020 1718.4
1126030 1719.4
1126040 1721.4
1126050 1721.4
1126060 1724.4
1126070 1726.6
1126080 1726.6
1126090 1728.7
1126100 1731.4
1126110 1731.4
1126120 1734.6
1126130 1736.3
1126140 1737.5
1126150 1737.5
1126160 1737.9
1126170 1737.6
1126180 1737.6
1126190 1738.1
1126200 1739.0
1126210 1739.0
1126220 1740.2
1126230 1741.8
1126240 1741.8
1126250 1743.1
1126260 1744.3
1126270 1744.3
1126280 1745.5
1126290 1745.7
1126300 1745.7
1126310 1745.4
1126320 1749.0
1126330 1749.0
1126340 1749.1
1126350 1749.1
1126360 1749.8
1126370 1749.8
1126380 1751.4
1126390 1753.4
1126400 1753.4
1126410 1752.7
1126420 1748.9
1126430 1748.9
1126440 1750.7
1126450 1752.1
1126460 1752.1
1126470 1754.0
1126480 1755.8
1126490 1755.8
1126500 1756.1
1126510 1755.9
1126520 1755.9
1126530 1756.6
1126540 1757.9
1126550 1757.9
1126560 1760.3
1126570 1762.7
1126580 1764.2
1126590 1764.2
1126600 1766.5
1126610 1769.6
1126620 1769.6
1126630 1772.9
1126640 1775.5
1126650 1775.5
1126660 1778.3
1126670 1781.1
1126680 1781.1
1126690 1784.3
1126700 1784.8
1126710 1784.8
1126720 1785.1
1126730 1785.8
1126740 1785.8
1126750 1786.7
1126760 1787.4
1126770 1787.4
1126780 1788.8
1126790 1789.4
1126800 1789.2
1126810 1789.2
1126820 1789.3
1126830 1789.4
1126840 1789.4
1126850 1789.5
1126860 1790.3
1126870 1790.3
1126880 1791.7
1126890 1792.5
1126900 1792.5
1126910 1791.9
1126920 1792.3
1126930 1792.3
1126940 1792.6
1126950 1791.8
1126960 1791.8
1126970 1790.6
1126980 1789.8
1126990 1789.8
1127000 1789.8
1127010 1790.2
1127020 1793.1
1127030 1793.1
1127040 1793.2
1127050 1794.0
1127060 1794.0
1127070 1794.9
1127080 1797.3
1127090 1797.3
1127100 1799.5
1127110 1799.7
1127120 1799.7
1127130 1798.8
1127140 1797.8
1127150 1797.8
1127160 1797.6
1127170 1797.4
1127180 1797.4
1127190 1797.7
1127200 1798.2
1127210 1798.2
1127220 1798.7
1127230 1799.4
1127240 1800.6
1127250 1800.6
1127260 1802.4
1127270 1804.1
1127280 1804.1
1127290 1805.1
1127300 1805.7
1127310 1805.7
1127320 1806.3
1127330 1807.1
1127340 1807.1
1127350 1807.5
1127360 1807.2
1127370 1807.2
1127380 1806.0
1127390 1805.9
1127400 1805.9
1127410 1805.9
1127420 1806.1
1127430 1806.1
1127440 1806.2
1127450 1806.3
1127460 1806.2
1127470 1806.2
1127480 1806.2
1127490 1806.8
1127500 1806.8
1127510 1807.9
1127520 1810.2
1127530 1810.2
1127540 1813.2
1127550 1816.4
1127560 1816.4
1127570 1819.7
1127580 1823.2
1127590 1823.2
1127600 1826.3
1127610 1828.7
1127620 1828.7
1127630 1830.3
1127640 1830.4
1127650 1830.4
1127660 1829.0
1127670 1826.9
1127680 1824.5
1127690 1824.5
1127700 1820.7
1127710 1819.7
1127720 1819.7
1127730 1828.5
1127740 1829.9
1127750 1829.9
1127760 1831.6
1127770 1832.6
1127780 1832.6
1127790 1830.6
1127800 1828.6
1127810 1828.6
1127820 1827.4
1127830 1827.8
1127840 1827.8
1127850 1827.7
1127860 1827.0
1127870 1827.0
1127880 1826.4
1127890 1826.2
1127900 1826.3
1127910 1826.3
1127920 1826.7
1127930 1827.6
1127940 1827.6
1127950 1830.4
1127960 1834.5
1127970 1834.5
1127980 1836.5
1127990 1837.8
1128000 1837.8
1128010 1838.5
1128020 1838.1
1128030 1838.1
1128040 1838.1
1128050 1837.1
1128060 1837.1
1128070 1837.0
1128080 1837.3
1128090 1839.1
1128100 1839.2
1128110 1839.4
1128120 1839.6
1128130 1839.6
1128140 1839.6
1128150 1840.5
1128160 1840.5
1128170 1842.4
1128180 1844.7
1128190 1844.7
1128200 1846.3
1128210 1847.8
1128220 1847.8
1128230 1848.4
1128240 1846.1
1128250 1846.1
1128260 1845.5
1128270 1846.2
1128280 1846.2
1128290 1848.2
1128300 1851.6
1128310 1851.6
1128320 1856.2
1128330 1859.9
1128340 1863.6
1128350 1863.6
1128360 1865.7
1128370 1867.1
1128380 1867.1
1128390 1870.2
1128400 1874.0
1128410 1874.0
1128420 1876.7
1128430 1879.1
1128440 1879.6
1128450 1882.6
1128460 1885.3
1128470 1885.3
1128480 1888.2
1128490 1890.5
1128500 1890.5
1128510 1892.4
1128520 1894.1
1128530 1894.1
1128540 1895.3
1128550 1896.8
1128560 1898.5
1128570 1898.5
1128580 1900.3
1128590 1902.4
1128600 1902.4
1128610 1903.0
1128620 1903.6
1128630 1903.6
1128640 1903.8
1128650 1903.6
1128660 1903.6
1128670 1903.3
1128680 1902.9
1128690 1902.9
1128700 1902.6
1128710 1901.8
1128720 1901.8
1128730 1901.3
1128740 1901.2
1128750 1901.2
1128760 1901.2
1128770 1900.2
1128780 1898.0
1128790 1898.0
1128800 1897.0
1128810 1903.4
1128820 1903.4
1128830 1907.2
1128840 1909.1
1128850 1909.1
1128860 1910.5
1128870 1912.1
1128880 1912.1
1128890 1913.4
1128900 1914.6
1128910 1914.6
1128920 1915.6
1128930 1916.5
1128940 1916.5
1128950 1917.2
1128960 1917.8
1128970 1917.8
1128980 1918.0
1128990 1917.7
1129000 1917.0
1129010 1917.0
1129020 1915.5
1129030 1913.0
1129040 1913.0
1129050 1910.9
1129060 1909.1
1129070 1909.1
1129080 1908.1
1129090 1908.1
1129100 1908.1
1129110 1908.2
1129120 1908.7
1129130 1908.7
1129140 1910.3
1129150 1912.5
1129160 1909.7
1129170 1910.6
1129180 1912.7
1129190 1912.7
1129200 1914.4
1129210 1916.1
1129220 1917.5
1129230 1917.5
1129240 1918.5
1129250 1920.6
1129260 1920.6
1129270 1921.5
1129280 1923.0
1129290 1923.0
1129300 1923.5
1129310 1923.7
1129320 1923.7
1129330 1924.6
1129340 1925.1
1129350 1925.1
1129360 1925.4
1129370 1928.1
1129380 1928.1
1129390 1930.9
1129400 1931.8
1129410 1931.8
1129420 1934.2
1129430 1935.7
1129440 1936.9
1129450 1936.9
1129460 1938.8
1129470 1940.7
1129480 1940.7
1129490 1942.6
1129500 1944.2
1129510 1938.0
1129520 1940.1
1129530 1942.5
1129540 1942.5
1129550 1945.1
1129560 1948.0
1129570 1948.0
1129580 1950.6
1129590 1954.2
1129600 1954.2
1129610 1956.2
1129620 1957.2
1129630 1957.2
1129640 1956.6
1129650 1955.9
1129660 1956.0
1129670 1956.0
1129680 1956.1
1129690 1956.1
1129700 1956.1
1129710 1956.3
1129720 1957.9
1129730 1957.9
1129740 1959.9
1129750 1961.5
1129760 1961.5
1129770 1962.9
1129780 1963.1
1129790 1963.1
1129800 1963.0
1129810 1962.7
1129820 1962.7
1129830 1963.8
1129840 1966.3
1129850 1966.3
1129860 1967.1
1129870 1960.8
1129880 1960.8
1129890 1960.8
1129900 1960.2
1129910 1957.6
1129920 1957.6
1129930 1956.6
1129940 1955.0
1129950 1955.0
1129960 1950.5
1129970 1946.9
1129980 1946.9
1129990 1944.5
1130000 1942.4
1130010 1942.4
1130020 1941.4
1130030 1940.8
1130040 1940.8
1130050 1940.1
1130060 1939.2
1130070 1939.2
1130080 1938.5
1130090 1938.5
1130100 1938.5
1130110 1938.5
1130120 1938.6
1130130 1938.6
1130140 1938.6
1130150 1938.6
1130160 1938.7
1130170 1938.7
1130180 1938.8
1130190 1938.9
1130200 1938.9
1130210 1939.0
1130220 1939.1
1130230 1938.9
1130240 1939.0
1130250 1939.0
1130260 1939.0
1130270 1939.0
1130280 1939.1
1130290 1939.1
1130300 1939.3
1130310 1939.3
1130320 1939.3
1130330 1939.3
1130340 1939.4
1130350 1939.7
1130360 1939.7
1130370 1940.4
1130380 1941.7
1130390 1941.7
1130400 1942.3
1130410 1943.8
1130420 1943.8
1130430 1942.8
1130440 1938.8
1130450 1938.8
1130460 1934.3
1130470 1930.1
1130480 1930.1
1130490 1927.9
1130500 1927.7
1130510 1927.7
1130520 1927.3
1130530 1931.5
1130540 1936.9
1130550 1936.9
1130560 1938.3
1130570 1934.5
1130580 1934.5
1130590 1930.3
1130600 1928.9
1130610 1928.9
1130620 1924.0
1130630 1922.4
1130640 1922.4
1130650 1921.0
1130660 1918.4
1130670 1918.4
1130680 1917.6
1130690 1916.4
1130700 1916.4
1130710 1915.2
1130720 1912.9
1130730 1912.9
1130740 1910.1
1130750 1907.6
1130760 1909.4
1130770 1909.4
1130780 1909.4
1130790 1907.5
1130800 1907.5
1130810 1904.7
1130820 1902.3
1130830 1902.3
1130840 1897.2
1130850 1892.9
1130860 1892.9
1130870 1890.4
1130880 1888.3
1130890 1888.3
1130900 1886.4
1130910 1885.2
1130920 1885.2
1130930 1883.7
1130940 1882.2
1130950 1882.2
1130960 1880.4
1130970 1877.7
1130980 1875.8
1130990 1875.8
1131000 1874.8
1131010 1873.6
1131020 1873.6
1131030 1872.6
1131040 1872.8
1131050 1872.8
1131060 1872.4
1131070 1871.4
1131080 1871.4
1131090 1870.6
1131100 1870.0
1131110 1870.0
1131120 1870.3
1131130 1870.1
1131140 1870.1
1131150 1868.9
1131160 1867.3
1131170 1867.3
1131180 1866.0
1131190 1864.8
1131200 1864.7
1131210 1864.7
1131220 1865.1
1131230 1865.2
1131240 1865.2
1131250 1866.3
1131260 1866.8
1131270 1866.8
1131280 1866.6
1131290 1866.3
1131300 1867.4
1131310 1867.0
1131320 1866.4
1131330 1866.4
1131340 1865.3
1131350 1858.1
1131360 1858.1
1131370 1853.1
1131380 1862.4
1131390 1862.4
1131400 1865.8
1131410 1866.6
1131420 1868.4
1131430 1868.4
1131440 1869.3
1131450 1870.6
1131460 1870.6
1131470 1872.1
1131480 1873.9
1131490 1873.9
1131500 1875.9
1131510 1878.0
1131520 1878.0
1131530 1880.0
1131540 1881.8
1131550 1881.8
1131560 1884.4
1131570 1886.9
1131580 1886.9
1131590 1889.2
1131600 1890.7
1131610 1890.7
1131620 1893.3
1131630 1896.1
1131640 1898.3
1131650 1898.3
1131660 1903.6
1131670 1906.6
1131680 1906.6
1131690 1912.2
1131700 1918.3
1131710 1918.3
1131720 1924.6
1131730 1930.0
1131740 1930.0
1131750 1932.4
1131760 1937.6
1131770 1937.6
1131780 1944.6
1131790 1951.9
1131800 1951.9
1131810 1959.4
1131820 1966.2
1131830 1966.2
1131840 1971.9
1131850 1974.4
1131860 1974.4
1131870 1974.4
1131880 1977.8
1131890 1983.5
1131900 1983.5
1131910 1990.3
1131920 1998.2
1131930 1998.2
1131940 2006.1
1131950 2015.5
1131960 2015.5
1131970 2024.6
1131980 2032.5
1131990 2032.5
1132000 2038.7
1132010 2043.6
1132020 2048.1
1132030 2054.6
1132040 2061.7
1132050 2061.7
1132060 2068.6
1132070 2074.0
1132080 2078.1
1132090 2078.1
1132100 2082.0
1132110 2085.5
1132120 2085.5
1132130 2090.9
1132140 2095.8
1132150 2095.8
1132160 2099.8
1132170 2104.7
1132180 2104.7
1132190 2109.9
1132200 2114.2
1132210 2114.2
1132220 2118.5
1132230 2123.2
1132240 2123.2
1132250 2128.1
1132260 2132.3
1132270 2132.3
1132280 2135.8
1132290 2138.9
1132300 2141.5
1132310 2141.5
1132320 2144.7
1132330 2148.0
1132340 2148.0
1132350 2150.8
1132360 2153.7
1132370 2153.7
1132380 2158.2
1132390 2161.6
1132400 2161.6
1132410 2165.6
1132420 2170.7
1132430 2170.7
1132440 2176.8
1132450 2181.4
1132460 2181.4
1132470 2183.9
1132480 2185.2
1132490 2185.2
1132500 2186.6
1132510 2188.4
1132520 2191.5
1132530 2191.5
1132540 2195.8
1132550 2201.8
1132560 2201.8
1132570 2208.8
1132580 2215.9
1132590 2215.9
1132600 2222.6
1132610 2228.3
1132620 2228.3
1132630 2231.9
1132640 2232.3
1132650 2232.3
1132660 2231.9
1132670 2232.6
1132680 2232.6
1132690 2234.7
1132700 2235.7
1132710 2235.7
1132720 2237.1
1132730 2238.9
1132740 2246.1
1132750 2246.1
1132760 2248.5
1132770 2252.1
1132780 2252.1
1132790 2256.5
1132800 2260.3
1132810 2260.3
1132820 2262.2
1132830 2263.8
1132840 2263.8
1132850 2263.6
1132860 2264.3
1132870 2264.3
1132880 2266.1
1132890 2268.8
1132900 2268.8
1132910 2269.9
1132920 2271.5
1132930 2271.5
1132940 2272.7
1132950 2274.5
1132960 2276.9
1132970 2276.9
1132980 2277.7
1132990 2277.7
1133000 2277.7
1133010 2277.6
1133020 2279.6
1133030 2279.6
1133040 2282.1
1133050 2283.4
1133060 2283.4
1133070 2283.6
1133080 2283.8
1133090 2283.8
1133100 2288.3
1133110 2289.1
1133120 2289.1
1133130 2289.4
1133140 2291.1
1133150 2291.1
1133160 2293.3
1133170 2295.0
1133180 2296.9
1133190 2296.9
1133200 2298.7
1133210 2300.4
1133220 2300.4
1133230 2301.9
1133240 2302.5
1133250 2302.5
1133260 2302.3
1133270 2302.2
1133280 2302.2
1133290 2302.1
1133300 2303.0
1133310 2303.0
1133320 2303.9
1133330 2303.3
1133340 2303.3
1133350 2302.2
1133360 2300.5
1133370 2300.5
1133380 2300.8
1133390 2304.9
1133400 2309.9
1133410 2309.9
1133420 2314.9
1133430 2320.1
1133440 2320.1
1133450 2325.1
1133460 2340.9
1133470 2340.9
1133480 2344.9
1133490 2347.7
1133500 2347.7
1133510 2353.3
1133520 2358.7
1133530 2358.7
1133540 2363.3
1133550 2369.3
1133560 2369.3
1133570 2375.6
1133580 2380.6
1133590 2380.6
1133600 2385.1
1133610 2390.0
1133620 2394.6
1133630 2394.6
1133640 2400.0
1133650 2405.6
1133660 2405.6
1133670 2411.7
1133680 2418.0
1133690 2418.0
1133700 2423.6
1133710 2429.0
1133720 2429.0
1133730 2434.3
1133740 2439.6
1133750 2439.6
1133760 2445.1
1133770 2451.0
1133780 2451.0
1133790 2457.2
1133800 2464.1
1133810 2464.1
1133820 2471.6
1133830 2481.2
1133840 2488.8
1133850 2488.8
1133860 2496.0
1133870 2502.9
1133880 2502.9
1133890 2508.8
1133900 2518.7
1133910 2518.7
1133920 2546.1
1133930 2564.3
1133940 2564.3
1133950 2575.8
1133960 2595.0
1133970 2595.0
1133980 2614.8
1133990 2620.5
1134000 2620.5
1134010 2627.0
1134020 2634.0
1134030 2634.0
1134040 2642.2
1134050 2644.9
1134060 2634.9
1134070 2634.9
1134080 2630.8
1134090 2630.1
1134100 2630.1
1134110 2629.2
1134120 2628.2
1134130 2628.2
1134140 2624.7
1134150 2613.8
1134160 2613.8
1134170 2604.0
1134180 2592.4
1134190 2584.0
1134200 2570.3
1134210 2558.0
1134220 2558.0
1134230 2548.9
1134240 2532.6
1134250 2532.6
1134260 2521.8
1134270 2514.5
1134280 2506.9
1134290 2506.9
1134300 2498.1
1134310 2485.4
1134320 2485.4
1134330 2474.2
1134340 2466.9
1134350 2466.9
1134360 2454.4
1134370 2440.7
1134380 2440.7
1134390 2429.6
1134400 2419.7
1134410 2419.7
1134420 2409.6
1134430 2399.0
1134440 2399.0
1134450 2389.8
1134460 2376.9
1134470 2376.9
1134480 2362.8
1134490 2350.1
1134500 2339.9
1134510 2339.9
1134520 2331.2
1134530 2323.8
1134540 2323.8
1134550 2304.9
1134560 2292.9
1134570 2292.9
1134580 2286.2
1134590 2269.1
1134600 2269.1
1134610 2249.1
1134620 2236.7
1134630 2236.7
1134640 2230.9
1134650 2225.7
1134660 2225.7
1134670 2221.3
1134680 2221.7
1134690 2221.7
1134700 2216.2
1134710 2202.9
1134720 2197.5
1134730 2197.5
1134740 2190.6
1134750 2184.3
1134760 2184.3
1134770 2174.9
1134780 2172.6
1134790 2172.6
1134800 2173.7
1134810 2164.9
1134820 2164.9
1134830 2155.8
1134840 2150.4
1134850 2150.4
1134860 2143.4
1134870 2135.4
1134880 2135.4
1134890 2125.3
1134900 2120.7
1134910 2135.3
1134920 2130.6
1134930 2118.2
1134940 2103.5
1134950 2103.5
1134960 2094.8
1134970 2090.6
1134980 2090.6
1134990 2086.7
1135000 2078.2
1135010 2078.2
1135020 2074.0
1135030 2072.9
1135040 2072.9
1135050 2069.1
1135060 2061.7
1135070 2061.7
1135080 2050.7
1135090 2040.2
1135100 2040.2
1135110 2034.0
1135120 2028.7
1135130 2028.7
1135140 2024.1
1135150 2015.0
1135160 2006.6
1135170 2006.6
1135180 2000.6
1135190 1995.7
1135200 1995.7
1135210 1991.0
1135220 1985.7
1135230 1985.7
1135240 1980.6
1135250 1976.1
1135260 1976.1
1135270 1970.3
1135280 1966.6
1135290 1966.6
1135300 1962.2
1135310 1957.7
1135320 1957.7
1135330 1953.4
1135340 1949.1
1135350 1949.1
1135360 1945.0
1135370 1941.0
1135380 1937.1
1135390 1937.1
1135400 1932.7
1135410 1928.6
1135420 1928.6
1135430 1924.5
1135440 1920.8
1135450 1920.8
1135460 1917.4
1135470 1914.1
1135480 1914.1
1135490 1910.6
1135500 1906.7
1135510 1906.7
1135520 1902.8
1135530 1899.6
1135540 1899.6
1135550 1896.2
1135560 1893.0
1135570 1893.0
1135580 1890.3
1135590 1886.0
1135600 1882.1
1135610 1882.1
1135620 1878.2
1135630 1876.0
1135640 1876.3
1135650 1876.4
1135660 1876.8
1135670 1876.8
1135680 1878.5
1135690 1880.7
1135700 1880.7
1135710 1883.1
1135720 1885.7
1135730 1885.7
1135740 1888.6
1135750 1892.5
1135760 1892.5
1135770 1896.7
1135780 1900.9
1135790 1900.9
1135800 1905.0
1135810 1908.8
1135820 1912.2
1135830 1912.2
1135840 1916.1
1135850 1920.1
1135860 1920.1
1135870 1925.0
1135880 1930.3
1135890 1930.3
1135900 1936.1
1135910 1942.2
1135920 1942.2
1135930 1948.6
1135940 1955.3
1135950 1955.3
1135960 1962.3
1135970 1969.4
1135980 1969.4
1135990 1976.2
1136000 1982.5
1136010 1982.5
1136020 1989.3
1136030 1996.5
1136040 2003.7
1136050 2003.7
1136060 2011.1
1136070 2018.6
1136080 2018.6
1136090 2026.1
1136100 2036.2
1136110 2036.2
1136120 2045.5
1136130 2053.8
1136140 2053.8
1136150 2062.2
1136160 2071.8
1136170 2071.8
1136180 2085.8
1136190 2102.0
1136200 2102.0
1136210 2111.8
1136220 2120.4
1136230 2120.4
1136240 2127.9
1136250 2133.9
1136260 2140.7
1136270 2140.7
1136280 2149.4
1136290 2156.2
1136300 2156.2
1136310 2161.8
1136320 2169.2
1136330 2169.2
1136340 2177.9
1136350 2185.5
1136360 2190.7
1136370 2202.1
1136380 2210.0
1136390 2210.0
1136400 2218.5
1136410 2226.8
1136420 2226.8
1136430 2232.0
1136440 2237.9
1136450 2237.9
1136460 2245.4
1136470 2255.1
1136480 2261.6
1136490 2261.6
1136500 2266.2
1136510 2275.6
1136520 2275.6
1136530 2288.4
1136540 2302.3
1136550 2302.3
1136560 2321.7
1136570 2333.8
1136580 2333.8
1136590 2342.4
1136600 2354.0
1136610 2354.0
1136620 2366.2
1136630 2380.2
1136640 2380.2
1136650 2389.9
1136660 2396.8
1136670 2396.8
1136680 2410.4
1136690 2424.4
1136700 2427.6
1136710 2427.6
1136720 2428.8
1136730 2437.1
1136740 2437.1
1136750 2437.3
1136760 2438.1
1136770 2438.1
1136780 2438.6
1136790 2440.4
1136800 2440.4
1136810 2443.2
1136820 2445.8
1136830 2445.8
1136840 2446.5
1136850 2449.3
1136860 2449.3
1136870 2450.6
1136880 2451.6
1136890 2451.6
1136900 2454.8
1136910 2458.2
1136920 2460.8
1136930 2460.8
1136940 2463.2
1136950 2467.6
1136960 2467.6
1136970 2474.2
1136980 2480.8
1136990 2480.8
1137000 2487.5
1137010 2492.8
1137020 2492.8
1137030 2495.7
1137040 2498.7
1137050 2498.7
1137060 2503.3
1137070 2506.6
1137080 2506.6
1137090 2507.7
1137100 2511.0
1137110 2511.0
1137120 2514.2
1137130 2517.5
1137140 2520.9
1137150 2520.9
1137160 2524.3
1137170 2528.6
1137180 2528.6
1137190 2532.9
1137200 2537.6
1137210 2537.6
1137220 2541.7
1137230 2545.1
1137240 2545.1
1137250 2548.8
1137260 2552.5
1137270 2552.5
1137280 2555.8
1137290 2558.9
1137300 2558.9
1137310 2562.2
1137320 2565.9
1137330 2565.9
1137340 2569.7
1137350 2573.3
1137360 2576.7
1137370 2576.7
1137380 2580.1
1137390 2582.8
1137400 2582.8
1137410 2586.4
1137420 2590.6
1137430 2590.6
1137440 2595.0
1137450 2599.8
1137460 2604.2
1137470 2610.6
1137480 2616.6
1137490 2616.6
1137500 2620.9
1137510 2621.9
1137520 2621.9
1137530 2623.6
1137540 2626.3
1137550 2626.3
1137560 2628.3
1137570 2630.9
1137580 2633.2
1137590 2633.2
1137600 2635.1
1137610 2637.9
1137620 2637.9
1137630 2641.1
1137640 2644.2
1137650 2644.2
1137660 2647.6
1137670 2650.9
1137680 2650.9
1137690 2653.8
1137700 2656.5
1137710 2656.5
1137720 2659.5
1137730 2662.4
1137740 2662.4
1137750 2665.8
1137760 2669.6
1137770 2669.6
1137780 2674.0
1137790 2678.8
1137800 2683.5
1137810 2683.5
1137820 2686.9
1137830 2691.3
1137840 2691.3
1137850 2695.5
1137860 2699.8
1137870 2699.8
1137880 2704.3
1137890 2708.6
1137900 2708.6
1137910 2712.4
1137920 2716.5
1137930 2716.5
1137940 2720.8
1137950 2725.2
1137960 2725.2
1137970 2730.1
1137980 2735.3
1137990 2740.3
1138000 2740.3
1138010 2745.0
1138020 2749.3
1138030 2749.3
1138040 2753.6
1138050 2757.8
1138060 2757.8
1138070 2761.8
1138080 2766.3
1138090 2766.3
1138100 2771.1
1138110 2776.2
1138120 2776.2
1138130 2782.1
1138140 2787.9
1138150 2787.9
1138160 2793.6
1138170 2799.7
1138180 2799.7
1138190 2805.6
1138200 2811.7
1138210 2817.9
1138220 2817.9
1138230 2823.9
1138240 2830.2
1138250 2830.2
1138260 2836.7
1138270 2843.5
1138280 2843.5
1138290 2850.0
1138300 2856.7
1138310 2856.7
1138320 2865.3
1138330 2879.5
1138340 2879.5
1138350 2895.7
1138360 2909.1
1138370 2909.1
1138380 2917.2
1138390 2930.0
1138400 2930.0
1138410 2949.0
1138420 2966.6
1138430 2996.1
1138440 2996.1
1138450 3028.5
1138460 3053.3
1138470 3053.3
1138480 3050.1
1138490 3039.3
1138500 3039.3
1138510 3027.5
1138520 3023.3
1138530 3023.3
1138540 3027.0
1138550 3026.5
1138560 3001.3
1138570 2993.6
1138580 2986.8
1138590 2986.8
1138600 2983.7
1138610 2982.4
1138620 2982.4
1138630 2982.0
1138640 2984.6
1138650 2988.1
1138660 2988.1
1138670 2989.8
1138680 2990.9
1138690 2990.9
1138700 2992.1
1138710 2999.8
1138720 2999.8
1138730 3014.9
1138740 3029.5
1138750 3029.5
1138760 3042.9
1138770 3053.4
1138780 3053.4
1138790 3063.0
1138800 3070.6
1138810 3070.6
1138820 3077.0
1138830 3082.0
1138840 3082.0
1138850 3104.9
1138860 3125.6
1138870 3128.0
1138880 3128.0
1138890 3118.8
1138900 3105.8
1138910 3105.8
1138920 3095.6
1138930 3092.5
1138940 3092.5
1138950 3072.8
1138960 3053.0
1138970 3053.0
1138980 3035.5
1138990 3022.0
1139000 3022.0
1139010 3008.6
1139020 2995.4
1139030 2995.4
1139040 2984.0
1139050 2973.8
1139060 2973.8
1139070 2962.7
1139080 2951.4
1139090 2942.8
1139100 2942.8
1139110 2936.0
1139120 2925.8
1139130 2925.8
1139140 2921.5
1139150 2913.3
1139160 2913.3
1139170 2904.8
1139180 2897.9
1139190 2897.9
1139200 2887.0
1139210 2877.2
1139220 2877.2
1139230 2861.1
1139240 2843.2
1139250 2843.2
1139260 2827.9
1139270 2812.4
1139280 2812.4
1139290 2818.0
1139300 2804.1
1139310 2801.1
1139320 2801.1
1139330 2806.5
1139340 2804.0
1139350 2804.0
1139360 2800.1
1139370 2797.0
1139380 2797.0
1139390 2788.4
1139400 2781.4
1139410 2781.4
1139420 2779.4
1139430 2774.4
1139440 2774.4
1139450 2747.9
1139460 2729.4
1139470 2729.4
1139480 2713.6
1139490 2698.8
1139500 2698.8
1139510 2685.7
1139520 2676.6
1139530 2665.4
1139540 2665.4
1139550 2650.4
1139560 2635.3
1139570 2635.3
1139580 2627.3
1139590 2620.9
1139600 2620.9
1139610 2613.7
1139620 2606.4
1139630 2606.4
1139640 2599.6
1139650 2593.8
1139660 2591.5
1139670 2586.2
1139680 2582.1
1139690 2582.1
1139700 2580.3
1139710 2578.7
1139720 2578.7
1139730 2578.4
1139740 2578.3
1139750 2577.7
1139760 2577.7
1139770 2577.6
1139780 2577.5
1139790 2577.5
1139800 2576.5
1139810 2573.7
1139820 2573.7
1139830 2572.1
1139840 2567.8
1139850 2567.8
1139860 2561.4
1139870 2554.6
1139880 2554.6
1139890 2547.7
1139900 2541.1
1139910 2541.1
1139920 2534.9
1139930 2529.5
1139940 2529.5
1139950 2525.4
1139960 2522.6
1139970 2521.1
1139980 2521.1
1139990 2519.1
