1120000 1907.3
1120010 1903.8
1120020 1900.6
1120030 1897.5
1120040 1897.5
1120050 1895.6
1120060 1897.2
1120070 1897.2
1120080 1906.7
1120090 1911.1
1120100 1911.1
1120110 1914.9
1120120 1919.1
1120130 1919.1
1120140 1922.6
1120150 1922.9
1120160 1922.9
1120170 1924.5
1120180 1925.5
1120190 1925.5
1120200 1925.7
1120210 1925.7
1120220 1925.7
1120230 1928.6
1120240 1930.5
1120250 1929.6
1120260 1929.6
1120270 1930.3
1120280 1930.0
1120290 1930.0
1120300 1928.0
1120310 1925.5
1120320 1925.5
1120330 1923.5
1120340 1922.1
1120350 1922.1
1120360 1920.6
1120370 1918.8
1120380 1918.8
1120390 1917.0
1120400 1916.4
1120410 1916.4
1120420 1917.1
1120430 1923.6
1120440 1923.6
1120450 1925.2
1120460 1926.2
1120470 1927.0
1120480 1927.0
1120490 1928.3
1120500 1928.7
1120510 1928.7
1120520 1928.5
1120530 1928.7
1120540 1928.7
1120550 1930.5
1120560 1933.4
1120570 1933.4
1120580 1935.7
1120590 1937.2
1120600 1937.2
1120610 1937.4
1120620 1936.4
1120630 1936.4
1120640 1934.1
1120650 1931.5
1120660 1931.5
1120670 1928.7
1120680 1926.9
1120690 1926.0
1120700 1926.0
1120710 1924.5
1120720 1923.0
1120730 1923.0
1120740 1921.8
1120750 1921.8
1120760 1921.8
1120770 1921.6
1120780 1922.5
1120790 1922.5
1120800 1921.4
1120810 1921.1
1120820 1921.1
1120830 1921.0
1120840 1921.4
1120850 1921.4
1120860 1921.0
1120870 1919.9
1120880 1919.9
1120890 1918.8
1120900 1917.3
1120910 1915.5
1120920 1915.5
1120930 1915.5
1120940 1915.3
1120950 1915.3
1120960 1916.7
1120970 1916.8
1120980 1916.8
1120990 1917.0
1121000 1916.5
1121010 1916.5
1121020 1914.3
1121030 1912.1
1121040 1912.1
1121050 1909.2
1121060 1909.4
1121070 1909.4
1121080 1905.7
1121090 1902.6
1121100 1902.6
1121110 1906.1
1121120 1912.3
1121130 1911.2
1121140 1911.2
1121150 1909.4
1121160 1906.9
1121170 1906.9
1121180 1904.5
1121190 1903.0
1121200 1903.0
1121210 1900.0
1121220 1898.9
1121230 1898.9
1121240 1898.4
1121250 1898.1
1121260 1898.1
1121270 1897.1
1121280 1895.7
1121290 1895.7
1121300 1894.3
1121310 1894.6
1121320 1894.6
1121330 1896.5
1121340 1898.0
1121350 1900.5
1121360 1900.5
1121370 1903.2
1121380 1905.2
1121390 1905.2
1121400 1905.1
1121410 1903.9
1121420 1903.9
1121430 1901.5
1121440 1898.1
1121450 1898.1
1121460 1894.1
1121470 1893.8
1121480 1893.8
1121490 1893.9
1121500 1894.5
1121510 1894.5
1121520 1896.4
1121530 1899.1
1121540 1899.1
1121550 1902.3
1121560 1904.0
1121570 1904.6
1121580 1904.6
1121590 1905.9
1121600 1908.0
1121610 1908.0
1121620 1910.1
1121630 1913.6
1121640 1913.6
1121650 1915.9
1121660 1915.9
1121670 1915.9
1121680 1915.4
1121690 1911.9
1121700 1911.9
1121710 1908.2
1121720 1906.4
1121730 1906.4
1121740 1907.9
1121750 1909.0
1121760 1909.0
1121770 1909.8
1121780 1911.1
1121790 1912.6
1121800 1912.6
1121810 1914.9
1121820 1920.6
1121830 1920.6
1121840 1919.9
1121850 1918.6
1121860 1918.6
1121870 1917.5
1121880 1916.7
1121890 1916.7
1121900 1915.6
1121910 1914.4
1121920 1914.4
1121930 1912.6
1121940 1910.2
1121950 1910.2
1121960 1907.1
1121970 1905.6
1121980 1905.6
1121990 1905.5
1122000 1905.5
1122010 1904.0
1122020 1904.0
1122030 1898.9
1122040 1896.0
1122050 1896.0
1122060 1893.6
1122070 1890.8
1122080 1890.8
1122090 1890.1
1122100 1889.3
1122110 1889.3
1122120 1887.9
1122130 1887.6
1122140 1887.6
1122150 1885.4
1122160 1883.7
1122170 1886.8
1122180 1885.2
1122190 1883.2
1122200 1883.2
1122210 1881.3
1122220 1881.1
1122230 1882.2
1122240 1882.2
1122250 1883.2
1122260 1885.9
1122270 1885.9
1122280 1887.6
1122290 1887.4
1122300 1887.4
1122310 1885.9
1122320 1885.6
1122330 1885.6
1122340 1885.7
1122350 1885.7
1122360 1885.7
1122370 1885.8
1122380 1886.1
1122390 1886.1
1122400 1886.7
1122410 1886.9
1122420 1886.9
1122430 1887.3
1122440 1888.1
1122450 1888.3
1122460 1888.3
1122470 1888.7
1122480 1890.0
1122490 1890.0
1122500 1890.3
1122510 1889.8
1122520 1891.0
1122530 1891.3
1122540 1892.0
1122550 1892.0
1122560 1892.8
1122570 1894.0
1122580 1894.0
1122590 1895.0
1122600 1895.6
1122610 1895.6
1122620 1895.9
1122630 1896.2
1122640 1896.2
1122650 1898.2
1122660 1902.0
1122670 1903.4
1122680 1903.4
1122690 1903.2
1122700 1903.8
1122710 1903.8
1122720 1903.4
1122730 1902.8
1122740 1902.8
1122750 1903.1
1122760 1903.0
1122770 1903.0
1122780 1902.9
1122790 1902.7
1122800 1902.7
1122810 1900.8
1122820 1901.5
1122830 1901.5
1122840 1902.0
1122850 1899.9
1122860 1899.9
1122870 1902.3
1122880 1901.0
1122890 1899.6
1122900 1899.6
1122910 1898.8
1122920 1898.3
1122930 1898.3
1122940 1897.2
1122950 1895.3
1122960 1895.3
1122970 1892.3
1122980 1890.5
1122990 1890.5
1123000 1888.8
1123010 1887.4
1123020 1887.4
1123030 1886.0
1123040 1884.5
1123050 1884.5
1123060 1883.0
1123070 1880.7
1123080 1880.7
1123090 1878.7
1123100 1878.3
1123110 1878.0
1123120 1878.0
1123130 1877.1
1123140 1875.4
1123150 1875.4
1123160 1873.6
1123170 1871.8
1123180 1871.8
1123190 1869.6
1123200 1870.8
1123210 1870.8
1123220 1876.8
1123230 1874.4
1123240 1874.4
1123250 1873.0
1123260 1873.2
1123270 1873.2
1123280 1872.9
1123290 1870.4
1123300 1870.4
1123310 1868.9
1123320 1868.7
1123330 1866.7
1123340 1866.7
1123350 1866.5
1123360 1866.9
1123370 1866.9
1123380 1869.7
1123390 1871.7
1123400 1871.7
1123410 1872.2
1123420 1870.8
1123430 1870.8
1123440 1870.3
1123450 1870.7
1123460 1870.7
1123470 1871.3
1123480 1870.6
1123490 1870.6
1123500 1868.7
1123510 1868.3
1123520 1868.3
1123530 1868.0
1123540 1868.2
1123550 1868.7
1123560 1868.7
1123570 1876.1
1123580 1876.4
1123590 1876.4
1123600 1876.3
1123610 1875.5
1123620 1875.5
1123630 1874.1
1123640 1873.6
1123650 1873.6
1123660 1874.1
1123670 1875.0
1123680 1875.0
1123690 1875.5
1123700 1875.2
1123710 1875.2
1123720 1874.7
1123730 1876.5
1123740 1876.5
1123750 1877.6
1123760 1879.3
1123770 1880.8
1123780 1880.8
1123790 1882.1
1123800 1885.4
1123810 1885.4
1123820 1886.3
1123830 1886.7
1123840 1886.7
1123850 1887.1
1123860 1889.1
1123870 1889.1
1123880 1889.6
1123890 1890.2
1123900 1890.2
1123910 1891.1
1123920 1891.5
1123930 1891.4
1123940 1890.3
1123950 1889.0
1123960 1889.0
1123970 1886.0
1123980 1883.5
1123990 1885.0
1124000 1885.0
1124010 1885.9
1124020 1884.0
1124030 1884.0
1124040 1884.2
1124050 1884.4
1124060 1884.4
1124070 1882.3
1124080 1880.4
1124090 1880.4
1124100 1879.2
1124110 1880.0
1124120 1880.0
1124130 1879.7
1124140 1876.2
1124150 1876.2
1124160 1875.9
1124170 1878.5
1124180 1878.5
1124190 1879.1
1124200 1877.4
1124210 1877.8
1124220 1877.8
1124230 1878.6
1124240 1876.1
1124250 1876.1
1124260 1875.1
1124270 1874.6
1124280 1875.3
1124290 1875.4
1124300 1878.9
1124310 1878.9
1124320 1881.6
1124330 1882.4
1124340 1882.4
1124350 1883.5
1124360 1884.3
1124370 1884.3
1124380 1885.3
1124390 1885.8
1124400 1885.8
1124410 1885.4
1124420 1884.7
1124430 1884.0
1124440 1884.0
1124450 1882.3
1124460 1880.3
1124470 1880.3
1124480 1877.5
1124490 1873.9
1124500 1873.9
1124510 1868.5
1124520 1861.9
1124530 1861.9
1124540 1859.4
1124550 1859.6
1124560 1859.6
1124570 1861.9
1124580 1863.8
1124590 1863.8
1124600 1865.4
1124610 1863.0
1124620 1863.0
1124630 1865.4
1124640 1862.1
1124650 1861.8
1124660 1861.8
1124670 1864.3
1124680 1866.8
1124690 1866.8
1124700 1867.8
1124710 1866.7
1124720 1866.7
1124730 1864.9
1124740 1861.8
1124750 1861.8
1124760 1860.6
1124770 1860.2
1124780 1860.2
1124790 1860.2
1124800 1859.3
1124810 1859.3
1124820 1857.8
1124830 1856.1
1124840 1856.1
1124850 1855.7
1124860 1856.6
1124870 1855.4
1124880 1855.4
1124890 1854.9
1124900 1854.1
1124910 1854.1
1124920 1852.1
1124930 1850.2
1124940 1850.2
1124950 1850.7
1124960 1851.2
1124970 1851.2
1124980 1856.6
1124990 1855.9
1125000 1855.9
1125010 1854.5
1125020 1852.6
1125030 1852.6
1125040 1852.1
1125050 1852.6
1125060 1852.6
1125070 1854.5
1125080 1851.3
1125090 1852.0
1125100 1852.0
1125110 1854.3
1125120 1856.3
1125130 1856.3
1125140 1857.8
1125150 1859.5
1125160 1859.5
1125170 1860.2
1125180 1859.8
1125190 1859.8
1125200 1859.8
1125210 1860.2
1125220 1860.2
1125230 1860.5
1125240 1860.7
1125250 1860.7
1125260 1862.4
1125270 1864.8
1125280 1864.8
1125290 1867.3
1125300 1867.2
1125310 1869.0
1125320 1869.0
1125330 1876.9
1125340 1876.5
1125350 1876.5
1125360 1877.3
1125370 1877.8
1125380 1877.8
1125390 1878.1
1125400 1878.1
1125410 1878.1
1125420 1878.8
1125430 1879.9
1125440 1879.9
1125450 1881.6
1125460 1883.2
1125470 1883.2
1125480 1884.4
1125490 1884.8
1125500 1884.8
1125510 1885.4
1125520 1885.9
1125530 1885.8
1125540 1885.8
1125550 1885.7
1125560 1886.4
1125570 1886.4
1125580 1886.5
1125590 1886.7
1125600 1886.7
1125610 1887.1
1125620 1887.6
1125630 1887.6
1125640 1887.4
1125650 1887.6
1125660 1887.6
1125670 1886.5
1125680 1883.4
1125690 1888.9
1125700 1888.9
1125710 1893.2
1125720 1893.2
1125730 1893.8
1125740 1897.0
1125750 1903.0
1125760 1903.0
1125770 1905.5
1125780 1906.7
1125790 1906.7
1125800 1905.8
1125810 1903.3
1125820 1903.3
1125830 1905.3
1125840 1906.7
1125850 1906.7
1125860 1906.5
1125870 1904.2
1125880 1904.2
1125890 1901.7
1125900 1899.6
1125910 1899.6
1125920 1898.7
1125930 1898.7
1125940 1898.7
1125950 1901.0
1125960 1902.0
1125970 1903.0
1125980 1903.0
1125990 1904.4
1126000 1906.4
1126010 1906.4
1126020 1909.0
1126030 1911.3
1126040 1915.8
1126050 1918.5
1126060 1921.9
1126070 1921.9
1126080 1925.4
1126090 1928.2
1126100 1928.2
1126110 1931.0
1126120 1933.8
1126130 1933.8
1126140 1936.6
1126150 1938.0
1126160 1938.0
1126170 1940.7
1126180 1943.2
1126190 1945.3
1126200 1945.3
1126210 1946.9
1126220 1948.9
1126230 1948.9
1126240 1951.3
1126250 1953.0
1126260 1953.0
1126270 1954.5
1126280 1955.4
1126290 1955.4
1126300 1956.4
1126310 1956.9
1126320 1956.9
1126330 1959.6
1126340 1959.4
1126350 1959.4
1126360 1960.1
1126370 1961.8
1126380 1961.8
1126390 1966.6
1126400 1964.7
1126410 1965.2
1126420 1965.2
1126430 1964.4
1126440 1965.0
1126450 1965.0
1126460 1966.1
1126470 1968.0
1126480 1968.0
1126490 1969.8
1126500 1971.7
1126510 1971.7
1126520 1973.0
1126530 1973.9
1126540 1973.9
1126550 1974.7
1126560 1976.0
1126570 1976.0
1126580 1974.5
1126590 1970.9
1126600 1970.9
1126610 1970.2
1126620 1970.5
1126630 1972.0
1126640 1972.0
1126650 1973.7
1126660 1974.8
1126670 1974.8
1126680 1978.9
1126690 1983.8
1126700 1983.8
1126710 1991.5
1126720 1987.4
1126730 1987.4
1126740 1993.4
1126750 2009.2
1126760 2009.2
1126770 2011.6
1126780 2013.4
1126790 2013.4
1126800 2016.1
1126810 2018.2
1126820 2018.2
1126830 2017.5
1126840 2019.6
1126850 2020.1
1126860 2020.1
1126870 2019.5
1126880 2021.3
1126890 2021.3
1126900 2022.9
1126910 2022.6
1126920 2022.6
1126930 2021.9
1126940 2021.8
1126950 2021.8
1126960 2021.3
1126970 2020.5
1126980 2020.5
1126990 2018.9
1127000 2017.1
1127010 2017.1
1127020 2015.5
1127030 2013.9
1127040 2013.9
1127050 2012.0
1127060 2009.1
1127070 2005.8
1127080 2005.8
1127090 2003.5
1127100 2009.3
1127110 2009.3
1127120 2015.1
1127130 2019.8
1127140 2019.8
1127150 2020.9
1127160 2021.2
1127170 2021.2
1127180 2021.3
1127190 2021.5
1127200 2021.5
1127210 2022.1
1127220 2022.4
1127230 2022.4
1127240 2023.4
1127250 2023.5
1127260 2023.5
1127270 2024.4
1127280 2026.7
1127290 2027.3
1127300 2027.3
1127310 2027.6
1127320 2029.4
1127330 2029.4
1127340 2030.3
1127350 2031.7
1127360 2031.7
1127370 2032.3
1127380 2033.6
1127390 2033.6
1127400 2034.3
1127410 2032.1
1127420 2032.1
1127430 2030.7
1127440 2030.4
1127450 2030.4
1127460 2032.0
1127470 2032.7
1127480 2032.7
1127490 2032.7
1127500 2032.9
1127510 2032.6
1127520 2032.6
1127530 2030.6
1127540 2028.1
1127550 2028.1
1127560 2026.9
1127570 2023.8
1127580 2023.8
1127590 2018.9
1127600 2016.3
1127610 2016.3
1127620 2017.6
1127630 2016.5
1127640 2016.5
1127650 2017.0
1127660 2014.5
1127670 2014.5
1127680 2017.4
1127690 2023.0
1127700 2027.1
1127710 2027.1
1127720 2031.6
1127730 2034.6
1127740 2034.6
1127750 2035.9
1127760 2038.6
1127770 2038.6
1127780 2043.4
1127790 2046.1
1127800 2046.1
1127810 2051.6
1127820 2056.3
1127830 2056.3
1127840 2058.1
1127850 2057.1
1127860 2057.1
1127870 2056.1
1127880 2054.6
1127890 2054.6
1127900 2054.7
1127910 2054.7
1127920 2053.9
1127930 2053.9
1127940 2053.0
1127950 2054.5
1127960 2054.5
1127970 2058.6
1127980 2061.8
1127990 2061.8
1128000 2063.2
1128010 2064.0
1128020 2064.0
1128030 2065.2
1128040 2068.2
1128050 2068.2
1128060 2068.9
1128070 2068.1
1128080 2068.1
1128090 2068.3
1128100 2077.6
1128110 2077.6
1128120 2086.7
1128130 2086.9
1128140 2085.5
1128150 2085.5
1128160 2080.2
1128170 2085.8
1128180 2085.8
1128190 2082.4
1128200 2086.4
1128210 2086.4
1128220 2084.8
1128230 2083.9
1128240 2083.9
1128250 2077.6
1128260 2075.7
1128270 2075.7
1128280 2070.6
1128290 2064.5
1128300 2064.5
1128310 2060.5
1128320 2059.3
1128330 2059.3
1128340 2058.8
1128350 2060.9
1128360 2060.4
1128370 2060.4
1128380 2060.1
1128390 2051.0
1128400 2051.0
1128410 2047.1
1128420 2045.6
1128430 2045.6
1128440 2043.2
1128450 2040.7
1128460 2040.7
1128470 2036.2
1128480 2034.0
1128490 2034.0
1128500 2031.9
1128510 2032.0
1128520 2037.9
1128530 2037.2
1128540 2034.7
1128550 2034.7
1128560 2032.0
1128570 2029.6
1128580 2028.3
1128590 2028.3
1128600 2026.7
1128610 2026.0
1128620 2026.0
1128630 2025.3
1128640 2025.5
1128650 2025.5
1128660 2024.6
1128670 2024.7
1128680 2024.7
1128690 2024.8
1128700 2024.4
1128710 2024.4
1128720 2023.8
1128730 2023.3
1128740 2023.3
1128750 2022.7
1128760 2022.5
1128770 2022.5
1128780 2022.0
1128790 2021.1
1128800 2021.7
1128810 2021.7
1128820 2021.7
1128830 2021.5
1128840 2021.5
1128850 2021.9
1128860 2022.4
1128870 2022.4
1128880 2026.8
1128890 2027.0
1128900 2027.0
1128910 2028.3
1128920 2029.7
1128930 2029.7
1128940 2030.8
1128950 2032.7
1128960 2032.7
1128970 2036.8
1128980 2041.9
1128990 2041.9
1129000 2047.9
1129010 2054.4
1129020 2061.9
1129030 2061.9
1129040 2067.7
1129050 2071.7
1129060 2071.7
1129070 2074.6
1129080 2077.4
1129090 2077.4
1129100 2079.7
1129110 2080.3
1129120 2080.3
1129130 2078.3
1129140 2074.1
1129150 2074.1
1129160 2067.4
1129170 2065.5
1129180 2065.5
1129190 2063.0
1129200 2059.3
1129210 2059.3
1129220 2055.6
1129230 2054.2
1129240 2061.1
1129250 2061.1
1129260 2062.0
1129270 2062.7
1129280 2062.7
1129290 2061.9
1129300 2060.8
1129310 2060.8
1129320 2060.7
1129330 2061.3
1129340 2061.3
1129350 2062.0
1129360 2062.7
1129370 2062.7
1129380 2063.1
1129390 2062.7
1129400 2062.7
1129410 2062.2
1129420 2063.2
1129430 2063.2
1129440 2064.9
1129450 2067.8
1129460 2072.9
1129470 2072.9
1129480 2077.2
1129490 2080.0
1129500 2080.0
1129510 2082.4
1129520 2082.5
1129530 2082.5
1129540 2079.0
1129550 2078.7
1129560 2078.7
1129570 2080.4
1129580 2081.9
1129590 2079.1
1129600 2080.3
1129610 2081.4
1129620 2081.4
1129630 2083.3
1129640 2086.4
1129650 2086.4
1129660 2089.9
1129670 2091.1
1129680 2090.1
1129690 2090.1
1129700 2086.1
1129710 2081.5
1129720 2081.5
1129730 2079.1
1129740 2078.4
1129750 2078.4
1129760 2075.8
1129770 2074.2
1129780 2074.2
1129790 2073.2
1129800 2072.2
1129810 2072.2
1129820 2070.1
1129830 2068.0
1129840 2068.0
1129850 2064.7
1129860 2062.9
1129870 2062.9
1129880 2062.2
1129890 2063.4
1129900 2063.8
1129910 2063.8
1129920 2063.5
1129930 2063.5
1129940 2063.5
1129950 2066.5
1129960 2066.0
1129970 2066.0
1129980 2064.2
1129990 2063.8
1130000 2063.8
1130010 2063.9
1130020 2065.7
1130030 2065.7
1130040 2068.5
1130050 2070.9
1130060 2070.9
1130070 2072.2
1130080 2072.1
1130090 2072.1
1130100 2072.3
1130110 2072.1
1130120 2071.9
1130130 2071.9
1130140 2072.0
1130150 2071.2
1130160 2071.2
1130170 2067.5
1130180 2063.1
1130190 2063.1
1130200 2059.4
1130210 2055.8
1130220 2055.8
1130230 2053.0
1130240 2052.1
1130250 2052.1
1130260 2050.5
1130270 2048.6
1130280 2048.6
1130290 2046.9
1130300 2046.8
1130310 2047.2
1130320 2048.6
1130330 2047.6
1130340 2047.3
1130350 2047.3
1130360 2046.8
1130370 2047.0
1130380 2047.0
1130390 2047.0
1130400 2046.7
1130410 2046.7
1130420 2044.6
1130430 2043.5
1130440 2043.5
1130450 2042.4
1130460 2040.4
1130470 2040.4
1130480 2039.4
1130490 2037.3
1130500 2037.3
1130510 2033.6
1130520 2030.5
1130530 2030.5
1130540 2027.3
1130550 2024.3
1130560 2022.2
1130570 2022.2
1130580 2019.5
1130590 2015.0
1130600 2015.0
1130610 2011.2
1130620 2006.7
1130630 2006.7
1130640 2001.3
1130650 1997.0
1130660 1997.0
1130670 1997.1
1130680 1995.7
1130690 1995.7
1130700 1992.8
1130710 1989.1
1130720 1989.1
1130730 1985.5
1130740 1982.1
1130750 1982.1
1130760 1979.7
1130770 1975.8
1130780 1971.3
1130790 1971.3
1130800 1966.0
1130810 1960.3
1130820 1960.3
1130830 1954.2
1130840 1951.3
1130850 1951.3
1130860 1948.6
1130870 1946.2
1130880 1946.2
1130890 1943.5
1130900 1940.9
1130910 1940.9
1130920 1938.5
1130930 1936.1
1130940 1936.1
1130950 1934.4
1130960 1932.7
1130970 1932.7
1130980 1930.9
1130990 1929.9
1131000 1929.0
1131010 1929.0
1131020 1928.5
1131030 1927.8
1131040 1927.8
1131050 1927.4
1131060 1927.1
1131070 1927.1
1131080 1924.5
1131090 1920.2
1131100 1920.2
1131110 1925.2
1131120 1927.1
1131130 1927.1
1131140 1927.5
1131150 1928.8
1131160 1928.8
1131170 1930.4
1131180 1932.4
1131190 1932.4
1131200 1934.4
1131210 1937.1
1131220 1940.3
1131230 1940.3
1131240 1944.3
1131250 1948.4
1131260 1948.4
1131270 1952.5
1131280 1956.4
1131290 1956.4
1131300 1960.7
1131310 1964.6
1131320 1964.6
1131330 1968.6
1131340 1972.8
1131350 1972.8
1131360 1976.9
1131370 1980.2
1131380 1984.4
1131390 1987.5
1131400 1989.4
1131410 1989.4
1131420 1990.8
1131430 1990.8
1131440 1992.7
1131450 1992.7
1131460 1998.9
1131470 2010.5
1131480 2010.5
1131490 2019.7
1131500 2027.4
1131510 2027.4
1131520 2033.9
1131530 2039.4
1131540 2039.4
1131550 2045.4
1131560 2050.5
1131570 2050.5
1131580 2055.7
1131590 2063.4
1131600 2063.4
1131610 2071.3
1131620 2080.3
1131630 2080.3
1131640 2089.4
1131650 2096.2
1131660 2106.4
1131670 2106.4
1131680 2115.5
1131690 2119.2
1131700 2119.2
1131710 2125.2
1131720 2135.2
1131730 2135.2
1131740 2157.1
1131750 2161.5
1131760 2161.5
1131770 2161.3
1131780 2161.3
1131790 2161.3
1131800 2158.8
1131810 2158.6
1131820 2158.6
1131830 2161.4
1131840 2166.7
1131850 2166.7
1131860 2173.6
1131870 2179.5
1131880 2185.3
1131890 2185.3
1131900 2191.6
1131910 2200.5
1131920 2200.5
1131930 2215.1
1131940 2230.1
1131950 2230.1
1131960 2236.2
1131970 2236.8
1131980 2236.8
1131990 2237.1
1132000 2238.7
1132010 2238.7
1132020 2243.5
1132030 2246.6
1132040 2246.6
1132050 2249.9
1132060 2253.5
1132070 2253.5
1132080 2257.6
1132090 2260.3
1132100 2268.3
1132110 2268.3
1132120 2269.9
1132130 2271.9
1132140 2271.9
1132150 2276.7
1132160 2286.5
1132170 2286.5
1132180 2297.3
1132190 2309.4
1132200 2309.4
1132210 2328.0
1132220 2337.1
1132230 2337.1
1132240 2345.8
1132250 2353.0
1132260 2353.0
1132270 2360.5
1132280 2368.2
1132290 2368.2
1132300 2373.3
1132310 2375.4
1132320 2375.9
1132330 2375.9
1132340 2376.8
1132350 2376.9
1132360 2376.9
1132370 2374.6
1132380 2372.2
1132390 2372.2
1132400 2369.4
1132410 2365.4
1132420 2365.4
1132430 2366.7
1132440 2369.8
1132450 2369.8
1132460 2371.8
1132470 2371.8
1132480 2371.8
1132490 2372.5
1132500 2372.9
1132510 2372.9
1132520 2375.5
1132530 2378.8
1132540 2381.7
1132550 2381.7
1132560 2384.7
1132570 2388.6
1132580 2388.6
1132590 2390.6
1132600 2391.2
1132610 2391.2
1132620 2391.5
1132630 2393.1
1132640 2393.1
1132650 2397.4
1132660 2402.5
1132670 2402.5
1132680 2408.3
1132690 2414.0
1132700 2414.0
1132710 2420.1
1132720 2426.9
1132730 2426.9
1132740 2433.9
1132750 2441.1
1132760 2447.8
1132770 2447.8
1132780 2454.8
1132790 2461.9
1132800 2461.9
1132810 2469.0
1132820 2475.3
1132830 2475.3
1132840 2481.8
1132850 2488.2
1132860 2488.2
1132870 2493.7
1132880 2499.9
1132890 2499.9
1132900 2515.6
1132910 2535.3
1132920 2535.3
1132930 2551.1
1132940 2561.4
1132950 2561.4
1132960 2565.8
1132970 2572.3
1132980 2586.2
1132990 2586.2
1133000 2597.8
1133010 2599.9
1133020 2599.9
1133030 2604.4
1133040 2608.0
1133050 2608.0
1133060 2616.0
1133070 2626.2
1133080 2626.2
1133090 2638.0
1133100 2637.7
1133110 2637.7
1133120 2636.3
1133130 2649.5
1133140 2649.5
1133150 2661.9
1133160 2672.1
1133170 2672.1
1133180 2681.2
1133190 2688.8
1133200 2702.1
1133210 2702.1
1133220 2721.5
1133230 2735.8
1133240 2735.8
1133250 2726.2
1133260 2713.4
1133270 2713.4
1133280 2708.7
1133290 2700.2
1133300 2700.2
1133310 2691.8
1133320 2694.6
1133330 2694.6
1133340 2691.2
1133350 2687.1
1133360 2687.1
1133370 2684.4
1133380 2676.2
1133390 2676.2
1133400 2668.2
1133410 2666.3
1133420 2668.3
1133430 2668.3
1133440 2679.2
1133450 2700.5
1133460 2700.5
1133470 2723.7
1133480 2739.3
1133490 2739.3
1133500 2748.1
1133510 2756.7
1133520 2756.7
1133530 2767.4
1133540 2766.4
1133550 2766.4
1133560 2770.9
1133570 2778.0
1133580 2778.0
1133590 2787.8
1133600 2801.5
1133610 2813.9
1133620 2813.9
1133630 2823.7
1133640 2834.7
1133650 2834.7
1133660 2846.7
1133670 2856.7
1133680 2856.7
1133690 2861.5
1133700 2866.7
1133710 2866.7
1133720 2876.0
1133730 2892.6
1133740 2892.6
1133750 2902.9
1133760 2913.6
1133770 2913.6
1133780 2928.6
1133790 2935.8
1133800 2935.8
1133810 2943.3
1133820 2955.1
1133830 2969.7
1133840 2969.7
1133850 2982.7
1133860 2993.8
1133870 2993.8
1133880 3004.7
1133890 3014.7
1133900 3014.7
1133910 3002.1
1133920 2999.2
1133930 2999.2
1133940 2997.8
1133950 2996.4
1133960 2996.4
1133970 2992.5
1133980 2987.7
1133990 2987.7
1134000 2983.7
1134010 2972.5
1134020 2972.5
1134030 2954.9
1134040 2945.8
1134050 2946.5
1134060 2946.5
1134070 2953.9
1134080 2958.1
1134090 2958.1
1134100 2953.2
1134110 2948.6
1134120 2948.6
1134130 2937.3
1134140 2929.1
1134150 2929.1
1134160 2929.3
1134170 2930.2
1134180 2930.2
1134190 2923.0
1134200 2906.8
1134210 2906.8
1134220 2892.2
1134230 2878.2
1134240 2878.2
1134250 2873.0
1134260 2872.4
1134270 2888.4
1134280 2888.4
1134290 2876.8
1134300 2885.2
1134310 2885.2
1134320 2884.1
1134330 2878.3
1134340 2878.3
1134350 2882.5
1134360 2884.7
1134370 2884.7
1134380 2884.5
1134390 2885.0
1134400 2885.0
1134410 2883.2
1134420 2876.2
1134430 2876.2
1134440 2876.9
1134450 2879.4
1134460 2879.4
1134470 2878.9
1134480 2875.6
1134490 2875.2
1134500 2875.2
1134510 2869.1
1134520 2860.0
1134530 2860.0
1134540 2844.4
1134550 2813.4
1134560 2813.4
1134570 2776.4
1134580 2752.6
1134590 2752.6
1134600 2735.3
1134610 2718.3
1134620 2718.3
1134630 2733.1
1134640 2712.7
1134650 2712.7
1134660 2679.6
1134670 2655.5
1134680 2655.5
1134690 2640.6
1134700 2630.1
1134710 2618.0
1134720 2618.0
1134730 2608.1
1134740 2599.9
1134750 2599.9
1134760 2591.7
1134770 2582.9
1134780 2582.9
1134790 2569.7
1134800 2553.9
1134810 2553.9
1134820 2535.8
1134830 2517.5
1134840 2517.5
1134850 2508.2
1134860 2505.5
1134870 2505.5
1134880 2493.3
1134890 2476.3
1134900 2476.3
1134910 2461.9
1134920 2451.6
1134930 2443.6
1134940 2443.6
1134950 2435.5
1134960 2428.2
1134970 2428.2
1134980 2420.9
1134990 2417.7
1135000 2417.7
1135010 2411.0
1135020 2404.0
1135030 2404.0
1135040 2394.1
1135050 2384.3
1135060 2384.3
1135070 2374.2
1135080 2360.9
1135090 2360.9
1135100 2350.8
1135110 2341.0
1135120 2341.0
1135130 2327.9
1135140 2315.9
1135150 2304.1
1135160 2304.1
1135170 2293.0
1135180 2283.2
1135190 2283.2
1135200 2276.5
1135210 2265.1
1135220 2265.1
1135230 2249.4
1135240 2231.8
1135250 2231.8
1135260 2210.8
1135270 2193.9
1135280 2193.9
1135290 2177.5
1135300 2165.3
1135310 2165.3
1135320 2156.5
1135330 2149.5
1135340 2149.5
1135350 2145.3
1135360 2138.7
1135370 2132.8
1135380 2132.8
1135390 2127.0
1135400 2120.9
1135410 2120.9
1135420 2115.1
1135430 2109.1
1135440 2109.1
1135450 2103.0
1135460 2097.2
1135470 2097.2
1135480 2092.0
1135490 2086.5
1135500 2086.5
1135510 2081.0
1135520 2076.3
1135530 2076.3
1135540 2070.7
1135550 2066.0
1135560 2066.0
1135570 2061.5
1135580 2056.5
1135590 2051.5
1135600 2051.5
1135610 2046.4
1135620 2041.2
1135630 2041.2
1135640 2036.6
1135650 2032.0
1135660 2032.0
1135670 2027.2
1135680 2023.1
1135690 2023.1
1135700 2019.8
1135710 2017.0
1135720 2021.7
1135730 2019.0
1135740 2015.9
1135750 2015.9
1135760 2012.5
1135770 2008.7
1135780 2008.7
1135790 2004.9
1135800 2002.0
1135810 1999.4
1135820 1999.4
1135830 1997.0
1135840 1996.5
1135850 1996.5
1135860 1995.5
1135870 1993.1
1135880 1993.1
1135890 1991.4
1135900 1991.8
1135910 1991.8
1135920 1993.2
1135930 1993.2
1135940 1993.2
1135950 1991.1
1135960 1991.5
1135970 1991.5
1135980 1995.9
1135990 1999.7
1136000 1999.7
1136010 2002.9
1136020 2005.6
1136030 2005.8
1136040 2005.8
1136050 2005.4
1136060 2007.4
1136070 2007.4
1136080 2010.4
1136090 2015.7
1136100 2015.7
1136110 2020.8
1136120 2025.7
1136130 2025.7
1136140 2030.8
1136150 2037.2
1136160 2037.2
1136170 2049.0
1136180 2063.1
1136190 2063.1
1136200 2072.1
1136210 2080.9
1136220 2080.9
1136230 2089.9
1136240 2097.6
1136250 2105.3
1136260 2105.3
1136270 2112.4
1136280 2123.5
1136290 2123.5
1136300 2139.6
1136310 2153.7
1136320 2153.7
1136330 2167.7
1136340 2178.9
1136350 2178.9
1136360 2191.8
1136370 2206.9
1136380 2206.9
1136390 2217.7
1136400 2225.6
1136410 2225.6
1136420 2232.5
1136430 2240.2
1136440 2240.2
1136450 2257.0
1136460 2267.2
1136470 2271.7
1136480 2271.7
1136490 2277.8
1136500 2286.5
1136510 2286.5
1136520 2301.2
1136530 2320.1
1136540 2320.1
1136550 2331.8
1136560 2341.2
1136570 2341.2
1136580 2349.9
1136590 2358.6
1136600 2358.6
1136610 2366.6
1136620 2374.2
1136630 2374.2
1136640 2382.5
1136650 2389.2
1136660 2389.2
1136670 2394.5
1136680 2396.8
1136690 2398.3
1136700 2398.3
1136710 2401.0
1136720 2404.7
1136730 2404.7
1136740 2408.9
1136750 2412.0
1136760 2412.0
1136770 2414.6
1136780 2418.1
1136790 2418.1
1136800 2421.6
1136810 2418.8
1136820 2418.8
1136830 2419.8
1136840 2423.4
1136850 2423.4
1136860 2427.9
1136870 2432.5
1136880 2432.5
1136890 2436.4
1136900 2439.9
1136910 2443.4
1136920 2443.4
1136930 2447.4
1136940 2449.5
1136950 2449.5
1136960 2452.5
1136970 2456.8
1136980 2456.8
1136990 2461.6
1137000 2466.4
1137010 2466.4
1137020 2471.0
1137030 2475.8
1137040 2475.8
1137050 2480.0
1137060 2483.8
1137070 2483.8
1137080 2487.4
1137090 2490.9
1137100 2490.9
1137110 2494.1
1137120 2498.3
1137130 2502.9
1137140 2502.9
1137150 2508.7
1137160 2513.4
1137170 2510.0
1137180 2514.6
1137190 2519.5
1137200 2519.5
1137210 2524.5
1137220 2529.7
1137230 2529.7
1137240 2535.1
1137250 2540.6
1137260 2540.6
1137270 2546.3
1137280 2551.8
1137290 2551.8
1137300 2556.9
1137310 2561.4
1137320 2561.4
1137330 2566.5
1137340 2574.2
1137350 2585.8
1137360 2585.8
1137370 2593.3
1137380 2598.9
1137390 2598.9
1137400 2602.2
1137410 2608.7
1137420 2608.7
1137430 2611.2
1137440 2613.9
1137450 2613.9
1137460 2620.2
1137470 2626.9
1137480 2626.9
1137490 2632.5
1137500 2637.5
1137510 2637.5
1137520 2640.1
1137530 2639.9
1137540 2644.5
1137550 2641.8
1137560 2640.1
1137570 2640.9
1137580 2640.9
1137590 2647.1
1137600 2654.8
1137610 2654.8
1137620 2660.8
1137630 2665.9
1137640 2665.9
1137650 2669.0
1137660 2670.7
1137670 2670.7
1137680 2671.7
1137690 2672.9
1137700 2672.9
1137710 2674.6
1137720 2676.8
1137730 2676.8
1137740 2679.4
1137750 2681.9
1137760 2684.5
1137770 2684.5
1137780 2687.3
1137790 2689.9
1137800 2689.9
1137810 2692.3
1137820 2695.4
1137830 2695.4
1137840 2699.9
1137850 2706.9
1137860 2706.9
1137870 2714.6
1137880 2718.7
1137890 2718.7
1137900 2716.3
1137910 2717.0
1137920 2717.0
1137930 2718.8
1137940 2723.1
1137950 2723.1
1137960 2740.4
1137970 2753.5
1137980 2760.0
1137990 2760.0
1138000 2765.5
1138010 2770.8
1138020 2770.8
1138030 2776.0
1138040 2780.8
1138050 2780.8
1138060 2786.8
1138070 2792.0
1138080 2792.0
1138090 2797.9
1138100 2805.6
1138110 2805.6
1138120 2815.9
1138130 2829.2
1138140 2829.2
1138150 2844.0
1138160 2857.5
1138170 2857.5
1138180 2867.0
1138190 2877.2
1138200 2887.9
1138210 2887.9
1138220 2895.0
1138230 2904.9
1138240 2904.9
1138250 2916.0
1138260 2925.0
1138270 2926.3
1138280 2950.0
1138290 2961.5
1138300 2961.5
1138310 2961.5
1138320 2968.9
1138330 2968.9
1138340 2976.1
1138350 2977.8
1138360 2977.8
1138370 2980.4
1138380 2989.7
1138390 2989.7
1138400 3003.3
1138410 3012.1
1138420 3015.6
1138430 3015.6
1138440 3022.2
1138450 3029.8
1138460 3029.8
1138470 3038.9
1138480 3049.1
1138490 3049.1
1138500 3059.4
1138510 3072.6
1138520 3072.6
1138530 3078.5
1138540 3067.9
1138550 3067.9
1138560 3066.4
1138570 3060.0
1138580 3060.0
1138590 3049.2
1138600 3036.6
1138610 3036.6
1138620 3026.3
1138630 3021.5
1138640 3035.7
1138650 3035.7
1138660 3036.6
1138670 3034.2
1138680 3034.2
1138690 3031.2
1138700 3018.3
1138710 3018.3
1138720 3004.6
1138730 2998.4
1138740 2998.4
1138750 2993.6
1138760 2987.6
1138770 2987.6
1138780 2984.1
1138790 2982.0
1138800 2982.0
1138810 2980.8
1138820 2978.1
1138830 2978.1
1138840 2974.5
1138850 2972.7
1138860 2971.3
1138870 2971.3
1138880 2968.9
1138890 2966.2
1138900 2966.2
1138910 2964.7
1138920 2963.8
1138930 2963.8
1138940 2963.2
1138950 2963.6
1138960 2963.6
1138970 2964.4
1138980 2965.2
1138990 2965.2
1139000 2973.5
1139010 2975.0
1139020 2975.0
1139030 2978.4
1139040 2984.5
1139050 2984.5
1139060 2993.1
1139070 3009.7
1139080 3027.9
1139090 3027.9
1139100 3041.4
1139110 3049.0
1139120 3049.0
1139130 3052.7
1139140 3048.2
1139150 3048.2
1139160 3041.9
1139170 3041.3
1139180 3041.3
1139190 3047.3
1139200 3043.7
1139210 3043.7
1139220 3033.2
1139230 3026.3
1139240 3026.3
1139250 3024.7
1139260 3015.5
1139270 3015.5
1139280 3005.4
1139290 3001.5
1139300 2995.2
1139310 2995.2
1139320 2986.0
1139330 2979.4
1139340 2979.4
1139350 2975.0
1139360 2969.4
1139370 2983.7
1139380 2976.4
1139390 2963.6
1139400 2963.6
1139410 2948.8
1139420 2932.7
1139430 2932.7
1139440 2923.7
1139450 2919.0
1139460 2919.0
1139470 2915.4
1139480 2910.6
1139490 2910.6
1139500 2905.9
1139510 2900.9
1139520 2888.2
1139530 2888.2
1139540 2871.9
1139550 2852.4
1139560 2852.4
1139570 2836.1
1139580 2812.4
1139590 2812.4
1139600 2798.3
1139610 2789.6
1139620 2789.6
1139630 2782.3
1139640 2775.9
1139650 2775.9
1139660 2770.3
1139670 2765.0
1139680 2765.0
1139690 2760.3
1139700 2756.2
1139710 2756.2
1139720 2751.9
1139730 2748.1
1139740 2750.9
1139750 2750.9
1139760 2749.4
1139770 2749.6
1139780 2749.6
1139790 2752.2
1139800 2755.8
1139810 2755.8
1139820 2759.1
1139830 2762.2
1139840 2762.2
1139850 2764.0
1139860 2762.0
1139870 2762.0
1139880 2757.5
1139890 2750.4
1139900 2750.4
1139910 2740.6
1139920 2731.5
1139930 2731.5
1139940 2725.0
1139950 2718.4
1139960 2708.1
1139970 2708.1
1139980 2703.0
1139990 2698.7
