1120000 1770.6
1120010 1770.6
1120020 1770.3
1120030 1769.7
1120040 1769.7
1120050 1768.2
1120060 1767.0
1120070 1767.0
1120080 1765.2
1120090 1763.7
1120100 1763.7
1120110 1763.1
1120120 1763.4
1120130 1763.4
1120140 1767.2
1120150 1768.6
1120160 1769.5
1120170 1769.5
1120180 1770.9
1120190 1772.0
1120200 1772.0
1120210 1773.7
1120220 1775.0
1120230 1775.0
1120240 1775.3
1120250 1776.9
1120260 1776.9
1120270 1777.4
1120280 1778.3
1120290 1778.3
1120300 1777.2
1120310 1779.6
1120320 1779.6
1120330 1780.6
1120340 1779.7
1120350 1779.7
1120360 1783.0
1120370 1785.6
1120380 1785.2
1120390 1785.2
1120400 1783.9
1120410 1780.8
1120420 1780.8
1120430 1781.2
1120440 1781.6
1120450 1781.6
1120460 1779.4
1120470 1776.6
1120480 1776.6
1120490 1779.3
1120500 1779.0
1120510 1779.0
1120520 1779.5
1120530 1777.1
1120540 1777.1
1120550 1773.9
1120560 1772.0
1120570 1772.0
1120580 1770.1
1120590 1769.2
1120600 1768.9
1120610 1768.9
1120620 1768.0
1120630 1766.7
1120640 1766.7
1120650 1765.4
1120660 1763.5
1120670 1763.5
1120680 1760.5
1120690 1756.9
1120700 1756.9
1120710 1751.4
1120720 1745.6
1120730 1745.6
1120740 1739.9
1120750 1743.9
1120760 1743.9
1120770 1745.5
1120780 1747.1
1120790 1747.1
1120800 1750.1
1120810 1754.8
1120820 1753.1
1120830 1753.1
1120840 1758.9
1120850 1758.7
1120860 1758.7
1120870 1762.6
1120880 1764.1
1120890 1764.1
1120900 1761.8
1120910 1756.6
1120920 1756.6
1120930 1753.0
1120940 1752.4
1120950 1752.4
1120960 1755.6
1120970 1755.3
1120980 1755.3
1120990 1754.4
1121000 1753.0
1121010 1753.0
1121020 1750.4
1121030 1752.8
1121040 1753.5
1121050 1753.5
1121060 1752.0
1121070 1748.2
1121080 1748.2
1121090 1743.6
1121100 1741.2
1121110 1741.2
1121120 1737.7
1121130 1737.6
1121140 1737.6
1121150 1738.6
1121160 1739.3
1121170 1739.3
1121180 1736.3
1121190 1746.2
1121200 1746.2
1121210 1747.5
1121220 1745.2
1121230 1745.2
1121240 1742.6
1121250 1742.8
1121260 1747.0
1121270 1747.0
1121280 1751.3
1121290 1756.6
1121300 1756.6
1121310 1761.2
1121320 1764.3
1121330 1764.3
1121340 1765.6
1121350 1766.7
1121360 1766.7
1121370 1766.6
1121380 1764.5
1121390 1764.5
1121400 1761.7
1121410 1763.1
1121420 1763.1
1121430 1764.5
1121440 1761.0
1121450 1761.0
1121460 1757.5
1121470 1756.1
1121480 1754.8
1121490 1754.8
1121500 1759.2
1121510 1764.9
1121520 1764.9
1121530 1771.8
1121540 1782.5
1121550 1782.5
1121560 1791.2
1121570 1799.0
1121580 1799.0
1121590 1799.2
1121600 1796.2
1121610 1796.2
1121620 1793.7
1121630 1794.5
1121640 1794.5
1121650 1793.3
1121660 1792.2
1121670 1792.2
1121680 1788.6
1121690 1785.6
1121700 1786.4
1121710 1786.4
1121720 1787.2
1121730 1790.6
1121740 1790.6
1121750 1793.4
1121760 1796.0
1121770 1796.0
1121780 1798.3
1121790 1800.2
1121800 1800.2
1121810 1801.6
1121820 1802.5
1121830 1802.5
1121840 1803.5
1121850 1804.2
1121860 1804.2
1121870 1804.9
1121880 1805.6
1121890 1809.0
1121900 1810.4
1121910 1811.2
1121920 1811.2
1121930 1811.2
1121940 1812.7
1121950 1813.6
1121960 1813.6
1121970 1813.8
1121980 1813.9
1121990 1813.9
1122000 1813.9
1122010 1813.2
1122020 1813.2
1122030 1812.5
1122040 1811.5
1122050 1811.5
1122060 1811.5
1122070 1812.1
1122080 1812.1
1122090 1812.9
1122100 1813.6
1122110 1813.6
1122120 1813.5
1122130 1813.0
1122140 1812.1
1122150 1812.1
1122160 1811.4
1122170 1810.1
1122180 1810.1
1122190 1810.6
1122200 1809.5
1122210 1809.5
1122220 1809.4
1122230 1809.2
1122240 1814.2
1122250 1814.2
1122260 1813.6
1122270 1813.6
1122280 1814.1
1122290 1814.8
1122300 1814.8
1122310 1816.0
1122320 1815.8
1122330 1815.8
1122340 1814.3
1122350 1811.0
1122360 1809.5
1122370 1809.5
1122380 1807.3
1122390 1805.8
1122400 1805.8
1122410 1803.1
1122420 1798.6
1122430 1798.6
1122440 1794.2
1122450 1792.5
1122460 1792.5
1122470 1793.3
1122480 1793.2
1122490 1793.2
1122500 1791.2
1122510 1786.9
1122520 1786.9
1122530 1783.5
1122540 1783.7
1122550 1783.7
1122560 1783.3
1122570 1780.7
1122580 1776.2
1122590 1781.6
1122600 1781.4
1122610 1782.2
1122620 1782.2
1122630 1778.1
1122640 1770.6
1122650 1770.6
1122660 1768.0
1122670 1773.3
1122680 1773.3
1122690 1775.5
1122700 1777.1
1122710 1777.1
1122720 1777.0
1122730 1776.3
1122740 1776.3
1122750 1774.7
1122760 1771.9
1122770 1771.9
1122780 1769.3
1122790 1770.2
1122800 1767.8
1122810 1767.8
1122820 1761.6
1122830 1760.5
1122840 1760.5
1122850 1760.2
1122860 1758.6
1122870 1758.6
1122880 1755.4
1122890 1755.1
1122900 1755.1
1122910 1755.2
1122920 1753.5
1122930 1753.5
1122940 1757.5
1122950 1756.1
1122960 1756.1
1122970 1756.5
1122980 1755.5
1122990 1755.5
1123000 1753.3
1123010 1751.2
1123020 1749.0
1123030 1749.0
1123040 1746.9
1123050 1742.9
1123060 1742.9
1123070 1737.7
1123080 1735.3
1123090 1735.3
1123100 1738.8
1123110 1741.8
1123120 1741.8
1123130 1741.7
1123140 1740.7
1123150 1740.7
1123160 1739.3
1123170 1737.7
1123180 1737.7
1123190 1735.4
1123200 1732.1
1123210 1732.1
1123220 1729.6
1123230 1727.0
1123240 1723.9
1123250 1723.9
1123260 1723.5
1123270 1724.0
1123280 1724.0
1123290 1732.0
1123300 1731.8
1123310 1731.8
1123320 1731.3
1123330 1733.6
1123340 1733.6
1123350 1734.9
1123360 1732.1
1123370 1732.1
1123380 1729.6
1123390 1726.7
1123400 1726.7
1123410 1724.5
1123420 1722.9
1123430 1722.9
1123440 1721.5
1123450 1719.3
1123460 1716.6
1123470 1716.6
1123480 1714.3
1123490 1713.9
1123500 1713.9
1123510 1713.1
1123520 1711.8
1123530 1711.8
1123540 1710.4
1123550 1709.9
1123560 1709.9
1123570 1709.4
1123580 1710.3
1123590 1710.3
1123600 1712.1
1123610 1713.1
1123620 1713.1
1123630 1712.9
1123640 1717.1
1123650 1717.1
1123660 1714.9
1123670 1712.2
1123680 1708.7
1123690 1708.7
1123700 1707.1
1123710 1708.2
1123720 1708.2
1123730 1710.7
1123740 1712.3
1123750 1712.3
1123760 1713.2
1123770 1713.0
1123780 1713.0
1123790 1712.0
1123800 1710.6
1123810 1710.6
1123820 1708.6
1123830 1707.9
1123840 1707.9
1123850 1707.8
1123860 1706.8
1123870 1706.8
1123880 1705.8
1123890 1706.5
1123900 1706.3
1123910 1706.3
1123920 1705.6
1123930 1703.5
1123940 1703.5
1123950 1701.7
1123960 1701.2
1123970 1701.2
1123980 1703.3
1123990 1710.0
1124000 1710.0
1124010 1711.5
1124020 1713.1
1124030 1713.1
1124040 1713.9
1124050 1714.4
1124060 1714.4
1124070 1714.2
1124080 1713.3
1124090 1713.3
1124100 1710.7
1124110 1708.3
1124120 1706.5
1124130 1706.5
1124140 1704.5
1124150 1702.2
1124160 1702.2
1124170 1700.5
1124180 1699.5
1124190 1699.5
1124200 1700.0
1124210 1701.7
1124220 1701.7
1124230 1702.4
1124240 1701.7
1124250 1701.7
1124260 1700.5
1124270 1700.3
1124280 1700.3
1124290 1699.8
1124300 1699.7
1124310 1699.7
1124320 1700.2
1124330 1700.2
1124340 1705.0
1124350 1705.0
1124360 1707.1
1124370 1709.0
1124380 1709.0
1124390 1710.5
1124400 1712.6
1124410 1712.6
1124420 1714.8
1124430 1715.3
1124440 1715.3
1124450 1717.5
1124460 1719.4
1124470 1719.4
1124480 1721.0
1124490 1722.7
1124500 1722.7
1124510 1724.3
1124520 1725.9
1124530 1725.9
1124540 1727.4
1124550 1728.3
1124560 1729.1
1124570 1729.1
1124580 1729.4
1124590 1729.9
1124600 1729.9
1124610 1731.1
1124620 1731.3
1124630 1731.3
1124640 1731.6
1124650 1731.6
1124660 1731.6
1124670 1730.9
1124680 1730.0
1124690 1730.0
1124700 1730.9
1124710 1729.4
1124720 1729.4
1124730 1728.2
1124740 1727.0
1124750 1727.0
1124760 1726.5
1124770 1728.3
1124780 1728.9
1124790 1728.9
1124800 1728.8
1124810 1728.3
1124820 1728.3
1124830 1728.0
1124840 1727.6
1124850 1727.6
1124860 1728.4
1124870 1730.1
1124880 1730.1
1124890 1731.1
1124900 1733.3
1124910 1733.3
1124920 1733.3
1124930 1733.3
1124940 1733.3
1124950 1734.1
1124960 1734.3
1124970 1734.3
1124980 1734.1
1124990 1734.1
1125000 1734.1
1125010 1734.1
1125020 1733.3
1125030 1732.4
1125040 1732.4
1125050 1736.4
1125060 1737.4
1125070 1737.4
1125080 1739.0
1125090 1740.4
1125100 1740.4
1125110 1741.0
1125120 1741.5
1125130 1741.5
1125140 1741.7
1125150 1743.4
1125160 1743.4
1125170 1745.1
1125180 1745.6
1125190 1745.6
1125200 1745.3
1125210 1745.9
1125220 1748.7
1125230 1748.7
1125240 1750.5
1125250 1751.1
1125260 1751.1
1125270 1752.3
1125280 1753.9
1125290 1753.9
1125300 1754.5
1125310 1752.8
1125320 1752.8
1125330 1752.3
1125340 1754.2
1125350 1754.2
1125360 1754.8
1125370 1755.1
1125380 1755.1
1125390 1755.4
1125400 1758.3
1125410 1758.3
1125420 1757.6
1125430 1755.9
1125440 1753.5
1125450 1753.5
1125460 1752.0
1125470 1750.7
1125480 1750.7
1125490 1749.9
1125500 1750.4
1125510 1750.4
1125520 1751.3
1125530 1752.2
1125540 1752.2
1125550 1752.0
1125560 1751.6
1125570 1751.6
1125580 1751.8
1125590 1752.1
1125600 1752.1
1125610 1753.4
1125620 1754.9
1125630 1754.9
1125640 1755.6
1125650 1755.1
1125660 1753.0
1125670 1753.0
1125680 1751.4
1125690 1751.5
1125700 1751.5
1125710 1752.1
1125720 1753.9
1125730 1753.9
1125740 1756.8
1125750 1760.9
1125760 1760.9
1125770 1762.9
1125780 1765.7
1125790 1765.7
1125800 1769.2
1125810 1772.7
1125820 1772.7
1125830 1776.1
1125840 1779.2
1125850 1779.2
1125860 1781.3
1125870 1783.4
1125880 1784.8
1125890 1784.8
1125900 1785.6
1125910 1785.6
1125920 1785.6
1125930 1785.7
1125940 1786.5
1125950 1786.5
1125960 1787.3
1125970 1789.3
1125980 1789.3
1125990 1791.7
1126000 1793.3
1126010 1793.3
1126020 1794.3
1126030 1794.8
1126040 1794.8
1126050 1795.7
1126060 1796.9
1126070 1796.9
1126080 1798.3
1126090 1799.4
1126100 1800.2
1126110 1800.7
1126120 1800.8
1126130 1800.8
1126140 1800.8
1126150 1800.8
1126160 1801.0
1126170 1801.0
1126180 1801.6
1126190 1802.5
1126200 1802.5
1126210 1803.7
1126220 1804.7
1126230 1804.7
1126240 1805.3
1126250 1806.2
1126260 1806.2
1126270 1808.4
1126280 1809.3
1126290 1809.3
1126300 1810.4
1126310 1812.2
1126320 1813.7
1126330 1813.7
1126340 1815.9
1126350 1815.7
1126360 1815.7
1126370 1814.2
1126380 1813.2
1126390 1813.2
1126400 1812.6
1126410 1812.2
1126420 1812.2
1126430 1813.1
1126440 1815.6
1126450 1815.6
1126460 1818.9
1126470 1819.7
1126480 1819.7
1126490 1820.5
1126500 1822.0
1126510 1822.0
1126520 1822.7
1126530 1822.3
1126540 1822.4
1126550 1822.4
1126560 1823.5
1126570 1823.7
1126580 1823.7
1126590 1823.8
1126600 1824.6
1126610 1824.6
1126620 1825.0
1126630 1823.9
1126640 1823.9
1126650 1822.5
1126660 1822.3
1126670 1822.3
1126680 1822.5
1126690 1822.7
1126700 1822.7
1126710 1823.0
1126720 1822.9
1126730 1822.9
1126740 1823.7
1126750 1825.1
1126760 1827.0
1126770 1827.0
1126780 1827.4
1126790 1827.9
1126800 1827.9
1126810 1829.1
1126820 1831.6
1126830 1831.6
1126840 1831.0
1126850 1831.7
1126860 1831.7
1126870 1832.7
1126880 1833.9
1126890 1833.9
1126900 1835.5
1126910 1838.2
1126920 1838.2
1126930 1839.1
1126940 1840.3
1126950 1840.3
1126960 1841.8
1126970 1842.7
1126980 1845.9
1126990 1845.9
1127000 1853.5
1127010 1856.9
1127020 1856.9
1127030 1857.1
1127040 1855.9
1127050 1855.9
1127060 1855.1
1127070 1856.4
1127080 1856.4
1127090 1857.0
1127100 1857.1
1127110 1857.1
1127120 1856.1
1127130 1855.0
1127140 1855.0
1127150 1853.7
1127160 1852.1
1127170 1860.3
1127180 1859.9
1127190 1858.0
1127200 1856.1
1127210 1856.1
1127220 1855.7
1127230 1855.4
1127240 1855.4
1127250 1855.8
1127260 1855.8
1127270 1855.8
1127280 1855.8
1127290 1855.6
1127300 1855.6
1127310 1854.6
1127320 1853.6
1127330 1853.6
1127340 1854.1
1127350 1855.4
1127360 1855.4
1127370 1858.3
1127380 1861.0
1127390 1861.0
1127400 1864.2
1127410 1866.7
1127420 1869.5
1127430 1869.5
1127440 1870.7
1127450 1871.7
1127460 1871.7
1127470 1873.3
1127480 1877.0
1127490 1877.0
1127500 1878.1
1127510 1877.0
1127520 1883.9
1127530 1884.3
1127540 1882.5
1127550 1882.5
1127560 1879.0
1127570 1878.8
1127580 1878.8
1127590 1882.1
1127600 1883.6
1127610 1883.6
1127620 1882.9
1127630 1884.3
1127640 1885.5
1127650 1885.5
1127660 1888.3
1127670 1888.2
1127680 1888.2
1127690 1888.1
1127700 1889.2
1127710 1889.2
1127720 1890.2
1127730 1891.6
1127740 1891.6
1127750 1892.6
1127760 1892.4
1127770 1892.4
1127780 1893.0
1127790 1893.9
1127800 1893.9
1127810 1894.0
1127820 1894.9
1127830 1894.9
1127840 1895.7
1127850 1897.1
1127860 1898.0
1127870 1898.0
1127880 1902.7
1127890 1903.8
1127900 1903.8
1127910 1905.2
1127920 1905.9
1127930 1905.9
1127940 1906.4
1127950 1906.9
1127960 1906.9
1127970 1906.7
1127980 1906.4
1127990 1906.4
1128000 1907.7
1128010 1909.3
1128020 1909.3
1128030 1910.9
1128040 1911.3
1128050 1911.3
1128060 1911.9
1128070 1912.8
1128080 1912.2
1128090 1912.2
1128100 1911.8
1128110 1911.7
1128120 1911.7
1128130 1910.9
1128140 1909.5
1128150 1909.5
1128160 1909.1
1128170 1909.0
1128180 1909.0
1128190 1908.9
1128200 1908.6
1128210 1908.6
1128220 1908.1
1128230 1907.7
1128240 1910.5
1128250 1909.3
1128260 1908.7
1128270 1908.7
1128280 1908.8
1128290 1909.0
1128300 1909.1
1128310 1909.1
1128320 1909.5
1128330 1909.5
1128340 1909.5
1128350 1909.9
1128360 1909.7
1128370 1909.7
1128380 1910.4
1128390 1914.6
1128400 1914.6
1128410 1917.3
1128420 1919.0
1128430 1919.0
1128440 1919.9
1128450 1920.1
1128460 1920.1
1128470 1920.4
1128480 1920.8
1128490 1920.8
1128500 1921.2
1128510 1921.8
1128520 1921.9
1128530 1921.9
1128540 1922.9
1128550 1923.6
1128560 1923.6
1128570 1923.6
1128580 1923.5
1128590 1928.5
1128600 1931.1
1128610 1934.1
1128620 1934.1
1128630 1938.0
1128640 1940.1
1128650 1940.1
1128660 1943.4
1128670 1946.3
1128680 1946.3
1128690 1946.5
1128700 1945.4
1128710 1945.4
1128720 1944.3
1128730 1941.3
1128740 1939.7
1128750 1939.7
1128760 1937.5
1128770 1937.8
1128780 1937.8
1128790 1938.9
1128800 1940.4
1128810 1940.4
1128820 1943.0
1128830 1945.8
1128840 1945.8
1128850 1946.4
1128860 1946.8
1128870 1946.8
1128880 1947.2
1128890 1948.9
1128900 1948.9
1128910 1952.9
1128920 1957.2
1128930 1957.2
1128940 1960.3
1128950 1969.4
1128960 1971.6
1128970 1971.6
1128980 1972.4
1128990 1973.0
1129000 1973.0
1129010 1973.2
1129020 1974.5
1129030 1974.5
1129040 1974.8
1129050 1976.9
1129060 1976.9
1129070 1975.4
1129080 1973.8
1129090 1973.8
1129100 1973.5
1129110 1977.1
1129120 1977.1
1129130 1990.0
1129140 1997.4
1129150 1997.4
1129160 2000.5
1129170 2000.7
1129180 1999.3
1129190 1999.3
1129200 1996.9
1129210 1994.9
1129220 1994.9
1129230 1995.3
1129240 1997.1
1129250 1997.1
1129260 1997.6
1129270 1997.2
1129280 1997.2
1129290 1997.5
1129300 1999.0
1129310 1999.0
1129320 1997.9
1129330 1996.0
1129340 1996.0
1129350 1993.8
1129360 1994.7
1129370 1994.7
1129380 1996.2
1129390 1995.6
1129400 1992.9
1129410 1992.9
1129420 1989.0
1129430 1984.1
1129440 1984.1
1129450 1979.8
1129460 1977.9
1129470 1977.9
1129480 1975.5
1129490 1977.0
1129500 1977.0
1129510 1979.1
1129520 1980.6
1129530 1980.6
1129540 1981.1
1129550 1981.4
1129560 1981.4
1129570 1982.1
1129580 1983.2
1129590 1983.2
1129600 1984.0
1129610 1983.3
1129620 1982.3
1129630 1982.3
1129640 1981.7
1129650 1981.1
1129660 1987.7
1129670 1985.8
1129680 1983.9
1129690 1983.9
1129700 1982.6
1129710 1981.2
1129720 1981.2
1129730 1980.1
1129740 1980.5
1129750 1980.5
1129760 1981.7
1129770 1981.9
1129780 1981.9
1129790 1982.2
1129800 1981.7
1129810 1981.7
1129820 1979.7
1129830 1977.1
1129840 1974.1
1129850 1974.1
1129860 1972.5
1129870 1971.5
1129880 1971.5
1129890 1969.7
1129900 1971.3
1129910 1971.3
1129920 1973.5
1129930 1974.9
1129940 1974.9
1129950 1974.9
1129960 1972.8
1129970 1972.8
1129980 1968.5
1129990 1964.0
1130000 1964.0
1130010 1961.3
1130020 1962.2
1130030 1962.2
1130040 1960.6
1130050 1960.0
1130060 1960.5
1130070 1960.5
1130080 1959.6
1130090 1959.8
1130100 1959.8
1130110 1960.1
1130120 1959.2
1130130 1959.2
1130140 1957.8
1130150 1956.0
1130160 1956.0
1130170 1956.1
1130180 1957.0
1130190 1957.0
1130200 1958.0
1130210 1958.9
1130220 1958.9
1130230 1957.9
1130240 1953.9
1130250 1953.9
1130260 1950.3
1130270 1948.2
1130280 1946.9
1130290 1946.9
1130300 1946.3
1130310 1945.8
1130320 1945.8
1130330 1946.6
1130340 1946.6
1130350 1946.6
1130360 1946.0
1130370 1945.4
1130380 1948.3
1130390 1948.6
1130400 1950.5
1130410 1950.5
1130420 1951.2
1130430 1950.0
1130440 1950.0
1130450 1949.1
1130460 1948.2
1130470 1948.2
1130480 1948.0
1130490 1949.2
1130500 1949.3
1130510 1949.3
1130520 1950.8
1130530 1952.7
1130540 1952.7
1130550 1957.9
1130560 1961.9
1130570 1961.9
1130580 1963.0
1130590 1961.6
1130600 1961.6
1130610 1957.2
1130620 1954.2
1130630 1954.2
1130640 1954.4
1130650 1955.5
1130660 1955.5
1130670 1952.6
1130680 1950.2
1130690 1950.2
1130700 1945.9
1130710 1942.3
1130720 1939.3
1130730 1943.4
1130740 1940.2
1130750 1938.3
1130760 1938.3
1130770 1937.6
1130780 1935.5
1130790 1935.5
1130800 1933.6
1130810 1934.5
1130820 1934.5
1130830 1932.3
1130840 1928.9
1130850 1928.9
1130860 1926.7
1130870 1929.2
1130880 1929.2
1130890 1932.8
1130900 1935.5
1130910 1935.5
1130920 1935.8
1130930 1933.4
1130940 1929.5
1130950 1929.5
1130960 1925.4
1130970 1921.8
1130980 1921.8
1130990 1918.8
1131000 1916.3
1131010 1916.3
1131020 1913.9
1131030 1911.2
1131040 1911.2
1131050 1909.1
1131060 1907.4
1131070 1907.4
1131080 1906.0
1131090 1907.4
1131100 1907.4
1131110 1906.4
1131120 1906.2
1131130 1906.2
1131140 1906.5
1131150 1906.1
1131160 1903.7
1131170 1903.7
1131180 1901.0
1131190 1897.2
1131200 1897.2
1131210 1891.3
1131220 1890.9
1131230 1890.9
1131240 1899.1
1131250 1902.3
1131260 1902.3
1131270 1902.3
1131280 1901.7
1131290 1901.7
1131300 1903.2
1131310 1905.4
1131320 1905.4
1131330 1906.9
1131340 1909.4
1131350 1909.4
1131360 1913.2
1131370 1915.2
1131380 1917.5
1131390 1917.5
1131400 1919.9
1131410 1921.8
1131420 1921.8
1131430 1923.9
1131440 1926.1
1131450 1929.4
1131460 1932.0
1131470 1934.8
1131480 1934.8
1131490 1937.8
1131500 1940.9
1131510 1940.9
1131520 1943.9
1131530 1947.1
1131540 1947.1
1131550 1950.0
1131560 1954.6
1131570 1959.5
1131580 1959.5
1131590 1964.1
1131600 1968.2
1131610 1968.2
1131620 1973.0
1131630 1979.7
1131640 1979.7
1131650 1985.7
1131660 1989.8
1131670 1989.8
1131680 1992.8
1131690 1997.7
1131700 1997.7
1131710 2005.3
1131720 2013.2
1131730 2013.2
1131740 2021.3
1131750 2029.7
1131760 2029.7
1131770 2035.8
1131780 2041.4
1131790 2047.7
1131800 2047.7
1131810 2056.5
1131820 2062.1
1131830 2062.1
1131840 2067.9
1131850 2072.9
1131860 2072.9
1131870 2078.7
1131880 2085.0
1131890 2085.0
1131900 2091.9
1131910 2099.1
1131920 2099.1
1131930 2106.1
1131940 2110.4
1131950 2110.4
1131960 2113.5
1131970 2117.9
1131980 2117.9
1131990 2123.6
1132000 2130.5
1132010 2135.7
1132020 2135.7
1132030 2138.0
1132040 2142.1
1132050 2142.1
1132060 2146.7
1132070 2151.8
1132080 2151.8
1132090 2155.8
1132100 2160.1
1132110 2160.1
1132120 2164.4
1132130 2169.0
1132140 2169.0
1132150 2173.8
1132160 2179.1
1132170 2180.7
1132180 2186.4
1132190 2191.7
1132200 2191.7
1132210 2196.3
1132220 2202.2
1132230 2208.4
1132240 2208.4
1132250 2213.1
1132260 2217.0
1132270 2217.0
1132280 2220.9
1132290 2225.4
1132300 2225.4
1132310 2231.1
1132320 2235.3
1132330 2235.3
1132340 2237.0
1132350 2239.9
1132360 2239.9
1132370 2242.6
1132380 2245.9
1132390 2245.9
1132400 2250.2
1132410 2255.6
1132420 2255.6
1132430 2260.5
1132440 2264.8
1132450 2269.6
1132460 2269.6
1132470 2274.4
1132480 2278.7
1132490 2278.7
1132500 2282.5
1132510 2286.5
1132520 2286.5
1132530 2297.3
1132540 2304.0
1132550 2304.0
1132560 2321.3
1132570 2336.2
1132580 2336.2
1132590 2352.9
1132600 2369.2
1132610 2369.2
1132620 2380.9
1132630 2389.2
1132640 2389.2
1132650 2395.9
1132660 2398.9
1132670 2399.0
1132680 2399.0
1132690 2397.1
1132700 2394.5
1132710 2394.5
1132720 2393.8
1132730 2395.1
1132740 2395.1
1132750 2395.7
1132760 2395.5
1132770 2395.5
1132780 2395.4
1132790 2396.2
1132800 2396.2
1132810 2396.7
1132820 2396.3
1132830 2396.3
1132840 2395.2
1132850 2394.9
1132860 2394.9
1132870 2394.4
1132880 2392.3
1132890 2397.8
1132900 2397.8
1132910 2394.0
1132920 2391.7
1132930 2391.7
1132940 2390.2
1132950 2387.8
1132960 2387.8
1132970 2385.8
1132980 2386.2
1132990 2386.2
1133000 2389.3
1133010 2393.1
1133020 2393.1
1133030 2396.3
1133040 2399.1
1133050 2399.1
1133060 2401.9
1133070 2404.4
1133080 2404.4
1133090 2406.9
1133100 2409.6
1133110 2412.9
1133120 2412.9
1133130 2415.6
1133140 2418.5
1133150 2418.5
1133160 2421.7
1133170 2424.8
1133180 2424.8
1133190 2427.7
1133200 2430.6
1133210 2430.6
1133220 2432.6
1133230 2434.5
1133240 2434.5
1133250 2442.6
1133260 2445.5
1133270 2445.5
1133280 2447.1
1133290 2448.4
1133300 2448.4
1133310 2449.9
1133320 2451.9
1133330 2453.5
1133340 2453.5
1133350 2454.7
1133360 2456.2
1133370 2456.2
1133380 2456.1
1133390 2456.0
1133400 2456.0
1133410 2455.6
1133420 2480.9
1133430 2480.9
1133440 2511.3
1133450 2521.0
1133460 2521.0
1133470 2523.2
1133480 2522.8
1133490 2522.8
1133500 2520.7
1133510 2517.3
1133520 2517.3
1133530 2515.0
1133540 2517.5
1133550 2522.8
1133560 2522.8
1133570 2540.9
1133580 2561.0
1133590 2561.0
1133600 2592.6
1133610 2611.5
1133620 2611.5
1133630 2621.7
1133640 2629.3
1133650 2629.3
1133660 2639.0
1133670 2647.4
1133680 2647.4
1133690 2654.6
1133700 2666.5
1133710 2666.5
1133720 2685.3
1133730 2696.8
1133740 2696.8
1133750 2719.3
1133760 2745.3
1133770 2760.9
1133780 2760.9
1133790 2766.8
1133800 2772.9
1133810 2772.9
1133820 2783.0
1133830 2794.9
1133840 2794.9
1133850 2810.3
1133860 2839.0
1133870 2839.0
1133880 2863.9
1133890 2872.1
1133900 2872.1
1133910 2882.3
1133920 2893.0
1133930 2893.0
1133940 2904.3
1133950 2911.3
1133960 2911.3
1133970 2940.0
1133980 2942.6
1133990 2945.6
1134000 2945.6
1134010 2930.8
1134020 2919.2
1134030 2919.2
1134040 2916.0
1134050 2905.0
1134060 2905.0
1134070 2890.2
1134080 2874.4
1134090 2874.4
1134100 2866.6
1134110 2865.5
1134120 2865.5
1134130 2864.9
1134140 2862.1
1134150 2862.1
1134160 2865.0
1134170 2868.9
1134180 2868.9
1134190 2867.9
1134200 2868.8
1134210 2872.0
1134220 2872.0
1134230 2876.2
1134240 2869.1
1134250 2869.1
1134260 2838.5
1134270 2818.8
1134280 2818.8
1134290 2800.7
1134300 2770.6
1134310 2770.6
1134320 2742.4
1134330 2714.2
1134340 2712.2
1134350 2700.7
1134360 2687.4
1134370 2687.4
1134380 2667.7
1134390 2642.7
1134400 2642.7
1134410 2625.5
1134420 2613.0
1134430 2602.0
1134440 2602.0
1134450 2592.4
1134460 2583.9
1134470 2583.9
1134480 2576.7
1134490 2569.8
1134500 2569.8
1134510 2560.2
1134520 2547.1
1134530 2547.1
1134540 2532.6
1134550 2518.0
1134560 2518.0
1134570 2496.9
1134580 2474.6
1134590 2474.6
1134600 2456.1
1134610 2443.1
1134620 2443.1
1134630 2430.1
1134640 2418.7
1134650 2412.2
1134660 2412.2
1134670 2405.3
1134680 2397.7
1134690 2397.7
1134700 2394.7
1134710 2386.2
1134720 2386.2
1134730 2379.0
1134740 2373.0
1134750 2373.0
1134760 2367.4
1134770 2363.3
1134780 2363.3
1134790 2361.3
1134800 2356.3
1134810 2356.3
1134820 2350.7
1134830 2345.5
1134840 2345.5
1134850 2341.0
1134860 2339.3
1134870 2339.3
1134880 2339.3
1134890 2338.1
1134900 2332.9
1134910 2332.9
1134920 2326.1
1134930 2317.5
1134940 2317.5
1134950 2304.4
1134960 2290.5
1134970 2290.5
1134980 2278.3
1134990 2264.4
1135000 2264.4
1135010 2247.1
1135020 2244.5
1135030 2244.5
1135040 2241.8
1135050 2237.9
1135060 2246.0
1135070 2241.8
1135080 2237.7
1135090 2232.5
1135100 2232.5
1135110 2222.7
1135120 2212.2
1135130 2212.2
1135140 2203.9
1135150 2195.2
1135160 2195.2
1135170 2181.7
1135180 2165.7
1135190 2165.7
1135200 2158.0
1135210 2150.2
1135220 2150.2
1135230 2143.3
1135240 2138.8
1135250 2138.8
1135260 2130.1
1135270 2103.4
1135280 2103.4
1135290 2085.0
1135300 2085.0
1135310 2079.5
1135320 2079.5
1135330 2067.3
1135340 2054.5
1135350 2054.5
1135360 2039.4
1135370 2031.0
1135380 2031.0
1135390 2024.3
1135400 2017.2
1135410 2017.2
1135420 2022.0
1135430 2018.4
1135440 2018.4
1135450 2012.8
1135460 2003.6
1135470 2003.6
1135480 1988.7
1135490 1974.1
1135500 1974.1
1135510 1968.7
1135520 1961.3
1135530 1956.3
1135540 1956.3
1135550 1951.6
1135560 1946.3
1135570 1946.3
1135580 1942.2
1135590 1939.4
1135600 1939.4
1135610 1936.5
1135620 1934.1
1135630 1934.1
1135640 1932.2
1135650 1932.0
1135660 1932.0
1135670 1931.0
1135680 1925.4
1135690 1925.4
1135700 1919.7
1135710 1918.3
1135720 1918.3
1135730 1919.8
1135740 1921.2
1135750 1921.6
1135760 1921.6
1135770 1922.5
1135780 1923.6
1135790 1927.2
1135800 1928.0
1135810 1930.0
1135820 1930.0
1135830 1932.8
1135840 1936.4
1135850 1936.4
1135860 1940.3
1135870 1944.1
1135880 1944.1
1135890 1947.8
1135900 1953.3
1135910 1953.3
1135920 1959.8
1135930 1966.2
1135940 1966.2
1135950 1972.2
1135960 1978.5
1135970 1985.4
1135980 1985.4
1135990 1994.6
1136000 2006.9
1136010 2006.9
1136020 2021.5
1136030 2041.2
1136040 2041.2
1136050 2054.4
1136060 2065.4
1136070 2065.4
1136080 2076.7
1136090 2087.7
1136100 2087.7
1136110 2096.8
1136120 2102.9
1136130 2102.9
1136140 2108.1
1136150 2117.1
1136160 2117.1
1136170 2123.9
1136180 2131.9
1136190 2138.6
1136200 2138.6
1136210 2144.7
1136220 2151.1
1136230 2151.1
1136240 2157.2
1136250 2165.4
1136260 2165.4
1136270 2175.2
1136280 2183.5
1136290 2183.5
1136300 2192.0
1136310 2200.9
1136320 2200.9
1136330 2207.1
1136340 2213.0
1136350 2213.0
1136360 2219.2
1136370 2225.0
1136380 2225.0
1136390 2231.0
1136400 2237.9
1136410 2245.8
1136420 2245.8
1136430 2257.9
1136440 2267.1
1136450 2267.1
1136460 2277.1
1136470 2288.2
1136480 2288.2
1136490 2299.9
1136500 2309.4
1136510 2307.9
1136520 2316.6
1136530 2326.8
1136540 2326.8
1136550 2339.4
1136560 2350.1
1136570 2350.1
1136580 2360.2
1136590 2367.9
1136600 2367.9
1136610 2374.8
1136620 2382.0
1136630 2389.7
1136640 2389.7
1136650 2397.4
1136660 2406.5
1136670 2406.5
1136680 2418.4
1136690 2434.7
1136700 2434.7
1136710 2448.4
1136720 2458.9
1136730 2458.9
1136740 2469.3
1136750 2482.7
1136760 2482.7
1136770 2502.9
1136780 2526.3
1136790 2526.3
1136800 2565.7
1136810 2594.7
1136820 2594.7
1136830 2620.7
1136840 2635.1
1136850 2628.9
1136860 2628.9
1136870 2628.2
1136880 2610.8
1136890 2610.8
1136900 2612.2
1136910 2616.1
1136920 2616.1
1136930 2621.7
1136940 2629.7
1136950 2629.7
1136960 2639.2
1136970 2654.9
1136980 2654.9
1136990 2673.9
1137000 2689.6
1137010 2689.6
1137020 2708.0
1137030 2729.8
1137040 2729.8
1137050 2748.4
1137060 2753.8
1137070 2755.9
1137080 2755.9
1137090 2758.2
1137100 2758.6
1137110 2758.6
1137120 2762.0
1137130 2766.3
1137140 2766.3
1137150 2771.2
1137160 2785.6
1137170 2785.6
1137180 2792.9
1137190 2780.2
1137200 2780.2
1137210 2772.8
1137220 2776.0
1137230 2776.0
1137240 2777.2
1137250 2787.6
1137260 2787.6
1137270 2791.4
1137280 2776.9
1137290 2769.1
1137300 2769.1
1137310 2768.9
1137320 2770.9
1137330 2770.9
1137340 2769.8
1137350 2763.4
1137360 2763.4
1137370 2753.7
1137380 2747.3
1137390 2747.3
1137400 2743.5
1137410 2740.2
1137420 2740.2
1137430 2737.5
1137440 2735.4
1137450 2735.4
1137460 2734.0
1137470 2733.6
1137480 2733.6
1137490 2734.3
1137500 2733.8
1137510 2730.9
1137520 2730.9
1137530 2732.9
1137540 2737.1
1137550 2737.1
1137560 2743.5
1137570 2747.0
1137580 2747.0
1137590 2748.7
1137600 2755.7
1137610 2741.8
1137620 2750.5
1137630 2757.1
1137640 2757.1
1137650 2757.2
1137660 2757.7
1137670 2757.7
1137680 2761.0
1137690 2765.9
1137700 2765.9
1137710 2771.5
1137720 2778.1
1137730 2784.4
1137740 2784.4
1137750 2788.5
1137760 2790.8
1137770 2790.8
1137780 2792.0
1137790 2792.0
1137800 2792.0
1137810 2792.1
1137820 2794.6
1137830 2794.6
1137840 2795.6
1137850 2795.2
1137860 2795.2
1137870 2793.7
1137880 2792.2
1137890 2792.2
1137900 2791.6
1137910 2790.9
1137920 2790.2
1137930 2790.2
1137940 2789.8
1137950 2789.7
1137960 2789.7
1137970 2790.5
1137980 2793.0
1137990 2793.0
1138000 2796.5
1138010 2800.0
1138020 2800.0
1138030 2802.7
1138040 2805.8
1138050 2805.8
1138060 2808.7
1138070 2811.1
1138080 2811.1
1138090 2813.5
1138100 2816.3
1138110 2816.3
1138120 2819.3
1138130 2822.3
1138140 2825.6
1138150 2825.6
1138160 2828.9
1138170 2832.1
1138180 2832.1
1138190 2835.2
1138200 2838.3
1138210 2838.3
1138220 2841.6
1138230 2845.0
1138240 2845.0
1138250 2848.6
1138260 2852.4
1138270 2852.4
1138280 2856.3
1138290 2860.3
1138300 2860.3
1138310 2864.5
1138320 2868.7
1138330 2868.7
1138340 2874.8
1138350 2879.4
1138360 2883.9
1138370 2883.9
1138380 2888.5
1138390 2893.3
1138400 2893.3
1138410 2898.1
1138420 2903.1
1138430 2903.1
1138440 2908.2
1138450 2913.4
1138460 2913.4
1138470 2918.8
1138480 2924.2
1138490 2924.2
1138500 2929.7
1138510 2934.4
1138520 2934.4
1138530 2947.1
1138540 2972.7
1138550 2972.7
1138560 2997.0
1138570 3012.6
1138580 3026.2
1138590 3026.2
1138600 3029.8
1138610 3014.8
1138620 3014.8
1138630 3001.1
1138640 2988.9
1138650 2988.9
1138660 2983.3
1138670 2979.4
1138680 2979.4
1138690 2976.0
1138700 2969.4
1138710 2964.1
1138720 2960.4
1138730 2957.2
1138740 2957.2
1138750 2953.0
1138760 2949.0
1138770 2949.0
1138780 2944.5
1138790 2939.7
1138800 2934.6
1138810 2934.6
1138820 2929.8
1138830 2924.5
1138840 2924.5
1138850 2918.6
1138860 2912.3
1138870 2912.3
1138880 2906.4
1138890 2900.1
1138900 2900.1
1138910 2893.5
1138920 2887.4
1138930 2887.4
1138940 2881.6
1138950 2876.7
1138960 2876.7
1138970 2871.8
1138980 2867.4
1138990 2867.4
1139000 2862.8
1139010 2858.8
1139020 2855.0
1139030 2855.0
1139040 2851.5
1139050 2848.6
1139060 2848.6
1139070 2847.2
1139080 2845.1
1139090 2845.1
1139100 2843.0
1139110 2840.8
1139120 2840.8
1139130 2837.3
1139140 2835.2
1139150 2835.2
1139160 2833.2
1139170 2831.3
1139180 2831.3
1139190 2827.3
1139200 2822.7
1139210 2822.7
1139220 2818.5
1139230 2816.9
1139240 2811.1
1139250 2811.1
1139260 2805.3
1139270 2799.3
1139280 2799.3
1139290 2792.7
1139300 2785.7
1139310 2785.7
1139320 2779.5
1139330 2774.9
1139340 2774.9
1139350 2772.1
1139360 2769.7
1139370 2769.7
1139380 2767.6
1139390 2764.9
1139400 2764.9
1139410 2760.9
1139420 2756.2
1139430 2756.2
1139440 2759.4
1139450 2759.3
1139460 2763.3
1139470 2763.3
1139480 2765.9
1139490 2765.4
1139500 2765.4
1139510 2762.4
1139520 2759.5
1139530 2759.5
1139540 2759.2
1139550 2762.8
1139560 2762.8
1139570 2767.9
1139580 2770.5
1139590 2770.5
1139600 2773.7
1139610 2771.0
1139620 2771.0
1139630 2761.8
1139640 2746.9
1139650 2746.9
1139660 2730.7
1139670 2721.1
1139680 2714.7
1139690 2714.7
1139700 2707.7
1139710 2696.4
1139720 2696.4
1139730 2674.9
1139740 2647.1
1139750 2647.1
1139760 2628.9
1139770 2608.8
1139780 2608.8
1139790 2597.2
1139800 2591.4
1139810 2596.7
1139820 2592.9
1139830 2590.2
1139840 2590.2
1139850 2588.0
1139860 2586.3
1139870 2586.3
1139880 2584.0
1139890 2581.8
1139900 2580.1
1139910 2580.1
1139920 2578.2
1139930 2576.4
1139940 2576.4
1139950 2574.8
1139960 2573.0
1139970 2573.0
1139980 2571.1
1139990 2569.2
