1120000 1529.4
1120010 1533.7
1120020 1540.6
1120030 1540.6
1120040 1546.1
1120050 1548.7
1120060 1548.7
1120070 1549.6
1120080 1551.5
1120090 1551.5
1120100 1551.5
1120110 1550.9
1120120 1552.0
1120130 1552.0
1120140 1554.5
1120150 1556.6
1120160 1556.6
1120170 1558.6
1120180 1561.6
1120190 1561.6
1120200 1564.0
1120210 1566.5
1120220 1566.5
1120230 1570.0
1120240 1573.3
1120250 1573.3
1120260 1576.4
1120270 1572.7
1120280 1572.7
1120290 1575.4
1120300 1577.9
1120310 1577.9
1120320 1580.4
1120330 1583.1
1120340 1586.1
1120350 1586.1
1120360 1590.2
1120370 1594.5
1120380 1594.5
1120390 1600.2
1120400 1607.7
1120410 1607.7
1120420 1615.5
1120430 1622.1
1120440 1622.1
1120450 1627.7
1120460 1630.9
1120470 1630.9
1120480 1633.3
1120490 1636.3
1120500 1636.3
1120510 1639.9
1120520 1643.9
1120530 1643.9
1120540 1647.1
1120550 1649.8
1120560 1653.7
1120570 1653.7
1120580 1658.2
1120590 1663.1
1120600 1663.1
1120610 1668.4
1120620 1669.5
1120630 1669.5
1120640 1675.0
1120650 1680.2
1120660 1680.2
1120670 1686.0
1120680 1690.9
1120690 1690.9
1120700 1692.5
1120710 1688.5
1120720 1688.5
1120730 1687.2
1120740 1688.6
1120750 1688.6
1120760 1692.0
1120770 1697.6
1120780 1703.0
1120790 1703.0
1120800 1705.4
1120810 1708.2
1120820 1708.2
1120830 1712.5
1120840 1716.2
1120850 1716.2
1120860 1719.3
1120870 1722.7
1120880 1722.7
1120890 1726.7
1120900 1730.6
1120910 1730.6
1120920 1732.8
1120930 1733.4
1120940 1733.4
1120950 1734.0
1120960 1734.1
1120970 1730.4
1120980 1727.7
1120990 1728.6
1121000 1728.3
1121010 1728.3
1121020 1727.7
1121030 1729.7
1121040 1729.7
1121050 1732.0
1121060 1735.6
1121070 1735.6
1121080 1739.7
1121090 1743.3
1121100 1743.3
1121110 1748.8
1121120 1754.5
1121130 1754.5
1121140 1761.9
1121150 1768.1
1121160 1768.1
1121170 1772.2
1121180 1776.3
1121190 1776.3
1121200 1778.9
1121210 1782.1
1121220 1785.5
1121230 1785.5
1121240 1786.6
1121250 1789.2
1121260 1789.2
1121270 1790.6
1121280 1789.9
1121290 1789.9
1121300 1789.0
1121310 1783.5
1121320 1783.5
1121330 1785.7
1121340 1788.9
1121350 1788.9
1121360 1790.0
1121370 1790.7
1121380 1790.7
1121390 1789.2
1121400 1787.2
1121410 1787.2
1121420 1786.8
1121430 1786.4
1121440 1784.7
1121450 1784.7
1121460 1783.0
1121470 1781.8
1121480 1781.8
1121490 1779.5
1121500 1777.3
1121510 1777.3
1121520 1773.9
1121530 1773.6
1121540 1773.6
1121550 1775.9
1121560 1777.1
1121570 1777.1
1121580 1775.1
1121590 1773.0
1121600 1773.0
1121610 1772.3
1121620 1773.6
1121630 1773.6
1121640 1774.4
1121650 1775.3
1121660 1770.9
1121670 1770.9
1121680 1773.4
1121690 1775.6
1121700 1775.6
1121710 1775.6
1121720 1775.3
1121730 1775.3
1121740 1773.0
1121750 1771.0
1121760 1771.0
1121770 1769.8
1121780 1768.4
1121790 1768.4
1121800 1766.9
1121810 1766.3
1121820 1766.3
1121830 1766.7
1121840 1768.1
1121850 1768.1
1121860 1769.3
1121870 1769.5
1121880 1769.5
1121890 1769.8
1121900 1770.0
1121910 1770.4
1121920 1770.4
1121930 1772.0
1121940 1773.9
1121950 1773.9
1121960 1776.8
1121970 1780.0
1121980 1780.0
1121990 1784.0
1122000 1788.8
1122010 1780.6
1122020 1784.4
1122030 1787.2
1122040 1787.2
1122050 1790.2
1122060 1791.3
1122070 1791.3
1122080 1791.0
1122090 1790.0
1122100 1790.0
1122110 1789.2
1122120 1791.0
1122130 1792.5
1122140 1792.5
1122150 1794.9
1122160 1798.4
1122170 1798.4
1122180 1802.1
1122190 1805.2
1122200 1805.2
1122210 1808.2
1122220 1809.6
1122230 1809.6
1122240 1810.1
1122250 1810.7
1122260 1810.7
1122270 1811.8
1122280 1813.7
1122290 1813.7
1122300 1815.6
1122310 1815.7
1122320 1815.7
1122330 1816.1
1122340 1817.6
1122350 1818.8
1122360 1812.4
1122370 1812.4
1122380 1811.3
1122390 1811.3
1122400 1810.3
1122410 1811.8
1122420 1811.8
1122430 1813.9
1122440 1813.9
1122450 1813.9
1122460 1812.9
1122470 1811.4
1122480 1811.4
1122490 1809.6
1122500 1807.4
1122510 1807.4
1122520 1804.9
1122530 1802.7
1122540 1802.7
1122550 1800.7
1122560 1799.9
1122570 1799.6
1122580 1799.6
1122590 1798.8
1122600 1798.5
1122610 1798.5
1122620 1798.3
1122630 1799.1
1122640 1799.1
1122650 1800.9
1122660 1802.5
1122670 1802.5
1122680 1804.6
1122690 1806.9
1122700 1806.9
1122710 1803.1
1122720 1804.3
1122730 1804.3
1122740 1805.0
1122750 1806.5
1122760 1806.5
1122770 1809.2
1122780 1811.5
1122790 1813.0
1122800 1813.0
1122810 1815.6
1122820 1819.1
1122830 1819.1
1122840 1822.5
1122850 1826.4
1122860 1826.4
1122870 1829.3
1122880 1832.0
1122890 1832.0
1122900 1835.4
1122910 1838.7
1122920 1838.7
1122930 1842.5
1122940 1845.4
1122950 1845.4
1122960 1847.8
1122970 1851.1
1122980 1851.1
1122990 1854.6
1123000 1858.0
1123010 1861.1
1123020 1861.1
1123030 1864.0
1123040 1865.7
1123050 1865.7
1123060 1861.1
1123070 1866.5
1123080 1866.5
1123090 1870.1
1123100 1873.3
1123110 1873.3
1123120 1876.4
1123130 1879.9
1123140 1879.9
1123150 1883.5
1123160 1887.3
1123170 1887.3
1123180 1890.8
1123190 1893.2
1123200 1893.2
1123210 1894.9
1123220 1897.9
1123230 1901.6
1123240 1901.6
1123250 1905.7
1123260 1909.9
1123270 1909.9
1123280 1913.9
1123290 1916.7
1123300 1916.7
1123310 1919.7
1123320 1922.8
1123330 1922.8
1123340 1925.1
1123350 1926.4
1123360 1926.4
1123370 1926.6
1123380 1926.9
1123390 1926.9
1123400 1928.2
1123410 1927.1
1123420 1927.1
1123430 1929.4
1123440 1930.5
1123450 1930.9
1123460 1930.9
1123470 1930.8
1123480 1931.1
1123490 1931.1
1123500 1931.6
1123510 1932.0
1123520 1932.0
1123530 1932.3
1123540 1932.8
1123550 1932.8
1123560 1933.3
1123570 1933.7
1123580 1933.7
1123590 1934.7
1123600 1935.5
1123610 1935.5
1123620 1936.6
1123630 1937.9
1123640 1937.9
1123650 1939.4
1123660 1942.0
1123670 1945.8
1123680 1945.8
1123690 1949.5
1123700 1952.9
1123710 1952.9
1123720 1955.3
1123730 1956.9
1123740 1956.9
1123750 1959.6
1123760 1962.8
1123770 1959.4
1123780 1962.3
1123790 1964.8
1123800 1964.8
1123810 1967.1
1123820 1969.3
1123830 1969.3
1123840 1971.2
1123850 1973.5
1123860 1973.5
1123870 1976.0
1123880 1978.0
1123890 1979.6
1123900 1979.6
1123910 1981.1
1123920 1982.8
1123930 1982.8
1123940 1983.4
1123950 1983.9
1123960 1983.9
1123970 1984.5
1123980 1984.7
1123990 1984.7
1124000 1986.0
1124010 1988.2
1124020 1988.2
1124030 1991.3
1124040 1995.0
1124050 1995.0
1124060 1998.4
1124070 2001.8
1124080 2001.8
1124090 2004.9
1124100 2007.5
1124110 2009.8
1124120 2005.1
1124130 2006.9
1124140 2008.6
1124150 2008.6
1124160 2010.5
1124170 2012.3
1124180 2012.3
1124190 2014.0
1124200 2016.8
1124210 2016.8
1124220 2018.3
1124230 2018.7
1124240 2018.7
1124250 2018.4
1124260 2017.8
1124270 2017.8
1124280 2018.9
1124290 2020.2
1124300 2020.2
1124310 2021.9
1124320 2023.8
1124330 2025.5
1124340 2025.5
1124350 2027.8
1124360 2029.6
1124370 2029.6
1124380 2031.7
1124390 2034.4
1124400 2034.4
1124410 2036.3
1124420 2037.8
1124430 2037.8
1124440 2040.3
1124450 2043.6
1124460 2043.6
1124470 2049.7
1124480 2050.9
1124490 2050.9
1124500 2050.6
1124510 2050.1
1124520 2050.1
1124530 2049.4
1124540 2048.0
1124550 2047.6
1124560 2047.6
1124570 2047.2
1124580 2048.0
1124590 2048.0
1124600 2049.3
1124610 2050.2
1124620 2050.2
1124630 2050.3
1124640 2050.4
1124650 2050.4
1124660 2051.0
1124670 2051.1
1124680 2051.1
1124690 2050.5
1124700 2049.0
1124710 2049.0
1124720 2047.5
1124730 2046.7
1124740 2046.7
1124750 2046.3
1124760 2046.5
1124770 2046.9
1124780 2046.9
1124790 2047.2
1124800 2047.9
1124810 2047.9
1124820 2042.2
1124830 2041.6
1124840 2041.6
1124850 2042.3
1124860 2043.5
1124870 2043.5
1124880 2043.9
1124890 2044.1
1124900 2044.1
1124910 2046.2
1124920 2047.7
1124930 2047.7
1124940 2047.8
1124950 2048.1
1124960 2048.1
1124970 2048.5
1124980 2047.6
1124990 2043.4
1125000 2043.4
1125010 2041.3
1125020 2040.4
1125030 2040.4
1125040 2040.1
1125050 2039.6
1125060 2039.6
1125070 2039.5
1125080 2039.2
1125090 2039.2
1125100 2038.6
1125110 2038.1
1125120 2038.1
1125130 2037.9
1125140 2038.3
1125150 2038.3
1125160 2038.7
1125170 2030.5
1125180 2030.5
1125190 2029.9
1125200 2029.7
1125210 2030.0
1125220 2030.0
1125230 2030.0
1125240 2030.1
1125250 2030.1
1125260 2030.6
1125270 2030.9
1125280 2030.9
1125290 2031.1
1125300 2030.3
1125310 2030.3
1125320 2029.5
1125330 2027.8
1125340 2027.8
1125350 2025.9
1125360 2024.0
1125370 2024.0
1125380 2022.7
1125390 2021.2
1125400 2021.2
1125410 2019.9
1125420 2017.9
1125430 2015.1
1125440 2015.1
1125450 2012.9
1125460 2011.6
1125470 2011.6
1125480 2010.4
1125490 2010.1
1125500 2010.1
1125510 2009.5
1125520 2009.2
1125530 2003.3
1125540 2002.6
1125550 2001.2
1125560 2001.2
1125570 1998.9
1125580 1996.4
1125590 1996.4
1125600 1993.5
1125610 1991.1
1125620 1991.1
1125630 1987.8
1125640 1985.4
1125650 1982.2
1125660 1982.2
1125670 1979.3
1125680 1977.6
1125690 1977.6
1125700 1973.9
1125710 1971.4
1125720 1971.4
1125730 1971.4
1125740 1971.2
1125750 1971.2
1125760 1969.1
1125770 1968.4
1125780 1968.4
1125790 1967.5
1125800 1966.4
1125810 1966.4
1125820 1966.3
1125830 1968.0
1125840 1968.0
1125850 1969.0
1125860 1970.1
1125870 1971.2
1125880 1964.6
1125890 1963.4
1125900 1962.7
1125910 1962.7
1125920 1961.3
1125930 1960.5
1125940 1960.5
1125950 1960.7
1125960 1960.2
1125970 1960.2
1125980 1960.5
1125990 1961.4
1126000 1961.4
1126010 1961.6
1126020 1961.6
1126030 1961.6
1126040 1961.0
1126050 1960.2
1126060 1960.2
1126070 1958.7
1126080 1957.8
1126090 1957.9
1126100 1957.9
1126110 1958.3
1126120 1958.3
1126130 1958.3
1126140 1958.2
1126150 1958.2
1126160 1958.2
1126170 1957.8
1126180 1957.1
1126190 1957.1
1126200 1956.0
1126210 1954.6
1126220 1954.6
1126230 1949.0
1126240 1947.6
1126250 1947.6
1126260 1946.0
1126270 1944.0
1126280 1944.0
1126290 1941.7
1126300 1940.2
1126310 1939.0
1126320 1939.0
1126330 1937.9
1126340 1937.4
1126350 1937.4
1126360 1937.9
1126370 1938.1
1126380 1938.1
1126390 1937.5
1126400 1936.5
1126410 1936.5
1126420 1935.0
1126430 1933.4
1126440 1933.4
1126450 1931.4
1126460 1930.0
1126470 1930.0
1126480 1929.2
1126490 1928.3
1126500 1928.3
1126510 1926.9
1126520 1926.3
1126530 1926.4
1126540 1926.4
1126550 1927.0
1126560 1928.0
1126570 1928.0
1126580 1928.5
1126590 1924.0
1126600 1924.0
1126610 1924.5
1126620 1924.5
1126630 1924.5
1126640 1924.2
1126650 1923.2
1126660 1923.2
1126670 1922.3
1126680 1922.3
1126690 1922.3
1126700 1921.9
1126710 1920.4
1126720 1920.4
1126730 1919.1
1126740 1918.3
1126750 1916.8
1126760 1916.8
1126770 1915.7
1126780 1915.1
1126790 1915.1
1126800 1915.1
1126810 1915.8
1126820 1915.8
1126830 1920.4
1126840 1924.3
1126850 1924.3
1126860 1928.3
1126870 1930.1
1126880 1930.1
1126890 1931.3
1126900 1932.1
1126910 1932.1
1126920 1932.5
1126930 1933.0
1126940 1926.7
1126950 1927.2
1126960 1927.1
1126970 1926.6
1126980 1926.6
1126990 1926.7
1127000 1926.0
1127010 1926.0
1127020 1924.9
1127030 1924.7
1127040 1924.7
1127050 1924.6
1127060 1924.1
1127070 1924.1
1127080 1923.7
1127090 1924.6
1127100 1924.6
1127110 1924.0
1127120 1922.7
1127130 1922.7
1127140 1922.2
1127150 1920.8
1127160 1920.8
1127170 1918.8
1127180 1917.4
1127190 1915.2
1127200 1915.2
1127210 1913.8
1127220 1912.5
1127230 1912.5
1127240 1912.2
1127250 1912.7
1127260 1912.7
1127270 1912.7
1127280 1912.9
1127290 1912.9
1127300 1909.1
1127310 1908.2
1127320 1908.2
1127330 1906.8
1127340 1905.6
1127350 1905.6
1127360 1905.0
1127370 1906.0
1127380 1906.0
1127390 1908.1
1127400 1909.1
1127410 1910.2
1127420 1910.2
1127430 1912.3
1127440 1915.1
1127450 1915.1
1127460 1919.0
1127470 1921.2
1127480 1921.2
1127490 1925.5
1127500 1931.5
1127510 1931.5
1127520 1933.5
1127530 1935.1
1127540 1935.1
1127550 1936.5
1127560 1937.9
1127570 1937.9
1127580 1939.2
1127590 1939.7
1127600 1939.7
1127610 1939.7
1127620 1940.1
1127630 1940.1
1127640 1939.7
1127650 1933.6
1127660 1933.4
1127670 1933.4
1127680 1933.4
1127690 1933.9
1127700 1933.9
1127710 1934.9
1127720 1936.2
1127730 1936.2
1127740 1938.2
1127750 1940.2
1127760 1940.2
1127770 1941.4
1127780 1942.9
1127790 1942.9
1127800 1944.2
1127810 1944.8
1127820 1944.8
1127830 1944.9
1127840 1945.1
1127850 1945.1
1127860 1945.0
1127870 1945.6
1127880 1945.7
1127890 1945.7
1127900 1945.1
1127910 1945.6
1127920 1945.6
1127930 1947.6
1127940 1948.2
1127950 1948.2
1127960 1948.5
1127970 1949.3
1127980 1949.3
1127990 1949.5
1128000 1949.4
1128010 1945.3
1128020 1946.1
1128030 1946.9
1128040 1946.9
1128050 1947.8
1128060 1948.3
1128070 1948.3
1128080 1947.3
1128090 1945.3
1128100 1944.3
1128110 1944.3
1128120 1943.7
1128130 1943.6
1128140 1943.6
1128150 1944.4
1128160 1947.1
1128170 1947.1
1128180 1948.4
1128190 1950.2
1128200 1950.2
1128210 1951.8
1128220 1952.9
1128230 1952.9
1128240 1953.5
1128250 1954.9
1128260 1954.9
1128270 1956.2
1128280 1956.7
1128290 1956.7
1128300 1957.4
1128310 1957.1
1128320 1958.4
1128330 1958.4
1128340 1960.4
1128350 1963.3
1128360 1952.4
1128370 1955.1
1128380 1957.4
1128390 1957.4
1128400 1957.0
1128410 1957.1
1128420 1957.1
1128430 1956.8
1128440 1956.0
1128450 1956.0
1128460 1956.1
1128470 1957.7
1128480 1957.7
1128490 1959.9
1128500 1960.7
1128510 1960.7
1128520 1960.6
1128530 1962.4
1128540 1964.7
1128550 1964.7
1128560 1966.3
1128570 1968.1
1128580 1968.1
1128590 1970.7
1128600 1972.7
1128610 1972.7
1128620 1974.6
1128630 1976.0
1128640 1976.0
1128650 1977.2
1128660 1978.7
1128670 1978.7
1128680 1979.9
1128690 1980.7
1128700 1980.7
1128710 1981.0
1128720 1980.1
1128730 1980.1
1128740 1981.4
1128750 1982.0
1128760 1982.2
1128770 1982.2
1128780 1982.0
1128790 1978.9
1128800 1978.9
1128810 1975.3
1128820 1973.2
1128830 1973.2
1128840 1971.9
1128850 1971.3
1128860 1971.3
1128870 1969.9
1128880 1969.5
1128890 1969.5
1128900 1969.7
1128910 1970.1
1128920 1970.1
1128930 1970.4
1128940 1971.1
1128950 1971.1
1128960 1972.1
1128970 1973.7
1128980 1975.3
1128990 1975.3
1129000 1976.7
1129010 1977.8
1129020 1977.8
1129030 1979.0
1129040 1980.4
1129050 1980.4
1129060 1982.0
1129070 1983.4
1129080 1980.4
1129090 1981.3
1129100 1982.0
1129110 1982.0
1129120 1982.5
1129130 1982.8
1129140 1982.8
1129150 1983.0
1129160 1982.9
1129170 1982.9
1129180 1982.9
1129190 1982.7
1129200 1982.7
1129210 1982.7
1129220 1983.1
1129230 1983.6
1129240 1983.6
1129250 1983.8
1129260 1983.5
1129270 1983.5
1129280 1983.4
1129290 1984.2
1129300 1984.2
1129310 1984.8
1129320 1985.4
1129330 1985.4
1129340 1986.2
1129350 1987.0
1129360 1987.0
1129370 1987.6
1129380 1988.3
1129390 1988.3
1129400 1989.1
1129410 1990.0
1129420 1991.2
1129430 1986.3
1129440 1987.7
1129450 1989.1
1129460 1989.1
1129470 1990.3
1129480 1991.7
1129490 1991.7
1129500 1994.2
1129510 1996.8
1129520 1996.8
1129530 1999.6
1129540 2002.2
1129550 2002.2
1129560 2005.4
1129570 2008.1
1129580 2008.1
1129590 2010.2
1129600 2011.9
1129610 2011.9
1129620 2014.4
1129630 2017.3
1129640 2018.6
1129650 2018.6
1129660 2019.5
1129670 2022.0
1129680 2022.0
1129690 2024.1
1129700 2025.7
1129710 2025.7
1129720 2027.1
1129730 2028.8
1129740 2028.8
1129750 2029.4
1129760 2029.6
1129770 2029.6
1129780 2032.2
1129790 2029.6
1129800 2029.6
1129810 2031.8
1129820 2033.4
1129830 2033.4
1129840 2033.9
1129850 2035.5
1129860 2038.0
1129870 2038.0
1129880 2040.5
1129890 2042.5
1129900 2042.5
1129910 2045.2
1129920 2049.0
1129930 2049.0
1129940 2052.3
1129950 2054.1
1129960 2054.1
1129970 2054.9
1129980 2054.9
1129990 2054.9
1130000 2055.4
1130010 2056.6
1130020 2056.6
1130030 2058.8
1130040 2061.4
1130050 2061.4
1130060 2063.8
1130070 2065.3
1130080 2066.2
1130090 2066.2
1130100 2066.7
1130110 2067.5
1130120 2067.5
1130130 2068.5
1130140 2069.3
1130150 2062.8
1130160 2064.7
1130170 2066.6
1130180 2066.6
1130190 2069.5
1130200 2072.6
1130210 2072.6
1130220 2073.7
1130230 2072.8
1130240 2072.8
1130250 2073.7
1130260 2076.6
1130270 2076.6
1130280 2079.3
1130290 2081.5
1130300 2083.2
1130310 2083.2
1130320 2086.9
1130330 2089.1
1130340 2089.1
1130350 2091.4
1130360 2093.2
1130370 2093.2
1130380 2095.5
1130390 2098.6
1130400 2098.6
1130410 2100.2
1130420 2099.4
1130430 2099.4
1130440 2100.3
1130450 2104.1
1130460 2104.1
1130470 2102.5
1130480 2102.5
1130490 2102.5
1130500 2093.4
1130510 2093.7
1130520 2093.2
1130530 2093.2
1130540 2091.1
1130550 2087.4
1130560 2087.4
1130570 2084.3
1130580 2083.1
1130590 2083.1
1130600 2080.3
1130610 2080.3
1130620 2080.3
1130630 2077.7
1130640 2075.1
1130650 2075.1
1130660 2068.2
1130670 2063.6
1130680 2063.6
1130690 2060.8
1130700 2058.2
1130710 2058.2
1130720 2054.1
1130730 2049.9
1130740 2048.3
1130750 2048.3
1130760 2046.4
1130770 2043.1
1130780 2043.1
1130790 2039.9
1130800 2037.7
1130810 2037.7
1130820 2034.9
1130830 2033.2
1130840 2033.2
1130850 2032.0
1130860 2025.3
1130870 2025.3
1130880 2023.3
1130890 2021.3
1130900 2021.3
1130910 2019.5
1130920 2018.1
1130930 2018.1
1130940 2016.7
1130950 2015.2
1130960 2013.3
1130970 2013.3
1130980 2010.8
1130990 2007.7
1131000 2007.7
1131010 2003.8
1131020 1999.2
1131030 1999.2
1131040 1995.1
1131050 1991.0
1131060 1991.0
1131070 1986.9
1131080 1982.7
1131090 1982.7
1131100 1979.6
1131110 1976.3
1131120 1976.3
1131130 1972.6
1131140 1968.1
1131150 1968.1
1131160 1963.9
1131170 1960.4
1131180 1956.8
1131190 1956.8
1131200 1953.4
1131210 1950.5
1131220 1947.0
1131230 1944.6
1131240 1942.1
1131250 1942.1
1131260 1939.6
1131270 1937.1
1131280 1937.1
1131290 1934.4
1131300 1932.0
1131310 1932.0
1131320 1929.5
1131330 1927.2
1131340 1927.2
1131350 1924.8
1131360 1920.1
1131370 1920.1
1131380 1915.9
1131390 1913.1
1131400 1909.8
1131410 1909.8
1131420 1905.8
1131430 1901.9
1131440 1901.9
1131450 1897.5
1131460 1891.9
1131470 1891.9
1131480 1886.1
1131490 1881.2
1131500 1881.2
1131510 1875.7
1131520 1870.3
1131530 1870.3
1131540 1865.3
1131550 1861.4
1131560 1861.4
1131570 1857.8
1131580 1851.7
1131590 1851.7
1131600 1849.3
1131610 1847.7
1131620 1845.6
1131630 1845.6
1131640 1843.1
1131650 1840.3
1131660 1840.3
1131670 1838.0
1131680 1836.1
1131690 1836.1
1131700 1834.2
1131710 1832.5
1131720 1832.5
1131730 1831.0
1131740 1829.5
1131750 1829.5
1131760 1828.0
1131770 1826.2
1131780 1826.2
1131790 1825.1
1131800 1824.5
1131810 1824.5
1131820 1824.0
1131830 1823.2
1131840 1822.1
1131850 1822.1
1131860 1820.0
1131870 1818.4
1131880 1818.4
1131890 1818.4
1131900 1819.8
1131910 1819.8
1131920 1820.9
1131930 1822.2
1131940 1822.5
1131950 1824.4
1131960 1826.9
1131970 1826.9
1131980 1829.2
1131990 1830.6
1132000 1830.6
1132010 1832.7
1132020 1835.6
1132030 1835.6
1132040 1838.9
1132050 1842.2
1132060 1844.3
1132070 1844.3
1132080 1846.1
1132090 1848.7
1132100 1848.7
1132110 1851.5
1132120 1855.5
1132130 1855.5
1132140 1858.8
1132150 1862.1
1132160 1862.1
1132170 1865.4
1132180 1868.1
1132190 1868.1
1132200 1871.2
1132210 1874.1
1132220 1874.1
1132230 1877.4
1132240 1881.7
1132250 1881.7
1132260 1886.5
1132270 1891.8
1132280 1896.1
1132290 1896.1
1132300 1905.1
1132310 1909.7
1132320 1909.7
1132330 1914.2
1132340 1918.1
1132350 1918.1
1132360 1920.4
1132370 1923.6
1132380 1923.6
1132390 1927.3
1132400 1931.8
1132410 1931.8
1132420 1935.5
1132430 1939.7
1132440 1939.7
1132450 1945.3
1132460 1951.8
1132470 1951.8
1132480 1957.3
1132490 1959.0
1132500 1960.8
1132510 1960.8
1132520 1966.3
1132530 1972.7
1132540 1972.7
1132550 1977.7
1132560 1980.8
1132570 1980.8
1132580 1983.8
1132590 1988.0
1132600 1988.0
1132610 1994.5
1132620 2001.5
1132630 2001.5
1132640 2008.3
1132650 2015.2
1132660 2020.3
1132670 2026.5
1132680 2032.8
1132690 2032.8
1132700 2039.3
1132710 2045.9
1132720 2052.8
1132730 2052.8
1132740 2060.6
1132750 2068.1
1132760 2068.1
1132770 2074.4
1132780 2079.4
1132790 2079.4
1132800 2084.2
1132810 2088.8
1132820 2088.8
1132830 2091.9
1132840 2096.6
1132850 2096.6
1132860 2102.2
1132870 2107.1
1132880 2107.1
1132890 2111.0
1132900 2114.5
1132910 2114.5
1132920 2118.6
1132930 2123.0
1132940 2127.0
1132950 2127.0
1132960 2129.9
1132970 2132.8
1132980 2132.8
1132990 2136.9
1133000 2141.0
1133010 2141.0
1133020 2148.9
1133030 2152.7
1133040 2152.7
1133050 2156.9
1133060 2159.9
1133070 2159.9
1133080 2163.1
1133090 2167.9
1133100 2167.9
1133110 2173.0
1133120 2176.1
1133130 2176.1
1133140 2181.0
1133150 2186.4
1133160 2190.9
1133170 2190.9
1133180 2195.4
1133190 2200.7
1133200 2200.7
1133210 2205.5
1133220 2208.9
1133230 2208.9
1133240 2211.8
1133250 2215.6
1133260 2215.6
1133270 2220.0
1133280 2223.8
1133290 2223.8
1133300 2228.0
1133310 2232.3
1133320 2232.3
1133330 2236.5
1133340 2241.6
1133350 2241.6
1133360 2247.1
1133370 2252.3
1133380 2258.4
1133390 2258.4
1133400 2264.2
1133410 2270.5
1133420 2270.5
1133430 2276.9
1133440 2283.7
1133450 2283.7
1133460 2291.1
1133470 2298.4
1133480 2298.4
1133490 2305.3
1133500 2312.2
1133510 2312.2
1133520 2319.3
1133530 2327.2
1133540 2327.2
1133550 2333.8
1133560 2340.3
1133570 2340.3
1133580 2345.6
1133590 2348.4
1133600 2350.8
1133610 2350.8
1133620 2353.7
1133630 2356.4
1133640 2356.4
1133650 2359.4
1133660 2363.0
1133670 2363.0
1133680 2367.1
1133690 2371.7
1133700 2371.7
1133710 2376.8
1133720 2381.8
1133730 2381.8
1133740 2387.5
1133750 2393.0
1133760 2393.0
1133770 2397.9
1133780 2403.5
1133790 2403.5
1133800 2409.4
1133810 2414.5
1133820 2420.0
1133830 2420.0
1133840 2426.2
1133850 2431.2
1133860 2431.2
1133870 2436.8
1133880 2443.0
1133890 2443.0
1133900 2448.2
1133910 2453.1
1133920 2453.1
1133930 2459.4
1133940 2466.4
1133950 2466.4
1133960 2473.4
1133970 2480.4
1133980 2480.4
1133990 2487.2
1134000 2493.8
1134010 2493.8
1134020 2500.4
1134030 2505.1
1134040 2504.2
1134050 2504.2
1134060 2496.9
1134070 2492.1
1134080 2492.1
1134090 2492.0
1134100 2498.5
1134110 2498.5
1134120 2486.7
1134130 2473.5
1134140 2473.5
1134150 2463.2
1134160 2455.1
1134170 2455.1
1134180 2447.0
1134190 2438.4
1134200 2438.4
1134210 2429.9
1134220 2421.4
1134230 2421.4
1134240 2411.2
1134250 2399.5
1134260 2388.5
1134270 2388.5
1134280 2376.6
1134290 2362.4
1134300 2362.4
1134310 2349.4
1134320 2338.6
1134330 2338.6
1134340 2326.0
1134350 2316.9
1134360 2316.9
1134370 2309.2
1134380 2301.9
1134390 2301.9
1134400 2294.9
1134410 2287.9
1134420 2287.9
1134430 2280.3
1134440 2270.9
1134450 2270.9
1134460 2262.6
1134470 2259.9
1134480 2252.5
1134490 2252.5
1134500 2241.3
1134510 2232.2
1134520 2232.2
1134530 2228.5
1134540 2223.3
1134550 2223.3
1134560 2216.2
1134570 2208.3
1134580 2208.3
1134590 2199.6
1134600 2187.8
1134610 2187.8
1134620 2150.5
1134630 2121.5
1134640 2121.5
1134650 2117.2
1134660 2110.7
1134670 2110.7
1134680 2105.0
1134690 2095.6
1134700 2082.7
1134710 2082.7
1134720 2070.4
1134730 2059.7
1134740 2059.7
1134750 2049.5
1134760 2045.5
1134770 2045.5
1134780 2040.5
1134790 2027.7
1134800 2027.7
1134810 2016.0
1134820 2004.9
1134830 2005.5
1134840 1996.5
1134850 1987.7
1134860 1987.7
1134870 1977.6
1134880 1967.9
1134890 1967.9
1134900 1958.8
1134910 1950.3
1134920 1942.0
1134930 1942.0
1134940 1931.8
1134950 1922.6
1134960 1922.6
1134970 1916.8
1134980 1910.3
1134990 1910.3
1135000 1904.3
1135010 1898.7
1135020 1898.7
1135030 1892.8
1135040 1886.8
1135050 1886.8
1135060 1881.2
1135070 1875.5
1135080 1875.5
1135090 1869.9
1135100 1864.9
1135110 1864.9
1135120 1860.4
1135130 1855.9
1135140 1851.8
1135150 1851.8
1135160 1848.4
1135170 1845.0
1135180 1845.0
1135190 1844.9
1135200 1841.3
1135210 1841.3
1135220 1838.1
1135230 1835.3
1135240 1835.3
1135250 1831.9
1135260 1828.7
1135270 1828.7
1135280 1823.8
1135290 1821.1
1135300 1821.1
1135310 1821.6
1135320 1822.4
1135330 1822.4
1135340 1823.5
1135350 1826.0
1135360 1827.4
1135370 1827.4
1135380 1828.8
1135390 1830.5
1135400 1830.5
1135410 1832.6
1135420 1834.9
1135430 1834.9
1135440 1837.3
1135450 1839.6
1135460 1839.6
1135470 1842.2
1135480 1845.0
1135490 1845.0
1135500 1847.9
1135510 1851.2
1135520 1851.2
1135530 1855.6
1135540 1861.2
1135550 1861.2
1135560 1866.2
1135570 1872.1
1135580 1878.5
1135590 1878.5
1135600 1885.6
1135610 1894.1
1135620 1894.1
1135630 1902.4
1135640 1909.5
1135650 1909.5
1135660 1914.9
1135670 1920.3
1135680 1920.3
1135690 1926.1
1135700 1932.3
1135710 1932.3
1135720 1937.8
1135730 1939.8
1135740 1939.8
1135750 1942.4
1135760 1947.9
1135770 1947.9
1135780 1954.5
1135790 1961.2
1135800 1968.9
1135810 1968.9
1135820 1977.0
1135830 1983.2
1135840 1983.2
1135850 1989.8
1135860 1997.4
1135870 1997.4
1135880 2005.2
1135890 2013.1
1135900 2013.1
1135910 2020.4
1135920 2019.7
1135930 2019.7
1135940 2025.8
1135950 2033.4
1135960 2033.4
1135970 2039.9
1135980 2046.2
1135990 2046.2
1136000 2052.4
1136010 2058.9
1136020 2065.2
1136030 2065.2
1136040 2072.1
1136050 2078.8
1136060 2078.8
1136070 2085.9
1136080 2092.8
1136090 2092.8
1136100 2098.8
1136110 2106.0
1136120 2106.0
1136130 2113.9
1136140 2122.8
1136150 2122.8
1136160 2132.9
1136170 2140.7
1136180 2140.7
1136190 2147.3
1136200 2152.8
1136210 2152.8
1136220 2158.1
1136230 2162.9
1136240 2168.6
1136250 2168.6
1136260 2174.7
1136270 2181.3
1136280 2182.2
1136290 2189.1
1136300 2194.6
1136310 2194.6
1136320 2201.4
1136330 2207.5
1136340 2207.5
1136350 2213.9
1136360 2219.2
1136370 2219.2
1136380 2224.9
1136390 2230.5
1136400 2230.5
1136410 2236.8
1136420 2241.9
1136430 2241.9
1136440 2247.1
1136450 2252.2
1136460 2257.7
1136470 2257.7
1136480 2263.3
1136490 2269.5
1136500 2269.5
1136510 2275.5
1136520 2281.5
1136530 2281.5
1136540 2286.1
1136550 2289.7
1136560 2289.7
1136570 2293.9
1136580 2297.6
1136590 2297.6
1136600 2302.3
1136610 2306.1
1136620 2306.1
1136630 2309.6
1136640 2313.6
1136650 2315.2
1136660 2321.6
1136670 2328.1
1136680 2334.2
1136690 2334.2
1136700 2339.4
1136710 2342.6
1136720 2342.6
1136730 2345.5
1136740 2347.5
1136750 2347.5
1136760 2349.6
1136770 2352.2
1136780 2352.2
1136790 2355.1
1136800 2359.8
1136810 2359.8
1136820 2365.2
1136830 2370.6
1136840 2370.6
1136850 2376.4
1136860 2382.9
1136870 2382.9
1136880 2389.9
1136890 2396.8
1136900 2403.9
1136910 2403.9
1136920 2411.3
1136930 2418.6
1136940 2418.6
1136950 2426.3
1136960 2432.6
1136970 2432.6
1136980 2437.1
1136990 2440.3
1137000 2440.3
1137010 2444.6
1137020 2449.9
1137030 2449.9
1137040 2455.0
1137050 2461.3
1137060 2461.3
1137070 2465.7
1137080 2468.4
1137090 2468.4
1137100 2470.8
1137110 2473.2
1137120 2473.2
1137130 2477.7
1137140 2482.0
1137150 2487.0
1137160 2487.0
1137170 2493.1
1137180 2499.6
1137190 2499.6
1137200 2504.7
1137210 2507.5
1137220 2507.5
1137230 2510.0
1137240 2514.2
1137250 2514.2
1137260 2518.7
1137270 2523.4
1137280 2523.4
1137290 2528.8
1137300 2535.6
1137310 2535.6
1137320 2541.8
1137330 2546.5
1137340 2546.5
1137350 2551.6
1137360 2556.1
1137370 2560.1
1137380 2558.8
1137390 2560.9
1137400 2563.3
1137410 2563.3
1137420 2566.2
1137430 2569.2
1137440 2569.2
1137450 2571.7
1137460 2573.9
1137470 2573.9
1137480 2575.7
1137490 2577.6
1137500 2577.6
1137510 2580.3
1137520 2583.7
1137530 2583.7
1137540 2587.3
1137550 2590.7
1137560 2590.7
1137570 2594.1
1137580 2598.2
1137590 2602.3
1137600 2602.3
1137610 2606.8
1137620 2611.2
1137630 2611.2
1137640 2615.3
1137650 2619.5
1137660 2619.5
1137670 2623.8
1137680 2628.1
1137690 2628.1
1137700 2633.2
1137710 2638.5
1137720 2638.5
1137730 2643.7
1137740 2651.8
1137750 2651.8
1137760 2657.0
1137770 2662.3
1137780 2662.3
1137790 2668.7
1137800 2675.4
1137810 2681.9
1137820 2681.9
1137830 2687.4
1137840 2691.7
1137850 2691.7
1137860 2699.3
1137870 2705.7
1137880 2705.7
1137890 2710.8
1137900 2714.8
1137910 2714.8
1137920 2720.2
1137930 2725.3
1137940 2725.3
1137950 2739.1
1137960 2749.4
1137970 2749.4
1137980 2754.4
1137990 2760.1
1138000 2760.1
1138010 2770.1
1138020 2779.7
1138030 2794.7
1138040 2794.7
1138050 2810.9
1138060 2822.3
1138070 2822.3
1138080 2835.0
1138090 2859.6
1138100 2859.6
1138110 2880.7
1138120 2884.4
1138130 2884.4
1138140 2883.2
1138150 2882.8
1138160 2882.8
1138170 2881.5
1138180 2875.2
1138190 2875.2
1138200 2868.3
1138210 2865.2
1138220 2865.2
1138230 2823.8
1138240 2764.8
1138250 2740.1
1138260 2740.1
1138270 2728.4
1138280 2722.9
1138290 2722.9
1138300 2716.3
1138310 2707.7
1138320 2707.7
1138330 2701.2
1138340 2695.0
1138350 2695.0
1138360 2689.3
1138370 2685.3
1138380 2685.3
1138390 2682.6
1138400 2679.9
1138410 2679.9
1138420 2676.6
1138430 2672.5
1138440 2672.5
1138450 2668.3
1138460 2664.3
1138470 2664.2
1138480 2664.2
1138490 2660.3
1138500 2656.7
1138510 2656.7
1138520 2653.2
1138530 2650.2
1138540 2650.2
1138550 2647.6
1138560 2644.9
1138570 2644.9
1138580 2642.6
1138590 2640.4
1138600 2640.4
1138610 2637.6
1138620 2634.1
1138630 2634.1
1138640 2630.5
1138650 2626.9
1138660 2626.9
1138670 2623.4
1138680 2620.1
1138690 2617.4
1138700 2617.4
1138710 2614.3
1138720 2610.6
1138730 2610.6
1138740 2606.6
1138750 2602.7
1138760 2602.7
1138770 2598.9
1138780 2595.1
1138790 2595.1
1138800 2591.3
1138810 2588.1
1138820 2588.1
1138830 2585.7
1138840 2585.1
1138850 2585.1
1138860 2582.6
1138870 2580.0
1138880 2580.0
1138890 2577.2
1138900 2574.0
1138910 2570.6
1138920 2570.6
1138930 2567.2
1138940 2564.4
1138950 2564.4
1138960 2561.9
1138970 2558.9
1138980 2558.9
1138990 2556.7
1139000 2555.2
1139010 2555.2
1139020 2554.2
1139030 2553.1
1139040 2553.1
1139050 2551.2
1139060 2549.0
1139070 2549.0
1139080 2546.7
1139090 2544.3
1139100 2544.3
1139110 2541.8
1139120 2539.6
1139130 2537.4
1139140 2537.4
1139150 2536.1
1139160 2536.9
1139170 2536.9
1139180 2538.1
1139190 2536.4
1139200 2536.4
1139210 2538.6
1139220 2536.7
1139230 2536.7
1139240 2534.9
1139250 2531.9
1139260 2531.9
1139270 2528.4
1139280 2525.0
1139290 2525.0
1139300 2521.4
1139310 2517.9
1139320 2517.9
1139330 2514.9
1139340 2511.6
1139350 2508.0
1139360 2508.0
1139370 2503.9
1139380 2499.7
1139390 2499.7
1139400 2496.6
1139410 2493.7
1139420 2493.7
1139430 2491.2
1139440 2489.4
1139450 2489.4
1139460 2488.9
1139470 2489.4
1139480 2489.4
1139490 2489.6
1139500 2489.0
1139510 2489.0
1139520 2487.5
1139530 2485.4
1139540 2485.4
1139550 2482.9
1139560 2480.9
1139570 2477.6
1139580 2477.6
1139590 2476.0
1139600 2472.4
1139610 2472.4
1139620 2470.5
1139630 2468.7
1139640 2468.7
1139650 2466.8
1139660 2464.8
1139670 2464.8
1139680 2462.4
1139690 2459.9
1139700 2459.9
1139710 2457.3
1139720 2454.8
1139730 2454.8
1139740 2451.5
1139750 2447.7
1139760 2447.7
1139770 2443.5
1139780 2438.7
1139790 2434.3
1139800 2434.3
1139810 2430.7
1139820 2427.3
1139830 2427.3
1139840 2424.0
1139850 2421.2
1139860 2421.2
1139870 2418.5
1139880 2416.3
1139890 2416.3
1139900 2414.2
1139910 2412.3
1139920 2412.3
1139930 2410.7
1139940 2408.9
1139950 2408.9
1139960 2407.6
1139970 2406.1
1139980 2406.1
1139990 2404.4
