1120000 1668.6
1120010 1668.6
1120020 1666.7
1120030 1664.4
1120040 1664.4
1120050 1662.9
1120060 1661.4
1120070 1660.5
1120080 1660.5
1120090 1660.0
1120100 1658.5
1120110 1651.4
1120120 1649.4
1120130 1646.6
1120140 1646.6
1120150 1643.8
1120160 1641.3
1120170 1641.3
1120180 1640.8
1120190 1640.3
1120200 1640.3
1120210 1639.8
1120220 1638.9
1120230 1638.9
1120240 1637.2
1120250 1634.8
1120260 1634.8
1120270 1632.8
1120280 1631.1
1120290 1628.9
1120300 1628.9
1120310 1626.8
1120320 1625.1
1120330 1625.1
1120340 1623.3
1120350 1620.5
1120360 1620.5
1120370 1619.7
1120380 1621.0
1120390 1621.0
1120400 1622.7
1120410 1623.4
1120420 1623.4
1120430 1619.7
1120440 1618.9
1120450 1618.9
1120460 1614.5
1120470 1613.2
1120480 1613.2
1120490 1613.7
1120500 1612.6
1120510 1612.6
1120520 1612.6
1120530 1613.0
1120540 1614.0
1120550 1614.0
1120560 1615.3
1120570 1616.6
1120580 1616.6
1120590 1619.0
1120600 1620.8
1120610 1620.8
1120620 1622.8
1120630 1625.0
1120640 1625.0
1120650 1627.1
1120660 1628.5
1120670 1628.5
1120680 1629.6
1120690 1631.1
1120700 1631.1
1120710 1632.0
1120720 1631.4
1120730 1627.0
1120740 1627.0
1120750 1619.5
1120760 1619.2
1120770 1619.2
1120780 1620.0
1120790 1621.9
1120800 1621.9
1120810 1632.1
1120820 1634.7
1120830 1634.7
1120840 1638.6
1120850 1642.3
1120860 1642.3
1120870 1644.0
1120880 1644.7
1120890 1644.7
1120900 1646.0
1120910 1647.4
1120920 1647.4
1120930 1649.3
1120940 1648.6
1120950 1649.5
1120960 1649.5
1120970 1651.6
1120980 1653.5
1120990 1653.5
1121000 1655.9
1121010 1658.2
1121020 1658.2
1121030 1660.2
1121040 1662.1
1121050 1662.1
1121060 1664.4
1121070 1666.9
1121080 1666.9
1121090 1669.3
1121100 1671.0
1121110 1671.0
1121120 1672.3
1121130 1673.4
1121140 1673.4
1121150 1674.5
1121160 1680.9
1121170 1682.2
1121180 1682.2
1121190 1683.8
1121200 1686.0
1121210 1686.0
1121220 1687.5
1121230 1689.4
1121240 1689.4
1121250 1692.6
1121260 1696.7
1121270 1696.7
1121280 1699.9
1121290 1703.6
1121300 1703.6
1121310 1706.9
1121320 1709.3
1121330 1709.3
1121340 1710.1
1121350 1709.3
1121360 1709.3
1121370 1708.3
1121380 1708.9
1121390 1709.9
1121400 1709.9
1121410 1711.4
1121420 1713.7
1121430 1713.7
1121440 1716.0
1121450 1717.6
1121460 1717.6
1121470 1719.8
1121480 1723.2
1121490 1723.2
1121500 1732.8
1121510 1734.7
1121520 1734.7
1121530 1736.4
1121540 1738.2
1121550 1738.2
1121560 1740.5
1121570 1743.1
1121580 1743.1
1121590 1745.4
1121600 1747.2
1121610 1748.7
1121620 1748.7
1121630 1750.4
1121640 1752.1
1121650 1752.1
1121660 1753.7
1121670 1755.8
1121680 1755.8
1121690 1757.8
1121700 1759.6
1121710 1759.6
1121720 1759.9
1121730 1761.9
1121740 1761.9
1121750 1764.3
1121760 1764.7
1121770 1764.7
1121780 1765.9
1121790 1768.3
1121800 1768.3
1121810 1770.1
1121820 1771.7
1121830 1773.3
1121840 1773.3
1121850 1781.9
1121860 1782.6
1121870 1782.6
1121880 1783.2
1121890 1784.5
1121900 1784.5
1121910 1786.0
1121920 1788.0
1121930 1788.0
1121940 1790.7
1121950 1791.6
1121960 1791.6
1121970 1792.7
1121980 1794.6
1121990 1794.6
1122000 1798.2
1122010 1799.9
1122020 1799.9
1122030 1802.0
1122040 1803.9
1122050 1805.9
1122060 1805.9
1122070 1808.3
1122080 1812.4
1122090 1812.4
1122100 1815.2
1122110 1817.7
1122120 1817.7
1122130 1822.6
1122140 1829.1
1122150 1829.1
1122160 1835.9
1122170 1838.4
1122180 1838.4
1122190 1836.0
1122200 1847.2
1122210 1847.2
1122220 1847.9
1122230 1848.5
1122240 1848.5
1122250 1853.8
1122260 1861.8
1122270 1864.5
1122280 1864.5
1122290 1863.8
1122300 1861.9
1122310 1861.9
1122320 1861.1
1122330 1866.2
1122340 1866.2
1122350 1874.4
1122360 1876.8
1122370 1876.8
1122380 1878.8
1122390 1882.0
1122400 1882.0
1122410 1884.3
1122420 1887.3
1122430 1887.3
1122440 1889.3
1122450 1890.3
1122460 1890.3
1122470 1891.6
1122480 1892.2
1122490 1893.8
1122500 1893.8
1122510 1893.6
1122520 1890.4
1122530 1890.4
1122540 1889.1
1122550 1902.7
1122560 1902.7
1122570 1905.6
1122580 1908.4
1122590 1908.4
1122600 1912.2
1122610 1918.5
1122620 1918.5
1122630 1922.6
1122640 1923.3
1122650 1923.3
1122660 1923.6
1122670 1924.4
1122680 1924.4
1122690 1927.8
1122700 1929.0
1122710 1929.0
1122720 1929.7
1122730 1930.1
1122740 1930.4
1122750 1930.4
1122760 1930.5
1122770 1930.6
1122780 1930.6
1122790 1930.5
1122800 1930.2
1122810 1930.2
1122820 1930.0
1122830 1930.0
1122840 1930.0
1122850 1930.9
1122860 1933.2
1122870 1933.2
1122880 1936.1
1122890 1938.3
1122900 1941.7
1122910 1945.0
1122920 1949.7
1122930 1949.7
1122940 1951.3
1122950 1952.9
1122960 1954.8
1122970 1954.8
1122980 1956.5
1122990 1958.6
1123000 1958.6
1123010 1959.2
1123020 1960.0
1123030 1960.0
1123040 1960.8
1123050 1961.8
1123060 1961.8
1123070 1962.5
1123080 1963.5
1123090 1963.5
1123100 1964.9
1123110 1968.0
1123120 1968.0
1123130 1970.1
1123140 1970.7
1123150 1970.7
1123160 1971.8
1123170 1973.2
1123180 1974.3
1123190 1974.3
1123200 1976.5
1123210 1978.2
1123220 1978.2
1123230 1982.4
1123240 1990.3
1123250 1990.3
1123260 2000.7
1123270 2001.8
1123280 2001.8
1123290 2007.0
1123300 2014.4
1123310 2014.4
1123320 2019.9
1123330 2023.0
1123340 2023.0
1123350 2024.5
1123360 2026.3
1123370 2026.3
1123380 2028.5
1123390 2031.7
1123400 2033.4
1123410 2033.4
1123420 2037.6
1123430 2041.7
1123440 2041.7
1123450 2046.1
1123460 2049.7
1123470 2049.7
1123480 2052.7
1123490 2054.5
1123500 2054.5
1123510 2055.6
1123520 2058.4
1123530 2058.4
1123540 2061.1
1123550 2067.4
1123560 2067.4
1123570 2071.1
1123580 2075.6
1123590 2075.6
1123600 2078.7
1123610 2084.2
1123620 2085.5
1123630 2085.5
1123640 2087.6
1123650 2090.4
1123660 2090.4
1123670 2092.1
1123680 2092.3
1123690 2092.3
1123700 2091.7
1123710 2091.1
1123720 2091.1
1123730 2092.0
1123740 2092.8
1123750 2092.8
1123760 2093.6
1123770 2095.7
1123780 2095.7
1123790 2097.5
1123800 2098.5
1123810 2098.5
1123820 2098.2
1123830 2095.4
1123840 2093.9
1123850 2093.9
1123860 2094.7
1123870 2096.2
1123880 2096.2
1123890 2097.4
1123900 2099.2
1123910 2099.2
1123920 2100.6
1123930 2101.4
1123940 2101.4
1123950 2101.9
1123960 2115.6
1123970 2115.6
1123980 2118.8
1123990 2122.9
1124000 2122.9
1124010 2124.0
1124020 2125.6
1124030 2125.6
1124040 2128.2
1124050 2130.7
1124060 2133.6
1124070 2133.6
1124080 2136.3
1124090 2138.7
1124100 2138.7
1124110 2140.1
1124120 2139.9
1124130 2139.9
1124140 2140.4
1124150 2140.9
1124160 2140.9
1124170 2142.5
1124180 2144.0
1124190 2144.0
1124200 2144.6
1124210 2143.9
1124220 2143.9
1124230 2141.4
1124240 2139.7
1124250 2139.7
1124260 2141.5
1124270 2144.3
1124280 2146.6
1124290 2146.6
1124300 2148.8
1124310 2157.5
1124320 2157.5
1124330 2160.4
1124340 2162.4
1124350 2162.4
1124360 2164.6
1124370 2167.6
1124380 2167.6
1124390 2174.0
1124400 2177.7
1124410 2177.7
1124420 2179.1
1124430 2182.2
1124440 2182.2
1124450 2185.7
1124460 2189.0
1124470 2189.0
1124480 2192.6
1124490 2196.0
1124500 2199.9
1124510 2199.9
1124520 2203.0
1124530 2205.8
1124540 2205.8
1124550 2208.5
1124560 2211.2
1124570 2211.2
1124580 2214.3
1124590 2217.2
1124600 2217.2
1124610 2222.0
1124620 2225.2
1124630 2225.2
1124640 2226.9
1124650 2232.4
1124660 2239.7
1124670 2246.2
1124680 2252.7
1124690 2252.7
1124700 2258.0
1124710 2262.6
1124720 2267.2
1124730 2267.2
1124740 2272.8
1124750 2276.1
1124760 2276.1
1124770 2276.7
1124780 2277.3
1124790 2277.3
1124800 2277.9
1124810 2279.3
1124820 2279.3
1124830 2280.8
1124840 2282.3
1124850 2282.3
1124860 2284.4
1124870 2286.3
1124880 2286.3
1124890 2289.2
1124900 2291.6
1124910 2291.6
1124920 2294.8
1124930 2300.7
1124940 2307.0
1124950 2307.0
1124960 2312.0
1124970 2314.7
1124980 2314.7
1124990 2319.1
1125000 2325.3
1125010 2330.7
1125020 2336.1
1125030 2342.1
1125040 2342.1
1125050 2349.1
1125060 2356.6
1125070 2356.6
1125080 2364.6
1125090 2372.6
1125100 2372.6
1125110 2379.9
1125120 2386.3
1125130 2386.3
1125140 2391.6
1125150 2393.5
1125160 2393.5
1125170 2391.2
1125180 2388.1
1125190 2388.2
1125200 2388.2
1125210 2389.7
1125220 2390.1
1125230 2390.1
1125240 2389.5
1125250 2389.1
1125260 2389.1
1125270 2390.2
1125280 2393.1
1125290 2393.1
1125300 2393.9
1125310 2393.8
1125320 2393.8
1125330 2392.6
1125340 2391.4
1125350 2391.4
1125360 2389.1
1125370 2394.1
1125380 2394.1
1125390 2392.4
1125400 2392.0
1125410 2394.0
1125420 2394.0
1125430 2397.6
1125440 2400.4
1125450 2400.4
1125460 2403.2
1125470 2406.4
1125480 2406.4
1125490 2408.1
1125500 2408.2
1125510 2408.2
1125520 2405.8
1125530 2403.8
1125540 2403.8
1125550 2401.9
1125560 2396.0
1125570 2396.0
1125580 2386.5
1125590 2379.2
1125600 2379.2
1125610 2371.5
1125620 2367.9
1125630 2363.0
1125640 2363.0
1125650 2356.2
1125660 2350.7
1125670 2350.7
1125680 2347.4
1125690 2345.6
1125700 2345.6
1125710 2346.3
1125720 2350.6
1125730 2350.6
1125740 2352.1
1125750 2352.3
1125760 2352.3
1125770 2351.0
1125780 2349.4
1125790 2349.4
1125800 2346.6
1125810 2346.6
1125820 2346.6
1125830 2348.6
1125840 2350.6
1125850 2352.5
1125860 2352.5
1125870 2354.5
1125880 2356.5
1125890 2356.5
1125900 2358.4
1125910 2359.9
1125920 2359.9
1125930 2360.7
1125940 2363.5
1125950 2363.5
1125960 2368.6
1125970 2372.8
1125980 2372.8
1125990 2376.3
1126000 2380.3
1126010 2380.3
1126020 2385.6
1126030 2390.8
1126040 2390.8
1126050 2393.3
1126060 2393.9
1126070 2400.7
1126080 2400.7
1126090 2400.8
1126100 2399.8
1126110 2399.8
1126120 2398.2
1126130 2398.3
1126140 2398.3
1126150 2400.0
1126160 2403.2
1126170 2403.2
1126180 2404.9
1126190 2409.0
1126200 2409.0
1126210 2416.3
1126220 2423.3
1126230 2423.3
1126240 2426.8
1126250 2433.0
1126260 2433.0
1126270 2443.3
1126280 2453.9
1126290 2461.1
1126300 2461.1
1126310 2462.5
1126320 2461.2
1126330 2461.2
1126340 2459.5
1126350 2458.8
1126360 2458.8
1126370 2457.8
1126380 2458.6
1126390 2458.6
1126400 2463.0
1126410 2464.7
1126420 2464.7
1126430 2473.2
1126440 2477.3
1126450 2477.3
1126460 2481.1
1126470 2486.0
1126480 2486.0
1126490 2489.8
1126500 2492.2
1126510 2493.1
1126520 2493.1
1126530 2492.6
1126540 2490.4
1126550 2490.4
1126560 2491.6
1126570 2490.4
1126580 2490.4
1126590 2489.5
1126600 2489.4
1126610 2489.4
1126620 2490.5
1126630 2491.9
1126640 2491.9
1126650 2495.7
1126660 2499.8
1126670 2499.8
1126680 2504.4
1126690 2506.8
1126700 2506.8
1126710 2504.9
1126720 2499.5
1126730 2495.3
1126740 2495.3
1126750 2492.4
1126760 2485.1
1126770 2485.1
1126780 2471.9
1126790 2465.6
1126800 2465.6
1126810 2461.2
1126820 2452.8
1126830 2452.8
1126840 2448.2
1126850 2438.1
1126860 2438.1
1126870 2430.8
1126880 2423.5
1126890 2423.5
1126900 2417.5
1126910 2412.8
1126920 2412.8
1126930 2408.2
1126940 2404.3
1126950 2401.6
1126960 2401.6
1126970 2398.8
1126980 2395.6
1126990 2395.6
1127000 2392.6
1127010 2390.2
1127020 2390.2
1127030 2388.1
1127040 2386.1
1127050 2386.1
1127060 2384.9
1127070 2383.0
1127080 2383.0
1127090 2380.5
1127100 2378.1
1127110 2378.1
1127120 2375.6
1127130 2373.6
1127140 2368.0
1127150 2365.8
1127160 2363.3
1127170 2360.8
1127180 2360.8
1127190 2357.9
1127200 2357.7
1127210 2357.7
1127220 2358.8
1127230 2359.8
1127240 2359.8
1127250 2361.5
1127260 2362.9
1127270 2362.9
1127280 2364.0
1127290 2364.6
1127300 2364.6
1127310 2364.7
1127320 2366.2
1127330 2366.2
1127340 2367.6
1127350 2369.2
1127360 2369.2
1127370 2370.7
1127380 2373.0
1127390 2375.0
1127400 2375.0
1127410 2377.0
1127420 2378.4
1127430 2378.4
1127440 2379.9
1127450 2381.3
1127460 2381.3
1127470 2381.7
1127480 2383.2
1127490 2377.2
1127500 2377.3
1127510 2378.9
1127520 2378.9
1127530 2380.6
1127540 2381.5
1127550 2381.5
1127560 2382.1
1127570 2383.1
1127580 2383.1
1127590 2384.6
1127600 2386.5
1127610 2389.3
1127620 2389.3
1127630 2392.0
1127640 2394.5
1127650 2394.5
1127660 2398.1
1127670 2401.4
1127680 2401.4
1127690 2402.9
1127700 2400.1
1127710 2400.1
1127720 2398.9
1127730 2399.4
1127740 2399.4
1127750 2399.6
1127760 2399.9
1127770 2399.9
1127780 2398.8
1127790 2398.5
1127800 2398.5
1127810 2396.8
1127820 2391.9
1127830 2385.2
1127840 2385.2
1127850 2375.2
1127860 2373.4
1127870 2373.4
1127880 2371.9
1127890 2369.6
1127900 2369.6
1127910 2366.2
1127920 2363.4
1127930 2363.4
1127940 2360.8
1127950 2358.5
1127960 2358.5
1127970 2359.9
1127980 2362.1
1127990 2362.1
1128000 2364.2
1128010 2365.3
1128020 2365.3
1128030 2366.8
1128040 2367.4
1128050 2367.4
1128060 2368.0
1128070 2369.3
1128080 2371.8
1128090 2371.8
1128100 2374.3
1128110 2376.7
1128120 2376.7
1128130 2377.3
1128140 2378.5
1128150 2378.5
1128160 2379.7
1128170 2381.4
1128180 2381.4
1128190 2382.8
1128200 2379.0
1128210 2379.0
1128220 2383.1
1128230 2388.5
1128240 2388.5
1128250 2393.5
1128260 2399.2
1128270 2399.2
1128280 2404.9
1128290 2409.7
1128300 2410.2
1128310 2410.2
1128320 2403.0
1128330 2398.0
1128340 2398.0
1128350 2395.8
1128360 2394.0
1128370 2394.0
1128380 2392.1
1128390 2389.8
1128400 2389.8
1128410 2387.9
1128420 2386.2
1128430 2386.2
1128440 2385.8
1128450 2384.3
1128460 2384.3
1128470 2381.4
1128480 2381.2
1128490 2381.2
1128500 2380.0
1128510 2379.1
1128520 2378.9
1128530 2378.9
1128540 2380.8
1128550 2383.2
1128560 2380.2
1128570 2379.9
1128580 2379.2
1128590 2379.2
1128600 2379.1
1128610 2381.9
1128620 2381.9
1128630 2385.4
1128640 2388.3
1128650 2388.3
1128660 2391.2
1128670 2394.5
1128680 2394.5
1128690 2397.5
1128700 2399.9
1128710 2399.9
1128720 2401.4
1128730 2403.5
1128740 2405.3
1128750 2405.3
1128760 2406.3
1128770 2407.5
1128780 2407.5
1128790 2409.9
1128800 2412.1
1128810 2412.1
1128820 2414.3
1128830 2417.8
1128840 2417.8
1128850 2420.8
1128860 2427.7
1128870 2427.7
1128880 2435.6
1128890 2440.7
1128900 2440.7
1128910 2435.5
1128920 2437.4
1128930 2437.4
1128940 2441.3
1128950 2446.0
1128960 2449.3
1128970 2449.3
1128980 2451.9
1128990 2454.2
1129000 2454.2
1129010 2457.3
1129020 2458.6
1129030 2458.6
1129040 2458.3
1129050 2462.8
1129060 2462.8
1129070 2467.3
1129080 2468.0
1129090 2468.0
1129100 2470.0
1129110 2472.3
1129120 2472.3
1129130 2473.9
1129140 2478.8
1129150 2478.8
1129160 2480.9
1129170 2481.5
1129180 2481.6
1129190 2481.6
1129200 2480.7
1129210 2482.4
1129220 2482.4
1129230 2484.9
1129240 2486.8
1129250 2486.8
1129260 2491.7
1129270 2486.8
1129280 2486.8
1129290 2489.4
1129300 2490.9
1129310 2490.9
1129320 2493.8
1129330 2496.0
1129340 2496.0
1129350 2498.3
1129360 2504.6
1129370 2504.6
1129380 2507.2
1129390 2511.5
1129400 2519.3
1129410 2519.3
1129420 2525.4
1129430 2530.0
1129440 2530.0
1129450 2534.0
1129460 2538.1
1129470 2538.1
1129480 2541.5
1129490 2544.2
1129500 2544.2
1129510 2547.2
1129520 2550.7
1129530 2550.7
1129540 2554.1
1129550 2557.7
1129560 2557.7
1129570 2561.9
1129580 2565.2
1129590 2565.2
1129600 2568.6
1129610 2571.9
1129620 2574.6
1129630 2566.9
1129640 2571.2
1129650 2576.5
1129660 2576.5
1129670 2581.3
1129680 2584.2
1129690 2584.2
1129700 2583.6
1129710 2586.2
1129720 2586.2
1129730 2592.5
1129740 2596.3
1129750 2596.3
1129760 2594.4
1129770 2595.3
1129780 2595.3
1129790 2598.4
1129800 2601.2
1129810 2601.2
1129820 2604.0
1129830 2606.3
1129840 2607.4
1129850 2607.4
1129860 2607.5
1129870 2607.6
1129880 2607.6
1129890 2608.3
1129900 2608.2
1129910 2608.2
1129920 2603.6
1129930 2597.5
1129940 2597.5
1129950 2593.9
1129960 2594.4
1129970 2594.4
1129980 2593.5
1129990 2580.8
1130000 2580.8
1130010 2568.8
1130020 2558.3
1130030 2558.3
1130040 2548.3
1130050 2542.2
1130060 2534.1
1130070 2534.1
1130080 2527.3
1130090 2519.7
1130100 2519.7
1130110 2513.1
1130120 2507.3
1130130 2507.3
1130140 2501.8
1130150 2497.1
1130160 2497.1
1130170 2493.4
1130180 2488.5
1130190 2488.5
1130200 2484.8
1130210 2482.4
1130220 2482.4
1130230 2480.3
1130240 2478.1
1130250 2478.1
1130260 2475.7
1130270 2475.1
1130280 2476.2
1130290 2476.2
1130300 2478.2
1130310 2479.2
1130320 2479.2
1130330 2479.3
1130340 2477.8
1130350 2477.8
1130360 2479.2
1130370 2481.2
1130380 2481.2
1130390 2482.7
1130400 2482.0
1130410 2482.0
1130420 2481.9
1130430 2482.0
1130440 2482.0
1130450 2482.0
1130460 2481.8
1130470 2481.8
1130480 2481.8
1130490 2483.2
1130500 2482.9
1130510 2482.9
1130520 2481.5
1130530 2480.5
1130540 2480.5
1130550 2479.1
1130560 2477.6
1130570 2477.6
1130580 2476.7
1130590 2476.4
1130600 2476.4
1130610 2478.7
1130620 2481.5
1130630 2481.5
1130640 2485.6
1130650 2489.7
1130660 2489.7
1130670 2492.8
1130680 2495.6
1130690 2495.6
1130700 2494.1
1130710 2499.9
1130720 2507.4
1130730 2507.4
1130740 2514.8
1130750 2521.3
1130760 2521.3
1130770 2528.1
1130780 2536.1
1130790 2536.1
1130800 2543.6
1130810 2543.1
1130820 2543.1
1130830 2529.7
1130840 2515.8
1130850 2515.8
1130860 2494.0
1130870 2472.9
1130880 2472.9
1130890 2457.1
1130900 2442.0
1130910 2442.0
1130920 2431.9
1130930 2419.5
1130940 2419.5
1130950 2410.7
1130960 2405.6
1130970 2400.2
1130980 2400.2
1130990 2395.0
1131000 2390.8
1131010 2390.8
1131020 2387.0
1131030 2383.5
1131040 2383.5
1131050 2380.3
1131060 2372.2
1131070 2372.2
1131080 2370.1
1131090 2368.4
1131100 2368.4
1131110 2366.5
1131120 2364.3
1131130 2364.3
1131140 2361.9
1131150 2356.4
1131160 2356.4
1131170 2350.0
1131180 2345.1
1131190 2340.7
1131200 2340.7
1131210 2336.7
1131220 2332.3
1131230 2332.3
1131240 2327.0
1131250 2322.9
1131260 2322.9
1131270 2318.5
1131280 2314.2
1131290 2314.2
1131300 2312.3
1131310 2311.0
1131320 2311.0
1131330 2307.7
1131340 2300.2
1131350 2300.2
1131360 2292.5
1131370 2285.9
1131380 2285.9
1131390 2280.6
1131400 2276.8
1131410 2273.7
1131420 2271.5
1131430 2264.9
1131440 2257.1
1131450 2257.1
1131460 2250.3
1131470 2241.7
1131480 2241.7
1131490 2231.5
1131500 2222.1
1131510 2222.1
1131520 2207.6
1131530 2206.1
1131540 2206.1
1131550 2207.4
1131560 2202.6
1131570 2202.6
1131580 2197.8
1131590 2196.3
1131600 2196.3
1131610 2195.7
1131620 2195.9
1131630 2194.9
1131640 2194.9
1131650 2194.0
1131660 2190.7
1131670 2190.7
1131680 2186.0
1131690 2184.6
1131700 2184.6
1131710 2184.9
1131720 2184.9
1131730 2184.9
1131740 2182.4
1131750 2171.5
1131760 2171.5
1131770 2148.4
1131780 2132.5
1131790 2132.5
1131800 2122.6
1131810 2113.1
1131820 2113.1
1131830 2104.3
1131840 2097.3
1131850 2089.0
1131860 2089.0
1131870 2079.3
1131880 2072.0
1131890 2072.0
1131900 2066.7
1131910 2062.0
1131920 2062.0
1131930 2057.7
1131940 2053.3
1131950 2053.3
1131960 2047.6
1131970 2039.8
1131980 2039.8
1131990 2034.4
1132000 2031.6
1132010 2031.6
1132020 2026.9
1132030 2022.9
1132040 2022.9
1132050 2019.7
1132060 2017.2
1132070 2013.5
1132080 2013.5
1132090 2006.2
1132100 1999.0
1132110 1999.0
1132120 1992.3
1132130 1985.1
1132140 1977.8
1132150 1971.8
1132160 1962.4
1132170 1962.4
1132180 1946.3
1132190 1932.7
1132200 1932.7
1132210 1923.4
1132220 1907.6
1132230 1907.6
1132240 1895.6
1132250 1890.6
1132260 1890.6
1132270 1886.5
1132280 1881.0
1132290 1874.3
1132300 1874.3
1132310 1868.2
1132320 1862.0
1132330 1862.0
1132340 1852.4
1132350 1842.8
1132360 1842.8
1132370 1836.6
1132380 1831.1
1132390 1831.1
1132400 1824.0
1132410 1818.8
1132420 1818.8
1132430 1814.2
1132440 1808.7
1132450 1808.7
1132460 1803.4
1132470 1798.2
1132480 1798.2
1132490 1793.2
1132500 1786.3
1132510 1782.1
1132520 1782.1
1132530 1778.5
1132540 1775.1
1132550 1775.1
1132560 1771.4
1132570 1768.0
1132580 1768.0
1132590 1766.8
1132600 1766.3
1132610 1766.3
1132620 1764.8
1132630 1763.0
1132640 1763.0
1132650 1759.4
1132660 1761.8
1132670 1761.8
1132680 1767.9
1132690 1774.0
1132700 1774.0
1132710 1776.2
1132720 1776.0
1132730 1775.8
1132740 1775.8
1132750 1776.6
1132760 1777.4
1132770 1777.4
1132780 1778.5
1132790 1780.2
1132800 1780.2
1132810 1783.6
1132820 1787.2
1132830 1787.2
1132840 1791.1
1132850 1794.6
1132860 1798.6
1132870 1802.5
1132880 1807.5
1132890 1807.5
1132900 1813.6
1132910 1819.2
1132920 1819.2
1132930 1824.6
1132940 1829.4
1132950 1833.6
1132960 1833.6
1132970 1836.7
1132980 1840.7
1132990 1840.7
1133000 1846.2
1133010 1853.8
1133020 1853.8
1133030 1862.0
1133040 1869.0
1133050 1869.0
1133060 1874.1
1133070 1877.5
1133080 1877.5
1133090 1880.4
1133100 1884.0
1133110 1884.0
1133120 1888.4
1133130 1893.0
1133140 1893.0
1133150 1896.3
1133160 1899.4
1133170 1903.9
1133180 1903.9
1133190 1907.2
1133200 1908.9
1133210 1908.9
1133220 1918.1
1133230 1922.6
1133240 1922.6
1133250 1929.4
1133260 1936.8
1133270 1936.8
1133280 1944.6
1133290 1952.0
1133300 1952.0
1133310 1958.0
1133320 1963.5
1133330 1963.5
1133340 1968.5
1133350 1973.7
1133360 1973.7
1133370 1978.8
1133380 1983.3
1133390 1988.1
1133400 1988.1
1133410 1992.5
1133420 1996.7
1133430 1996.7
1133440 2000.8
1133450 2004.8
1133460 2004.8
1133470 2008.6
1133480 2012.8
1133490 2012.8
1133500 2016.5
1133510 2020.8
1133520 2020.8
1133530 2025.8
1133540 2031.3
1133550 2031.3
1133560 2036.8
1133570 2041.6
1133580 2044.1
1133590 2047.9
1133600 2051.0
1133610 2052.9
1133620 2052.9
1133630 2055.0
1133640 2057.0
1133650 2057.0
1133660 2058.5
1133670 2059.9
1133680 2059.9
1133690 2061.5
1133700 2062.4
1133710 2062.4
1133720 2062.9
1133730 2062.6
1133740 2062.6
1133750 2061.8
1133760 2059.2
1133770 2059.2
1133780 2054.5
1133790 2051.2
1133800 2051.2
1133810 2051.0
1133820 2051.6
1133830 2053.1
1133840 2053.1
1133850 2053.6
1133860 2053.8
1133870 2053.8
1133880 2056.2
1133890 2059.1
1133900 2059.1
1133910 2060.8
1133920 2062.9
1133930 2062.9
1133940 2065.1
1133950 2067.2
1133960 2067.2
1133970 2068.9
1133980 2069.3
1133990 2069.3
1134000 2068.8
1134010 2067.9
1134020 2067.9
1134030 2067.2
1134040 2066.0
1134050 2066.0
1134060 2064.6
1134070 2063.7
1134080 2063.3
1134090 2063.3
1134100 2062.1
1134110 2059.2
1134120 2059.2
1134130 2054.2
1134140 2043.7
1134150 2043.7
1134160 2031.9
1134170 2020.3
1134180 2020.3
1134190 2009.5
1134200 2001.5
1134210 2001.5
1134220 1993.8
1134230 1986.7
1134240 1986.7
1134250 1980.2
1134260 1973.5
1134270 1973.5
1134280 1967.3
1134290 1962.1
1134300 1957.3
1134310 1957.3
1134320 1948.2
1134330 1939.7
1134340 1939.7
1134350 1932.0
1134360 1925.1
1134370 1925.1
1134380 1917.9
1134390 1910.5
1134400 1910.5
1134410 1903.4
1134420 1896.5
1134430 1896.5
1134440 1889.1
1134450 1881.8
1134460 1881.8
1134470 1873.6
1134480 1865.3
1134490 1865.3
1134500 1857.1
1134510 1849.1
1134520 1841.6
1134530 1841.6
1134540 1834.5
1134550 1827.4
1134560 1827.4
1134570 1821.0
1134580 1817.1
1134590 1817.1
1134600 1813.9
1134610 1810.2
1134620 1810.2
1134630 1805.6
1134640 1798.7
1134650 1798.7
1134660 1795.3
1134670 1797.4
1134680 1797.4
1134690 1792.3
1134700 1788.4
1134710 1788.4
1134720 1784.2
1134730 1781.2
1134740 1777.4
1134750 1777.4
1134760 1773.7
1134770 1770.5
1134780 1770.5
1134790 1767.2
1134800 1763.9
1134810 1763.9
1134820 1761.6
1134830 1760.7
1134840 1760.7
1134850 1759.8
1134860 1759.5
1134870 1759.5
1134880 1759.5
1134890 1760.4
1134900 1760.4
1134910 1762.8
1134920 1766.4
1134930 1766.4
1134940 1771.2
1134950 1776.4
1134960 1780.6
1134970 1780.6
1134980 1783.3
1134990 1785.7
1135000 1785.7
1135010 1788.9
1135020 1791.7
1135030 1790.9
1135040 1794.2
1135050 1797.5
1135060 1797.5
1135070 1801.6
1135080 1808.9
1135090 1808.9
1135100 1817.0
1135110 1822.5
1135120 1822.5
1135130 1829.1
1135140 1837.2
1135150 1837.2
1135160 1845.0
1135170 1853.6
1135180 1862.4
1135190 1862.4
1135200 1871.1
1135210 1879.3
1135220 1879.3
1135230 1887.1
1135240 1895.0
1135250 1895.0
1135260 1902.5
1135270 1909.4
1135280 1909.4
1135290 1915.4
1135300 1920.1
1135310 1920.1
1135320 1924.4
1135330 1928.7
1135340 1928.7
1135350 1932.9
1135360 1937.4
1135370 1937.4
1135380 1942.2
1135390 1945.3
1135400 1949.7
1135410 1949.7
1135420 1954.9
1135430 1960.3
1135440 1960.3
1135450 1965.6
1135460 1970.9
1135470 1970.9
1135480 1975.7
1135490 1979.7
1135500 1979.7
1135510 1984.8
1135520 1991.2
1135530 1991.2
1135540 1997.5
1135550 2003.2
1135560 2003.2
1135570 2008.8
1135580 2014.6
1135590 2014.6
1135600 2020.1
1135610 2024.8
1135620 2029.1
1135630 2029.1
1135640 2033.9
1135650 2039.0
1135660 2039.0
1135670 2043.3
1135680 2047.1
1135690 2047.1
1135700 2050.8
1135710 2054.2
1135720 2054.2
1135730 2057.4
1135740 2062.6
1135750 2062.6
1135760 2068.6
1135770 2074.2
1135780 2074.2
1135790 2080.1
1135800 2085.6
1135810 2085.6
1135820 2090.9
1135830 2096.0
1135840 2100.9
1135850 2100.9
1135860 2105.2
1135870 2108.5
1135880 2108.5
1135890 2111.3
1135900 2114.9
1135910 2114.9
1135920 2118.3
1135930 2122.2
1135940 2122.2
1135950 2125.5
1135960 2128.8
1135970 2128.8
1135980 2131.8
1135990 2133.0
1136000 2133.0
1136010 2134.9
1136020 2137.0
1136030 2137.0
1136040 2139.3
1136050 2141.9
1136060 2145.3
1136070 2145.3
1136080 2148.8
1136090 2152.8
1136100 2152.8
1136110 2157.2
1136120 2162.0
1136130 2162.0
1136140 2166.6
1136150 2171.3
1136160 2171.3
1136170 2176.2
1136180 2180.7
1136190 2180.7
1136200 2186.1
1136210 2192.1
1136220 2192.1
1136230 2197.3
1136240 2203.2
1136250 2203.2
1136260 2208.7
1136270 2214.4
1136280 2221.2
1136290 2221.2
1136300 2228.4
1136310 2235.4
1136320 2235.4
1136330 2242.3
1136340 2249.0
1136350 2249.0
1136360 2255.3
1136370 2261.6
1136380 2261.6
1136390 2268.0
1136400 2274.7
1136410 2274.7
1136420 2281.9
1136430 2288.5
1136440 2288.5
1136450 2294.9
1136460 2300.6
1136470 2300.6
1136480 2309.1
1136490 2315.6
1136500 2321.7
1136510 2321.7
1136520 2328.2
1136530 2334.8
1136540 2334.8
1136550 2340.9
1136560 2346.8
1136570 2346.8
1136580 2352.9
1136590 2360.1
1136600 2360.1
1136610 2366.1
1136620 2371.0
1136630 2371.0
1136640 2375.7
1136650 2379.8
1136660 2379.8
1136670 2381.0
1136680 2381.5
1136690 2381.5
1136700 2383.8
1136710 2386.4
1136720 2389.5
1136730 2389.5
1136740 2393.7
1136750 2398.5
1136760 2398.5
1136770 2403.5
1136780 2408.4
1136790 2408.4
1136800 2413.5
1136810 2418.9
1136820 2418.9
1136830 2423.9
1136840 2429.1
1136850 2427.6
1136860 2431.7
1136870 2435.6
1136880 2435.6
1136890 2440.3
1136900 2444.8
1136910 2444.8
1136920 2449.3
1136930 2453.8
1136940 2457.9
1136950 2457.9
1136960 2461.9
1136970 2465.8
1136980 2465.8
1136990 2470.0
1137000 2474.5
1137010 2474.5
1137020 2479.4
1137030 2484.3
1137040 2484.3
1137050 2488.8
1137060 2493.2
1137070 2493.2
1137080 2498.0
1137090 2502.7
1137100 2502.7
1137110 2507.4
1137120 2512.2
1137130 2512.2
1137140 2517.0
1137150 2521.8
1137160 2526.8
1137170 2526.8
1137180 2531.6
1137190 2536.6
1137200 2536.6
1137210 2543.1
1137220 2548.2
1137230 2548.2
1137240 2553.5
1137250 2558.9
1137260 2558.9
1137270 2564.3
1137280 2569.6
1137290 2569.6
1137300 2575.1
1137310 2580.7
1137320 2580.7
1137330 2586.4
1137340 2592.1
1137350 2592.1
1137360 2597.9
1137370 2603.8
1137380 2603.8
1137390 2609.7
1137400 2615.7
1137410 2621.9
1137420 2621.9
1137430 2628.2
1137440 2634.5
1137450 2634.5
1137460 2640.9
1137470 2647.5
1137480 2647.5
1137490 2654.1
1137500 2660.8
1137510 2660.8
1137520 2667.5
1137530 2673.7
1137540 2673.7
1137550 2678.9
1137560 2684.3
1137570 2684.3
1137580 2702.6
1137590 2716.9
1137600 2716.9
1137610 2727.9
1137620 2734.1
1137630 2742.3
1137640 2742.3
1137650 2752.7
1137660 2763.9
1137670 2763.9
1137680 2778.2
1137690 2790.7
1137700 2790.7
1137710 2796.5
1137720 2800.4
1137730 2800.4
1137740 2810.4
1137750 2829.3
1137760 2829.3
1137770 2843.6
1137780 2855.6
1137790 2855.6
1137800 2865.2
1137810 2866.4
1137820 2866.4
1137830 2862.3
1137840 2853.4
1137850 2843.7
1137860 2843.7
1137870 2837.6
1137880 2832.8
1137890 2832.8
1137900 2829.4
1137910 2825.4
1137920 2825.4
1137930 2822.2
1137940 2823.2
1137950 2823.2
1137960 2821.8
1137970 2820.9
1137980 2820.9
1137990 2820.1
1138000 2819.7
1138010 2819.7
1138020 2819.3
1138030 2818.8
1138040 2818.8
1138050 2818.1
1138060 2817.1
1138070 2815.8
1138080 2815.8
1138090 2814.2
1138100 2812.4
1138110 2812.4
1138120 2810.4
1138130 2808.0
1138140 2808.0
1138150 2805.7
1138160 2803.3
1138170 2803.3
1138180 2801.2
1138190 2799.0
1138200 2799.0
1138210 2796.9
1138220 2794.6
1138230 2794.6
1138240 2792.3
1138250 2789.7
1138260 2789.7
1138270 2786.7
1138280 2783.8
1138290 2781.3
1138300 2781.3
1138310 2781.1
1138320 2779.4
1138330 2779.4
1138340 2778.2
1138350 2777.1
1138360 2777.1
1138370 2776.3
1138380 2775.6
1138390 2775.6
1138400 2775.1
1138410 2774.9
1138420 2774.9
1138430 2774.9
1138440 2775.5
1138450 2775.5
1138460 2776.8
1138470 2779.9
1138480 2779.9
1138490 2793.3
1138500 2808.1
1138510 2819.7
1138520 2819.7
1138530 2826.3
1138540 2822.3
1138550 2822.3
1138560 2808.2
1138570 2798.1
1138580 2798.1
1138590 2782.6
1138600 2768.3
1138610 2768.3
1138620 2770.3
1138630 2771.3
1138640 2771.3
1138650 2771.0
1138660 2771.7
1138670 2771.7
1138680 2753.5
1138690 2732.5
1138700 2732.5
1138710 2721.6
1138720 2707.9
1138730 2691.5
1138740 2691.5
1138750 2684.0
1138760 2679.0
1138770 2679.0
1138780 2674.2
1138790 2668.6
1138800 2668.6
1138810 2663.0
1138820 2658.5
1138830 2658.5
1138840 2653.4
1138850 2648.3
1138860 2648.3
1138870 2643.6
1138880 2638.7
1138890 2638.7
1138900 2634.4
1138910 2633.2
1138920 2633.2
1138930 2632.7
1138940 2633.0
1138950 2634.3
1138960 2634.3
1138970 2633.3
1138980 2627.2
1138990 2627.2
1139000 2620.4
1139010 2616.0
1139020 2616.0
1139030 2613.3
1139040 2609.2
1139050 2609.2
1139060 2603.8
1139070 2601.6
1139080 2601.6
1139090 2602.0
1139100 2603.7
1139110 2603.7
1139120 2605.9
1139130 2607.4
1139140 2607.4
1139150 2609.9
1139160 2613.6
1139170 2617.8
1139180 2617.8
1139190 2622.8
1139200 2630.0
1139210 2630.0
1139220 2639.2
1139230 2642.1
1139240 2642.1
1139250 2645.9
1139260 2650.6
1139270 2650.6
1139280 2654.0
1139290 2656.8
1139300 2656.8
1139310 2659.4
1139320 2662.5
1139330 2662.5
1139340 2664.9
1139350 2666.1
1139360 2666.1
1139370 2669.2
1139380 2672.0
1139390 2675.4
1139400 2675.4
1139410 2683.3
1139420 2688.7
1139430 2688.7
1139440 2695.3
1139450 2703.5
1139460 2703.5
1139470 2712.6
1139480 2719.3
1139490 2719.3
1139500 2726.1
1139510 2732.5
1139520 2732.5
1139530 2737.0
1139540 2741.7
1139550 2741.7
1139560 2746.4
1139570 2750.4
1139580 2750.4
1139590 2755.4
1139600 2761.2
1139610 2766.9
1139620 2766.9
1139630 2775.2
1139640 2785.3
1139650 2785.3
1139660 2787.3
1139670 2769.7
1139680 2769.7
1139690 2749.2
1139700 2730.0
1139710 2730.0
1139720 2718.6
1139730 2710.6
1139740 2710.6
1139750 2703.4
1139760 2696.1
1139770 2696.1
1139780 2687.1
1139790 2680.2
1139800 2680.2
1139810 2673.9
1139820 2667.4
1139830 2660.8
1139840 2660.8
1139850 2654.9
1139860 2649.1
1139870 2649.1
1139880 2643.9
1139890 2638.6
1139900 2638.6
1139910 2633.9
1139920 2630.2
1139930 2630.2
1139940 2625.6
1139950 2620.5
1139960 2620.5
1139970 2616.2
1139980 2611.5
1139990 2611.5
