1120000 1608.8
1120010 1611.4
1120020 1611.4
1120030 1615.3
1120040 1619.5
1120050 1619.5
1120060 1625.0
1120070 1631.0
1120080 1631.0
1120090 1635.7
1120100 1640.3
1120110 1640.3
1120120 1645.8
1120130 1652.2
1120140 1652.2
1120150 1658.7
1120160 1665.6
1120170 1665.6
1120180 1671.6
1120190 1678.1
1120200 1683.6
1120210 1683.6
1120220 1688.8
1120230 1693.4
1120240 1693.4
1120250 1697.7
1120260 1701.1
1120270 1701.1
1120280 1703.2
1120290 1705.3
1120300 1705.3
1120310 1708.8
1120320 1712.4
1120330 1712.4
1120340 1718.0
1120350 1722.2
1120360 1722.2
1120370 1725.0
1120380 1729.2
1120390 1729.2
1120400 1734.8
1120410 1740.0
1120420 1745.5
1120430 1745.5
1120440 1750.9
1120450 1756.7
1120460 1756.7
1120470 1762.3
1120480 1768.2
1120490 1768.2
1120500 1773.1
1120510 1780.5
1120520 1780.5
1120530 1784.0
1120540 1787.2
1120550 1787.2
1120560 1790.1
1120570 1792.5
1120580 1792.5
1120590 1795.4
1120600 1798.4
1120610 1798.4
1120620 1801.7
1120630 1805.2
1120640 1808.7
1120650 1808.7
1120660 1812.0
1120670 1816.1
1120680 1816.1
1120690 1820.2
1120700 1824.7
1120710 1824.7
1120720 1829.6
1120730 1835.2
1120740 1835.2
1120750 1840.8
1120760 1846.1
1120770 1846.1
1120780 1849.8
1120790 1854.5
1120800 1854.5
1120810 1858.5
1120820 1862.1
1120830 1862.1
1120840 1865.4
1120850 1868.6
1120860 1871.1
1120870 1871.1
1120880 1872.4
1120890 1874.6
1120900 1874.6
1120910 1878.4
1120920 1880.7
1120930 1880.7
1120940 1881.3
1120950 1883.4
1120960 1883.4
1120970 1886.3
1120980 1889.5
1120990 1889.5
1121000 1892.6
1121010 1895.7
1121020 1895.7
1121030 1898.5
1121040 1901.8
1121050 1901.8
1121060 1904.9
1121070 1908.5
1121080 1911.9
1121090 1911.9
1121100 1914.7
1121110 1917.0
1121120 1917.0
1121130 1918.1
1121140 1919.2
1121150 1919.2
1121160 1920.7
1121170 1922.2
1121180 1922.2
1121190 1923.8
1121200 1926.6
1121210 1928.8
1121220 1931.7
1121230 1933.9
1121240 1933.9
1121250 1935.9
1121260 1938.3
1121270 1938.3
1121280 1940.3
1121290 1940.8
1121300 1941.7
1121310 1941.7
1121320 1944.6
1121330 1951.2
1121340 1951.2
1121350 1955.8
1121360 1958.8
1121370 1958.8
1121380 1960.9
1121390 1962.8
1121400 1962.8
1121410 1964.5
1121420 1967.7
1121430 1967.7
1121440 1972.6
1121450 1974.9
1121460 1974.9
1121470 1976.6
1121480 1979.2
1121490 1979.2
1121500 1983.7
1121510 1986.3
1121520 1986.3
1121530 1990.6
1121540 1992.4
1121550 1993.2
1121560 1993.5
1121570 1994.3
1121580 1995.1
1121590 1995.1
1121600 1995.2
1121610 1995.9
1121620 1995.9
1121630 1995.1
1121640 1995.2
1121650 1995.2
1121660 1995.3
1121670 1995.4
1121680 1995.4
1121690 1996.9
1121700 1997.6
1121710 1997.6
1121720 1998.1
1121730 1998.3
1121740 1998.3
1121750 1998.1
1121760 1997.4
1121770 1997.7
1121780 1997.7
1121790 1999.7
1121800 2000.8
1121810 2000.8
1121820 2002.5
1121830 2003.2
1121840 2003.2
1121850 2003.4
1121860 2002.5
1121870 2002.5
1121880 2001.1
1121890 1999.6
1121900 1999.6
1121910 1998.0
1121920 1997.1
1121930 1997.1
1121940 1996.5
1121950 1995.6
1121960 1995.6
1121970 1995.3
1121980 1996.9
1121990 2000.2
1122000 2000.2
1122010 2003.4
1122020 2006.5
1122030 2006.5
1122040 2010.0
1122050 2010.7
1122060 2010.7
1122070 2010.6
1122080 2012.0
1122090 2012.0
1122100 2013.4
1122110 2014.3
1122120 2014.3
1122130 2015.0
1122140 2014.3
1122150 2014.3
1122160 2013.8
1122170 2015.5
1122180 2015.5
1122190 2018.8
1122200 2022.4
1122210 2025.3
1122220 2025.3
1122230 2026.9
1122240 2030.5
1122250 2030.5
1122260 2031.1
1122270 2031.8
1122280 2031.8
1122290 2033.0
1122300 2034.9
1122310 2034.9
1122320 2036.7
1122330 2037.6
1122340 2037.6
1122350 2038.9
1122360 2039.8
1122370 2039.8
1122380 2041.8
1122390 2044.2
1122400 2044.2
1122410 2047.2
1122420 2049.6
1122430 2051.5
1122440 2051.5
1122450 2051.7
1122460 2049.2
1122470 2049.2
1122480 2049.8
1122490 2050.9
1122500 2050.9
1122510 2055.3
1122520 2055.5
1122530 2055.5
1122540 2053.5
1122550 2053.0
1122560 2053.0
1122570 2052.6
1122580 2053.2
1122590 2053.2
1122600 2054.4
1122610 2046.1
1122620 2046.1
1122630 2047.4
1122640 2048.8
1122650 2055.0
1122660 2055.0
1122670 2052.2
1122680 2050.5
1122690 2050.5
1122700 2053.1
1122710 2055.8
1122720 2055.8
1122730 2052.8
1122740 2051.4
1122750 2051.4
1122760 2050.3
1122770 2050.3
1122780 2050.3
1122790 2050.5
1122800 2050.6
1122810 2050.6
1122820 2050.1
1122830 2048.6
1122840 2048.6
1122850 2046.5
1122860 2044.5
1122870 2044.6
1122880 2044.6
1122890 2046.1
1122900 2047.6
1122910 2047.6
1122920 2049.0
1122930 2050.4
1122940 2050.4
1122950 2051.5
1122960 2044.3
1122970 2044.3
1122980 2044.6
1122990 2045.7
1123000 2045.7
1123010 2046.5
1123020 2047.9
1123030 2047.9
1123040 2050.2
1123050 2052.5
1123060 2052.5
1123070 2054.7
1123080 2056.8
1123090 2058.1
1123100 2058.1
1123110 2059.2
1123120 2060.7
1123130 2060.7
1123140 2065.5
1123150 2073.2
1123160 2073.2
1123170 2080.4
1123180 2080.4
1123190 2080.4
1123200 2080.5
1123210 2082.9
1123220 2082.9
1123230 2086.5
1123240 2089.2
1123250 2089.2
1123260 2089.7
1123270 2093.0
1123280 2093.0
1123290 2098.4
1123300 2100.0
1123310 2096.1
1123320 2096.1
1123330 2100.7
1123340 2103.4
1123350 2103.4
1123360 2104.7
1123370 2106.1
1123380 2106.1
1123390 2108.5
1123400 2110.7
1123410 2110.7
1123420 2111.5
1123430 2114.6
1123440 2114.6
1123450 2120.7
1123460 2125.8
1123470 2125.8
1123480 2130.7
1123490 2133.6
1123500 2133.6
1123510 2136.0
1123520 2138.1
1123530 2139.3
1123540 2139.3
1123550 2141.6
1123560 2145.9
1123570 2145.9
1123580 2150.1
1123590 2153.1
1123600 2153.1
1123610 2155.5
1123620 2157.3
1123630 2157.3
1123640 2158.6
1123650 2161.3
1123660 2157.8
1123670 2159.5
1123680 2159.8
1123690 2159.8
1123700 2158.4
1123710 2157.7
1123720 2157.7
1123730 2159.0
1123740 2160.2
1123750 2160.3
1123760 2160.3
1123770 2159.7
1123780 2159.7
1123790 2159.7
1123800 2160.8
1123810 2163.1
1123820 2163.1
1123830 2164.3
1123840 2164.7
1123850 2164.7
1123860 2163.4
1123870 2162.7
1123880 2162.7
1123890 2164.0
1123900 2168.2
1123910 2168.2
1123920 2171.5
1123930 2170.7
1123940 2170.7
1123950 2167.6
1123960 2164.0
1123970 2161.3
1123980 2161.3
1123990 2159.3
1124000 2157.7
1124010 2154.3
1124020 2152.7
1124030 2152.3
1124040 2152.3
1124050 2153.8
1124060 2155.6
1124070 2155.6
1124080 2157.9
1124090 2160.5
1124100 2160.5
1124110 2162.8
1124120 2165.4
1124130 2165.4
1124140 2166.8
1124150 2167.4
1124160 2167.4
1124170 2166.9
1124180 2166.4
1124190 2166.1
1124200 2166.1
1124210 2166.3
1124220 2166.9
1124230 2166.9
1124240 2167.0
1124250 2167.7
1124260 2167.7
1124270 2167.0
1124280 2165.8
1124290 2165.8
1124300 2166.0
1124310 2166.8
1124320 2166.8
1124330 2169.0
1124340 2171.0
1124350 2171.0
1124360 2170.4
1124370 2171.8
1124380 2171.8
1124390 2171.7
1124400 2170.7
1124410 2170.7
1124420 2170.7
1124430 2171.6
1124440 2172.1
1124450 2172.1
1124460 2171.9
1124470 2171.9
1124480 2171.9
1124490 2173.0
1124500 2175.4
1124510 2175.4
1124520 2178.0
1124530 2179.2
1124540 2179.2
1124550 2178.9
1124560 2178.6
1124570 2178.6
1124580 2179.3
1124590 2180.1
1124600 2180.1
1124610 2181.2
1124620 2182.2
1124630 2183.5
1124640 2183.5
1124650 2185.6
1124660 2187.9
1124670 2187.9
1124680 2189.4
1124690 2190.3
1124700 2190.3
1124710 2192.5
1124720 2195.6
1124730 2195.6
1124740 2198.3
1124750 2200.6
1124760 2200.6
1124770 2202.4
1124780 2205.5
1124790 2205.5
1124800 2207.5
1124810 2209.9
1124820 2209.9
1124830 2212.1
1124840 2214.8
1124850 2217.2
1124860 2217.2
1124870 2219.3
1124880 2221.1
1124890 2221.1
1124900 2222.0
1124910 2221.5
1124920 2221.5
1124930 2220.3
1124940 2219.8
1124950 2219.8
1124960 2219.7
1124970 2219.8
1124980 2219.8
1124990 2219.8
1125000 2219.8
1125010 2219.8
1125020 2220.3
1125030 2223.4
1125040 2223.4
1125050 2229.1
1125060 2234.7
1125070 2229.4
1125080 2235.1
1125090 2240.1
1125100 2244.7
1125110 2244.7
1125120 2249.4
1125130 2253.5
1125140 2253.5
1125150 2257.4
1125160 2260.9
1125170 2260.9
1125180 2262.7
1125190 2265.3
1125200 2265.3
1125210 2267.2
1125220 2267.9
1125230 2267.9
1125240 2268.8
1125250 2270.1
1125260 2270.1
1125270 2272.6
1125280 2275.7
1125290 2275.7
1125300 2278.0
1125310 2278.6
1125320 2275.7
1125330 2275.7
1125340 2272.5
1125350 2271.5
1125360 2271.5
1125370 2272.3
1125380 2273.3
1125390 2273.3
1125400 2273.6
1125410 2273.4
1125420 2266.8
1125430 2267.0
1125440 2266.9
1125450 2266.9
1125460 2265.6
1125470 2263.6
1125480 2263.6
1125490 2261.5
1125500 2260.5
1125510 2260.5
1125520 2259.3
1125530 2258.0
1125540 2256.4
1125550 2256.4
1125560 2254.7
1125570 2252.5
1125580 2252.5
1125590 2249.6
1125600 2246.7
1125610 2246.7
1125620 2243.4
1125630 2240.2
1125640 2240.2
1125650 2237.9
1125660 2237.4
1125670 2237.4
1125680 2235.4
1125690 2231.0
1125700 2231.0
1125710 2229.3
1125720 2229.0
1125730 2229.0
1125740 2228.3
1125750 2225.9
1125760 2222.2
1125770 2219.2
1125780 2217.5
1125790 2215.3
1125800 2215.3
1125810 2211.8
1125820 2211.9
1125830 2211.9
1125840 2211.5
1125850 2209.1
1125860 2209.1
1125870 2207.0
1125880 2205.4
1125890 2205.4
1125900 2201.7
1125910 2198.6
1125920 2198.6
1125930 2197.3
1125940 2196.3
1125950 2196.3
1125960 2195.9
1125970 2194.7
1125980 2193.7
1125990 2193.7
1126000 2192.2
1126010 2190.4
1126020 2190.4
1126030 2189.0
1126040 2187.2
1126050 2187.2
1126060 2185.4
1126070 2183.3
1126080 2183.3
1126090 2180.6
1126100 2180.9
1126110 2180.9
1126120 2182.1
1126130 2177.6
1126140 2177.6
1126150 2175.0
1126160 2174.3
1126170 2174.3
1126180 2177.2
1126190 2177.7
1126200 2178.4
1126210 2178.4
1126220 2176.4
1126230 2177.4
1126240 2177.4
1126250 2181.4
1126260 2183.9
1126270 2183.9
1126280 2183.3
1126290 2184.1
1126300 2184.1
1126310 2185.1
1126320 2187.5
1126330 2187.5
1126340 2191.2
1126350 2195.1
1126360 2195.1
1126370 2199.2
1126380 2202.7
1126390 2202.7
1126400 2205.9
1126410 2208.6
1126420 2209.6
1126430 2209.6
1126440 2210.2
1126450 2210.1
1126460 2210.1
1126470 2211.1
1126480 2205.3
1126490 2205.3
1126500 2206.0
1126510 2205.1
1126520 2205.1
1126530 2203.0
1126540 2202.7
1126550 2202.7
1126560 2204.6
1126570 2203.5
1126580 2203.5
1126590 2200.3
1126600 2198.6
1126610 2198.6
1126620 2197.8
1126630 2197.2
1126640 2197.6
1126650 2197.6
1126660 2199.7
1126670 2205.2
1126680 2205.2
1126690 2209.4
1126700 2214.4
1126710 2214.4
1126720 2216.2
1126730 2216.4
1126740 2216.4
1126750 2215.9
1126760 2214.7
1126770 2214.7
1126780 2213.1
1126790 2211.6
1126800 2211.6
1126810 2208.2
1126820 2208.2
1126830 2201.1
1126840 2200.7
1126850 2198.9
1126860 2196.4
1126870 2196.4
1126880 2193.9
1126890 2190.9
1126900 2190.9
1126910 2187.5
1126920 2185.2
1126930 2185.2
1126940 2182.4
1126950 2181.3
1126960 2181.3
1126970 2181.4
1126980 2180.5
1126990 2180.5
1127000 2179.3
1127010 2178.6
1127020 2178.6
1127030 2178.1
1127040 2178.5
1127050 2178.5
1127060 2178.6
1127070 2179.2
1127080 2179.9
1127090 2179.9
1127100 2181.2
1127110 2182.2
1127120 2182.2
1127130 2180.9
1127140 2176.8
1127150 2176.8
1127160 2174.2
1127170 2169.6
1127180 2169.6
1127190 2160.9
1127200 2156.7
1127210 2156.7
1127220 2152.5
1127230 2154.6
1127240 2154.6
1127250 2155.8
1127260 2159.0
1127270 2159.0
1127280 2162.7
1127290 2163.2
1127300 2160.5
1127310 2160.5
1127320 2158.8
1127330 2158.7
1127340 2158.7
1127350 2159.4
1127360 2163.2
1127370 2163.2
1127380 2165.9
1127390 2165.4
1127400 2165.4
1127410 2164.2
1127420 2162.2
1127430 2162.2
1127440 2158.3
1127450 2160.3
1127460 2160.3
1127470 2166.7
1127480 2170.3
1127490 2170.3
1127500 2171.3
1127510 2171.4
1127520 2169.5
1127530 2169.5
1127540 2160.9
1127550 2161.9
1127560 2161.9
1127570 2163.7
1127580 2165.0
1127590 2165.0
1127600 2163.7
1127610 2161.2
1127620 2161.2
1127630 2162.7
1127640 2164.3
1127650 2164.3
1127660 2163.0
1127670 2164.2
1127680 2164.2
1127690 2168.4
1127700 2169.3
1127710 2169.3
1127720 2169.7
1127730 2171.9
1127740 2173.4
1127750 2173.4
1127760 2176.4
1127770 2176.6
1127780 2176.6
1127790 2173.9
1127800 2172.3
1127810 2172.3
1127820 2171.6
1127830 2172.3
1127840 2172.3
1127850 2171.7
1127860 2171.7
1127870 2171.7
1127880 2173.7
1127890 2174.8
1127900 2167.9
1127910 2169.5
1127920 2167.4
1127930 2167.4
1127940 2163.9
1127950 2164.6
1127960 2163.5
1127970 2163.5
1127980 2167.6
1127990 2173.2
1128000 2173.2
1128010 2179.3
1128020 2184.1
1128030 2184.1
1128040 2185.2
1128050 2182.3
1128060 2182.3
1128070 2181.4
1128080 2179.8
1128090 2179.8
1128100 2176.6
1128110 2173.3
1128120 2173.3
1128130 2168.6
1128140 2165.3
1128150 2165.3
1128160 2168.1
1128170 2171.9
1128180 2175.8
1128190 2175.8
1128200 2178.0
1128210 2178.6
1128220 2178.6
1128230 2179.1
1128240 2178.7
1128250 2178.7
1128260 2172.0
1128270 2169.7
1128280 2169.7
1128290 2169.5
1128300 2170.4
1128310 2170.4
1128320 2173.5
1128330 2178.3
1128340 2178.3
1128350 2181.5
1128360 2182.5
1128370 2182.5
1128380 2182.6
1128390 2183.4
1128400 2183.9
1128410 2183.9
1128420 2182.6
1128430 2180.7
1128440 2180.7
1128450 2182.1
1128460 2184.6
1128470 2184.6
1128480 2185.8
1128490 2184.4
1128500 2184.4
1128510 2183.0
1128520 2179.8
1128530 2179.8
1128540 2177.5
1128550 2177.3
1128560 2177.3
1128570 2179.7
1128580 2182.6
1128590 2182.6
1128600 2184.1
1128610 2179.4
1128620 2181.4
1128630 2181.4
1128640 2181.1
1128650 2183.0
1128660 2183.0
1128670 2184.7
1128680 2183.7
1128690 2183.7
1128700 2181.1
1128710 2176.1
1128720 2176.1
1128730 2179.5
1128740 2189.9
1128750 2189.9
1128760 2195.0
1128770 2198.1
1128780 2198.1
1128790 2199.8
1128800 2201.0
1128810 2201.0
1128820 2202.0
1128830 2202.0
1128840 2201.6
1128850 2201.6
1128860 2202.0
1128870 2202.9
1128880 2202.9
1128890 2204.1
1128900 2207.6
1128910 2207.6
1128920 2210.2
1128930 2211.9
1128940 2211.9
1128950 2214.4
1128960 2216.5
1128970 2210.3
1128980 2212.7
1128990 2218.0
1129000 2218.0
1129010 2223.8
1129020 2228.1
1129030 2228.1
1129040 2231.4
1129050 2234.0
1129060 2236.5
1129070 2236.5
1129080 2237.8
1129090 2236.8
1129100 2236.8
1129110 2229.1
1129120 2216.3
1129130 2216.3
1129140 2215.3
1129150 2216.6
1129160 2216.6
1129170 2218.1
1129180 2220.0
1129190 2220.0
1129200 2214.3
1129210 2208.2
1129220 2208.2
1129230 2207.8
1129240 2211.6
1129250 2211.6
1129260 2214.2
1129270 2213.5
1129280 2213.5
1129290 2217.3
1129300 2224.9
1129310 2233.7
1129320 2221.8
1129330 2230.0
1129340 2235.2
1129350 2235.2
1129360 2236.1
1129370 2241.7
1129380 2241.7
1129390 2248.4
1129400 2251.2
1129410 2251.2
1129420 2255.0
1129430 2259.3
1129440 2259.3
1129450 2263.7
1129460 2268.4
1129470 2268.4
1129480 2272.0
1129490 2274.1
1129500 2274.1
1129510 2276.0
1129520 2279.2
1129530 2282.1
1129540 2282.1
1129550 2283.9
1129560 2286.8
1129570 2286.8
1129580 2289.7
1129590 2292.2
1129600 2292.2
1129610 2293.6
1129620 2295.1
1129630 2295.1
1129640 2296.8
1129650 2299.0
1129660 2299.0
1129670 2301.8
1129680 2297.3
1129690 2297.3
1129700 2297.6
1129710 2299.3
1129720 2299.3
1129730 2300.9
1129740 2302.7
1129750 2304.5
1129760 2304.5
1129770 2304.9
1129780 2305.3
1129790 2305.3
1129800 2307.0
1129810 2308.7
1129820 2308.7
1129830 2308.9
1129840 2309.9
1129850 2309.9
1129860 2311.9
1129870 2313.8
1129880 2313.8
1129890 2315.8
1129900 2317.8
1129910 2317.8
1129920 2319.6
1129930 2321.6
1129940 2321.6
1129950 2323.8
1129960 2325.8
1129970 2327.7
1129980 2327.7
1129990 2328.9
1130000 2330.6
1130010 2330.6
1130020 2333.2
1130030 2334.4
1130040 2329.4
1130050 2330.2
1130060 2331.0
1130070 2331.0
1130080 2331.7
1130090 2332.0
1130100 2332.0
1130110 2333.2
1130120 2335.2
1130130 2335.2
1130140 2337.1
1130150 2338.0
1130160 2338.0
1130170 2338.8
1130180 2339.8
1130190 2340.4
1130200 2340.4
1130210 2340.2
1130220 2339.2
1130230 2339.2
1130240 2337.6
1130250 2335.0
1130260 2335.0
1130270 2332.5
1130280 2331.0
1130290 2331.0
1130300 2327.2
1130310 2323.9
1130320 2323.9
1130330 2323.2
1130340 2323.5
1130350 2323.5
1130360 2323.9
1130370 2323.3
1130380 2323.3
1130390 2323.6
1130400 2324.0
1130410 2323.5
1130420 2323.5
1130430 2322.2
1130440 2319.9
1130450 2319.9
1130460 2316.8
1130470 2314.5
1130480 2314.5
1130490 2311.5
1130500 2306.3
1130510 2306.3
1130520 2299.8
1130530 2293.8
1130540 2293.8
1130550 2287.4
1130560 2279.0
1130570 2279.0
1130580 2269.7
1130590 2264.2
1130600 2264.2
1130610 2260.0
1130620 2257.3
1130630 2256.1
1130640 2256.1
1130650 2254.4
1130660 2251.6
1130670 2251.6
1130680 2248.3
1130690 2244.9
1130700 2244.9
1130710 2241.1
1130720 2235.6
1130730 2235.6
1130740 2231.0
1130750 2226.4
1130760 2223.5
1130770 2216.2
1130780 2211.7
1130790 2211.7
1130800 2207.4
1130810 2203.7
1130820 2203.7
1130830 2202.1
1130840 2201.2
1130850 2196.8
1130860 2196.8
1130870 2192.1
1130880 2189.5
1130890 2189.5
1130900 2184.6
1130910 2180.4
1130920 2180.4
1130930 2177.2
1130940 2174.0
1130950 2174.0
1130960 2170.7
1130970 2167.1
1130980 2167.1
1130990 2161.9
1131000 2157.3
1131010 2157.3
1131020 2154.8
1131030 2151.6
1131040 2151.6
1131050 2147.3
1131060 2143.7
1131070 2141.1
1131080 2141.1
1131090 2136.1
1131100 2130.9
1131110 2126.9
1131120 2122.3
1131130 2118.8
1131140 2118.8
1131150 2114.2
1131160 2107.0
1131170 2107.0
1131180 2092.9
1131190 2081.8
1131200 2081.8
1131210 2075.6
1131220 2068.5
1131230 2068.5
1131240 2062.7
1131250 2058.3
1131260 2058.3
1131270 2055.7
1131280 2051.3
1131290 2046.2
1131300 2046.2
1131310 2041.9
1131320 2039.5
1131330 2039.5
1131340 2036.3
1131350 2032.4
1131360 2032.4
1131370 2028.3
1131380 2024.3
1131390 2024.3
1131400 2020.9
1131410 2016.4
1131420 2016.4
1131430 2012.4
1131440 2009.9
1131450 2009.9
1131460 2006.0
1131470 1996.0
1131480 1996.0
1131490 1992.1
1131500 1988.2
1131510 1984.0
1131520 1984.0
1131530 1980.8
1131540 1977.6
1131550 1977.6
1131560 1973.4
1131570 1968.8
1131580 1968.8
1131590 1963.7
1131600 1959.1
1131610 1959.1
1131620 1951.0
1131630 1943.4
1131640 1943.4
1131650 1938.1
1131660 1935.0
1131670 1935.0
1131680 1932.8
1131690 1930.8
1131700 1930.8
1131710 1927.6
1131720 1924.5
1131730 1920.5
1131740 1920.5
1131750 1916.6
1131760 1915.0
1131770 1915.0
1131780 1911.6
1131790 1907.3
1131800 1907.3
1131810 1902.8
1131820 1898.2
1131830 1895.6
1131840 1891.5
1131850 1887.0
1131860 1887.0
1131870 1882.7
1131880 1879.0
1131890 1879.0
1131900 1875.1
1131910 1870.6
1131920 1870.6
1131930 1866.5
1131940 1863.0
1131950 1859.5
1131960 1859.5
1131970 1856.6
1131980 1853.5
1131990 1853.5
1132000 1850.0
1132010 1846.9
1132020 1846.9
1132030 1843.5
1132040 1839.5
1132050 1839.5
1132060 1834.4
1132070 1828.7
1132080 1828.7
1132090 1821.9
1132100 1815.9
1132110 1815.9
1132120 1810.6
1132130 1805.7
1132140 1805.7
1132150 1801.1
1132160 1796.3
1132170 1790.6
1132180 1790.6
1132190 1785.6
1132200 1788.5
1132210 1788.5
1132220 1794.2
1132230 1795.8
1132240 1795.8
1132250 1796.3
1132260 1797.5
1132270 1797.5
1132280 1799.2
1132290 1800.9
1132300 1800.9
1132310 1802.8
1132320 1804.5
1132330 1804.5
1132340 1806.4
1132350 1809.0
1132360 1809.0
1132370 1811.8
1132380 1813.1
1132390 1813.5
1132400 1813.5
1132410 1817.5
1132420 1823.2
1132430 1823.2
1132440 1829.2
1132450 1835.3
1132460 1835.3
1132470 1842.3
1132480 1849.2
1132490 1849.2
1132500 1854.9
1132510 1859.2
1132520 1859.2
1132530 1863.5
1132540 1869.1
1132550 1873.8
1132560 1878.7
1132570 1885.2
1132580 1885.2
1132590 1891.1
1132600 1896.8
1132610 1902.8
1132620 1902.8
1132630 1909.6
1132640 1916.7
1132650 1916.7
1132660 1922.9
1132670 1928.9
1132680 1928.9
1132690 1934.5
1132700 1940.1
1132710 1940.1
1132720 1946.0
1132730 1950.6
1132740 1950.6
1132750 1956.7
1132760 1966.9
1132770 1966.9
1132780 1978.6
1132790 1986.6
1132800 1986.6
1132810 1993.5
1132820 1999.8
1132830 2004.5
1132840 2004.5
1132850 2008.5
1132860 2012.3
1132870 2012.3
1132880 2015.4
1132890 2018.3
1132900 2018.3
1132910 2022.7
1132920 2025.8
1132930 2025.8
1132940 2029.5
1132950 2032.9
1132960 2032.9
1132970 2036.8
1132980 2040.8
1132990 2040.8
1133000 2045.1
1133010 2049.4
1133020 2049.4
1133030 2053.6
1133040 2057.6
1133050 2061.5
1133060 2061.5
1133070 2065.7
1133080 2070.0
1133090 2070.0
1133100 2074.6
1133110 2079.3
1133120 2079.3
1133130 2084.4
1133140 2089.2
1133150 2089.2
1133160 2093.5
1133170 2098.4
1133180 2098.4
1133190 2103.5
1133200 2110.1
1133210 2110.1
1133220 2116.8
1133230 2119.9
1133240 2119.9
1133250 2121.9
1133260 2123.5
1133270 2122.8
1133280 2122.8
1133290 2126.0
1133300 2129.8
1133310 2129.8
1133320 2133.6
1133330 2138.0
1133340 2138.0
1133350 2143.0
1133360 2147.9
1133370 2147.9
1133380 2151.7
1133390 2156.1
1133400 2156.1
1133410 2160.6
1133420 2165.1
1133430 2165.1
1133440 2169.5
1133450 2173.2
1133460 2173.2
1133470 2176.1
1133480 2178.9
1133490 2182.2
1133500 2182.2
1133510 2185.6
1133520 2189.0
1133530 2189.0
1133540 2192.0
1133550 2194.9
1133560 2194.9
1133570 2197.4
1133580 2199.4
1133590 2199.4
1133600 2201.4
1133610 2203.6
1133620 2203.6
1133630 2206.7
1133640 2208.9
1133650 2208.9
1133660 2210.5
1133670 2212.1
1133680 2212.1
1133690 2213.5
1133700 2214.8
1133710 2215.7
1133720 2215.7
1133730 2216.1
1133740 2216.5
1133750 2216.5
1133760 2217.3
1133770 2217.9
1133780 2217.9
1133790 2218.1
1133800 2219.0
1133810 2219.0
1133820 2220.5
1133830 2221.8
1133840 2221.8
1133850 2222.5
1133860 2222.1
1133870 2222.1
1133880 2221.5
1133890 2221.3
1133900 2221.3
1133910 2221.2
1133920 2221.3
1133930 2221.3
1133940 2220.7
1133950 2219.4
1133960 2218.1
1133970 2218.1
1133980 2217.2
1133990 2216.4
1134000 2218.5
1134010 2217.9
1134020 2216.6
1134030 2216.6
1134040 2214.5
1134050 2212.6
1134060 2212.6
1134070 2211.3
1134080 2209.4
1134090 2209.4
1134100 2207.9
1134110 2205.9
1134120 2205.9
1134130 2202.4
1134140 2196.8
1134150 2196.8
1134160 2190.0
1134170 2184.4
1134180 2178.5
1134190 2178.5
1134200 2173.9
1134210 2170.2
1134220 2170.2
1134230 2165.3
1134240 2159.1
1134250 2159.1
1134260 2154.2
1134270 2151.5
1134280 2151.5
1134290 2148.5
1134300 2143.0
1134310 2143.0
1134320 2138.0
1134330 2134.6
1134340 2134.6
1134350 2131.2
1134360 2124.4
1134370 2124.4
1134380 2117.6
1134390 2109.2
1134400 2101.6
1134410 2101.6
1134420 2088.6
1134430 2073.6
1134440 2073.6
1134450 2071.4
1134460 2071.6
1134470 2071.6
1134480 2066.2
1134490 2050.3
1134500 2050.3
1134510 2032.9
1134520 2018.9
1134530 2018.9
1134540 2001.5
1134550 1990.0
1134560 1990.0
1134570 1981.7
1134580 1975.2
1134590 1975.2
1134600 1967.8
1134610 1958.9
1134620 1951.2
1134630 1951.2
1134640 1947.3
1134650 1941.9
1134660 1941.9
1134670 1936.0
1134680 1930.9
1134690 1930.9
1134700 1923.6
1134710 1915.9
1134720 1920.2
1134730 1910.7
1134740 1902.2
1134750 1902.2
1134760 1894.3
1134770 1886.5
1134780 1886.5
1134790 1879.1
1134800 1871.9
1134810 1871.9
1134820 1865.2
1134830 1858.5
1134840 1852.2
1134850 1852.2
1134860 1846.6
1134870 1841.4
1134880 1841.4
1134890 1836.3
1134900 1831.3
1134910 1831.3
1134920 1826.6
1134930 1822.2
1134940 1822.2
1134950 1818.0
1134960 1813.7
1134970 1813.7
1134980 1809.7
1134990 1806.0
1135000 1806.0
1135010 1802.4
1135020 1798.2
1135030 1798.2
1135040 1792.1
1135050 1788.9
1135060 1787.6
1135070 1787.6
1135080 1788.5
1135090 1791.3
1135100 1791.3
1135110 1793.1
1135120 1793.9
1135130 1793.9
1135140 1795.0
1135150 1795.6
1135160 1795.6
1135170 1799.4
1135180 1804.1
1135190 1804.1
1135200 1807.5
1135210 1810.6
1135220 1810.6
1135230 1814.0
1135240 1816.6
1135250 1816.6
1135260 1819.4
1135270 1822.7
1135280 1826.7
1135290 1826.7
1135300 1830.9
1135310 1835.7
1135320 1835.7
1135330 1841.0
1135340 1846.3
1135350 1846.3
1135360 1851.1
1135370 1855.1
1135380 1855.1
1135390 1859.2
1135400 1863.8
1135410 1863.8
1135420 1869.4
1135430 1875.3
1135440 1875.3
1135450 1874.0
1135460 1879.0
1135470 1879.0
1135480 1886.7
1135490 1895.7
1135500 1901.2
1135510 1901.2
1135520 1907.0
1135530 1913.3
1135540 1913.3
1135550 1918.6
1135560 1922.4
1135570 1922.4
1135580 1927.3
1135590 1932.6
1135600 1932.6
1135610 1936.7
1135620 1939.7
1135630 1939.7
1135640 1943.1
1135650 1945.9
1135660 1945.9
1135670 1949.2
1135680 1953.6
1135690 1953.6
1135700 1958.6
1135710 1964.3
1135720 1970.4
1135730 1970.4
1135740 1976.7
1135750 1982.0
1135760 1982.0
1135770 1986.7
1135780 1992.9
1135790 1992.9
1135800 1999.6
1135810 2007.6
1135820 2007.6
1135830 2012.8
1135840 2017.2
1135850 2017.2
1135860 2021.2
1135870 2024.6
1135880 2024.6
1135890 2029.6
1135900 2038.2
1135910 2038.2
1135920 2048.9
1135930 2057.8
1135940 2065.4
1135950 2065.4
1135960 2073.0
1135970 2080.5
1135980 2080.5
1135990 2088.3
1136000 2095.9
1136010 2095.9
1136020 2103.3
1136030 2109.9
1136040 2109.9
1136050 2116.4
1136060 2123.1
1136070 2123.1
1136080 2129.3
1136090 2135.2
1136100 2135.2
1136110 2140.7
1136120 2147.2
1136130 2147.2
1136140 2154.2
1136150 2161.4
1136160 2168.3
1136170 2165.4
1136180 2172.3
1136190 2178.9
1136200 2178.9
1136210 2183.4
1136220 2187.9
1136230 2187.9
1136240 2193.7
1136250 2199.2
1136260 2199.2
1136270 2202.5
1136280 2204.5
1136290 2204.5
1136300 2207.0
1136310 2212.1
1136320 2212.1
1136330 2218.9
1136340 2226.5
1136350 2226.5
1136360 2234.9
1136370 2242.2
1136380 2250.6
1136390 2250.6
1136400 2259.4
1136410 2270.0
1136420 2270.0
1136430 2279.9
1136440 2285.8
1136450 2285.8
1136460 2290.8
1136470 2296.0
1136480 2296.0
1136490 2301.4
1136500 2306.7
1136510 2306.7
1136520 2312.7
1136530 2320.2
1136540 2320.4
1136550 2328.0
1136560 2335.0
1136570 2335.0
1136580 2340.7
1136590 2345.6
1136600 2350.6
1136610 2350.6
1136620 2355.3
1136630 2360.1
1136640 2360.1
1136650 2365.1
1136660 2370.5
1136670 2370.5
1136680 2375.9
1136690 2380.8
1136700 2380.8
1136710 2386.1
1136720 2392.0
1136730 2392.0
1136740 2397.6
1136750 2402.9
1136760 2402.9
1136770 2408.3
1136780 2413.8
1136790 2413.8
1136800 2419.4
1136810 2424.9
1136820 2430.2
1136830 2430.2
1136840 2435.5
1136850 2440.7
1136860 2440.7
1136870 2445.8
1136880 2451.0
1136890 2451.0
1136900 2457.5
1136910 2462.6
1136920 2462.6
1136930 2467.8
1136940 2473.0
1136950 2473.0
1136960 2478.2
1136970 2483.6
1136980 2483.6
1136990 2488.9
1137000 2494.0
1137010 2494.0
1137020 2499.0
1137030 2504.2
1137040 2509.3
1137050 2509.3
1137060 2514.9
1137070 2521.7
1137080 2521.7
1137090 2527.8
1137100 2533.4
1137110 2533.4
1137120 2538.4
1137130 2544.0
1137140 2544.0
1137150 2549.8
1137160 2555.5
1137170 2555.5
1137180 2561.0
1137190 2566.8
1137200 2566.8
1137210 2573.8
1137220 2580.4
1137230 2580.4
1137240 2586.5
1137250 2593.8
1137260 2601.1
1137270 2600.7
1137280 2609.3
1137290 2616.7
1137300 2616.7
1137310 2622.6
1137320 2628.9
1137330 2628.9
1137340 2635.2
1137350 2641.8
1137360 2641.8
1137370 2648.6
1137380 2655.7
1137390 2655.7
1137400 2662.9
1137410 2670.0
1137420 2670.0
1137430 2677.2
1137440 2684.5
1137450 2684.5
1137460 2692.1
1137470 2700.8
1137480 2708.9
1137490 2708.9
1137500 2720.0
1137510 2731.1
1137520 2731.1
1137530 2738.4
1137540 2747.0
1137550 2747.0
1137560 2753.4
1137570 2760.3
1137580 2760.3
1137590 2767.2
1137600 2773.9
1137610 2773.9
1137620 2781.1
1137630 2787.3
1137640 2787.3
1137650 2795.2
1137660 2803.0
1137670 2803.0
1137680 2810.9
1137690 2818.5
1137700 2824.3
1137710 2824.3
1137720 2829.7
1137730 2834.9
1137740 2834.9
1137750 2839.4
1137760 2842.2
1137770 2842.2
1137780 2845.5
1137790 2849.1
1137800 2849.1
1137810 2853.1
1137820 2857.0
1137830 2857.0
1137840 2859.5
1137850 2865.1
1137860 2865.1
1137870 2871.1
1137880 2874.7
1137890 2874.7
1137900 2875.3
1137910 2875.2
1137920 2876.2
1137930 2876.2
1137940 2878.8
1137950 2882.2
1137960 2882.2
1137970 2887.4
1137980 2888.4
1137990 2888.4
1138000 2879.9
1138010 2872.2
1138020 2872.2
1138030 2862.6
1138040 2850.5
1138050 2850.5
1138060 2840.4
1138070 2829.9
1138080 2829.9
1138090 2823.7
1138100 2810.9
1138110 2810.9
1138120 2798.6
1138130 2784.7
1138140 2771.2
1138150 2771.2
1138160 2761.7
1138170 2755.3
1138180 2755.3
1138190 2748.8
1138200 2742.5
1138210 2742.5
1138220 2736.8
1138230 2731.8
1138240 2731.8
1138250 2727.7
1138260 2723.4
1138270 2723.4
1138280 2719.5
1138290 2716.1
1138300 2716.1
1138310 2713.2
1138320 2710.6
1138330 2710.6
1138340 2708.2
1138350 2705.9
1138360 2702.3
1138370 2702.3
1138380 2700.9
1138390 2700.1
1138400 2700.1
1138410 2701.2
1138420 2702.1
1138430 2702.1
1138440 2700.0
1138450 2692.8
1138460 2692.8
1138470 2685.3
1138480 2677.9
1138490 2677.9
1138500 2670.8
1138510 2658.5
1138520 2658.5
1138530 2646.7
1138540 2637.9
1138550 2637.9
1138560 2629.9
1138570 2622.1
1138580 2614.3
1138590 2614.3
1138600 2606.6
1138610 2599.6
1138620 2599.6
1138630 2592.8
1138640 2585.9
1138650 2585.9
1138660 2579.7
1138670 2573.7
1138680 2573.7
1138690 2567.7
1138700 2561.9
1138710 2561.9
1138720 2556.2
1138730 2551.2
1138740 2551.2
1138750 2548.8
1138760 2547.0
1138770 2547.0
1138780 2545.2
1138790 2544.3
1138800 2544.7
1138810 2544.7
1138820 2545.0
1138830 2544.4
1138840 2544.4
1138850 2542.7
1138860 2541.6
1138870 2541.6
1138880 2541.0
1138890 2540.5
1138900 2540.5
1138910 2539.9
1138920 2539.0
1138930 2539.0
1138940 2537.7
1138950 2535.8
1138960 2535.8
1138970 2532.9
1138980 2530.6
1138990 2530.6
1139000 2530.0
1139010 2530.2
1139020 2531.7
1139030 2531.7
1139040 2533.5
1139050 2535.0
1139060 2535.0
1139070 2536.0
1139080 2535.7
1139090 2535.7
1139100 2533.3
1139110 2531.3
1139120 2531.3
1139130 2529.7
1139140 2529.3
1139150 2529.3
1139160 2529.3
1139170 2528.9
1139180 2528.9
1139190 2528.2
1139200 2528.0
1139210 2528.0
1139220 2527.8
1139230 2527.4
1139240 2527.1
1139250 2527.1
1139260 2526.5
1139270 2525.3
1139280 2525.3
1139290 2523.2
1139300 2520.7
1139310 2520.7
1139320 2518.7
1139330 2516.5
1139340 2516.5
1139350 2515.2
1139360 2513.7
1139370 2513.7
1139380 2511.0
1139390 2508.1
1139400 2508.1
1139410 2506.9
1139420 2506.3
1139430 2506.3
1139440 2505.7
1139450 2505.1
1139460 2504.0
1139470 2504.0
1139480 2504.4
1139490 2504.7
1139500 2504.7
1139510 2505.0
1139520 2507.0
1139530 2507.0
1139540 2508.8
1139550 2509.8
1139560 2509.8
1139570 2511.8
1139580 2514.3
1139590 2514.3
1139600 2516.6
1139610 2518.9
1139620 2518.9
1139630 2521.3
1139640 2524.6
1139650 2524.6
1139660 2526.4
1139670 2524.9
1139680 2524.9
1139690 2522.9
1139700 2523.1
1139710 2523.3
1139720 2523.3
1139730 2522.8
1139740 2521.7
1139750 2521.7
1139760 2521.1
1139770 2520.1
1139780 2520.1
1139790 2519.5
1139800 2519.9
1139810 2519.9
1139820 2519.5
1139830 2513.1
1139840 2513.1
1139850 2513.4
1139860 2513.3
1139870 2513.3
1139880 2513.1
1139890 2513.7
1139900 2513.7
1139910 2516.3
1139920 2518.7
1139930 2520.4
1139940 2520.4
1139950 2521.5
1139960 2522.0
1139970 2522.0
1139980 2521.6
1139990 2521.6
