1120000 1943.2
1120010 1943.7
1120020 1943.4
1120030 1940.3
1120040 1940.3
1120050 1938.2
1120060 1935.7
1120070 1935.7
1120080 1932.8
1120090 1930.5
1120100 1930.5
1120110 1928.6
1120120 1926.8
1120130 1926.8
1120140 1924.2
1120150 1919.7
1120160 1919.7
1120170 1911.2
1120180 1900.7
1120190 1900.7
1120200 1887.9
1120210 1876.7
1120220 1876.7
1120230 1878.1
1120240 1887.0
1120250 1892.1
1120260 1892.1
1120270 1896.4
1120280 1895.1
1120290 1895.1
1120300 1891.2
1120310 1885.6
1120320 1885.6
1120330 1882.2
1120340 1886.0
1120350 1886.0
1120360 1894.0
1120370 1898.1
1120380 1891.3
1120390 1899.0
1120400 1904.9
1120410 1904.9
1120420 1905.9
1120430 1903.8
1120440 1903.8
1120450 1899.2
1120460 1893.6
1120470 1891.2
1120480 1891.2
1120490 1890.3
1120500 1887.1
1120510 1887.1
1120520 1883.2
1120530 1880.7
1120540 1880.7
1120550 1878.2
1120560 1877.1
1120570 1877.1
1120580 1874.8
1120590 1873.0
1120600 1873.0
1120610 1870.1
1120620 1867.1
1120630 1867.1
1120640 1864.7
1120650 1862.6
1120660 1862.6
1120670 1859.2
1120680 1855.6
1120690 1851.5
1120700 1851.5
1120710 1848.0
1120720 1846.2
1120730 1841.6
1120740 1846.0
1120750 1854.9
1120760 1854.9
1120770 1859.7
1120780 1860.4
1120790 1860.4
1120800 1861.1
1120810 1861.4
1120820 1861.4
1120830 1858.3
1120840 1849.8
1120850 1849.8
1120860 1846.6
1120870 1847.8
1120880 1847.8
1120890 1850.2
1120900 1853.4
1120910 1856.6
1120920 1856.6
1120930 1858.6
1120940 1860.8
1120950 1860.8
1120960 1866.7
1120970 1872.7
1120980 1872.7
1120990 1872.3
1121000 1882.8
1121010 1882.8
1121020 1887.7
1121030 1888.7
1121040 1888.7
1121050 1893.3
1121060 1897.8
1121070 1897.8
1121080 1885.0
1121090 1881.4
1121100 1881.4
1121110 1878.2
1121120 1870.9
1121130 1863.9
1121140 1863.9
1121150 1861.7
1121160 1858.6
1121170 1858.6
1121180 1858.4
1121190 1857.2
1121200 1857.2
1121210 1850.8
1121220 1845.7
1121230 1845.7
1121240 1843.1
1121250 1841.5
1121260 1841.5
1121270 1839.6
1121280 1839.1
1121290 1839.1
1121300 1839.2
1121310 1841.4
1121320 1841.4
1121330 1843.0
1121340 1844.8
1121350 1845.9
1121360 1845.9
1121370 1845.0
1121380 1843.6
1121390 1843.6
1121400 1840.8
1121410 1838.2
1121420 1826.6
1121430 1824.3
1121440 1821.9
1121450 1821.9
1121460 1819.5
1121470 1818.0
1121480 1818.0
1121490 1816.3
1121500 1814.7
1121510 1814.7
1121520 1815.7
1121530 1816.5
1121540 1816.5
1121550 1816.9
1121560 1819.6
1121570 1821.1
1121580 1821.1
1121590 1821.2
1121600 1817.7
1121610 1817.7
1121620 1813.2
1121630 1812.9
1121640 1812.9
1121650 1814.4
1121660 1816.4
1121670 1816.4
1121680 1817.2
1121690 1816.8
1121700 1816.8
1121710 1816.4
1121720 1814.7
1121730 1814.7
1121740 1814.5
1121750 1814.7
1121760 1814.7
1121770 1804.8
1121780 1804.7
1121790 1804.7
1121800 1804.4
1121810 1803.2
1121820 1801.2
1121830 1801.2
1121840 1798.4
1121850 1795.8
1121860 1795.8
1121870 1794.3
1121880 1795.6
1121890 1795.6
1121900 1796.3
1121910 1795.8
1121920 1795.8
1121930 1796.3
1121940 1791.8
1121950 1791.8
1121960 1791.6
1121970 1794.1
1121980 1794.1
1121990 1797.4
1122000 1798.8
1122010 1798.8
1122020 1801.3
1122030 1801.6
1122040 1801.0
1122050 1801.0
1122060 1795.9
1122070 1789.6
1122080 1789.6
1122090 1791.5
1122100 1791.9
1122110 1791.9
1122120 1777.4
1122130 1774.6
1122140 1774.6
1122150 1772.3
1122160 1769.0
1122170 1769.0
1122180 1763.7
1122190 1759.6
1122200 1759.6
1122210 1757.4
1122220 1756.2
1122230 1756.2
1122240 1754.5
1122250 1752.9
1122260 1752.0
1122270 1752.0
1122280 1751.4
1122290 1751.8
1122300 1751.8
1122310 1751.3
1122320 1751.9
1122330 1751.9
1122340 1752.7
1122350 1751.9
1122360 1751.9
1122370 1751.5
1122380 1752.7
1122390 1752.7
1122400 1753.8
1122410 1753.0
1122420 1753.0
1122430 1754.3
1122440 1754.2
1122450 1754.2
1122460 1753.6
1122470 1750.7
1122480 1751.4
1122490 1751.4
1122500 1751.0
1122510 1752.1
1122520 1752.1
1122530 1753.0
1122540 1753.8
1122550 1753.8
1122560 1753.3
1122570 1753.1
1122580 1753.1
1122590 1753.7
1122600 1754.4
1122610 1754.4
1122620 1755.0
1122630 1756.6
1122640 1756.6
1122650 1758.2
1122660 1759.5
1122670 1759.5
1122680 1760.5
1122690 1761.7
1122700 1762.3
1122710 1762.3
1122720 1763.0
1122730 1763.8
1122740 1763.8
1122750 1764.6
1122760 1764.9
1122770 1764.9
1122780 1765.4
1122790 1766.1
1122800 1766.1
1122810 1766.6
1122820 1765.7
1122830 1765.7
1122840 1766.4
1122850 1765.6
1122860 1765.6
1122870 1766.0
1122880 1767.3
1122890 1767.3
1122900 1767.8
1122910 1767.2
1122920 1765.7
1122930 1765.7
1122940 1764.4
1122950 1763.2
1122960 1763.2
1122970 1761.5
1122980 1760.7
1122990 1760.7
1123000 1759.6
1123010 1760.3
1123020 1760.3
1123030 1759.9
1123040 1758.7
1123050 1758.7
1123060 1757.4
1123070 1758.4
1123080 1758.4
1123090 1759.7
1123100 1760.4
1123110 1760.4
1123120 1760.8
1123130 1760.0
1123140 1760.9
1123150 1760.9
1123160 1762.3
1123170 1761.4
1123180 1761.4
1123190 1762.5
1123200 1763.7
1123210 1763.7
1123220 1764.2
1123230 1764.5
1123240 1764.5
1123250 1764.9
1123260 1765.7
1123270 1765.7
1123280 1767.0
1123290 1768.2
1123300 1768.2
1123310 1769.0
1123320 1770.1
1123330 1770.1
1123340 1770.8
1123350 1769.8
1123360 1770.4
1123370 1770.4
1123380 1771.9
1123390 1772.6
1123400 1772.6
1123410 1772.9
1123420 1772.9
1123430 1772.9
1123440 1773.4
1123450 1774.7
1123460 1774.7
1123470 1777.6
1123480 1781.5
1123490 1781.5
1123500 1784.7
1123510 1784.6
1123520 1784.6
1123530 1793.1
1123540 1793.8
1123550 1793.8
1123560 1795.6
1123570 1799.9
1123580 1804.3
1123590 1804.3
1123600 1809.6
1123610 1812.0
1123620 1812.0
1123630 1813.8
1123640 1816.3
1123650 1816.3
1123660 1821.1
1123670 1826.5
1123680 1826.5
1123690 1829.7
1123700 1832.7
1123710 1832.7
1123720 1835.0
1123730 1837.9
1123740 1837.9
1123750 1841.7
1123760 1846.5
1123770 1846.5
1123780 1848.6
1123790 1853.3
1123800 1853.3
1123810 1858.4
1123820 1862.8
1123830 1866.1
1123840 1866.1
1123850 1868.4
1123860 1870.6
1123870 1870.6
1123880 1881.0
1123890 1883.5
1123900 1883.5
1123910 1886.4
1123920 1888.8
1123930 1888.8
1123940 1890.1
1123950 1891.5
1123960 1891.5
1123970 1892.7
1123980 1893.4
1123990 1893.4
1124000 1893.8
1124010 1894.4
1124020 1894.4
1124030 1894.8
1124040 1894.8
1124050 1895.5
1124060 1895.5
1124070 1897.6
1124080 1898.7
1124090 1898.7
1124100 1899.8
1124110 1899.6
1124120 1899.6
1124130 1900.6
1124140 1902.4
1124150 1902.4
1124160 1904.9
1124170 1908.9
1124180 1908.9
1124190 1911.6
1124200 1913.0
1124210 1913.0
1124220 1913.1
1124230 1924.1
1124240 1924.1
1124250 1927.0
1124260 1930.1
1124270 1929.3
1124280 1929.3
1124290 1928.5
1124300 1929.7
1124310 1929.7
1124320 1932.4
1124330 1933.9
1124340 1933.9
1124350 1939.0
1124360 1943.6
1124370 1943.6
1124380 1944.0
1124390 1945.5
1124400 1945.5
1124410 1946.8
1124420 1948.5
1124430 1948.5
1124440 1950.2
1124450 1952.0
1124460 1952.0
1124470 1954.9
1124480 1956.8
1124490 1959.2
1124500 1959.2
1124510 1962.9
1124520 1966.0
1124530 1966.0
1124540 1969.4
1124550 1973.0
1124560 1973.0
1124570 1976.3
1124580 1986.8
1124590 1986.8
1124600 1989.9
1124610 1991.7
1124620 1991.7
1124630 1994.0
1124640 1997.3
1124650 1997.3
1124660 2001.3
1124670 2005.1
1124680 2005.1
1124690 2008.2
1124700 2011.5
1124710 2015.7
1124720 2015.7
1124730 2020.5
1124740 2024.9
1124750 2024.9
1124760 2028.8
1124770 2032.7
1124780 2032.7
1124790 2037.0
1124800 2040.8
1124810 2040.8
1124820 2044.1
1124830 2047.0
1124840 2047.0
1124850 2050.8
1124860 2056.0
1124870 2056.0
1124880 2060.6
1124890 2064.9
1124900 2064.9
1124910 2067.7
1124920 2070.3
1124930 2077.2
1124940 2077.2
1124950 2080.1
1124960 2083.8
1124970 2083.8
1124980 2087.7
1124990 2092.0
1125000 2092.0
1125010 2097.0
1125020 2102.8
1125030 2102.8
1125040 2108.6
1125050 2113.2
1125060 2113.2
1125070 2118.2
1125080 2122.9
1125090 2122.9
1125100 2127.3
1125110 2132.3
1125120 2132.3
1125130 2137.7
1125140 2143.9
1125150 2148.3
1125160 2148.3
1125170 2152.2
1125180 2158.1
1125190 2158.1
1125200 2162.1
1125210 2164.2
1125220 2164.2
1125230 2162.8
1125240 2158.8
1125250 2158.8
1125260 2159.0
1125270 2160.7
1125280 2160.7
1125290 2167.2
1125300 2169.9
1125310 2169.9
1125320 2170.5
1125330 2170.3
1125340 2170.3
1125350 2171.0
1125360 2171.1
1125370 2169.3
1125380 2169.3
1125390 2168.1
1125400 2168.8
1125410 2168.8
1125420 2169.1
1125430 2169.4
1125440 2169.4
1125450 2168.5
1125460 2166.8
1125470 2166.8
1125480 2164.6
1125490 2163.0
1125500 2163.0
1125510 2163.5
1125520 2164.9
1125530 2164.9
1125540 2165.7
1125550 2164.1
1125560 2164.1
1125570 2162.9
1125580 2162.2
1125590 2160.3
1125600 2160.3
1125610 2158.5
1125620 2157.2
1125630 2157.2
1125640 2160.5
1125650 2160.9
1125660 2160.9
1125670 2159.6
1125680 2157.6
1125690 2157.6
1125700 2156.6
1125710 2155.6
1125720 2155.6
1125730 2154.6
1125740 2154.2
1125750 2154.2
1125760 2154.5
1125770 2155.1
1125780 2155.1
1125790 2155.7
1125800 2156.5
1125810 2156.5
1125820 2158.4
1125830 2160.2
1125840 2161.2
1125850 2161.2
1125860 2162.4
1125870 2164.2
1125880 2164.2
1125890 2167.0
1125900 2170.4
1125910 2170.4
1125920 2174.0
1125930 2178.0
1125940 2178.0
1125950 2182.8
1125960 2187.1
1125970 2187.1
1125980 2190.8
1125990 2197.4
1126000 2197.4
1126010 2200.0
1126020 2202.7
1126030 2202.7
1126040 2205.3
1126050 2207.9
1126060 2211.0
1126070 2211.0
1126080 2215.0
1126090 2218.8
1126100 2218.8
1126110 2222.2
1126120 2225.1
1126130 2225.1
1126140 2229.2
1126150 2234.7
1126160 2234.7
1126170 2240.3
1126180 2245.0
1126190 2245.0
1126200 2250.0
1126210 2255.1
1126220 2255.1
1126230 2258.7
1126240 2262.7
1126250 2262.7
1126260 2268.5
1126270 2276.0
1126280 2284.2
1126290 2284.2
1126300 2286.7
1126310 2293.0
1126320 2293.0
1126330 2302.6
1126340 2309.9
1126350 2321.5
1126360 2322.3
1126370 2317.4
1126380 2317.4
1126390 2322.8
1126400 2334.6
1126410 2334.6
1126420 2341.7
1126430 2343.6
1126440 2343.6
1126450 2343.7
1126460 2344.3
1126470 2344.3
1126480 2348.6
1126490 2348.6
1126500 2346.6
1126510 2346.6
1126520 2354.9
1126530 2366.2
1126540 2366.2
1126550 2375.7
1126560 2383.5
1126570 2383.5
1126580 2392.4
1126590 2394.5
1126600 2394.5
1126610 2389.4
1126620 2381.2
1126630 2381.2
1126640 2371.3
1126650 2366.9
1126660 2366.9
1126670 2365.0
1126680 2361.1
1126690 2361.1
1126700 2364.2
1126710 2362.0
1126720 2359.7
1126730 2359.7
1126740 2359.1
1126750 2360.9
1126760 2360.9
1126770 2361.3
1126780 2361.0
1126790 2361.0
1126800 2364.4
1126810 2367.1
1126820 2367.1
1126830 2366.0
1126840 2365.0
1126850 2365.0
1126860 2364.7
1126870 2364.6
1126880 2364.6
1126890 2363.9
1126900 2361.0
1126910 2361.0
1126920 2359.2
1126930 2358.7
1126940 2359.2
1126950 2359.2
1126960 2359.5
1126970 2359.1
1126980 2359.1
1126990 2358.9
1127000 2359.9
1127010 2359.9
1127020 2362.6
1127030 2365.5
1127040 2365.5
1127050 2373.6
1127060 2378.0
1127070 2378.0
1127080 2381.4
1127090 2385.0
1127100 2385.0
1127110 2388.2
1127120 2390.4
1127130 2390.4
1127140 2392.6
1127150 2395.4
1127160 2399.2
1127170 2399.2
1127180 2403.2
1127190 2407.6
1127200 2407.6
1127210 2412.3
1127220 2417.5
1127230 2417.5
1127240 2422.5
1127250 2427.2
1127260 2427.2
1127270 2431.5
1127280 2435.8
1127290 2435.8
1127300 2440.2
1127310 2445.6
1127320 2445.6
1127330 2452.9
1127340 2458.9
1127350 2458.9
1127360 2465.6
1127370 2470.2
1127380 2472.5
1127390 2472.5
1127400 2474.3
1127410 2482.4
1127420 2482.4
1127430 2484.3
1127440 2485.8
1127450 2485.8
1127460 2489.1
1127470 2493.6
1127480 2493.6
1127490 2499.4
1127500 2506.4
1127510 2506.4
1127520 2513.0
1127530 2510.1
1127540 2510.1
1127550 2504.0
1127560 2499.7
1127570 2499.7
1127580 2495.6
1127590 2492.7
1127600 2490.3
1127610 2490.3
1127620 2489.9
1127630 2490.6
1127640 2490.6
1127650 2491.1
1127660 2491.1
1127670 2491.1
1127680 2490.9
1127690 2491.7
1127700 2491.7
1127710 2493.1
1127720 2494.1
1127730 2494.1
1127740 2496.1
1127750 2497.6
1127760 2497.6
1127770 2501.4
1127780 2501.6
1127790 2501.6
1127800 2501.9
1127810 2501.5
1127820 2500.9
1127830 2500.9
1127840 2500.5
1127850 2501.2
1127860 2501.2
1127870 2503.6
1127880 2506.7
1127890 2506.7
1127900 2509.7
1127910 2513.7
1127920 2513.7
1127930 2520.4
1127940 2527.3
1127950 2527.3
1127960 2534.1
1127970 2540.4
1127980 2540.4
1127990 2547.0
1128000 2554.0
1128010 2554.0
1128020 2561.4
1128030 2568.8
1128040 2568.8
1128050 2575.9
1128060 2583.5
1128070 2594.3
1128080 2594.3
1128090 2603.9
1128100 2612.1
1128110 2612.1
1128120 2625.5
1128130 2635.1
1128140 2635.1
1128150 2647.0
1128160 2666.2
1128170 2666.2
1128180 2674.5
1128190 2673.3
1128200 2673.3
1128210 2664.0
1128220 2647.6
1128230 2647.6
1128240 2637.9
1128250 2630.6
1128260 2630.6
1128270 2623.8
1128280 2619.1
1128290 2614.4
1128300 2614.4
1128310 2611.3
1128320 2610.1
1128330 2610.1
1128340 2609.5
1128350 2608.5
1128360 2608.5
1128370 2604.2
1128380 2600.9
1128390 2600.9
1128400 2600.7
1128410 2599.6
1128420 2599.6
1128430 2598.4
1128440 2598.8
1128450 2598.8
1128460 2596.9
1128470 2593.6
1128480 2599.2
1128490 2594.6
1128500 2590.9
1128510 2587.8
1128520 2587.8
1128530 2583.4
1128540 2577.6
1128550 2577.6
1128560 2576.2
1128570 2575.2
1128580 2575.2
1128590 2572.7
1128600 2570.5
1128610 2570.5
1128620 2567.9
1128630 2565.4
1128640 2565.4
1128650 2563.3
1128660 2560.4
1128670 2560.4
1128680 2554.9
1128690 2550.0
1128700 2550.0
1128710 2547.8
1128720 2543.5
1128730 2541.4
1128740 2541.4
1128750 2538.6
1128760 2536.3
1128770 2536.3
1128780 2531.2
1128790 2522.9
1128800 2522.9
1128810 2514.7
1128820 2509.8
1128830 2516.2
1128840 2511.2
1128850 2508.9
1128860 2508.9
1128870 2506.9
1128880 2502.8
1128890 2502.8
1128900 2498.3
1128910 2495.8
1128920 2495.8
1128930 2496.0
1128940 2494.1
1128950 2487.9
1128960 2487.9
1128970 2481.6
1128980 2478.1
1128990 2478.1
1129000 2475.6
1129010 2473.2
1129020 2473.2
1129030 2470.8
1129040 2468.2
1129050 2468.2
1129060 2465.0
1129070 2462.0
1129080 2462.0
1129090 2458.6
1129100 2454.2
1129110 2454.2
1129120 2450.4
1129130 2447.4
1129140 2447.4
1129150 2447.5
1129160 2449.4
1129170 2453.1
1129180 2453.1
1129190 2461.7
1129200 2464.7
1129210 2464.7
1129220 2467.6
1129230 2468.6
1129240 2468.6
1129250 2468.1
1129260 2466.1
1129270 2466.1
1129280 2464.0
1129290 2462.2
1129300 2462.2
1129310 2458.8
1129320 2456.5
1129330 2456.5
1129340 2455.3
1129350 2455.1
1129360 2455.1
1129370 2454.7
1129380 2453.3
1129390 2453.5
1129400 2453.5
1129410 2454.1
1129420 2454.9
1129430 2454.9
1129440 2457.3
1129450 2461.2
1129460 2461.2
1129470 2465.3
1129480 2469.3
1129490 2469.3
1129500 2470.5
1129510 2468.2
1129520 2468.2
1129530 2466.3
1129540 2464.1
1129550 2467.3
1129560 2463.9
1129570 2459.7
1129580 2459.7
1129590 2459.1
1129600 2460.3
1129610 2461.2
1129620 2461.2
1129630 2460.2
1129640 2457.4
1129650 2457.4
1129660 2454.4
1129670 2452.0
1129680 2452.0
1129690 2450.0
1129700 2448.5
1129710 2448.5
1129720 2446.1
1129730 2441.3
1129740 2441.3
1129750 2440.4
1129760 2441.3
1129770 2441.3
1129780 2443.6
1129790 2448.0
1129800 2448.0
1129810 2451.2
1129820 2453.4
1129830 2455.4
1129840 2455.4
1129850 2456.6
1129860 2457.9
1129870 2457.9
1129880 2459.2
1129890 2459.6
1129900 2465.4
1129910 2465.5
1129920 2465.0
1129930 2465.0
1129940 2464.3
1129950 2464.0
1129960 2464.0
1129970 2464.5
1129980 2466.4
1129990 2466.4
1130000 2466.8
1130010 2467.4
1130020 2467.4
1130030 2469.4
1130040 2472.1
1130050 2470.1
1130060 2470.1
1130070 2467.4
1130080 2464.9
1130090 2464.9
1130100 2463.2
1130110 2462.1
1130120 2462.1
1130130 2461.2
1130140 2461.0
1130150 2461.0
1130160 2462.2
1130170 2463.7
1130180 2463.7
1130190 2462.1
1130200 2458.3
1130210 2458.3
1130220 2457.0
1130230 2458.4
1130240 2458.4
1130250 2462.0
1130260 2464.0
1130270 2464.0
1130280 2468.3
1130290 2471.5
1130300 2473.9
1130310 2473.9
1130320 2476.2
1130330 2477.9
1130340 2477.9
1130350 2479.5
1130360 2480.9
1130370 2480.9
1130380 2483.2
1130390 2485.9
1130400 2485.9
1130410 2488.2
1130420 2489.9
1130430 2489.9
1130440 2492.3
1130450 2495.3
1130460 2495.3
1130470 2497.5
1130480 2499.0
1130490 2499.0
1130500 2500.0
1130510 2501.1
1130520 2505.3
1130530 2505.3
1130540 2510.9
1130550 2515.7
1130560 2515.7
1130570 2517.5
1130580 2514.3
1130590 2514.3
1130600 2509.4
1130610 2506.2
1130620 2514.5
1130630 2516.7
1130640 2520.6
1130650 2520.6
1130660 2517.2
1130670 2511.4
1130680 2511.4
1130690 2505.3
1130700 2500.9
1130710 2500.9
1130720 2500.4
1130730 2501.0
1130740 2501.9
1130750 2501.9
1130760 2501.6
1130770 2502.5
1130780 2502.5
1130790 2503.7
1130800 2504.2
1130810 2504.2
1130820 2506.8
1130830 2508.8
1130840 2508.8
1130850 2511.0
1130860 2513.6
1130870 2513.6
1130880 2518.2
1130890 2522.5
1130900 2522.5
1130910 2527.5
1130920 2531.6
1130930 2531.6
1130940 2534.7
1130950 2537.8
1130960 2540.8
1130970 2540.8
1130980 2550.6
1130990 2556.3
1131000 2556.3
1131010 2562.3
1131020 2568.3
1131030 2568.3
1131040 2572.8
1131050 2574.2
1131060 2574.2
1131070 2576.2
1131080 2576.7
1131090 2576.7
1131100 2574.4
1131110 2572.4
1131120 2572.4
1131130 2571.6
1131140 2572.3
1131150 2572.3
1131160 2569.7
1131170 2562.4
1131180 2556.4
1131190 2556.4
1131200 2552.0
1131210 2550.2
1131220 2550.2
1131230 2550.0
1131240 2549.9
1131250 2549.9
1131260 2551.1
1131270 2553.6
1131280 2553.6
1131290 2555.1
1131300 2554.9
1131310 2554.9
1131320 2550.2
1131330 2542.3
1131340 2541.7
1131350 2528.0
1131360 2511.9
1131370 2511.9
1131380 2503.3
1131390 2493.7
1131400 2475.7
1131410 2475.7
1131420 2462.0
1131430 2452.4
1131440 2452.4
1131450 2445.8
1131460 2440.0
1131470 2440.0
1131480 2434.1
1131490 2428.5
1131500 2428.5
1131510 2423.2
1131520 2419.0
1131530 2419.0
1131540 2415.8
1131550 2412.3
1131560 2412.3
1131570 2410.4
1131580 2409.2
1131590 2409.2
1131600 2404.8
1131610 2399.5
1131620 2394.8
1131630 2394.8
1131640 2387.8
1131650 2377.0
1131660 2377.0
1131670 2367.5
1131680 2363.0
1131690 2363.0
1131700 2351.6
1131710 2347.0
1131720 2347.0
1131730 2343.8
1131740 2339.8
1131750 2339.8
1131760 2332.5
1131770 2322.3
1131780 2322.3
1131790 2315.0
1131800 2306.6
1131810 2306.6
1131820 2297.0
1131830 2281.8
1131840 2269.4
1131850 2269.4
1131860 2257.7
1131870 2245.9
1131880 2245.9
1131890 2236.0
1131900 2228.4
1131910 2228.4
1131920 2221.0
1131930 2214.4
1131940 2214.4
1131950 2207.9
1131960 2201.4
1131970 2201.4
1131980 2195.7
1131990 2189.9
1132000 2189.9
1132010 2184.0
1132020 2177.8
1132030 2177.8
1132040 2170.4
1132050 2163.0
1132060 2154.1
1132070 2154.1
1132080 2144.5
1132090 2132.0
1132100 2132.0
1132110 2120.6
1132120 2111.1
1132130 2111.1
1132140 2101.1
1132150 2093.0
1132160 2093.0
1132170 2087.9
1132180 2080.7
1132190 2080.7
1132200 2073.3
1132210 2066.5
1132220 2066.5
1132230 2059.1
1132240 2052.6
1132250 2052.6
1132260 2047.0
1132270 2041.5
1132280 2035.6
1132290 2035.6
1132300 2025.9
1132310 2017.5
1132320 2017.5
1132330 2010.7
1132340 2003.8
1132350 2003.8
1132360 1997.6
1132370 1991.3
1132380 1991.3
1132390 1984.7
1132400 1978.6
1132410 1978.6
1132420 1968.7
1132430 1960.9
1132440 1960.9
1132450 1954.7
1132460 1949.1
1132470 1949.1
1132480 1943.5
1132490 1938.2
1132500 1931.8
1132510 1931.8
1132520 1926.5
1132530 1922.1
1132540 1922.1
1132550 1918.2
1132560 1913.0
1132570 1913.0
1132580 1905.6
1132590 1899.8
1132600 1899.8
1132610 1893.2
1132620 1884.6
1132630 1884.6
1132640 1878.7
1132650 1873.3
1132660 1873.3
1132670 1867.6
1132680 1861.5
1132690 1861.5
1132700 1854.8
1132710 1847.7
1132720 1847.7
1132730 1841.3
1132740 1836.4
1132750 1833.5
1132760 1833.5
1132770 1831.0
1132780 1820.6
1132790 1820.6
1132800 1817.4
1132810 1815.2
1132820 1815.2
1132830 1811.3
1132840 1806.6
1132850 1806.6
1132860 1801.8
1132870 1798.0
1132880 1798.0
1132890 1792.6
1132900 1786.9
1132910 1786.9
1132920 1781.6
1132930 1776.7
1132940 1776.7
1132950 1772.1
1132960 1767.2
1132970 1762.3
1132980 1762.3
1132990 1758.3
1133000 1754.9
1133010 1754.9
1133020 1751.3
1133030 1748.0
1133040 1748.0
1133050 1744.2
1133060 1739.0
1133070 1739.0
1133080 1736.1
1133090 1741.4
1133100 1741.4
1133110 1750.3
1133120 1752.7
1133130 1752.7
1133140 1753.6
1133150 1753.6
1133160 1753.6
1133170 1754.5
1133180 1754.6
1133190 1755.8
1133200 1755.8
1133210 1757.4
1133220 1758.1
1133230 1758.1
1133240 1760.1
1133250 1762.1
1133260 1762.1
1133270 1764.1
1133280 1766.2
1133290 1766.2
1133300 1770.1
1133310 1774.6
1133320 1774.6
1133330 1777.9
1133340 1781.2
1133350 1781.2
1133360 1784.5
1133370 1787.5
1133380 1787.5
1133390 1791.4
1133400 1794.5
1133410 1796.4
1133420 1796.4
1133430 1799.7
1133440 1804.5
1133450 1804.5
1133460 1808.4
1133470 1813.3
1133480 1813.3
1133490 1817.6
1133500 1828.1
1133510 1828.1
1133520 1832.2
1133530 1836.8
1133540 1836.8
1133550 1841.9
1133560 1847.6
1133570 1847.6
1133580 1853.0
1133590 1858.9
1133600 1858.9
1133610 1863.7
1133620 1866.2
1133630 1868.2
1133640 1868.2
1133650 1870.7
1133660 1873.6
1133670 1873.6
1133680 1876.3
1133690 1879.5
1133700 1879.5
1133710 1881.3
1133720 1883.2
1133730 1883.2
1133740 1884.9
1133750 1886.4
1133760 1886.4
1133770 1887.7
1133780 1888.6
1133790 1888.6
1133800 1888.4
1133810 1885.9
1133820 1885.9
1133830 1883.0
1133840 1883.0
1133850 1883.4
1133860 1889.5
1133870 1889.1
1133880 1889.4
1133890 1889.4
1133900 1893.0
1133910 1894.8
1133920 1894.8
1133930 1895.8
1133940 1895.8
1133950 1895.8
1133960 1894.6
1133970 1893.1
1133980 1893.1
1133990 1893.6
1134000 1896.0
1134010 1896.0
1134020 1899.9
1134030 1901.2
1134040 1901.2
1134050 1899.8
1134060 1896.7
1134070 1893.4
1134080 1893.4
1134090 1889.7
1134100 1886.0
1134110 1886.0
1134120 1881.7
1134130 1876.2
1134140 1876.2
1134150 1867.7
1134160 1858.5
1134170 1858.5
1134180 1850.0
1134190 1841.9
1134200 1841.9
1134210 1835.3
1134220 1831.1
1134230 1831.1
1134240 1824.3
1134250 1817.8
1134260 1817.8
1134270 1811.0
1134280 1804.5
1134290 1798.9
1134300 1798.9
1134310 1793.3
1134320 1788.0
1134330 1788.0
1134340 1784.1
1134350 1779.8
1134360 1779.8
1134370 1775.5
1134380 1771.6
1134390 1771.6
1134400 1768.0
1134410 1764.8
1134420 1764.8
1134430 1762.4
1134440 1759.8
1134450 1759.8
1134460 1758.2
1134470 1757.1
1134480 1757.1
1134490 1755.4
1134500 1752.8
1134510 1750.1
1134520 1750.1
1134530 1746.9
1134540 1745.3
1134550 1745.3
1134560 1745.4
1134570 1744.5
1134580 1746.7
1134590 1745.1
1134600 1744.3
1134610 1744.3
1134620 1743.9
1134630 1742.8
1134640 1742.8
1134650 1740.8
1134660 1739.7
1134670 1739.7
1134680 1738.6
1134690 1738.7
1134700 1738.7
1134710 1737.3
1134720 1731.4
1134730 1729.7
1134740 1729.7
1134750 1737.9
1134760 1742.8
1134770 1742.8
1134780 1746.1
1134790 1748.3
1134800 1748.3
1134810 1750.8
1134820 1753.5
1134830 1753.5
1134840 1756.5
1134850 1759.5
1134860 1759.5
1134870 1762.4
1134880 1766.0
1134890 1766.0
1134900 1770.5
1134910 1774.4
1134920 1774.4
1134930 1779.7
1134940 1786.3
1134950 1785.5
1134960 1792.3
1134970 1799.5
1134980 1806.7
1134990 1806.7
1135000 1813.5
1135010 1820.9
1135020 1820.9
1135030 1828.2
1135040 1835.1
1135050 1835.1
1135060 1841.7
1135070 1848.1
1135080 1848.1
1135090 1854.7
1135100 1861.9
1135110 1861.9
1135120 1869.7
1135130 1877.2
1135140 1877.2
1135150 1882.7
1135160 1886.4
1135170 1886.4
1135180 1891.5
1135190 1897.4
1135200 1902.7
1135210 1902.7
1135220 1908.3
1135230 1914.2
1135240 1914.2
1135250 1920.2
1135260 1926.7
1135270 1926.7
1135280 1933.3
1135290 1941.1
1135300 1941.1
1135310 1950.6
1135320 1958.8
1135330 1958.8
1135340 1967.1
1135350 1975.6
1135360 1975.6
1135370 1984.4
1135380 1992.6
1135390 1992.6
1135400 1999.6
1135410 2005.2
1135420 2011.6
1135430 2011.6
1135440 2018.7
1135450 2025.4
1135460 2025.4
1135470 2032.7
1135480 2039.7
1135490 2039.7
1135500 2045.8
1135510 2051.5
1135520 2051.5
1135530 2057.1
1135540 2063.6
1135550 2063.6
1135560 2070.8
1135570 2077.4
1135580 2077.4
1135590 2082.7
1135600 2087.1
1135610 2087.1
1135620 2092.1
1135630 2097.1
1135640 2101.7
1135650 2101.7
1135660 2106.4
1135670 2106.6
1135680 2106.6
1135690 2112.9
1135700 2119.2
1135710 2119.2
1135720 2125.8
1135730 2130.8
1135740 2130.8
1135750 2133.8
1135760 2137.2
1135770 2137.2
1135780 2142.7
1135790 2148.7
1135800 2148.7
1135810 2155.9
1135820 2161.4
1135830 2161.4
1135840 2166.3
1135850 2170.8
1135860 2175.3
1135870 2175.3
1135880 2179.9
1135890 2184.0
1135900 2184.0
1135910 2188.0
1135920 2191.9
1135930 2191.9
1135940 2196.6
1135950 2201.2
1135960 2201.2
1135970 2205.5
1135980 2210.0
1135990 2210.0
1136000 2214.8
1136010 2220.5
1136020 2220.5
1136030 2226.9
1136040 2228.5
1136050 2228.5
1136060 2233.8
1136070 2237.5
1136080 2240.9
1136090 2240.9
1136100 2245.0
1136110 2249.9
1136120 2249.9
1136130 2255.0
1136140 2259.3
1136150 2259.3
1136160 2261.9
1136170 2266.1
1136180 2266.1
1136190 2271.9
1136200 2277.9
1136210 2277.9
1136220 2283.5
1136230 2289.6
1136240 2289.6
1136250 2293.9
1136260 2295.1
1136270 2295.1
1136280 2296.7
1136290 2298.0
1136300 2298.6
1136310 2298.6
1136320 2299.3
1136330 2299.8
1136340 2299.8
1136350 2300.3
1136360 2300.9
1136370 2300.9
1136380 2301.8
1136390 2303.5
1136400 2303.8
1136410 2305.5
1136420 2307.2
1136430 2307.2
1136440 2308.1
1136450 2309.5
1136460 2309.5
1136470 2311.3
1136480 2313.8
1136490 2313.8
1136500 2316.8
1136510 2319.5
1136520 2322.4
1136530 2322.4
1136540 2325.0
1136550 2327.7
1136560 2327.7
1136570 2330.5
1136580 2333.6
1136590 2333.6
1136600 2337.0
1136610 2340.4
1136620 2340.4
1136630 2343.6
1136640 2346.8
1136650 2346.8
1136660 2349.8
1136670 2352.3
1136680 2352.3
1136690 2354.7
1136700 2356.4
1136710 2356.4
1136720 2357.8
1136730 2360.2
1136740 2363.8
1136750 2363.8
1136760 2366.0
1136770 2371.1
1136780 2371.1
1136790 2375.7
1136800 2380.0
1136810 2380.0
1136820 2384.2
1136830 2387.5
1136840 2387.5
1136850 2390.6
1136860 2393.9
1136870 2393.9
1136880 2397.2
1136890 2400.4
1136900 2400.4
1136910 2402.7
1136920 2404.9
1136930 2404.9
1136940 2407.3
1136950 2409.9
1136960 2411.4
1136970 2411.4
1136980 2412.9
1136990 2414.7
1137000 2414.7
1137010 2416.4
1137020 2419.7
1137030 2419.7
1137040 2421.8
1137050 2422.8
1137060 2422.8
1137070 2424.2
1137080 2426.9
1137090 2426.9
1137100 2429.1
1137110 2430.8
1137120 2430.8
1137130 2433.8
1137140 2436.7
1137150 2436.7
1137160 2440.0
1137170 2443.1
1137180 2446.4
1137190 2446.4
1137200 2449.6
1137210 2453.2
1137220 2453.2
1137230 2456.9
1137240 2460.6
1137250 2460.6
1137260 2464.4
1137270 2468.3
1137280 2468.3
1137290 2472.5
1137300 2476.8
1137310 2476.8
1137320 2481.3
1137330 2486.1
1137340 2486.1
1137350 2490.7
1137360 2495.7
1137370 2495.7
1137380 2501.1
1137390 2506.7
1137400 2506.7
1137410 2512.2
1137420 2517.7
1137430 2523.5
1137440 2523.5
1137450 2529.4
1137460 2535.4
1137470 2535.4
1137480 2541.4
1137490 2549.3
1137500 2549.3
1137510 2555.6
1137520 2561.9
1137530 2561.9
1137540 2568.4
1137550 2574.9
1137560 2574.9
1137570 2582.0
1137580 2589.1
1137590 2589.1
1137600 2596.2
1137610 2603.7
1137620 2603.7
1137630 2611.1
1137640 2618.7
1137650 2627.0
1137660 2627.0
1137670 2635.4
1137680 2643.7
1137690 2643.7
1137700 2652.3
1137710 2663.3
1137720 2663.3
1137730 2675.9
1137740 2688.7
1137750 2688.7
1137760 2699.8
1137770 2707.7
1137780 2707.7
1137790 2715.2
1137800 2724.1
1137810 2724.1
1137820 2734.1
1137830 2747.5
1137840 2747.5
1137850 2759.8
1137860 2773.6
1137870 2777.3
1137880 2777.3
1137890 2768.5
1137900 2760.7
1137910 2760.7
1137920 2753.5
1137930 2748.2
1137940 2748.2
1137950 2745.7
1137960 2743.0
1137970 2743.0
1137980 2739.7
1137990 2736.3
1138000 2736.3
1138010 2721.8
1138020 2703.6
1138030 2703.6
1138040 2693.3
1138050 2681.9
1138060 2681.9
1138070 2673.8
1138080 2666.7
1138090 2660.2
1138100 2660.2
1138110 2655.5
1138120 2651.7
1138130 2651.7
1138140 2648.2
1138150 2645.4
1138160 2645.4
1138170 2643.2
1138180 2640.8
1138190 2640.8
1138200 2639.6
1138210 2640.1
1138220 2640.1
1138230 2642.8
1138240 2642.5
1138250 2642.5
1138260 2641.8
1138270 2641.1
1138280 2641.1
1138290 2639.9
1138300 2637.9
1138310 2637.6
1138320 2637.6
1138330 2637.2
1138340 2637.1
1138350 2637.1
1138360 2638.5
1138370 2640.2
1138380 2640.2
1138390 2642.6
1138400 2642.2
1138410 2642.2
1138420 2641.1
1138430 2641.0
1138440 2641.0
1138450 2641.8
1138460 2641.6
1138470 2641.6
1138480 2640.5
1138490 2639.6
1138500 2639.6
1138510 2639.0
1138520 2639.7
1138530 2640.3
1138540 2640.3
1138550 2641.6
1138560 2642.8
1138570 2642.8
1138580 2647.5
1138590 2656.4
1138600 2656.4
1138610 2662.4
1138620 2668.0
1138630 2668.0
1138640 2674.7
1138650 2683.0
1138660 2683.0
1138670 2695.1
1138680 2708.5
1138690 2708.5
1138700 2717.9
1138710 2726.2
1138720 2726.2
1138730 2733.9
1138740 2737.3
1138750 2737.9
1138760 2737.9
1138770 2741.6
1138780 2752.4
1138790 2752.4
1138800 2759.8
1138810 2763.7
1138820 2763.7
1138830 2763.9
1138840 2763.2
1138850 2763.2
1138860 2767.9
1138870 2775.2
1138880 2775.2
1138890 2777.6
1138900 2773.0
1138910 2773.0
1138920 2768.3
1138930 2762.0
1138940 2762.0
1138950 2759.8
1138960 2777.5
1138970 2787.8
1138980 2787.8
1138990 2800.0
1139000 2796.2
1139010 2796.2
1139020 2786.8
1139030 2784.3
1139040 2784.3
1139050 2787.3
1139060 2790.9
1139070 2790.9
1139080 2795.3
1139090 2795.3
1139100 2795.3
1139110 2795.1
1139120 2792.8
1139130 2792.8
1139140 2790.3
1139150 2802.9
1139160 2802.9
1139170 2807.3
1139180 2807.7
1139190 2812.2
1139200 2812.2
1139210 2809.6
1139220 2811.0
1139230 2811.0
1139240 2817.2
1139250 2827.4
1139260 2827.4
1139270 2832.2
1139280 2838.0
1139290 2838.0
1139300 2846.7
1139310 2846.6
1139320 2846.6
1139330 2850.0
1139340 2850.9
1139350 2850.9
1139360 2855.3
1139370 2857.6
1139380 2857.6
1139390 2858.5
1139400 2864.5
1139410 2871.2
1139420 2871.2
1139430 2878.1
1139440 2885.2
1139450 2885.2
1139460 2888.9
1139470 2889.6
1139480 2889.6
1139490 2897.4
1139500 2903.1
1139510 2903.1
1139520 2908.6
1139530 2912.9
1139540 2912.9
1139550 2915.0
1139560 2916.6
1139570 2916.6
1139580 2908.4
1139590 2902.8
1139600 2902.8
1139610 2908.0
1139620 2914.4
1139630 2920.9
1139640 2920.9
1139650 2918.4
1139660 2913.0
1139670 2913.0
1139680 2907.5
1139690 2919.8
1139700 2919.8
1139710 2912.4
1139720 2911.4
1139730 2911.4
1139740 2910.4
1139750 2905.9
1139760 2905.9
1139770 2893.8
1139780 2887.5
1139790 2887.5
1139800 2889.8
1139810 2888.4
1139820 2888.4
1139830 2885.0
1139840 2878.3
1139850 2880.4
1139860 2880.4
1139870 2889.3
1139880 2897.2
1139890 2897.2
1139900 2894.0
1139910 2887.0
1139920 2887.0
1139930 2877.7
1139940 2867.9
1139950 2867.9
1139960 2856.3
1139970 2844.0
1139980 2844.0
1139990 2829.9
