1120000 2201.5
1120010 2199.1
1120020 2199.1
1120030 2197.9
1120040 2196.7
1120050 2196.8
1120060 2196.8
1120070 2195.3
1120080 2191.5
1120090 2191.5
1120100 2187.2
1120110 2184.7
1120120 2184.7
1120130 2178.9
1120140 2178.9
1120150 2178.9
1120160 2179.0
1120170 2181.0
1120180 2181.0
1120190 2183.9
1120200 2186.7
1120210 2186.7
1120220 2188.5
1120230 2190.8
1120240 2190.8
1120250 2192.8
1120260 2195.6
1120270 2198.2
1120280 2198.2
1120290 2203.3
1120300 2207.9
1120310 2207.9
1120320 2211.5
1120330 2212.1
1120340 2212.1
1120350 2212.3
1120360 2214.5
1120370 2214.5
1120380 2217.6
1120390 2220.7
1120400 2220.7
1120410 2223.1
1120420 2224.6
1120430 2224.6
1120440 2223.5
1120450 2222.3
1120460 2222.3
1120470 2221.8
1120480 2220.1
1120490 2219.1
1120500 2219.1
1120510 2217.9
1120520 2216.1
1120530 2216.1
1120540 2214.4
1120550 2214.9
1120560 2214.9
1120570 2215.1
1120580 2215.0
1120590 2215.0
1120600 2215.1
1120610 2215.4
1120620 2215.4
1120630 2215.9
1120640 2216.3
1120650 2216.3
1120660 2217.0
1120670 2217.4
1120680 2217.4
1120690 2216.3
1120700 2214.2
1120710 2211.4
1120720 2211.4
1120730 2207.7
1120740 2205.0
1120750 2205.0
1120760 2203.5
1120770 2204.6
1120780 2204.6
1120790 2205.7
1120800 2204.3
1120810 2204.3
1120820 2201.2
1120830 2196.9
1120840 2196.9
1120850 2194.5
1120860 2193.9
1120870 2193.9
1120880 2195.0
1120890 2197.3
1120900 2197.3
1120910 2199.5
1120920 2200.7
1120930 2201.1
1120940 2201.1
1120950 2200.3
1120960 2199.4
1120970 2199.4
1120980 2198.9
1120990 2198.2
1121000 2198.2
1121010 2197.9
1121020 2199.4
1121030 2199.4
1121040 2199.8
1121050 2199.6
1121060 2199.6
1121070 2199.6
1121080 2201.4
1121090 2201.4
1121100 2204.7
1121110 2208.3
1121120 2208.3
1121130 2210.4
1121140 2213.7
1121150 2217.2
1121160 2217.2
1121170 2218.9
1121180 2224.7
1121190 2224.7
1121200 2232.1
1121210 2238.0
1121220 2238.0
1121230 2247.0
1121240 2261.5
1121250 2261.5
1121260 2274.7
1121270 2284.5
1121280 2284.5
1121290 2284.4
1121300 2278.3
1121310 2278.3
1121320 2268.0
1121330 2254.6
1121340 2254.6
1121350 2243.1
1121360 2237.6
1121370 2237.6
1121380 2233.6
1121390 2231.2
1121400 2229.7
1121410 2229.7
1121420 2230.1
1121430 2230.2
1121440 2230.2
1121450 2229.5
1121460 2227.9
1121470 2227.9
1121480 2226.0
1121490 2223.3
1121500 2223.3
1121510 2220.7
1121520 2216.8
1121530 2216.8
1121540 2215.5
1121550 2214.2
1121560 2214.2
1121570 2215.0
1121580 2215.1
1121590 2215.1
1121600 2214.4
1121610 2215.4
1121620 2216.9
1121630 2216.9
1121640 2218.4
1121650 2218.6
1121660 2218.6
1121670 2217.5
1121680 2213.4
1121690 2213.4
1121700 2207.2
1121710 2199.0
1121720 2199.0
1121730 2195.2
1121740 2192.4
1121750 2192.4
1121760 2188.3
1121770 2185.0
1121780 2185.0
1121790 2180.9
1121800 2178.3
1121810 2178.3
1121820 2180.9
1121830 2182.0
1121840 2182.4
1121850 2182.4
1121860 2182.5
1121870 2180.6
1121880 2180.6
1121890 2179.9
1121900 2177.4
1121910 2177.4
1121920 2176.6
1121930 2175.1
1121940 2175.1
1121950 2172.9
1121960 2171.0
1121970 2171.0
1121980 2170.2
1121990 2169.8
1122000 2169.8
1122010 2168.3
1122020 2167.4
1122030 2167.4
1122040 2167.7
1122050 2168.7
1122060 2169.7
1122070 2169.7
1122080 2170.7
1122090 2172.4
1122100 2172.4
1122110 2174.3
1122120 2175.9
1122130 2175.9
1122140 2176.3
1122150 2177.5
1122160 2177.5
1122170 2180.1
1122180 2180.8
1122190 2180.8
1122200 2182.1
1122210 2182.3
1122220 2177.1
1122230 2177.4
1122240 2179.3
1122250 2179.3
1122260 2180.7
1122270 2184.2
1122280 2188.1
1122290 2188.1
1122300 2190.5
1122310 2191.2
1122320 2191.2
1122330 2190.1
1122340 2188.9
1122350 2188.9
1122360 2188.7
1122370 2188.3
1122380 2188.3
1122390 2187.6
1122400 2186.9
1122410 2186.9
1122420 2185.6
1122430 2184.6
1122440 2184.6
1122450 2182.4
1122460 2182.5
1122470 2182.5
1122480 2186.6
1122490 2192.6
1122500 2198.3
1122510 2198.3
1122520 2203.5
1122530 2204.7
1122540 2204.7
1122550 2204.9
1122560 2206.4
1122570 2203.2
1122580 2205.3
1122590 2205.3
1122600 2205.3
1122610 2204.3
1122620 2204.0
1122630 2204.0
1122640 2205.0
1122650 2208.2
1122660 2208.2
1122670 2212.6
1122680 2216.6
1122690 2216.6
1122700 2218.3
1122710 2217.2
1122720 2217.2
1122730 2214.0
1122740 2212.0
1122750 2210.7
1122760 2210.7
1122770 2207.6
1122780 2205.3
1122790 2205.3
1122800 2202.5
1122810 2199.4
1122820 2199.4
1122830 2196.0
1122840 2193.6
1122850 2193.6
1122860 2190.4
1122870 2187.1
1122880 2187.1
1122890 2182.3
1122900 2177.0
1122910 2177.0
1122920 2168.9
1122930 2165.9
1122940 2165.9
1122950 2164.9
1122960 2164.5
1122970 2166.1
1122980 2166.1
1122990 2166.7
1123000 2165.3
1123010 2165.3
1123020 2164.7
1123030 2164.9
1123040 2164.9
1123050 2164.6
1123060 2163.3
1123070 2163.3
1123080 2162.6
1123090 2162.4
1123100 2162.4
1123110 2161.6
1123120 2161.6
1123130 2161.6
1123140 2161.4
1123150 2161.6
1123160 2161.6
1123170 2161.3
1123180 2161.5
1123190 2161.0
1123200 2161.0
1123210 2160.0
1123220 2158.9
1123230 2158.9
1123240 2157.7
1123250 2155.8
1123260 2155.8
1123270 2152.0
1123280 2152.2
1123290 2152.2
1123300 2154.8
1123310 2156.6
1123320 2156.6
1123330 2157.5
1123340 2158.6
1123350 2158.6
1123360 2158.9
1123370 2159.1
1123380 2159.1
1123390 2159.9
1123400 2161.3
1123410 2162.4
1123420 2162.4
1123430 2163.6
1123440 2165.6
1123450 2165.6
1123460 2169.8
1123470 2174.3
1123480 2174.3
1123490 2178.1
1123500 2180.7
1123510 2180.7
1123520 2183.2
1123530 2185.5
1123540 2185.5
1123550 2188.1
1123560 2192.0
1123570 2192.0
1123580 2196.2
1123590 2199.7
1123600 2199.7
1123610 2203.7
1123620 2205.8
1123630 2201.9
1123640 2201.9
1123650 2201.9
1123660 2201.8
1123670 2201.8
1123680 2200.7
1123690 2199.0
1123700 2199.0
1123710 2197.4
1123720 2199.2
1123730 2199.2
1123740 2205.7
1123750 2213.0
1123760 2213.0
1123770 2215.9
1123780 2215.1
1123790 2215.1
1123800 2212.2
1123810 2210.1
1123820 2210.1
1123830 2209.1
1123840 2209.4
1123850 2208.7
1123860 2208.7
1123870 2207.8
1123880 2207.0
1123890 2207.0
1123900 2204.9
1123910 2203.1
1123920 2203.1
1123930 2202.1
1123940 2200.4
1123950 2200.4
1123960 2197.6
1123970 2196.5
1123980 2194.8
1123990 2194.0
1124000 2193.4
1124010 2193.4
1124020 2192.2
1124030 2192.2
1124040 2192.2
1124050 2192.1
1124060 2191.8
1124070 2192.4
1124080 2192.4
1124090 2195.1
1124100 2199.0
1124110 2199.0
1124120 2203.5
1124130 2208.8
1124140 2208.8
1124150 2214.8
1124160 2221.3
1124170 2221.3
1124180 2228.1
1124190 2234.9
1124200 2234.9
1124210 2241.9
1124220 2249.1
1124230 2249.1
1124240 2256.4
1124250 2264.1
1124260 2264.1
1124270 2271.7
1124280 2281.5
1124290 2281.5
1124300 2298.2
1124310 2307.0
1124320 2317.5
1124330 2317.4
1124340 2330.4
1124350 2342.6
1124360 2342.6
1124370 2353.5
1124380 2371.8
1124390 2371.8
1124400 2403.9
1124410 2415.9
1124420 2415.9
1124430 2404.0
1124440 2394.4
1124450 2394.4
1124460 2386.3
1124470 2378.9
1124480 2378.9
1124490 2372.1
1124500 2367.1
1124510 2367.1
1124520 2362.4
1124530 2356.5
1124540 2347.2
1124550 2347.2
1124560 2337.5
1124570 2329.2
1124580 2329.2
1124590 2319.4
1124600 2311.9
1124610 2311.9
1124620 2305.9
1124630 2301.1
1124640 2301.1
1124650 2298.6
1124660 2297.8
1124670 2297.8
1124680 2298.8
1124690 2299.3
1124700 2299.3
1124710 2298.8
1124720 2299.0
1124730 2299.0
1124740 2299.1
1124750 2298.5
1124760 2296.9
1124770 2296.9
1124780 2296.4
1124790 2295.9
1124800 2295.9
1124810 2295.5
1124820 2293.6
1124830 2293.6
1124840 2292.4
1124850 2290.0
1124860 2290.0
1124870 2287.4
1124880 2287.1
1124890 2287.1
1124900 2285.4
1124910 2285.4
1124920 2285.4
1124930 2285.5
1124940 2285.9
1124950 2285.9
1124960 2285.6
1124970 2284.2
1124980 2281.6
1124990 2281.6
1125000 2278.8
1125010 2275.5
1125020 2275.5
1125030 2266.2
1125040 2262.9
1125050 2262.9
1125060 2259.6
1125070 2256.9
1125080 2256.9
1125090 2253.0
1125100 2250.6
1125110 2250.6
1125120 2249.4
1125130 2249.8
1125140 2249.8
1125150 2252.6
1125160 2254.2
1125170 2254.2
1125180 2254.5
1125190 2255.6
1125200 2255.5
1125210 2255.5
1125220 2254.5
1125230 2253.8
1125240 2253.8
1125250 2253.7
1125260 2253.3
1125270 2253.3
1125280 2252.5
1125290 2252.3
1125300 2252.3
1125310 2258.4
1125320 2265.2
1125330 2265.2
1125340 2275.0
1125350 2280.7
1125360 2280.7
1125370 2290.5
1125380 2295.0
1125390 2282.9
1125400 2285.2
1125410 2287.4
1125420 2287.7
1125430 2287.7
1125440 2286.4
1125450 2284.7
1125460 2284.7
1125470 2282.2
1125480 2279.6
1125490 2279.6
1125500 2277.1
1125510 2274.9
1125520 2274.9
1125530 2275.6
1125540 2275.9
1125550 2275.9
1125560 2277.0
1125570 2276.3
1125580 2276.3
1125590 2274.7
1125600 2270.1
1125610 2270.1
1125620 2266.5
1125630 2262.0
1125640 2262.0
1125650 2258.9
1125660 2257.0
1125670 2256.9
1125680 2256.9
1125690 2255.6
1125700 2250.5
1125710 2250.5
1125720 2243.7
1125730 2237.4
1125740 2217.3
1125750 2216.9
1125760 2220.4
1125770 2220.4
1125780 2222.0
1125790 2219.6
1125800 2219.6
1125810 2218.9
1125820 2219.7
1125830 2219.7
1125840 2222.5
1125850 2223.7
1125860 2223.7
1125870 2222.7
1125880 2221.1
1125890 2222.0
1125900 2222.0
1125910 2225.3
1125920 2228.8
1125930 2228.8
1125940 2230.4
1125950 2232.3
1125960 2232.3
1125970 2236.0
1125980 2240.1
1125990 2240.1
1126000 2245.9
1126010 2254.3
1126020 2254.3
1126030 2256.0
1126040 2251.8
1126050 2251.8
1126060 2252.1
1126070 2252.5
1126080 2252.5
1126090 2239.2
1126100 2236.1
1126110 2234.8
1126120 2234.8
1126130 2234.5
1126140 2234.4
1126150 2234.4
1126160 2233.8
1126170 2234.0
1126180 2234.0
1126190 2237.5
1126200 2239.0
1126210 2239.0
1126220 2240.9
1126230 2244.1
1126240 2244.1
1126250 2247.3
1126260 2250.2
1126270 2250.2
1126280 2253.6
1126290 2256.7
1126300 2256.7
1126310 2260.4
1126320 2265.3
1126330 2270.7
1126340 2270.7
1126350 2277.1
1126360 2284.9
1126370 2284.9
1126380 2294.9
1126390 2302.4
1126400 2302.4
1126410 2306.2
1126420 2308.8
1126430 2308.8
1126440 2312.8
1126450 2311.0
1126460 2311.0
1126470 2314.3
1126480 2317.8
1126490 2317.8
1126500 2321.1
1126510 2324.1
1126520 2324.1
1126530 2327.2
1126540 2330.2
1126550 2333.5
1126560 2333.5
1126570 2337.7
1126580 2342.6
1126590 2342.6
1126600 2348.3
1126610 2355.4
1126620 2355.4
1126630 2363.6
1126640 2368.1
1126650 2368.1
1126660 2371.4
1126670 2372.0
1126680 2372.0
1126690 2372.2
1126700 2370.2
1126710 2370.2
1126720 2367.0
1126730 2364.0
1126740 2364.0
1126750 2362.4
1126760 2361.9
1126770 2360.8
1126780 2360.8
1126790 2358.8
1126800 2350.9
1126810 2350.9
1126820 2348.5
1126830 2345.7
1126840 2345.7
1126850 2343.1
1126860 2342.1
1126870 2342.1
1126880 2342.1
1126890 2342.9
1126900 2342.9
1126910 2343.1
1126920 2343.4
1126930 2343.4
1126940 2344.7
1126950 2346.2
1126960 2346.2
1126970 2345.8
1126980 2346.0
1126990 2346.0
1127000 2347.1
1127010 2348.9
1127020 2347.8
1127030 2347.8
1127040 2348.6
1127050 2348.4
1127060 2348.4
1127070 2347.0
1127080 2345.2
1127090 2345.2
1127100 2345.9
1127110 2345.4
1127120 2345.4
1127130 2344.9
1127140 2344.5
1127150 2344.5
1127160 2338.5
1127170 2337.9
1127180 2337.9
1127190 2337.2
1127200 2336.8
1127210 2336.8
1127220 2336.6
1127230 2335.4
1127240 2334.5
1127250 2334.5
1127260 2337.5
1127270 2341.0
1127280 2341.0
1127290 2343.8
1127300 2345.8
1127310 2345.8
1127320 2347.1
1127330 2348.7
1127340 2348.7
1127350 2350.7
1127360 2351.9
1127370 2351.9
1127380 2351.3
1127390 2348.9
1127400 2348.9
1127410 2346.6
1127420 2345.2
1127430 2345.2
1127440 2345.6
1127450 2345.5
1127460 2346.6
1127470 2346.6
1127480 2347.1
1127490 2347.3
1127500 2347.3
1127510 2340.5
1127520 2340.8
1127530 2340.8
1127540 2340.7
1127550 2339.9
1127560 2339.9
1127570 2339.3
1127580 2337.8
1127590 2337.8
1127600 2335.9
1127610 2334.1
1127620 2334.1
1127630 2332.2
1127640 2330.2
1127650 2330.2
1127660 2327.6
1127670 2324.6
1127680 2322.2
1127690 2322.2
1127700 2320.7
1127710 2319.5
1127720 2319.5
1127730 2319.9
1127740 2322.2
1127750 2322.2
1127760 2324.2
1127770 2326.2
1127780 2326.2
1127790 2328.5
1127800 2330.6
1127810 2330.6
1127820 2333.2
1127830 2335.6
1127840 2335.6
1127850 2336.1
1127860 2336.9
1127870 2332.1
1127880 2334.9
1127890 2337.4
1127900 2340.2
1127910 2340.2
1127920 2342.3
1127930 2344.2
1127940 2344.2
1127950 2345.3
1127960 2345.4
1127970 2345.4
1127980 2347.3
1127990 2349.3
1128000 2349.3
1128010 2351.3
1128020 2352.3
1128030 2352.3
1128040 2352.8
1128050 2352.5
1128060 2352.5
1128070 2351.4
1128080 2350.5
1128090 2350.5
1128100 2350.2
1128110 2349.2
1128120 2347.5
1128130 2347.5
1128140 2346.2
1128150 2345.1
1128160 2345.1
1128170 2343.8
1128180 2342.7
1128190 2342.7
1128200 2342.0
1128210 2341.8
1128220 2336.7
1128230 2336.6
1128240 2336.0
1128250 2336.0
1128260 2334.8
1128270 2333.5
1128280 2333.5
1128290 2332.1
1128300 2330.6
1128310 2330.6
1128320 2328.8
1128330 2327.1
1128340 2325.3
1128350 2325.3
1128360 2322.5
1128370 2320.4
1128380 2320.4
1128390 2318.8
1128400 2316.6
1128410 2316.6
1128420 2313.3
1128430 2310.9
1128440 2310.9
1128450 2307.7
1128460 2304.9
1128470 2304.9
1128480 2301.9
1128490 2298.9
1128500 2298.9
1128510 2296.0
1128520 2293.3
1128530 2293.3
1128540 2291.2
1128550 2288.8
1128560 2288.8
1128570 2286.7
1128580 2280.3
1128590 2277.5
1128600 2277.5
1128610 2275.6
1128620 2274.5
1128630 2274.5
1128640 2273.1
1128650 2271.4
1128660 2271.4
1128670 2270.0
1128680 2269.2
1128690 2269.2
1128700 2267.3
1128710 2265.3
1128720 2265.3
1128730 2263.2
1128740 2260.7
1128750 2260.7
1128760 2258.2
1128770 2255.2
1128780 2255.2
1128790 2252.1
1128800 2248.7
1128810 2245.5
1128820 2245.5
1128830 2242.9
1128840 2240.2
1128850 2240.2
1128860 2237.0
1128870 2234.1
1128880 2234.1
1128890 2231.3
1128900 2228.3
1128910 2228.3
1128920 2224.4
1128930 2219.4
1128940 2221.4
1128950 2222.6
1128960 2224.7
1128970 2224.7
1128980 2225.2
1128990 2224.6
1129000 2224.6
1129010 2223.9
1129020 2223.0
1129030 2222.5
1129040 2222.5
1129050 2221.8
1129060 2220.9
1129070 2220.9
1129080 2220.2
1129090 2220.0
1129100 2220.0
1129110 2219.0
1129120 2216.7
1129130 2216.7
1129140 2213.4
1129150 2210.4
1129160 2210.4
1129170 2206.8
1129180 2205.3
1129190 2205.3
1129200 2205.9
1129210 2202.2
1129220 2202.2
1129230 2197.1
1129240 2197.0
1129250 2197.5
1129260 2197.5
1129270 2196.1
1129280 2192.6
1129290 2200.1
1129300 2196.3
1129310 2192.7
1129320 2192.7
1129330 2189.4
1129340 2186.2
1129350 2186.2
1129360 2183.0
1129370 2178.9
1129380 2178.9
1129390 2174.8
1129400 2171.8
1129410 2171.8
1129420 2168.6
1129430 2164.4
1129440 2164.4
1129450 2160.5
1129460 2158.4
1129470 2155.6
1129480 2155.6
1129490 2152.5
1129500 2149.8
1129510 2149.8
1129520 2146.7
1129530 2144.2
1129540 2144.2
1129550 2142.3
1129560 2139.9
1129570 2139.9
1129580 2137.6
1129590 2136.0
1129600 2136.0
1129610 2135.0
1129620 2134.3
1129630 2134.3
1129640 2133.1
1129650 2136.1
1129660 2136.1
1129670 2136.3
1129680 2134.7
1129690 2130.8
1129700 2130.8
1129710 2127.2
1129720 2125.7
1129730 2125.7
1129740 2124.7
1129750 2122.7
1129760 2122.7
1129770 2122.1
1129780 2121.7
1129790 2121.7
1129800 2120.5
1129810 2118.3
1129820 2118.3
1129830 2116.8
1129840 2115.5
1129850 2115.5
1129860 2113.0
1129870 2111.6
1129880 2111.6
1129890 2111.8
1129900 2111.3
1129910 2109.8
1129920 2109.8
1129930 2107.9
1129940 2106.8
1129950 2106.8
1129960 2105.3
1129970 2104.5
1129980 2104.5
1129990 2105.0
1130000 2105.0
1130010 2110.5
1130020 2110.3
1130030 2108.5
1130040 2108.5
1130050 2107.5
1130060 2107.1
1130070 2107.1
1130080 2107.6
1130090 2108.3
1130100 2108.3
1130110 2109.6
1130120 2109.5
1130130 2109.5
1130140 2107.2
1130150 2106.6
1130160 2106.0
1130170 2106.0
1130180 2105.6
1130190 2105.6
1130200 2105.6
1130210 2106.7
1130220 2107.4
1130230 2107.4
1130240 2108.2
1130250 2108.9
1130260 2108.9
1130270 2108.5
1130280 2108.6
1130290 2108.6
1130300 2109.0
1130310 2109.9
1130320 2109.9
1130330 2110.4
1130340 2110.5
1130350 2110.5
1130360 2111.6
1130370 2119.8
1130380 2120.5
1130390 2120.5
1130400 2119.7
1130410 2118.3
1130420 2118.3
1130430 2116.5
1130440 2115.6
1130450 2115.6
1130460 2115.4
1130470 2115.1
1130480 2115.1
1130490 2114.8
1130500 2115.5
1130510 2115.5
1130520 2114.9
1130530 2113.3
1130540 2113.3
1130550 2112.0
1130560 2110.8
1130570 2110.8
1130580 2110.9
1130590 2110.5
1130600 2110.8
1130610 2110.8
1130620 2111.2
1130630 2111.3
1130640 2111.3
1130650 2112.0
1130660 2113.2
1130670 2113.2
1130680 2111.6
1130690 2107.3
1130700 2107.3
1130710 2104.8
1130720 2110.9
1130730 2110.9
1130740 2108.8
1130750 2107.2
1130760 2107.2
1130770 2104.2
1130780 2105.4
1130790 2105.4
1130800 2107.7
1130810 2110.7
1130820 2112.6
1130830 2112.6
1130840 2112.5
1130850 2111.5
1130860 2111.5
1130870 2110.9
1130880 2108.4
1130890 2108.4
1130900 2107.3
1130910 2105.7
1130920 2105.7
1130930 2104.3
1130940 2103.5
1130950 2103.5
1130960 2101.8
1130970 2100.8
1130980 2100.8
1130990 2100.1
1131000 2099.1
1131010 2099.1
1131020 2097.9
1131030 2097.3
1131040 2097.5
1131050 2097.5
1131060 2097.9
1131070 2099.2
1131080 2106.1
1131090 2106.3
1131100 2106.7
1131110 2106.7
1131120 2106.7
1131130 2107.0
1131140 2107.0
1131150 2105.9
1131160 2104.5
1131170 2104.5
1131180 2102.2
1131190 2100.9
1131200 2100.9
1131210 2101.1
1131220 2100.8
1131230 2100.8
1131240 2100.1
1131250 2099.8
1131260 2099.2
1131270 2099.2
1131280 2099.1
1131290 2098.4
1131300 2098.4
1131310 2097.9
1131320 2098.1
1131330 2098.1
1131340 2098.0
1131350 2097.1
1131360 2097.1
1131370 2096.7
1131380 2095.7
1131390 2095.7
1131400 2095.0
1131410 2093.3
1131420 2093.3
1131430 2091.3
1131440 2097.3
1131450 2097.3
1131460 2098.0
1131470 2098.2
1131480 2096.9
1131490 2096.9
1131500 2095.1
1131510 2092.9
1131520 2092.9
1131530 2090.6
1131540 2088.4
1131550 2088.4
1131560 2086.3
1131570 2084.6
1131580 2084.6
1131590 2083.5
1131600 2082.3
1131610 2082.3
1131620 2082.2
1131630 2082.3
1131640 2082.3
1131650 2082.1
1131660 2082.2
1131670 2082.2
1131680 2081.7
1131690 2081.6
1131700 2081.6
1131710 2080.1
1131720 2078.0
1131730 2077.3
1131740 2077.3
1131750 2076.2
1131760 2076.6
1131770 2076.6
1131780 2076.9
1131790 2077.0
1131800 2085.2
1131810 2084.8
1131820 2083.0
1131830 2083.0
1131840 2080.9
1131850 2080.2
1131860 2080.2
1131870 2078.2
1131880 2075.4
1131890 2075.4
1131900 2073.0
1131910 2070.5
1131920 2070.5
1131930 2068.4
1131940 2066.4
1131950 2063.5
1131960 2063.5
1131970 2058.8
1131980 2053.7
1131990 2053.7
1132000 2052.8
1132010 2052.1
1132020 2052.1
1132030 2052.3
1132040 2050.5
1132050 2050.5
1132060 2046.9
1132070 2044.8
1132080 2044.8
1132090 2044.1
1132100 2042.1
1132110 2042.1
1132120 2041.9
1132130 2040.6
1132140 2040.6
1132150 2037.9
1132160 2045.3
1132170 2043.9
1132180 2043.9
1132190 2039.4
1132200 2035.1
1132210 2035.1
1132220 2031.2
1132230 2027.8
1132240 2027.8
1132250 2024.7
1132260 2021.7
1132270 2021.7
1132280 2020.7
1132290 2019.3
1132300 2019.3
1132310 2017.0
1132320 2014.4
1132330 2014.4
1132340 2011.8
1132350 2009.5
1132360 2009.5
1132370 2007.1
1132380 2003.5
1132390 2000.2
1132400 2000.2
1132410 1996.9
1132420 1993.1
1132430 1993.1
1132440 1989.2
1132450 1985.2
1132460 1985.2
1132470 1981.0
1132480 1977.3
1132490 1977.3
1132500 1974.0
1132510 1970.3
1132520 1976.2
1132530 1972.4
1132540 1969.1
1132550 1969.1
1132560 1966.2
1132570 1962.7
1132580 1962.7
1132590 1959.0
1132600 1955.8
1132610 1952.2
1132620 1952.2
1132630 1949.3
1132640 1947.5
1132650 1947.5
1132660 1947.5
1132670 1946.4
1132680 1946.4
1132690 1944.7
1132700 1944.2
1132710 1944.2
1132720 1942.5
1132730 1939.0
1132740 1939.0
1132750 1934.8
1132760 1931.0
1132770 1931.0
1132780 1926.2
1132790 1921.4
1132800 1921.4
1132810 1917.2
1132820 1913.7
1132830 1910.9
1132840 1910.9
1132850 1908.3
1132860 1905.5
1132870 1905.5
1132880 1906.2
1132890 1904.5
1132900 1904.5
1132910 1902.5
1132920 1899.6
1132930 1899.6
1132940 1893.1
1132950 1885.6
1132960 1885.6
1132970 1876.4
1132980 1867.1
1132990 1867.1
1133000 1863.0
1133010 1862.2
1133020 1862.2
1133030 1861.7
1133040 1858.6
1133050 1858.6
1133060 1856.7
1133070 1857.4
1133080 1862.4
1133090 1862.4
1133100 1865.4
1133110 1865.6
1133120 1865.6
1133130 1865.3
1133140 1862.4
1133150 1862.4
1133160 1858.4
1133170 1855.7
1133180 1855.7
1133190 1853.9
1133200 1853.0
1133210 1853.0
1133220 1851.4
1133230 1855.7
1133240 1851.1
1133250 1853.4
1133260 1850.5
1133270 1850.5
1133280 1847.3
1133290 1845.9
1133300 1846.2
1133310 1846.2
1133320 1846.7
1133330 1848.8
1133340 1848.8
1133350 1854.5
1133360 1859.4
1133370 1859.4
1133380 1863.5
1133390 1859.8
1133400 1859.8
1133410 1852.6
1133420 1845.5
1133430 1845.5
1133440 1839.4
1133450 1833.2
1133460 1833.2
1133470 1828.1
1133480 1823.0
1133490 1823.0
1133500 1817.6
1133510 1810.4
1133520 1806.5
1133530 1806.5
1133540 1808.0
1133550 1812.4
1133560 1812.4
1133570 1814.7
1133580 1817.0
1133590 1817.0
1133600 1813.2
1133610 1813.0
1133620 1813.0
1133630 1813.3
1133640 1811.2
1133650 1811.2
1133660 1812.4
1133670 1816.8
1133680 1816.8
1133690 1821.2
1133700 1821.4
1133710 1821.4
1133720 1819.3
1133730 1817.8
1133740 1818.3
1133750 1818.3
1133760 1816.6
1133770 1811.6
1133780 1811.6
1133790 1806.5
1133800 1802.7
1133810 1802.7
1133820 1802.6
1133830 1802.4
1133840 1802.4
1133850 1800.8
1133860 1799.4
1133870 1799.4
1133880 1796.0
1133890 1789.6
1133900 1789.6
1133910 1782.6
1133920 1777.2
1133930 1777.2
1133940 1774.3
1133950 1772.5
1133960 1766.7
1133970 1766.7
1133980 1767.3
1133990 1767.5
1134000 1767.5
1134010 1766.4
1134020 1762.9
1134030 1762.9
1134040 1759.5
1134050 1759.9
1134060 1759.9
1134070 1759.3
1134080 1756.2
1134090 1756.2
1134100 1751.9
1134110 1747.2
1134120 1747.2
1134130 1742.1
1134140 1737.2
1134150 1737.2
1134160 1732.8
1134170 1729.3
1134180 1727.0
1134190 1727.0
1134200 1724.9
1134210 1721.5
1134220 1721.5
1134230 1717.6
1134240 1714.5
1134250 1714.5
1134260 1710.9
1134270 1707.0
1134280 1707.0
1134290 1703.6
1134300 1699.1
1134310 1699.1
1134320 1691.9
1134330 1679.3
1134340 1679.3
1134350 1673.0
1134360 1666.7
1134370 1666.7
1134380 1662.0
1134390 1660.2
1134400 1659.1
1134410 1659.1
1134420 1658.1
1134430 1657.3
1134440 1657.3
1134450 1656.5
1134460 1656.0
1134470 1656.0
1134480 1655.3
1134490 1654.6
1134500 1654.6
1134510 1654.7
1134520 1656.6
1134530 1656.6
1134540 1657.2
1134550 1657.9
1134560 1657.9
1134570 1658.7
1134580 1658.7
1134590 1658.7
1134600 1659.8
1134610 1663.6
1134620 1663.6
1134630 1670.5
1134640 1678.0
1134650 1686.0
1134660 1686.0
1134670 1694.1
1134680 1702.2
1134690 1704.7
1134700 1711.8
1134710 1715.1
1134720 1715.1
1134730 1717.6
1134740 1720.0
1134750 1720.0
1134760 1722.6
1134770 1725.3
1134780 1725.3
1134790 1728.1
1134800 1730.9
1134810 1730.9
1134820 1733.6
1134830 1736.3
1134840 1736.3
1134850 1739.0
1134860 1741.9
1134870 1744.9
1134880 1744.9
1134890 1747.9
1134900 1750.9
1134910 1750.9
1134920 1753.8
1134930 1756.8
1134940 1756.8
1134950 1759.7
1134960 1762.2
1134970 1762.2
1134980 1764.7
1134990 1767.7
1135000 1767.7
1135010 1770.8
1135020 1773.7
1135030 1773.7
1135040 1776.9
1135050 1775.2
1135060 1775.2
1135070 1778.6
1135080 1780.3
1135090 1785.6
1135100 1785.6
1135110 1791.7
1135120 1796.1
1135130 1796.1
1135140 1800.9
1135150 1807.2
1135160 1807.2
1135170 1814.5
1135180 1821.5
1135190 1821.5
1135200 1828.2
1135210 1834.3
1135220 1834.3
1135230 1840.0
1135240 1845.4
1135250 1845.4
1135260 1850.3
1135270 1854.3
1135280 1854.3
1135290 1858.7
1135300 1864.9
1135310 1869.7
1135320 1869.7
1135330 1873.1
1135340 1876.6
1135350 1876.6
1135360 1880.3
1135370 1885.6
1135380 1885.6
1135390 1890.4
1135400 1895.6
1135410 1895.6
1135420 1896.9
1135430 1902.6
1135440 1902.6
1135450 1908.0
1135460 1914.0
1135470 1914.0
1135480 1920.0
1135490 1924.9
1135500 1924.9
1135510 1928.4
1135520 1929.2
1135530 1930.7
1135540 1930.7
1135550 1933.5
1135560 1936.5
1135570 1936.5
1135580 1939.2
1135590 1942.2
1135600 1942.2
1135610 1946.3
1135620 1951.6
1135630 1951.6
1135640 1956.7
1135650 1960.4
1135660 1960.4
1135670 1965.2
1135680 1969.9
1135690 1969.9
1135700 1974.2
1135710 1978.7
1135720 1978.7
1135730 1983.4
1135740 1988.5
1135750 1994.3
1135760 1994.3
1135770 2001.7
1135780 2018.0
1135790 2018.0
1135800 2026.2
1135810 2032.3
1135820 2032.3
1135830 2037.9
1135840 2041.1
1135850 2041.1
1135860 2047.2
1135870 2052.0
1135880 2052.0
1135890 2054.1
1135900 2056.4
1135910 2056.4
1135920 2061.6
1135930 2066.4
1135940 2066.4
1135950 2069.4
1135960 2072.6
1135970 2075.5
1135980 2075.5
1135990 2078.1
1136000 2080.8
1136010 2080.8
1136020 2080.0
1136030 2082.0
1136040 2082.0
1136050 2089.7
1136060 2096.9
1136070 2096.9
1136080 2101.1
1136090 2103.9
1136100 2103.9
1136110 2108.5
1136120 2113.7
1136130 2113.7
1136140 2116.3
1136150 2122.1
1136160 2122.1
1136170 2127.6
1136180 2133.0
1136190 2133.0
1136200 2139.1
1136210 2145.5
1136220 2152.1
1136230 2152.1
1136240 2158.8
1136250 2166.0
1136260 2166.0
1136270 2172.6
1136280 2178.8
1136290 2178.8
1136300 2185.0
1136310 2191.3
1136320 2191.3
1136330 2197.8
1136340 2204.6
1136350 2204.6
1136360 2211.5
1136370 2218.3
1136380 2218.3
1136390 2225.4
1136400 2232.8
1136410 2232.8
1136420 2239.9
1136430 2247.0
1136440 2254.2
1136450 2254.2
1136460 2261.5
1136470 2268.8
1136480 2268.8
1136490 2276.4
1136500 2283.9
1136510 2284.7
1136520 2290.6
1136530 2293.3
1136540 2293.3
1136550 2296.1
1136560 2298.9
1136570 2298.9
1136580 2304.2
1136590 2310.7
1136600 2310.7
1136610 2317.3
1136620 2321.7
1136630 2321.7
1136640 2324.4
1136650 2325.7
1136660 2326.7
1136670 2326.7
1136680 2328.2
1136690 2330.3
1136700 2330.3
1136710 2333.3
1136720 2336.3
1136730 2336.3
1136740 2339.9
1136750 2343.9
1136760 2343.9
1136770 2348.6
1136780 2353.3
1136790 2353.3
1136800 2357.8
1136810 2362.4
1136820 2362.4
1136830 2365.8
1136840 2367.6
1136850 2367.6
1136860 2369.8
1136870 2375.7
1136880 2379.5
1136890 2379.5
1136900 2383.3
1136910 2387.2
1136920 2387.2
1136930 2391.6
1136940 2396.4
1136950 2396.4
1136960 2401.3
1136970 2406.3
1136980 2406.3
1136990 2411.7
1137000 2417.3
1137010 2417.3
1137020 2422.6
1137030 2427.6
1137040 2427.6
1137050 2432.3
1137060 2436.5
1137070 2436.5
1137080 2440.3
1137090 2443.1
1137100 2445.2
1137110 2445.2
1137120 2446.9
1137130 2448.7
1137140 2448.7
1137150 2451.9
1137160 2455.9
1137170 2455.9
1137180 2459.8
1137190 2463.6
1137200 2463.6
1137210 2467.9
1137220 2472.3
1137230 2472.3
1137240 2481.7
1137250 2486.4
1137260 2486.4
1137270 2491.5
1137280 2496.8
1137290 2496.8
1137300 2501.6
1137310 2505.9
1137320 2510.1
1137330 2510.1
1137340 2514.1
1137350 2517.4
1137360 2517.4
1137370 2525.7
1137380 2535.6
1137390 2535.6
1137400 2542.9
1137410 2549.1
1137420 2549.1
1137430 2556.8
1137440 2563.6
1137450 2563.6
1137460 2571.8
1137470 2581.0
1137480 2581.0
1137490 2590.9
1137500 2584.8
1137510 2584.8
1137520 2575.4
1137530 2559.9
1137540 2539.2
1137550 2539.2
1137560 2525.8
1137570 2516.9
1137580 2516.9
1137590 2508.6
1137600 2500.9
1137610 2500.9
1137620 2493.7
1137630 2486.6
1137640 2486.6
1137650 2480.5
1137660 2474.5
1137670 2474.5
1137680 2468.3
1137690 2462.3
1137700 2462.3
1137710 2456.4
1137720 2451.1
1137730 2451.1
1137740 2446.5
1137750 2442.0
1137760 2438.1
1137770 2438.1
1137780 2438.2
1137790 2438.5
1137800 2438.5
1137810 2437.3
1137820 2436.5
1137830 2436.5
1137840 2435.2
1137850 2430.9
1137860 2430.9
1137870 2426.5
1137880 2424.2
1137890 2424.2
1137900 2422.6
1137910 2421.9
1137920 2421.9
1137930 2422.0
1137940 2422.6
1137950 2422.6
1137960 2423.1
1137970 2424.0
1137980 2424.0
1137990 2424.4
1138000 2425.3
1138010 2426.9
1138020 2426.9
1138030 2428.3
1138040 2429.8
1138050 2429.8
1138060 2431.6
1138070 2432.9
1138080 2432.9
1138090 2432.8
1138100 2431.7
1138110 2431.7
1138120 2430.4
1138130 2428.6
1138140 2428.6
1138150 2426.7
1138160 2425.0
1138170 2425.0
1138180 2423.3
1138190 2422.9
1138200 2422.9
1138210 2423.7
1138220 2425.0
1138230 2426.6
1138240 2426.6
1138250 2428.3
1138260 2430.7
1138270 2430.7
1138280 2432.4
1138290 2433.1
1138300 2433.1
1138310 2433.4
1138320 2432.1
1138330 2435.1
1138340 2436.1
1138350 2438.7
1138360 2438.7
1138370 2439.8
1138380 2440.3
1138390 2440.3
1138400 2440.7
1138410 2441.3
1138420 2441.3
1138430 2441.9
1138440 2442.5
1138450 2443.6
1138460 2443.6
1138470 2444.5
1138480 2445.7
1138490 2445.7
1138500 2446.5
1138510 2446.6
1138520 2446.6
1138530 2446.3
1138540 2446.4
1138550 2446.4
1138560 2447.7
1138570 2449.7
1138580 2449.7
1138590 2453.5
1138600 2457.7
1138610 2457.7
1138620 2461.2
1138630 2464.8
1138640 2464.8
1138650 2468.9
1138660 2471.0
1138670 2473.1
1138680 2473.1
1138690 2475.9
1138700 2478.8
1138710 2478.8
1138720 2482.3
1138730 2485.4
1138740 2485.4
1138750 2488.4
1138760 2492.9
1138770 2492.9
1138780 2495.7
1138790 2497.9
1138800 2497.9
1138810 2500.8
1138820 2502.9
1138830 2502.9
1138840 2505.2
1138850 2507.1
1138860 2507.1
1138870 2509.5
1138880 2513.0
1138890 2517.6
1138900 2517.6
1138910 2523.6
1138920 2530.7
1138930 2530.7
1138940 2537.8
1138950 2544.5
1138960 2544.5
1138970 2551.0
1138980 2557.1
1138990 2557.1
1139000 2564.0
1139010 2570.2
1139020 2570.2
1139030 2571.0
1139040 2572.7
1139050 2572.7
1139060 2576.9
1139070 2581.5
1139080 2581.5
1139090 2585.9
1139100 2588.6
1139110 2590.3
1139120 2590.3
1139130 2591.5
1139140 2592.8
1139150 2592.8
1139160 2594.5
1139170 2595.2
1139180 2595.2
1139190 2598.1
1139200 2603.5
1139210 2603.5
1139220 2609.9
1139230 2616.4
1139240 2616.4
1139250 2622.9
1139260 2629.2
1139270 2629.2
1139280 2635.6
1139290 2641.0
1139300 2641.0
1139310 2641.1
1139320 2634.2
1139330 2624.9
1139340 2624.9
1139350 2615.9
1139360 2607.7
1139370 2607.7
1139380 2599.8
1139390 2592.3
1139400 2592.3
1139410 2585.0
1139420 2578.6
1139430 2576.7
1139440 2570.7
1139450 2564.6
1139460 2564.6
1139470 2559.0
1139480 2554.2
1139490 2554.2
1139500 2549.9
1139510 2545.8
1139520 2545.8
1139530 2541.3
1139540 2536.5
1139550 2536.5
1139560 2532.3
1139570 2528.5
1139580 2525.6
1139590 2525.6
1139600 2523.9
1139610 2521.8
1139620 2521.8
1139630 2517.0
1139640 2512.7
1139650 2512.7
1139660 2510.2
1139670 2509.5
1139680 2509.5
1139690 2510.2
1139700 2510.9
1139710 2510.9
1139720 2510.6
1139730 2510.5
1139740 2510.5
1139750 2510.4
1139760 2510.2
1139770 2510.2
1139780 2510.6
1139790 2508.1
1139800 2504.0
1139810 2504.0
1139820 2501.7
1139830 2498.7
1139840 2498.7
1139850 2495.9
1139860 2493.7
1139870 2493.7
1139880 2491.1
1139890 2488.1
1139900 2488.1
1139910 2484.8
1139920 2482.5
1139930 2482.5
1139940 2481.0
1139950 2479.2
1139960 2479.2
1139970 2478.3
1139980 2478.5
1139990 2478.5
