1120000 2267.3
1120010 2271.9
1120020 2271.9
1120030 2275.3
1120040 2278.8
1120050 2278.8
1120060 2282.0
1120070 2284.9
1120080 2284.9
1120090 2284.9
1120100 2283.5
1120110 2283.5
1120120 2281.4
1120130 2281.6
1120140 2281.6
1120150 2283.0
1120160 2285.6
1120170 2285.6
1120180 2285.9
1120190 2284.6
1120200 2284.6
1120210 2283.2
1120220 2282.8
1120230 2282.8
1120240 2282.8
1120250 2282.9
1120260 2283.1
1120270 2283.1
1120280 2283.3
1120290 2282.9
1120300 2282.9
1120310 2285.1
1120320 2290.3
1120330 2290.3
1120340 2295.1
1120350 2300.5
1120360 2300.5
1120370 2303.0
1120380 2302.5
1120390 2302.5
1120400 2299.7
1120410 2291.1
1120420 2291.1
1120430 2284.2
1120440 2279.9
1120450 2276.8
1120460 2276.8
1120470 2264.2
1120480 2262.0
1120490 2262.0
1120500 2261.3
1120510 2260.4
1120520 2260.4
1120530 2260.3
1120540 2259.4
1120550 2259.4
1120560 2258.7
1120570 2260.0
1120580 2260.0
1120590 2260.5
1120600 2260.8
1120610 2260.8
1120620 2261.2
1120630 2260.9
1120640 2260.9
1120650 2259.8
1120660 2259.0
1120670 2258.3
1120680 2258.3
1120690 2257.3
1120700 2256.7
1120710 2256.7
1120720 2255.3
1120730 2252.8
1120740 2252.8
1120750 2252.0
1120760 2251.0
1120770 2251.0
1120780 2252.1
1120790 2255.1
1120800 2255.1
1120810 2258.2
1120820 2254.9
1120830 2254.9
1120840 2257.0
1120850 2259.5
1120860 2259.5
1120870 2261.2
1120880 2263.3
1120890 2264.8
1120900 2264.8
1120910 2265.8
1120920 2265.7
1120930 2265.7
1120940 2268.4
1120950 2269.6
1120960 2269.6
1120970 2269.2
1120980 2269.2
1120990 2269.2
1121000 2270.0
1121010 2275.6
1121020 2275.6
1121030 2282.4
1121040 2286.3
1121050 2286.3
1121060 2289.8
1121070 2292.1
1121080 2292.1
1121090 2295.4
1121100 2302.4
1121110 2302.4
1121120 2309.1
1121130 2314.5
1121140 2317.4
1121150 2317.4
1121160 2322.5
1121170 2324.1
1121180 2324.1
1121190 2327.4
1121200 2330.5
1121210 2330.5
1121220 2331.7
1121230 2318.2
1121240 2318.2
1121250 2303.7
1121260 2295.8
1121270 2295.8
1121280 2290.2
1121290 2285.5
1121300 2285.5
1121310 2282.0
1121320 2279.3
1121330 2279.3
1121340 2277.3
1121350 2275.5
1121360 2273.1
1121370 2273.1
1121380 2271.0
1121390 2267.5
1121400 2267.5
1121410 2263.4
1121420 2259.6
1121430 2259.6
1121440 2256.3
1121450 2253.8
1121460 2253.8
1121470 2251.8
1121480 2250.6
1121490 2250.6
1121500 2248.4
1121510 2244.9
1121520 2245.1
1121530 2242.5
1121540 2239.1
1121550 2239.1
1121560 2234.2
1121570 2230.3
1121580 2225.5
1121590 2225.5
1121600 2221.7
1121610 2219.9
1121620 2219.9
1121630 2220.4
1121640 2220.8
1121650 2220.8
1121660 2219.8
1121670 2217.2
1121680 2217.2
1121690 2212.3
1121700 2209.7
1121710 2209.7
1121720 2209.7
1121730 2210.3
1121740 2210.3
1121750 2211.8
1121760 2213.8
1121770 2213.8
1121780 2216.3
1121790 2219.7
1121800 2229.0
1121810 2229.0
1121820 2238.0
1121830 2244.8
1121840 2244.8
1121850 2246.9
1121860 2251.8
1121870 2246.6
1121880 2250.2
1121890 2252.7
1121900 2252.7
1121910 2255.9
1121920 2258.6
1121930 2258.6
1121940 2260.5
1121950 2262.3
1121960 2262.3
1121970 2260.9
1121980 2259.0
1121990 2259.0
1122000 2259.1
1122010 2259.0
1122020 2260.1
1122030 2260.1
1122040 2261.9
1122050 2262.7
1122060 2262.7
1122070 2263.3
1122080 2263.5
1122090 2263.5
1122100 2264.8
1122110 2265.8
1122120 2265.8
1122130 2267.2
1122140 2268.2
1122150 2268.2
1122160 2268.2
1122170 2268.1
1122180 2268.1
1122190 2268.2
1122200 2269.7
1122210 2269.7
1122220 2264.8
1122230 2265.4
1122240 2265.4
1122250 2265.6
1122260 2266.2
1122270 2266.3
1122280 2266.3
1122290 2266.4
1122300 2265.6
1122310 2265.6
1122320 2266.0
1122330 2267.1
1122340 2267.1
1122350 2267.1
1122360 2267.0
1122370 2267.0
1122380 2269.3
1122390 2270.1
1122400 2270.1
1122410 2268.7
1122420 2266.5
1122430 2266.5
1122440 2267.6
1122450 2267.7
1122460 2267.7
1122470 2266.8
1122480 2265.8
1122490 2266.3
1122500 2266.3
1122510 2266.6
1122520 2266.3
1122530 2266.3
1122540 2264.5
1122550 2266.1
1122560 2266.1
1122570 2261.7
1122580 2258.2
1122590 2258.2
1122600 2257.6
1122610 2258.7
1122620 2258.7
1122630 2260.4
1122640 2263.9
1122650 2263.9
1122660 2267.4
1122670 2271.3
1122680 2271.3
1122690 2274.4
1122700 2276.4
1122710 2276.3
1122720 2276.3
1122730 2273.6
1122740 2271.9
1122750 2271.9
1122760 2269.2
1122770 2264.7
1122780 2264.7
1122790 2260.1
1122800 2257.8
1122810 2257.8
1122820 2256.7
1122830 2255.9
1122840 2255.9
1122850 2253.9
1122860 2251.1
1122870 2251.1
1122880 2249.8
1122890 2247.9
1122900 2247.9
1122910 2245.9
1122920 2241.9
1122930 2240.3
1122940 2240.3
1122950 2239.6
1122960 2236.8
1122970 2236.8
1122980 2233.7
1122990 2232.4
1123000 2232.4
1123010 2229.3
1123020 2227.4
1123030 2227.4
1123040 2225.3
1123050 2222.9
1123060 2222.9
1123070 2219.9
1123080 2219.3
1123090 2219.3
1123100 2219.6
1123110 2216.5
1123120 2216.5
1123130 2216.5
1123140 2216.7
1123150 2215.5
1123160 2215.5
1123170 2213.5
1123180 2210.7
1123190 2210.7
1123200 2207.3
1123210 2204.7
1123220 2204.7
1123230 2202.5
1123240 2201.4
1123250 2201.4
1123260 2200.0
1123270 2193.1
1123280 2193.1
1123290 2192.6
1123300 2191.4
1123310 2191.4
1123320 2192.0
1123330 2192.9
1123340 2192.9
1123350 2192.0
1123360 2191.0
1123370 2191.7
1123380 2191.7
1123390 2194.2
1123400 2196.4
1123410 2196.4
1123420 2199.2
1123430 2202.3
1123440 2202.3
1123450 2205.9
1123460 2208.6
1123470 2208.6
1123480 2212.7
1123490 2217.7
1123500 2217.7
1123510 2221.7
1123520 2226.4
1123530 2226.4
1123540 2230.7
1123550 2235.6
1123560 2235.6
1123570 2241.4
1123580 2248.0
1123590 2248.0
1123600 2252.5
1123610 2255.5
1123620 2255.4
1123630 2255.4
1123640 2261.3
1123650 2266.1
1123660 2266.1
1123670 2269.1
1123680 2271.5
1123690 2271.5
1123700 2270.4
1123710 2264.4
1123720 2264.4
1123730 2260.7
1123740 2260.2
1123750 2260.2
1123760 2260.7
1123770 2260.5
1123780 2260.5
1123790 2257.9
1123800 2253.8
1123810 2253.8
1123820 2252.6
1123830 2249.3
1123840 2246.7
1123850 2246.7
1123860 2245.6
1123870 2245.4
1123880 2245.4
1123890 2246.1
1123900 2246.3
1123910 2246.3
1123920 2246.1
1123930 2244.4
1123940 2244.4
1123950 2243.9
1123960 2244.0
1123970 2240.2
1123980 2241.0
1123990 2242.3
1124000 2242.3
1124010 2242.7
1124020 2243.4
1124030 2243.4
1124040 2245.7
1124050 2249.0
1124060 2251.2
1124070 2251.2
1124080 2252.8
1124090 2254.3
1124100 2254.3
1124110 2254.5
1124120 2256.0
1124130 2256.0
1124140 2258.4
1124150 2261.9
1124160 2261.9
1124170 2266.0
1124180 2271.4
1124190 2271.4
1124200 2277.8
1124210 2285.8
1124220 2285.8
1124230 2293.4
1124240 2300.5
1124250 2300.5
1124260 2307.0
1124270 2316.7
1124280 2329.2
1124290 2329.2
1124300 2356.1
1124310 2376.0
1124320 2370.9
1124330 2383.1
1124340 2393.9
1124350 2393.9
1124360 2406.9
1124370 2421.4
1124380 2421.4
1124390 2441.4
1124400 2470.5
1124410 2470.5
1124420 2482.5
1124430 2486.3
1124440 2486.3
1124450 2479.3
1124460 2473.5
1124470 2473.5
1124480 2470.5
1124490 2467.5
1124500 2460.7
1124510 2460.7
1124520 2444.4
1124530 2421.0
1124540 2421.0
1124550 2401.1
1124560 2388.9
1124570 2388.9
1124580 2388.2
1124590 2381.7
1124600 2381.7
1124610 2377.4
1124620 2372.7
1124630 2372.7
1124640 2369.8
1124650 2366.2
1124660 2366.2
1124670 2362.0
1124680 2353.7
1124690 2353.7
1124700 2350.2
1124710 2347.8
1124720 2346.5
1124730 2346.5
1124740 2343.8
1124750 2340.9
1124760 2340.9
1124770 2339.3
1124780 2336.8
1124790 2336.8
1124800 2332.5
1124810 2328.9
1124820 2328.9
1124830 2327.3
1124840 2327.7
1124850 2327.7
1124860 2326.6
1124870 2324.4
1124880 2324.4
1124890 2321.2
1124900 2317.7
1124910 2317.7
1124920 2314.6
1124930 2312.8
1124940 2312.8
1124950 2313.9
1124960 2310.6
1124970 2307.6
1124980 2307.6
1124990 2307.1
1125000 2307.1
1125010 2307.1
1125020 2307.9
1125030 2304.4
1125040 2304.4
1125050 2304.0
1125060 2305.1
1125070 2305.1
1125080 2305.9
1125090 2305.9
1125100 2305.9
1125110 2306.4
1125120 2308.4
1125130 2308.4
1125140 2310.5
1125150 2313.2
1125160 2313.2
1125170 2315.7
1125180 2320.4
1125190 2326.3
1125200 2326.3
1125210 2333.0
1125220 2342.5
1125230 2342.5
1125240 2352.3
1125250 2360.3
1125260 2360.3
1125270 2375.6
1125280 2393.2
1125290 2393.2
1125300 2396.2
1125310 2391.2
1125320 2391.2
1125330 2387.4
1125340 2386.4
1125350 2386.4
1125360 2388.2
1125370 2391.4
1125380 2388.9
1125390 2393.4
1125400 2398.8
1125410 2402.5
1125420 2402.5
1125430 2403.6
1125440 2401.5
1125450 2401.5
1125460 2396.9
1125470 2391.5
1125480 2391.5
1125490 2386.9
1125500 2382.2
1125510 2382.2
1125520 2377.8
1125530 2375.5
1125540 2375.5
1125550 2375.3
1125560 2375.1
1125570 2375.1
1125580 2376.5
1125590 2378.7
1125600 2378.7
1125610 2378.8
1125620 2381.4
1125630 2381.7
1125640 2381.7
1125650 2381.3
1125660 2381.3
1125670 2381.3
1125680 2382.3
1125690 2383.0
1125700 2383.0
1125710 2380.7
1125720 2377.1
1125730 2372.7
1125740 2369.5
1125750 2366.1
1125760 2366.1
1125770 2363.4
1125780 2361.9
1125790 2361.9
1125800 2361.1
1125810 2359.9
1125820 2359.9
1125830 2358.5
1125840 2358.9
1125850 2359.9
1125860 2359.9
1125870 2360.2
1125880 2359.2
1125890 2359.2
1125900 2356.7
1125910 2352.3
1125920 2352.3
1125930 2344.1
1125940 2336.7
1125950 2336.7
1125960 2329.2
1125970 2323.9
1125980 2323.9
1125990 2320.4
1126000 2317.5
1126010 2317.5
1126020 2315.6
1126030 2314.8
1126040 2314.8
1126050 2314.8
1126060 2314.3
1126070 2313.0
1126080 2313.0
1126090 2309.1
1126100 2305.8
1126110 2305.8
1126120 2303.6
1126130 2304.0
1126140 2304.0
1126150 2305.0
1126160 2305.8
1126170 2305.8
1126180 2305.9
1126190 2307.7
1126200 2307.7
1126210 2310.0
1126220 2311.8
1126230 2311.8
1126240 2314.9
1126250 2320.2
1126260 2320.2
1126270 2325.1
1126280 2328.9
1126290 2328.9
1126300 2332.6
1126310 2337.8
1126320 2344.4
1126330 2344.4
1126340 2351.7
1126350 2363.2
1126360 2363.2
1126370 2379.5
1126380 2389.4
1126390 2389.4
1126400 2393.8
1126410 2397.8
1126420 2397.8
1126430 2400.5
1126440 2401.8
1126450 2401.8
1126460 2407.0
1126470 2411.4
1126480 2411.4
1126490 2414.9
1126500 2419.6
1126510 2419.6
1126520 2428.3
1126530 2439.1
1126540 2448.4
1126550 2448.4
1126560 2453.9
1126570 2461.0
1126580 2461.0
1126590 2467.8
1126600 2473.7
1126610 2473.7
1126620 2480.3
1126630 2485.6
1126640 2485.6
1126650 2492.7
1126660 2500.7
1126670 2500.7
1126680 2507.0
1126690 2511.7
1126700 2511.7
1126710 2515.4
1126720 2515.9
1126730 2515.9
1126740 2510.4
1126750 2510.7
1126760 2518.5
1126770 2518.5
1126780 2527.2
1126790 2531.8
1126800 2523.4
1126810 2518.4
1126820 2507.9
1126830 2507.9
1126840 2499.5
1126850 2493.4
1126860 2493.4
1126870 2489.8
1126880 2492.1
1126890 2492.1
1126900 2498.0
1126910 2505.7
1126920 2505.7
1126930 2505.4
1126940 2503.7
1126950 2503.7
1126960 2512.9
1126970 2514.7
1126980 2509.4
1126990 2509.4
1127000 2503.8
1127010 2496.3
1127020 2496.3
1127030 2487.3
1127040 2479.0
1127050 2479.0
1127060 2478.9
1127070 2485.3
1127080 2485.3
1127090 2486.0
1127100 2484.4
1127110 2484.4
1127120 2489.1
1127130 2498.7
1127140 2498.7
1127150 2483.1
1127160 2477.3
1127170 2477.3
1127180 2478.2
1127190 2484.1
1127200 2489.5
1127210 2489.5
1127220 2495.5
1127230 2501.5
1127240 2501.5
1127250 2511.9
1127260 2522.5
1127270 2522.5
1127280 2522.2
1127290 2505.3
1127300 2505.3
1127310 2496.4
1127320 2494.3
1127330 2494.3
1127340 2492.7
1127350 2489.0
1127360 2489.0
1127370 2488.8
1127380 2492.0
1127390 2492.0
1127400 2492.7
1127410 2490.6
1127420 2486.6
1127430 2486.6
1127440 2482.8
1127450 2477.1
1127460 2477.1
1127470 2473.3
1127480 2470.9
1127490 2470.9
1127500 2469.0
1127510 2458.7
1127520 2458.7
1127530 2457.9
1127540 2458.8
1127550 2458.8
1127560 2457.3
1127570 2456.2
1127580 2456.2
1127590 2460.8
1127600 2462.3
1127610 2462.3
1127620 2462.2
1127630 2461.2
1127640 2461.2
1127650 2458.0
1127660 2456.1
1127670 2453.9
1127680 2453.9
1127690 2451.6
1127700 2446.3
1127710 2446.3
1127720 2440.6
1127730 2437.8
1127740 2437.8
1127750 2437.7
1127760 2436.9
1127770 2436.9
1127780 2436.2
1127790 2434.6
1127800 2434.6
1127810 2437.2
1127820 2439.8
1127830 2439.8
1127840 2442.4
1127850 2444.9
1127860 2437.1
1127870 2438.8
1127880 2441.5
1127890 2443.8
1127900 2443.8
1127910 2448.0
1127920 2449.7
1127930 2449.7
1127940 2451.8
1127950 2454.5
1127960 2454.5
1127970 2456.8
1127980 2457.1
1127990 2457.1
1128000 2459.8
1128010 2463.0
1128020 2463.0
1128030 2464.0
1128040 2464.1
1128050 2464.1
1128060 2464.3
1128070 2463.8
1128080 2463.8
1128090 2462.9
1128100 2461.5
1128110 2459.2
1128120 2459.2
1128130 2456.6
1128140 2454.2
1128150 2454.2
1128160 2451.6
1128170 2449.1
1128180 2449.1
1128190 2447.5
1128200 2445.6
1128210 2445.6
1128220 2436.9
1128230 2435.2
1128240 2435.2
1128250 2433.8
1128260 2432.3
1128270 2432.3
1128280 2430.3
1128290 2428.1
1128300 2428.1
1128310 2425.9
1128320 2423.2
1128330 2420.3
1128340 2420.3
1128350 2417.6
1128360 2414.3
1128370 2414.3
1128380 2411.3
1128390 2407.9
1128400 2407.9
1128410 2404.6
1128420 2401.0
1128430 2401.0
1128440 2397.5
1128450 2394.2
1128460 2394.2
1128470 2390.6
1128480 2386.7
1128490 2386.7
1128500 2383.3
1128510 2380.7
1128520 2380.7
1128530 2376.6
1128540 2372.9
1128550 2369.4
1128560 2369.4
1128570 2360.5
1128580 2356.2
1128590 2356.2
1128600 2351.5
1128610 2346.5
1128620 2346.5
1128630 2341.3
1128640 2336.1
1128650 2336.1
1128660 2331.0
1128670 2325.9
1128680 2325.9
1128690 2320.7
1128700 2315.6
1128710 2315.6
1128720 2310.5
1128730 2305.3
1128740 2305.3
1128750 2300.2
1128760 2295.3
1128770 2290.8
1128780 2290.8
1128790 2286.6
1128800 2281.9
1128810 2281.9
1128820 2277.0
1128830 2272.4
1128840 2272.4
1128850 2268.0
1128860 2263.8
1128870 2263.8
1128880 2259.4
1128890 2254.6
1128900 2254.6
1128910 2249.8
1128920 2245.2
1128930 2243.5
1128940 2239.0
1128950 2234.4
1128960 2234.4
1128970 2229.6
1128980 2224.5
1128990 2219.7
1129000 2219.7
1129010 2215.3
1129020 2211.1
1129030 2211.1
1129040 2206.8
1129050 2202.6
1129060 2202.6
1129070 2198.4
1129080 2194.2
1129090 2194.2
1129100 2190.2
1129110 2186.7
1129120 2186.7
1129130 2183.7
1129140 2180.9
1129150 2180.9
1129160 2177.8
1129170 2174.9
1129180 2174.9
1129190 2172.5
1129200 2170.2
1129210 2170.2
1129220 2167.6
1129230 2165.4
1129240 2163.4
1129250 2163.4
1129260 2161.4
1129270 2159.4
1129280 2159.4
1129290 2156.6
1129300 2154.5
1129310 2154.5
1129320 2152.3
1129330 2150.1
1129340 2150.1
1129350 2148.4
1129360 2147.0
1129370 2147.0
1129380 2145.3
1129390 2144.5
1129400 2144.5
1129410 2144.7
1129420 2145.0
1129430 2145.0
1129440 2145.3
1129450 2145.1
1129460 2145.1
1129470 2145.1
1129480 2145.2
1129490 2143.3
1129500 2143.3
1129510 2140.8
1129520 2138.8
1129530 2138.8
1129540 2136.7
1129550 2135.8
1129560 2135.8
1129570 2135.2
1129580 2134.4
1129590 2134.4
1129600 2132.6
1129610 2130.0
1129620 2130.0
1129630 2127.2
1129640 2117.1
1129650 2117.1
1129660 2114.3
1129670 2112.0
1129680 2109.3
1129690 2109.3
1129700 2106.1
1129710 2102.6
1129720 2102.6
1129730 2100.2
1129740 2099.1
1129750 2099.1
1129760 2096.4
1129770 2094.1
1129780 2094.1
1129790 2091.9
1129800 2090.0
1129810 2090.0
1129820 2088.5
1129830 2086.4
1129840 2086.4
1129850 2083.9
1129860 2081.6
1129870 2081.6
1129880 2079.9
1129890 2078.7
1129900 2077.5
1129910 2077.5
1129920 2076.3
1129930 2075.2
1129940 2075.2
1129950 2073.9
1129960 2073.1
1129970 2073.1
1129980 2072.4
1129990 2071.8
1130000 2070.1
1130010 2068.4
1130020 2066.8
1130030 2066.8
1130040 2065.3
1130050 2063.7
1130060 2063.7
1130070 2062.4
1130080 2061.2
1130090 2061.2
1130100 2060.3
1130110 2059.6
1130120 2058.8
1130130 2058.8
1130140 2057.8
1130150 2056.6
1130160 2056.6
1130170 2055.6
1130180 2055.1
1130190 2055.1
1130200 2054.3
1130210 2053.4
1130220 2053.4
1130230 2052.5
1130240 2052.1
1130250 2052.1
1130260 2051.4
1130270 2050.1
1130280 2050.1
1130290 2049.1
1130300 2048.3
1130310 2048.3
1130320 2048.0
1130330 2047.0
1130340 2045.8
1130350 2045.8
1130360 2044.2
1130370 2043.3
1130380 2043.3
1130390 2042.4
1130400 2042.0
1130410 2042.0
1130420 2041.4
1130430 2040.9
1130440 2040.9
1130450 2040.1
1130460 2039.7
1130470 2039.7
1130480 2039.5
1130490 2038.9
1130500 2038.9
1130510 2038.5
1130520 2038.1
1130530 2038.1
1130540 2037.5
1130550 2037.3
1130560 2037.3
1130570 2036.9
1130580 2036.6
1130590 2036.3
1130600 2036.3
1130610 2035.8
1130620 2035.3
1130630 2035.3
1130640 2035.0
1130650 2034.6
1130660 2034.6
1130670 2034.3
1130680 2034.1
1130690 2034.1
1130700 2034.0
1130710 2034.4
1130720 2037.2
1130730 2036.7
1130740 2036.5
1130750 2036.5
1130760 2036.5
1130770 2035.3
1130780 2035.3
1130790 2033.9
1130800 2033.7
1130810 2032.9
1130820 2032.9
1130830 2032.0
1130840 2030.3
1130850 2030.3
1130860 2028.1
1130870 2026.4
1130880 2026.4
1130890 2025.9
1130900 2025.2
1130910 2025.2
1130920 2023.0
1130930 2021.6
1130940 2021.6
1130950 2020.3
1130960 2019.6
1130970 2019.6
1130980 2019.0
1130990 2018.8
1131000 2018.8
1131010 2018.4
1131020 2018.0
1131030 2017.9
1131040 2017.9
1131050 2017.9
1131060 2017.7
1131070 2017.7
1131080 2015.9
1131090 2015.6
1131100 2015.6
1131110 2015.4
1131120 2015.4
1131130 2015.4
1131140 2015.7
1131150 2014.9
1131160 2014.9
1131170 2013.6
1131180 2012.9
1131190 2012.9
1131200 2012.3
1131210 2011.8
1131220 2011.8
1131230 2011.3
1131240 2011.0
1131250 2010.7
1131260 2010.7
1131270 2010.4
1131280 2010.0
1131290 2010.0
1131300 2009.7
1131310 2009.7
1131320 2009.7
1131330 2009.6
1131340 2009.6
1131350 2009.6
1131360 2009.3
1131370 2008.4
1131380 2008.4
1131390 2007.5
1131400 2006.4
1131410 2006.4
1131420 2004.9
1131430 2003.7
1131440 2003.8
1131450 2003.0
1131460 2002.3
1131470 2001.4
1131480 2001.4
1131490 2000.2
1131500 1998.9
1131510 1998.9
1131520 1997.4
1131530 1995.6
1131540 1995.6
1131550 1993.7
1131560 1991.9
1131570 1991.9
1131580 1990.0
1131590 1987.3
1131600 1987.3
1131610 1984.9
1131620 1982.9
1131630 1982.9
1131640 1980.2
1131650 1978.0
1131660 1978.0
1131670 1976.3
1131680 1974.1
1131690 1971.6
1131700 1971.6
1131710 1968.3
1131720 1964.6
1131730 1964.6
1131740 1962.4
1131750 1960.6
1131760 1960.6
1131770 1959.7
1131780 1959.9
1131790 1966.5
1131800 1965.3
1131810 1962.2
1131820 1962.2
1131830 1959.2
1131840 1957.7
1131850 1957.7
1131860 1957.7
1131870 1958.9
1131880 1958.9
1131890 1960.2
1131900 1960.0
1131910 1960.0
1131920 1960.4
1131930 1960.7
1131940 1960.1
1131950 1960.1
1131960 1958.0
1131970 1955.7
1131980 1955.7
1131990 1954.1
1132000 1952.7
1132010 1952.7
1132020 1951.7
1132030 1950.9
1132040 1950.9
1132050 1949.4
1132060 1948.5
1132070 1948.5
1132080 1948.2
1132090 1947.2
1132100 1947.2
1132110 1946.0
1132120 1945.1
1132130 1945.1
1132140 1944.1
1132150 1944.5
1132160 1943.3
1132170 1943.3
1132180 1942.5
1132190 1941.7
1132200 1941.7
1132210 1941.2
1132220 1940.2
1132230 1940.2
1132240 1939.0
1132250 1938.0
1132260 1938.0
1132270 1935.7
1132280 1934.2
1132290 1934.2
1132300 1933.4
1132310 1932.4
1132320 1932.4
1132330 1930.6
1132340 1929.0
1132350 1929.0
1132360 1927.6
1132370 1926.5
1132380 1925.4
1132390 1925.4
1132400 1924.7
1132410 1924.3
1132420 1924.3
1132430 1924.0
1132440 1923.4
1132450 1923.4
1132460 1922.4
1132470 1921.4
1132480 1921.4
1132490 1921.0
1132500 1921.7
1132510 1920.4
1132520 1919.8
1132530 1919.8
1132540 1919.8
1132550 1919.5
1132560 1920.5
1132570 1920.5
1132580 1921.0
1132590 1920.7
1132600 1920.0
1132610 1920.0
1132620 1920.8
1132630 1922.2
1132640 1922.2
1132650 1922.8
1132660 1923.3
1132670 1923.3
1132680 1924.5
1132690 1925.6
1132700 1925.6
1132710 1925.8
1132720 1925.9
1132730 1925.9
1132740 1925.8
1132750 1925.1
1132760 1925.1
1132770 1924.2
1132780 1923.1
1132790 1923.1
1132800 1922.8
1132810 1921.9
1132820 1921.2
1132830 1921.2
1132840 1921.8
1132850 1922.6
1132860 1922.6
1132870 1922.4
1132880 1918.8
1132890 1918.8
1132900 1918.9
1132910 1919.5
1132920 1919.5
1132930 1921.1
1132940 1922.3
1132950 1922.3
1132960 1923.9
1132970 1926.0
1132980 1926.0
1132990 1927.5
1133000 1929.2
1133010 1929.2
1133020 1929.7
1133030 1930.4
1133040 1931.5
1133050 1931.5
1133060 1931.9
1133070 1933.8
1133080 1933.8
1133090 1937.6
1133100 1941.6
1133110 1941.6
1133120 1944.0
1133130 1944.9
1133140 1944.9
1133150 1942.6
1133160 1939.7
1133170 1939.7
1133180 1938.7
1133190 1939.9
1133200 1939.9
1133210 1942.9
1133220 1946.4
1133230 1946.4
1133240 1943.4
1133250 1938.2
1133260 1931.1
1133270 1931.1
1133280 1926.6
1133290 1920.9
1133300 1920.9
1133310 1913.9
1133320 1907.7
1133330 1907.7
1133340 1903.5
1133350 1902.0
1133360 1902.0
1133370 1901.5
1133380 1901.6
1133390 1901.6
1133400 1903.4
1133410 1903.0
1133420 1903.0
1133430 1902.5
1133440 1902.4
1133450 1902.4
1133460 1902.3
1133470 1902.1
1133480 1902.1
1133490 1901.4
1133500 1901.9
1133510 1901.6
1133520 1901.6
1133530 1901.1
1133540 1900.8
1133550 1900.8
1133560 1900.6
1133570 1900.6
1133580 1900.6
1133590 1901.0
1133600 1895.2
1133610 1895.2
1133620 1893.7
1133630 1893.1
1133640 1893.1
1133650 1892.2
1133660 1890.8
1133670 1890.8
1133680 1890.3
1133690 1891.6
1133700 1891.6
1133710 1896.0
1133720 1893.8
1133730 1886.8
1133740 1886.8
1133750 1882.9
1133760 1881.9
1133770 1881.9
1133780 1880.6
1133790 1878.4
1133800 1878.4
1133810 1878.1
1133820 1877.9
1133830 1877.9
1133840 1877.6
1133850 1875.2
1133860 1875.2
1133870 1872.6
1133880 1871.1
1133890 1871.1
1133900 1871.2
1133910 1872.0
1133920 1872.0
1133930 1870.1
1133940 1868.4
1133950 1866.1
1133960 1858.3
1133970 1856.2
1133980 1853.8
1133990 1853.8
1134000 1851.8
1134010 1849.8
1134020 1849.8
1134030 1848.8
1134040 1847.3
1134050 1847.3
1134060 1846.8
1134070 1845.2
1134080 1845.2
1134090 1841.4
1134100 1837.0
1134110 1837.0
1134120 1832.3
1134130 1828.4
1134140 1828.4
1134150 1824.8
1134160 1821.3
1134170 1818.0
1134180 1818.0
1134190 1814.7
1134200 1810.9
1134210 1810.9
1134220 1805.6
1134230 1800.5
1134240 1800.5
1134250 1783.6
1134260 1771.3
1134270 1771.3
1134280 1764.1
1134290 1757.8
1134300 1757.8
1134310 1750.2
1134320 1741.5
1134330 1741.5
1134340 1735.1
1134350 1727.4
1134360 1727.4
1134370 1718.5
1134380 1696.2
1134390 1689.3
1134400 1689.3
1134410 1683.4
1134420 1678.4
1134430 1678.4
1134440 1674.1
1134450 1670.0
1134460 1670.0
1134470 1666.1
1134480 1660.8
1134490 1660.8
1134500 1655.9
1134510 1653.9
1134520 1653.9
1134530 1653.4
1134540 1652.0
1134550 1652.0
1134560 1650.0
1134570 1649.2
1134580 1649.2
1134590 1647.8
1134600 1647.1
1134610 1647.9
1134620 1647.9
1134630 1651.7
1134640 1654.1
1134650 1654.1
1134660 1657.1
1134670 1662.5
1134680 1667.3
1134690 1673.8
1134700 1680.5
1134710 1680.5
1134720 1682.3
1134730 1682.0
1134740 1682.0
1134750 1687.5
1134760 1695.6
1134770 1695.6
1134780 1701.0
1134790 1701.9
1134800 1701.9
1134810 1706.1
1134820 1714.1
1134830 1714.1
1134840 1721.8
1134850 1729.1
1134860 1736.1
1134870 1736.1
1134880 1742.9
1134890 1749.4
1134900 1749.4
1134910 1752.5
1134920 1754.2
1134930 1754.2
1134940 1757.4
1134950 1760.7
1134960 1760.7
1134970 1764.2
1134980 1769.8
1134990 1769.8
1135000 1776.5
1135010 1782.9
1135020 1782.9
1135030 1789.2
1135040 1793.4
1135050 1796.3
1135060 1802.1
1135070 1806.5
1135080 1810.5
1135090 1810.5
1135100 1814.1
1135110 1819.1
1135120 1819.1
1135130 1826.0
1135140 1836.1
1135150 1836.1
1135160 1845.5
1135170 1852.5
1135180 1852.5
1135190 1860.6
1135200 1868.1
1135210 1868.1
1135220 1873.9
1135230 1880.6
1135240 1880.6
1135250 1889.2
1135260 1897.7
1135270 1897.7
1135280 1903.3
1135290 1908.0
1135300 1913.2
1135310 1913.2
1135320 1916.9
1135330 1919.9
1135340 1919.9
1135350 1925.9
1135360 1931.4
1135370 1931.4
1135380 1936.7
1135390 1940.9
1135400 1940.9
1135410 1940.2
1135420 1945.0
1135430 1945.0
1135440 1949.7
1135450 1955.5
1135460 1955.5
1135470 1961.3
1135480 1967.1
1135490 1967.1
1135500 1973.7
1135510 1982.3
1135520 1990.6
1135530 1990.6
1135540 1998.1
1135550 2004.5
1135560 2004.5
1135570 2008.7
1135580 2013.5
1135590 2013.5
1135600 2018.3
1135610 2021.3
1135620 2021.3
1135630 2030.3
1135640 2042.1
1135650 2042.1
1135660 2051.9
1135670 2059.9
1135680 2059.9
1135690 2065.9
1135700 2068.7
1135710 2068.7
1135720 2070.7
1135730 2075.5
1135740 2082.2
1135750 2082.2
1135760 2089.5
1135770 2091.2
1135780 2091.2
1135790 2095.0
1135800 2099.6
1135810 2099.6
1135820 2105.6
1135830 2112.3
1135840 2112.3
1135850 2117.7
1135860 2122.5
1135870 2122.5
1135880 2127.2
1135890 2131.4
1135900 2131.4
1135910 2134.9
1135920 2136.2
1135930 2136.2
1135940 2136.1
1135950 2136.2
1135960 2137.9
1135970 2137.9
1135980 2139.5
1135990 2140.4
1136000 2140.4
1136010 2142.0
1136020 2145.7
1136030 2145.7
1136040 2151.1
1136050 2156.1
1136060 2156.1
1136070 2162.1
1136080 2172.2
1136090 2172.2
1136100 2184.4
1136110 2192.8
1136120 2192.8
1136130 2196.0
1136140 2187.4
1136150 2187.4
1136160 2192.0
1136170 2198.6
1136180 2203.8
1136190 2203.8
1136200 2209.9
1136210 2216.8
1136220 2216.8
1136230 2223.0
1136240 2228.7
1136250 2228.7
1136260 2233.1
1136270 2236.4
1136280 2236.4
1136290 2241.0
1136300 2248.3
1136310 2248.3
1136320 2254.3
1136330 2256.6
1136340 2256.6
1136350 2258.6
1136360 2261.9
1136370 2261.9
1136380 2265.3
1136390 2268.2
1136400 2268.2
1136410 2271.0
1136420 2275.6
1136430 2282.1
1136440 2282.1
1136450 2288.3
1136460 2291.8
1136470 2291.8
1136480 2292.6
1136490 2294.5
1136500 2289.4
1136510 2292.4
1136520 2295.4
1136530 2295.4
1136540 2299.4
1136550 2304.6
1136560 2304.6
1136570 2309.7
1136580 2314.6
1136590 2314.6
1136600 2319.2
1136610 2323.6
1136620 2323.6
1136630 2327.7
1136640 2331.8
1136650 2335.9
1136660 2335.9
1136670 2340.2
1136680 2344.9
1136690 2344.9
1136700 2349.9
1136710 2354.7
1136720 2354.7
1136730 2359.8
1136740 2364.3
1136750 2364.3
1136760 2366.5
1136770 2366.7
1136780 2366.7
1136790 2366.8
1136800 2367.6
1136810 2367.6
1136820 2368.7
1136830 2370.2
1136840 2370.2
1136850 2372.4
1136860 2375.3
1136870 2377.2
1136880 2377.2
1136890 2380.9
1136900 2383.4
1136910 2383.4
1136920 2385.8
1136930 2387.5
1136940 2387.5
1136950 2389.1
1136960 2391.2
1136970 2391.2
1136980 2393.5
1136990 2396.2
1137000 2396.2
1137010 2398.9
1137020 2401.2
1137030 2401.2
1137040 2403.4
1137050 2405.7
1137060 2405.7
1137070 2407.9
1137080 2410.4
1137090 2412.8
1137100 2412.8
1137110 2415.5
1137120 2418.4
1137130 2418.4
1137140 2422.2
1137150 2426.0
1137160 2426.0
1137170 2429.1
1137180 2432.3
1137190 2432.3
1137200 2435.3
1137210 2436.7
1137220 2436.7
1137230 2437.7
1137240 2441.8
1137250 2441.8
1137260 2445.8
1137270 2449.1
1137280 2449.1
1137290 2451.7
1137300 2454.5
1137310 2457.9
1137320 2457.9
1137330 2462.1
1137340 2467.3
1137350 2467.3
1137360 2473.4
1137370 2479.9
1137380 2479.9
1137390 2488.3
1137400 2496.5
1137410 2496.5
1137420 2504.8
1137430 2513.0
1137440 2513.0
1137450 2520.8
1137460 2527.9
1137470 2527.9
1137480 2534.7
1137490 2539.9
1137500 2539.9
1137510 2541.5
1137520 2533.4
1137530 2522.3
1137540 2522.3
1137550 2511.9
1137560 2499.0
1137570 2499.0
1137580 2487.7
1137590 2480.5
1137600 2482.8
1137610 2475.9
1137620 2469.5
1137630 2469.5
1137640 2463.0
1137650 2456.6
1137660 2456.6
1137670 2450.2
1137680 2443.9
1137690 2443.9
1137700 2438.0
1137710 2433.3
1137720 2433.3
1137730 2428.7
1137740 2423.2
1137750 2419.6
1137760 2419.6
1137770 2419.3
1137780 2419.3
1137790 2419.3
1137800 2419.3
1137810 2419.3
1137820 2419.3
1137830 2419.3
1137840 2419.3
1137850 2419.3
1137860 2419.3
1137870 2419.3
1137880 2419.3
1137890 2419.3
1137900 2419.3
1137910 2419.3
1137920 2419.3
1137930 2419.3
1137940 2419.3
1137950 2419.3
1137960 2419.3
1137970 2419.3
1137980 2419.5
1137990 2420.0
1138000 2420.1
1138010 2420.1
1138020 2419.7
1138030 2419.6
1138040 2419.6
1138050 2419.7
1138060 2419.8
1138070 2419.8
1138080 2420.2
1138090 2420.3
1138100 2420.3
1138110 2420.6
1138120 2420.2
1138130 2420.2
1138140 2420.5
1138150 2421.8
1138160 2421.8
1138170 2424.6
1138180 2426.8
1138190 2426.8
1138200 2427.2
1138210 2426.7
1138220 2426.7
1138230 2426.7
1138240 2427.7
1138250 2427.4
1138260 2427.4
1138270 2425.9
1138280 2424.7
1138290 2424.7
1138300 2425.0
1138310 2426.0
1138320 2426.0
1138330 2427.0
1138340 2427.7
1138350 2427.7
1138360 2426.4
1138370 2427.9
1138380 2427.9
1138390 2430.1
1138400 2430.5
1138410 2430.5
1138420 2430.8
1138430 2432.9
1138440 2435.9
1138450 2435.9
1138460 2438.5
1138470 2441.0
1138480 2441.0
1138490 2442.6
1138500 2445.6
1138510 2445.6
1138520 2449.4
1138530 2453.0
1138540 2453.0
1138550 2457.1
1138560 2462.1
1138570 2462.1
1138580 2467.7
1138590 2472.9
1138600 2472.9
1138610 2477.2
1138620 2481.5
1138630 2481.5
1138640 2485.8
1138650 2490.8
1138660 2496.3
1138670 2496.3
1138680 2502.6
1138690 2506.4
1138700 2506.4
1138710 2510.1
1138720 2513.7
1138730 2513.7
1138740 2517.8
1138750 2521.8
1138760 2521.8
1138770 2525.7
1138780 2529.2
1138790 2529.2
1138800 2532.5
1138810 2535.7
1138820 2535.7
1138830 2538.9
1138840 2542.5
1138850 2542.5
1138860 2545.7
1138870 2549.2
1138880 2553.3
1138890 2553.3
1138900 2558.5
1138910 2565.1
1138920 2565.1
1138930 2571.5
1138940 2576.9
1138950 2576.9
1138960 2581.5
1138970 2586.6
1138980 2586.6
1138990 2591.3
1139000 2595.7
1139010 2595.7
1139020 2601.2
1139030 2606.9
1139040 2606.9
1139050 2612.5
1139060 2613.7
1139070 2613.7
1139080 2619.7
1139090 2625.9
1139100 2632.7
1139110 2632.7
1139120 2639.3
1139130 2644.5
1139140 2644.5
1139150 2648.7
1139160 2652.6
1139170 2652.6
1139180 2656.0
1139190 2658.4
1139200 2658.4
1139210 2660.6
1139220 2663.4
1139230 2663.4
1139240 2667.4
1139250 2672.8
1139260 2672.8
1139270 2677.9
1139280 2681.5
1139290 2681.5
1139300 2683.8
1139310 2684.7
1139320 2682.6
1139330 2682.6
1139340 2674.5
1139350 2666.6
1139360 2666.6
1139370 2662.1
1139380 2656.4
1139390 2656.4
1139400 2648.1
1139410 2641.1
1139420 2641.1
1139430 2629.6
1139440 2622.7
1139450 2622.7
1139460 2616.3
1139470 2609.6
1139480 2609.6
1139490 2603.4
1139500 2597.8
1139510 2597.8
1139520 2592.7
1139530 2587.9
1139540 2587.9
1139550 2583.6
1139560 2582.7
1139570 2583.1
1139580 2583.1
1139590 2583.2
1139600 2584.2
1139610 2584.2
1139620 2583.9
1139630 2582.8
1139640 2582.8
1139650 2581.9
1139660 2581.4
1139670 2581.4
1139680 2579.5
1139690 2576.7
1139700 2576.7
1139710 2576.4
1139720 2573.3
1139730 2573.3
1139740 2571.3
1139750 2570.3
1139760 2570.3
1139770 2569.6
1139780 2568.8
1139790 2567.1
1139800 2562.6
1139810 2562.1
1139820 2562.9
1139830 2562.9
1139840 2562.9
1139850 2563.0
1139860 2563.0
1139870 2563.3
1139880 2563.6
1139890 2563.6
1139900 2564.1
1139910 2563.7
1139920 2563.7
1139930 2562.7
1139940 2562.1
1139950 2562.1
1139960 2562.4
1139970 2562.8
1139980 2562.8
1139990 2565.1
