1120000 2492.1
1120010 2501.3
1120020 2513.0
1120030 2503.7
1120040 2519.1
1120050 2520.9
1120060 2520.9
1120070 2518.8
1120080 2520.6
1120090 2520.6
1120100 2530.6
1120110 2542.4
1120120 2542.4
1120130 2554.6
1120140 2563.7
1120150 2570.6
1120160 2570.6
1120170 2574.7
1120180 2572.1
1120190 2572.1
1120200 2564.4
1120210 2557.9
1120220 2557.9
1120230 2552.7
1120240 2548.2
1120250 2548.2
1120260 2545.7
1120270 2543.9
1120280 2543.9
1120290 2540.1
1120300 2540.9
1120310 2540.9
1120320 2542.4
1120330 2546.8
1120340 2546.8
1120350 2550.2
1120360 2551.2
1120370 2551.2
1120380 2540.6
1120390 2544.2
1120400 2545.4
1120410 2545.4
1120420 2541.7
1120430 2545.8
1120440 2545.8
1120450 2547.6
1120460 2550.5
1120470 2550.5
1120480 2551.3
1120490 2549.7
1120500 2549.7
1120510 2549.0
1120520 2547.7
1120530 2547.7
1120540 2544.5
1120550 2539.3
1120560 2539.3
1120570 2534.9
1120580 2528.7
1120590 2528.7
1120600 2526.3
1120610 2530.7
1120620 2532.7
1120630 2532.7
1120640 2524.1
1120650 2517.8
1120660 2517.8
1120670 2515.3
1120680 2506.5
1120690 2506.5
1120700 2501.7
1120710 2496.9
1120720 2496.9
1120730 2504.1
1120740 2501.4
1120750 2501.4
1120760 2493.5
1120770 2490.5
1120780 2490.5
1120790 2489.4
1120800 2492.7
1120810 2492.7
1120820 2497.1
1120830 2500.6
1120840 2504.6
1120850 2504.6
1120860 2499.5
1120870 2491.9
1120880 2491.9
1120890 2486.6
1120900 2481.6
1120910 2481.6
1120920 2480.6
1120930 2483.3
1120940 2483.3
1120950 2490.6
1120960 2494.6
1120970 2494.6
1120980 2497.9
1120990 2493.3
1121000 2493.3
1121010 2483.6
1121020 2474.4
1121030 2474.4
1121040 2466.0
1121050 2457.2
1121060 2446.6
1121070 2446.6
1121080 2451.0
1121090 2447.3
1121100 2447.3
1121110 2446.4
1121120 2442.2
1121130 2442.2
1121140 2433.7
1121150 2429.7
1121160 2429.7
1121170 2429.8
1121180 2429.5
1121190 2429.5
1121200 2428.5
1121210 2426.0
1121220 2426.0
1121230 2423.3
1121240 2423.0
1121250 2423.0
1121260 2423.3
1121270 2423.3
1121280 2424.0
1121290 2424.0
1121300 2425.0
1121310 2429.5
1121320 2429.5
1121330 2439.3
1121340 2438.9
1121350 2438.9
1121360 2440.5
1121370 2446.5
1121380 2446.5
1121390 2452.7
1121400 2460.7
1121410 2460.7
1121420 2472.5
1121430 2492.9
1121440 2492.9
1121450 2507.5
1121460 2522.2
1121470 2522.2
1121480 2529.9
1121490 2534.6
1121500 2534.6
1121510 2538.4
1121520 2536.8
1121530 2533.2
1121540 2533.2
1121550 2530.6
1121560 2528.3
1121570 2528.3
1121580 2528.3
1121590 2528.8
1121600 2528.8
1121610 2528.7
1121620 2527.6
1121630 2527.6
1121640 2525.5
1121650 2522.7
1121660 2522.7
1121670 2521.6
1121680 2522.0
1121690 2522.0
1121700 2522.9
1121710 2526.0
1121720 2526.0
1121730 2529.8
1121740 2533.7
1121750 2537.3
1121760 2537.3
1121770 2539.1
1121780 2532.0
1121790 2532.0
1121800 2531.7
1121810 2531.2
1121820 2531.2
1121830 2534.2
1121840 2539.5
1121850 2539.5
1121860 2541.2
1121870 2546.6
1121880 2546.6
1121890 2555.1
1121900 2566.8
1121910 2566.8
1121920 2574.5
1121930 2583.7
1121940 2583.7
1121950 2583.7
1121960 2576.5
1121970 2568.7
1121980 2568.7
1121990 2562.1
1122000 2557.0
1122010 2557.0
1122020 2555.5
1122030 2553.5
1122040 2553.5
1122050 2554.4
1122060 2557.5
1122070 2557.5
1122080 2556.9
1122090 2552.8
1122100 2552.8
1122110 2551.1
1122120 2549.9
1122130 2536.1
1122140 2537.0
1122150 2540.3
1122160 2540.3
1122170 2546.7
1122180 2552.2
1122190 2563.7
1122200 2563.7
1122210 2564.3
1122220 2568.1
1122230 2568.1
1122240 2580.9
1122250 2601.0
1122260 2601.0
1122270 2606.8
1122280 2605.8
1122290 2605.8
1122300 2601.6
1122310 2596.7
1122320 2596.7
1122330 2592.8
1122340 2588.8
1122350 2588.8
1122360 2585.2
1122370 2583.2
1122380 2583.2
1122390 2583.2
1122400 2582.9
1122410 2580.5
1122420 2580.5
1122430 2574.9
1122440 2565.4
1122450 2565.4
1122460 2559.7
1122470 2557.2
1122480 2567.1
1122490 2565.6
1122500 2564.2
1122510 2564.2
1122520 2561.3
1122530 2559.4
1122540 2559.4
1122550 2558.7
1122560 2554.3
1122570 2554.3
1122580 2546.7
1122590 2536.9
1122600 2536.9
1122610 2526.6
1122620 2519.6
1122630 2519.6
1122640 2516.0
1122650 2511.8
1122660 2503.3
1122670 2503.3
1122680 2492.4
1122690 2486.9
1122700 2486.9
1122710 2483.2
1122720 2478.2
1122730 2478.2
1122740 2473.7
1122750 2469.8
1122760 2469.8
1122770 2466.5
1122780 2464.5
1122790 2464.5
1122800 2462.9
1122810 2460.6
1122820 2460.6
1122830 2462.0
1122840 2458.6
1122850 2458.6
1122860 2456.1
1122870 2454.2
1122880 2451.5
1122890 2451.5
1122900 2450.2
1122910 2447.5
1122920 2447.5
1122930 2443.6
1122940 2444.5
1122950 2444.5
1122960 2445.5
1122970 2446.1
1122980 2446.1
1122990 2447.8
1123000 2448.6
1123010 2448.6
1123020 2450.4
1123030 2452.0
1123040 2452.0
1123050 2454.9
1123060 2457.5
1123070 2457.5
1123080 2460.0
1123090 2461.1
1123100 2459.7
1123110 2459.7
1123120 2459.7
1123130 2459.7
1123140 2459.7
1123150 2460.6
1123160 2463.3
1123170 2463.3
1123180 2469.7
1123190 2473.2
1123200 2473.2
1123210 2476.2
1123220 2480.5
1123230 2480.5
1123240 2485.7
1123250 2493.8
1123260 2493.8
1123270 2501.9
1123280 2508.3
1123290 2508.3
1123300 2511.7
1123310 2515.0
1123320 2518.9
1123330 2518.9
1123340 2523.4
1123350 2530.2
1123360 2530.2
1123370 2542.3
1123380 2547.4
1123390 2547.4
1123400 2552.2
1123410 2557.4
1123420 2557.4
1123430 2562.8
1123440 2566.7
1123450 2566.7
1123460 2568.3
1123470 2568.4
1123480 2568.4
1123490 2572.9
1123500 2573.5
1123510 2573.5
1123520 2571.0
1123530 2547.1
1123540 2554.2
1123550 2554.2
1123560 2571.7
1123570 2577.7
1123580 2577.7
1123590 2585.8
1123600 2584.7
1123610 2584.7
1123620 2582.5
1123630 2579.5
1123640 2579.5
1123650 2580.9
1123660 2582.6
1123670 2582.6
1123680 2579.4
1123690 2574.4
1123700 2574.4
1123710 2570.7
1123720 2572.0
1123730 2572.0
1123740 2577.5
1123750 2585.4
1123760 2585.4
1123770 2592.0
1123780 2592.5
1123790 2592.0
1123800 2592.0
1123810 2591.7
1123820 2589.6
1123830 2589.6
1123840 2587.0
1123850 2582.8
1123860 2582.8
1123870 2575.5
1123880 2577.5
1123890 2577.5
1123900 2567.0
1123910 2560.5
1123920 2560.5
1123930 2556.4
1123940 2553.8
1123950 2553.8
1123960 2551.6
1123970 2550.9
1123980 2550.9
1123990 2553.4
1124000 2558.8
1124010 2569.5
1124020 2569.5
1124030 2580.7
1124040 2587.4
1124050 2587.4
1124060 2590.9
1124070 2594.3
1124080 2594.3
1124090 2603.6
1124100 2614.9
1124110 2614.9
1124120 2629.1
1124130 2639.5
1124140 2639.5
1124150 2645.7
1124160 2648.8
1124170 2648.8
1124180 2650.3
1124190 2649.9
1124200 2649.9
1124210 2651.2
1124220 2657.0
1124230 2657.1
1124240 2657.1
1124250 2661.0
1124260 2672.5
1124270 2672.5
1124280 2685.2
1124290 2694.9
1124300 2694.9
1124310 2704.4
1124320 2710.9
1124330 2710.9
1124340 2712.3
1124350 2704.9
1124360 2704.9
1124370 2696.3
1124380 2688.7
1124390 2688.7
1124400 2683.2
1124410 2679.8
1124420 2679.8
1124430 2675.5
1124440 2671.8
1124450 2668.6
1124460 2668.6
1124470 2663.4
1124480 2655.3
1124490 2655.3
1124500 2650.1
1124510 2644.6
1124520 2644.6
1124530 2640.2
1124540 2635.5
1124550 2635.5
1124560 2630.4
1124570 2624.9
1124580 2608.0
1124590 2600.9
1124600 2592.9
1124610 2592.9
1124620 2581.6
1124630 2577.9
1124640 2577.9
1124650 2577.9
1124660 2577.1
1124670 2573.4
1124680 2573.4
1124690 2568.6
1124700 2564.7
1124710 2564.7
1124720 2560.5
1124730 2555.5
1124740 2555.5
1124750 2551.0
1124760 2548.4
1124770 2548.4
1124780 2547.9
1124790 2548.1
1124800 2548.1
1124810 2547.2
1124820 2544.6
1124830 2544.6
1124840 2540.8
1124850 2537.9
1124860 2537.9
1124870 2536.3
1124880 2535.4
1124890 2535.4
1124900 2533.8
1124910 2531.5
1124920 2529.4
1124930 2529.4
1124940 2523.4
1124950 2525.1
1124960 2525.1
1124970 2528.6
1124980 2539.3
1124990 2539.3
1125000 2550.1
1125010 2559.7
1125020 2559.7
1125030 2563.2
1125040 2560.4
1125050 2560.4
1125060 2557.7
1125070 2559.0
1125080 2559.0
1125090 2556.7
1125100 2551.7
1125110 2551.7
1125120 2546.5
1125130 2539.7
1125140 2536.5
1125150 2536.5
1125160 2533.8
1125170 2531.3
1125180 2531.3
1125190 2526.9
1125200 2522.7
1125210 2522.7
1125220 2519.3
1125230 2515.2
1125240 2515.2
1125250 2510.9
1125260 2506.6
1125270 2506.6
1125280 2502.2
1125290 2497.4
1125300 2497.4
1125310 2493.8
1125320 2489.8
1125330 2489.8
1125340 2485.2
1125350 2480.6
1125360 2474.9
1125370 2474.9
1125380 2467.1
1125390 2461.2
1125400 2461.2
1125410 2456.6
1125420 2451.5
1125430 2451.5
1125440 2446.2
1125450 2442.2
1125460 2442.2
1125470 2437.6
1125480 2432.8
1125490 2432.8
1125500 2427.6
1125510 2424.5
1125520 2424.5
1125530 2422.1
1125540 2420.1
1125550 2420.1
1125560 2417.4
1125570 2416.8
1125580 2418.0
1125590 2418.0
1125600 2419.3
1125610 2420.5
1125620 2420.5
1125630 2418.5
1125640 2412.6
1125650 2412.6
1125660 2411.4
1125670 2412.1
1125680 2412.1
1125690 2412.0
1125700 2410.9
1125710 2410.9
1125720 2407.9
1125730 2403.8
1125740 2403.8
1125750 2403.7
1125760 2402.3
1125770 2402.3
1125780 2397.8
1125790 2392.2
1125800 2388.2
1125810 2388.2
1125820 2387.7
1125830 2389.0
1125840 2389.0
1125850 2390.9
1125860 2393.9
1125870 2393.9
1125880 2395.8
1125890 2398.3
1125900 2398.3
1125910 2398.7
1125920 2397.6
1125930 2397.6
1125940 2397.6
1125950 2396.3
1125960 2396.3
1125970 2391.9
1125980 2387.2
1125990 2387.2
1126000 2384.0
1126010 2379.8
1126020 2379.8
1126030 2374.7
1126040 2372.1
1126050 2371.0
1126060 2371.0
1126070 2367.0
1126080 2362.9
1126090 2362.9
1126100 2360.0
1126110 2356.9
1126120 2356.9
1126130 2354.5
1126140 2353.6
1126150 2353.6
1126160 2353.7
1126170 2355.9
1126180 2355.9
1126190 2357.9
1126200 2358.5
1126210 2358.5
1126220 2357.8
1126230 2356.3
1126240 2356.3
1126250 2353.9
1126260 2349.3
1126270 2344.1
1126280 2344.1
1126290 2339.5
1126300 2334.2
1126310 2334.2
1126320 2329.8
1126330 2327.3
1126340 2327.3
1126350 2320.9
1126360 2318.3
1126370 2318.3
1126380 2317.5
1126390 2317.1
1126400 2317.1
1126410 2317.0
1126420 2317.0
1126430 2317.0
1126440 2317.0
1126450 2317.0
1126460 2317.0
1126470 2317.0
1126480 2317.5
1126490 2324.7
1126500 2324.7
1126510 2327.7
1126520 2330.9
1126530 2330.9
1126540 2333.7
1126550 2335.4
1126560 2335.4
1126570 2336.1
1126580 2337.2
1126590 2337.2
1126600 2337.4
1126610 2338.5
1126620 2338.5
1126630 2343.7
1126640 2345.6
1126650 2345.6
1126660 2346.3
1126670 2346.4
1126680 2346.4
1126690 2345.6
1126700 2345.4
1126710 2350.3
1126720 2350.3
1126730 2351.3
1126740 2350.6
1126750 2350.6
1126760 2355.8
1126770 2363.7
1126780 2363.7
1126790 2373.0
1126800 2384.2
1126810 2384.2
1126820 2393.7
1126830 2403.6
1126840 2403.6
1126850 2409.8
1126860 2416.2
1126870 2416.2
1126880 2422.8
1126890 2425.2
1126900 2425.2
1126910 2421.6
1126920 2415.6
1126930 2412.6
1126940 2412.6
1126950 2411.0
1126960 2409.1
1126970 2409.1
1126980 2408.3
1126990 2409.6
1127000 2409.6
1127010 2412.1
1127020 2412.8
1127030 2412.8
1127040 2410.1
1127050 2407.2
1127060 2413.7
1127070 2413.2
1127080 2413.3
1127090 2413.3
1127100 2409.7
1127110 2405.8
1127120 2405.8
1127130 2402.6
1127140 2402.6
1127150 2402.6
1127160 2403.5
1127170 2406.5
1127180 2409.4
1127190 2409.4
1127200 2413.0
1127210 2416.7
1127220 2416.7
1127230 2419.5
1127240 2423.1
1127250 2423.1
1127260 2428.6
1127270 2433.5
1127280 2433.5
1127290 2438.1
1127300 2442.6
1127310 2442.6
1127320 2446.7
1127330 2450.3
1127340 2450.3
1127350 2454.2
1127360 2459.1
1127370 2459.1
1127380 2463.7
1127390 2468.2
1127400 2473.9
1127410 2476.9
1127420 2482.7
1127430 2490.4
1127440 2490.4
1127450 2499.6
1127460 2506.1
1127470 2506.1
1127480 2512.1
1127490 2519.5
1127500 2519.5
1127510 2526.6
1127520 2533.6
1127530 2533.6
1127540 2539.7
1127550 2545.9
1127560 2545.9
1127570 2552.6
1127580 2559.9
1127590 2559.9
1127600 2568.9
1127610 2589.0
1127620 2611.8
1127630 2611.8
1127640 2638.4
1127650 2658.7
1127660 2658.7
1127670 2673.2
1127680 2689.9
1127690 2689.9
1127700 2691.8
1127710 2692.6
1127720 2692.6
1127730 2700.5
1127740 2708.0
1127750 2708.0
1127760 2720.4
1127770 2746.3
1127780 2746.3
1127790 2753.3
1127800 2762.2
1127810 2762.2
1127820 2765.5
1127830 2762.4
1127840 2769.0
1127850 2769.0
1127860 2779.7
1127870 2785.8
1127880 2785.8
1127890 2792.4
1127900 2798.7
1127910 2798.7
1127920 2806.1
1127930 2811.6
1127940 2811.6
1127950 2817.5
1127960 2826.8
1127970 2826.8
1127980 2837.9
1127990 2843.0
1128000 2843.0
1128010 2837.7
1128020 2829.2
1128030 2829.2
1128040 2820.4
1128050 2811.8
1128060 2806.6
1128070 2806.6
1128080 2799.6
1128090 2794.7
1128100 2794.7
1128110 2790.7
1128120 2782.9
1128130 2796.8
1128140 2792.0
1128150 2786.6
1128160 2786.6
1128170 2780.1
1128180 2769.5
1128190 2769.5
1128200 2756.3
1128210 2749.4
1128220 2749.4
1128230 2743.0
1128240 2737.3
1128250 2737.3
1128260 2734.2
1128270 2732.0
1128280 2732.0
1128290 2723.6
1128300 2707.8
1128310 2700.7
1128320 2700.7
1128330 2700.5
1128340 2703.4
1128350 2703.4
1128360 2694.4
1128370 2686.1
1128380 2686.1
1128390 2677.8
1128400 2668.1
1128410 2668.1
1128420 2653.4
1128430 2634.8
1128440 2634.8
1128450 2617.0
1128460 2608.8
1128470 2608.8
1128480 2587.0
1128490 2579.0
1128500 2579.0
1128510 2571.3
1128520 2563.8
1128530 2557.4
1128540 2557.4
1128550 2552.6
1128560 2547.3
1128570 2547.3
1128580 2538.9
1128590 2529.3
1128600 2529.3
1128610 2515.0
1128620 2496.7
1128630 2496.7
1128640 2487.0
1128650 2480.1
1128660 2480.1
1128670 2474.3
1128680 2468.8
1128690 2468.8
1128700 2463.6
1128710 2459.2
1128720 2459.2
1128730 2451.9
1128740 2443.1
1128750 2435.4
1128760 2435.4
1128770 2429.8
1128780 2423.2
1128790 2423.2
1128800 2413.7
1128810 2405.2
1128820 2405.2
1128830 2399.1
1128840 2386.7
1128850 2386.7
1128860 2378.1
1128870 2373.9
1128880 2373.9
1128890 2370.4
1128900 2366.4
1128910 2366.4
1128920 2363.2
1128930 2360.7
1128940 2360.7
1128950 2358.2
1128960 2356.3
1128970 2356.3
1128980 2356.3
1128990 2356.9
1129000 2356.5
1129010 2356.5
1129020 2357.2
1129030 2358.7
1129040 2358.7
1129050 2358.7
1129060 2359.6
1129070 2359.6
1129080 2361.7
1129090 2363.6
1129100 2363.6
1129110 2364.6
1129120 2364.2
1129130 2364.2
1129140 2364.4
1129150 2364.4
1129160 2364.4
1129170 2365.0
1129180 2365.8
1129190 2367.3
1129200 2364.6
1129210 2366.3
1129220 2368.5
1129230 2368.5
1129240 2371.0
1129250 2373.2
1129260 2373.2
1129270 2373.7
1129280 2370.6
1129290 2370.6
1129300 2369.2
1129310 2370.0
1129320 2370.0
1129330 2373.1
1129340 2377.9
1129350 2377.9
1129360 2383.4
1129370 2387.2
1129380 2387.2
1129390 2392.4
1129400 2396.5
1129410 2396.5
1129420 2399.1
1129430 2404.0
1129440 2409.8
1129450 2409.8
1129460 2415.9
1129470 2423.4
1129480 2423.4
1129490 2428.7
1129500 2433.1
1129510 2433.1
1129520 2437.8
1129530 2440.9
1129540 2440.9
1129550 2437.3
1129560 2439.5
1129570 2439.5
1129580 2442.1
1129590 2444.3
1129600 2444.3
1129610 2446.5
1129620 2448.8
1129630 2448.8
1129640 2451.6
1129650 2454.5
1129660 2457.5
1129670 2457.5
1129680 2459.3
1129690 2459.8
1129700 2459.8
1129710 2459.8
1129720 2460.1
1129730 2460.1
1129740 2461.0
1129750 2462.2
1129760 2462.2
1129770 2461.0
1129780 2458.3
1129790 2458.3
1129800 2454.5
1129810 2450.4
1129820 2450.4
1129830 2440.7
1129840 2438.4
1129850 2438.4
1129860 2434.8
1129870 2429.7
1129880 2424.7
1129890 2424.7
1129900 2421.5
1129910 2414.9
1129920 2414.9
1129930 2415.9
1129940 2414.8
1129950 2414.8
1129960 2413.2
1129970 2412.4
1129980 2412.4
1129990 2412.4
1130000 2412.3
1130010 2412.3
1130020 2411.9
1130030 2416.7
1130040 2416.7
1130050 2419.4
1130060 2419.8
1130070 2419.8
1130080 2419.5
1130090 2418.2
1130100 2416.1
1130110 2416.1
1130120 2415.1
1130130 2413.1
1130140 2413.1
1130150 2409.8
1130160 2407.1
1130170 2407.1
1130180 2406.7
1130190 2410.0
1130200 2410.0
1130210 2411.9
1130220 2412.4
1130230 2412.4
1130240 2411.8
1130250 2409.7
1130260 2409.7
1130270 2401.7
1130280 2402.1
1130290 2402.1
1130300 2403.4
1130310 2404.5
1130320 2404.0
1130330 2404.0
1130340 2404.4
1130350 2405.6
1130360 2405.6
1130370 2404.6
1130380 2402.7
1130390 2402.7
1130400 2406.4
1130410 2409.2
1130420 2409.2
1130430 2409.0
1130440 2406.4
1130450 2406.4
1130460 2401.5
1130470 2396.9
1130480 2396.9
1130490 2393.6
1130500 2394.9
1130510 2394.9
1130520 2396.8
1130530 2391.2
1130540 2391.2
1130550 2383.8
1130560 2379.0
1130570 2381.9
1130580 2381.9
1130590 2381.1
1130600 2374.8
1130610 2374.8
1130620 2367.4
1130630 2357.1
1130640 2357.1
1130650 2354.1
1130660 2349.5
1130670 2349.5
1130680 2345.0
1130690 2342.2
1130700 2342.2
1130710 2339.2
1130720 2335.7
1130730 2335.7
1130740 2332.8
1130750 2329.9
1130760 2329.9
1130770 2327.5
1130780 2328.6
1130790 2337.6
1130800 2337.6
1130810 2342.4
1130820 2345.5
1130830 2345.5
1130840 2346.8
1130850 2345.1
1130860 2345.1
1130870 2342.3
1130880 2339.0
1130890 2339.0
1130900 2333.9
1130910 2328.8
1130920 2328.8
1130930 2323.9
1130940 2321.0
1130950 2321.0
1130960 2319.6
1130970 2320.0
1130980 2308.9
1130990 2308.3
1131000 2307.2
1131010 2304.9
1131020 2304.9
1131030 2302.7
1131040 2298.5
1131050 2298.5
1131060 2294.1
1131070 2290.3
1131080 2290.3
1131090 2286.6
1131100 2285.1
1131110 2285.1
1131120 2281.7
1131130 2279.1
1131140 2279.1
1131150 2278.6
1131160 2280.8
1131170 2280.8
1131180 2282.7
1131190 2283.6
1131200 2283.6
1131210 2283.3
1131220 2284.3
1131230 2286.9
1131240 2286.9
1131250 2288.0
1131260 2289.5
1131270 2289.5
1131280 2289.9
1131290 2288.7
1131300 2288.7
1131310 2287.2
1131320 2285.6
1131330 2285.6
1131340 2277.4
1131350 2276.8
1131360 2276.8
1131370 2277.3
1131380 2277.5
1131390 2277.5
1131400 2277.1
1131410 2276.6
1131420 2276.6
1131430 2276.7
1131440 2277.7
1131450 2278.7
1131460 2278.7
1131470 2280.0
1131480 2281.0
1131490 2281.0
1131500 2281.4
1131510 2280.8
1131520 2280.8
1131530 2279.7
1131540 2278.1
1131550 2278.1
1131560 2277.4
1131570 2276.6
1131580 2276.6
1131590 2275.7
1131600 2274.8
1131610 2274.8
1131620 2273.6
1131630 2271.5
1131640 2271.5
1131650 2269.5
1131660 2267.7
1131670 2266.4
1131680 2266.4
1131690 2264.6
1131700 2261.4
1131710 2261.4
1131720 2259.4
1131730 2257.3
1131740 2257.3
1131750 2256.4
1131760 2256.0
1131770 2256.0
1131780 2255.3
1131790 2253.0
1131800 2253.0
1131810 2250.0
1131820 2247.8
1131830 2247.8
1131840 2246.8
1131850 2245.0
1131860 2245.0
1131870 2245.2
1131880 2244.3
1131890 2244.3
1131900 2241.5
1131910 2237.2
1131920 2234.6
1131930 2234.6
1131940 2237.2
1131950 2239.7
1131960 2239.7
1131970 2240.0
1131980 2241.0
1131990 2241.0
1132000 2241.1
1132010 2241.4
1132020 2241.4
1132030 2241.7
1132040 2239.2
1132050 2239.2
1132060 2234.2
1132070 2233.0
1132080 2233.0
1132090 2235.1
1132100 2237.2
1132110 2237.2
1132120 2237.6
1132130 2236.1
1132140 2235.2
1132150 2235.2
1132160 2234.6
1132170 2232.9
1132180 2232.9
1132190 2231.2
1132200 2230.3
1132210 2230.3
1132220 2228.9
1132230 2228.2
1132240 2228.2
1132250 2228.7
1132260 2229.4
1132270 2229.4
1132280 2230.0
1132290 2231.4
1132300 2231.4
1132310 2232.2
1132320 2231.7
1132330 2231.7
1132340 2232.1
1132350 2235.4
1132360 2238.9
1132370 2238.9
1132380 2240.9
1132390 2242.4
1132400 2242.4
1132410 2243.4
1132420 2239.1
1132430 2239.1
1132440 2238.2
1132450 2238.0
1132460 2238.0
1132470 2237.3
1132480 2236.8
1132490 2236.8
1132500 2237.0
1132510 2236.5
1132520 2236.5
1132530 2236.5
1132540 2237.5
1132550 2237.5
1132560 2237.5
1132570 2237.4
1132580 2238.7
1132590 2238.7
1132600 2241.1
1132610 2243.3
1132620 2243.3
1132630 2244.2
1132640 2244.3
1132650 2244.3
1132660 2242.6
1132670 2238.4
1132680 2238.4
1132690 2235.2
1132700 2235.5
1132710 2235.5
1132720 2237.7
1132730 2238.3
1132740 2238.3
1132750 2236.9
1132760 2233.4
1132770 2233.4
1132780 2225.6
1132790 2225.7
1132800 2227.8
1132810 2227.8
1132820 2230.6
1132830 2234.3
1132840 2234.3
1132850 2236.3
1132860 2237.2
1132870 2237.2
1132880 2238.9
1132890 2241.2
1132900 2241.2
1132910 2245.0
1132920 2248.5
1132930 2248.5
1132940 2250.1
1132950 2251.8
1132960 2251.8
1132970 2253.4
1132980 2254.4
1132990 2254.4
1133000 2255.8
1133010 2257.7
1133020 2257.7
1133030 2258.6
1133040 2258.9
1133050 2259.2
1133060 2259.2
1133070 2259.9
1133080 2261.5
1133090 2261.5
1133100 2263.1
1133110 2264.1
1133120 2264.1
1133130 2266.0
1133140 2263.2
1133150 2263.2
1133160 2263.2
1133170 2262.3
1133180 2262.3
1133190 2260.4
1133200 2258.1
1133210 2258.1
1133220 2255.6
1133230 2252.9
1133240 2252.9
1133250 2250.0
1133260 2246.9
1133270 2243.6
1133280 2243.6
1133290 2240.2
1133300 2237.1
1133310 2237.1
1133320 2233.8
1133330 2229.7
1133340 2229.7
1133350 2225.7
1133360 2221.2
1133370 2221.2
1133380 2217.7
1133390 2214.5
1133400 2214.5
1133410 2210.8
1133420 2206.8
1133430 2206.8
1133440 2202.5
1133450 2198.7
1133460 2198.7
1133470 2195.2
1133480 2190.4
1133490 2184.6
1133500 2184.6
1133510 2183.8
1133520 2178.2
1133530 2178.2
1133540 2172.7
1133550 2166.9
1133560 2166.9
1133570 2159.8
1133580 2152.0
1133590 2152.0
1133600 2143.3
1133610 2134.8
1133620 2134.8
1133630 2128.7
1133640 2123.1
1133650 2123.1
1133660 2116.6
1133670 2109.5
1133680 2109.5
1133690 2102.0
1133700 2095.7
1133710 2090.1
1133720 2090.1
1133730 2083.6
1133740 2076.8
1133750 2076.8
1133760 2069.7
1133770 2063.0
1133780 2063.0
1133790 2055.9
1133800 2049.3
1133810 2049.3
1133820 2042.0
1133830 2036.1
1133840 2036.1
1133850 2030.7
1133860 2025.0
1133870 2022.3
1133880 2014.9
1133890 2009.1
1133900 2009.1
1133910 2003.8
1133920 1998.2
1133930 1992.4
1133940 1992.4
1133950 1987.9
1133960 1985.2
1133970 1985.2
1133980 1981.3
1133990 1973.5
1134000 1973.5
1134010 1966.6
1134020 1962.3
1134030 1962.3
1134040 1957.6
1134050 1953.8
1134060 1953.8
1134070 1951.4
1134080 1948.8
1134090 1948.8
1134100 1945.1
1134110 1940.0
1134120 1940.0
1134130 1934.3
1134140 1928.6
1134150 1928.6
1134160 1921.0
1134170 1912.5
1134180 1903.5
1134190 1903.5
1134200 1891.8
1134210 1884.3
1134220 1884.3
1134230 1877.2
1134240 1872.7
1134250 1872.7
1134260 1870.5
1134270 1868.0
1134280 1868.0
1134290 1865.0
1134300 1862.3
1134310 1862.3
1134320 1858.2
1134330 1854.7
1134340 1854.7
1134350 1851.5
1134360 1847.3
1134370 1847.3
1134380 1849.0
1134390 1848.7
1134400 1845.3
1134410 1845.3
1134420 1840.9
1134430 1835.6
1134440 1835.6
1134450 1829.0
1134460 1820.1
1134470 1820.1
1134480 1810.7
1134490 1802.3
1134500 1802.3
1134510 1792.4
1134520 1784.9
1134530 1784.9
1134540 1780.2
1134550 1774.4
1134560 1774.4
1134570 1768.2
1134580 1762.7
1134590 1757.6
1134600 1751.5
1134610 1744.8
1134620 1738.8
1134630 1738.8
1134640 1733.8
1134650 1727.9
1134660 1727.9
1134670 1721.8
1134680 1716.1
1134690 1716.1
1134700 1709.6
1134710 1701.7
1134720 1701.7
1134730 1694.6
1134740 1688.3
1134750 1688.3
1134760 1682.3
1134770 1677.9
1134780 1677.9
1134790 1673.6
1134800 1670.3
1134810 1670.3
1134820 1668.5
1134830 1665.5
1134840 1661.0
1134850 1661.0
1134860 1655.3
1134870 1648.9
1134880 1648.9
1134890 1641.3
1134900 1634.2
1134910 1634.2
1134920 1629.6
1134930 1627.1
1134940 1627.1
1134950 1621.1
1134960 1620.2
1134970 1620.2
1134980 1620.7
1134990 1625.0
1135000 1625.0
1135010 1629.3
1135020 1631.8
1135030 1631.8
1135040 1634.6
1135050 1640.6
1135060 1648.1
1135070 1648.1
1135080 1655.7
1135090 1663.2
1135100 1663.2
1135110 1670.0
1135120 1676.1
1135130 1676.1
1135140 1682.3
1135150 1688.6
1135160 1688.6
1135170 1695.0
1135180 1701.8
1135190 1701.8
1135200 1709.7
1135210 1717.9
1135220 1717.9
1135230 1726.0
1135240 1734.3
1135250 1734.3
1135260 1742.1
1135270 1749.7
1135280 1749.7
1135290 1758.1
1135300 1777.6
1135310 1796.0
1135320 1800.4
1135330 1813.0
1135340 1824.0
1135350 1824.0
1135360 1831.7
1135370 1838.4
1135380 1838.4
1135390 1847.3
1135400 1861.4
1135410 1861.4
1135420 1871.4
1135430 1873.7
1135440 1873.7
1135450 1867.9
1135460 1867.3
1135470 1867.3
1135480 1875.5
1135490 1883.2
1135500 1883.2
1135510 1889.7
1135520 1898.5
1135530 1908.2
1135540 1908.2
1135550 1921.1
1135560 1939.1
1135570 1939.1
1135580 1952.5
1135590 1962.2
1135600 1962.2
1135610 1969.4
1135620 1975.9
1135630 1975.9
1135640 1982.8
1135650 1991.2
1135660 1991.2
1135670 2003.5
1135680 2018.5
1135690 2018.5
1135700 2028.2
1135710 2037.3
1135720 2037.3
1135730 2045.0
1135740 2053.1
1135750 2065.2
1135760 2065.2
1135770 2075.5
1135780 2086.8
1135790 2086.8
1135800 2102.5
1135810 2116.4
1135820 2116.4
1135830 2125.0
1135840 2131.5
1135850 2131.5
1135860 2139.3
1135870 2145.8
1135880 2145.8
1135890 2151.3
1135900 2156.6
1135910 2156.6
1135920 2161.9
1135930 2167.0
1135940 2167.0
1135950 2172.1
1135960 2176.8
1135970 2181.9
1135980 2181.9
1135990 2188.1
1136000 2196.4
1136010 2196.4
1136020 2204.0
1136030 2208.8
1136040 2210.2
1136050 2217.1
1136060 2222.9
1136070 2222.9
1136080 2227.7
1136090 2231.9
1136100 2231.9
1136110 2236.0
1136120 2241.0
1136130 2241.0
1136140 2246.6
1136150 2253.0
1136160 2253.0
1136170 2259.8
1136180 2265.4
1136190 2270.8
1136200 2270.8
1136210 2276.6
1136220 2282.4
1136230 2282.4
1136240 2287.3
1136250 2291.7
1136260 2291.7
1136270 2296.9
1136280 2303.5
1136290 2303.5
1136300 2309.9
1136310 2316.2
1136320 2316.2
1136330 2322.0
1136340 2327.4
1136350 2327.4
1136360 2332.9
1136370 2338.5
1136380 2338.5
1136390 2344.8
1136400 2351.4
1136410 2356.9
1136420 2356.9
1136430 2364.0
1136440 2370.8
1136450 2370.8
1136460 2377.4
1136470 2384.1
1136480 2384.1
1136490 2391.3
1136500 2399.6
1136510 2399.6
1136520 2409.4
1136530 2419.4
1136540 2419.4
1136550 2428.5
1136560 2437.1
1136570 2437.1
1136580 2444.3
1136590 2450.8
1136600 2450.8
1136610 2456.7
1136620 2459.0
1136630 2459.0
1136640 2454.0
1136650 2448.4
1136660 2444.6
1136670 2444.6
1136680 2442.5
1136690 2441.9
1136700 2441.9
1136710 2441.0
1136720 2439.8
1136730 2439.8
1136740 2438.9
1136750 2439.8
1136760 2439.8
1136770 2449.0
1136780 2451.0
1136790 2451.0
1136800 2454.5
1136810 2455.4
1136820 2455.4
1136830 2457.2
1136840 2460.6
1136850 2460.6
1136860 2464.2
1136870 2466.8
1136880 2469.6
1136890 2469.6
1136900 2472.1
1136910 2473.4
1136920 2473.4
1136930 2477.2
1136940 2484.5
1136950 2484.5
1136960 2495.4
1136970 2505.7
1136980 2505.7
1136990 2510.4
1137000 2499.5
1137010 2499.5
1137020 2480.6
1137030 2463.8
1137040 2463.8
1137050 2448.5
1137060 2435.9
1137070 2435.9
1137080 2423.3
1137090 2411.2
1137100 2398.5
1137110 2398.5
1137120 2381.6
1137130 2371.3
1137140 2372.9
1137150 2364.6
1137160 2358.2
1137170 2358.2
1137180 2352.6
1137190 2347.9
1137200 2347.9
1137210 2343.7
1137220 2339.8
1137230 2339.8
1137240 2336.3
1137250 2333.8
1137260 2333.8
1137270 2331.9
1137280 2330.8
1137290 2330.8
1137300 2331.8
1137310 2332.8
1137320 2329.3
1137330 2329.3
1137340 2318.6
1137350 2309.0
1137360 2309.0
1137370 2301.5
1137380 2295.3
1137390 2295.3
1137400 2292.4
1137410 2290.7
1137420 2290.7
1137430 2288.9
1137440 2286.9
1137450 2286.9
1137460 2285.3
1137470 2285.6
1137480 2285.6
1137490 2286.2
1137500 2288.0
1137510 2288.0
1137520 2288.1
1137530 2287.7
1137540 2286.2
1137550 2286.2
1137560 2285.5
1137570 2284.8
1137580 2284.8
1137590 2283.2
1137600 2277.7
1137610 2277.7
1137620 2271.1
1137630 2266.4
1137640 2266.4
1137650 2264.8
1137660 2264.1
1137670 2264.1
1137680 2263.8
1137690 2263.0
1137700 2263.0
1137710 2262.7
1137720 2262.7
1137730 2262.7
1137740 2263.2
1137750 2263.8
1137760 2263.8
1137770 2262.4
1137780 2262.4
1137790 2262.4
1137800 2262.4
1137810 2262.4
1137820 2262.4
1137830 2262.4
1137840 2262.4
1137850 2262.4
1137860 2262.4
1137870 2262.4
1137880 2262.4
1137890 2262.4
1137900 2262.4
1137910 2262.4
1137920 2262.4
1137930 2262.4
1137940 2262.4
1137950 2262.4
1137960 2263.5
1137970 2268.4
1137980 2268.4
1137990 2274.5
1138000 2282.8
1138010 2291.6
1138020 2291.6
1138030 2297.1
1138040 2301.5
1138050 2301.5
1138060 2306.4
1138070 2311.8
1138080 2311.8
1138090 2317.5
1138100 2323.4
1138110 2323.4
1138120 2331.5
1138130 2344.2
1138140 2344.2
1138150 2352.7
1138160 2359.1
1138170 2359.1
1138180 2364.5
1138190 2369.1
1138200 2369.1
1138210 2373.4
1138220 2377.9
1138230 2392.2
1138240 2392.2
1138250 2397.8
1138260 2402.0
1138270 2402.0
1138280 2405.0
1138290 2406.5
1138300 2406.5
1138310 2406.7
1138320 2407.7
1138330 2407.7
1138340 2408.0
1138350 2406.2
1138360 2406.2
1138370 2402.1
1138380 2396.1
1138390 2396.1
1138400 2391.5
1138410 2387.6
1138420 2387.6
1138430 2386.4
1138440 2387.0
1138450 2389.4
1138460 2389.4
1138470 2394.3
1138480 2400.2
1138490 2400.2
1138500 2407.2
1138510 2412.3
1138520 2412.3
1138530 2417.6
1138540 2420.0
1138550 2420.0
1138560 2422.6
1138570 2427.1
1138580 2427.1
1138590 2433.1
1138600 2443.9
1138610 2443.9
1138620 2455.8
1138630 2469.4
1138640 2469.4
1138650 2480.2
1138660 2487.2
1138670 2493.4
1138680 2493.4
1138690 2499.4
1138700 2505.6
1138710 2505.6
1138720 2512.3
1138730 2518.6
1138740 2518.6
1138750 2524.1
1138760 2525.0
1138770 2525.0
1138780 2523.4
1138790 2523.0
1138800 2523.0
1138810 2524.8
1138820 2527.6
1138830 2527.6
1138840 2531.4
1138850 2535.6
1138860 2535.6
1138870 2538.6
1138880 2541.9
1138890 2546.1
1138900 2546.1
1138910 2551.1
1138920 2556.4
1138930 2556.4
1138940 2561.8
1138950 2567.8
1138960 2567.8
1138970 2576.7
1138980 2584.4
1138990 2584.4
1139000 2592.0
1139010 2599.6
1139020 2599.6
1139030 2608.5
1139040 2616.5
1139050 2616.5
1139060 2624.4
1139070 2632.5
1139080 2632.5
1139090 2639.7
1139100 2646.8
1139110 2646.8
1139120 2652.7
1139130 2655.1
1139140 2657.2
1139150 2657.2
1139160 2659.3
1139170 2662.5
1139180 2662.5
1139190 2665.1
1139200 2667.1
1139210 2667.1
1139220 2667.8
1139230 2669.3
1139240 2669.3
1139250 2673.6
1139260 2676.3
1139270 2676.3
1139280 2678.0
1139290 2679.3
1139300 2679.3
1139310 2680.8
1139320 2682.6
1139330 2681.8
1139340 2684.7
1139350 2687.3
1139360 2689.3
1139370 2689.3
1139380 2690.7
1139390 2691.9
1139400 2691.9
1139410 2693.2
1139420 2694.8
1139430 2694.8
1139440 2696.8
1139450 2698.0
1139460 2698.0
1139470 2698.6
1139480 2699.0
1139490 2699.0
1139500 2699.6
1139510 2700.7
1139520 2700.7
1139530 2702.5
1139540 2705.6
1139550 2705.6
1139560 2708.5
1139570 2709.7
1139580 2710.9
1139590 2710.9
1139600 2712.6
1139610 2714.9
1139620 2714.9
1139630 2716.5
1139640 2717.1
1139650 2717.1
1139660 2717.3
1139670 2718.5
1139680 2718.5
1139690 2720.5
1139700 2727.5
1139710 2727.5
1139720 2729.3
1139730 2731.6
1139740 2731.6
1139750 2734.2
1139760 2736.9
1139770 2736.9
1139780 2739.9
1139790 2743.3
1139800 2747.2
1139810 2747.2
1139820 2751.7
1139830 2756.8
1139840 2756.8
1139850 2763.2
1139860 2770.5
1139870 2770.5
1139880 2778.1
1139890 2787.9
1139900 2787.9
1139910 2802.9
1139920 2817.4
1139930 2817.4
1139940 2827.9
1139950 2837.5
1139960 2837.5
1139970 2835.6
1139980 2822.2
1139990 2822.2
