1120000 2454.4
1120010 2467.4
1120020 2477.2
1120030 2477.2
1120040 2485.4
1120050 2492.9
1120060 2492.9
1120070 2499.1
1120080 2505.3
1120090 2505.3
1120100 2512.4
1120110 2517.4
1120120 2517.4
1120130 2519.6
1120140 2521.5
1120150 2521.5
1120160 2519.9
1120170 2510.7
1120180 2510.7
1120190 2502.5
1120200 2495.3
1120210 2489.1
1120220 2489.1
1120230 2482.5
1120240 2461.4
1120250 2461.4
1120260 2441.7
1120270 2413.4
1120280 2413.4
1120290 2391.3
1120300 2390.9
1120310 2390.9
1120320 2395.6
1120330 2399.3
1120340 2399.3
1120350 2402.0
1120360 2397.5
1120370 2397.5
1120380 2393.3
1120390 2388.0
1120400 2388.0
1120410 2383.9
1120420 2384.7
1120430 2385.8
1120440 2385.8
1120450 2384.5
1120460 2379.5
1120470 2379.5
1120480 2373.6
1120490 2362.1
1120500 2362.1
1120510 2352.4
1120520 2342.4
1120530 2342.4
1120540 2332.6
1120550 2324.9
1120560 2324.9
1120570 2319.6
1120580 2310.3
1120590 2310.3
1120600 2305.3
1120610 2305.8
1120620 2305.8
1120630 2305.4
1120640 2311.7
1120650 2311.7
1120660 2308.7
1120670 2306.1
1120680 2304.8
1120690 2304.8
1120700 2305.6
1120710 2306.3
1120720 2306.3
1120730 2311.3
1120740 2319.2
1120750 2319.2
1120760 2325.4
1120770 2328.4
1120780 2328.4
1120790 2326.1
1120800 2323.3
1120810 2323.3
1120820 2321.9
1120830 2316.4
1120840 2316.4
1120850 2312.3
1120860 2312.8
1120870 2312.8
1120880 2316.2
1120890 2320.0
1120900 2322.2
1120910 2322.2
1120920 2322.2
1120930 2324.3
1120940 2324.3
1120950 2329.9
1120960 2333.8
1120970 2333.8
1120980 2331.9
1120990 2335.7
1121000 2335.7
1121010 2327.7
1121020 2320.4
1121030 2320.4
1121040 2313.0
1121050 2307.8
1121060 2307.8
1121070 2305.2
1121080 2303.0
1121090 2303.0
1121100 2300.8
1121110 2301.1
1121120 2302.5
1121130 2302.5
1121140 2305.1
1121150 2307.7
1121160 2307.7
1121170 2310.3
1121180 2312.7
1121190 2312.7
1121200 2313.6
1121210 2312.1
1121220 2312.1
1121230 2309.9
1121240 2308.3
1121250 2308.3
1121260 2307.7
1121270 2309.3
1121280 2309.3
1121290 2311.7
1121300 2313.0
1121310 2313.0
1121320 2315.1
1121330 2330.8
1121340 2345.5
1121350 2345.5
1121360 2363.1
1121370 2376.2
1121380 2376.2
1121390 2386.1
1121400 2395.5
1121410 2395.5
1121420 2404.8
1121430 2415.1
1121440 2415.1
1121450 2427.0
1121460 2435.7
1121470 2435.7
1121480 2437.9
1121490 2434.5
1121500 2434.5
1121510 2438.2
1121520 2447.0
1121530 2447.0
1121540 2455.8
1121550 2451.0
1121560 2451.0
1121570 2452.1
1121580 2458.0
1121590 2464.3
1121600 2464.3
1121610 2470.2
1121620 2476.3
1121630 2476.3
1121640 2489.3
1121650 2500.2
1121660 2500.2
1121670 2508.5
1121680 2512.0
1121690 2512.0
1121700 2520.0
1121710 2524.6
1121720 2524.6
1121730 2532.8
1121740 2539.7
1121750 2539.7
1121760 2545.3
1121770 2552.1
1121780 2552.1
1121790 2560.4
1121800 2572.4
1121810 2585.1
1121820 2585.1
1121830 2594.7
1121840 2602.9
1121850 2602.9
1121860 2612.3
1121870 2618.5
1121880 2618.5
1121890 2626.5
1121900 2639.5
1121910 2639.5
1121920 2652.6
1121930 2669.6
1121940 2669.6
1121950 2685.6
1121960 2698.2
1121970 2698.2
1121980 2708.4
1121990 2710.8
1122000 2710.8
1122010 2705.6
1122020 2696.2
1122030 2697.2
1122040 2697.2
1122050 2689.9
1122060 2682.1
1122070 2682.1
1122080 2675.5
1122090 2669.5
1122100 2669.5
1122110 2659.6
1122120 2646.9
1122130 2646.9
1122140 2636.3
1122150 2625.1
1122160 2625.1
1122170 2614.7
1122180 2604.1
1122190 2604.1
1122200 2597.6
1122210 2585.0
1122220 2585.0
1122230 2569.9
1122240 2557.4
1122250 2541.8
1122260 2541.8
1122270 2523.1
1122280 2514.3
1122290 2514.3
1122300 2508.4
1122310 2502.0
1122320 2502.0
1122330 2495.4
1122340 2488.4
1122350 2488.4
1122360 2481.6
1122370 2475.0
1122380 2475.0
1122390 2467.5
1122400 2461.9
1122410 2461.9
1122420 2458.1
1122430 2454.8
1122440 2454.8
1122450 2452.6
1122460 2452.8
1122470 2454.3
1122480 2454.3
1122490 2453.6
1122500 2451.9
1122510 2451.9
1122520 2448.3
1122530 2446.7
1122540 2446.7
1122550 2444.3
1122560 2441.4
1122570 2441.4
1122580 2437.2
1122590 2433.8
1122600 2433.8
1122610 2431.1
1122620 2427.9
1122630 2427.9
1122640 2424.7
1122650 2422.8
1122660 2422.8
1122670 2419.3
1122680 2417.2
1122690 2417.2
1122700 2415.2
1122710 2410.9
1122720 2405.0
1122730 2411.0
1122740 2405.8
1122750 2399.3
1122760 2399.3
1122770 2393.6
1122780 2388.9
1122790 2388.9
1122800 2384.6
1122810 2383.5
1122820 2383.5
1122830 2386.3
1122840 2387.5
1122850 2387.5
1122860 2389.1
1122870 2387.9
1122880 2387.9
1122890 2384.8
1122900 2381.2
1122910 2381.2
1122920 2378.5
1122930 2377.0
1122940 2375.1
1122950 2375.1
1122960 2372.4
1122970 2370.7
1122980 2370.7
1122990 2370.9
1123000 2371.4
1123010 2371.4
1123020 2370.6
1123030 2368.6
1123040 2368.6
1123050 2369.9
1123060 2376.0
1123070 2376.0
1123080 2377.2
1123090 2383.0
1123100 2383.0
1123110 2382.9
1123120 2381.8
1123130 2381.8
1123140 2379.7
1123150 2376.8
1123160 2373.1
1123170 2373.1
1123180 2368.1
1123190 2363.0
1123200 2363.0
1123210 2359.2
1123220 2357.7
1123230 2357.7
1123240 2360.4
1123250 2361.9
1123260 2361.9
1123270 2363.1
1123280 2364.3
1123290 2364.3
1123300 2368.5
1123310 2373.6
1123320 2373.6
1123330 2381.1
1123340 2388.3
1123350 2388.3
1123360 2396.7
1123370 2403.2
1123380 2410.4
1123390 2410.4
1123400 2418.5
1123410 2425.9
1123420 2425.9
1123430 2431.8
1123440 2439.7
1123450 2439.7
1123460 2444.9
1123470 2450.5
1123480 2450.5
1123490 2455.3
1123500 2459.0
1123510 2459.0
1123520 2461.1
1123530 2463.0
1123540 2463.0
1123550 2464.7
1123560 2465.7
1123570 2465.7
1123580 2467.3
1123590 2468.3
1123600 2468.3
1123610 2469.2
1123620 2468.6
1123630 2465.0
1123640 2465.0
1123650 2462.7
1123660 2459.9
1123670 2459.9
1123680 2459.1
1123690 2458.0
1123700 2458.0
1123710 2454.1
1123720 2450.2
1123730 2450.2
1123740 2447.6
1123750 2445.9
1123760 2445.9
1123770 2444.4
1123780 2445.7
1123790 2447.5
1123800 2450.2
1123810 2455.7
1123820 2455.7
1123830 2460.5
1123840 2465.5
1123850 2470.8
1123860 2470.8
1123870 2475.6
1123880 2480.5
1123890 2480.5
1123900 2485.8
1123910 2490.9
1123920 2490.9
1123930 2495.4
1123940 2501.2
1123950 2501.2
1123960 2506.9
1123970 2512.4
1123980 2512.4
1123990 2518.6
1124000 2524.8
1124010 2524.8
1124020 2530.8
1124030 2538.1
1124040 2538.1
1124050 2544.7
1124060 2561.5
1124070 2572.5
1124080 2572.5
1124090 2580.6
1124100 2585.6
1124110 2585.6
1124120 2594.8
1124130 2601.1
1124140 2595.4
1124150 2609.7
1124160 2625.2
1124170 2625.2
1124180 2641.9
1124190 2655.1
1124200 2655.1
1124210 2665.6
1124220 2677.3
1124230 2677.3
1124240 2691.9
1124250 2705.4
1124260 2705.4
1124270 2714.8
1124280 2719.4
1124290 2716.6
1124300 2716.6
1124310 2708.8
1124320 2693.6
1124330 2693.6
1124340 2684.9
1124350 2675.6
1124360 2675.6
1124370 2670.2
1124380 2666.2
1124390 2666.2
1124400 2662.3
1124410 2656.2
1124420 2656.2
1124430 2649.5
1124440 2646.6
1124450 2646.6
1124460 2644.0
1124470 2641.9
1124480 2641.9
1124490 2645.4
1124500 2644.5
1124510 2643.7
1124520 2643.7
1124530 2643.4
1124540 2643.2
1124550 2643.2
1124560 2642.9
1124570 2643.2
1124580 2643.2
1124590 2643.7
1124600 2644.3
1124610 2644.3
1124620 2645.3
1124630 2646.3
1124640 2646.3
1124650 2647.6
1124660 2648.9
1124670 2648.9
1124680 2650.3
1124690 2651.9
1124700 2651.9
1124710 2653.5
1124720 2655.4
1124730 2655.4
1124740 2657.3
1124750 2659.9
1124760 2665.9
1124770 2665.9
1124780 2676.3
1124790 2680.5
1124800 2680.5
1124810 2678.6
1124820 2673.6
1124830 2673.6
1124840 2665.2
1124850 2663.0
1124860 2663.0
1124870 2660.9
1124880 2658.6
1124890 2658.6
1124900 2656.9
1124910 2654.0
1124920 2654.0
1124930 2651.7
1124940 2651.3
1124950 2651.3
1124960 2648.4
1124970 2642.4
1124980 2634.8
1124990 2634.8
1125000 2627.1
1125010 2619.2
1125020 2619.2
1125030 2613.3
1125040 2607.6
1125050 2607.6
1125060 2604.4
1125070 2601.6
1125080 2601.6
1125090 2595.7
1125100 2587.1
1125110 2587.1
1125120 2582.5
1125130 2577.7
1125140 2577.7
1125150 2568.2
1125160 2557.0
1125170 2557.0
1125180 2549.1
1125190 2542.9
1125200 2536.6
1125210 2536.6
1125220 2532.1
1125230 2525.2
1125240 2525.2
1125250 2516.2
1125260 2507.0
1125270 2507.0
1125280 2497.1
1125290 2490.8
1125300 2490.8
1125310 2484.8
1125320 2479.6
1125330 2479.6
1125340 2475.3
1125350 2473.5
1125360 2473.5
1125370 2472.7
1125380 2476.1
1125390 2476.1
1125400 2479.4
1125410 2480.1
1125420 2471.5
1125430 2471.5
1125440 2462.0
1125450 2465.1
1125460 2465.1
1125470 2464.0
1125480 2461.2
1125490 2461.2
1125500 2461.1
1125510 2459.9
1125520 2459.9
1125530 2451.4
1125540 2442.1
1125550 2453.5
1125560 2448.9
1125570 2449.0
1125580 2449.0
1125590 2456.8
1125600 2457.4
1125610 2457.4
1125620 2454.9
1125630 2452.5
1125640 2451.9
1125650 2451.9
1125660 2453.3
1125670 2451.8
1125680 2451.8
1125690 2452.6
1125700 2453.4
1125710 2453.4
1125720 2451.4
1125730 2449.1
1125740 2449.1
1125750 2446.1
1125760 2442.9
1125770 2442.9
1125780 2441.1
1125790 2439.6
1125800 2439.6
1125810 2437.0
1125820 2434.1
1125830 2434.1
1125840 2425.0
1125850 2416.1
1125860 2416.1
1125870 2408.6
1125880 2401.5
1125890 2395.7
1125900 2393.2
1125910 2388.7
1125920 2384.1
1125930 2384.1
1125940 2379.0
1125950 2373.1
1125960 2373.1
1125970 2366.3
1125980 2356.8
1125990 2356.8
1126000 2345.8
1126010 2336.0
1126020 2336.0
1126030 2324.2
1126040 2318.6
1126050 2318.6
1126060 2315.1
1126070 2310.1
1126080 2310.1
1126090 2305.1
1126100 2306.7
1126110 2307.7
1126120 2307.7
1126130 2307.1
1126140 2305.6
1126150 2305.6
1126160 2302.7
1126170 2302.5
1126180 2302.5
1126190 2301.5
1126200 2299.6
1126210 2299.6
1126220 2298.2
1126230 2296.6
1126240 2296.6
1126250 2294.1
1126260 2296.5
1126270 2296.5
1126280 2293.9
1126290 2291.3
1126300 2291.3
1126310 2289.3
1126320 2288.3
1126330 2288.0
1126340 2288.0
1126350 2288.5
1126360 2289.9
1126370 2289.9
1126380 2289.7
1126390 2288.3
1126400 2288.3
1126410 2290.1
1126420 2291.7
1126430 2291.7
1126440 2290.0
1126450 2287.5
1126460 2287.5
1126470 2287.3
1126480 2283.0
1126490 2283.0
1126500 2276.8
1126510 2270.7
1126520 2270.7
1126530 2266.7
1126540 2262.6
1126550 2260.0
1126560 2260.0
1126570 2259.3
1126580 2258.8
1126590 2258.8
1126600 2256.3
1126610 2258.3
1126620 2258.3
1126630 2260.1
1126640 2259.4
1126650 2259.4
1126660 2257.6
1126670 2258.5
1126680 2258.5
1126690 2260.4
1126700 2260.6
1126710 2260.6
1126720 2260.9
1126730 2262.0
1126740 2262.0
1126750 2264.0
1126760 2266.6
1126770 2269.1
1126780 2269.1
1126790 2273.4
1126800 2276.9
1126810 2276.9
1126820 2280.2
1126830 2284.5
1126840 2284.5
1126850 2288.7
1126860 2293.9
1126870 2293.9
1126880 2299.4
1126890 2305.5
1126900 2305.5
1126910 2311.4
1126920 2316.6
1126930 2316.6
1126940 2321.3
1126950 2326.1
1126960 2326.1
1126970 2332.2
1126980 2337.0
1126990 2337.0
1127000 2341.4
1127010 2345.1
1127020 2347.9
1127030 2347.9
1127040 2351.0
1127050 2354.3
1127060 2354.3
1127070 2358.1
1127080 2361.9
1127090 2361.9
1127100 2365.5
1127110 2369.5
1127120 2369.5
1127130 2373.6
1127140 2377.8
1127150 2377.8
1127160 2382.1
1127170 2385.8
1127180 2385.8
1127190 2389.1
1127200 2395.4
1127210 2395.4
1127220 2405.7
1127230 2412.4
1127240 2416.8
1127250 2416.8
1127260 2422.2
1127270 2428.5
1127280 2428.5
1127290 2436.9
1127300 2447.1
1127310 2447.1
1127320 2457.2
1127330 2466.2
1127340 2466.2
1127350 2473.4
1127360 2484.4
1127370 2484.4
1127380 2492.3
1127390 2495.7
1127400 2495.7
1127410 2498.3
1127420 2503.6
1127430 2503.6
1127440 2510.8
1127450 2517.5
1127460 2524.7
1127470 2524.7
1127480 2533.2
1127490 2540.9
1127500 2540.9
1127510 2547.8
1127520 2555.2
1127530 2555.2
1127540 2561.8
1127550 2568.8
1127560 2568.8
1127570 2578.5
1127580 2587.0
1127590 2587.0
1127600 2596.5
1127610 2606.4
1127620 2606.4
1127630 2617.7
1127640 2629.4
1127650 2629.4
1127660 2638.0
1127670 2643.4
1127680 2641.4
1127690 2641.4
1127700 2648.4
1127710 2662.5
1127720 2662.5
1127730 2678.9
1127740 2686.4
1127750 2686.4
1127760 2690.4
1127770 2701.9
1127780 2701.9
1127790 2710.0
1127800 2720.6
1127810 2720.6
1127820 2733.4
1127830 2740.6
1127840 2740.6
1127850 2749.2
1127860 2761.4
1127870 2761.4
1127880 2773.8
1127890 2787.9
1127900 2787.9
1127910 2802.2
1127920 2811.1
1127930 2812.2
1127940 2812.2
1127950 2831.9
1127960 2875.3
1127970 2875.3
1127980 2895.0
1127990 2895.8
1128000 2895.8
1128010 2891.9
1128020 2883.8
1128030 2883.5
1128040 2874.2
1128050 2863.3
1128060 2863.3
1128070 2853.9
1128080 2836.8
1128090 2836.8
1128100 2821.5
1128110 2810.0
1128120 2810.0
1128130 2800.9
1128140 2784.2
1128150 2768.0
1128160 2768.0
1128170 2758.7
1128180 2749.8
1128190 2749.8
1128200 2737.8
1128210 2725.2
1128220 2725.2
1128230 2715.3
1128240 2706.8
1128250 2706.8
1128260 2697.9
1128270 2689.0
1128280 2689.0
1128290 2678.1
1128300 2661.0
1128310 2661.0
1128320 2645.0
1128330 2635.5
1128340 2635.5
1128350 2627.8
1128360 2619.7
1128370 2612.3
1128380 2612.3
1128390 2604.6
1128400 2599.0
1128410 2599.0
1128420 2594.5
1128430 2589.9
1128440 2589.9
1128450 2584.1
1128460 2576.7
1128470 2576.7
1128480 2568.2
1128490 2560.3
1128500 2560.3
1128510 2551.8
1128520 2544.1
1128530 2544.1
1128540 2536.8
1128550 2529.3
1128560 2529.3
1128570 2522.2
1128580 2515.6
1128590 2508.5
1128600 2508.5
1128610 2500.8
1128620 2492.4
1128630 2492.4
1128640 2485.0
1128650 2478.5
1128660 2478.5
1128670 2472.3
1128680 2466.4
1128690 2466.4
1128700 2462.1
1128710 2458.7
1128720 2458.7
1128730 2455.9
1128740 2454.3
1128750 2447.8
1128760 2445.3
1128770 2444.3
1128780 2444.3
1128790 2442.1
1128800 2439.0
1128810 2435.8
1128820 2435.8
1128830 2433.5
1128840 2431.0
1128850 2431.0
1128860 2428.8
1128870 2428.8
1128880 2428.8
1128890 2428.3
1128900 2427.3
1128910 2427.3
1128920 2424.5
1128930 2423.1
1128940 2423.1
1128950 2423.7
1128960 2426.9
1128970 2426.9
1128980 2430.4
1128990 2433.8
1129000 2433.8
1129010 2436.7
1129020 2439.6
1129030 2439.6
1129040 2440.9
1129050 2441.8
1129060 2443.0
1129070 2443.0
1129080 2444.5
1129090 2447.5
1129100 2442.5
1129110 2444.9
1129120 2448.1
1129130 2448.1
1129140 2453.1
1129150 2452.8
1129160 2452.8
1129170 2453.0
1129180 2457.6
1129190 2457.6
1129200 2462.7
1129210 2467.7
1129220 2467.7
1129230 2472.6
1129240 2473.7
1129250 2473.7
1129260 2473.5
1129270 2473.6
1129280 2475.1
1129290 2475.1
1129300 2479.1
1129310 2483.1
1129320 2483.1
1129330 2487.3
1129340 2492.3
1129350 2492.3
1129360 2499.8
1129370 2505.9
1129380 2505.9
1129390 2508.5
1129400 2510.5
1129410 2510.5
1129420 2512.1
1129430 2514.2
1129440 2514.2
1129450 2514.4
1129460 2512.8
1129470 2512.8
1129480 2512.0
1129490 2511.6
1129500 2512.1
1129510 2512.1
1129520 2513.4
1129530 2516.9
1129540 2516.9
1129550 2520.2
1129560 2522.9
1129570 2522.9
1129580 2524.8
1129590 2525.1
1129600 2525.1
1129610 2524.9
1129620 2526.0
1129630 2526.0
1129640 2526.3
1129650 2527.5
1129660 2527.5
1129670 2529.1
1129680 2527.7
1129690 2527.7
1129700 2525.4
1129710 2523.7
1129720 2522.1
1129730 2522.1
1129740 2520.4
1129750 2519.3
1129760 2519.3
1129770 2519.3
1129780 2520.4
1129790 2520.4
1129800 2521.6
1129810 2522.2
1129820 2521.2
1129830 2520.9
1129840 2521.0
1129850 2521.0
1129860 2522.0
1129870 2522.7
1129880 2522.7
1129890 2524.4
1129900 2524.6
1129910 2524.6
1129920 2523.6
1129930 2522.6
1129940 2522.0
1129950 2522.0
1129960 2522.6
1129970 2524.0
1129980 2524.0
1129990 2525.1
1130000 2527.5
1130010 2527.5
1130020 2529.6
1130030 2531.7
1130040 2531.7
1130050 2533.1
1130060 2533.5
1130070 2533.5
1130080 2534.6
1130090 2535.7
1130100 2535.7
1130110 2535.9
1130120 2536.2
1130130 2536.2
1130140 2534.6
1130150 2534.3
1130160 2534.3
1130170 2533.9
1130180 2536.3
1130190 2536.5
1130200 2536.5
1130210 2537.3
1130220 2538.9
1130230 2538.9
1130240 2540.4
1130250 2543.6
1130260 2543.6
1130270 2547.7
1130280 2550.7
1130290 2550.7
1130300 2554.8
1130310 2559.5
1130320 2559.5
1130330 2564.4
1130340 2567.3
1130350 2567.3
1130360 2569.9
1130370 2570.8
1130380 2570.8
1130390 2569.4
1130400 2567.7
1130410 2566.6
1130420 2566.6
1130430 2564.5
1130440 2561.5
1130450 2561.5
1130460 2558.5
1130470 2554.4
1130480 2554.4
1130490 2551.2
1130500 2547.8
1130510 2547.8
1130520 2542.1
1130530 2530.0
1130540 2530.0
1130550 2523.5
1130560 2516.4
1130570 2516.4
1130580 2511.0
1130590 2506.9
1130600 2506.9
1130610 2503.6
1130620 2500.8
1130630 2498.0
1130640 2498.0
1130650 2494.8
1130660 2491.9
1130670 2491.9
1130680 2489.3
1130690 2487.5
1130700 2487.5
1130710 2483.2
1130720 2476.0
1130730 2476.0
1130740 2468.4
1130750 2461.1
1130760 2461.1
1130770 2452.2
1130780 2444.7
1130790 2444.7
1130800 2437.7
1130810 2432.4
1130820 2432.4
1130830 2427.6
1130840 2422.8
1130850 2418.6
1130860 2418.6
1130870 2414.9
1130880 2411.3
1130890 2407.1
1130900 2403.4
1130910 2400.7
1130920 2400.7
1130930 2399.5
1130940 2398.3
1130950 2398.3
1130960 2397.0
1130970 2396.6
1130980 2396.6
1130990 2395.7
1131000 2393.2
1131010 2393.2
1131020 2390.2
1131030 2388.6
1131040 2388.6
1131050 2387.1
1131060 2385.5
1131070 2386.1
1131080 2386.1
1131090 2387.3
1131100 2390.4
1131110 2390.4
1131120 2392.6
1131130 2392.6
1131140 2392.6
1131150 2392.9
1131160 2394.0
1131170 2394.0
1131180 2394.1
1131190 2393.6
1131200 2393.6
1131210 2392.3
1131220 2390.4
1131230 2390.4
1131240 2388.6
1131250 2382.4
1131260 2382.4
1131270 2382.3
1131280 2382.3
1131290 2382.3
1131300 2382.9
1131310 2382.2
1131320 2382.1
1131330 2382.1
1131340 2383.1
1131350 2383.9
1131360 2383.9
1131370 2383.4
1131380 2382.0
1131390 2382.0
1131400 2380.2
1131410 2377.4
1131420 2377.4
1131430 2373.4
1131440 2369.7
1131450 2369.7
1131460 2365.8
1131470 2362.8
1131480 2362.8
1131490 2359.4
1131500 2355.9
1131510 2355.9
1131520 2352.5
1131530 2349.1
1131540 2345.9
1131550 2345.9
1131560 2343.3
1131570 2341.3
1131580 2341.3
1131590 2340.2
1131600 2340.0
1131610 2333.4
1131620 2331.5
1131630 2329.4
1131640 2329.4
1131650 2327.7
1131660 2325.5
1131670 2325.5
1131680 2322.5
1131690 2319.1
1131700 2319.1
1131710 2316.9
1131720 2315.9
1131730 2315.9
1131740 2314.7
1131750 2313.3
1131760 2312.3
1131770 2312.3
1131780 2312.6
1131790 2312.9
1131800 2312.9
1131810 2312.0
1131820 2314.4
1131830 2314.4
1131840 2317.7
1131850 2318.5
1131860 2318.5
1131870 2318.4
1131880 2317.2
1131890 2317.2
1131900 2316.5
1131910 2315.7
1131920 2315.7
1131930 2312.9
1131940 2311.3
1131950 2311.3
1131960 2310.5
1131970 2303.0
1131980 2304.1
1131990 2304.1
1132000 2306.5
1132010 2308.9
1132020 2308.9
1132030 2310.6
1132040 2312.9
1132050 2312.9
1132060 2314.2
1132070 2314.4
1132080 2314.4
1132090 2315.1
1132100 2315.7
1132110 2315.7
1132120 2316.2
1132130 2315.5
1132140 2315.5
1132150 2314.8
1132160 2315.1
1132170 2315.1
1132180 2315.6
1132190 2316.1
1132200 2316.2
1132210 2316.2
1132220 2316.5
1132230 2317.0
1132240 2317.0
1132250 2317.1
1132260 2317.3
1132270 2317.3
1132280 2316.9
1132290 2316.5
1132300 2316.5
1132310 2317.2
1132320 2318.2
1132330 2314.6
1132340 2316.0
1132350 2317.7
1132360 2317.7
1132370 2318.7
1132380 2318.2
1132390 2318.2
1132400 2318.1
1132410 2319.0
1132420 2319.0
1132430 2320.7
1132440 2321.8
1132450 2324.0
1132460 2324.0
1132470 2326.6
1132480 2328.7
1132490 2328.7
1132500 2330.2
1132510 2331.4
1132520 2331.4
1132530 2332.9
1132540 2334.3
1132550 2334.3
1132560 2335.0
1132570 2334.8
1132580 2334.8
1132590 2334.7
1132600 2334.2
1132610 2334.2
1132620 2334.8
1132630 2335.9
1132640 2335.9
1132650 2336.9
1132660 2337.3
1132670 2337.8
1132680 2337.8
1132690 2335.7
1132700 2336.8
1132710 2336.8
1132720 2337.8
1132730 2338.6
1132740 2338.6
1132750 2339.2
1132760 2339.9
1132770 2339.9
1132780 2340.5
1132790 2340.5
1132800 2340.5
1132810 2340.1
1132820 2340.6
1132830 2340.6
1132840 2341.3
1132850 2342.0
1132860 2342.0
1132870 2342.7
1132880 2343.6
1132890 2344.2
1132900 2344.2
1132910 2344.1
1132920 2343.1
1132930 2343.1
1132940 2341.3
1132950 2339.6
1132960 2339.6
1132970 2339.6
1132980 2342.6
1132990 2342.6
1133000 2347.2
1133010 2348.7
1133020 2348.7
1133030 2346.1
1133040 2342.4
1133050 2340.9
1133060 2337.4
1133070 2333.9
1133080 2333.9
1133090 2330.4
1133100 2325.2
1133110 2318.5
1133120 2318.5
1133130 2312.3
1133140 2304.0
1133150 2304.0
1133160 2295.6
1133170 2288.9
1133180 2288.9
1133190 2283.2
1133200 2279.9
1133210 2279.9
1133220 2277.6
1133230 2275.0
1133240 2275.0
1133250 2272.8
1133260 2270.2
1133270 2270.2
1133280 2267.6
1133290 2265.7
1133300 2265.7
1133310 2263.6
1133320 2261.3
1133330 2258.1
1133340 2258.1
1133350 2253.2
1133360 2247.1
1133370 2247.1
1133380 2241.1
1133390 2235.3
1133400 2235.3
1133410 2225.3
1133420 2220.2
1133430 2220.2
1133440 2215.8
1133450 2210.8
1133460 2210.8
1133470 2208.1
1133480 2204.2
1133490 2204.2
1133500 2197.7
1133510 2191.3
1133520 2191.3
1133530 2186.1
1133540 2182.2
1133550 2182.2
1133560 2178.4
1133570 2172.2
1133580 2165.9
1133590 2165.9
1133600 2163.2
1133610 2160.0
1133620 2160.0
1133630 2155.4
1133640 2149.9
1133650 2149.9
1133660 2142.5
1133670 2135.2
1133680 2135.2
1133690 2130.0
1133700 2126.0
1133710 2126.0
1133720 2123.3
1133730 2120.6
1133740 2120.6
1133750 2116.7
1133760 2112.3
1133770 2107.0
1133780 2103.4
1133790 2099.0
1133800 2093.2
1133810 2093.2
1133820 2089.9
1133830 2085.4
1133840 2085.4
1133850 2081.2
1133860 2079.2
1133870 2079.2
1133880 2075.4
1133890 2068.9
1133900 2068.9
1133910 2063.8
1133920 2060.5
1133930 2060.5
1133940 2056.9
1133950 2055.1
1133960 2055.1
1133970 2054.3
1133980 2052.4
1133990 2052.4
1134000 2049.6
1134010 2045.4
1134020 2040.2
1134030 2040.2
1134040 2035.8
1134050 2031.1
1134060 2031.1
1134070 2025.8
1134080 2019.8
1134090 2019.8
1134100 2014.3
1134110 2008.5
1134120 2008.5
1134130 2000.6
1134140 1994.6
1134150 1994.6
1134160 1988.5
1134170 1982.2
1134180 1982.2
1134190 1976.6
1134200 1971.1
1134210 1971.1
1134220 1965.7
1134230 1961.2
1134240 1955.7
1134250 1955.7
1134260 1945.4
1134270 1936.2
1134280 1936.2
1134290 1928.8
1134300 1922.5
1134310 1922.5
1134320 1916.9
1134330 1912.8
1134340 1912.8
1134350 1909.7
1134360 1906.8
1134370 1906.8
1134380 1902.0
1134390 1897.0
1134400 1897.0
1134410 1891.4
1134420 1886.2
1134430 1886.2
1134440 1882.0
1134450 1878.1
1134460 1872.7
1134470 1872.7
1134480 1867.1
1134490 1859.1
1134500 1859.6
1134510 1852.1
1134520 1843.4
1134530 1843.4
1134540 1829.9
1134550 1815.3
1134560 1815.3
1134570 1813.5
1134580 1809.9
1134590 1809.9
1134600 1803.4
1134610 1795.7
1134620 1795.7
1134630 1792.3
1134640 1785.1
1134650 1785.1
1134660 1777.0
1134670 1768.6
1134680 1768.6
1134690 1759.0
1134700 1743.7
1134710 1719.3
1134720 1719.3
1134730 1702.1
1134740 1694.7
1134750 1694.7
1134760 1687.0
1134770 1680.4
1134780 1680.4
1134790 1673.5
1134800 1667.3
1134810 1667.3
1134820 1661.0
1134830 1654.8
1134840 1654.8
1134850 1648.7
1134860 1642.4
1134870 1642.4
1134880 1634.7
1134890 1629.2
1134900 1629.2
1134910 1623.3
1134920 1617.9
1134930 1612.2
1134940 1612.2
1134950 1610.8
1134960 1614.6
1134970 1614.6
1134980 1616.8
1134990 1618.6
1135000 1618.6
1135010 1622.4
1135020 1628.4
1135030 1628.4
1135040 1635.7
1135050 1642.9
1135060 1642.9
1135070 1649.9
1135080 1657.4
1135090 1657.4
1135100 1665.0
1135110 1674.3
1135120 1674.3
1135130 1684.4
1135140 1693.6
1135150 1703.8
1135160 1703.8
1135170 1715.7
1135180 1727.5
1135190 1727.5
1135200 1736.5
1135210 1744.7
1135220 1739.2
1135230 1747.5
1135240 1752.8
1135250 1752.8
1135260 1757.0
1135270 1763.1
1135280 1763.1
1135290 1770.6
1135300 1778.7
1135310 1778.7
1135320 1787.9
1135330 1799.6
1135340 1799.6
1135350 1812.4
1135360 1825.9
1135370 1836.5
1135380 1836.5
1135390 1842.4
1135400 1848.0
1135410 1848.0
1135420 1852.6
1135430 1858.4
1135440 1858.4
1135450 1868.2
1135460 1872.5
1135470 1872.5
1135480 1880.5
1135490 1888.1
1135500 1888.1
1135510 1896.3
1135520 1903.4
1135530 1903.4
1135540 1910.9
1135550 1918.4
1135560 1918.4
1135570 1926.8
1135580 1934.8
1135590 1949.3
1135600 1949.3
1135610 1960.3
1135620 1966.9
1135630 1966.9
1135640 1974.2
1135650 1983.7
1135660 1983.7
1135670 1992.1
1135680 2000.8
1135690 2000.8
1135700 2007.6
1135710 2013.0
1135720 2013.0
1135730 2019.6
1135740 2027.9
1135750 2027.9
1135760 2034.9
1135770 2040.5
1135780 2040.5
1135790 2046.4
1135800 2052.7
1135810 2052.7
1135820 2058.1
1135830 2064.3
1135840 2069.5
1135850 2069.5
1135860 2076.5
1135870 2085.6
1135880 2085.6
1135890 2093.9
1135900 2101.5
1135910 2101.5
1135920 2107.9
1135930 2113.5
1135940 2113.5
1135950 2117.4
1135960 2124.8
1135970 2124.8
1135980 2131.9
1135990 2138.5
1136000 2138.5
1136010 2144.2
1136020 2149.4
1136030 2149.4
1136040 2153.7
1136050 2160.6
1136060 2169.3
1136070 2169.3
1136080 2175.8
1136090 2182.6
1136100 2182.6
1136110 2187.1
1136120 2190.4
1136130 2190.4
1136140 2193.1
1136150 2197.3
1136160 2197.3
1136170 2202.4
1136180 2206.4
1136190 2206.4
1136200 2210.1
1136210 2212.8
1136220 2212.8
1136230 2213.6
1136240 2215.9
1136250 2215.9
1136260 2219.5
1136270 2224.4
1136280 2230.3
1136290 2230.3
1136300 2236.9
1136310 2248.6
1136320 2248.6
1136330 2252.4
1136340 2255.9
1136350 2255.9
1136360 2258.5
1136370 2261.2
1136380 2261.2
1136390 2263.2
1136400 2265.7
1136410 2265.7
1136420 2270.8
1136430 2276.9
1136440 2276.9
1136450 2279.9
1136460 2284.6
1136470 2284.6
1136480 2287.3
1136490 2293.1
1136500 2298.8
1136510 2298.8
1136520 2305.4
1136530 2313.3
1136540 2313.3
1136550 2318.5
1136560 2317.7
1136570 2317.7
1136580 2317.2
1136590 2318.9
1136600 2318.9
1136610 2324.3
1136620 2327.1
1136630 2327.1
1136640 2328.9
1136650 2330.7
1136660 2330.7
1136670 2333.3
1136680 2338.9
1136690 2338.9
1136700 2340.6
1136710 2341.5
1136720 2342.7
1136730 2342.7
1136740 2342.9
1136750 2341.2
1136760 2341.2
1136770 2338.6
1136780 2335.7
1136790 2335.7
1136800 2335.0
1136810 2338.7
1136820 2338.7
1136830 2344.9
1136840 2354.5
1136850 2354.5
1136860 2365.8
1136870 2385.9
1136880 2385.9
1136890 2396.8
1136900 2405.2
1136910 2405.2
1136920 2414.1
1136930 2421.4
1136940 2421.4
1136950 2429.0
1136960 2436.7
1136970 2447.1
1136980 2447.1
1136990 2459.7
1137000 2463.9
1137010 2463.9
1137020 2463.1
1137030 2458.1
1137040 2460.8
1137050 2452.3
1137060 2442.9
1137070 2442.9
1137080 2432.3
1137090 2420.6
1137100 2420.6
1137110 2409.5
1137120 2395.2
1137130 2395.2
1137140 2380.9
1137150 2369.5
1137160 2369.5
1137170 2360.8
1137180 2351.8
1137190 2343.3
1137200 2343.3
1137210 2330.0
1137220 2318.0
1137230 2318.0
1137240 2306.2
1137250 2298.0
1137260 2298.0
1137270 2293.0
1137280 2288.8
1137290 2288.8
1137300 2283.9
1137310 2279.3
1137320 2279.3
1137330 2275.6
1137340 2273.5
1137350 2273.5
1137360 2271.5
1137370 2267.8
1137380 2267.8
1137390 2260.3
1137400 2250.0
1137410 2238.5
1137420 2238.5
1137430 2228.8
1137440 2217.5
1137450 2217.5
1137460 2203.5
1137470 2196.6
1137480 2196.6
1137490 2191.7
1137500 2186.7
1137510 2186.7
1137520 2182.4
1137530 2174.7
1137540 2174.7
1137550 2172.3
1137560 2175.1
1137570 2175.1
1137580 2174.5
1137590 2173.5
1137600 2173.5
1137610 2174.4
1137620 2177.1
1137630 2177.9
1137640 2177.9
1137650 2179.4
1137660 2180.4
1137670 2180.4
1137680 2182.2
1137690 2181.7
1137700 2181.7
1137710 2183.4
1137720 2186.8
1137730 2186.8
1137740 2190.2
1137750 2193.0
1137760 2193.0
1137770 2203.2
1137780 2202.3
1137790 2202.3
1137800 2203.5
1137810 2207.6
1137820 2207.6
1137830 2215.9
1137840 2224.7
1137850 2231.1
1137860 2231.1
1137870 2235.1
1137880 2243.4
1137890 2243.4
1137900 2256.0
1137910 2269.0
1137920 2269.0
1137930 2282.3
1137940 2290.5
1137950 2290.5
1137960 2296.9
1137970 2302.4
1137980 2302.4
1137990 2308.6
1138000 2314.1
1138010 2314.1
1138020 2318.0
1138030 2322.3
1138040 2322.3
1138050 2328.7
1138060 2335.9
1138070 2335.9
1138080 2343.5
1138090 2349.6
1138100 2352.3
1138110 2352.3
1138120 2352.2
1138130 2352.4
1138140 2350.2
1138150 2349.2
1138160 2349.4
1138170 2349.4
1138180 2349.7
1138190 2350.5
1138200 2350.5
1138210 2351.9
1138220 2353.7
1138230 2353.7
1138240 2355.2
1138250 2356.4
1138260 2356.4
1138270 2358.4
1138280 2360.5
1138290 2360.5
1138300 2361.7
1138310 2362.4
1138320 2363.2
1138330 2363.2
1138340 2364.9
1138350 2367.4
1138360 2367.4
1138370 2369.6
1138380 2373.2
1138390 2373.2
1138400 2376.5
1138410 2378.4
1138420 2378.4
1138430 2380.2
1138440 2382.3
1138450 2382.3
1138460 2384.9
1138470 2387.4
1138480 2387.4
1138490 2390.3
1138500 2392.4
1138510 2392.4
1138520 2396.0
1138530 2399.8
1138540 2403.7
1138550 2403.7
1138560 2407.6
1138570 2411.7
1138580 2411.7
1138590 2416.1
1138600 2420.6
1138610 2420.6
1138620 2425.2
1138630 2430.0
1138640 2430.0
1138650 2434.9
1138660 2439.6
1138670 2439.6
1138680 2444.4
1138690 2449.6
1138700 2449.6
1138710 2454.8
1138720 2460.0
1138730 2460.0
1138740 2465.4
1138750 2470.9
1138760 2476.6
1138770 2476.6
1138780 2482.2
1138790 2487.8
1138800 2487.8
1138810 2493.4
1138820 2499.1
1138830 2499.1
1138840 2505.0
1138850 2511.0
1138860 2511.0
1138870 2514.1
1138880 2520.2
1138890 2520.2
1138900 2526.4
1138910 2533.0
1138920 2533.0
1138930 2540.1
1138940 2547.4
1138950 2547.4
1138960 2554.9
1138970 2562.6
1138980 2570.5
1138990 2570.5
1139000 2579.1
1139010 2592.6
1139020 2592.6
1139030 2611.8
1139040 2634.3
1139050 2634.3
1139060 2654.0
1139070 2664.2
1139080 2664.2
1139090 2671.5
1139100 2680.7
1139110 2680.7
1139120 2689.8
1139130 2699.9
1139140 2699.9
1139150 2710.4
1139160 2726.2
1139170 2726.2
1139180 2740.8
1139190 2739.6
1139200 2739.6
1139210 2736.4
1139220 2742.2
1139230 2749.1
1139240 2754.1
1139250 2755.4
1139260 2755.5
1139270 2755.5
1139280 2754.7
1139290 2753.9
1139300 2753.9
1139310 2754.0
1139320 2754.9
1139330 2754.9
1139340 2756.5
1139350 2759.4
1139360 2759.4
1139370 2762.0
1139380 2759.9
1139390 2759.9
1139400 2754.7
1139410 2750.2
1139420 2750.2
1139430 2750.8
1139440 2756.8
1139450 2761.3
1139460 2761.3
1139470 2760.9
1139480 2756.6
1139490 2756.6
1139500 2757.0
1139510 2757.7
1139520 2757.7
1139530 2754.3
1139540 2751.4
1139550 2751.4
1139560 2743.5
1139570 2735.2
1139580 2735.2
1139590 2724.1
1139600 2709.6
1139610 2710.0
1139620 2701.1
1139630 2693.6
1139640 2693.6
1139650 2687.8
1139660 2681.8
1139670 2674.6
1139680 2674.6
1139690 2674.5
1139700 2677.5
1139710 2677.5
1139720 2679.3
1139730 2678.6
1139740 2678.6
1139750 2677.7
1139760 2671.3
1139770 2671.3
1139780 2661.4
1139790 2651.3
1139800 2651.3
1139810 2645.6
1139820 2639.2
1139830 2639.2
1139840 2629.9
1139850 2627.5
1139860 2627.5
1139870 2620.4
1139880 2611.8
1139890 2606.3
1139900 2606.3
1139910 2602.2
1139920 2599.3
1139930 2599.3
1139940 2596.5
1139950 2592.9
1139960 2592.9
1139970 2596.8
1139980 2595.4
1139990 2595.4
