1120000 2209.6
1120010 2200.6
1120020 2190.7
1120030 2185.3
1120040 2185.3
1120050 2177.9
1120060 2170.6
1120070 2170.6
1120080 2162.7
1120090 2156.3
1120100 2156.3
1120110 2150.1
1120120 2144.3
1120130 2144.3
1120140 2138.9
1120150 2133.2
1120160 2133.2
1120170 2127.6
1120180 2122.6
1120190 2122.6
1120200 2118.6
1120210 2115.5
1120220 2115.5
1120230 2114.3
1120240 2114.2
1120250 2111.2
1120260 2111.2
1120270 2107.8
1120280 2104.6
1120290 2104.6
1120300 2101.2
1120310 2095.6
1120320 2095.6
1120330 2089.3
1120340 2083.1
1120350 2083.1
1120360 2076.3
1120370 2068.9
1120380 2068.9
1120390 2064.1
1120400 2063.4
1120410 2067.3
1120420 2063.9
1120430 2059.5
1120440 2059.5
1120450 2057.9
1120460 2057.6
1120470 2055.3
1120480 2055.3
1120490 2052.6
1120500 2051.1
1120510 2051.1
1120520 2051.0
1120530 2051.6
1120540 2051.6
1120550 2054.0
1120560 2059.8
1120570 2059.8
1120580 2062.8
1120590 2063.0
1120600 2063.0
1120610 2063.3
1120620 2063.2
1120630 2063.2
1120640 2063.0
1120650 2064.0
1120660 2064.0
1120670 2065.8
1120680 2067.2
1120690 2067.2
1120700 2067.2
1120710 2064.9
1120720 2063.2
1120730 2063.2
1120740 2064.2
1120750 2066.6
1120760 2066.6
1120770 2068.0
1120780 2069.2
1120790 2069.2
1120800 2070.3
1120810 2071.9
1120820 2071.9
1120830 2073.3
1120840 2075.0
1120850 2075.0
1120860 2078.1
1120870 2081.4
1120880 2081.4
1120890 2084.4
1120900 2087.9
1120910 2087.9
1120920 2091.8
1120930 2095.9
1120940 2100.1
1120950 2100.1
1120960 2104.3
1120970 2109.3
1120980 2109.3
1120990 2113.8
1121000 2118.4
1121010 2118.4
1121020 2122.8
1121030 2127.9
1121040 2127.9
1121050 2132.5
1121060 2136.9
1121070 2136.9
1121080 2141.3
1121090 2145.2
1121100 2149.9
1121110 2157.4
1121120 2163.3
1121130 2163.3
1121140 2169.6
1121150 2177.0
1121160 2183.5
1121170 2183.5
1121180 2188.9
1121190 2194.2
1121200 2194.2
1121210 2200.0
1121220 2207.9
1121230 2207.9
1121240 2223.9
1121250 2241.8
1121260 2241.8
1121270 2262.5
1121280 2278.9
1121290 2278.9
1121300 2287.6
1121310 2296.2
1121320 2296.2
1121330 2328.5
1121340 2356.4
1121350 2356.4
1121360 2372.5
1121370 2383.5
1121380 2393.2
1121390 2393.2
1121400 2402.5
1121410 2411.7
1121420 2411.7
1121430 2420.2
1121440 2430.2
1121450 2427.3
1121460 2426.2
1121470 2427.9
1121480 2427.9
1121490 2425.3
1121500 2426.0
1121510 2426.0
1121520 2435.7
1121530 2434.1
1121540 2434.1
1121550 2433.0
1121560 2437.6
1121570 2437.6
1121580 2436.3
1121590 2439.9
1121600 2446.7
1121610 2446.7
1121620 2454.7
1121630 2471.6
1121640 2471.6
1121650 2481.5
1121660 2489.2
1121670 2489.2
1121680 2501.0
1121690 2514.8
1121700 2514.8
1121710 2526.1
1121720 2535.0
1121730 2535.0
1121740 2540.3
1121750 2541.0
1121760 2541.0
1121770 2540.3
1121780 2540.7
1121790 2540.7
1121800 2552.5
1121810 2558.4
1121820 2558.4
1121830 2560.8
1121840 2556.0
1121850 2551.7
1121860 2551.7
1121870 2552.5
1121880 2553.5
1121890 2553.5
1121900 2547.7
1121910 2539.6
1121920 2539.6
1121930 2536.3
1121940 2532.9
1121950 2532.9
1121960 2528.4
1121970 2521.2
1121980 2521.2
1121990 2514.8
1122000 2506.0
1122010 2506.0
1122020 2495.4
1122030 2483.0
1122040 2483.0
1122050 2477.3
1122060 2472.8
1122070 2469.4
1122080 2469.4
1122090 2468.0
1122100 2462.4
1122110 2462.4
1122120 2458.0
1122130 2453.1
1122140 2453.1
1122150 2454.3
1122160 2452.8
1122170 2452.8
1122180 2446.1
1122190 2438.7
1122200 2438.7
1122210 2432.2
1122220 2423.8
1122230 2423.8
1122240 2414.3
1122250 2404.0
1122260 2404.0
1122270 2394.5
1122280 2385.0
1122290 2375.8
1122300 2375.8
1122310 2368.8
1122320 2359.9
1122330 2359.9
1122340 2345.6
1122350 2336.5
1122360 2336.5
1122370 2327.3
1122380 2323.0
1122390 2323.0
1122400 2321.7
1122410 2320.5
1122420 2320.5
1122430 2317.6
1122440 2308.9
1122450 2308.9
1122460 2293.5
1122470 2282.1
1122480 2282.1
1122490 2274.4
1122500 2271.7
1122510 2265.0
1122520 2265.0
1122530 2258.3
1122540 2252.0
1122550 2252.0
1122560 2246.2
1122570 2241.1
1122580 2241.1
1122590 2235.5
1122600 2230.9
1122610 2230.9
1122620 2226.8
1122630 2223.1
1122640 2223.1
1122650 2218.5
1122660 2213.9
1122670 2213.9
1122680 2209.5
1122690 2205.2
1122700 2205.2
1122710 2200.8
1122720 2197.2
1122730 2197.2
1122740 2194.4
1122750 2192.2
1122760 2190.8
1122770 2190.8
1122780 2187.9
1122790 2185.5
1122800 2185.5
1122810 2183.2
1122820 2180.9
1122830 2180.9
1122840 2177.9
1122850 2175.7
1122860 2175.7
1122870 2173.6
1122880 2175.7
1122890 2175.7
1122900 2180.4
1122910 2184.6
1122920 2184.6
1122930 2187.0
1122940 2189.3
1122950 2189.3
1122960 2191.0
1122970 2188.3
1122980 2188.0
1122990 2188.0
1123000 2190.2
1123010 2193.4
1123020 2193.4
1123030 2194.9
1123040 2195.9
1123050 2195.9
1123060 2197.0
1123070 2197.5
1123080 2197.5
1123090 2199.3
1123100 2202.1
1123110 2202.1
1123120 2206.0
1123130 2211.5
1123140 2211.5
1123150 2214.9
1123160 2217.8
1123170 2217.8
1123180 2222.4
1123190 2227.2
1123200 2237.1
1123210 2237.1
1123220 2245.7
1123230 2259.6
1123240 2259.6
1123250 2267.5
1123260 2275.2
1123270 2275.2
1123280 2281.4
1123290 2285.2
1123300 2285.2
1123310 2284.4
1123320 2282.6
1123330 2282.6
1123340 2281.1
1123350 2277.5
1123360 2277.5
1123370 2276.2
1123380 2277.4
1123390 2277.4
1123400 2281.1
1123410 2283.6
1123420 2284.7
1123430 2284.7
1123440 2286.1
1123450 2287.0
1123460 2287.0
1123470 2288.4
1123480 2288.8
1123490 2288.8
1123500 2287.8
1123510 2283.8
1123520 2283.8
1123530 2285.5
1123540 2286.7
1123550 2286.7
1123560 2293.7
1123570 2296.5
1123580 2296.5
1123590 2296.0
1123600 2297.7
1123610 2297.7
1123620 2300.3
1123630 2304.6
1123640 2304.6
1123650 2309.0
1123660 2313.0
1123670 2317.8
1123680 2317.8
1123690 2324.3
1123700 2334.6
1123710 2334.6
1123720 2344.5
1123730 2353.0
1123740 2353.0
1123750 2358.3
1123760 2358.8
1123770 2358.8
1123780 2361.6
1123790 2370.5
1123800 2370.5
1123810 2379.7
1123820 2386.3
1123830 2386.3
1123840 2386.1
1123850 2390.4
1123860 2390.4
1123870 2394.1
1123880 2391.2
1123890 2386.3
1123900 2386.3
1123910 2385.5
1123920 2381.6
1123930 2381.6
1123940 2377.1
1123950 2370.8
1123960 2370.8
1123970 2365.4
1123980 2359.7
1123990 2359.7
1124000 2354.3
1124010 2346.6
1124020 2346.6
1124030 2337.3
1124040 2333.9
1124050 2333.9
1124060 2329.5
1124070 2325.7
1124080 2325.7
1124090 2322.4
1124100 2319.3
1124110 2317.4
1124120 2317.4
1124130 2315.4
1124140 2313.7
1124150 2313.7
1124160 2312.6
1124170 2311.5
1124180 2311.5
1124190 2309.6
1124200 2307.2
1124210 2307.2
1124220 2308.0
1124230 2307.9
1124240 2307.9
1124250 2307.1
1124260 2315.0
1124270 2315.0
1124280 2316.6
1124290 2317.6
1124300 2317.6
1124310 2317.4
1124320 2317.7
1124330 2318.8
1124340 2318.8
1124350 2321.0
1124360 2324.5
1124370 2324.5
1124380 2327.6
1124390 2328.6
1124400 2328.6
1124410 2329.4
1124420 2331.0
1124430 2331.0
1124440 2335.1
1124450 2341.3
1124460 2341.3
1124470 2349.1
1124480 2360.5
1124490 2360.5
1124500 2369.9
1124510 2379.6
1124520 2379.6
1124530 2390.7
1124540 2395.2
1124550 2395.2
1124560 2397.1
1124570 2397.3
1124580 2396.4
1124590 2396.4
1124600 2394.5
1124610 2405.3
1124620 2405.3
1124630 2407.3
1124640 2406.0
1124650 2406.0
1124660 2400.9
1124670 2394.9
1124680 2394.9
1124690 2390.5
1124700 2385.5
1124710 2385.5
1124720 2369.9
1124730 2355.9
1124740 2355.9
1124750 2346.2
1124760 2336.9
1124770 2336.9
1124780 2320.9
1124790 2308.1
1124800 2297.1
1124810 2297.1
1124820 2285.6
1124830 2270.9
1124840 2270.9
1124850 2266.9
1124860 2261.6
1124870 2261.6
1124880 2251.6
1124890 2246.5
1124900 2246.5
1124910 2240.0
1124920 2236.6
1124930 2236.6
1124940 2244.8
1124950 2245.5
1124960 2256.5
1124970 2253.1
1124980 2257.2
1124990 2257.2
1125000 2261.5
1125010 2263.4
1125020 2268.6
1125030 2268.6
1125040 2257.7
1125050 2236.2
1125060 2236.2
1125070 2224.5
1125080 2213.4
1125090 2213.4
1125100 2198.9
1125110 2181.7
1125120 2181.7
1125130 2164.5
1125140 2144.4
1125150 2144.4
1125160 2133.7
1125170 2131.5
1125180 2131.5
1125190 2130.4
1125200 2126.2
1125210 2126.2
1125220 2122.7
1125230 2123.6
1125240 2131.5
1125250 2131.5
1125260 2138.3
1125270 2143.7
1125280 2143.7
1125290 2141.3
1125300 2131.9
1125310 2131.9
1125320 2119.2
1125330 2114.9
1125340 2114.9
1125350 2113.4
1125360 2108.0
1125370 2108.0
1125380 2105.7
1125390 2098.7
1125400 2098.7
1125410 2094.3
1125420 2091.4
1125430 2091.4
1125440 2087.3
1125450 2088.3
1125460 2088.3
1125470 2090.7
1125480 2088.3
1125490 2076.6
1125500 2076.6
1125510 2066.1
1125520 2059.8
1125530 2059.8
1125540 2053.7
1125550 2047.3
1125560 2047.3
1125570 2042.0
1125580 2032.1
1125590 2032.1
1125600 2021.1
1125610 2012.2
1125620 2012.2
1125630 2012.3
1125640 2014.3
1125650 2014.3
1125660 2010.7
1125670 2013.4
1125680 2013.4
1125690 2015.3
1125700 2014.2
1125710 2011.6
1125720 2011.6
1125730 2008.8
1125740 2005.7
1125750 2005.7
1125760 2001.8
1125770 1997.8
1125780 1997.8
1125790 1993.0
1125800 1988.6
1125810 1988.6
1125820 1984.4
1125830 1979.9
1125840 1979.9
1125850 1975.3
1125860 1971.0
1125870 1971.0
1125880 1966.6
1125890 1962.5
1125900 1962.5
1125910 1960.3
1125920 1960.1
1125930 1957.6
1125940 1957.6
1125950 1956.1
1125960 1955.8
1125970 1955.8
1125980 1954.9
1125990 1954.2
1126000 1954.2
1126010 1953.5
1126020 1957.9
1126030 1957.9
1126040 1956.7
1126050 1954.9
1126060 1954.9
1126070 1953.9
1126080 1953.2
1126090 1953.2
1126100 1952.7
1126110 1952.7
1126120 1952.7
1126130 1951.6
1126140 1952.1
1126150 1952.7
1126160 1952.7
1126170 1954.8
1126180 1957.3
1126190 1957.3
1126200 1959.1
1126210 1962.8
1126220 1962.8
1126230 1967.4
1126240 1970.8
1126250 1970.8
1126260 1973.7
1126270 1976.6
1126280 1976.6
1126290 1980.3
1126300 1985.1
1126310 1985.1
1126320 1990.1
1126330 1995.0
1126340 1995.0
1126350 2000.0
1126360 2005.7
1126370 2005.7
1126380 2013.7
1126390 2021.2
1126400 2026.2
1126410 2026.2
1126420 2032.4
1126430 2039.2
1126440 2039.2
1126450 2046.6
1126460 2053.4
1126470 2053.4
1126480 2059.6
1126490 2066.0
1126500 2066.0
1126510 2072.7
1126520 2080.1
1126530 2080.1
1126540 2087.8
1126550 2095.7
1126560 2095.7
1126570 2111.5
1126580 2127.9
1126590 2127.9
1126600 2139.6
1126610 2153.4
1126620 2164.5
1126630 2164.5
1126640 2172.3
1126650 2179.0
1126660 2179.0
1126670 2187.5
1126680 2192.4
1126690 2192.4
1126700 2196.3
1126710 2200.0
1126720 2200.0
1126730 2209.3
1126740 2213.6
1126750 2213.6
1126760 2218.8
1126770 2224.2
1126780 2224.2
1126790 2229.8
1126800 2236.1
1126810 2236.1
1126820 2243.1
1126830 2257.5
1126840 2275.4
1126850 2275.4
1126860 2281.4
1126870 2284.9
1126880 2284.9
1126890 2287.8
1126900 2292.7
1126910 2292.7
1126920 2299.8
1126930 2300.4
1126940 2300.4
1126950 2302.3
1126960 2304.5
1126970 2304.5
1126980 2310.3
1126990 2321.9
1127000 2321.9
1127010 2327.5
1127020 2329.2
1127030 2329.2
1127040 2331.3
1127050 2335.2
1127060 2339.6
1127070 2339.6
1127080 2345.0
1127090 2353.4
1127100 2353.4
1127110 2356.4
1127120 2361.2
1127130 2361.2
1127140 2367.1
1127150 2372.2
1127160 2372.2
1127170 2375.0
1127180 2375.8
1127190 2375.8
1127200 2375.4
1127210 2375.3
1127220 2375.3
1127230 2376.8
1127240 2380.1
1127250 2380.1
1127260 2384.3
1127270 2388.5
1127280 2388.5
1127290 2391.9
1127300 2396.0
1127310 2400.5
1127320 2400.5
1127330 2405.1
1127340 2409.9
1127350 2409.9
1127360 2414.6
1127370 2419.5
1127380 2419.5
1127390 2424.5
1127400 2429.1
1127410 2429.1
1127420 2433.7
1127430 2438.3
1127440 2441.1
1127450 2446.2
1127460 2450.9
1127470 2450.9
1127480 2455.3
1127490 2460.0
1127500 2460.0
1127510 2464.5
1127520 2468.9
1127530 2472.5
1127540 2472.5
1127550 2476.2
1127560 2479.9
1127570 2479.9
1127580 2483.7
1127590 2487.3
1127600 2487.3
1127610 2491.3
1127620 2496.9
1127630 2496.9
1127640 2503.0
1127650 2509.2
1127660 2509.2
1127670 2515.1
1127680 2520.9
1127690 2520.9
1127700 2526.9
1127710 2533.1
1127720 2533.1
1127730 2538.6
1127740 2544.5
1127750 2550.3
1127760 2550.3
1127770 2556.4
1127780 2563.0
1127790 2563.0
1127800 2572.1
1127810 2578.6
1127820 2578.6
1127830 2585.4
1127840 2591.7
1127850 2591.7
1127860 2597.8
1127870 2604.5
1127880 2604.5
1127890 2613.8
1127900 2623.5
1127910 2623.5
1127920 2634.4
1127930 2643.9
1127940 2643.9
1127950 2648.3
1127960 2656.3
1127970 2667.7
1127980 2667.7
1127990 2676.7
1128000 2682.2
1128010 2682.2
1128020 2686.0
1128030 2696.1
1128040 2696.1
1128050 2704.0
1128060 2707.0
1128070 2707.0
1128080 2708.1
1128090 2710.7
1128100 2710.7
1128110 2714.0
1128120 2718.3
1128130 2718.3
1128140 2723.1
1128150 2739.4
1128160 2739.4
1128170 2744.8
1128180 2749.2
1128190 2749.2
1128200 2752.4
1128210 2754.4
1128220 2755.3
1128230 2755.3
1128240 2756.6
1128250 2756.8
1128260 2756.8
1128270 2756.4
1128280 2757.2
1128290 2757.2
1128300 2758.8
1128310 2760.4
1128320 2760.4
1128330 2762.2
1128340 2764.3
1128350 2764.3
1128360 2766.8
1128370 2769.7
1128380 2769.7
1128390 2773.8
1128400 2779.3
1128410 2779.3
1128420 2784.3
1128430 2788.9
1128440 2797.5
1128450 2797.5
1128460 2811.1
1128470 2818.6
1128480 2818.6
1128490 2808.6
1128500 2796.3
1128510 2784.5
1128520 2774.4
1128530 2759.3
1128540 2759.3
1128550 2750.8
1128560 2747.2
1128570 2747.2
1128580 2741.2
1128590 2733.7
1128600 2733.7
1128610 2731.4
1128620 2733.8
1128630 2733.8
1128640 2737.5
1128650 2735.6
1128660 2728.8
1128670 2728.8
1128680 2724.1
1128690 2723.1
1128700 2723.1
1128710 2724.5
1128720 2728.7
1128730 2728.7
1128740 2735.4
1128750 2744.7
1128760 2744.7
1128770 2751.5
1128780 2755.5
1128790 2755.5
1128800 2757.9
1128810 2758.3
1128820 2758.3
1128830 2764.2
1128840 2770.6
1128850 2770.6
1128860 2774.2
1128870 2764.6
1128880 2768.1
1128890 2768.1
1128900 2766.5
1128910 2756.3
1128920 2756.3
1128930 2748.4
1128940 2746.2
1128950 2746.2
1128960 2743.2
1128970 2738.8
1128980 2738.8
1128990 2733.6
1129000 2729.5
1129010 2729.5
1129020 2725.6
1129030 2722.5
1129040 2722.5
1129050 2720.0
1129060 2717.8
1129070 2717.8
1129080 2716.3
1129090 2715.8
1129100 2717.8
1129110 2717.8
1129120 2718.4
1129130 2717.7
1129140 2717.7
1129150 2717.4
1129160 2718.9
1129170 2718.9
1129180 2719.0
1129190 2719.9
1129200 2719.9
1129210 2724.3
1129220 2731.1
1129230 2731.1
1129240 2734.5
1129250 2733.6
1129260 2733.6
1129270 2726.1
1129280 2718.2
1129290 2718.2
1129300 2707.1
1129310 2696.3
1129320 2696.3
1129330 2689.2
1129340 2681.3
1129350 2674.7
1129360 2674.7
1129370 2670.7
1129380 2665.1
1129390 2665.1
1129400 2656.9
1129410 2649.3
1129420 2649.3
1129430 2643.6
1129440 2637.2
1129450 2637.2
1129460 2631.7
1129470 2627.0
1129480 2627.0
1129490 2623.0
1129500 2619.5
1129510 2619.5
1129520 2615.5
1129530 2612.1
1129540 2612.1
1129550 2610.0
1129560 2608.8
1129570 2607.1
1129580 2609.7
1129590 2607.4
1129600 2605.7
1129610 2605.7
1129620 2603.8
1129630 2600.4
1129640 2600.4
1129650 2598.0
1129660 2596.3
1129670 2596.3
1129680 2595.4
1129690 2595.6
1129700 2595.6
1129710 2595.7
1129720 2591.2
1129730 2591.2
1129740 2582.3
1129750 2570.4
1129760 2570.4
1129770 2560.4
1129780 2552.2
1129790 2546.6
1129800 2546.6
1129810 2542.1
1129820 2538.5
1129830 2538.5
1129840 2535.3
1129850 2532.8
1129860 2532.8
1129870 2531.1
1129880 2531.6
1129890 2531.6
1129900 2533.7
1129910 2534.4
1129920 2534.4
1129930 2533.3
1129940 2536.6
1129950 2536.6
1129960 2535.6
1129970 2535.1
1129980 2535.1
1129990 2537.4
1130000 2538.7
1130010 2540.8
1130020 2540.8
1130030 2544.1
1130040 2548.1
1130050 2548.1
1130060 2552.2
1130070 2556.0
1130080 2556.0
1130090 2559.8
1130100 2564.1
1130110 2564.1
1130120 2568.7
1130130 2573.7
1130140 2573.7
1130150 2577.7
1130160 2579.0
1130170 2579.0
1130180 2577.9
1130190 2576.8
1130200 2576.8
1130210 2576.4
1130220 2576.0
1130230 2576.0
1130240 2575.4
1130250 2573.5
1130260 2570.6
1130270 2570.6
1130280 2569.0
1130290 2568.0
1130300 2575.5
1130310 2573.2
1130320 2568.9
1130330 2568.9
1130340 2564.3
1130350 2560.5
1130360 2560.5
1130370 2556.2
1130380 2550.6
1130390 2550.6
1130400 2543.5
1130410 2537.2
1130420 2537.2
1130430 2534.3
1130440 2532.0
1130450 2532.0
1130460 2529.7
1130470 2527.5
1130480 2525.5
1130490 2525.5
1130500 2524.3
1130510 2522.1
1130520 2522.1
1130530 2519.4
1130540 2517.5
1130550 2517.5
1130560 2514.5
1130570 2510.5
1130580 2510.5
1130590 2508.0
1130600 2506.8
1130610 2506.8
1130620 2506.1
1130630 2505.4
1130640 2505.4
1130650 2508.7
1130660 2509.0
1130670 2509.0
1130680 2511.4
1130690 2513.5
1130700 2514.4
1130710 2514.4
1130720 2514.1
1130730 2517.4
1130740 2517.4
1130750 2519.6
1130760 2522.8
1130770 2522.8
1130780 2524.5
1130790 2523.9
1130800 2523.9
1130810 2523.4
1130820 2524.8
1130830 2524.8
1130840 2525.1
1130850 2524.8
1130860 2524.8
1130870 2524.4
1130880 2524.7
1130890 2524.7
1130900 2525.2
1130910 2526.6
1130920 2527.7
1130930 2527.7
1130940 2529.5
1130950 2531.6
1130960 2531.6
1130970 2531.7
1130980 2532.2
1130990 2532.2
1131000 2533.2
1131010 2537.3
1131020 2537.3
1131030 2536.1
1131040 2537.3
1131050 2537.3
1131060 2540.9
1131070 2543.7
1131080 2543.7
1131090 2547.5
1131100 2553.3
1131110 2553.3
1131120 2563.2
1131130 2568.1
1131140 2568.1
1131150 2564.0
1131160 2559.6
1131170 2554.6
1131180 2554.6
1131190 2551.9
1131200 2551.4
1131210 2551.4
1131220 2545.8
1131230 2537.8
1131240 2537.8
1131250 2531.5
1131260 2525.7
1131270 2525.7
1131280 2519.0
1131290 2512.9
1131300 2512.9
1131310 2510.1
1131320 2509.5
1131330 2509.5
1131340 2509.8
1131350 2509.4
1131360 2509.4
1131370 2504.1
1131380 2503.7
1131390 2503.6
1131400 2503.6
1131410 2503.1
1131420 2501.4
1131430 2501.4
1131440 2501.1
1131450 2501.1
1131460 2501.1
1131470 2499.0
1131480 2498.8
1131490 2498.8
1131500 2499.6
1131510 2497.8
1131520 2497.8
1131530 2496.7
1131540 2496.6
1131550 2496.6
1131560 2497.1
1131570 2498.6
1131580 2498.6
1131590 2502.3
1131600 2505.8
1131610 2508.1
1131620 2508.1
1131630 2509.7
1131640 2511.0
1131650 2511.0
1131660 2512.1
1131670 2513.9
1131680 2513.9
1131690 2516.8
1131700 2520.3
1131710 2520.3
1131720 2524.3
1131730 2522.7
1131740 2522.7
1131750 2524.8
1131760 2524.5
1131770 2524.5
1131780 2526.4
1131790 2528.7
1131800 2528.7
1131810 2530.7
1131820 2533.5
1131830 2535.3
1131840 2535.3
1131850 2537.2
1131860 2540.1
1131870 2540.1
1131880 2543.4
1131890 2546.4
1131900 2546.4
1131910 2549.3
1131920 2552.1
1131930 2552.1
1131940 2555.2
1131950 2556.7
1131960 2556.7
1131970 2556.9
1131980 2555.9
1131990 2555.9
1132000 2555.0
1132010 2554.9
1132020 2554.9
1132030 2554.4
1132040 2553.0
1132050 2553.0
1132060 2550.9
1132070 2548.8
1132080 2546.6
1132090 2543.1
1132100 2541.8
1132110 2541.3
1132120 2541.3
1132130 2540.8
1132140 2541.4
1132150 2541.4
1132160 2539.5
1132170 2535.8
1132180 2535.8
1132190 2535.5
1132200 2537.0
1132210 2537.0
1132220 2537.5
1132230 2538.9
1132240 2538.9
1132250 2540.2
1132260 2540.4
1132270 2540.4
1132280 2540.2
1132290 2540.7
1132300 2541.3
1132310 2541.3
1132320 2541.8
1132330 2543.4
1132340 2543.4
1132350 2546.2
1132360 2550.1
1132370 2550.1
1132380 2553.5
1132390 2556.3
1132400 2556.3
1132410 2555.8
1132420 2547.1
1132430 2547.1
1132440 2539.1
1132450 2538.7
1132460 2538.7
1132470 2536.6
1132480 2535.9
1132490 2535.9
1132500 2534.8
1132510 2531.5
1132520 2527.9
1132530 2527.9
1132540 2522.6
1132550 2516.7
1132560 2516.7
1132570 2512.7
1132580 2508.5
1132590 2508.5
1132600 2503.4
1132610 2497.6
1132620 2497.6
1132630 2491.8
1132640 2486.3
1132650 2486.3
1132660 2481.6
1132670 2477.7
1132680 2477.7
1132690 2474.3
1132700 2471.0
1132710 2471.0
1132720 2468.5
1132730 2466.3
1132740 2464.5
1132750 2464.5
1132760 2462.3
1132770 2459.3
1132780 2459.3
1132790 2455.9
1132800 2452.2
1132810 2451.2
1132820 2447.5
1132830 2444.4
1132840 2444.4
1132850 2441.2
1132860 2439.9
1132870 2439.9
1132880 2438.7
1132890 2436.0
1132900 2436.0
1132910 2434.9
1132920 2434.5
1132930 2434.5
1132940 2433.8
1132950 2432.2
1132960 2432.2
1132970 2429.7
1132980 2427.9
1132990 2426.3
1133000 2426.3
1133010 2424.8
1133020 2422.6
1133030 2422.6
1133040 2421.5
1133050 2420.6
1133060 2420.6
1133070 2419.9
1133080 2419.6
1133090 2419.6
1133100 2418.6
1133110 2417.8
1133120 2417.8
1133130 2416.4
1133140 2411.1
1133150 2411.1
1133160 2405.4
1133170 2402.1
1133180 2402.1
1133190 2399.3
1133200 2396.8
1133210 2394.0
1133220 2394.0
1133230 2389.3
1133240 2381.9
1133250 2381.9
1133260 2374.5
1133270 2368.2
1133280 2368.2
1133290 2361.5
1133300 2355.5
1133310 2355.5
1133320 2351.3
1133330 2348.6
1133340 2348.6
1133350 2345.8
1133360 2342.9
1133370 2342.9
1133380 2339.3
1133390 2335.1
1133400 2335.1
1133410 2330.9
1133420 2326.2
1133430 2321.1
1133440 2321.1
1133450 2316.1
1133460 2312.4
1133470 2312.4
1133480 2310.4
1133490 2306.0
1133500 2306.0
1133510 2294.7
1133520 2282.6
1133530 2287.9
1133540 2281.3
1133550 2276.8
1133560 2276.8
1133570 2269.4
1133580 2261.3
1133590 2261.3
1133600 2256.4
1133610 2252.3
1133620 2252.3
1133630 2247.2
1133640 2241.7
1133650 2235.3
1133660 2235.3
1133670 2231.3
1133680 2226.4
1133690 2226.4
1133700 2220.8
1133710 2215.2
1133720 2215.2
1133730 2210.2
1133740 2204.4
1133750 2204.4
1133760 2197.8
1133770 2191.2
1133780 2191.2
1133790 2184.3
1133800 2177.3
1133810 2177.3
1133820 2169.9
1133830 2162.1
1133840 2162.1
1133850 2155.0
1133860 2148.3
1133870 2141.8
1133880 2141.8
1133890 2134.8
1133900 2129.3
1133910 2129.3
1133920 2122.4
1133930 2114.9
1133940 2114.9
1133950 2108.4
1133960 2103.0
1133970 2103.0
1133980 2097.8
1133990 2093.0
1134000 2093.0
1134010 2087.7
1134020 2079.9
1134030 2079.9
1134040 2072.0
1134050 2066.9
1134060 2066.9
1134070 2061.5
1134080 2055.1
1134090 2055.1
1134100 2047.8
1134110 2039.0
1134120 2026.7
1134130 2026.7
1134140 2013.5
1134150 2001.0
1134160 2001.0
1134170 1991.5
1134180 1983.3
1134190 1983.3
1134200 1975.6
1134210 1970.6
1134220 1970.6
1134230 1968.2
1134240 1966.9
1134250 1966.9
1134260 1955.1
1134270 1951.5
1134280 1951.5
1134290 1948.6
1134300 1945.5
1134310 1945.5
1134320 1943.7
1134330 1939.5
1134340 1934.0
1134350 1934.0
1134360 1929.4
1134370 1926.6
1134380 1926.6
1134390 1926.5
1134400 1925.1
1134410 1925.1
1134420 1919.9
1134430 1915.7
1134440 1915.7
1134450 1914.3
1134460 1913.6
1134470 1913.6
1134480 1909.9
1134490 1904.6
1134500 1904.6
1134510 1901.1
1134520 1898.5
1134530 1898.5
1134540 1893.5
1134550 1889.3
1134560 1885.3
1134570 1885.3
1134580 1877.8
1134590 1869.0
1134600 1869.0
1134610 1858.9
1134620 1845.9
1134630 1845.9
1134640 1833.1
1134650 1818.3
1134660 1818.3
1134670 1805.9
1134680 1799.9
1134690 1799.9
1134700 1796.6
1134710 1793.0
1134720 1793.0
1134730 1789.2
1134740 1784.4
1134750 1784.4
1134760 1780.2
1134770 1776.9
1134780 1774.1
1134790 1774.1
1134800 1770.9
1134810 1768.6
1134820 1768.6
1134830 1765.3
1134840 1761.8
1134850 1761.8
1134860 1758.3
1134870 1755.2
1134880 1755.2
1134890 1751.6
1134900 1747.4
1134910 1747.4
1134920 1742.4
1134930 1736.5
1134940 1736.5
1134950 1731.1
1134960 1725.7
1134970 1725.7
1134980 1715.7
1134990 1711.8
1135000 1711.8
1135010 1708.2
1135020 1703.7
1135030 1698.3
1135040 1698.3
1135050 1692.7
1135060 1687.7
1135070 1687.7
1135080 1681.4
1135090 1674.9
1135100 1674.9
1135110 1668.5
1135120 1661.3
1135130 1661.3
1135140 1655.5
1135150 1649.9
1135160 1649.9
1135170 1645.4
1135180 1642.1
1135190 1642.1
1135200 1638.8
1135210 1635.1
1135220 1635.1
1135230 1629.5
1135240 1624.2
1135250 1617.7
1135260 1617.7
1135270 1608.8
1135280 1599.7
1135290 1599.7
1135300 1591.7
1135310 1585.0
1135320 1585.0
1135330 1580.8
1135340 1579.7
1135350 1580.1
1135360 1580.2
1135370 1579.7
1135380 1579.7
1135390 1579.1
1135400 1578.7
1135410 1578.7
1135420 1579.9
1135430 1583.8
1135440 1583.8
1135450 1588.5
1135460 1591.5
1135470 1590.7
1135480 1590.7
1135490 1594.9
1135500 1600.5
1135510 1600.5
1135520 1604.6
1135530 1611.1
1135540 1611.1
1135550 1618.6
1135560 1625.1
1135570 1625.1
1135580 1631.5
1135590 1638.7
1135600 1638.7
1135610 1646.0
1135620 1653.4
1135630 1653.4
1135640 1660.2
1135650 1666.4
1135660 1666.4
1135670 1672.9
1135680 1678.3
1135690 1685.3
1135700 1685.3
1135710 1700.3
1135720 1708.7
1135730 1708.7
1135740 1718.3
1135750 1729.7
1135760 1729.7
1135770 1740.7
1135780 1751.1
1135790 1751.1
1135800 1763.1
1135810 1781.8
1135820 1781.8
1135830 1806.8
1135840 1824.1
1135850 1824.1
1135860 1838.9
1135870 1846.5
1135880 1846.5
1135890 1852.4
1135900 1859.1
1135910 1859.1
1135920 1865.0
1135930 1870.4
1135940 1874.7
1135950 1874.7
1135960 1879.5
1135970 1884.6
1135980 1884.6
1135990 1889.8
1136000 1896.0
1136010 1896.0
1136020 1903.6
1136030 1911.4
1136040 1911.4
1136050 1919.5
1136060 1927.9
1136070 1933.5
1136080 1942.4
1136090 1952.5
1136100 1952.5
1136110 1964.4
1136120 1972.9
1136130 1972.9
1136140 1979.5
1136150 1987.4
1136160 1998.3
1136170 1998.3
1136180 2010.9
1136190 2022.1
1136200 2022.1
1136210 2032.2
1136220 2040.4
1136230 2040.4
1136240 2051.4
1136250 2059.4
1136260 2059.4
1136270 2065.0
1136280 2073.6
1136290 2073.6
1136300 2082.8
1136310 2091.8
1136320 2091.8
1136330 2099.9
1136340 2104.7
1136350 2104.7
1136360 2110.4
1136370 2116.3
1136380 2121.2
1136390 2121.2
1136400 2125.3
1136410 2128.4
1136420 2128.4
1136430 2129.8
1136440 2135.3
1136450 2135.3
1136460 2140.2
1136470 2144.7
1136480 2144.7
1136490 2148.6
1136500 2151.2
1136510 2151.2
1136520 2153.0
1136530 2157.3
1136540 2157.3
1136550 2162.4
1136560 2167.1
1136570 2167.1
1136580 2172.1
1136590 2177.8
1136600 2181.6
1136610 2181.6
1136620 2185.2
1136630 2189.5
1136640 2189.5
1136650 2193.2
1136660 2196.1
1136670 2196.1
1136680 2200.2
1136690 2201.6
1136700 2201.6
1136710 2203.2
1136720 2206.8
1136730 2206.8
1136740 2211.1
1136750 2212.8
1136760 2212.8
1136770 2213.7
1136780 2215.8
1136790 2215.8
1136800 2220.2
1136810 2221.1
1136820 2222.2
1136830 2222.2
1136840 2225.6
1136850 2227.7
1136860 2227.7
1136870 2229.6
1136880 2230.7
1136890 2230.7
1136900 2229.8
1136910 2229.7
1136920 2229.7
1136930 2230.6
1136940 2230.7
1136950 2230.7
1136960 2229.7
1136970 2227.8
1136980 2227.8
1136990 2227.8
1137000 2229.5
1137010 2229.5
1137020 2232.1
1137030 2230.7
1137040 2230.7
1137050 2227.1
1137060 2222.1
1137070 2216.3
1137080 2216.3
1137090 2210.6
1137100 2206.6
1137110 2206.6
1137120 2201.0
1137130 2197.9
1137140 2197.9
1137150 2197.4
1137160 2193.9
1137170 2196.1
1137180 2189.8
1137190 2183.9
1137200 2183.9
1137210 2177.0
1137220 2167.4
1137230 2167.4
1137240 2152.4
1137250 2134.2
1137260 2134.2
1137270 2120.7
1137280 2107.3
1137290 2096.8
1137300 2096.8
1137310 2087.3
1137320 2079.1
1137330 2079.1
1137340 2071.0
1137350 2062.8
1137360 2062.8
1137370 2055.0
1137380 2047.3
1137390 2047.3
1137400 2038.1
1137410 2030.6
1137420 2030.6
1137430 2023.4
1137440 2017.3
1137450 2017.3
1137460 2012.8
1137470 2007.3
1137480 2007.3
1137490 2001.8
1137500 1997.4
1137510 1993.4
1137520 1993.4
1137530 1996.8
1137540 1992.9
1137550 1992.9
1137560 1989.9
1137570 1987.8
1137580 1987.8
1137590 1985.9
1137600 1982.2
1137610 1982.2
1137620 1979.9
1137630 1980.1
1137640 1980.1
1137650 1981.3
1137660 1985.2
1137670 1985.2
1137680 1988.8
1137690 1992.4
1137700 1992.4
1137710 1996.0
1137720 1999.6
1137730 2003.3
1137740 2003.3
1137750 2006.6
1137760 2010.1
1137770 2010.1
1137780 2013.8
1137790 2017.8
1137800 2017.8
1137810 2022.5
1137820 2026.5
1137830 2026.5
1137840 2030.1
1137850 2034.4
1137860 2034.4
1137870 2038.7
1137880 2043.3
1137890 2043.3
1137900 2050.0
1137910 2054.8
1137920 2054.8
1137930 2059.7
1137940 2064.8
1137950 2064.8
1137960 2069.9
1137970 2074.4
1137980 2078.3
1137990 2078.3
1138000 2082.7
1138010 2086.6
1138020 2086.6
1138030 2091.5
1138040 2097.7
1138050 2097.7
1138060 2104.7
1138070 2111.9
1138080 2111.9
1138090 2119.3
1138100 2126.6
1138110 2126.6
1138120 2133.7
1138130 2141.0
1138140 2141.0
1138150 2149.4
1138160 2157.1
1138170 2157.1
1138180 2165.6
1138190 2177.6
1138200 2187.4
1138210 2187.4
1138220 2197.6
1138230 2207.9
1138240 2207.9
1138250 2217.9
1138260 2235.6
1138270 2235.6
1138280 2247.6
1138290 2259.2
1138300 2259.2
1138310 2269.1
1138320 2280.2
1138330 2280.2
1138340 2291.0
1138350 2299.4
1138360 2299.4
1138370 2306.8
1138380 2314.7
1138390 2314.7
1138400 2323.3
1138410 2331.0
1138420 2338.5
1138430 2338.5
1138440 2343.6
1138450 2349.6
1138460 2349.6
1138470 2356.7
1138480 2363.6
1138490 2363.6
1138500 2371.1
1138510 2378.3
1138520 2378.3
1138530 2382.2
1138540 2377.8
1138550 2377.8
1138560 2378.5
1138570 2396.4
1138580 2396.4
1138590 2409.4
1138600 2425.0
1138610 2425.0
1138620 2441.6
1138630 2447.5
1138640 2455.6
1138650 2455.6
1138660 2461.5
1138670 2467.0
1138680 2467.0
1138690 2474.4
1138700 2479.8
1138710 2479.8
1138720 2482.1
1138730 2480.4
1138740 2480.4
1138750 2480.0
1138760 2481.9
1138770 2481.9
1138780 2483.3
1138790 2486.4
1138800 2486.4
1138810 2491.7
1138820 2500.3
1138830 2500.3
1138840 2508.1
1138850 2514.2
1138860 2519.1
1138870 2519.1
1138880 2522.6
1138890 2524.9
1138900 2524.9
1138910 2529.1
1138920 2534.9
1138930 2534.9
1138940 2543.5
1138950 2557.3
1138960 2557.3
1138970 2570.3
1138980 2579.8
1138990 2579.8
1139000 2579.3
1139010 2582.5
1139020 2582.5
1139030 2587.6
1139040 2592.3
1139050 2592.3
1139060 2596.7
1139070 2600.6
1139080 2600.6
1139090 2604.4
1139100 2609.5
1139110 2615.6
1139120 2615.6
1139130 2622.0
1139140 2628.4
1139150 2628.4
1139160 2634.5
1139170 2640.8
1139180 2640.8
1139190 2647.7
1139200 2655.2
1139210 2655.2
1139220 2662.8
1139230 2670.5
1139240 2670.5
1139250 2678.1
1139260 2686.0
1139270 2686.0
1139280 2693.6
1139290 2701.5
1139300 2701.5
1139310 2709.2
1139320 2717.4
1139330 2726.8
1139340 2726.8
1139350 2736.1
1139360 2756.0
1139370 2756.0
1139380 2756.8
1139390 2766.3
1139400 2766.3
1139410 2777.8
1139420 2786.7
1139430 2786.7
1139440 2790.9
1139450 2796.5
1139460 2796.5
1139470 2805.0
1139480 2814.3
1139490 2814.3
1139500 2815.9
1139510 2813.8
1139520 2813.8
1139530 2811.7
1139540 2808.4
1139550 2806.0
1139560 2806.0
1139570 2797.8
1139580 2781.3
1139590 2781.3
1139600 2769.5
1139610 2758.0
1139620 2758.0
1139630 2744.2
1139640 2733.6
1139650 2733.6
1139660 2731.9
1139670 2721.1
1139680 2721.1
1139690 2716.6
1139700 2711.1
1139710 2711.1
1139720 2701.6
1139730 2688.0
1139740 2688.0
1139750 2680.0
1139760 2676.8
1139770 2673.0
1139780 2673.0
1139790 2668.1
1139800 2662.9
1139810 2662.9
1139820 2658.0
1139830 2653.3
1139840 2653.3
1139850 2649.2
1139860 2646.8
1139870 2646.8
1139880 2647.2
1139890 2646.2
1139900 2646.2
1139910 2646.8
1139920 2646.2
1139930 2646.2
1139940 2644.2
1139950 2640.9
1139960 2640.9
1139970 2629.3
1139980 2623.8
1139990 2623.8
