1120000 1751.7
1120010 1754.8
1120020 1757.8
1120030 1757.8
1120040 1761.2
1120050 1764.6
1120060 1764.6
1120070 1767.6
1120080 1771.4
1120090 1771.4
1120100 1775.4
1120110 1779.1
1120120 1779.1
1120130 1782.3
1120140 1786.2
1120150 1786.2
1120160 1789.6
1120170 1793.8
1120180 1793.8
1120190 1799.8
1120200 1806.6
1120210 1806.6
1120220 1807.4
1120230 1807.9
1120240 1811.9
1120250 1811.9
1120260 1814.8
1120270 1818.8
1120280 1818.8
1120290 1823.5
1120300 1830.2
1120310 1830.2
1120320 1837.6
1120330 1843.8
1120340 1843.8
1120350 1850.1
1120360 1859.6
1120370 1859.6
1120380 1869.5
1120390 1875.9
1120400 1875.9
1120410 1883.2
1120420 1890.3
1120430 1890.3
1120440 1897.0
1120450 1903.3
1120460 1922.6
1120470 1922.6
1120480 1930.9
1120490 1934.5
1120500 1934.5
1120510 1938.1
1120520 1941.8
1120530 1941.8
1120540 1944.5
1120550 1947.3
1120560 1947.3
1120570 1949.4
1120580 1951.3
1120590 1951.3
1120600 1953.4
1120610 1955.2
1120620 1955.2
1120630 1957.2
1120640 1958.7
1120650 1958.7
1120660 1960.7
1120670 1962.3
1120680 1963.8
1120690 1963.8
1120700 1965.0
1120710 1966.7
1120720 1966.7
1120730 1968.5
1120740 1969.2
1120750 1969.2
1120760 1969.3
1120770 1969.9
1120780 1969.9
1120790 1970.9
1120800 1971.8
1120810 1971.8
1120820 1973.5
1120830 1976.8
1120840 1976.8
1120850 1981.2
1120860 1986.5
1120870 1986.5
1120880 1991.8
1120890 1997.4
1120900 1997.4
1120910 2003.4
1120920 2010.2
1120930 2017.4
1120940 2017.4
1120950 2024.0
1120960 2030.3
1120970 2030.3
1120980 2037.7
1120990 2044.3
1121000 2044.3
1121010 2048.9
1121020 2051.5
1121030 2051.5
1121040 2052.4
1121050 2054.4
1121060 2054.4
1121070 2056.5
1121080 2057.8
1121090 2057.8
1121100 2060.0
1121110 2061.5
1121120 2061.5
1121130 2062.8
1121140 2064.5
1121150 2071.6
1121160 2071.6
1121170 2075.0
1121180 2077.9
1121190 2077.9
1121200 2080.2
1121210 2082.7
1121220 2082.7
1121230 2085.5
1121240 2087.1
1121250 2087.1
1121260 2090.9
1121270 2095.2
1121280 2095.2
1121290 2098.4
1121300 2102.8
1121310 2102.8
1121320 2110.8
1121330 2120.7
1121340 2120.7
1121350 2127.9
1121360 2135.0
1121370 2143.6
1121380 2143.6
1121390 2152.4
1121400 2159.7
1121410 2159.7
1121420 2170.8
1121430 2190.0
1121440 2190.0
1121450 2200.0
1121460 2206.0
1121470 2206.0
1121480 2211.3
1121490 2216.2
1121500 2218.5
1121510 2227.9
1121520 2232.5
1121530 2232.5
1121540 2236.8
1121550 2243.1
1121560 2243.1
1121570 2248.8
1121580 2253.0
1121590 2253.0
1121600 2257.4
1121610 2263.2
1121620 2265.1
1121630 2265.1
1121640 2264.0
1121650 2264.1
1121660 2264.1
1121670 2263.8
1121680 2262.8
1121690 2262.8
1121700 2264.0
1121710 2265.6
1121720 2265.6
1121730 2267.3
1121740 2269.7
1121750 2269.7
1121760 2272.1
1121770 2274.8
1121780 2274.8
1121790 2277.4
1121800 2279.4
1121810 2279.4
1121820 2280.7
1121830 2280.6
1121840 2281.2
1121850 2284.8
1121860 2285.0
1121870 2286.5
1121880 2286.5
1121890 2286.6
1121900 2288.0
1121910 2288.0
1121920 2290.2
1121930 2291.0
1121940 2291.0
1121950 2293.5
1121960 2298.4
1121970 2298.4
1121980 2303.8
1121990 2315.9
1122000 2315.9
1122010 2322.1
1122020 2326.9
1122030 2326.9
1122040 2333.4
1122050 2341.0
1122060 2348.3
1122070 2348.3
1122080 2356.0
1122090 2363.7
1122100 2363.7
1122110 2373.4
1122120 2391.3
1122130 2391.3
1122140 2408.0
1122150 2421.9
1122160 2421.9
1122170 2442.8
1122180 2460.2
1122190 2460.2
1122200 2475.1
1122210 2484.2
1122220 2484.2
1122230 2490.4
1122240 2491.6
1122250 2491.6
1122260 2489.6
1122270 2486.3
1122280 2486.3
1122290 2482.6
1122300 2475.5
1122310 2468.6
1122320 2468.6
1122330 2462.6
1122340 2460.3
1122350 2460.3
1122360 2455.6
1122370 2448.4
1122380 2448.4
1122390 2441.1
1122400 2434.9
1122410 2434.9
1122420 2420.0
1122430 2406.4
1122440 2406.4
1122450 2398.1
1122460 2389.7
1122470 2389.7
1122480 2383.2
1122490 2376.3
1122500 2376.3
1122510 2368.3
1122520 2355.7
1122530 2349.6
1122540 2349.6
1122550 2350.9
1122560 2346.2
1122570 2346.2
1122580 2341.4
1122590 2333.7
1122600 2333.7
1122610 2320.7
1122620 2309.6
1122630 2309.6
1122640 2303.2
1122650 2299.1
1122660 2299.1
1122670 2290.9
1122680 2275.7
1122690 2275.7
1122700 2267.5
1122710 2261.6
1122720 2261.6
1122730 2256.9
1122740 2253.3
1122750 2250.0
1122760 2250.0
1122770 2244.3
1122780 2237.9
1122790 2237.9
1122800 2232.3
1122810 2226.7
1122820 2226.7
1122830 2221.2
1122840 2216.6
1122850 2216.6
1122860 2214.1
1122870 2212.2
1122880 2212.2
1122890 2211.5
1122900 2213.0
1122910 2213.0
1122920 2210.2
1122930 2207.0
1122940 2207.0
1122950 2203.6
1122960 2200.2
1122970 2196.3
1122980 2196.3
1122990 2192.1
1123000 2188.4
1123010 2188.4
1123020 2185.2
1123030 2181.6
1123040 2181.6
1123050 2178.6
1123060 2178.6
1123070 2178.6
1123080 2178.6
1123090 2178.3
1123100 2178.3
1123110 2177.9
1123120 2177.0
1123130 2177.0
1123140 2176.0
1123150 2174.5
1123160 2174.5
1123170 2172.3
1123180 2169.1
1123190 2169.1
1123200 2164.0
1123210 2162.8
1123220 2161.2
1123230 2161.2
1123240 2158.8
1123250 2163.4
1123260 2163.4
1123270 2160.2
1123280 2161.7
1123290 2161.7
1123300 2164.5
1123310 2162.5
1123320 2162.5
1123330 2155.7
1123340 2147.0
1123350 2147.0
1123360 2141.8
1123370 2139.6
1123380 2139.6
1123390 2139.3
1123400 2133.9
1123410 2133.9
1123420 2127.9
1123430 2127.4
1123440 2135.0
1123450 2135.0
1123460 2142.2
1123470 2139.8
1123480 2139.8
1123490 2133.5
1123500 2127.4
1123510 2127.4
1123520 2123.7
1123530 2123.6
1123540 2123.6
1123550 2124.3
1123560 2121.5
1123570 2121.5
1123580 2118.7
1123590 2116.1
1123600 2116.1
1123610 2118.7
1123620 2115.6
1123630 2115.6
1123640 2112.1
1123650 2108.7
1123660 2104.0
1123670 2104.0
1123680 2098.3
1123690 2091.8
1123700 2091.8
1123710 2085.1
1123720 2078.2
1123730 2078.2
1123740 2071.5
1123750 2064.7
1123760 2064.7
1123770 2057.5
1123780 2050.7
1123790 2050.7
1123800 2048.1
1123810 2044.7
1123820 2044.7
1123830 2040.4
1123840 2035.1
1123850 2035.1
1123860 2030.6
1123870 2026.6
1123880 2026.6
1123890 2022.2
1123900 2017.8
1123910 2014.8
1123920 2014.8
1123930 2012.8
1123940 2011.3
1123950 2011.3
1123960 2016.1
1123970 2015.3
1123980 2015.3
1123990 2015.7
1124000 2017.2
1124010 2017.2
1124020 2018.3
1124030 2019.3
1124040 2019.3
1124050 2019.2
1124060 2017.7
1124070 2017.7
1124080 2017.9
1124090 2021.9
1124100 2021.9
1124110 2021.7
1124120 2017.3
1124130 2015.4
1124140 2015.4
1124150 2016.4
1124160 2016.2
1124170 2016.2
1124180 2015.6
1124190 2015.8
1124200 2015.8
1124210 2015.2
1124220 2014.0
1124230 2014.0
1124240 2014.6
1124250 2014.9
1124260 2014.9
1124270 2017.7
1124280 2023.6
1124290 2023.6
1124300 2023.2
1124310 2029.2
1124320 2029.2
1124330 2025.6
1124340 2021.7
1124350 2017.9
1124360 2017.9
1124370 2014.8
1124380 2008.0
1124390 2008.0
1124400 1998.5
1124410 1989.0
1124420 1989.0
1124430 1977.9
1124440 1967.7
1124450 1967.7
1124460 1961.5
1124470 1954.7
1124480 1954.7
1124490 1944.2
1124500 1937.2
1124510 1937.2
1124520 1931.8
1124530 1926.0
1124540 1926.0
1124550 1919.9
1124560 1910.5
1124570 1910.5
1124580 1901.5
1124590 1893.0
1124600 1884.0
1124610 1884.0
1124620 1870.9
1124630 1859.7
1124640 1859.7
1124650 1850.7
1124660 1840.8
1124670 1840.8
1124680 1834.0
1124690 1827.6
1124700 1827.6
1124710 1822.2
1124720 1816.0
1124730 1816.0
1124740 1809.5
1124750 1804.1
1124760 1804.1
1124770 1798.7
1124780 1792.1
1124790 1792.1
1124800 1785.7
1124810 1778.5
1124820 1771.6
1124830 1771.6
1124840 1764.8
1124850 1759.1
1124860 1759.1
1124870 1753.8
1124880 1749.0
1124890 1749.0
1124900 1745.2
1124910 1742.2
1124920 1742.2
1124930 1738.8
1124940 1733.8
1124950 1733.8
1124960 1730.9
1124970 1725.8
1124980 1725.8
1124990 1720.9
1125000 1715.5
1125010 1713.8
1125020 1709.2
1125030 1705.3
1125040 1700.7
1125050 1700.7
1125060 1695.1
1125070 1689.5
1125080 1689.5
1125090 1683.7
1125100 1679.3
1125110 1679.3
1125120 1674.1
1125130 1667.9
1125140 1667.9
1125150 1660.3
1125160 1647.9
1125170 1647.9
1125180 1635.8
1125190 1625.0
1125200 1625.0
1125210 1614.4
1125220 1605.3
1125230 1605.3
1125240 1597.0
1125250 1588.9
1125260 1588.9
1125270 1580.9
1125280 1573.6
1125290 1567.3
1125300 1567.3
1125310 1561.1
1125320 1555.8
1125330 1555.8
1125340 1553.1
1125350 1551.8
1125360 1551.8
1125370 1550.5
1125380 1550.0
1125390 1550.0
1125400 1552.7
1125410 1552.2
1125420 1552.2
1125430 1551.3
1125440 1551.7
1125450 1551.7
1125460 1552.9
1125470 1554.4
1125480 1554.4
1125490 1555.9
1125500 1558.1
1125510 1559.7
1125520 1559.7
1125530 1560.8
1125540 1562.7
1125550 1562.7
1125560 1566.7
1125570 1571.1
1125580 1571.1
1125590 1574.6
1125600 1577.8
1125610 1577.8
1125620 1581.0
1125630 1584.4
1125640 1584.4
1125650 1588.3
1125660 1592.7
1125670 1592.7
1125680 1597.6
1125690 1602.1
1125700 1602.1
1125710 1606.5
1125720 1612.4
1125730 1615.9
1125740 1615.9
1125750 1620.7
1125760 1627.0
1125770 1627.0
1125780 1633.1
1125790 1638.8
1125800 1638.8
1125810 1644.4
1125820 1650.0
1125830 1650.0
1125840 1655.3
1125850 1660.1
1125860 1660.1
1125870 1665.4
1125880 1670.7
1125890 1670.7
1125900 1676.3
1125910 1683.2
1125920 1683.2
1125930 1690.2
1125940 1697.2
1125950 1697.2
1125960 1704.5
1125970 1711.6
1125980 1719.0
1125990 1719.0
1126000 1726.4
1126010 1733.8
1126020 1733.8
1126030 1741.4
1126040 1749.4
1126050 1749.4
1126060 1757.0
1126070 1769.0
1126080 1769.0
1126090 1776.4
1126100 1785.1
1126110 1785.1
1126120 1794.6
1126130 1803.8
1126140 1803.8
1126150 1814.2
1126160 1823.0
1126170 1823.0
1126180 1833.0
1126190 1842.8
1126200 1854.0
1126210 1854.0
1126220 1864.9
1126230 1874.5
1126240 1874.5
1126250 1882.8
1126260 1892.6
1126270 1892.6
1126280 1905.0
1126290 1916.3
1126300 1916.3
1126310 1924.3
1126320 1933.6
1126330 1933.6
1126340 1941.3
1126350 1947.8
1126360 1947.8
1126370 1953.5
1126380 1959.4
1126390 1959.4
1126400 1965.2
1126410 1971.8
1126420 1978.6
1126430 1976.6
1126440 1982.9
1126450 1988.7
1126460 1988.7
1126470 1993.9
1126480 1998.7
1126490 1998.7
1126500 2004.2
1126510 2009.5
1126520 2009.5
1126530 2015.0
1126540 2019.8
1126550 2019.8
1126560 2024.6
1126570 2029.3
1126580 2029.3
1126590 2034.0
1126600 2038.2
1126610 2038.2
1126620 2042.3
1126630 2046.2
1126640 2046.2
1126650 2049.6
1126660 2053.0
1126670 2056.6
1126680 2056.6
1126690 2060.1
1126700 2063.9
1126710 2063.9
1126720 2067.5
1126730 2070.9
1126740 2070.9
1126750 2074.2
1126760 2077.3
1126770 2077.3
1126780 2081.1
1126790 2086.2
1126800 2086.2
1126810 2093.4
1126820 2100.0
1126830 2100.0
1126840 2105.7
1126850 2111.7
1126860 2111.7
1126870 2115.1
1126880 2119.5
1126890 2122.3
1126900 2122.3
1126910 2128.3
1126920 2135.3
1126930 2135.3
1126940 2142.5
1126950 2148.0
1126960 2148.0
1126970 2148.8
1126980 2145.1
1126990 2145.1
1127000 2147.1
1127010 2144.7
1127020 2144.7
1127030 2141.1
1127040 2137.6
1127050 2137.6
1127060 2131.4
1127070 2125.3
1127080 2125.3
1127090 2118.1
1127100 2108.9
1127110 2106.6
1127120 2106.6
1127130 2106.3
1127140 2110.9
1127150 2110.9
1127160 2110.0
1127170 2113.1
1127180 2113.1
1127190 2116.2
1127200 2120.1
1127210 2120.1
1127220 2124.3
1127230 2128.5
1127240 2128.5
1127250 2133.9
1127260 2138.6
1127270 2138.6
1127280 2142.8
1127290 2145.9
1127300 2145.9
1127310 2149.2
1127320 2154.0
1127330 2154.0
1127340 2159.7
1127350 2166.4
1127360 2172.0
1127370 2172.0
1127380 2177.2
1127390 2182.5
1127400 2182.5
1127410 2184.7
1127420 2185.0
1127430 2185.0
1127440 2185.3
1127450 2183.8
1127460 2183.8
1127470 2179.6
1127480 2179.2
1127490 2188.4
1127500 2191.0
1127510 2189.4
1127520 2189.4
1127530 2189.7
1127540 2185.2
1127550 2185.2
1127560 2184.4
1127570 2183.6
1127580 2184.2
1127590 2184.2
1127600 2181.0
1127610 2179.3
1127620 2179.3
1127630 2176.5
1127640 2175.4
1127650 2175.4
1127660 2178.1
1127670 2181.2
1127680 2181.2
1127690 2184.2
1127700 2186.6
1127710 2186.6
1127720 2189.0
1127730 2191.3
1127740 2191.3
1127750 2194.0
1127760 2196.7
1127770 2196.7
1127780 2199.0
1127790 2201.3
1127800 2202.9
1127810 2202.9
1127820 2205.1
1127830 2208.1
1127840 2208.1
1127850 2216.2
1127860 2219.3
1127870 2219.3
1127880 2223.2
1127890 2227.8
1127900 2227.8
1127910 2232.1
1127920 2235.9
1127930 2235.9
1127940 2239.0
1127950 2247.9
1127960 2247.9
1127970 2254.1
1127980 2260.5
1127990 2260.5
1128000 2275.8
1128010 2290.3
1128020 2290.3
1128030 2301.0
1128040 2310.6
1128050 2320.5
1128060 2320.5
1128070 2333.2
1128080 2342.8
1128090 2342.8
1128100 2352.9
1128110 2366.4
1128120 2366.4
1128130 2381.3
1128140 2386.1
1128150 2386.1
1128160 2383.6
1128170 2380.3
1128180 2380.3
1128190 2375.5
1128200 2370.4
1128210 2379.4
1128220 2379.9
1128230 2384.8
1128240 2384.8
1128250 2393.9
1128260 2400.4
1128270 2405.7
1128280 2405.7
1128290 2403.5
1128300 2404.5
1128310 2404.5
1128320 2405.5
1128330 2402.4
1128340 2402.4
1128350 2404.8
1128360 2415.3
1128370 2415.3
1128380 2416.2
1128390 2421.6
1128400 2421.6
1128410 2431.9
1128420 2444.9
1128430 2444.9
1128440 2449.6
1128450 2452.8
1128460 2452.8
1128470 2456.0
1128480 2451.2
1128490 2448.1
1128500 2448.1
1128510 2450.4
1128520 2458.3
1128530 2458.3
1128540 2462.3
1128550 2466.0
1128560 2471.3
1128570 2474.3
1128580 2477.1
1128590 2477.1
1128600 2480.6
1128610 2485.4
1128620 2485.4
1128630 2493.2
1128640 2508.2
1128650 2508.2
1128660 2520.0
1128670 2528.8
1128680 2528.8
1128690 2529.7
1128700 2537.0
1128710 2537.0
1128720 2542.9
1128730 2552.2
1128740 2565.7
1128750 2565.7
1128760 2573.1
1128770 2577.6
1128780 2577.6
1128790 2578.8
1128800 2580.6
1128810 2580.6
1128820 2586.0
1128830 2595.4
1128840 2595.4
1128850 2600.1
1128860 2606.0
1128870 2606.0
1128880 2612.2
1128890 2617.3
1128900 2617.3
1128910 2622.1
1128920 2630.5
1128930 2630.5
1128940 2630.5
1128950 2629.6
1128960 2628.7
1128970 2628.7
1128980 2628.2
1128990 2626.8
1129000 2626.8
1129010 2626.1
1129020 2625.4
1129030 2625.4
1129040 2624.9
1129050 2623.1
1129060 2623.1
1129070 2620.5
1129080 2617.2
1129090 2617.2
1129100 2613.6
1129110 2613.7
1129120 2613.7
1129130 2613.7
1129140 2615.7
1129150 2615.7
1129160 2618.5
1129170 2622.3
1129180 2626.8
1129190 2626.8
1129200 2630.6
1129210 2634.1
1129220 2634.1
1129230 2639.9
1129240 2646.1
1129250 2646.1
1129260 2651.7
1129270 2656.0
1129280 2662.0
1129290 2664.9
1129300 2668.0
1129310 2668.0
1129320 2669.5
1129330 2671.1
1129340 2671.1
1129350 2671.5
1129360 2671.3
1129370 2671.3
1129380 2669.0
1129390 2667.2
1129400 2667.2
1129410 2666.6
1129420 2663.5
1129430 2664.8
1129440 2664.8
1129450 2663.6
1129460 2663.4
1129470 2663.4
1129480 2660.8
1129490 2654.9
1129500 2654.9
1129510 2650.7
1129520 2647.8
1129530 2647.8
1129540 2643.8
1129550 2637.9
1129560 2637.9
1129570 2637.7
1129580 2634.6
1129590 2634.6
1129600 2625.1
1129610 2609.5
1129620 2609.5
1129630 2593.8
1129640 2586.1
1129650 2579.8
1129660 2579.8
1129670 2574.0
1129680 2569.4
1129690 2569.4
1129700 2565.5
1129710 2561.9
1129720 2561.9
1129730 2558.3
1129740 2554.7
1129750 2554.7
1129760 2550.5
1129770 2545.1
1129780 2545.1
1129790 2540.6
1129800 2534.0
1129810 2534.0
1129820 2526.6
1129830 2522.7
1129840 2522.7
1129850 2519.4
1129860 2517.4
1129870 2516.3
1129880 2516.3
1129890 2516.8
1129900 2517.4
1129910 2517.4
1129920 2518.5
1129930 2520.4
1129940 2520.4
1129950 2522.6
1129960 2525.4
1129970 2525.4
1129980 2528.5
1129990 2526.0
1130000 2526.0
1130010 2529.7
1130020 2533.9
1130030 2533.9
1130040 2535.7
1130050 2532.8
1130060 2532.8
1130070 2529.8
1130080 2526.0
1130090 2526.0
1130100 2519.6
1130110 2509.8
1130120 2500.2
1130130 2500.2
1130140 2490.2
1130150 2483.3
1130160 2483.3
1130170 2479.3
1130180 2475.4
1130190 2475.4
1130200 2472.2
1130210 2468.0
1130220 2468.0
1130230 2463.1
1130240 2458.0
1130250 2458.0
1130260 2453.5
1130270 2450.4
1130280 2450.4
1130290 2446.5
1130300 2441.6
1130310 2441.6
1130320 2436.5
1130330 2432.9
1130340 2429.9
1130350 2430.0
1130360 2426.3
1130370 2422.8
1130380 2422.8
1130390 2418.8
1130400 2414.0
1130410 2414.0
1130420 2408.6
1130430 2404.6
1130440 2404.6
1130450 2400.9
1130460 2396.6
1130470 2396.6
1130480 2391.4
1130490 2384.4
1130500 2384.4
1130510 2376.4
1130520 2368.7
1130530 2368.7
1130540 2361.9
1130550 2355.7
1130560 2348.2
1130570 2348.2
1130580 2342.2
1130590 2337.3
1130600 2337.3
1130610 2333.0
1130620 2326.9
1130630 2326.9
1130640 2321.1
1130650 2318.4
1130660 2318.4
1130670 2314.3
1130680 2307.6
1130690 2307.6
1130700 2300.1
1130710 2282.4
1130720 2282.4
1130730 2272.1
1130740 2265.0
1130750 2265.0
1130760 2259.0
1130770 2254.8
1130780 2254.8
1130790 2254.3
1130800 2254.7
1130810 2253.0
1130820 2253.0
1130830 2247.1
1130840 2239.6
1130850 2239.6
1130860 2235.9
1130870 2234.7
1130880 2234.7
1130890 2235.0
1130900 2235.1
1130910 2235.1
1130920 2233.9
1130930 2231.3
1130940 2231.3
1130950 2227.9
1130960 2224.2
1130970 2224.2
1130980 2218.5
1130990 2206.8
1131000 2206.8
1131010 2197.7
1131020 2191.7
1131030 2187.3
1131040 2187.3
1131050 2183.9
1131060 2181.0
1131070 2182.0
1131080 2180.0
1131090 2179.6
1131100 2179.6
1131110 2178.5
1131120 2176.6
1131130 2176.6
1131140 2173.8
1131150 2171.0
1131160 2171.0
1131170 2168.5
1131180 2164.9
1131190 2164.9
1131200 2161.0
1131210 2154.0
1131220 2154.0
1131230 2144.9
1131240 2138.4
1131250 2135.5
1131260 2135.5
1131270 2134.1
1131280 2132.9
1131290 2132.9
1131300 2131.9
1131310 2131.2
1131320 2131.2
1131330 2130.6
1131340 2130.3
1131350 2130.3
1131360 2130.5
1131370 2131.3
1131380 2131.3
1131390 2132.9
1131400 2134.9
1131410 2134.9
1131420 2140.7
1131430 2140.2
1131440 2140.2
1131450 2138.9
1131460 2135.9
1131470 2132.7
1131480 2132.7
1131490 2130.7
1131500 2131.2
1131510 2131.2
1131520 2131.9
1131530 2131.4
1131540 2131.4
1131550 2130.6
1131560 2129.7
1131570 2129.7
1131580 2128.2
1131590 2124.4
1131600 2124.4
1131610 2119.4
1131620 2115.5
1131630 2115.5
1131640 2113.0
1131650 2112.0
1131660 2112.0
1131670 2112.4
1131680 2114.5
1131690 2114.5
1131700 2115.1
1131710 2115.7
1131720 2117.0
1131730 2117.0
1131740 2117.9
1131750 2118.6
1131760 2118.6
1131770 2120.3
1131780 2129.5
1131790 2129.5
1131800 2131.8
1131810 2134.0
1131820 2134.0
1131830 2137.1
1131840 2139.4
1131850 2139.4
1131860 2141.8
1131870 2144.5
1131880 2144.5
1131890 2151.4
1131900 2156.4
1131910 2156.4
1131920 2157.6
1131930 2155.9
1131940 2147.7
1131950 2147.7
1131960 2136.7
1131970 2129.4
1131980 2129.4
1131990 2126.7
1132000 2122.2
1132010 2122.2
1132020 2123.2
1132030 2123.0
1132040 2123.0
1132050 2120.1
1132060 2117.2
1132070 2117.2
1132080 2115.7
1132090 2113.9
1132100 2113.9
1132110 2114.2
1132120 2114.7
1132130 2114.7
1132140 2117.3
1132150 2118.2
1132160 2119.4
1132170 2119.4
1132180 2121.0
1132190 2122.5
1132200 2122.5
1132210 2124.2
1132220 2127.0
1132230 2127.0
1132240 2129.8
1132250 2132.3
1132260 2132.3
1132270 2134.9
1132280 2138.3
1132290 2138.3
1132300 2141.8
1132310 2145.6
1132320 2145.6
1132330 2149.8
1132340 2154.0
1132350 2154.0
1132360 2158.3
1132370 2162.6
1132380 2162.6
1132390 2167.2
1132400 2171.8
1132410 2176.1
1132420 2176.1
1132430 2180.5
1132440 2184.8
1132450 2184.8
1132460 2188.7
1132470 2192.3
1132480 2192.3
1132490 2195.1
1132500 2204.5
1132510 2204.5
1132520 2207.5
1132530 2211.9
1132540 2211.9
1132550 2217.8
1132560 2224.2
1132570 2224.2
1132580 2230.8
1132590 2237.4
1132600 2237.4
1132610 2244.2
1132620 2250.9
1132630 2256.9
1132640 2256.9
1132650 2263.4
1132660 2272.4
1132670 2272.4
1132680 2280.2
1132690 2285.4
1132700 2285.4
1132710 2291.6
1132720 2299.7
1132730 2299.7
1132740 2308.2
1132750 2311.7
1132760 2311.7
1132770 2314.0
1132780 2316.6
1132790 2316.6
1132800 2319.5
1132810 2323.5
1132820 2323.5
1132830 2326.7
1132840 2327.5
1132850 2327.3
1132860 2335.8
1132870 2335.0
1132880 2336.5
1132890 2336.5
1132900 2339.9
1132910 2346.0
1132920 2346.0
1132930 2351.7
1132940 2355.6
1132950 2355.6
1132960 2357.9
1132970 2359.3
1132980 2359.3
1132990 2361.1
1133000 2363.4
1133010 2363.4
1133020 2365.5
1133030 2367.5
1133040 2367.5
1133050 2371.2
1133060 2376.0
1133070 2376.0
1133080 2379.9
1133090 2384.0
1133100 2388.4
1133110 2388.4
1133120 2393.0
1133130 2397.3
1133140 2397.3
1133150 2399.6
1133160 2400.5
1133170 2400.5
1133180 2402.7
1133190 2405.1
1133200 2405.1
1133210 2407.6
1133220 2409.5
1133230 2416.3
1133240 2417.0
1133250 2419.5
1133260 2419.5
1133270 2427.7
1133280 2431.9
1133290 2431.9
1133300 2434.8
1133310 2440.2
1133320 2444.5
1133330 2444.5
1133340 2447.9
1133350 2453.6
1133360 2453.6
1133370 2461.7
1133380 2471.1
1133390 2471.1
1133400 2480.0
1133410 2488.6
1133420 2488.6
1133430 2496.1
1133440 2502.5
1133450 2502.5
1133460 2504.0
1133470 2501.6
1133480 2501.6
1133490 2498.3
1133500 2493.1
1133510 2493.1
1133520 2488.3
1133530 2482.0
1133540 2471.3
1133550 2471.3
1133560 2463.7
1133570 2457.8
1133580 2457.8
1133590 2463.4
1133600 2459.6
1133610 2459.6
1133620 2454.2
1133630 2447.1
1133640 2447.1
1133650 2439.0
1133660 2428.7
1133670 2428.7
1133680 2417.8
1133690 2410.1
1133700 2410.1
1133710 2398.6
1133720 2389.2
1133730 2389.2
1133740 2380.8
1133750 2373.8
1133760 2373.8
1133770 2367.4
1133780 2361.6
1133790 2356.9
1133800 2356.9
1133810 2354.4
1133820 2352.8
1133830 2352.8
1133840 2348.8
1133850 2342.1
1133860 2342.1
1133870 2333.6
1133880 2324.2
1133890 2324.2
1133900 2312.7
1133910 2301.6
1133920 2301.6
1133930 2288.4
1133940 2274.6
1133950 2288.4
1133960 2277.2
1133970 2264.5
1133980 2264.5
1133990 2252.9
1134000 2246.3
1134010 2238.3
1134020 2238.3
1134030 2231.5
1134040 2224.3
1134050 2224.3
1134060 2216.3
1134070 2210.7
1134080 2210.7
1134090 2206.2
1134100 2199.5
1134110 2199.5
1134120 2192.9
1134130 2188.8
1134140 2188.8
1134150 2183.1
1134160 2178.1
1134170 2178.1
1134180 2170.2
1134190 2164.9
1134200 2164.9
1134210 2161.3
1134220 2158.4
1134230 2155.3
1134240 2155.3
1134250 2152.2
1134260 2150.0
1134270 2150.0
1134280 2147.5
1134290 2144.6
1134300 2144.6
1134310 2141.6
1134320 2138.7
1134330 2138.7
1134340 2134.8
1134350 2129.9
1134360 2129.9
1134370 2124.6
1134380 2119.4
1134390 2119.4
1134400 2115.2
1134410 2112.6
1134420 2112.6
1134430 2109.1
1134440 2105.2
1134450 2105.2
1134460 2100.8
1134470 2095.9
1134480 2089.6
1134490 2089.6
1134500 2082.6
1134510 2076.6
1134520 2076.6
1134530 2071.5
1134540 2066.9
1134550 2066.9
1134560 2062.0
1134570 2056.2
1134580 2056.2
1134590 2050.7
1134600 2046.5
1134610 2046.5
1134620 2043.9
1134630 2042.3
1134640 2042.3
1134650 2039.4
1134660 2035.8
1134670 2034.1
1134680 2030.6
1134690 2025.1
1134700 2019.7
1134710 2019.7
1134720 2015.3
1134730 2011.5
1134740 2011.5
1134750 2008.8
1134760 2006.8
1134770 2006.8
1134780 2005.6
1134790 2004.1
1134800 2004.1
1134810 2001.8
1134820 1998.8
1134830 1998.8
1134840 1995.6
1134850 1991.8
1134860 1991.8
1134870 1987.4
1134880 1982.8
1134890 1982.8
1134900 1978.1
1134910 1974.1
1134920 1969.9
1134930 1969.9
1134940 1965.0
1134950 1959.7
1134960 1959.7
1134970 1955.0
1134980 1950.6
1134990 1950.6
1135000 1945.2
1135010 1939.0
1135020 1939.0
1135030 1934.9
1135040 1928.2
1135050 1928.2
1135060 1924.4
1135070 1919.8
1135080 1919.8
1135090 1916.4
1135100 1911.3
1135110 1911.3
1135120 1905.5
1135130 1901.0
1135140 1901.0
1135150 1896.6
1135160 1891.9
1135170 1886.9
1135180 1886.9
1135190 1880.8
1135200 1874.9
1135210 1874.9
1135220 1871.1
1135230 1867.8
1135240 1867.8
1135250 1864.4
1135260 1861.4
1135270 1861.4
1135280 1858.7
1135290 1856.2
1135300 1856.2
1135310 1853.5
1135320 1850.1
1135330 1850.1
1135340 1845.1
1135350 1838.5
1135360 1838.5
1135370 1832.2
1135380 1826.8
1135390 1825.2
1135400 1821.2
1135410 1820.8
1135420 1819.0
1135430 1819.0
1135440 1815.0
1135450 1813.5
1135460 1813.5
1135470 1812.7
1135480 1811.8
1135490 1811.8
1135500 1811.2
1135510 1810.4
1135520 1810.4
1135530 1810.0
1135540 1809.6
1135550 1809.6
1135560 1808.8
1135570 1807.5
1135580 1807.5
1135590 1805.8
1135600 1804.1
1135610 1802.3
1135620 1802.3
1135630 1800.2
1135640 1798.5
1135650 1798.5
1135660 1796.5
1135670 1793.3
1135680 1793.3
1135690 1790.0
1135700 1786.7
1135710 1786.7
1135720 1783.9
1135730 1781.2
1135740 1781.2
1135750 1778.5
1135760 1769.2
1135770 1769.2
1135780 1764.6
1135790 1757.9
1135800 1757.9
1135810 1751.7
1135820 1747.0
1135830 1742.3
1135840 1742.3
1135850 1738.7
1135860 1736.4
1135870 1736.4
1135880 1733.5
1135890 1732.7
1135900 1732.7
1135910 1732.8
1135920 1733.2
1135930 1733.2
1135940 1732.3
1135950 1730.4
1135960 1730.4
1135970 1727.7
1135980 1724.7
1135990 1724.7
1136000 1723.6
1136010 1722.0
1136020 1722.0
1136030 1718.4
1136040 1715.5
1136050 1715.5
1136060 1713.4
1136070 1711.8
1136080 1706.4
1136090 1706.4
1136100 1704.2
1136110 1704.2
1136120 1704.2
1136130 1695.3
1136140 1690.7
1136150 1690.7
1136160 1688.3
1136170 1688.2
1136180 1688.2
1136190 1686.7
1136200 1683.8
1136210 1683.8
1136220 1682.4
1136230 1681.3
1136240 1681.3
1136250 1678.6
1136260 1676.4
1136270 1676.4
1136280 1673.9
1136290 1669.7
1136300 1664.2
1136310 1664.2
1136320 1659.1
1136330 1655.8
1136340 1655.8
1136350 1655.0
1136360 1652.7
1136370 1652.7
1136380 1649.7
1136390 1647.4
1136400 1647.4
1136410 1644.8
1136420 1642.6
1136430 1642.6
1136440 1640.6
1136450 1638.4
1136460 1638.4
1136470 1635.8
1136480 1632.6
1136490 1624.9
1136500 1623.7
1136510 1623.6
1136520 1623.7
1136530 1623.7
1136540 1621.7
1136550 1618.6
1136560 1618.6
1136570 1614.6
1136580 1609.2
1136590 1609.2
1136600 1604.4
1136610 1600.5
1136620 1600.5
1136630 1596.7
1136640 1593.8
1136650 1593.8
1136660 1591.0
1136670 1586.5
1136680 1586.5
1136690 1577.1
1136700 1569.2
1136710 1569.2
1136720 1561.9
1136730 1553.9
1136740 1553.9
1136750 1547.6
1136760 1542.3
1136770 1537.4
1136780 1537.4
1136790 1533.4
1136800 1530.5
1136810 1530.5
1136820 1523.9
1136830 1515.9
1136840 1515.9
1136850 1510.7
1136860 1503.1
1136870 1503.1
1136880 1498.4
1136890 1493.6
1136900 1493.6
1136910 1490.9
1136920 1490.6
1136930 1490.6
1136940 1489.1
1136950 1484.0
1136960 1484.0
1136970 1483.6
1136980 1484.5
1136990 1485.3
1137000 1485.3
1137010 1487.6
1137020 1489.2
1137030 1489.2
1137040 1493.0
1137050 1495.8
1137060 1495.8
1137070 1497.5
1137080 1500.3
1137090 1500.3
1137100 1502.3
1137110 1503.2
1137120 1503.2
1137130 1503.1
1137140 1503.0
1137150 1503.0
1137160 1502.5
1137170 1502.0
1137180 1502.0
1137190 1503.6
1137200 1505.5
1137210 1508.6
1137220 1514.5
1137230 1517.2
1137240 1520.2
1137250 1520.2
1137260 1524.1
1137270 1530.2
1137280 1530.2
1137290 1533.9
1137300 1539.9
1137310 1539.9
1137320 1551.3
1137330 1549.4
1137340 1549.4
1137350 1548.5
1137360 1552.7
1137370 1552.7
1137380 1561.5
1137390 1562.1
1137400 1562.1
1137410 1562.3
1137420 1566.4
1137430 1566.4
1137440 1570.4
1137450 1574.5
1137460 1578.7
1137470 1578.7
1137480 1582.5
1137490 1585.7
1137500 1585.7
1137510 1588.0
1137520 1593.4
1137530 1593.4
1137540 1600.1
1137550 1604.5
1137560 1604.5
1137570 1609.4
1137580 1615.1
1137590 1625.0
1137600 1634.0
1137610 1639.3
1137620 1639.3
1137630 1648.4
1137640 1651.3
1137650 1651.3
1137660 1652.0
1137670 1651.5
1137680 1651.3
1137690 1651.3
1137700 1663.0
1137710 1667.0
1137720 1667.0
1137730 1678.0
1137740 1692.2
1137750 1692.2
1137760 1707.7
1137770 1716.9
1137780 1716.9
1137790 1723.8
1137800 1729.6
1137810 1729.6
1137820 1735.2
1137830 1740.3
1137840 1740.3
1137850 1744.9
1137860 1750.2
1137870 1750.2
1137880 1754.9
1137890 1757.6
1137900 1758.1
1137910 1758.1
1137920 1760.5
1137930 1764.2
1137940 1764.2
1137950 1773.6
1137960 1779.7
1137970 1779.7
1137980 1786.5
1137990 1791.7
1138000 1791.7
1138010 1798.0
1138020 1805.2
1138030 1805.2
1138040 1811.3
1138050 1816.1
1138060 1816.1
1138070 1818.4
1138080 1816.3
1138090 1816.3
1138100 1815.6
1138110 1818.9
1138120 1818.9
1138130 1814.0
1138140 1817.7
1138150 1825.0
1138160 1825.0
1138170 1831.5
1138180 1838.0
1138190 1838.0
1138200 1843.0
1138210 1847.0
1138220 1847.0
1138230 1850.9
1138240 1852.7
1138250 1852.7
1138260 1853.1
1138270 1857.9
1138280 1857.9
1138290 1865.4
1138300 1873.0
1138310 1873.0
1138320 1883.7
1138330 1891.5
1138340 1891.5
1138350 1897.3
1138360 1902.4
1138370 1907.3
1138380 1907.3
1138390 1912.0
1138400 1915.9
1138410 1915.9
1138420 1918.2
1138430 1922.8
1138440 1922.8
1138450 1927.4
1138460 1931.4
1138470 1931.4
1138480 1935.6
1138490 1941.5
1138500 1941.5
1138510 1946.8
1138520 1950.8
1138530 1950.8
1138540 1954.3
1138550 1957.9
1138560 1957.9
1138570 1961.8
1138580 1966.0
1138590 1970.6
1138600 1970.6
1138610 1975.5
1138620 1979.9
1138630 1979.9
1138640 1984.1
1138650 1988.3
1138660 1988.3
1138670 1992.3
1138680 1996.3
1138690 1996.6
1138700 2000.0
1138710 2003.4
1138720 2003.4
1138730 2006.5
1138740 2010.0
1138750 2010.0
1138760 2013.6
1138770 2016.5
1138780 2016.5
1138790 2019.4
1138800 2021.9
1138810 2024.6
1138820 2024.6
1138830 2027.7
1138840 2030.7
1138850 2030.7
1138860 2033.5
1138870 2035.9
1138880 2035.9
1138890 2038.9
1138900 2040.6
1138910 2040.6
1138920 2042.1
1138930 2044.0
1138940 2044.0
1138950 2046.3
1138960 2048.3
1138970 2048.3
1138980 2049.9
1138990 2051.6
1139000 2051.6
1139010 2053.8
1139020 2057.0
1139030 2057.0
1139040 2060.2
1139050 2065.3
1139060 2069.2
1139070 2069.2
1139080 2072.3
1139090 2075.7
1139100 2075.7
1139110 2079.6
1139120 2083.9
1139130 2083.9
1139140 2088.3
1139150 2092.0
1139160 2092.0
1139170 2095.3
1139180 2098.1
1139190 2098.1
1139200 2100.2
1139210 2101.9
1139220 2101.9
1139230 2104.0
1139240 2105.9
1139250 2105.9
1139260 2106.8
1139270 2108.1
1139280 2110.1
1139290 2110.1
1139300 2112.2
1139310 2114.5
1139320 2114.5
1139330 2117.5
1139340 2120.6
1139350 2120.6
1139360 2123.9
1139370 2128.0
1139380 2128.0
1139390 2131.7
1139400 2135.3
1139410 2135.3
1139420 2140.3
1139430 2144.7
1139440 2144.7
1139450 2148.3
1139460 2152.7
1139470 2152.7
1139480 2157.2
1139490 2161.8
1139500 2165.8
1139510 2165.8
1139520 2169.4
1139530 2173.1
1139540 2173.1
1139550 2176.4
1139560 2179.0
1139570 2179.0
1139580 2181.3
1139590 2183.2
1139600 2183.2
1139610 2185.1
1139620 2187.1
1139630 2187.1
1139640 2189.1
1139650 2190.8
1139660 2190.8
1139670 2192.5
1139680 2194.1
1139690 2194.1
1139700 2196.2
1139710 2200.2
1139720 2200.2
1139730 2205.5
1139740 2210.9
1139750 2217.9
1139760 2217.9
1139770 2224.7
1139780 2229.5
1139790 2233.1
1139800 2239.5
1139810 2246.1
1139820 2246.1
1139830 2251.9
1139840 2256.0
1139850 2256.0
1139860 2259.1
1139870 2263.1
1139880 2263.1
1139890 2267.2
1139900 2270.3
1139910 2270.3
1139920 2272.6
1139930 2275.5
1139940 2275.5
1139950 2280.7
1139960 2286.5
1139970 2290.7
1139980 2290.7
1139990 2295.3
