1120000 1739.7
1120010 1739.7
1120020 1740.5
1120030 1741.5
1120040 1741.5
1120050 1742.9
1120060 1745.3
1120070 1745.3
1120080 1748.6
1120090 1752.5
1120100 1752.5
1120110 1757.6
1120120 1764.7
1120130 1764.7
1120140 1772.3
1120150 1780.3
1120160 1780.3
1120170 1788.1
1120180 1794.1
1120190 1794.1
1120200 1798.0
1120210 1801.7
1120220 1806.5
1120230 1806.5
1120240 1813.0
1120250 1819.1
1120260 1819.1
1120270 1824.4
1120280 1830.1
1120290 1830.1
1120300 1836.9
1120310 1845.4
1120320 1845.4
1120330 1856.5
1120340 1867.4
1120350 1867.4
1120360 1878.8
1120370 1890.5
1120380 1890.5
1120390 1904.6
1120400 1913.6
1120410 1913.6
1120420 1920.5
1120430 1926.6
1120440 1932.8
1120450 1932.8
1120460 1941.5
1120470 1950.8
1120480 1950.8
1120490 1959.4
1120500 1967.2
1120510 1967.2
1120520 1973.0
1120530 1979.0
1120540 1979.0
1120550 1983.4
1120560 1987.4
1120570 1987.4
1120580 1992.9
1120590 2003.4
1120600 2003.4
1120610 2008.1
1120620 2011.7
1120630 2011.7
1120640 2015.5
1120650 2018.1
1120660 2018.1
1120670 2021.4
1120680 2025.7
1120690 2026.6
1120700 2026.6
1120710 2027.7
1120720 2029.3
1120730 2029.3
1120740 2031.4
1120750 2034.3
1120760 2034.3
1120770 2039.5
1120780 2040.9
1120790 2040.9
1120800 2042.0
1120810 2048.8
1120820 2048.8
1120830 2055.4
1120840 2056.7
1120850 2056.7
1120860 2058.9
1120870 2063.0
1120880 2063.0
1120890 2067.4
1120900 2072.9
1120910 2078.5
1120920 2078.5
1120930 2082.3
1120940 2088.5
1120950 2088.5
1120960 2090.8
1120970 2094.1
1120980 2094.1
1120990 2099.6
1121000 2107.4
1121010 2107.4
1121020 2113.7
1121030 2114.8
1121040 2114.8
1121050 2116.7
1121060 2119.4
1121070 2119.4
1121080 2122.1
1121090 2126.2
1121100 2126.2
1121110 2131.0
1121120 2134.3
1121130 2137.8
1121140 2137.8
1121150 2142.1
1121160 2148.5
1121170 2148.5
1121180 2151.4
1121190 2153.5
1121200 2153.5
1121210 2156.8
1121220 2157.4
1121230 2157.4
1121240 2159.1
1121250 2160.9
1121260 2160.9
1121270 2161.2
1121280 2161.7
1121290 2164.6
1121300 2167.0
1121310 2169.5
1121320 2169.5
1121330 2171.5
1121340 2174.4
1121350 2174.4
1121360 2177.5
1121370 2182.2
1121380 2189.3
1121390 2189.3
1121400 2197.7
1121410 2205.8
1121420 2205.8
1121430 2210.7
1121440 2217.0
1121450 2217.0
1121460 2222.9
1121470 2230.2
1121480 2230.2
1121490 2237.7
1121500 2239.6
1121510 2239.6
1121520 2241.3
1121530 2247.0
1121540 2247.0
1121550 2254.3
1121560 2259.4
1121570 2259.4
1121580 2267.1
1121590 2278.0
1121600 2291.3
1121610 2291.3
1121620 2301.7
1121630 2310.6
1121640 2310.0
1121650 2320.6
1121660 2327.9
1121670 2327.9
1121680 2333.1
1121690 2338.8
1121700 2338.8
1121710 2342.1
1121720 2342.8
1121730 2342.8
1121740 2344.3
1121750 2345.9
1121760 2345.9
1121770 2348.7
1121780 2353.3
1121790 2353.3
1121800 2357.6
1121810 2360.3
1121820 2361.8
1121830 2361.8
1121840 2362.4
1121850 2362.0
1121860 2362.0
1121870 2359.4
1121880 2358.0
1121890 2358.0
1121900 2357.7
1121910 2358.6
1121920 2358.6
1121930 2360.9
1121940 2364.4
1121950 2364.4
1121960 2367.6
1121970 2370.6
1121980 2370.6
1121990 2378.8
1122000 2382.1
1122010 2382.1
1122020 2385.8
1122030 2389.7
1122040 2389.7
1122050 2392.6
1122060 2394.8
1122070 2397.8
1122080 2397.8
1122090 2400.8
1122100 2403.7
1122110 2403.7
1122120 2406.0
1122130 2407.9
1122140 2407.9
1122150 2409.7
1122160 2412.0
1122170 2412.0
1122180 2414.8
1122190 2418.7
1122200 2418.7
1122210 2424.0
1122220 2429.8
1122230 2429.8
1122240 2436.1
1122250 2443.5
1122260 2443.5
1122270 2458.2
1122280 2471.1
1122290 2487.1
1122300 2487.1
1122310 2500.1
1122320 2483.1
1122330 2483.1
1122340 2467.1
1122350 2458.9
1122360 2458.9
1122370 2451.4
1122380 2440.4
1122390 2440.4
1122400 2429.8
1122410 2422.5
1122420 2422.5
1122430 2413.6
1122440 2407.4
1122450 2407.4
1122460 2402.7
1122470 2394.1
1122480 2394.1
1122490 2384.2
1122500 2375.5
1122510 2367.6
1122520 2367.6
1122530 2359.8
1122540 2354.6
1122550 2354.6
1122560 2351.8
1122570 2347.0
1122580 2347.0
1122590 2341.4
1122600 2339.5
1122610 2339.5
1122620 2338.0
1122630 2341.5
1122640 2341.5
1122650 2340.9
1122660 2340.0
1122670 2340.0
1122680 2338.5
1122690 2341.8
1122700 2341.8
1122710 2341.1
1122720 2337.9
1122730 2337.9
1122740 2330.2
1122750 2322.9
1122760 2323.1
1122770 2323.1
1122780 2323.4
1122790 2324.1
1122800 2324.1
1122810 2323.9
1122820 2322.4
1122830 2322.4
1122840 2320.9
1122850 2316.4
1122860 2316.4
1122870 2323.3
1122880 2329.8
1122890 2329.8
1122900 2334.3
1122910 2338.9
1122920 2338.9
1122930 2337.8
1122940 2341.1
1122950 2341.1
1122960 2347.4
1122970 2348.1
1122980 2342.2
1122990 2342.2
1123000 2338.0
1123010 2334.1
1123020 2334.1
1123030 2330.8
1123040 2334.6
1123050 2334.6
1123060 2329.7
1123070 2324.6
1123080 2324.6
1123090 2326.3
1123100 2321.8
1123110 2321.8
1123120 2313.5
1123130 2304.3
1123140 2304.3
1123150 2297.6
1123160 2299.3
1123170 2299.3
1123180 2299.2
1123190 2295.4
1123200 2289.8
1123210 2289.8
1123220 2285.9
1123230 2285.3
1123240 2285.3
1123250 2286.7
1123260 2290.6
1123270 2290.6
1123280 2300.1
1123290 2303.7
1123300 2303.7
1123310 2302.6
1123320 2304.1
1123330 2304.1
1123340 2301.5
1123350 2295.8
1123360 2295.8
1123370 2289.1
1123380 2286.2
1123390 2300.1
1123400 2303.0
1123410 2296.7
1123420 2298.7
1123430 2298.7
1123440 2301.9
1123450 2299.4
1123460 2299.4
1123470 2294.9
1123480 2294.0
1123490 2294.0
1123500 2297.9
1123510 2300.3
1123520 2300.3
1123530 2299.2
1123540 2292.4
1123550 2292.4
1123560 2283.4
1123570 2271.7
1123580 2271.7
1123590 2263.2
1123600 2252.0
1123610 2252.0
1123620 2240.4
1123630 2228.5
1123640 2228.5
1123650 2218.6
1123660 2207.8
1123670 2197.4
1123680 2197.4
1123690 2188.0
1123700 2192.2
1123710 2192.2
1123720 2200.0
1123730 2202.5
1123740 2211.4
1123750 2212.1
1123760 2219.7
1123770 2219.7
1123780 2221.0
1123790 2218.0
1123800 2218.0
1123810 2212.9
1123820 2201.2
1123830 2201.2
1123840 2183.3
1123850 2172.7
1123860 2172.7
1123870 2165.7
1123880 2159.5
1123890 2152.4
1123900 2152.4
1123910 2146.6
1123920 2141.7
1123930 2141.7
1123940 2136.8
1123950 2133.6
1123960 2133.6
1123970 2132.4
1123980 2129.3
1123990 2129.3
1124000 2128.1
1124010 2126.5
1124020 2126.5
1124030 2118.6
1124040 2110.3
1124050 2110.3
1124060 2100.8
1124070 2090.7
1124080 2090.7
1124090 2078.7
1124100 2073.8
1124110 2069.1
1124120 2069.1
1124130 2063.7
1124140 2058.1
1124150 2058.1
1124160 2052.3
1124170 2046.7
1124180 2046.7
1124190 2042.4
1124200 2038.5
1124210 2038.5
1124220 2034.7
1124230 2030.1
1124240 2030.1
1124250 2025.3
1124260 2021.0
1124270 2021.0
1124280 2017.2
1124290 2013.5
1124300 2013.5
1124310 2009.6
1124320 2004.2
1124330 2004.2
1124340 1998.8
1124350 1993.4
1124360 1980.3
1124370 1980.3
1124380 1969.9
1124390 1964.0
1124400 1964.0
1124410 1961.1
1124420 1958.9
1124430 1958.9
1124440 1956.0
1124450 1948.2
1124460 1948.2
1124470 1939.6
1124480 1930.1
1124490 1930.1
1124500 1918.5
1124510 1912.7
1124520 1912.7
1124530 1910.7
1124540 1911.5
1124550 1911.5
1124560 1907.5
1124570 1897.8
1124580 1885.1
1124590 1885.1
1124600 1873.8
1124610 1870.8
1124620 1870.8
1124630 1870.4
1124640 1867.6
1124650 1867.6
1124660 1862.6
1124670 1856.4
1124680 1856.4
1124690 1848.3
1124700 1840.1
1124710 1840.1
1124720 1837.7
1124730 1835.8
1124740 1835.8
1124750 1831.1
1124760 1825.6
1124770 1825.6
1124780 1821.0
1124790 1817.3
1124800 1818.8
1124810 1818.8
1124820 1815.2
1124830 1810.1
1124840 1810.1
1124850 1804.5
1124860 1799.4
1124870 1799.4
1124880 1794.8
1124890 1790.7
1124900 1790.7
1124910 1786.1
1124920 1780.6
1124930 1780.6
1124940 1773.6
1124950 1766.2
1124960 1766.2
1124970 1756.6
1124980 1746.0
1124990 1746.0
1125000 1737.3
1125010 1730.1
1125020 1730.1
1125030 1722.7
1125040 1714.8
1125050 1706.3
1125060 1706.3
1125070 1697.1
1125080 1688.7
1125090 1688.7
1125100 1679.4
1125110 1673.9
1125120 1673.9
1125130 1669.6
1125140 1655.5
1125150 1652.9
1125160 1645.6
1125170 1638.5
1125180 1638.5
1125190 1632.0
1125200 1625.6
1125210 1625.6
1125220 1618.8
1125230 1612.1
1125240 1612.1
1125250 1605.0
1125260 1598.9
1125270 1594.6
1125280 1594.6
1125290 1590.7
1125300 1586.3
1125310 1586.3
1125320 1580.7
1125330 1579.4
1125340 1579.4
1125350 1579.7
1125360 1580.3
1125370 1580.3
1125380 1581.0
1125390 1581.4
1125400 1581.4
1125410 1581.1
1125420 1580.8
1125430 1580.8
1125440 1581.2
1125450 1582.0
1125460 1582.0
1125470 1581.7
1125480 1583.0
1125490 1583.1
1125500 1585.3
1125510 1584.9
1125520 1585.7
1125530 1585.7
1125540 1586.6
1125550 1587.2
1125560 1587.2
1125570 1588.8
1125580 1590.7
1125590 1590.7
1125600 1592.9
1125610 1595.2
1125620 1595.2
1125630 1597.6
1125640 1600.3
1125650 1600.3
1125660 1602.8
1125670 1605.5
1125680 1605.5
1125690 1608.8
1125700 1612.1
1125710 1612.1
1125720 1615.4
1125730 1618.9
1125740 1623.9
1125750 1623.9
1125760 1628.5
1125770 1634.3
1125780 1634.3
1125790 1639.1
1125800 1643.2
1125810 1643.2
1125820 1647.9
1125830 1652.8
1125840 1652.8
1125850 1657.3
1125860 1665.1
1125870 1665.1
1125880 1668.7
1125890 1674.2
1125900 1674.2
1125910 1681.8
1125920 1692.2
1125930 1692.2
1125940 1703.0
1125950 1711.3
1125960 1720.6
1125970 1720.6
1125980 1732.0
1125990 1743.2
1126000 1743.2
1126010 1752.4
1126020 1761.7
1126030 1761.7
1126040 1764.0
1126050 1764.9
1126060 1764.9
1126070 1767.7
1126080 1772.0
1126090 1772.0
1126100 1777.0
1126110 1784.3
1126120 1784.3
1126130 1795.0
1126140 1806.9
1126150 1806.9
1126160 1816.6
1126170 1825.4
1126180 1833.8
1126190 1833.8
1126200 1844.4
1126210 1856.6
1126220 1856.6
1126230 1863.6
1126240 1870.6
1126250 1870.6
1126260 1877.9
1126270 1885.7
1126280 1885.7
1126290 1894.6
1126300 1901.6
1126310 1901.6
1126320 1907.7
1126330 1919.0
1126340 1919.0
1126350 1927.3
1126360 1932.2
1126370 1932.2
1126380 1935.8
1126390 1941.4
1126400 1941.4
1126410 1949.4
1126420 1957.9
1126430 1965.7
1126440 1965.7
1126450 1970.3
1126460 1972.5
1126470 1972.5
1126480 1975.3
1126490 1977.6
1126500 1977.6
1126510 1979.0
1126520 1980.9
1126530 1980.9
1126540 1983.8
1126550 1987.0
1126560 1989.0
1126570 1992.2
1126580 1997.3
1126590 1997.3
1126600 2002.3
1126610 2007.0
1126620 2007.0
1126630 2011.3
1126640 2015.9
1126650 2021.8
1126660 2021.8
1126670 2026.7
1126680 2032.8
1126690 2032.8
1126700 2040.8
1126710 2047.9
1126720 2047.9
1126730 2057.9
1126740 2066.2
1126750 2066.2
1126760 2073.2
1126770 2079.8
1126780 2079.8
1126790 2087.2
1126800 2093.5
1126810 2093.5
1126820 2098.1
1126830 2103.6
1126840 2103.6
1126850 2110.1
1126860 2117.3
1126870 2125.1
1126880 2125.1
1126890 2132.9
1126900 2141.3
1126910 2141.3
1126920 2143.7
1126930 2155.0
1126940 2155.0
1126950 2166.4
1126960 2176.9
1126970 2176.9
1126980 2186.6
1126990 2197.0
1127000 2197.0
1127010 2206.7
1127020 2212.5
1127030 2212.5
1127040 2223.1
1127050 2231.1
1127060 2231.1
1127070 2240.0
1127080 2249.4
1127090 2249.4
1127100 2254.0
1127110 2252.2
1127120 2249.3
1127130 2249.3
1127140 2247.1
1127150 2246.9
1127160 2246.9
1127170 2248.7
1127180 2250.6
1127190 2250.6
1127200 2251.3
1127210 2252.6
1127220 2252.6
1127230 2254.0
1127240 2255.4
1127250 2255.4
1127260 2256.2
1127270 2261.8
1127280 2261.8
1127290 2261.8
1127300 2261.1
1127310 2261.1
1127320 2260.5
1127330 2260.4
1127340 2262.3
1127350 2262.3
1127360 2264.8
1127370 2270.0
1127380 2270.0
1127390 2279.0
1127400 2284.3
1127410 2284.3
1127420 2293.5
1127430 2297.6
1127440 2297.6
1127450 2298.6
1127460 2304.0
1127470 2304.0
1127480 2309.9
1127490 2313.2
1127500 2313.2
1127510 2314.0
1127520 2314.9
1127530 2314.9
1127540 2316.2
1127550 2318.4
1127560 2318.8
1127570 2318.8
1127580 2316.8
1127590 2314.5
1127600 2314.5
1127610 2314.5
1127620 2315.2
1127630 2322.6
1127640 2321.5
1127650 2318.6
1127660 2318.6
1127670 2313.6
1127680 2306.8
1127690 2306.8
1127700 2298.6
1127710 2295.3
1127720 2295.3
1127730 2292.7
1127740 2294.7
1127750 2294.7
1127760 2298.9
1127770 2296.3
1127780 2296.3
1127790 2295.6
1127800 2296.1
1127810 2296.7
1127820 2296.7
1127830 2296.8
1127840 2296.7
1127850 2296.7
1127860 2297.7
1127870 2298.5
1127880 2298.5
1127890 2300.9
1127900 2307.0
1127910 2307.0
1127920 2318.0
1127930 2327.5
1127940 2327.5
1127950 2325.1
1127960 2320.8
1127970 2320.8
1127980 2324.0
1127990 2334.9
1128000 2334.9
1128010 2341.5
1128020 2349.8
1128030 2358.1
1128040 2358.1
1128050 2365.4
1128060 2372.6
1128070 2372.6
1128080 2378.3
1128090 2386.4
1128100 2386.4
1128110 2395.8
1128120 2399.9
1128130 2399.9
1128140 2403.9
1128150 2407.0
1128160 2407.0
1128170 2410.2
1128180 2417.5
1128190 2417.5
1128200 2425.4
1128210 2441.0
1128220 2441.0
1128230 2459.8
1128240 2465.5
1128250 2477.7
1128260 2477.7
1128270 2497.8
1128280 2509.2
1128290 2509.2
1128300 2518.8
1128310 2526.7
1128320 2526.7
1128330 2532.1
1128340 2541.1
1128350 2541.1
1128360 2543.2
1128370 2546.9
1128380 2546.9
1128390 2548.5
1128400 2549.8
1128410 2549.8
1128420 2551.6
1128430 2552.3
1128440 2552.3
1128450 2552.5
1128460 2548.5
1128470 2546.1
1128480 2546.1
1128490 2544.1
1128500 2543.7
1128510 2543.7
1128520 2545.6
1128530 2548.1
1128540 2548.1
1128550 2550.0
1128560 2550.9
1128570 2550.9
1128580 2554.2
1128590 2560.2
1128600 2560.2
1128610 2569.0
1128620 2580.8
1128630 2580.8
1128640 2586.6
1128650 2595.0
1128660 2595.0
1128670 2599.3
1128680 2604.4
1128690 2604.4
1128700 2616.8
1128710 2625.3
1128720 2629.8
1128730 2629.8
1128740 2630.8
1128750 2632.1
1128760 2632.1
1128770 2634.0
1128780 2636.9
1128790 2636.9
1128800 2647.9
1128810 2653.9
1128820 2653.9
1128830 2653.4
1128840 2650.4
1128850 2650.4
1128860 2647.0
1128870 2644.6
1128880 2644.6
1128890 2643.1
1128900 2640.0
1128910 2640.0
1128920 2637.5
1128930 2635.6
1128940 2634.2
1128950 2634.2
1128960 2633.2
1128970 2631.8
1128980 2631.8
1128990 2630.5
1129000 2629.4
1129010 2629.4
1129020 2628.3
1129030 2625.7
1129040 2625.7
1129050 2616.8
1129060 2614.5
1129070 2614.5
1129080 2613.3
1129090 2613.2
1129100 2613.2
1129110 2613.6
1129120 2614.6
1129130 2614.6
1129140 2616.0
1129150 2615.3
1129160 2613.5
1129170 2613.5
1129180 2609.9
1129190 2607.7
1129200 2607.7
1129210 2606.8
1129220 2605.4
1129230 2605.4
1129240 2606.6
1129250 2606.3
1129260 2606.3
1129270 2604.9
1129280 2603.1
1129290 2603.1
1129300 2600.2
1129310 2595.9
1129320 2595.9
1129330 2593.5
1129340 2591.4
1129350 2591.4
1129360 2588.9
1129370 2586.3
1129380 2586.3
1129390 2584.5
1129400 2583.0
1129410 2575.8
1129420 2575.8
1129430 2573.8
1129440 2571.7
1129450 2571.7
1129460 2569.6
1129470 2567.5
1129480 2567.5
1129490 2565.4
1129500 2562.7
1129510 2562.7
1129520 2559.8
1129530 2557.1
1129540 2557.1
1129550 2556.1
1129560 2555.1
1129570 2555.1
1129580 2551.9
1129590 2545.9
1129600 2545.9
1129610 2537.0
1129620 2530.9
1129630 2527.7
1129640 2527.7
1129650 2524.2
1129660 2521.1
1129670 2521.1
1129680 2518.4
1129690 2515.7
1129700 2515.7
1129710 2513.2
1129720 2511.4
1129730 2511.4
1129740 2506.9
1129750 2503.6
1129760 2503.6
1129770 2496.3
1129780 2494.2
1129790 2494.2
1129800 2492.6
1129810 2491.5
1129820 2491.5
1129830 2491.3
1129840 2491.2
1129850 2488.9
1129860 2488.9
1129870 2484.4
1129880 2480.6
1129890 2480.6
1129900 2478.4
1129910 2475.9
1129920 2475.9
1129930 2471.0
1129940 2464.8
1129950 2464.8
1129960 2462.7
1129970 2462.0
1129980 2462.0
1129990 2463.0
1130000 2463.2
1130010 2463.2
1130020 2461.5
1130030 2460.9
1130040 2460.9
1130050 2462.4
1130060 2463.6
1130070 2463.6
1130080 2463.6
1130090 2462.5
1130100 2460.8
1130110 2460.8
1130120 2458.3
1130130 2454.2
1130140 2454.2
1130150 2451.1
1130160 2447.5
1130170 2447.5
1130180 2443.0
1130190 2438.6
1130200 2438.6
1130210 2434.9
1130220 2431.0
1130230 2431.0
1130240 2427.3
1130250 2422.8
1130260 2422.8
1130270 2418.1
1130280 2413.8
1130290 2413.8
1130300 2410.5
1130310 2407.7
1130320 2404.8
1130330 2404.8
1130340 2401.9
1130350 2398.8
1130360 2398.8
1130370 2392.7
1130380 2382.4
1130390 2382.4
1130400 2371.4
1130410 2360.0
1130420 2360.0
1130430 2347.0
1130440 2334.3
1130450 2334.3
1130460 2329.4
1130470 2325.2
1130480 2325.2
1130490 2314.4
1130500 2308.3
1130510 2308.3
1130520 2302.7
1130530 2297.0
1130540 2291.7
1130550 2291.7
1130560 2288.9
1130570 2284.6
1130580 2284.6
1130590 2278.6
1130600 2273.1
1130610 2273.1
1130620 2267.7
1130630 2261.7
1130640 2261.7
1130650 2255.5
1130660 2251.0
1130670 2251.0
1130680 2247.8
1130690 2245.3
1130700 2245.3
1130710 2243.1
1130720 2239.9
1130730 2239.9
1130740 2234.1
1130750 2230.5
1130760 2230.5
1130770 2229.9
1130780 2229.0
1130790 2225.6
1130800 2225.6
1130810 2221.9
1130820 2217.4
1130830 2217.4
1130840 2206.8
1130850 2201.1
1130860 2201.1
1130870 2197.8
1130880 2196.3
1130890 2196.3
1130900 2196.1
1130910 2196.2
1130920 2196.2
1130930 2192.6
1130940 2191.6
1130950 2191.6
1130960 2193.4
1130970 2190.8
1130980 2190.8
1130990 2183.7
1131000 2178.8
1131010 2175.3
1131020 2175.3
1131030 2175.1
1131040 2173.8
1131050 2173.8
1131060 2172.1
1131070 2171.2
1131080 2171.2
1131090 2172.6
1131100 2173.9
1131110 2173.9
1131120 2174.7
1131130 2175.1
1131140 2175.1
1131150 2173.9
1131160 2172.5
1131170 2172.5
1131180 2169.8
1131190 2167.6
1131200 2164.4
1131210 2160.2
1131220 2156.1
1131230 2160.2
1131240 2160.2
1131250 2174.9
1131260 2186.7
1131270 2186.7
1131280 2187.7
1131290 2187.4
1131300 2187.4
1131310 2186.8
1131320 2186.6
1131330 2186.6
1131340 2184.1
1131350 2181.8
1131360 2181.8
1131370 2179.5
1131380 2176.0
1131390 2176.0
1131400 2175.3
1131410 2175.1
1131420 2175.1
1131430 2174.4
1131440 2173.8
1131450 2173.8
1131460 2170.4
1131470 2166.8
1131480 2165.2
1131490 2165.2
1131500 2162.4
1131510 2161.0
1131520 2161.0
1131530 2160.3
1131540 2159.0
1131550 2159.0
1131560 2159.7
1131570 2156.3
1131580 2156.3
1131590 2154.0
1131600 2151.7
1131610 2151.7
1131620 2151.0
1131630 2152.2
1131640 2152.2
1131650 2151.8
1131660 2151.7
1131670 2151.7
1131680 2153.3
1131690 2156.3
1131700 2159.9
1131710 2159.9
1131720 2164.1
1131730 2168.1
1131740 2168.1
1131750 2169.5
1131760 2171.1
1131770 2171.1
1131780 2173.4
1131790 2175.9
1131800 2175.9
1131810 2178.9
1131820 2183.4
1131830 2183.4
1131840 2189.4
1131850 2194.6
1131860 2194.6
1131870 2198.8
1131880 2202.7
1131890 2202.7
1131900 2204.6
1131910 2203.8
1131920 2202.0
1131930 2202.0
1131940 2198.7
1131950 2193.5
1131960 2193.5
1131970 2189.9
1131980 2186.8
1131990 2186.8
1132000 2184.0
1132010 2182.0
1132020 2182.0
1132030 2180.4
1132040 2178.7
1132050 2178.7
1132060 2177.3
1132070 2175.1
1132080 2175.1
1132090 2173.0
1132100 2170.8
1132110 2170.8
1132120 2169.4
1132130 2168.4
1132140 2168.6
1132150 2168.6
1132160 2170.6
1132170 2172.8
1132180 2172.8
1132190 2175.6
1132200 2179.6
1132210 2179.6
1132220 2184.1
1132230 2188.3
1132240 2188.3
1132250 2191.6
1132260 2194.3
1132270 2194.3
1132280 2203.2
1132290 2208.0
1132300 2208.0
1132310 2213.4
1132320 2218.5
1132330 2218.5
1132340 2223.2
1132350 2227.2
1132360 2227.2
1132370 2230.4
1132380 2231.2
1132390 2238.1
1132400 2238.1
1132410 2246.4
1132420 2256.5
1132430 2256.5
1132440 2263.0
1132450 2267.0
1132460 2267.0
1132470 2273.2
1132480 2280.3
1132490 2280.3
1132500 2288.6
1132510 2297.0
1132520 2297.0
1132530 2305.9
1132540 2315.0
1132550 2315.0
1132560 2325.5
1132570 2335.0
1132580 2335.0
1132590 2338.2
1132600 2334.4
1132610 2331.4
1132620 2331.4
1132630 2336.6
1132640 2350.2
1132650 2350.2
1132660 2356.6
1132670 2362.7
1132680 2362.7
1132690 2372.6
1132700 2382.5
1132710 2382.5
1132720 2393.7
1132730 2403.9
1132740 2403.9
1132750 2413.2
1132760 2420.1
1132770 2420.1
1132780 2425.5
1132790 2430.9
1132800 2430.9
1132810 2439.3
1132820 2449.0
1132830 2457.3
1132840 2457.3
1132850 2464.5
1132860 2470.8
1132870 2470.8
1132880 2476.4
1132890 2479.8
1132900 2479.8
1132910 2478.7
1132920 2477.0
1132930 2477.0
1132940 2477.6
1132950 2480.0
1132960 2480.0
1132970 2478.8
1132980 2473.0
1132990 2473.0
1133000 2474.4
1133010 2473.1
1133020 2473.1
1133030 2474.1
1133040 2475.8
1133050 2475.8
1133060 2476.6
1133070 2477.3
1133080 2478.6
1133090 2478.6
1133100 2481.4
1133110 2486.2
1133120 2486.2
1133130 2493.4
1133140 2499.8
1133150 2499.8
1133160 2502.2
1133170 2511.0
1133180 2511.0
1133190 2519.8
1133200 2527.6
1133210 2527.6
1133220 2535.9
1133230 2543.8
1133240 2543.8
1133250 2550.7
1133260 2553.7
1133270 2553.7
1133280 2553.9
1133290 2557.3
1133300 2556.1
1133310 2556.1
1133320 2549.7
1133330 2542.2
1133340 2542.2
1133350 2533.1
1133360 2525.8
1133370 2525.8
1133380 2517.6
1133390 2509.6
1133400 2509.6
1133410 2502.7
1133420 2496.6
1133430 2496.6
1133440 2491.3
1133450 2486.8
1133460 2486.8
1133470 2480.6
1133480 2472.7
1133490 2472.7
1133500 2465.3
1133510 2458.3
1133520 2451.8
1133530 2451.8
1133540 2445.2
1133550 2438.3
1133560 2438.3
1133570 2431.9
1133580 2426.6
1133590 2426.6
1133600 2421.7
1133610 2417.0
1133620 2417.0
1133630 2412.6
1133640 2408.3
1133650 2408.3
1133660 2403.9
1133670 2399.7
1133680 2399.7
1133690 2396.0
1133700 2391.9
1133710 2391.9
1133720 2386.8
1133730 2379.4
1133740 2379.4
1133750 2374.4
1133760 2370.8
1133770 2366.2
1133780 2366.2
1133790 2360.7
1133800 2354.8
1133810 2354.8
1133820 2349.6
1133830 2344.0
1133840 2344.0
1133850 2338.4
1133860 2332.0
1133870 2332.0
1133880 2325.4
1133890 2317.3
1133900 2317.3
1133910 2307.9
1133920 2299.7
1133930 2299.7
1133940 2293.7
1133950 2287.2
1133960 2287.2
1133970 2280.4
1133980 2274.1
1133990 2267.9
1134000 2267.9
1134010 2261.4
1134020 2255.1
1134030 2255.1
1134040 2249.0
1134050 2242.7
1134060 2242.7
1134070 2236.9
1134080 2231.2
1134090 2231.2
1134100 2225.5
1134110 2220.2
1134120 2220.2
1134130 2215.0
1134140 2209.8
1134150 2209.8
1134160 2204.7
1134170 2199.5
1134180 2199.5
1134190 2194.9
1134200 2190.6
1134210 2185.9
1134220 2185.9
1134230 2180.9
1134240 2176.5
1134250 2176.5
1134260 2172.9
1134270 2169.6
1134280 2169.6
1134290 2166.4
1134300 2163.6
1134310 2163.6
1134320 2160.8
1134330 2157.8
1134340 2157.8
1134350 2154.3
1134360 2149.6
1134370 2149.6
1134380 2145.4
1134390 2140.6
1134400 2140.6
1134410 2134.6
1134420 2128.6
1134430 2122.5
1134440 2122.5
1134450 2118.4
1134460 2112.4
1134470 2112.4
1134480 2105.1
1134490 2098.6
1134500 2098.6
1134510 2092.7
1134520 2087.0
1134530 2087.0
1134540 2082.0
1134550 2076.5
1134560 2076.5
1134570 2070.3
1134580 2064.9
1134590 2064.9
1134600 2058.8
1134610 2051.8
1134620 2051.8
1134630 2045.5
1134640 2039.2
1134650 2039.2
1134660 2031.3
1134670 2022.6
1134680 2016.0
1134690 2016.0
1134700 2009.7
1134710 2002.9
1134720 2002.9
1134730 1995.9
1134740 1988.3
1134750 1988.3
1134760 1979.9
1134770 1972.3
1134780 1972.3
1134790 1965.6
1134800 1959.9
1134810 1958.1
1134820 1952.3
1134830 1947.0
1134840 1947.0
1134850 1942.5
1134860 1938.0
1134870 1938.0
1134880 1933.9
1134890 1929.6
1134900 1925.4
1134910 1925.4
1134920 1921.0
1134930 1916.9
1134940 1916.9
1134950 1914.2
1134960 1911.5
1134970 1911.5
1134980 1908.3
1134990 1904.9
1135000 1904.9
1135010 1901.4
1135020 1897.4
1135030 1897.4
1135040 1893.1
1135050 1888.8
1135060 1888.8
1135070 1884.0
1135080 1878.4
1135090 1878.4
1135100 1873.3
1135110 1870.5
1135120 1867.7
1135130 1867.7
1135140 1864.3
1135150 1861.1
1135160 1861.1
1135170 1857.9
1135180 1856.9
1135190 1856.9
1135200 1852.7
1135210 1850.1
1135220 1850.1
1135230 1846.9
1135240 1843.7
1135250 1843.7
1135260 1841.3
1135270 1838.4
1135280 1838.4
1135290 1835.9
1135300 1833.6
1135310 1833.6
1135320 1830.9
1135330 1827.8
1135340 1827.8
1135350 1823.6
1135360 1818.5
1135370 1812.3
1135380 1812.3
1135390 1805.7
1135400 1799.7
1135410 1799.7
1135420 1795.0
1135430 1790.8
1135440 1790.8
1135450 1786.2
1135460 1781.8
1135470 1781.8
1135480 1778.1
1135490 1772.4
1135500 1772.4
1135510 1767.6
1135520 1766.1
1135530 1766.1
1135540 1758.9
1135550 1755.5
1135560 1755.5
1135570 1751.6
1135580 1748.6
1135590 1745.2
1135600 1745.2
1135610 1743.6
1135620 1742.2
1135630 1742.2
1135640 1739.0
1135650 1736.7
1135660 1736.7
1135670 1736.0
1135680 1736.3
1135690 1736.3
1135700 1736.9
1135710 1735.7
1135720 1735.7
1135730 1730.5
1135740 1727.5
1135750 1727.5
1135760 1726.3
1135770 1724.4
1135780 1724.4
1135790 1721.1
1135800 1716.5
1135810 1712.2
1135820 1712.2
1135830 1709.0
1135840 1706.7
1135850 1706.7
1135860 1703.4
1135870 1698.8
1135880 1698.8
1135890 1694.6
1135900 1690.4
1135910 1690.4
1135920 1685.2
1135930 1678.9
1135940 1678.9
1135950 1673.2
1135960 1667.4
1135970 1667.4
1135980 1661.9
1135990 1656.4
1136000 1656.4
1136010 1651.0
1136020 1646.1
1136030 1646.1
1136040 1640.5
1136050 1634.2
1136060 1628.8
1136070 1628.8
1136080 1622.6
1136090 1615.9
1136100 1615.9
1136110 1608.1
1136120 1602.6
1136130 1602.6
1136140 1601.1
1136150 1598.5
1136160 1598.5
1136170 1595.6
1136180 1594.0
1136190 1594.0
1136200 1591.5
1136210 1586.3
1136220 1586.3
1136230 1582.9
1136240 1583.3
1136250 1583.3
1136260 1581.2
1136270 1570.5
1136280 1567.9
1136290 1567.9
1136300 1564.9
1136310 1562.6
1136320 1562.6
1136330 1560.8
1136340 1558.9
1136350 1558.9
1136360 1556.4
1136370 1553.9
1136380 1553.9
1136390 1551.9
1136400 1549.8
1136410 1549.8
1136420 1548.3
1136430 1547.6
1136440 1547.6
1136450 1546.1
1136460 1544.2
1136470 1544.2
1136480 1543.6
1136490 1543.4
1136500 1543.9
1136510 1543.9
1136520 1544.6
1136530 1544.3
1136540 1544.3
1136550 1542.1
1136560 1540.2
1136570 1540.2
1136580 1538.8
1136590 1536.7
1136600 1536.7
1136610 1534.0
1136620 1530.2
1136630 1525.5
1136640 1521.8
1136650 1520.0
1136660 1520.0
1136670 1518.7
1136680 1517.1
1136690 1517.1
1136700 1515.2
1136710 1514.1
1136720 1514.1
1136730 1513.2
1136740 1510.4
1136750 1504.3
1136760 1504.3
1136770 1499.2
1136780 1494.2
1136790 1494.2
1136800 1491.7
1136810 1490.3
1136820 1490.3
1136830 1490.0
1136840 1491.1
1136850 1491.1
1136860 1492.6
1136870 1493.0
1136880 1493.0
1136890 1493.1
1136900 1493.5
1136910 1493.5
1136920 1496.2
1136930 1501.1
1136940 1501.1
1136950 1505.3
1136960 1509.4
1136970 1513.7
1136980 1513.7
1136990 1517.5
1137000 1522.9
1137010 1522.9
1137020 1528.1
1137030 1533.3
1137040 1533.3
1137050 1538.5
1137060 1544.3
1137070 1544.3
1137080 1550.4
1137090 1555.5
1137100 1555.5
1137110 1559.9
1137120 1564.7
1137130 1564.7
1137140 1570.6
1137150 1577.4
1137160 1577.4
1137170 1583.8
1137180 1590.1
1137190 1600.8
1137200 1600.8
1137210 1612.8
1137220 1618.5
1137230 1618.5
1137240 1624.7
1137250 1633.0
1137260 1633.0
1137270 1645.0
1137280 1657.3
1137290 1657.3
1137300 1665.6
1137310 1668.8
1137320 1668.8
1137330 1673.0
1137340 1674.6
1137350 1674.6
1137360 1688.2
1137370 1689.6
1137380 1689.6
1137390 1691.3
1137400 1693.2
1137410 1695.3
1137420 1695.3
1137430 1698.3
1137440 1700.6
1137450 1700.6
1137460 1701.6
1137470 1702.1
1137480 1702.1
1137490 1704.4
1137500 1707.1
1137510 1707.1
1137520 1711.3
1137530 1715.7
1137540 1715.7
1137550 1719.4
1137560 1723.1
1137570 1723.1
1137580 1726.9
1137590 1729.6
1137600 1729.6
1137610 1730.4
1137620 1736.3
1137630 1736.3
1137640 1745.1
1137650 1753.1
1137660 1759.4
1137670 1759.4
1137680 1766.3
1137690 1771.5
1137700 1771.5
1137710 1779.0
1137720 1785.3
1137730 1797.8
1137740 1798.4
1137750 1798.8
1137760 1798.8
1137770 1802.0
1137780 1810.2
1137790 1810.2
1137800 1818.4
1137810 1827.8
1137820 1827.8
1137830 1835.4
1137840 1838.5
1137850 1838.5
1137860 1839.4
1137870 1840.8
1137880 1842.2
1137890 1842.2
1137900 1845.3
1137910 1849.4
1137920 1849.4
1137930 1853.4
1137940 1857.1
1137950 1857.1
1137960 1863.0
1137970 1868.8
1137980 1868.8
1137990 1874.7
1138000 1880.2
1138010 1880.2
1138020 1885.1
1138030 1889.3
1138040 1889.3
1138050 1892.3
1138060 1894.9
1138070 1894.9
1138080 1897.5
1138090 1902.8
1138100 1904.6
1138110 1904.6
1138120 1907.6
1138130 1909.9
1138140 1909.9
1138150 1912.6
1138160 1914.5
1138170 1914.5
1138180 1917.5
1138190 1920.6
1138200 1920.6
1138210 1922.7
1138220 1922.9
1138230 1922.9
1138240 1918.6
1138250 1918.4
1138260 1918.4
1138270 1925.4
1138280 1933.5
1138290 1933.5
1138300 1939.3
1138310 1944.0
1138320 1944.0
1138330 1948.6
1138340 1953.4
1138350 1957.6
1138360 1957.6
1138370 1961.9
1138380 1966.4
1138390 1966.4
1138400 1969.8
1138410 1973.7
1138420 1973.7
1138430 1977.9
1138440 1980.9
1138450 1980.9
1138460 1987.4
1138470 1990.2
1138480 1990.2
1138490 1994.3
1138500 1998.0
1138510 1998.0
1138520 2000.8
1138530 2004.1
1138540 2004.1
1138550 2006.6
1138560 2008.0
1138570 2010.5
1138580 2010.5
1138590 2013.6
1138600 2016.0
1138610 2016.0
1138620 2017.7
1138630 2019.0
1138640 2019.0
1138650 2020.1
1138660 2021.5
1138670 2021.5
1138680 2023.7
1138690 2026.1
1138700 2026.1
1138710 2028.7
1138720 2031.1
1138730 2031.1
1138740 2033.9
1138750 2036.4
1138760 2036.4
1138770 2039.6
1138780 2042.4
1138790 2045.1
1138800 2045.1
1138810 2046.3
1138820 2047.4
1138830 2051.3
1138840 2053.6
1138850 2055.0
1138860 2055.0
1138870 2056.0
1138880 2055.2
1138890 2055.2
1138900 2054.5
1138910 2054.8
1138920 2054.8
1138930 2056.3
1138940 2058.8
1138950 2058.8
1138960 2061.2
1138970 2063.7
1138980 2063.7
1138990 2066.8
1139000 2070.1
1139010 2073.8
1139020 2073.8
1139030 2077.0
1139040 2080.2
1139050 2080.2
1139060 2083.5
1139070 2086.8
1139080 2086.8
1139090 2090.3
1139100 2093.2
1139110 2093.2
1139120 2095.9
1139130 2098.9
1139140 2098.9
1139150 2102.0
1139160 2104.9
1139170 2104.9
1139180 2108.1
1139190 2112.9
1139200 2112.9
1139210 2117.5
1139220 2121.7
1139230 2121.7
1139240 2125.4
1139250 2128.7
1139260 2131.8
1139270 2131.8
1139280 2134.9
1139290 2138.4
1139300 2138.4
1139310 2141.8
1139320 2145.6
1139330 2145.6
1139340 2149.7
1139350 2153.2
1139360 2153.2
1139370 2156.4
1139380 2160.1
1139390 2160.1
1139400 2163.2
1139410 2166.0
1139420 2166.0
1139430 2168.2
1139440 2170.7
1139450 2170.7
1139460 2174.4
1139470 2178.4
1139480 2182.4
1139490 2182.4
1139500 2186.8
1139510 2191.3
1139520 2191.3
1139530 2196.3
1139540 2201.5
1139550 2201.5
1139560 2207.1
1139570 2210.7
1139580 2210.7
1139590 2213.6
1139600 2215.9
1139610 2215.9
1139620 2218.4
1139630 2221.9
1139640 2221.9
1139650 2225.3
1139660 2228.9
1139670 2228.9
1139680 2232.5
1139690 2235.9
1139700 2239.1
1139710 2239.1
1139720 2242.9
1139730 2246.2
1139740 2246.2
1139750 2249.3
1139760 2252.2
1139770 2252.2
1139780 2256.3
1139790 2260.7
1139800 2260.7
1139810 2265.7
1139820 2271.7
1139830 2271.7
1139840 2278.2
1139850 2284.7
1139860 2284.7
1139870 2291.2
1139880 2297.7
1139890 2297.7
1139900 2303.8
1139910 2309.1
1139920 2309.1
1139930 2315.0
1139940 2320.2
1139950 2325.3
1139960 2325.3
1139970 2330.3
1139980 2335.4
1139990 2335.4
