1120000 1907.6
1120010 1913.4
1120020 1920.0
1120030 1920.0
1120040 1927.8
1120050 1936.7
1120060 1936.7
1120070 1938.0
1120080 1943.5
1120090 1943.5
1120100 1949.9
1120110 1955.3
1120120 1955.3
1120130 1960.6
1120140 1966.9
1120150 1966.9
1120160 1973.4
1120170 1980.0
1120180 1986.2
1120190 1986.2
1120200 1991.3
1120210 1996.4
1120220 1996.4
1120230 2002.0
1120240 2008.0
1120250 2008.0
1120260 2013.1
1120270 2018.4
1120280 2018.4
1120290 2023.5
1120300 2028.4
1120310 2028.4
1120320 2032.5
1120330 2036.2
1120340 2036.2
1120350 2041.5
1120360 2046.9
1120370 2046.9
1120380 2052.2
1120390 2054.6
1120400 2056.7
1120410 2056.7
1120420 2061.8
1120430 2067.2
1120440 2067.2
1120450 2072.2
1120460 2075.3
1120470 2075.3
1120480 2076.8
1120490 2077.5
1120500 2077.5
1120510 2077.6
1120520 2076.9
1120530 2076.9
1120540 2077.7
1120550 2077.8
1120560 2077.8
1120570 2078.1
1120580 2080.3
1120590 2080.3
1120600 2083.4
1120610 2086.1
1120620 2086.1
1120630 2088.2
1120640 2090.1
1120650 2091.9
1120660 2091.9
1120670 2092.8
1120680 2093.7
1120690 2093.7
1120700 2095.3
1120710 2098.1
1120720 2098.1
1120730 2101.2
1120740 2102.5
1120750 2102.5
1120760 2101.6
1120770 2102.3
1120780 2102.3
1120790 2101.5
1120800 2102.7
1120810 2102.7
1120820 2102.8
1120830 2103.5
1120840 2103.5
1120850 2105.4
1120860 2105.8
1120870 2105.6
1120880 2105.6
1120890 2105.7
1120900 2107.7
1120910 2107.7
1120920 2110.0
1120930 2110.6
1120940 2110.6
1120950 2110.4
1120960 2111.1
1120970 2111.1
1120980 2112.9
1120990 2114.4
1121000 2114.4
1121010 2114.9
1121020 2114.5
1121030 2114.5
1121040 2114.7
1121050 2115.8
1121060 2115.8
1121070 2118.1
1121080 2121.7
1121090 2121.7
1121100 2125.6
1121110 2134.2
1121120 2137.9
1121130 2137.9
1121140 2140.2
1121150 2140.5
1121160 2140.5
1121170 2141.1
1121180 2143.0
1121190 2143.0
1121200 2145.1
1121210 2146.0
1121220 2146.0
1121230 2147.3
1121240 2149.1
1121250 2149.1
1121260 2150.9
1121270 2152.9
1121280 2152.9
1121290 2156.2
1121300 2157.8
1121310 2157.8
1121320 2158.5
1121330 2159.2
1121340 2160.9
1121350 2160.9
1121360 2161.7
1121370 2160.8
1121380 2160.8
1121390 2159.0
1121400 2160.0
1121410 2160.0
1121420 2161.3
1121430 2162.7
1121440 2162.7
1121450 2163.6
1121460 2168.6
1121470 2168.6
1121480 2169.7
1121490 2170.1
1121500 2170.1
1121510 2170.5
1121520 2171.0
1121530 2171.0
1121540 2173.4
1121550 2176.7
1121560 2181.7
1121570 2181.7
1121580 2185.8
1121590 2188.7
1121600 2188.7
1121610 2192.2
1121620 2194.3
1121630 2194.3
1121640 2197.0
1121650 2200.2
1121660 2200.2
1121670 2201.7
1121680 2201.8
1121690 2201.8
1121700 2201.4
1121710 2201.4
1121720 2201.4
1121730 2201.8
1121740 2201.7
1121750 2201.7
1121760 2202.8
1121770 2203.7
1121780 2203.7
1121790 2202.6
1121800 2201.2
1121810 2203.9
1121820 2203.9
1121830 2203.3
1121840 2203.1
1121850 2203.1
1121860 2203.2
1121870 2204.1
1121880 2204.1
1121890 2206.5
1121900 2209.6
1121910 2209.6
1121920 2211.5
1121930 2214.9
1121940 2214.9
1121950 2217.9
1121960 2220.8
1121970 2220.8
1121980 2223.7
1121990 2226.5
1122000 2226.5
1122010 2231.1
1122020 2238.0
1122030 2246.3
1122040 2246.3
1122050 2251.4
1122060 2252.4
1122070 2252.4
1122080 2252.7
1122090 2254.1
1122100 2254.1
1122110 2255.2
1122120 2256.2
1122130 2256.2
1122140 2258.7
1122150 2262.1
1122160 2269.6
1122170 2273.6
1122180 2277.9
1122190 2277.9
1122200 2281.1
1122210 2280.2
1122220 2280.2
1122230 2275.2
1122240 2270.4
1122250 2265.7
1122260 2265.7
1122270 2261.1
1122280 2257.7
1122290 2257.7
1122300 2255.7
1122310 2253.9
1122320 2253.9
1122330 2253.3
1122340 2252.3
1122350 2252.3
1122360 2251.9
1122370 2251.6
1122380 2251.6
1122390 2251.4
1122400 2250.2
1122410 2250.2
1122420 2248.7
1122430 2247.1
1122440 2247.1
1122450 2246.3
1122460 2246.1
1122470 2246.1
1122480 2245.8
1122490 2244.9
1122500 2243.1
1122510 2247.4
1122520 2244.9
1122530 2242.9
1122540 2242.9
1122550 2240.9
1122560 2239.0
1122570 2239.0
1122580 2237.3
1122590 2233.8
1122600 2233.8
1122610 2229.5
1122620 2226.0
1122630 2226.0
1122640 2223.4
1122650 2219.6
1122660 2219.6
1122670 2216.0
1122680 2211.0
1122690 2211.0
1122700 2206.2
1122710 2201.5
1122720 2196.4
1122730 2196.4
1122740 2189.1
1122750 2178.3
1122760 2178.3
1122770 2170.3
1122780 2164.0
1122790 2164.0
1122800 2157.9
1122810 2152.6
1122820 2152.6
1122830 2148.3
1122840 2142.4
1122850 2142.4
1122860 2129.4
1122870 2122.6
1122880 2122.6
1122890 2117.9
1122900 2115.3
1122910 2115.3
1122920 2114.6
1122930 2114.3
1122940 2115.1
1122950 2115.1
1122960 2114.6
1122970 2114.3
1122980 2114.3
1122990 2113.9
1123000 2113.6
1123010 2113.6
1123020 2114.3
1123030 2112.8
1123040 2112.8
1123050 2111.6
1123060 2110.0
1123070 2110.0
1123080 2109.8
1123090 2109.9
1123100 2109.9
1123110 2109.8
1123120 2109.7
1123130 2109.7
1123140 2111.6
1123150 2114.8
1123160 2114.8
1123170 2117.9
1123180 2116.4
1123190 2114.3
1123200 2114.3
1123210 2113.2
1123220 2103.3
1123230 2103.3
1123240 2099.8
1123250 2097.1
1123260 2097.1
1123270 2096.3
1123280 2096.0
1123290 2096.0
1123300 2095.0
1123310 2093.7
1123320 2093.7
1123330 2092.0
1123340 2088.3
1123350 2088.3
1123360 2083.4
1123370 2077.4
1123380 2077.4
1123390 2068.2
1123400 2054.6
1123410 2045.6
1123420 2045.6
1123430 2039.8
1123440 2034.1
1123450 2034.1
1123460 2027.3
1123470 2020.4
1123480 2020.4
1123490 2014.5
1123500 2008.9
1123510 2008.9
1123520 2003.1
1123530 1997.8
1123540 1997.8
1123550 1993.7
1123560 1989.6
1123570 1987.8
1123580 1983.6
1123590 1979.8
1123600 1979.8
1123610 1976.6
1123620 1974.6
1123630 1974.6
1123640 1972.5
1123650 1968.5
1123660 1965.2
1123670 1965.2
1123680 1961.6
1123690 1958.5
1123700 1958.5
1123710 1954.7
1123720 1949.8
1123730 1949.8
1123740 1943.9
1123750 1937.6
1123760 1937.6
1123770 1932.3
1123780 1928.9
1123790 1928.9
1123800 1927.0
1123810 1925.2
1123820 1925.2
1123830 1924.2
1123840 1925.0
1123850 1925.0
1123860 1924.6
1123870 1921.7
1123880 1916.9
1123890 1916.9
1123900 1910.9
1123910 1905.5
1123920 1904.5
1123930 1899.2
1123940 1891.8
1123950 1891.8
1123960 1878.5
1123970 1866.4
1123980 1866.4
1123990 1861.0
1124000 1856.7
1124010 1856.7
1124020 1852.1
1124030 1847.8
1124040 1847.8
1124050 1843.9
1124060 1840.3
1124070 1840.3
1124080 1837.4
1124090 1834.9
1124100 1833.1
1124110 1833.1
1124120 1831.1
1124130 1827.8
1124140 1827.8
1124150 1824.1
1124160 1820.8
1124170 1820.8
1124180 1817.2
1124190 1813.4
1124200 1813.4
1124210 1808.8
1124220 1804.8
1124230 1804.8
1124240 1802.3
1124250 1799.9
1124260 1799.9
1124270 1798.9
1124280 1797.1
1124290 1797.1
1124300 1795.5
1124310 1793.2
1124320 1793.2
1124330 1791.0
1124340 1788.5
1124350 1786.0
1124360 1786.0
1124370 1785.0
1124380 1784.2
1124390 1784.2
1124400 1783.0
1124410 1780.3
1124420 1780.3
1124430 1777.2
1124440 1774.2
1124450 1774.2
1124460 1769.1
1124470 1765.0
1124480 1765.0
1124490 1762.5
1124500 1761.5
1124510 1761.5
1124520 1760.8
1124530 1759.7
1124540 1759.7
1124550 1758.4
1124560 1756.3
1124570 1752.9
1124580 1752.9
1124590 1749.7
1124600 1745.7
1124610 1745.7
1124620 1743.4
1124630 1737.9
1124640 1737.9
1124650 1731.4
1124660 1724.9
1124670 1724.9
1124680 1719.4
1124690 1713.4
1124700 1713.4
1124710 1707.2
1124720 1700.6
1124730 1700.6
1124740 1694.8
1124750 1688.8
1124760 1688.8
1124770 1682.4
1124780 1675.0
1124790 1667.4
1124800 1667.4
1124810 1659.4
1124820 1651.5
1124830 1651.5
1124840 1643.5
1124850 1635.8
1124860 1635.8
1124870 1630.0
1124880 1624.1
1124890 1624.1
1124900 1616.3
1124910 1608.5
1124920 1608.5
1124930 1601.1
1124940 1593.6
1124950 1593.6
1124960 1585.7
1124970 1576.7
1124980 1580.9
1124990 1573.6
1125000 1566.3
1125010 1566.3
1125020 1558.5
1125030 1549.7
1125040 1536.8
1125050 1536.8
1125060 1527.1
1125070 1516.3
1125080 1516.3
1125090 1508.2
1125100 1500.8
1125110 1500.8
1125120 1494.3
1125130 1491.4
1125140 1491.4
1125150 1489.6
1125160 1489.2
1125170 1489.2
1125180 1488.6
1125190 1489.0
1125200 1489.0
1125210 1490.7
1125220 1492.4
1125230 1492.4
1125240 1493.1
1125250 1493.0
1125260 1493.0
1125270 1493.0
1125280 1490.7
1125290 1489.5
1125300 1489.5
1125310 1490.2
1125320 1492.0
1125330 1491.1
1125340 1492.8
1125350 1495.9
1125360 1495.9
1125370 1500.3
1125380 1503.0
1125390 1503.0
1125400 1505.2
1125410 1507.1
1125420 1507.1
1125430 1509.2
1125440 1511.8
1125450 1511.8
1125460 1514.1
1125470 1516.5
1125480 1518.9
1125490 1518.9
1125500 1521.0
1125510 1522.7
1125520 1522.7
1125530 1524.7
1125540 1527.1
1125550 1527.1
1125560 1529.1
1125570 1531.6
1125580 1531.6
1125590 1533.8
1125600 1536.4
1125610 1536.4
1125620 1538.8
1125630 1540.5
1125640 1540.5
1125650 1543.0
1125660 1546.2
1125670 1546.2
1125680 1553.9
1125690 1561.2
1125700 1561.2
1125710 1567.4
1125720 1573.6
1125730 1580.1
1125740 1580.1
1125750 1586.8
1125760 1593.7
1125770 1593.7
1125780 1600.9
1125790 1608.0
1125800 1608.0
1125810 1615.3
1125820 1624.7
1125830 1624.7
1125840 1634.8
1125850 1642.5
1125860 1642.5
1125870 1651.5
1125880 1659.9
1125890 1659.9
1125900 1668.2
1125910 1676.3
1125920 1676.3
1125930 1684.6
1125940 1692.6
1125950 1700.8
1125960 1700.8
1125970 1708.5
1125980 1715.9
1125990 1715.9
1126000 1723.6
1126010 1730.3
1126020 1730.3
1126030 1736.6
1126040 1742.1
1126050 1742.1
1126060 1748.6
1126070 1753.2
1126080 1753.2
1126090 1755.1
1126100 1760.1
1126110 1760.1
1126120 1761.9
1126130 1767.3
1126140 1767.3
1126150 1778.6
1126160 1788.6
1126170 1795.4
1126180 1795.4
1126190 1801.6
1126200 1808.5
1126210 1808.5
1126220 1814.7
1126230 1820.2
1126240 1820.2
1126250 1826.0
1126260 1831.3
1126270 1831.3
1126280 1836.0
1126290 1840.0
1126300 1840.0
1126310 1843.0
1126320 1844.4
1126330 1844.4
1126340 1844.8
1126350 1844.9
1126360 1844.9
1126370 1845.9
1126380 1847.0
1126390 1851.1
1126400 1853.5
1126410 1855.1
1126420 1856.2
1126430 1856.2
1126440 1857.8
1126450 1859.6
1126460 1859.6
1126470 1862.1
1126480 1863.8
1126490 1863.8
1126500 1865.8
1126510 1867.9
1126520 1867.9
1126530 1868.1
1126540 1869.4
1126550 1869.4
1126560 1870.1
1126570 1871.6
1126580 1871.6
1126590 1873.0
1126600 1874.7
1126610 1874.7
1126620 1878.0
1126630 1882.2
1126640 1886.3
1126650 1886.3
1126660 1890.4
1126670 1894.3
1126680 1894.3
1126690 1897.9
1126700 1900.6
1126710 1900.6
1126720 1902.7
1126730 1903.9
1126740 1908.8
1126750 1911.2
1126760 1912.4
1126770 1912.4
1126780 1913.2
1126790 1914.2
1126800 1914.2
1126810 1915.3
1126820 1916.7
1126830 1916.7
1126840 1917.8
1126850 1917.3
1126860 1917.3
1126870 1914.8
1126880 1911.9
1126890 1909.4
1126900 1909.4
1126910 1907.2
1126920 1905.8
1126930 1905.8
1126940 1904.8
1126950 1905.3
1126960 1905.3
1126970 1906.4
1126980 1907.1
1126990 1907.1
1127000 1907.8
1127010 1909.6
1127020 1909.6
1127030 1911.8
1127040 1913.9
1127050 1913.9
1127060 1916.0
1127070 1918.3
1127080 1918.3
1127090 1918.9
1127100 1920.4
1127110 1921.1
1127120 1921.1
1127130 1922.4
1127140 1923.6
1127150 1923.6
1127160 1925.0
1127170 1926.5
1127180 1926.5
1127190 1927.0
1127200 1927.7
1127210 1927.7
1127220 1929.0
1127230 1933.6
1127240 1933.6
1127250 1940.0
1127260 1947.0
1127270 1947.0
1127280 1954.3
1127290 1962.4
1127300 1962.4
1127310 1970.9
1127320 1977.6
1127330 1982.7
1127340 1982.7
1127350 1985.6
1127360 1987.7
1127370 1987.7
1127380 1989.3
1127390 1991.9
1127400 1991.9
1127410 1995.5
1127420 2000.4
1127430 2000.4
1127440 2006.3
1127450 2011.5
1127460 2011.5
1127470 2020.1
1127480 2028.3
1127490 2028.3
1127500 2033.6
1127510 2039.2
1127520 2039.2
1127530 2044.9
1127540 2050.9
1127550 2050.9
1127560 2056.5
1127570 2062.2
1127580 2068.9
1127590 2068.9
1127600 2075.5
1127610 2082.8
1127620 2082.8
1127630 2089.7
1127640 2096.3
1127650 2096.3
1127660 2102.6
1127670 2109.6
1127680 2109.6
1127690 2116.3
1127700 2123.4
1127710 2123.4
1127720 2129.6
1127730 2135.8
1127740 2135.8
1127750 2142.2
1127760 2148.7
1127770 2148.7
1127780 2154.6
1127790 2160.6
1127800 2166.9
1127810 2166.8
1127820 2173.4
1127830 2180.2
1127840 2180.2
1127850 2187.3
1127860 2194.9
1127870 2194.9
1127880 2203.4
1127890 2213.9
1127900 2213.9
1127910 2227.6
1127920 2244.8
1127930 2244.8
1127940 2256.8
1127950 2262.9
1127960 2262.9
1127970 2271.1
1127980 2276.7
1127990 2276.7
1128000 2288.3
1128010 2299.9
1128020 2305.2
1128030 2305.2
1128040 2308.0
1128050 2314.0
1128060 2314.0
1128070 2323.0
1128080 2329.1
1128090 2329.1
1128100 2333.2
1128110 2339.0
1128120 2339.0
1128130 2342.2
1128140 2347.2
1128150 2347.2
1128160 2353.3
1128170 2360.0
1128180 2360.0
1128190 2364.4
1128200 2369.7
1128210 2369.7
1128220 2374.8
1128230 2377.6
1128240 2377.6
1128250 2381.1
1128260 2383.3
1128270 2384.3
1128280 2384.3
1128290 2384.8
1128300 2383.7
1128310 2383.7
1128320 2385.3
1128330 2388.7
1128340 2388.7
1128350 2390.0
1128360 2391.9
1128370 2391.9
1128380 2394.3
1128390 2395.2
1128400 2395.2
1128410 2391.7
1128420 2386.2
1128430 2386.2
1128440 2380.4
1128450 2376.2
1128460 2376.2
1128470 2367.3
1128480 2360.6
1128490 2354.6
1128500 2354.6
1128510 2348.4
1128520 2350.3
1128530 2350.3
1128540 2346.3
1128550 2343.0
1128560 2343.0
1128570 2340.1
1128580 2337.6
1128590 2337.6
1128600 2335.4
1128610 2333.9
1128620 2333.9
1128630 2332.1
1128640 2330.5
1128650 2330.5
1128660 2328.7
1128670 2326.2
1128680 2326.2
1128690 2324.7
1128700 2323.5
1128710 2323.1
1128720 2323.1
1128730 2323.9
1128740 2325.1
1128750 2325.1
1128760 2327.4
1128770 2332.5
1128780 2332.5
1128790 2337.3
1128800 2341.0
1128810 2341.0
1128820 2341.7
1128830 2342.0
1128840 2342.0
1128850 2343.1
1128860 2342.4
1128870 2342.4
1128880 2342.6
1128890 2339.7
1128900 2339.7
1128910 2336.6
1128920 2335.1
1128930 2335.1
1128940 2333.8
1128950 2333.1
1128960 2334.4
1128970 2334.4
1128980 2335.9
1128990 2336.6
1129000 2336.6
1129010 2336.0
1129020 2334.3
1129030 2334.3
1129040 2331.1
1129050 2329.2
1129060 2329.2
1129070 2327.6
1129080 2326.4
1129090 2326.4
1129100 2325.3
1129110 2324.1
1129120 2324.1
1129130 2323.3
1129140 2324.7
1129150 2324.7
1129160 2325.7
1129170 2327.1
1129180 2326.4
1129190 2326.4
1129200 2327.8
1129210 2330.4
1129220 2330.4
1129230 2333.3
1129240 2340.6
1129250 2340.6
1129260 2343.9
1129270 2346.6
1129280 2346.6
1129290 2348.9
1129300 2350.9
1129310 2350.9
1129320 2353.1
1129330 2355.3
1129340 2355.3
1129350 2357.2
1129360 2358.2
1129370 2358.2
1129380 2360.6
1129390 2363.7
1129400 2366.0
1129410 2366.0
1129420 2368.2
1129430 2370.2
1129440 2370.2
1129450 2372.1
1129460 2374.2
1129470 2374.2
1129480 2376.5
1129490 2380.2
1129500 2380.2
1129510 2384.2
1129520 2387.9
1129530 2387.9
1129540 2390.9
1129550 2393.8
1129560 2393.8
1129570 2398.3
1129580 2403.7
1129590 2408.4
1129600 2413.6
1129610 2417.5
1129620 2417.5
1129630 2422.6
1129640 2428.1
1129650 2432.7
1129660 2432.7
1129670 2436.1
1129680 2440.2
1129690 2440.2
1129700 2446.3
1129710 2452.6
1129720 2452.6
1129730 2458.2
1129740 2463.2
1129750 2463.2
1129760 2466.8
1129770 2476.0
1129780 2476.0
1129790 2490.6
1129800 2503.9
1129810 2503.9
1129820 2511.3
1129830 2519.0
1129840 2519.0
1129850 2529.8
1129860 2542.8
1129870 2555.4
1129880 2555.4
1129890 2566.1
1129900 2579.2
1129910 2579.2
1129920 2587.6
1129930 2598.6
1129940 2598.6
1129950 2619.0
1129960 2628.1
1129970 2628.1
1129980 2636.3
1129990 2636.5
1130000 2636.5
1130010 2626.6
1130020 2614.8
1130030 2614.8
1130040 2599.1
1130050 2578.9
1130060 2578.9
1130070 2565.1
1130080 2556.3
1130090 2548.0
1130100 2548.0
1130110 2541.0
1130120 2535.0
1130130 2535.0
1130140 2524.4
1130150 2511.1
1130160 2511.1
1130170 2497.0
1130180 2489.7
1130190 2489.7
1130200 2483.7
1130210 2477.7
1130220 2477.7
1130230 2471.8
1130240 2466.1
1130250 2466.1
1130260 2460.3
1130270 2454.5
1130280 2454.5
1130290 2448.7
1130300 2442.8
1130310 2443.0
1130320 2437.2
1130330 2430.9
1130340 2424.8
1130350 2424.8
1130360 2419.3
1130370 2413.7
1130380 2413.7
1130390 2408.6
1130400 2406.1
1130410 2406.1
1130420 2402.7
1130430 2399.2
1130440 2399.2
1130450 2396.8
1130460 2394.5
1130470 2394.5
1130480 2392.7
1130490 2391.2
1130500 2391.2
1130510 2390.6
1130520 2389.8
1130530 2389.8
1130540 2389.4
1130550 2390.2
1130560 2391.2
1130570 2391.2
1130580 2392.6
1130590 2394.0
1130600 2394.0
1130610 2393.3
1130620 2393.2
1130630 2393.2
1130640 2391.5
1130650 2386.4
1130660 2386.4
1130670 2380.4
1130680 2375.7
1130690 2375.7
1130700 2373.9
1130710 2373.7
1130720 2373.7
1130730 2373.1
1130740 2372.6
1130750 2372.6
1130760 2369.4
1130770 2363.2
1130780 2363.2
1130790 2357.7
1130800 2353.0
1130810 2349.5
1130820 2349.5
1130830 2346.9
1130840 2345.1
1130850 2345.1
1130860 2343.7
1130870 2342.6
1130880 2342.6
1130890 2342.5
1130900 2342.9
1130910 2342.9
1130920 2344.3
1130930 2345.5
1130940 2345.5
1130950 2344.9
1130960 2344.3
1130970 2344.3
1130980 2337.8
1130990 2330.2
1131000 2330.2
1131010 2322.1
1131020 2311.3
1131030 2296.9
1131040 2296.9
1131050 2290.3
1131060 2285.5
1131070 2285.5
1131080 2282.0
1131090 2279.3
1131100 2279.3
1131110 2275.7
1131120 2270.9
1131130 2270.9
1131140 2265.8
1131150 2261.6
1131160 2261.6
1131170 2258.1
1131180 2255.8
1131190 2255.8
1131200 2254.0
1131210 2251.4
1131220 2251.4
1131230 2250.0
1131240 2248.6
1131250 2245.7
1131260 2245.7
1131270 2241.6
1131280 2238.5
1131290 2238.5
1131300 2236.8
1131310 2234.2
1131320 2234.2
1131330 2227.7
1131340 2218.8
1131350 2218.8
1131360 2209.6
1131370 2198.9
1131380 2198.9
1131390 2192.1
1131400 2183.0
1131410 2183.0
1131420 2175.4
1131430 2169.4
1131440 2169.4
1131450 2163.7
1131460 2156.5
1131470 2156.5
1131480 2148.3
1131490 2143.0
1131500 2138.4
1131510 2138.4
1131520 2131.4
1131530 2124.0
1131540 2124.0
1131550 2118.8
1131560 2113.7
1131570 2113.7
1131580 2109.1
1131590 2105.0
1131600 2105.0
1131610 2101.8
1131620 2097.8
1131630 2097.8
1131640 2093.7
1131650 2089.4
1131660 2089.4
1131670 2085.0
1131680 2081.4
1131690 2081.4
1131700 2077.6
1131710 2074.4
1131720 2070.2
1131730 2070.2
1131740 2062.7
1131750 2058.8
1131760 2058.8
1131770 2054.7
1131780 2049.8
1131790 2049.8
1131800 2043.5
1131810 2037.6
1131820 2037.6
1131830 2032.1
1131840 2027.4
1131850 2027.4
1131860 2023.7
1131870 2020.2
1131880 2020.2
1131890 2017.9
1131900 2014.0
1131910 2014.0
1131920 2010.7
1131930 2007.8
1131940 2004.9
1131950 2004.9
1131960 2003.0
1131970 2001.3
1131980 2001.3
1131990 2000.1
1132000 1999.1
1132010 1999.1
1132020 1997.6
1132030 1995.5
1132040 1995.5
1132050 1993.7
1132060 1992.4
1132070 1992.4
1132080 1991.1
1132090 1990.1
1132100 1989.6
1132110 1988.5
1132120 1987.7
1132130 1987.7
1132140 1986.5
1132150 1985.6
1132160 1985.6
1132170 1985.2
1132180 1984.3
1132190 1983.5
1132200 1983.5
1132210 1982.8
1132220 1983.0
1132230 1983.0
1132240 1983.9
1132250 1988.3
1132260 1988.3
1132270 1992.2
1132280 1994.5
1132290 1994.5
1132300 1995.2
1132310 1995.3
1132320 1995.3
1132330 1994.9
1132340 1994.0
1132350 1994.0
1132360 1991.9
1132370 1988.8
1132380 1988.8
1132390 1986.4
1132400 1986.0
1132410 1983.4
1132420 1983.4
1132430 1982.4
1132440 1981.4
1132450 1981.4
1132460 1981.4
1132470 1980.6
1132480 1980.6
1132490 1980.7
1132500 1981.3
1132510 1981.3
1132520 1979.0
1132530 1978.1
1132540 1978.1
1132550 1979.4
1132560 1981.2
1132570 1981.2
1132580 1983.0
1132590 1984.6
1132600 1984.6
1132610 1987.0
1132620 1990.0
1132630 1995.1
1132640 1995.1
1132650 2001.4
1132660 2005.2
1132670 2005.2
1132680 2008.1
1132690 2009.3
1132700 2009.3
1132710 2010.8
1132720 2013.3
1132730 2013.3
1132740 2017.2
1132750 2020.7
1132760 2020.7
1132770 2023.7
1132780 2025.5
1132790 2025.5
1132800 2026.5
1132810 2026.8
1132820 2026.8
1132830 2031.4
1132840 2033.0
1132850 2033.0
1132860 2033.0
1132870 2033.7
1132880 2036.9
1132890 2036.9
1132900 2039.2
1132910 2040.7
1132920 2040.7
1132930 2042.6
1132940 2044.7
1132950 2044.7
1132960 2046.7
1132970 2048.3
1132980 2048.3
1132990 2049.2
1133000 2050.2
1133010 2050.2
1133020 2050.7
1133030 2050.3
1133040 2050.3
1133050 2050.6
1133060 2051.0
1133070 2051.0
1133080 2051.4
1133090 2051.9
1133100 2051.9
1133110 2051.9
1133120 2052.8
1133130 2054.5
1133140 2054.5
1133150 2055.6
1133160 2056.3
1133170 2056.3
1133180 2057.2
1133190 2062.8
1133200 2062.8
1133210 2064.9
1133220 2066.6
1133230 2066.6
1133240 2069.0
1133250 2071.3
1133260 2071.3
1133270 2073.1
1133280 2074.2
1133290 2074.2
1133300 2074.9
1133310 2075.4
1133320 2076.5
1133330 2076.5
1133340 2078.1
1133350 2079.7
1133360 2079.7
1133370 2082.1
1133380 2084.6
1133390 2084.6
1133400 2087.1
1133410 2089.1
1133420 2089.1
1133430 2091.0
1133440 2092.9
1133450 2092.9
1133460 2094.8
1133470 2096.6
1133480 2096.6
1133490 2098.2
1133500 2099.4
1133510 2099.4
1133520 2100.8
1133530 2102.2
1133540 2102.2
1133550 2109.9
1133560 2111.2
1133570 2112.2
1133580 2112.2
1133590 2112.9
1133600 2113.4
1133610 2113.4
1133620 2113.8
1133630 2114.2
1133640 2114.2
1133650 2114.1
1133660 2113.8
1133670 2113.8
1133680 2113.5
1133690 2113.8
1133700 2113.8
1133710 2114.7
1133720 2115.8
1133730 2115.8
1133740 2116.7
1133750 2117.3
1133760 2117.3
1133770 2118.0
1133780 2118.3
1133790 2118.5
1133800 2118.5
1133810 2118.4
1133820 2117.8
1133830 2117.8
1133840 2117.6
1133850 2118.2
1133860 2118.2
1133870 2118.8
1133880 2119.4
1133890 2119.4
1133900 2119.9
1133910 2124.2
1133920 2124.2
1133930 2124.9
1133940 2125.4
1133950 2125.4
1133960 2125.6
1133970 2125.7
1133980 2125.7
1133990 2124.8
1134000 2119.2
1134010 2115.2
1134020 2115.2
1134030 2111.3
1134040 2104.6
1134050 2104.6
1134060 2102.0
1134070 2101.6
1134080 2101.6
1134090 2100.0
1134100 2096.8
1134110 2096.8
1134120 2093.1
1134130 2091.8
1134140 2091.8
1134150 2092.0
1134160 2091.3
1134170 2091.3
1134180 2090.3
1134190 2088.8
1134200 2088.8
1134210 2088.8
1134220 2088.0
1134230 2088.0
1134240 2086.0
1134250 2085.6
1134260 2085.2
1134270 2090.1
1134280 2087.0
1134290 2083.7
1134300 2083.7
1134310 2081.9
1134320 2083.4
1134330 2083.4
1134340 2085.2
1134350 2085.4
1134360 2085.4
1134370 2085.8
1134380 2085.9
1134390 2085.9
1134400 2086.5
1134410 2087.8
1134420 2087.8
1134430 2087.7
1134440 2089.5
1134450 2089.5
1134460 2093.8
1134470 2096.8
1134480 2099.5
1134490 2099.5
1134500 2103.3
1134510 2106.8
1134520 2106.8
1134530 2107.1
1134540 2110.4
1134550 2110.4
1134560 2112.3
1134570 2113.6
1134580 2113.6
1134590 2115.2
1134600 2117.8
1134610 2117.8
1134620 2119.5
1134630 2127.4
1134640 2127.4
1134650 2126.1
1134660 2126.3
1134670 2126.3
1134680 2126.0
1134690 2127.1
1134700 2130.9
1134710 2130.9
1134720 2132.7
1134730 2133.0
1134740 2133.0
1134750 2133.3
1134760 2133.1
1134770 2133.1
1134780 2132.0
1134790 2130.0
1134800 2130.0
1134810 2128.3
1134820 2126.3
1134830 2126.3
1134840 2124.5
1134850 2122.3
1134860 2122.3
1134870 2119.9
1134880 2117.2
1134890 2117.2
1134900 2115.1
1134910 2114.1
1134920 2114.1
1134930 2114.5
1134940 2116.1
1134950 2117.9
1134960 2117.9
1134970 2117.4
1134980 2115.4
1134990 2115.4
1135000 2124.2
1135010 2123.5
1135020 2123.5
1135030 2122.8
1135040 2121.8
1135050 2121.8
1135060 2121.4
1135070 2123.6
1135080 2123.6
1135090 2124.7
1135100 2124.9
1135110 2124.9
1135120 2124.9
1135130 2123.0
1135140 2123.0
1135150 2119.5
1135160 2116.9
1135170 2112.5
1135180 2112.5
1135190 2106.5
1135200 2101.9
1135210 2101.9
1135220 2098.0
1135230 2095.6
1135240 2095.6
1135250 2095.1
1135260 2095.9
1135270 2095.9
1135280 2093.6
1135290 2091.8
1135300 2091.8
1135310 2090.0
1135320 2088.0
1135330 2088.0
1135340 2083.3
1135350 2079.5
1135360 2079.0
1135370 2076.5
1135380 2076.1
1135390 2074.9
1135400 2074.9
1135410 2073.9
1135420 2072.7
1135430 2072.7
1135440 2072.3
1135450 2071.0
1135460 2071.0
1135470 2068.8
1135480 2065.6
1135490 2065.6
1135500 2061.8
1135510 2057.7
1135520 2057.7
1135530 2054.9
1135540 2054.6
1135550 2054.6
1135560 2053.2
1135570 2051.6
1135580 2051.6
1135590 2048.4
1135600 2044.5
1135610 2044.5
1135620 2042.7
1135630 2040.8
1135640 2037.4
1135650 2037.4
1135660 2034.2
1135670 2028.8
1135680 2028.8
1135690 2023.4
1135700 2019.0
1135710 2019.0
1135720 2025.4
1135730 2022.0
1135740 2022.0
1135750 2017.5
1135760 2011.0
1135770 2011.0
1135780 2003.8
1135790 1996.4
1135800 1996.4
1135810 1988.7
1135820 1984.0
1135830 1984.0
1135840 1981.7
1135850 1977.5
1135860 1971.7
1135870 1971.7
1135880 1965.2
1135890 1959.6
1135900 1959.6
1135910 1953.7
1135920 1946.3
1135930 1946.3
1135940 1938.0
1135950 1930.4
1135960 1930.4
1135970 1923.3
1135980 1916.5
1135990 1916.5
1136000 1908.8
1136010 1900.9
1136020 1900.9
1136030 1892.6
1136040 1886.3
1136050 1886.3
1136060 1879.9
1136070 1872.8
1136080 1864.9
1136090 1870.6
1136100 1860.7
1136110 1851.1
1136120 1851.1
1136130 1842.3
1136140 1836.0
1136150 1836.0
1136160 1828.9
1136170 1822.4
1136180 1822.4
1136190 1813.0
1136200 1800.9
1136210 1800.9
1136220 1794.1
1136230 1792.5
1136240 1792.5
1136250 1788.7
1136260 1783.6
1136270 1783.6
1136280 1778.1
1136290 1772.8
1136300 1772.8
1136310 1767.8
1136320 1761.4
1136330 1756.7
1136340 1756.7
1136350 1752.3
1136360 1746.9
1136370 1746.9
1136380 1741.6
1136390 1735.8
1136400 1735.8
1136410 1730.0
1136420 1724.5
1136430 1724.5
1136440 1718.5
1136450 1715.7
1136460 1715.7
1136470 1709.9
1136480 1704.1
1136490 1704.1
1136500 1698.5
1136510 1692.9
1136520 1692.9
1136530 1686.8
1136540 1679.5
1136550 1672.3
1136560 1672.3
1136570 1664.9
1136580 1658.8
1136590 1658.8
1136600 1652.5
1136610 1646.0
1136620 1646.0
1136630 1639.3
1136640 1634.5
1136650 1634.5
1136660 1629.3
1136670 1624.4
1136680 1624.4
1136690 1618.5
1136700 1612.8
1136710 1612.8
1136720 1607.3
1136730 1602.6
1136740 1602.6
1136750 1599.0
1136760 1594.8
1136770 1588.5
1136780 1588.5
1136790 1581.8
1136800 1575.6
1136810 1575.6
1136820 1571.4
1136830 1567.0
1136840 1567.0
1136850 1560.7
1136860 1554.7
1136870 1554.7
1136880 1550.7
1136890 1547.9
1136900 1547.9
1136910 1545.3
1136920 1542.1
1136930 1542.1
1136940 1538.6
1136950 1535.6
1136960 1535.6
1136970 1533.6
1136980 1531.1
1136990 1531.1
1137000 1528.3
1137010 1525.5
1137020 1522.2
1137030 1522.2
1137040 1519.5
1137050 1517.5
1137060 1517.5
1137070 1515.6
1137080 1514.5
1137090 1514.5
1137100 1513.0
1137110 1510.2
1137120 1510.2
1137130 1506.4
1137140 1503.5
1137150 1503.5
1137160 1500.5
1137170 1497.4
1137180 1491.7
1137190 1489.1
1137200 1486.8
1137210 1486.8
1137220 1484.8
1137230 1483.9
1137240 1483.1
1137250 1483.1
1137260 1482.2
1137270 1481.2
1137280 1481.2
1137290 1479.8
1137300 1479.7
1137310 1479.7
1137320 1479.7
1137330 1479.5
1137340 1479.5
1137350 1479.5
1137360 1479.5
1137370 1479.5
1137380 1479.5
1137390 1479.9
1137400 1479.9
1137410 1480.9
1137420 1481.2
1137430 1481.2
1137440 1481.6
1137450 1482.0
1137460 1482.0
1137470 1482.0
1137480 1481.2
1137490 1480.6
1137500 1480.6
1137510 1480.2
1137520 1479.7
1137530 1479.7
1137540 1479.6
1137550 1480.6
1137560 1480.6
1137570 1480.6
1137580 1481.1
1137590 1481.1
1137600 1482.1
1137610 1483.2
1137620 1483.2
1137630 1484.6
1137640 1486.3
1137650 1486.3
1137660 1487.5
1137670 1489.7
1137680 1489.7
1137690 1490.8
1137700 1491.5
1137710 1492.2
1137720 1492.2
1137730 1494.0
1137740 1497.2
1137750 1497.2
1137760 1500.1
1137770 1502.4
1137780 1502.4
1137790 1503.6
1137800 1505.7
1137810 1505.7
1137820 1509.8
1137830 1515.3
1137840 1515.3
1137850 1521.8
1137860 1528.0
1137870 1528.0
1137880 1534.3
1137890 1540.6
1137900 1540.6
1137910 1550.1
1137920 1556.1
1137930 1560.3
1137940 1560.3
1137950 1563.3
1137960 1565.9
1137970 1565.9
1137980 1570.4
1137990 1576.6
1138000 1576.6
1138010 1584.3
1138020 1594.8
1138030 1594.8
1138040 1603.2
1138050 1608.6
1138060 1608.6
1138070 1614.8
1138080 1623.4
1138090 1623.4
1138100 1631.1
1138110 1639.3
1138120 1639.3
1138130 1647.2
1138140 1656.2
1138150 1662.7
1138160 1662.7
1138170 1667.9
1138180 1673.4
1138190 1673.4
1138200 1678.0
1138210 1681.8
1138220 1681.8
1138230 1689.7
1138240 1703.4
1138250 1703.4
1138260 1711.9
1138270 1716.2
1138280 1720.6
1138290 1726.0
1138300 1730.0
1138310 1730.0
1138320 1734.8
1138330 1739.4
1138340 1739.4
1138350 1741.5
1138360 1744.5
1138370 1744.5
1138380 1749.4
1138390 1754.3
1138400 1758.7
1138410 1758.7
1138420 1763.6
1138430 1768.2
1138440 1768.2
1138450 1772.4
1138460 1775.4
1138470 1775.4
1138480 1778.5
1138490 1784.0
1138500 1784.0
1138510 1786.9
1138520 1786.2
1138530 1786.2
1138540 1789.1
1138550 1792.7
1138560 1792.7
1138570 1797.8
1138580 1804.1
1138590 1804.1
1138600 1808.1
1138610 1812.9
1138620 1816.1
1138630 1816.1
1138640 1817.5
1138650 1825.5
1138660 1825.5
1138670 1827.6
1138680 1831.2
1138690 1831.2
1138700 1835.8
1138710 1840.8
1138720 1840.8
1138730 1845.1
1138740 1848.7
1138750 1848.7
1138760 1853.8
1138770 1858.9
1138780 1858.9
1138790 1864.3
1138800 1869.5
1138810 1869.5
1138820 1874.3
1138830 1878.5
1138840 1878.5
1138850 1883.1
1138860 1888.1
1138870 1893.9
1138880 1893.9
1138890 1900.4
1138900 1906.8
1138910 1906.8
1138920 1913.0
1138930 1917.3
1138940 1917.3
1138950 1920.8
1138960 1925.3
1138970 1925.3
1138980 1930.6
1138990 1935.1
1139000 1935.1
1139010 1942.3
1139020 1946.6
1139030 1946.6
1139040 1950.8
1139050 1954.3
1139060 1954.3
1139070 1958.1
1139080 1962.1
1139090 1966.9
1139100 1966.9
1139110 1972.0
1139120 1976.9
1139130 1976.9
1139140 1982.4
1139150 1987.0
1139160 1987.0
1139170 1990.4
1139180 1992.8
1139190 1992.8
1139200 1995.3
1139210 1999.1
1139220 1999.1
1139230 2002.7
1139240 2005.8
1139250 2005.8
1139260 2008.7
1139270 2011.9
1139280 2011.9
1139290 2015.2
1139300 2018.7
1139310 2021.9
1139320 2021.9
1139330 2024.6
1139340 2027.4
1139350 2027.4
1139360 2030.3
1139370 2033.8
1139380 2035.1
1139390 2038.6
1139400 2042.5
1139410 2042.5
1139420 2045.9
1139430 2049.0
1139440 2049.0
1139450 2052.1
1139460 2054.4
1139470 2054.4
1139480 2056.3
1139490 2058.5
1139500 2058.5
1139510 2060.5
1139520 2062.6
1139530 2062.6
1139540 2065.0
1139550 2067.5
1139560 2069.9
1139570 2069.9
1139580 2072.3
1139590 2076.9
1139600 2076.9
1139610 2081.1
1139620 2085.8
1139630 2085.8
1139640 2090.7
1139650 2095.2
1139660 2095.2
1139670 2099.1
1139680 2102.9
1139690 2102.9
1139700 2106.4
1139710 2110.2
1139720 2110.2
1139730 2114.7
1139740 2118.4
1139750 2120.4
1139760 2124.7
1139770 2128.6
1139780 2132.8
1139790 2132.8
1139800 2137.0
1139810 2140.8
1139820 2140.8
1139830 2144.3
1139840 2148.1
1139850 2148.1
1139860 2151.3
1139870 2154.2
1139880 2154.2
1139890 2157.3
1139900 2162.9
1139910 2162.9
1139920 2168.9
1139930 2174.7
1139940 2174.7
1139950 2180.7
1139960 2186.9
1139970 2186.9
1139980 2193.2
1139990 2201.6
