1120000 1875.3
1120010 1875.3
1120020 1879.3
1120030 1884.2
1120040 1884.2
1120050 1890.1
1120060 1896.0
1120070 1901.8
1120080 1901.8
1120090 1907.6
1120100 1913.2
1120110 1913.2
1120120 1919.3
1120130 1926.7
1120140 1926.7
1120150 1935.4
1120160 1942.2
1120170 1942.2
1120180 1948.9
1120190 1955.2
1120200 1955.2
1120210 1960.9
1120220 1967.4
1120230 1967.4
1120240 1975.4
1120250 1982.6
1120260 1982.6
1120270 1988.5
1120280 1993.1
1120290 1993.1
1120300 1996.5
1120310 2000.5
1120320 2005.5
1120330 2005.5
1120340 2009.3
1120350 2014.5
1120360 2014.5
1120370 2020.3
1120380 2025.9
1120390 2025.9
1120400 2030.9
1120410 2034.8
1120420 2034.8
1120430 2038.3
1120440 2043.2
1120450 2043.2
1120460 2048.8
1120470 2053.3
1120480 2053.3
1120490 2058.7
1120500 2063.7
1120510 2063.7
1120520 2068.8
1120530 2073.5
1120540 2078.3
1120550 2078.3
1120560 2082.6
1120570 2086.5
1120580 2086.5
1120590 2089.2
1120600 2090.4
1120610 2090.4
1120620 2090.7
1120630 2090.8
1120640 2090.8
1120650 2091.2
1120660 2091.4
1120670 2091.4
1120680 2092.4
1120690 2086.5
1120700 2086.5
1120710 2087.7
1120720 2089.7
1120730 2089.7
1120740 2091.0
1120750 2092.4
1120760 2095.2
1120770 2095.2
1120780 2100.0
1120790 2103.9
1120800 2103.9
1120810 2107.7
1120820 2110.8
1120830 2110.8
1120840 2112.7
1120850 2114.1
1120860 2114.1
1120870 2116.3
1120880 2117.4
1120890 2117.4
1120900 2117.7
1120910 2118.8
1120920 2118.8
1120930 2119.6
1120940 2120.3
1120950 2120.3
1120960 2120.7
1120970 2121.5
1120980 2121.5
1120990 2121.5
1121000 2121.7
1121010 2122.1
1121020 2122.1
1121030 2122.4
1121040 2122.0
1121050 2122.0
1121060 2123.5
1121070 2124.7
1121080 2124.7
1121090 2124.8
1121100 2124.7
1121110 2124.7
1121120 2127.0
1121130 2131.2
1121140 2131.2
1121150 2135.2
1121160 2137.0
1121170 2137.0
1121180 2138.8
1121190 2140.9
1121200 2140.9
1121210 2142.6
1121220 2141.9
1121230 2143.1
1121240 2143.1
1121250 2144.6
1121260 2147.2
1121270 2147.2
1121280 2150.6
1121290 2154.0
1121300 2154.0
1121310 2155.3
1121320 2155.6
1121330 2155.6
1121340 2158.0
1121350 2161.2
1121360 2161.2
1121370 2163.4
1121380 2165.9
1121390 2160.2
1121400 2160.6
1121410 2161.7
1121420 2161.7
1121430 2164.1
1121440 2166.6
1121450 2170.8
1121460 2170.8
1121470 2174.6
1121480 2179.6
1121490 2179.6
1121500 2182.8
1121510 2185.2
1121520 2185.2
1121530 2188.9
1121540 2193.3
1121550 2193.3
1121560 2200.4
1121570 2203.5
1121580 2203.5
1121590 2206.9
1121600 2211.4
1121610 2211.4
1121620 2218.6
1121630 2224.6
1121640 2224.6
1121650 2231.4
1121660 2239.4
1121670 2239.4
1121680 2244.0
1121690 2248.9
1121700 2253.7
1121710 2253.7
1121720 2257.9
1121730 2261.3
1121740 2263.1
1121750 2270.5
1121760 2265.8
1121770 2265.8
1121780 2261.3
1121790 2258.7
1121800 2258.7
1121810 2257.4
1121820 2257.3
1121830 2257.3
1121840 2257.7
1121850 2258.7
1121860 2258.7
1121870 2259.9
1121880 2260.7
1121890 2260.7
1121900 2261.5
1121910 2263.4
1121920 2265.3
1121930 2265.3
1121940 2268.0
1121950 2269.8
1121960 2269.8
1121970 2271.7
1121980 2273.5
1121990 2273.5
1122000 2276.2
1122010 2283.2
1122020 2283.2
1122030 2290.4
1122040 2294.6
1122050 2294.6
1122060 2298.7
1122070 2309.5
1122080 2309.5
1122090 2325.7
1122100 2327.1
1122110 2327.1
1122120 2324.1
1122130 2321.3
1122140 2316.9
1122150 2316.9
1122160 2311.7
1122170 2308.3
1122180 2308.3
1122190 2304.9
1122200 2300.7
1122210 2300.7
1122220 2296.5
1122230 2292.3
1122240 2292.3
1122250 2289.2
1122260 2286.1
1122270 2286.1
1122280 2283.4
1122290 2281.5
1122300 2281.5
1122310 2281.1
1122320 2282.1
1122330 2282.1
1122340 2282.6
1122350 2282.3
1122360 2282.3
1122370 2280.6
1122380 2278.5
1122390 2274.1
1122400 2274.1
1122410 2270.4
1122420 2267.8
1122430 2267.8
1122440 2268.2
1122450 2267.9
1122460 2267.9
1122470 2269.3
1122480 2270.3
1122490 2270.3
1122500 2269.8
1122510 2267.7
1122520 2267.7
1122530 2266.4
1122540 2266.2
1122550 2266.2
1122560 2266.3
1122570 2265.6
1122580 2265.6
1122590 2262.7
1122600 2259.0
1122610 2258.9
1122620 2258.9
1122630 2256.7
1122640 2253.1
1122650 2253.1
1122660 2244.3
1122670 2230.1
1122680 2230.1
1122690 2221.2
1122700 2214.1
1122710 2214.1
1122720 2207.7
1122730 2201.9
1122740 2201.9
1122750 2196.5
1122760 2191.6
1122770 2191.6
1122780 2186.6
1122790 2186.5
1122800 2186.5
1122810 2183.8
1122820 2175.3
1122830 2175.3
1122840 2165.6
1122850 2158.1
1122860 2148.5
1122870 2148.5
1122880 2141.0
1122890 2135.0
1122900 2135.0
1122910 2129.2
1122920 2122.1
1122930 2122.1
1122940 2117.9
1122950 2113.1
1122960 2113.1
1122970 2109.0
1122980 2100.5
1122990 2100.5
1123000 2089.8
1123010 2084.0
1123020 2084.0
1123030 2079.4
1123040 2076.1
1123050 2076.1
1123060 2072.9
1123070 2069.5
1123080 2064.7
1123090 2064.7
1123100 2059.6
1123110 2055.1
1123120 2055.1
1123130 2052.6
1123140 2047.6
1123150 2047.6
1123160 2044.1
1123170 2042.1
1123180 2042.1
1123190 2039.8
1123200 2042.4
1123210 2042.4
1123220 2045.5
1123230 2045.4
1123240 2045.4
1123250 2045.1
1123260 2041.8
1123270 2041.8
1123280 2037.7
1123290 2033.7
1123300 2028.9
1123310 2028.9
1123320 2023.5
1123330 2017.2
1123340 2017.2
1123350 2011.3
1123360 2007.5
1123370 2007.5
1123380 2004.2
1123390 1999.0
1123400 1999.0
1123410 1992.4
1123420 1984.9
1123430 1984.9
1123440 1979.9
1123450 1977.5
1123460 1977.5
1123470 1975.2
1123480 1971.2
1123490 1963.0
1123500 1960.4
1123510 1957.1
1123520 1957.1
1123530 1954.4
1123540 1952.0
1123550 1949.5
1123560 1949.5
1123570 1947.1
1123580 1944.5
1123590 1944.5
1123600 1942.0
1123610 1938.9
1123620 1938.9
1123630 1935.8
1123640 1932.9
1123650 1932.9
1123660 1929.4
1123670 1924.9
1123680 1924.9
1123690 1921.0
1123700 1918.1
1123710 1918.1
1123720 1915.7
1123730 1912.6
1123740 1912.6
1123750 1908.7
1123760 1904.9
1123770 1902.3
1123780 1902.3
1123790 1900.5
1123800 1898.5
1123810 1898.5
1123820 1896.1
1123830 1893.6
1123840 1894.3
1123850 1891.6
1123860 1887.9
1123870 1887.9
1123880 1884.0
1123890 1881.1
1123900 1881.1
1123910 1878.1
1123920 1876.0
1123930 1876.0
1123940 1873.5
1123950 1871.6
1123960 1871.6
1123970 1871.0
1123980 1869.4
1123990 1867.0
1124000 1867.0
1124010 1864.3
1124020 1861.7
1124030 1861.7
1124040 1859.6
1124050 1857.1
1124060 1857.1
1124070 1853.6
1124080 1850.8
1124090 1850.8
1124100 1848.8
1124110 1846.3
1124120 1846.3
1124130 1842.8
1124140 1840.1
1124150 1840.1
1124160 1836.8
1124170 1833.8
1124180 1833.8
1124190 1831.6
1124200 1829.8
1124210 1829.8
1124220 1828.0
1124230 1825.9
1124240 1824.2
1124250 1824.2
1124260 1821.8
1124270 1816.4
1124280 1816.4
1124290 1810.6
1124300 1805.9
1124310 1805.9
1124320 1802.5
1124330 1799.1
1124340 1799.1
1124350 1797.6
1124360 1797.2
1124370 1797.2
1124380 1797.2
1124390 1797.6
1124400 1797.6
1124410 1798.9
1124420 1799.7
1124430 1799.7
1124440 1800.0
1124450 1801.6
1124460 1802.3
1124470 1802.3
1124480 1801.1
1124490 1799.8
1124500 1799.8
1124510 1797.7
1124520 1792.4
1124530 1792.4
1124540 1798.2
1124550 1797.5
1124560 1797.5
1124570 1797.0
1124580 1796.4
1124590 1796.4
1124600 1795.4
1124610 1793.2
1124620 1793.2
1124630 1788.9
1124640 1783.1
1124650 1783.1
1124660 1776.7
1124670 1770.0
1124680 1761.7
1124690 1761.7
1124700 1753.5
1124710 1746.4
1124720 1746.4
1124730 1740.7
1124740 1735.5
1124750 1735.5
1124760 1730.2
1124770 1724.0
1124780 1724.0
1124790 1715.6
1124800 1705.6
1124810 1705.6
1124820 1695.2
1124830 1683.8
1124840 1683.8
1124850 1674.0
1124860 1665.6
1124870 1665.6
1124880 1658.1
1124890 1649.4
1124900 1652.9
1124910 1646.7
1124920 1641.6
1124930 1635.6
1124940 1635.6
1124950 1628.4
1124960 1621.8
1124970 1621.8
1124980 1614.5
1124990 1606.8
1125000 1606.8
1125010 1599.2
1125020 1592.3
1125030 1592.3
1125040 1588.1
1125050 1583.6
1125060 1583.6
1125070 1575.0
1125080 1561.9
1125090 1561.9
1125100 1550.2
1125110 1544.3
1125120 1544.3
1125130 1537.5
1125140 1529.5
1125150 1519.3
1125160 1519.3
1125170 1512.8
1125180 1508.2
1125190 1508.2
1125200 1504.2
1125210 1503.7
1125220 1503.7
1125230 1503.8
1125240 1504.5
1125250 1506.7
1125260 1507.0
1125270 1506.7
1125280 1506.7
1125290 1506.8
1125300 1506.1
1125310 1506.1
1125320 1505.1
1125330 1502.0
1125340 1502.0
1125350 1501.9
1125360 1501.0
1125370 1500.6
1125380 1500.6
1125390 1503.4
1125400 1505.8
1125410 1505.8
1125420 1505.7
1125430 1506.1
1125440 1506.1
1125450 1506.3
1125460 1506.6
1125470 1506.6
1125480 1507.8
1125490 1508.9
1125500 1508.9
1125510 1511.1
1125520 1514.4
1125530 1514.4
1125540 1515.4
1125550 1516.4
1125560 1516.4
1125570 1518.6
1125580 1521.3
1125590 1521.3
1125600 1524.9
1125610 1527.7
1125620 1532.6
1125630 1532.6
1125640 1538.5
1125650 1545.7
1125660 1545.7
1125670 1553.3
1125680 1560.8
1125690 1560.8
1125700 1568.2
1125710 1575.1
1125720 1575.1
1125730 1581.5
1125740 1587.9
1125750 1587.9
1125760 1593.5
1125770 1599.1
1125780 1599.1
1125790 1604.7
1125800 1610.5
1125810 1610.5
1125820 1616.5
1125830 1622.8
1125840 1629.3
1125850 1629.3
1125860 1637.2
1125870 1646.3
1125880 1646.3
1125890 1657.4
1125900 1670.0
1125910 1670.0
1125920 1680.7
1125930 1687.5
1125940 1687.5
1125950 1693.6
1125960 1702.6
1125970 1702.6
1125980 1709.5
1125990 1716.3
1126000 1716.3
1126010 1723.3
1126020 1730.6
1126030 1730.6
1126040 1738.5
1126050 1746.5
1126060 1755.7
1126070 1755.7
1126080 1763.4
1126090 1770.7
1126100 1770.7
1126110 1778.5
1126120 1786.1
1126130 1786.1
1126140 1794.3
1126150 1805.5
1126160 1805.5
1126170 1815.4
1126180 1832.8
1126190 1832.8
1126200 1849.5
1126210 1865.9
1126220 1865.9
1126230 1877.3
1126240 1881.9
1126250 1881.9
1126260 1881.2
1126270 1881.8
1126280 1881.8
1126290 1886.7
1126300 1893.4
1126310 1907.2
1126320 1907.2
1126330 1916.0
1126340 1920.8
1126350 1920.8
1126360 1921.8
1126370 1924.1
1126380 1924.1
1126390 1927.6
1126400 1931.0
1126410 1931.0
1126420 1935.0
1126430 1937.8
1126440 1937.8
1126450 1938.8
1126460 1940.1
1126470 1940.1
1126480 1943.9
1126490 1946.0
1126500 1946.0
1126510 1948.3
1126520 1949.5
1126530 1951.0
1126540 1951.0
1126550 1953.2
1126560 1952.9
1126570 1952.9
1126580 1955.9
1126590 1956.6
1126600 1956.6
1126610 1955.7
1126620 1958.6
1126630 1958.6
1126640 1961.9
1126650 1963.7
1126660 1963.7
1126670 1970.9
1126680 1973.5
1126690 1973.5
1126700 1976.4
1126710 1978.0
1126720 1978.0
1126730 1979.0
1126740 1977.9
1126750 1979.9
1126760 1979.9
1126770 1981.2
1126780 1982.9
1126790 1982.9
1126800 1984.1
1126810 1983.5
1126820 1983.5
1126830 1979.9
1126840 1975.5
1126850 1975.5
1126860 1973.3
1126870 1972.7
1126880 1972.7
1126890 1971.7
1126900 1971.0
1126910 1971.0
1126920 1974.9
1126930 1979.6
1126940 1979.6
1126950 1979.6
1126960 1978.9
1126970 1978.9
1126980 1976.0
1126990 1971.9
1127000 1968.8
1127010 1968.8
1127020 1970.0
1127030 1964.4
1127040 1964.4
1127050 1958.9
1127060 1953.8
1127070 1953.8
1127080 1949.1
1127090 1945.7
1127100 1945.7
1127110 1944.1
1127120 1944.6
1127130 1944.6
1127140 1946.4
1127150 1948.3
1127160 1948.3
1127170 1949.6
1127180 1951.8
1127190 1951.8
1127200 1954.9
1127210 1956.8
1127220 1959.3
1127230 1959.3
1127240 1962.3
1127250 1964.8
1127260 1964.8
1127270 1966.6
1127280 1968.6
1127290 1968.6
1127300 1970.8
1127310 1973.6
1127320 1973.6
1127330 1976.9
1127340 1980.7
1127350 1980.7
1127360 1984.7
1127370 1989.5
1127380 1990.1
1127390 1994.3
1127400 1998.8
1127410 1998.8
1127420 2003.3
1127430 2009.2
1127440 2009.2
1127450 2016.4
1127460 2023.5
1127470 2030.0
1127480 2030.0
1127490 2038.0
1127500 2046.3
1127510 2046.3
1127520 2052.8
1127530 2059.7
1127540 2059.7
1127550 2066.7
1127560 2072.9
1127570 2072.9
1127580 2078.5
1127590 2084.1
1127600 2084.1
1127610 2090.4
1127620 2097.2
1127630 2097.2
1127640 2104.6
1127650 2111.7
1127660 2111.7
1127670 2118.3
1127680 2123.6
1127690 2128.3
1127700 2128.3
1127710 2132.2
1127720 2135.6
1127730 2139.6
1127740 2142.2
1127750 2144.6
1127760 2144.6
1127770 2147.6
1127780 2151.0
1127790 2151.0
1127800 2155.0
1127810 2160.0
1127820 2160.0
1127830 2166.0
1127840 2171.9
1127850 2171.9
1127860 2178.0
1127870 2184.0
1127880 2184.0
1127890 2189.3
1127900 2195.0
1127910 2201.4
1127920 2201.4
1127930 2207.8
1127940 2214.7
1127950 2214.7
1127960 2221.5
1127970 2229.2
1127980 2229.2
1127990 2236.3
1128000 2243.0
1128010 2243.0
1128020 2250.6
1128030 2258.4
1128040 2258.4
1128050 2266.1
1128060 2273.8
1128070 2273.8
1128080 2282.2
1128090 2286.8
1128100 2286.8
1128110 2291.3
1128120 2295.5
1128130 2295.5
1128140 2301.4
1128150 2308.2
1128160 2316.1
1128170 2316.1
1128180 2323.8
1128190 2330.3
1128200 2330.3
1128210 2336.1
1128220 2341.2
1128230 2341.2
1128240 2345.5
1128250 2350.3
1128260 2350.3
1128270 2356.9
1128280 2363.4
1128290 2363.4
1128300 2366.8
1128310 2369.3
1128320 2369.3
1128330 2373.2
1128340 2378.4
1128350 2378.4
1128360 2384.6
1128370 2390.3
1128380 2395.9
1128390 2395.9
1128400 2398.9
1128410 2403.6
1128420 2403.6
1128430 2409.4
1128440 2413.5
1128450 2413.5
1128460 2420.3
1128470 2426.6
1128480 2426.6
1128490 2432.3
1128500 2438.5
1128510 2438.5
1128520 2440.3
1128530 2437.5
1128540 2437.5
1128550 2433.7
1128560 2429.5
1128570 2429.5
1128580 2427.2
1128590 2427.2
1128600 2426.8
1128610 2426.8
1128620 2426.3
1128630 2429.2
1128640 2429.2
1128650 2428.0
1128660 2425.0
1128670 2425.0
1128680 2424.9
1128690 2424.5
1128700 2424.5
1128710 2421.6
1128720 2412.4
1128730 2412.4
1128740 2401.8
1128750 2393.9
1128760 2393.9
1128770 2390.5
1128780 2389.6
1128790 2389.6
1128800 2396.4
1128810 2396.1
1128820 2396.1
1128830 2396.8
1128840 2397.2
1128850 2398.5
1128860 2398.5
1128870 2402.3
1128880 2409.1
1128890 2409.1
1128900 2418.3
1128910 2428.5
1128920 2428.5
1128930 2433.5
1128940 2435.8
1128950 2435.8
1128960 2435.3
1128970 2433.1
1128980 2433.1
1128990 2432.9
1129000 2431.1
1129010 2431.1
1129020 2430.5
1129030 2429.9
1129040 2429.9
1129050 2426.2
1129060 2422.9
1129070 2418.1
1129080 2418.1
1129090 2419.1
1129100 2420.1
1129110 2420.1
1129120 2419.0
1129130 2414.7
1129140 2414.7
1129150 2410.9
1129160 2414.4
1129170 2414.4
1129180 2413.6
1129190 2411.5
1129200 2411.5
1129210 2411.7
1129220 2412.2
1129230 2412.2
1129240 2414.1
1129250 2414.2
1129260 2414.2
1129270 2416.0
1129280 2420.8
1129290 2427.4
1129300 2427.4
1129310 2431.6
1129320 2429.6
1129330 2429.6
1129340 2430.8
1129350 2429.8
1129360 2429.8
1129370 2430.6
1129380 2431.5
1129390 2431.5
1129400 2435.2
1129410 2441.9
1129420 2441.9
1129430 2444.7
1129440 2447.8
1129450 2447.8
1129460 2449.6
1129470 2449.3
1129480 2449.3
1129490 2451.5
1129500 2456.1
1129510 2462.0
1129520 2466.7
1129530 2470.5
1129540 2475.5
1129550 2475.5
1129560 2482.2
1129570 2488.5
1129580 2488.5
1129590 2493.2
1129600 2497.5
1129610 2497.5
1129620 2502.0
1129630 2508.5
1129640 2508.5
1129650 2513.8
1129660 2519.8
1129670 2519.8
1129680 2520.7
1129690 2523.5
1129700 2523.5
1129710 2526.5
1129720 2532.6
1129730 2532.6
1129740 2541.6
1129750 2549.8
1129760 2549.7
1129770 2549.7
1129780 2547.4
1129790 2555.5
1129800 2555.5
1129810 2568.9
1129820 2581.2
1129830 2581.2
1129840 2592.2
1129850 2602.1
1129860 2602.1
1129870 2626.3
1129880 2635.6
1129890 2635.6
1129900 2640.0
1129910 2628.7
1129920 2628.7
1129930 2622.1
1129940 2609.9
1129950 2609.9
1129960 2600.7
1129970 2590.7
1129980 2579.2
1129990 2579.2
1130000 2574.4
1130010 2575.0
1130020 2575.0
1130030 2574.2
1130040 2573.3
1130050 2573.3
1130060 2575.1
1130070 2577.2
1130080 2577.2
1130090 2579.7
1130100 2572.7
1130110 2572.7
1130120 2563.5
1130130 2555.7
1130140 2555.7
1130150 2554.8
1130160 2554.4
1130170 2554.4
1130180 2550.2
1130190 2545.5
1130200 2545.5
1130210 2538.8
1130220 2529.9
1130230 2523.9
1130240 2523.9
1130250 2517.3
1130260 2509.4
1130270 2509.4
1130280 2493.7
1130290 2472.5
1130300 2472.5
1130310 2455.8
1130320 2446.3
1130330 2446.3
1130340 2438.1
1130350 2430.2
1130360 2430.2
1130370 2423.1
1130380 2416.6
1130390 2416.6
1130400 2409.7
1130410 2402.9
1130420 2402.9
1130430 2396.6
1130440 2389.5
1130450 2383.5
1130460 2383.5
1130470 2378.5
1130480 2374.9
1130490 2374.9
1130500 2371.6
1130510 2369.5
1130520 2369.5
1130530 2369.0
1130540 2369.8
1130550 2369.8
1130560 2369.5
1130570 2369.7
1130580 2369.7
1130590 2369.2
1130600 2368.0
1130610 2368.0
1130620 2363.2
1130630 2358.3
1130640 2358.3
1130650 2357.3
1130660 2357.8
1130670 2358.4
1130680 2358.4
1130690 2357.8
1130700 2357.6
1130710 2357.6
1130720 2358.0
1130730 2357.2
1130740 2357.2
1130750 2352.5
1130760 2346.5
1130770 2346.5
1130780 2341.7
1130790 2337.5
1130800 2337.5
1130810 2332.7
1130820 2328.2
1130830 2328.2
1130840 2325.0
1130850 2323.0
1130860 2323.0
1130870 2321.7
1130880 2321.7
1130890 2321.7
1130900 2323.5
1130910 2324.0
1130920 2321.5
1130930 2321.5
1130940 2317.6
1130950 2308.0
1130960 2308.0
1130970 2299.3
1130980 2292.2
1130990 2292.2
1131000 2286.0
1131010 2279.6
1131020 2279.6
1131030 2272.5
1131040 2265.8
1131050 2265.8
1131060 2259.4
1131070 2253.1
1131080 2253.1
1131090 2246.8
1131100 2240.2
1131110 2240.2
1131120 2234.0
1131130 2229.9
1131140 2224.8
1131150 2224.8
1131160 2217.8
1131170 2212.1
1131180 2212.1
1131190 2206.0
1131200 2201.6
1131210 2201.6
1131220 2197.5
1131230 2194.1
1131240 2194.1
1131250 2191.7
1131260 2189.8
1131270 2189.8
1131280 2187.4
1131290 2185.1
1131300 2185.1
1131310 2178.2
1131320 2177.8
1131330 2177.8
1131340 2177.6
1131350 2178.8
1131360 2179.2
1131370 2179.2
1131380 2176.3
1131390 2171.9
1131400 2171.9
1131410 2168.7
1131420 2166.8
1131430 2166.8
1131440 2165.7
1131450 2164.4
1131460 2164.4
1131470 2162.1
1131480 2158.9
1131490 2158.9
1131500 2155.1
1131510 2152.1
1131520 2152.1
1131530 2149.0
1131540 2141.3
1131550 2141.3
1131560 2123.2
1131570 2110.5
1131580 2110.5
1131590 2103.0
1131600 2096.2
1131610 2090.6
1131620 2090.6
1131630 2086.0
1131640 2083.0
1131650 2083.0
1131660 2080.1
1131670 2076.8
1131680 2076.8
1131690 2070.6
1131700 2065.7
1131710 2065.7
1131720 2059.3
1131730 2055.2
1131740 2055.2
1131750 2053.1
1131760 2051.0
1131770 2051.0
1131780 2047.7
1131790 2042.9
1131800 2042.9
1131810 2039.2
1131820 2036.1
1131830 2033.7
1131840 2033.7
1131850 2030.1
1131860 2026.3
1131870 2026.3
1131880 2021.9
1131890 2017.3
1131900 2017.3
1131910 2012.9
1131920 2009.5
1131930 2009.5
1131940 2007.0
1131950 2004.2
1131960 2004.2
1131970 2001.8
1131980 1999.3
1131990 1999.3
1132000 1997.5
1132010 1996.5
1132020 2000.5
1132030 2001.8
1132040 2000.7
1132050 2000.4
1132060 2000.4
1132070 2001.7
1132080 1999.8
1132090 1999.8
1132100 1997.1
1132110 1994.4
1132120 1994.4
1132130 1991.0
1132140 1990.6
1132150 1990.6
1132160 1989.9
1132170 1990.1
1132180 1990.1
1132190 1992.0
1132200 1994.3
1132210 1994.3
1132220 1995.8
1132230 1997.4
1132240 1997.4
1132250 1998.9
1132260 2000.4
1132270 2000.4
1132280 2001.9
1132290 2003.2
1132300 2004.8
1132310 2004.8
1132320 2006.4
1132330 2007.4
1132340 2007.4
1132350 2007.9
1132360 2008.6
1132370 2008.6
1132380 2011.8
1132390 2012.9
1132400 2012.9
1132410 2014.6
1132420 2016.3
1132430 2016.3
1132440 2020.3
1132450 2024.9
1132460 2024.9
1132470 2030.5
1132480 2037.8
1132490 2037.8
1132500 2043.9
1132510 2048.5
1132520 2052.1
1132530 2052.1
1132540 2054.7
1132550 2057.0
1132560 2057.0
1132570 2059.6
1132580 2061.4
1132590 2061.4
1132600 2064.0
1132610 2068.3
1132620 2068.3
1132630 2073.4
1132640 2077.3
1132650 2077.3
1132660 2078.9
1132670 2079.0
1132680 2079.0
1132690 2078.3
1132700 2077.5
1132710 2077.5
1132720 2076.5
1132730 2075.6
1132740 2074.5
1132750 2077.5
1132760 2077.4
1132770 2077.5
1132780 2077.5
1132790 2077.7
1132800 2078.4
1132810 2078.4
1132820 2080.4
1132830 2082.4
1132840 2082.4
1132850 2082.6
1132860 2081.8
1132870 2081.8
1132880 2081.6
1132890 2082.4
1132900 2082.4
1132910 2084.2
1132920 2086.3
1132930 2086.3
1132940 2088.1
1132950 2089.7
1132960 2089.7
1132970 2091.2
1132980 2093.6
1132990 2095.3
1133000 2095.3
1133010 2097.1
1133020 2097.9
1133030 2097.9
1133040 2099.2
1133050 2101.5
1133060 2101.5
1133070 2103.5
1133080 2107.4
1133090 2107.4
1133100 2111.1
1133110 2119.1
1133120 2119.1
1133130 2120.6
1133140 2124.0
1133150 2124.0
1133160 2128.4
1133170 2131.0
1133180 2131.0
1133190 2131.8
1133200 2134.0
1133210 2136.6
1133220 2136.6
1133230 2140.5
1133240 2145.2
1133250 2145.2
1133260 2149.1
1133270 2152.4
1133280 2152.4
1133290 2156.7
1133300 2161.0
1133310 2161.0
1133320 2163.1
1133330 2165.1
1133340 2165.1
1133350 2168.6
1133360 2172.3
1133370 2172.3
1133380 2175.0
1133390 2178.4
1133400 2178.4
1133410 2181.1
1133420 2183.9
1133430 2186.7
1133440 2186.7
1133450 2188.0
1133460 2189.0
1133470 2197.6
1133480 2199.4
1133490 2200.8
1133500 2200.8
1133510 2202.0
1133520 2202.8
1133530 2202.8
1133540 2203.9
1133550 2204.7
1133560 2204.7
1133570 2205.8
1133580 2207.2
1133590 2207.2
1133600 2208.4
1133610 2210.2
1133620 2210.2
1133630 2212.4
1133640 2214.2
1133650 2214.2
1133660 2215.0
1133670 2215.2
1133680 2214.3
1133690 2214.3
1133700 2212.6
1133710 2210.3
1133720 2210.3
1133730 2207.4
1133740 2204.9
1133750 2204.9
1133760 2202.5
1133770 2200.5
1133780 2200.5
1133790 2199.1
1133800 2197.4
1133810 2197.4
1133820 2195.8
1133830 2202.0
1133840 2202.0
1133850 2201.1
1133860 2201.1
1133870 2201.1
1133880 2201.2
1133890 2201.4
1133900 2202.5
1133910 2202.5
1133920 2203.0
1133930 2200.5
1133940 2200.5
1133950 2198.6
1133960 2196.9
1133970 2196.9
1133980 2195.4
1133990 2194.3
1134000 2194.3
1134010 2195.0
1134020 2193.8
1134030 2193.8
1134040 2194.9
1134050 2199.9
1134060 2199.9
1134070 2205.0
1134080 2208.8
1134090 2208.8
1134100 2202.8
1134110 2194.3
1134120 2189.8
1134130 2189.8
1134140 2184.7
1134150 2179.1
1134160 2179.1
1134170 2174.5
1134180 2171.8
1134190 2183.7
1134200 2183.7
1134210 2182.2
1134220 2182.2
1134230 2181.9
1134240 2185.7
1134250 2185.7
1134260 2193.7
1134270 2196.9
1134280 2196.9
1134290 2198.8
1134300 2201.9
1134310 2201.9
1134320 2204.9
1134330 2204.2
1134340 2204.2
1134350 2202.1
1134360 2204.5
1134370 2206.3
1134380 2206.3
1134390 2206.0
1134400 2203.6
1134410 2203.6
1134420 2198.6
1134430 2192.7
1134440 2192.7
1134450 2188.6
1134460 2185.7
1134470 2185.7
1134480 2181.6
1134490 2178.2
1134500 2178.2
1134510 2175.5
1134520 2174.8
1134530 2174.8
1134540 2174.6
1134550 2168.1
1134560 2168.1
1134570 2167.9
1134580 2167.7
1134590 2166.7
1134600 2166.7
1134610 2165.1
1134620 2163.0
1134630 2163.0
1134640 2161.9
1134650 2160.8
1134660 2160.8
1134670 2158.5
1134680 2155.1
1134690 2155.1
1134700 2151.5
1134710 2147.7
1134720 2147.7
1134730 2143.2
1134740 2139.4
1134750 2139.4
1134760 2134.7
1134770 2130.0
1134780 2130.0
1134790 2125.0
1134800 2120.5
1134810 2116.0
1134820 2116.0
1134830 2110.6
1134840 2104.9
1134850 2104.9
1134860 2099.2
1134870 2095.5
1134880 2095.5
1134890 2093.1
1134900 2091.0
1134910 2091.0
1134920 2085.5
1134930 2083.6
1134940 2083.6
1134950 2080.8
1134960 2077.8
1134970 2077.8
1134980 2074.2
1134990 2071.6
1135000 2071.6
1135010 2069.5
1135020 2067.1
1135030 2067.1
1135040 2064.4
1135050 2061.6
1135060 2056.7
1135070 2056.7
1135080 2052.0
1135090 2048.6
1135100 2048.6
1135110 2046.8
1135120 2046.2
1135130 2046.2
1135140 2045.6
1135150 2045.0
1135160 2045.0
1135170 2044.4
1135180 2045.7
1135190 2045.7
1135200 2047.3
1135210 2049.8
1135220 2049.8
1135230 2053.4
1135240 2054.7
1135250 2054.7
1135260 2053.6
1135270 2051.2
1135280 2038.0
1135290 2038.0
1135300 2033.8
1135310 2032.1
1135320 2032.1
1135330 2031.3
1135340 2027.6
1135350 2027.6
1135360 2021.6
1135370 2015.0
1135380 2015.0
1135390 2009.3
1135400 2004.1
1135410 2004.1
1135420 1999.8
1135430 1996.8
1135440 1996.8
1135450 1995.6
1135460 1994.5
1135470 1994.5
1135480 1993.4
1135490 1991.6
1135500 1988.2
1135510 1988.2
1135520 1984.7
1135530 1982.9
1135540 1982.9
1135550 1982.0
1135560 1981.4
1135570 1981.4
1135580 1981.5
1135590 1981.5
1135600 1981.5
1135610 1981.0
1135620 1980.2
1135630 1980.2
1135640 1973.7
1135650 1968.9
1135660 1968.9
1135670 1965.0
1135680 1963.1
1135690 1963.1
1135700 1960.4
1135710 1958.2
1135720 1958.2
1135730 1956.9
1135740 1955.9
1135750 1955.2
1135760 1955.2
1135770 1953.9
1135780 1950.1
1135790 1950.1
1135800 1945.4
1135810 1940.3
1135820 1940.3
1135830 1935.5
1135840 1929.1
1135850 1929.1
1135860 1921.8
1135870 1916.0
1135880 1916.0
1135890 1913.2
1135900 1912.6
1135910 1912.6
1135920 1911.7
1135930 1912.3
1135940 1912.3
1135950 1914.7
1135960 1918.2
1135970 1919.8
1135980 1919.8
1135990 1918.6
1136000 1917.5
1136010 1912.5
1136020 1911.3
1136030 1909.4
1136040 1909.4
1136050 1906.0
1136060 1903.5
1136070 1903.5
1136080 1901.6
1136090 1898.3
1136100 1898.3
1136110 1895.0
1136120 1890.9
1136130 1890.9
1136140 1883.5
1136150 1875.7
1136160 1875.7
1136170 1868.5
1136180 1861.2
1136190 1854.7
1136200 1854.7
1136210 1849.1
1136220 1841.5
1136230 1841.5
1136240 1832.0
1136250 1822.8
1136260 1822.8
1136270 1816.0
1136280 1810.5
1136290 1810.5
1136300 1804.4
1136310 1797.3
1136320 1797.3
1136330 1790.0
1136340 1783.1
1136350 1783.1
1136360 1775.4
1136370 1771.2
1136380 1771.2
1136390 1762.7
1136400 1753.8
1136410 1753.8
1136420 1745.4
1136430 1738.6
1136440 1732.2
1136450 1732.2
1136460 1724.6
1136470 1717.3
1136480 1717.3
1136490 1710.9
1136500 1703.5
1136510 1703.5
1136520 1697.4
1136530 1688.9
1136540 1688.9
1136550 1679.3
1136560 1672.1
1136570 1672.1
1136580 1666.1
1136590 1658.8
1136600 1658.8
1136610 1652.4
1136620 1645.6
1136630 1645.6
1136640 1639.1
1136650 1634.1
1136660 1627.9
1136670 1627.9
1136680 1623.0
1136690 1618.1
1136700 1618.1
1136710 1612.9
1136720 1608.3
1136730 1608.3
1136740 1600.9
1136750 1595.5
1136760 1595.5
1136770 1589.3
1136780 1582.8
1136790 1582.8
1136800 1576.5
1136810 1570.6
1136820 1570.6
1136830 1565.2
1136840 1560.0
1136850 1560.0
1136860 1555.0
1136870 1549.6
1136880 1543.1
1136890 1543.1
1136900 1537.6
1136910 1532.2
1136920 1532.2
1136930 1526.8
1136940 1521.4
1136950 1521.4
1136960 1516.1
1136970 1511.3
1136980 1511.3
1136990 1507.0
1137000 1503.4
1137010 1503.4
1137020 1500.2
1137030 1497.6
1137040 1497.6
1137050 1495.1
1137060 1492.6
1137070 1492.6
1137080 1489.3
1137090 1487.6
1137100 1487.5
1137110 1486.4
1137120 1484.2
1137130 1481.7
1137140 1481.7
1137150 1479.7
1137160 1479.5
1137170 1479.5
1137180 1479.5
1137190 1479.5
1137200 1479.5
1137210 1479.5
1137220 1479.5
1137230 1479.5
1137240 1479.5
1137250 1479.5
1137260 1479.5
1137270 1479.5
1137280 1479.5
1137290 1479.5
1137300 1479.5
1137310 1479.5
1137320 1479.5
1137330 1479.5
1137340 1479.6
1137350 1480.3
1137360 1480.3
1137370 1482.0
1137380 1483.8
1137390 1483.8
1137400 1484.6
1137410 1485.4
1137420 1485.4
1137430 1486.3
1137440 1487.3
1137450 1487.3
1137460 1488.6
1137470 1491.9
1137480 1491.9
1137490 1494.0
1137500 1495.7
1137510 1495.7
1137520 1496.8
1137530 1497.9
1137540 1497.9
1137550 1499.6
1137560 1502.1
1137570 1505.7
1137580 1505.7
1137590 1508.9
1137600 1511.9
1137610 1511.9
1137620 1515.1
1137630 1518.5
1137640 1518.5
1137650 1521.2
1137660 1523.5
1137670 1523.5
1137680 1526.1
1137690 1526.1
1137700 1526.1
1137710 1528.0
1137720 1526.0
1137730 1526.0
1137740 1526.1
1137750 1529.5
1137760 1529.5
1137770 1534.6
1137780 1540.2
1137790 1540.2
1137800 1546.3
1137810 1551.8
1137820 1555.7
1137830 1561.4
1137840 1566.0
1137850 1571.1
1137860 1571.1
1137870 1577.3
1137880 1583.9
1137890 1583.9
1137900 1590.4
1137910 1596.6
1137920 1596.6
1137930 1602.8
1137940 1609.5
1137950 1609.5
1137960 1618.3
1137970 1626.8
1137980 1626.8
1137990 1635.7
1138000 1643.0
1138010 1643.0
1138020 1652.4
1138030 1657.7
1138040 1661.8
1138050 1661.8
1138060 1666.9
1138070 1673.1
1138080 1673.1
1138090 1675.4
1138100 1680.3
1138110 1680.3
1138120 1686.5
1138130 1698.3
1138140 1698.3
1138150 1709.8
1138160 1717.1
1138170 1717.1
1138180 1724.6
1138190 1732.0
1138200 1738.3
1138210 1744.7
1138220 1750.5
1138230 1750.5
1138240 1755.2
1138250 1762.5
1138260 1771.7
1138270 1771.7
1138280 1778.1
1138290 1785.2
1138300 1785.2
1138310 1790.8
1138320 1794.9
1138330 1794.9
1138340 1798.4
1138350 1801.5
1138360 1801.5
1138370 1804.9
1138380 1808.8
1138390 1808.8
1138400 1813.2
1138410 1817.9
1138420 1817.9
1138430 1821.9
1138440 1825.6
1138450 1825.6
1138460 1828.7
1138470 1831.7
1138480 1831.7
1138490 1835.5
1138500 1839.8
1138510 1844.4
1138520 1844.4
1138530 1849.2
1138540 1853.8
1138550 1853.8
1138560 1856.9
1138570 1863.0
1138580 1863.0
1138590 1865.7
1138600 1868.4
1138610 1868.4
1138620 1870.5
1138630 1872.3
1138640 1872.3
1138650 1874.1
1138660 1876.4
1138670 1876.4
1138680 1878.2
1138690 1881.4
1138700 1881.4
1138710 1884.8
1138720 1885.2
1138730 1886.4
1138740 1886.4
1138750 1890.1
1138760 1895.7
1138770 1895.7
1138780 1900.7
1138790 1904.4
1138800 1904.4
1138810 1908.5
1138820 1913.4
1138830 1913.4
1138840 1918.4
1138850 1922.1
1138860 1922.1
1138870 1925.1
1138880 1928.2
1138890 1928.2
1138900 1930.8
1138910 1933.5
1138920 1933.5
1138930 1939.5
1138940 1942.5
1138950 1946.1
1138960 1946.1
1138970 1951.6
1138980 1958.6
1138990 1958.6
1139000 1963.5
1139010 1967.9
1139020 1967.9
1139030 1972.6
1139040 1976.9
1139050 1976.9
1139060 1981.2
1139070 1985.4
1139080 1985.4
1139090 1988.5
1139100 1991.3
1139110 1991.3
1139120 1994.3
1139130 1997.3
1139140 1997.3
1139150 2001.1
1139160 2005.3
1139170 2005.3
1139180 2009.4
1139190 2013.3
1139200 2017.1
1139210 2017.1
1139220 2020.4
1139230 2022.7
1139240 2022.7
1139250 2024.9
1139260 2027.3
1139270 2027.3
1139280 2030.2
1139290 2033.8
1139300 2035.1
1139310 2039.0
1139320 2043.3
1139330 2043.3
1139340 2047.7
1139350 2051.4
1139360 2051.4
1139370 2054.5
1139380 2057.0
1139390 2057.0
1139400 2059.4
1139410 2061.2
1139420 2063.7
1139430 2063.7
1139440 2067.1
1139450 2070.2
1139460 2070.2
1139470 2072.6
1139480 2075.0
1139490 2075.0
1139500 2077.7
1139510 2080.6
1139520 2080.6
1139530 2083.1
1139540 2086.0
1139550 2086.0
1139560 2089.4
1139570 2093.2
1139580 2093.2
1139590 2097.7
1139600 2101.2
1139610 2101.2
1139620 2104.4
1139630 2109.2
1139640 2112.8
1139650 2112.8
1139660 2115.3
1139670 2124.8
1139680 2124.8
1139690 2128.5
1139700 2130.9
1139710 2130.9
1139720 2133.9
1139730 2137.0
1139740 2137.0
1139750 2140.7
1139760 2145.3
1139770 2145.3
1139780 2150.8
1139790 2156.5
1139800 2156.5
1139810 2161.3
1139820 2166.7
1139830 2166.7
1139840 2172.4
1139850 2177.7
1139860 2177.7
1139870 2182.7
1139880 2188.3
1139890 2193.7
1139900 2193.7
1139910 2198.1
1139920 2204.0
1139930 2204.0
1139940 2209.1
1139950 2212.9
1139960 2212.9
1139970 2216.7
1139980 2220.6
1139990 2220.6
