1120000 1679.6
1120010 1679.6
1120020 1671.5
1120030 1664.7
1120040 1664.7
1120050 1657.9
1120060 1650.9
1120070 1650.9
1120080 1644.9
1120090 1639.6
1120100 1634.8
1120110 1634.8
1120120 1630.1
1120130 1626.8
1120140 1626.8
1120150 1628.8
1120160 1630.9
1120170 1630.9
1120180 1634.1
1120190 1635.7
1120200 1635.7
1120210 1641.6
1120220 1647.9
1120230 1647.9
1120240 1654.7
1120250 1658.7
1120260 1658.7
1120270 1657.6
1120280 1657.2
1120290 1657.2
1120300 1660.2
1120310 1666.2
1120320 1666.2
1120330 1673.2
1120340 1677.3
1120350 1672.8
1120360 1672.8
1120370 1668.1
1120380 1662.0
1120390 1662.0
1120400 1656.4
1120410 1654.3
1120420 1654.3
1120430 1659.6
1120440 1663.9
1120450 1663.9
1120460 1669.1
1120470 1673.9
1120480 1673.9
1120490 1680.5
1120500 1691.3
1120510 1691.3
1120520 1695.8
1120530 1700.1
1120540 1700.1
1120550 1705.4
1120560 1711.2
1120570 1716.4
1120580 1716.4
1120590 1721.3
1120600 1726.5
1120610 1726.5
1120620 1730.5
1120630 1734.4
1120640 1734.4
1120650 1738.2
1120660 1741.8
1120670 1741.8
1120680 1745.5
1120690 1748.7
1120700 1748.7
1120710 1752.2
1120720 1756.3
1120730 1756.3
1120740 1760.7
1120750 1765.7
1120760 1765.7
1120770 1771.6
1120780 1776.8
1120790 1776.8
1120800 1781.8
1120810 1786.4
1120820 1791.7
1120830 1791.7
1120840 1796.9
1120850 1801.7
1120860 1801.7
1120870 1805.5
1120880 1808.2
1120890 1808.2
1120900 1809.4
1120910 1813.8
1120920 1813.8
1120930 1816.3
1120940 1817.9
1120950 1817.9
1120960 1820.7
1120970 1823.8
1120980 1823.8
1120990 1825.0
1121000 1825.1
1121010 1825.1
1121020 1823.6
1121030 1821.5
1121040 1820.2
1121050 1820.2
1121060 1819.8
1121070 1822.9
1121080 1822.9
1121090 1824.7
1121100 1825.0
1121110 1825.0
1121120 1827.4
1121130 1829.1
1121140 1829.1
1121150 1830.1
1121160 1830.5
1121170 1830.5
1121180 1830.6
1121190 1831.0
1121200 1833.1
1121210 1833.2
1121220 1834.4
1121230 1834.4
1121240 1836.7
1121250 1839.3
1121260 1839.3
1121270 1842.4
1121280 1845.7
1121290 1848.9
1121300 1848.9
1121310 1852.1
1121320 1854.7
1121330 1854.7
1121340 1856.5
1121350 1856.8
1121360 1856.8
1121370 1860.6
1121380 1864.9
1121390 1864.9
1121400 1868.7
1121410 1871.8
1121420 1871.8
1121430 1876.6
1121440 1883.9
1121450 1883.9
1121460 1889.5
1121470 1896.1
1121480 1896.1
1121490 1904.3
1121500 1910.6
1121510 1916.8
1121520 1916.8
1121530 1925.9
1121540 1937.1
1121550 1937.1
1121560 1943.7
1121570 1948.0
1121580 1948.0
1121590 1953.4
1121600 1959.2
1121610 1959.2
1121620 1968.1
1121630 1977.1
1121640 1977.1
1121650 1985.5
1121660 1993.5
1121670 1993.5
1121680 2001.2
1121690 2009.4
1121700 2009.4
1121710 2016.1
1121720 2022.9
1121730 2031.1
1121740 2031.1
1121750 2038.7
1121760 2041.7
1121770 2041.7
1121780 2046.4
1121790 2050.0
1121800 2050.0
1121810 2055.8
1121820 2060.6
1121830 2060.6
1121840 2064.4
1121850 2070.7
1121860 2070.7
1121870 2077.4
1121880 2081.5
1121890 2085.8
1121900 2089.7
1121910 2093.4
1121920 2093.4
1121930 2094.6
1121940 2093.4
1121950 2093.4
1121960 2095.0
1121970 2101.0
1121980 2107.9
1121990 2107.9
1122000 2113.4
1122010 2117.9
1122020 2117.9
1122030 2119.6
1122040 2122.5
1122050 2122.5
1122060 2124.1
1122070 2124.7
1122080 2124.7
1122090 2125.3
1122100 2125.6
1122110 2125.6
1122120 2126.8
1122130 2127.9
1122140 2127.9
1122150 2126.7
1122160 2124.9
1122170 2124.9
1122180 2121.2
1122190 2118.7
1122200 2118.4
1122210 2118.4
1122220 2117.2
1122230 2115.9
1122240 2124.9
1122250 2125.8
1122260 2128.2
1122270 2128.2
1122280 2130.9
1122290 2135.0
1122300 2135.0
1122310 2139.4
1122320 2144.3
1122330 2144.3
1122340 2149.8
1122350 2152.8
1122360 2152.8
1122370 2157.9
1122380 2163.7
1122390 2163.7
1122400 2167.7
1122410 2169.6
1122420 2169.6
1122430 2171.8
1122440 2174.9
1122450 2178.7
1122460 2178.7
1122470 2182.8
1122480 2186.9
1122490 2186.9
1122500 2191.7
1122510 2195.7
1122520 2195.7
1122530 2197.4
1122540 2190.1
1122550 2190.1
1122560 2182.5
1122570 2177.8
1122580 2177.8
1122590 2168.2
1122600 2166.1
1122610 2166.1
1122620 2164.9
1122630 2164.4
1122640 2164.4
1122650 2162.7
1122660 2161.5
1122670 2159.9
1122680 2159.9
1122690 2158.6
1122700 2156.3
1122710 2156.3
1122720 2151.9
1122730 2152.1
1122740 2152.1
1122750 2152.3
1122760 2153.0
1122770 2153.0
1122780 2155.8
1122790 2158.7
1122800 2158.7
1122810 2160.5
1122820 2161.9
1122830 2161.9
1122840 2162.5
1122850 2161.1
1122860 2161.1
1122870 2157.2
1122880 2156.3
1122890 2156.3
1122900 2157.6
1122910 2158.4
1122920 2157.3
1122930 2157.3
1122940 2156.0
1122950 2145.7
1122960 2145.7
1122970 2144.4
1122980 2142.8
1122990 2142.8
1123000 2142.2
1123010 2142.7
1123020 2142.7
1123030 2144.0
1123040 2144.9
1123050 2144.9
1123060 2144.9
1123070 2133.8
1123080 2133.8
1123090 2120.3
1123100 2108.7
1123110 2108.7
1123120 2097.4
1123130 2085.5
1123140 2076.8
1123150 2076.8
1123160 2069.0
1123170 2061.9
1123180 2061.9
1123190 2055.4
1123200 2048.8
1123210 2048.8
1123220 2042.3
1123230 2035.2
1123240 2035.2
1123250 2030.7
1123260 2027.5
1123270 2027.5
1123280 2021.9
1123290 2015.8
1123300 2017.4
1123310 2011.4
1123320 2004.6
1123330 2004.6
1123340 1998.3
1123350 1991.4
1123360 1984.4
1123370 1984.4
1123380 1979.1
1123390 1975.6
1123400 1975.6
1123410 1972.0
1123420 1967.7
1123430 1967.7
1123440 1964.3
1123450 1961.6
1123460 1961.6
1123470 1959.9
1123480 1959.3
1123490 1959.3
1123500 1958.4
1123510 1952.9
1123520 1952.9
1123530 1945.2
1123540 1939.0
1123550 1939.0
1123560 1934.8
1123570 1931.3
1123580 1931.3
1123590 1928.3
1123600 1924.9
1123610 1919.4
1123620 1919.4
1123630 1909.8
1123640 1900.2
1123650 1901.9
1123660 1895.3
1123670 1889.4
1123680 1889.4
1123690 1884.5
1123700 1880.0
1123710 1880.0
1123720 1875.9
1123730 1871.1
1123740 1871.1
1123750 1864.6
1123760 1858.3
1123770 1858.3
1123780 1852.9
1123790 1849.1
1123800 1849.1
1123810 1846.5
1123820 1843.9
1123830 1839.4
1123840 1839.4
1123850 1835.7
1123860 1832.1
1123870 1832.1
1123880 1828.2
1123890 1824.3
1123900 1824.3
1123910 1820.8
1123920 1817.9
1123930 1817.9
1123940 1814.8
1123950 1811.7
1123960 1811.7
1123970 1807.8
1123980 1803.2
1123990 1803.2
1124000 1803.3
1124010 1802.9
1124020 1802.9
1124030 1804.3
1124040 1803.8
1124050 1803.8
1124060 1802.0
1124070 1797.2
1124080 1790.7
1124090 1790.7
1124100 1783.9
1124110 1776.2
1124120 1776.2
1124130 1770.1
1124140 1767.7
1124150 1767.7
1124160 1764.7
1124170 1759.1
1124180 1759.1
1124190 1747.7
1124200 1738.7
1124210 1738.7
1124220 1729.8
1124230 1720.1
1124240 1720.1
1124250 1711.0
1124260 1699.9
1124270 1699.9
1124280 1691.0
1124290 1683.5
1124300 1677.7
1124310 1677.7
1124320 1669.8
1124330 1662.1
1124340 1662.1
1124350 1658.3
1124360 1651.1
1124370 1651.1
1124380 1642.8
1124390 1636.3
1124400 1636.3
1124410 1629.2
1124420 1620.3
1124430 1620.3
1124440 1609.6
1124450 1601.1
1124460 1601.1
1124470 1592.3
1124480 1580.5
1124490 1580.5
1124500 1570.9
1124510 1563.7
1124520 1563.7
1124530 1555.9
1124540 1548.1
1124550 1541.8
1124560 1541.8
1124570 1534.5
1124580 1522.4
1124590 1522.4
1124600 1514.0
1124610 1505.2
1124620 1505.2
1124630 1497.4
1124640 1490.5
1124650 1490.5
1124660 1482.2
1124670 1475.2
1124680 1475.2
1124690 1471.4
1124700 1470.0
1124710 1470.0
1124720 1462.9
1124730 1455.4
1124740 1455.4
1124750 1447.7
1124760 1440.4
1124770 1433.4
1124780 1433.4
1124790 1427.1
1124800 1421.8
1124810 1421.8
1124820 1417.2
1124830 1413.3
1124840 1413.3
1124850 1410.2
1124860 1408.2
1124870 1408.2
1124880 1407.9
1124890 1407.8
1124900 1407.8
1124910 1407.3
1124920 1405.9
1124930 1405.9
1124940 1402.5
1124950 1395.5
1124960 1395.5
1124970 1389.1
1124980 1381.8
1124990 1380.7
1125000 1380.7
1125010 1386.8
1125020 1395.2
1125030 1395.2
1125040 1404.0
1125050 1412.8
1125060 1414.2
1125070 1421.8
1125080 1428.9
1125090 1428.9
1125100 1435.3
1125110 1440.9
1125120 1440.9
1125130 1447.4
1125140 1454.5
1125150 1454.5
1125160 1460.3
1125170 1467.4
1125180 1467.4
1125190 1475.5
1125200 1482.3
1125210 1482.3
1125220 1489.4
1125230 1497.1
1125240 1503.6
1125250 1503.6
1125260 1509.9
1125270 1516.8
1125280 1516.8
1125290 1524.3
1125300 1531.2
1125310 1531.2
1125320 1537.9
1125330 1544.8
1125340 1544.8
1125350 1551.7
1125360 1558.3
1125370 1558.3
1125380 1564.1
1125390 1569.9
1125400 1569.9
1125410 1574.7
1125420 1578.8
1125430 1578.8
1125440 1583.9
1125450 1589.7
1125460 1595.6
1125470 1595.6
1125480 1601.2
1125490 1608.4
1125500 1608.4
1125510 1615.8
1125520 1622.7
1125530 1622.7
1125540 1629.5
1125550 1637.2
1125560 1637.2
1125570 1644.2
1125580 1651.6
1125590 1651.6
1125600 1659.4
1125610 1665.8
1125620 1665.8
1125630 1672.9
1125640 1680.4
1125650 1680.4
1125660 1687.0
1125670 1693.5
1125680 1693.5
1125690 1701.2
1125700 1709.0
1125710 1714.3
1125720 1714.3
1125730 1716.9
1125740 1719.0
1125750 1719.0
1125760 1722.5
1125770 1727.3
1125780 1727.3
1125790 1733.4
1125800 1740.4
1125810 1740.4
1125820 1747.0
1125830 1754.8
1125840 1754.8
1125850 1762.1
1125860 1768.1
1125870 1768.1
1125880 1772.0
1125890 1774.3
1125900 1774.3
1125910 1777.1
1125920 1780.0
1125930 1782.4
1125940 1782.4
1125950 1783.8
1125960 1785.4
1125970 1785.4
1125980 1789.2
1125990 1795.9
1126000 1795.9
1126010 1804.1
1126020 1810.6
1126030 1810.6
1126040 1813.4
1126050 1816.0
1126060 1816.0
1126070 1818.8
1126080 1820.6
1126090 1820.6
1126100 1822.7
1126110 1825.0
1126120 1824.1
1126130 1826.0
1126140 1827.9
1126150 1829.5
1126160 1829.5
1126170 1830.0
1126180 1831.0
1126190 1831.0
1126200 1832.4
1126210 1834.1
1126220 1834.1
1126230 1836.3
1126240 1839.1
1126250 1839.1
1126260 1841.5
1126270 1842.7
1126280 1842.7
1126290 1843.5
1126300 1844.2
1126310 1844.2
1126320 1845.8
1126330 1848.6
1126340 1848.6
1126350 1850.6
1126360 1852.8
1126370 1852.8
1126380 1855.4
1126390 1858.3
1126400 1861.4
1126410 1861.4
1126420 1864.4
1126430 1867.4
1126440 1867.4
1126450 1871.0
1126460 1875.1
1126470 1876.2
1126480 1881.8
1126490 1887.3
1126500 1887.3
1126510 1893.1
1126520 1898.7
1126530 1898.7
1126540 1904.5
1126550 1910.8
1126560 1910.8
1126570 1915.7
1126580 1923.3
1126590 1923.3
1126600 1932.2
1126610 1940.9
1126620 1949.7
1126630 1949.7
1126640 1956.8
1126650 1962.2
1126660 1962.2
1126670 1967.9
1126680 1975.7
1126690 1975.7
1126700 1985.7
1126710 1996.2
1126720 1996.2
1126730 2004.5
1126740 2011.4
1126750 2011.4
1126760 2018.9
1126770 2024.1
1126780 2024.1
1126790 2028.4
1126800 2031.7
1126810 2031.7
1126820 2035.7
1126830 2046.6
1126840 2046.6
1126850 2052.2
1126860 2060.0
1126870 2066.1
1126880 2066.1
1126890 2071.5
1126900 2076.9
1126910 2076.9
1126920 2083.3
1126930 2090.4
1126940 2090.4
1126950 2097.9
1126960 2105.3
1126970 2105.3
1126980 2113.6
1126990 2125.8
1127000 2125.8
1127010 2135.1
1127020 2144.8
1127030 2144.8
1127040 2152.7
1127050 2161.5
1127060 2161.5
1127070 2170.3
1127080 2177.4
1127090 2177.5
1127100 2177.5
1127110 2172.1
1127120 2161.9
1127130 2161.9
1127140 2154.8
1127150 2155.3
1127160 2155.3
1127170 2155.0
1127180 2158.1
1127190 2158.1
1127200 2151.7
1127210 2145.0
1127220 2145.0
1127230 2139.0
1127240 2135.8
1127250 2135.8
1127260 2130.7
1127270 2129.6
1127280 2129.6
1127290 2133.2
1127300 2138.2
1127310 2138.2
1127320 2143.4
1127330 2142.6
1127340 2135.9
1127350 2135.9
1127360 2126.1
1127370 2118.4
1127380 2118.4
1127390 2114.7
1127400 2109.5
1127410 2109.5
1127420 2102.5
1127430 2096.7
1127440 2096.7
1127450 2093.3
1127460 2088.5
1127470 2088.5
1127480 2082.7
1127490 2085.8
1127500 2085.8
1127510 2087.6
1127520 2085.9
1127530 2085.9
1127540 2082.0
1127550 2072.4
1127560 2063.9
1127570 2063.9
1127580 2054.7
1127590 2044.9
1127600 2044.9
1127610 2035.7
1127620 2026.7
1127630 2026.7
1127640 2020.9
1127650 2015.8
1127660 2015.8
1127670 2011.0
1127680 2007.0
1127690 2007.0
1127700 2003.1
1127710 1998.8
1127720 1998.8
1127730 1994.1
1127740 1988.5
1127750 1988.5
1127760 1983.1
1127770 1977.1
1127780 1970.0
1127790 1970.0
1127800 1961.4
1127810 1955.4
1127820 1955.4
1127830 1950.4
1127840 1945.6
1127850 1945.6
1127860 1940.8
1127870 1935.6
1127880 1935.6
1127890 1931.7
1127900 1927.3
1127910 1927.3
1127920 1923.9
1127930 1921.3
1127940 1921.3
1127950 1919.5
1127960 1917.9
1127970 1917.9
1127980 1917.6
1127990 1917.4
1128000 1917.4
1128010 1917.2
1128020 1916.4
1128030 1913.8
1128040 1913.8
1128050 1909.0
1128060 1903.8
1128070 1903.8
1128080 1898.5
1128090 1893.8
1128100 1893.8
1128110 1889.9
1128120 1887.0
1128130 1887.0
1128140 1884.5
1128150 1881.7
1128160 1881.7
1128170 1878.6
1128180 1876.3
1128190 1876.3
1128200 1873.9
1128210 1873.0
1128220 1873.0
1128230 1873.7
1128240 1873.6
1128250 1877.7
1128260 1877.7
1128270 1880.7
1128280 1883.8
1128290 1883.8
1128300 1886.3
1128310 1888.4
1128320 1888.4
1128330 1891.4
1128340 1894.7
1128350 1894.7
1128360 1898.6
1128370 1899.1
1128380 1899.1
1128390 1899.0
1128400 1902.0
1128410 1902.0
1128420 1908.3
1128430 1917.0
1128440 1917.0
1128450 1921.1
1128460 1923.6
1128470 1923.6
1128480 1924.8
1128490 1925.0
1128500 1924.7
1128510 1924.7
1128520 1927.0
1128530 1929.1
1128540 1929.1
1128550 1930.4
1128560 1932.0
1128570 1932.0
1128580 1935.5
1128590 1940.9
1128600 1940.9
1128610 1941.9
1128620 1945.7
1128630 1945.7
1128640 1949.6
1128650 1953.4
1128660 1953.4
1128670 1957.5
1128680 1961.8
1128690 1961.8
1128700 1966.7
1128710 1971.6
1128720 1976.6
1128730 1976.6
1128740 1981.9
1128750 1986.8
1128760 1986.8
1128770 1991.5
1128780 1997.5
1128790 1997.5
1128800 2003.9
1128810 2010.0
1128820 2010.0
1128830 2012.6
1128840 2011.7
1128850 2011.7
1128860 2011.8
1128870 2013.6
1128880 2013.6
1128890 2017.2
1128900 2021.3
1128910 2021.3
1128920 2024.8
1128930 2028.1
1128940 2031.9
1128950 2031.9
1128960 2039.8
1128970 2045.1
1128980 2045.1
1128990 2052.6
1129000 2060.3
1129010 2060.3
1129020 2067.6
1129030 2075.4
1129040 2075.4
1129050 2081.1
1129060 2085.6
1129070 2085.6
1129080 2090.7
1129090 2097.1
1129100 2097.1
1129110 2102.0
1129120 2107.4
1129130 2107.4
1129140 2111.5
1129150 2116.2
1129160 2116.2
1129170 2121.7
1129180 2126.2
1129190 2129.6
1129200 2129.6
1129210 2133.8
1129220 2140.3
1129230 2140.3
1129240 2145.3
1129250 2150.0
1129260 2150.0
1129270 2155.3
1129280 2160.4
1129290 2160.4
1129300 2165.8
1129310 2171.9
1129320 2169.6
1129330 2176.1
1129340 2183.4
1129350 2183.4
1129360 2191.1
1129370 2197.9
1129380 2197.9
1129390 2204.7
1129400 2211.8
1129410 2218.8
1129420 2218.8
1129430 2225.5
1129440 2231.1
1129450 2231.1
1129460 2236.4
1129470 2242.0
1129480 2242.0
1129490 2248.5
1129500 2254.4
1129510 2254.4
1129520 2260.4
1129530 2266.7
1129540 2266.7
1129550 2269.1
1129560 2271.6
1129570 2271.6
1129580 2273.8
1129590 2276.2
1129600 2276.2
1129610 2279.8
1129620 2283.6
1129630 2283.6
1129640 2286.8
1129650 2288.9
1129660 2293.6
1129670 2293.6
1129680 2291.7
1129690 2296.5
1129700 2296.5
1129710 2301.1
1129720 2307.2
1129730 2307.2
1129740 2313.1
1129750 2316.7
1129760 2316.7
1129770 2320.1
1129780 2322.9
1129790 2322.9
1129800 2323.4
1129810 2323.5
1129820 2323.5
1129830 2324.2
1129840 2325.0
1129850 2325.0
1129860 2326.3
1129870 2328.2
1129880 2329.7
1129890 2329.7
1129900 2331.0
1129910 2332.7
1129920 2332.7
1129930 2335.9
1129940 2340.8
1129950 2340.8
1129960 2347.9
1129970 2358.6
1129980 2358.6
1129990 2366.2
1130000 2370.0
1130010 2370.0
1130020 2372.9
1130030 2365.9
1130040 2365.9
1130050 2368.0
1130060 2369.9
1130070 2369.9
1130080 2370.5
1130090 2370.9
1130100 2370.9
1130110 2372.5
1130120 2375.2
1130130 2376.3
1130140 2376.3
1130150 2377.3
1130160 2378.4
1130170 2378.4
1130180 2379.9
1130190 2382.8
1130200 2382.8
1130210 2385.5
1130220 2388.7
1130230 2388.7
1130240 2393.6
1130250 2399.3
1130260 2399.3
1130270 2406.5
1130280 2413.9
1130290 2413.9
1130300 2418.0
1130310 2423.1
1130320 2423.1
1130330 2425.2
1130340 2426.6
1130350 2429.7
1130360 2429.7
1130370 2434.1
1130380 2437.1
1130390 2432.5
1130400 2435.6
1130410 2436.9
1130420 2436.9
1130430 2437.2
1130440 2437.6
1130450 2437.6
1130460 2438.0
1130470 2439.4
1130480 2439.4
1130490 2440.7
1130500 2442.9
1130510 2442.9
1130520 2446.7
1130530 2448.9
1130540 2448.9
1130550 2450.5
1130560 2452.4
1130570 2454.5
1130580 2454.5
1130590 2456.0
1130600 2457.7
1130610 2457.7
1130620 2458.4
1130630 2458.3
1130640 2458.3
1130650 2459.7
1130660 2461.7
1130670 2461.7
1130680 2461.5
1130690 2460.8
1130700 2460.8
1130710 2460.5
1130720 2460.0
1130730 2460.0
1130740 2454.4
1130750 2443.8
1130760 2443.8
1130770 2440.0
1130780 2438.1
1130790 2438.1
1130800 2435.8
1130810 2434.5
1130820 2435.2
1130830 2435.2
1130840 2436.5
1130850 2438.1
1130860 2438.1
1130870 2438.5
1130880 2437.5
1130890 2437.5
1130900 2436.8
1130910 2436.0
1130920 2436.0
1130930 2435.1
1130940 2433.8
1130950 2433.8
1130960 2431.7
1130970 2429.1
1130980 2429.1
1130990 2426.3
1131000 2422.1
1131010 2422.1
1131020 2420.7
1131030 2421.1
1131040 2420.2
1131050 2420.2
1131060 2417.1
1131070 2415.3
1131080 2415.3
1131090 2415.8
1131100 2416.9
1131110 2413.4
1131120 2414.6
1131130 2412.5
1131140 2412.5
1131150 2411.0
1131160 2410.5
1131170 2410.5
1131180 2411.3
1131190 2412.4
1131200 2412.4
1131210 2414.1
1131220 2417.0
1131230 2417.0
1131240 2419.2
1131250 2423.3
1131260 2423.3
1131270 2430.2
1131280 2438.6
1131290 2446.0
1131300 2446.0
1131310 2452.7
1131320 2460.8
1131330 2460.8
1131340 2466.5
1131350 2465.3
1131360 2465.3
1131370 2457.1
1131380 2447.2
1131390 2447.2
1131400 2438.2
1131410 2426.4
1131420 2426.4
1131430 2417.1
1131440 2411.0
1131450 2411.0
1131460 2405.2
1131470 2398.9
1131480 2398.9
1131490 2394.8
1131500 2390.4
1131510 2387.2
1131520 2387.2
1131530 2384.7
1131540 2382.3
1131550 2382.3
1131560 2380.4
1131570 2378.9
1131580 2378.9
1131590 2376.9
1131600 2372.9
1131610 2372.9
1131620 2370.1
1131630 2367.7
1131640 2367.7
1131650 2367.0
1131660 2366.9
1131670 2366.9
1131680 2366.1
1131690 2363.4
1131700 2363.4
1131710 2361.0
1131720 2358.8
1131730 2352.9
1131740 2352.9
1131750 2341.3
1131760 2329.8
1131770 2329.8
1131780 2319.8
1131790 2311.0
1131800 2311.0
1131810 2303.1
1131820 2296.8
1131830 2295.9
1131840 2290.4
1131850 2284.4
1131860 2284.4
1131870 2279.2
1131880 2274.9
1131890 2274.9
1131900 2270.8
1131910 2267.5
1131920 2267.5
1131930 2265.8
1131940 2264.8
1131950 2264.8
1131960 2263.5
1131970 2261.3
1131980 2258.5
1131990 2258.5
1132000 2255.8
1132010 2253.6
1132020 2253.6
1132030 2250.6
1132040 2247.4
1132050 2247.4
1132060 2243.4
1132070 2239.5
1132080 2239.5
1132090 2236.4
1132100 2234.5
1132110 2234.5
1132120 2231.7
1132130 2228.8
1132140 2228.8
1132150 2226.1
1132160 2223.6
1132170 2223.6
1132180 2221.6
1132190 2217.5
1132200 2216.8
1132210 2216.8
1132220 2216.0
1132230 2214.8
1132240 2214.8
1132250 2214.0
1132260 2213.8
1132270 2213.8
1132280 2214.0
1132290 2214.9
1132300 2214.9
1132310 2215.9
1132320 2215.9
1132330 2215.9
1132340 2214.8
1132350 2212.8
1132360 2212.8
1132370 2210.3
1132380 2206.3
1132390 2206.3
1132400 2202.0
1132410 2197.8
1132420 2197.8
1132430 2192.6
1132440 2187.6
1132450 2182.6
1132460 2182.6
1132470 2178.1
1132480 2173.5
1132490 2173.5
1132500 2170.5
1132510 2167.2
1132520 2167.2
1132530 2163.7
1132540 2159.9
1132550 2155.2
1132560 2151.7
1132570 2148.6
1132580 2148.6
1132590 2145.8
1132600 2142.9
1132610 2142.9
1132620 2139.0
1132630 2132.4
1132640 2132.4
1132650 2123.8
1132660 2117.0
1132670 2109.7
1132680 2109.7
1132690 2105.4
1132700 2101.6
1132710 2101.6
1132720 2097.7
1132730 2092.2
1132740 2092.2
1132750 2086.8
1132760 2081.9
1132770 2081.9
1132780 2077.7
1132790 2074.5
1132800 2074.5
1132810 2072.6
1132820 2072.1
1132830 2072.1
1132840 2072.0
1132850 2070.4
1132860 2070.4
1132870 2068.0
1132880 2066.5
1132890 2066.5
1132900 2063.4
1132910 2059.7
1132920 2054.1
1132930 2054.1
1132940 2048.4
1132950 2042.7
1132960 2042.7
1132970 2037.0
1132980 2031.7
1132990 2031.7
1133000 2026.5
1133010 2022.6
1133020 2022.6
1133030 2019.0
1133040 2015.9
1133050 2015.9
1133060 2012.0
1133070 2008.0
1133080 2008.0
1133090 2004.1
1133100 2000.8
1133110 2000.8
1133120 1997.1
1133130 1993.9
1133140 1993.6
1133150 1993.6
1133160 1995.6
1133170 1998.0
1133180 1998.0
1133190 1994.0
1133200 1985.2
1133210 1985.2
1133220 1977.5
1133230 1975.0
1133240 1975.0
1133250 1968.3
1133260 1956.7
1133270 1949.7
1133280 1948.5
1133290 1957.9
1133300 1957.9
1133310 1964.4
1133320 1963.6
1133330 1963.6
1133340 1960.6
1133350 1958.1
1133360 1956.7
1133370 1956.7
1133380 1956.3
1133390 1955.7
1133400 1955.7
1133410 1955.0
1133420 1952.8
1133430 1952.8
1133440 1954.3
1133450 1954.5
1133460 1954.5
1133470 1955.0
1133480 1955.8
1133490 1955.8
1133500 1957.3
1133510 1957.0
1133520 1957.0
1133530 1954.8
1133540 1949.6
1133550 1949.6
1133560 1943.5
1133570 1939.1
1133580 1939.1
1133590 1937.3
1133600 1932.3
1133610 1926.8
1133620 1926.8
1133630 1920.3
1133640 1919.6
1133650 1919.6
1133660 1920.2
1133670 1920.8
1133680 1920.8
1133690 1921.2
1133700 1921.3
1133710 1921.3
1133720 1920.4
1133730 1919.1
1133740 1919.1
1133750 1917.7
1133760 1916.2
1133770 1916.2
1133780 1915.7
1133790 1915.7
1133800 1915.7
1133810 1915.2
1133820 1914.0
1133830 1912.5
1133840 1912.5
1133850 1913.2
1133860 1913.6
1133870 1913.6
1133880 1912.8
1133890 1912.1
1133900 1912.1
1133910 1912.0
1133920 1911.5
1133930 1911.5
1133940 1911.3
1133950 1910.6
1133960 1910.6
1133970 1910.3
1133980 1910.2
1133990 1910.2
1134000 1906.4
1134010 1906.3
1134020 1906.3
1134030 1908.1
1134040 1910.4
1134050 1910.4
1134060 1911.3
1134070 1911.0
1134080 1909.3
1134090 1909.3
1134100 1906.2
1134110 1902.0
1134120 1902.0
1134130 1896.8
1134140 1890.8
1134150 1890.8
1134160 1885.3
1134170 1878.5
1134180 1878.5
1134190 1874.5
1134200 1872.7
1134210 1872.7
1134220 1870.9
1134230 1876.6
1134240 1876.6
1134250 1884.7
1134260 1892.6
1134270 1892.6
1134280 1897.2
1134290 1900.3
1134300 1904.5
1134310 1904.5
1134320 1910.5
1134330 1916.9
1134340 1916.9
1134350 1921.7
1134360 1923.2
1134370 1923.2
1134380 1926.1
1134390 1927.7
1134400 1927.7
1134410 1928.2
1134420 1928.3
1134430 1928.3
1134440 1927.5
1134450 1927.3
1134460 1927.3
1134470 1927.9
1134480 1927.9
1134490 1927.9
1134500 1928.0
1134510 1927.4
1134520 1926.6
1134530 1926.6
1134540 1925.7
1134550 1926.0
1134560 1926.0
1134570 1927.3
1134580 1929.6
1134590 1929.6
1134600 1931.0
1134610 1931.3
1134620 1931.3
1134630 1931.5
1134640 1931.3
1134650 1931.3
1134660 1930.8
1134670 1929.4
1134680 1929.4
1134690 1928.6
1134700 1929.3
1134710 1929.3
1134720 1922.6
1134730 1921.5
1134740 1921.5
1134750 1919.7
1134760 1918.8
1134770 1918.2
1134780 1918.2
1134790 1918.0
1134800 1918.2
1134810 1918.2
1134820 1918.1
1134830 1918.8
1134840 1918.8
1134850 1919.2
1134860 1919.9
1134870 1919.9
1134880 1920.7
1134890 1921.2
1134900 1921.2
1134910 1921.8
1134920 1922.4
1134930 1922.4
1134940 1923.2
1134950 1924.7
1134960 1924.7
1134970 1925.8
1134980 1927.2
1134990 1928.3
1135000 1928.3
1135010 1930.1
1135020 1932.0
1135030 1932.0
1135040 1932.8
1135050 1932.3
1135060 1932.3
1135070 1933.4
1135080 1927.2
1135090 1927.2
1135100 1928.4
1135110 1930.2
1135120 1930.2
1135130 1932.4
1135140 1933.8
1135150 1933.8
1135160 1935.4
1135170 1936.8
1135180 1936.8
1135190 1937.4
1135200 1938.4
1135210 1938.4
1135220 1939.8
1135230 1941.2
1135240 1943.5
1135250 1943.5
1135260 1943.4
1135270 1942.9
1135280 1942.9
1135290 1941.9
1135300 1940.9
1135310 1940.9
1135320 1940.8
1135330 1940.3
1135340 1940.3
1135350 1939.8
1135360 1939.3
1135370 1939.3
1135380 1939.1
1135390 1939.1
1135400 1939.1
1135410 1940.5
1135420 1941.4
1135430 1941.4
1135440 1943.6
1135450 1936.0
1135460 1935.6
1135470 1935.6
1135480 1937.4
1135490 1941.5
1135500 1941.5
1135510 1945.3
1135520 1948.8
1135530 1948.8
1135540 1951.7
1135550 1954.1
1135560 1954.1
1135570 1956.3
1135580 1958.7
1135590 1958.7
1135600 1961.3
1135610 1963.7
1135620 1963.7
1135630 1966.3
1135640 1968.7
1135650 1968.7
1135660 1970.6
1135670 1972.8
1135680 1975.4
1135690 1975.4
1135700 1978.3
1135710 1980.6
1135720 1980.6
1135730 1981.6
1135740 1981.4
1135750 1981.4
1135760 1980.2
1135770 1980.1
1135780 1980.1
1135790 1982.2
1135800 1985.5
1135810 1979.2
1135820 1982.1
1135830 1984.7
1135840 1984.7
1135850 1988.3
1135860 1991.3
1135870 1991.3
1135880 1992.7
1135890 1994.1
1135900 1994.1
1135910 1995.8
1135920 1997.4
1135930 1998.4
1135940 1998.4
1135950 1999.0
1135960 1998.7
1135970 1998.7
1135980 1997.5
1135990 1997.4
1136000 1997.4
1136010 1999.0
1136020 1999.2
1136030 1999.2
1136040 1997.4
1136050 1994.2
1136060 1994.2
1136070 1992.3
1136080 1992.2
1136090 1992.2
1136100 1992.9
1136110 1994.1
1136120 1994.1
1136130 1995.5
1136140 1996.8
1136150 1998.5
1136160 1998.5
1136170 2000.6
1136180 1997.4
1136190 1997.4
1136200 1998.7
1136210 2000.4
1136220 2000.4
1136230 2002.9
1136240 2006.0
1136250 2006.0
1136260 2009.7
1136270 2013.0
1136280 2013.0
1136290 2015.1
1136300 2016.2
1136310 2016.2
1136320 2016.6
1136330 2016.5
1136340 2016.5
1136350 2016.5
1136360 2016.4
1136370 2016.4
1136380 2016.7
1136390 2016.9
1136400 2016.8
1136410 2016.8
1136420 2016.4
1136430 2015.8
1136440 2015.8
1136450 2015.5
1136460 2015.1
1136470 2015.1
1136480 2015.9
1136490 2016.4
1136500 2016.4
1136510 2016.6
1136520 2016.7
1136530 2016.7
1136540 2012.4
1136550 2013.5
1136560 2013.5
1136570 2014.3
1136580 2013.5
1136590 2013.5
1136600 2011.9
1136610 2009.7
1136620 2007.2
1136630 2007.2
1136640 2005.3
1136650 2003.2
1136660 2003.2
1136670 1999.6
1136680 1996.3
1136690 1996.3
1136700 1992.6
1136710 1986.6
1136720 1986.6
1136730 1981.3
1136740 1975.4
1136750 1975.4
1136760 1969.6
1136770 1963.5
1136780 1963.5
1136790 1959.1
1136800 1957.0
1136810 1957.0
1136820 1950.8
1136830 1942.9
1136840 1935.0
1136850 1935.0
1136860 1928.6
1136870 1923.0
1136880 1923.0
1136890 1917.7
1136900 1911.2
1136910 1911.2
1136920 1907.3
1136930 1904.5
1136940 1904.5
1136950 1901.1
1136960 1897.2
1136970 1897.2
1136980 1895.9
1136990 1891.3
1137000 1891.3
1137010 1885.9
1137020 1876.9
1137030 1876.9
1137040 1869.0
1137050 1862.0
1137060 1862.0
1137070 1856.3
1137080 1850.0
1137090 1843.1
1137100 1843.1
1137110 1836.8
1137120 1830.3
1137130 1830.3
1137140 1827.1
1137150 1824.0
1137160 1824.0
1137170 1817.3
1137180 1808.2
1137190 1808.2
1137200 1799.6
1137210 1789.6
1137220 1789.6
1137230 1778.4
1137240 1769.0
1137250 1769.0
1137260 1755.5
1137270 1744.6
1137280 1744.6
1137290 1733.1
1137300 1720.3
1137310 1712.2
1137320 1712.2
1137330 1704.9
1137340 1697.0
1137350 1697.0
1137360 1688.8
1137370 1681.0
1137380 1681.0
1137390 1673.2
1137400 1665.5
1137410 1665.5
1137420 1658.3
1137430 1652.1
1137440 1652.1
1137450 1646.6
1137460 1640.6
1137470 1640.6
1137480 1634.1
1137490 1628.0
1137500 1628.0
1137510 1622.0
1137520 1616.1
1137530 1616.1
1137540 1610.7
1137550 1607.3
1137560 1602.4
1137570 1602.4
1137580 1598.2
1137590 1594.2
1137600 1594.2
1137610 1588.1
1137620 1582.1
1137630 1582.1
1137640 1572.6
1137650 1567.3
1137660 1567.3
1137670 1562.8
1137680 1560.8
1137690 1560.8
1137700 1559.2
1137710 1556.5
1137720 1556.5
1137730 1552.2
1137740 1546.6
1137750 1546.6
1137760 1541.3
1137770 1537.0
1137780 1532.8
1137790 1532.8
1137800 1527.4
1137810 1522.8
1137820 1522.8
1137830 1518.1
1137840 1515.7
1137850 1515.7
1137860 1513.8
1137870 1512.9
1137880 1512.9
1137890 1513.1
1137900 1512.2
1137910 1512.2
1137920 1510.4
1137930 1505.5
1137940 1505.5
1137950 1501.9
1137960 1498.9
1137970 1498.9
1137980 1495.3
1137990 1496.7
1138000 1494.4
1138010 1494.4
1138020 1497.3
1138030 1499.2
1138040 1499.2
1138050 1499.5
1138060 1497.8
1138070 1497.8
1138080 1496.0
1138090 1495.2
1138100 1495.2
1138110 1494.8
1138120 1494.3
1138130 1494.3
1138140 1493.6
1138150 1494.0
1138160 1494.0
1138170 1494.7
1138180 1495.1
1138190 1495.1
1138200 1495.8
1138210 1496.1
1138220 1496.1
1138230 1496.7
1138240 1497.3
1138250 1497.9
1138260 1497.9
1138270 1498.6
1138280 1498.9
1138290 1498.9
1138300 1499.0
1138310 1499.6
1138320 1499.6
1138330 1500.6
1138340 1501.0
1138350 1501.0
1138360 1500.9
1138370 1495.7
1138380 1495.7
1138390 1494.9
1138400 1493.6
1138410 1493.6
1138420 1491.8
1138430 1489.6
1138440 1489.6
1138450 1487.7
1138460 1485.2
1138470 1482.7
1138480 1482.7
1138490 1480.6
1138500 1477.8
1138510 1477.8
1138520 1475.6
1138530 1473.8
1138540 1473.8
1138550 1470.9
1138560 1468.7
1138570 1468.7
1138580 1468.5
1138590 1467.4
1138600 1467.4
1138610 1464.5
1138620 1462.0
1138630 1462.0
1138640 1459.2
1138650 1456.0
1138660 1456.0
1138670 1452.3
1138680 1449.5
1138690 1449.5
1138700 1448.0
1138710 1446.3
1138720 1444.5
1138730 1444.5
1138740 1443.8
1138750 1442.8
1138760 1442.8
1138770 1441.9
1138780 1441.4
1138790 1441.4
1138800 1441.0
1138810 1440.4
1138820 1440.4
1138830 1437.0
1138840 1431.7
1138850 1431.7
1138860 1426.5
1138870 1421.1
1138880 1421.1
1138890 1415.8
1138900 1413.9
1138910 1413.9
1138920 1413.1
1138930 1411.0
1138940 1407.6
1138950 1407.6
1138960 1407.0
1138970 1412.3
1138980 1412.3
1138990 1418.6
1139000 1422.8
1139010 1422.8
1139020 1426.6
1139030 1431.2
1139040 1431.2
1139050 1433.6
1139060 1436.4
1139070 1436.4
1139080 1438.4
1139090 1439.2
1139100 1444.8
1139110 1446.1
1139120 1448.3
1139130 1448.3
1139140 1450.5
1139150 1452.4
1139160 1453.7
1139170 1453.7
1139180 1455.1
1139190 1457.0
1139200 1457.0
1139210 1459.2
1139220 1461.2
1139230 1461.2
1139240 1462.9
1139250 1464.2
1139260 1464.2
1139270 1466.0
1139280 1467.7
1139290 1467.7
1139300 1469.7
1139310 1471.4
1139320 1471.4
1139330 1472.4
1139340 1474.0
1139350 1474.0
1139360 1476.1
1139370 1478.5
1139380 1478.5
1139390 1481.1
1139400 1484.0
1139410 1487.1
1139420 1487.1
1139430 1489.8
1139440 1494.0
1139450 1494.0
1139460 1498.7
1139470 1505.4
1139480 1505.4
1139490 1509.4
1139500 1512.3
1139510 1512.3
1139520 1515.3
1139530 1516.4
1139540 1516.4
1139550 1517.7
1139560 1520.6
1139570 1520.6
1139580 1525.0
1139590 1531.4
1139600 1531.4
1139610 1538.5
1139620 1546.4
1139630 1552.3
1139640 1552.3
1139650 1556.2
1139660 1561.9
1139670 1561.9
1139680 1570.3
1139690 1580.5
1139700 1580.5
1139710 1587.2
1139720 1592.8
1139730 1592.8
1139740 1597.6
1139750 1604.9
1139760 1604.9
1139770 1612.1
1139780 1618.1
1139790 1618.1
1139800 1624.3
1139810 1631.1
1139820 1631.1
1139830 1637.9
1139840 1640.8
1139850 1640.8
1139860 1646.1
1139870 1650.0
1139880 1654.5
1139890 1654.5
1139900 1659.2
1139910 1663.9
1139920 1663.9
1139930 1667.7
1139940 1671.5
1139950 1671.5
1139960 1675.2
1139970 1678.3
1139980 1678.3
1139990 1680.9
