1120000 1419.3
1120010 1412.9
1120020 1412.9
1120030 1407.5
1120040 1408.5
1120050 1408.5
1120060 1413.8
1120070 1423.1
1120080 1423.1
1120090 1437.7
1120100 1455.9
1120110 1465.5
1120120 1465.5
1120130 1474.1
1120140 1479.9
1120150 1479.9
1120160 1482.5
1120170 1484.5
1120180 1484.5
1120190 1486.0
1120200 1487.4
1120210 1487.4
1120220 1489.6
1120230 1492.2
1120240 1492.2
1120250 1495.2
1120260 1498.5
1120270 1498.5
1120280 1501.6
1120290 1505.1
1120300 1505.1
1120310 1509.5
1120320 1514.2
1120330 1514.2
1120340 1517.8
1120350 1521.8
1120360 1527.1
1120370 1527.1
1120380 1533.3
1120390 1538.7
1120400 1538.7
1120410 1547.3
1120420 1552.9
1120430 1552.9
1120440 1560.1
1120450 1568.8
1120460 1568.8
1120470 1577.1
1120480 1583.0
1120490 1583.0
1120500 1589.5
1120510 1595.7
1120520 1595.7
1120530 1598.9
1120540 1596.5
1120550 1596.5
1120560 1592.5
1120570 1590.6
1120580 1589.2
1120590 1589.2
1120600 1586.4
1120610 1583.6
1120620 1583.6
1120630 1580.1
1120640 1576.7
1120650 1576.7
1120660 1574.1
1120670 1570.8
1120680 1570.8
1120690 1566.9
1120700 1562.5
1120710 1562.5
1120720 1557.9
1120730 1555.9
1120740 1555.9
1120750 1555.6
1120760 1559.9
1120770 1559.9
1120780 1560.7
1120790 1562.8
1120800 1562.8
1120810 1565.4
1120820 1567.4
1120830 1568.9
1120840 1568.9
1120850 1569.8
1120860 1571.6
1120870 1571.6
1120880 1573.2
1120890 1574.7
1120900 1574.7
1120910 1575.3
1120920 1575.5
1120930 1575.5
1120940 1576.1
1120950 1578.5
1120960 1578.5
1120970 1579.6
1120980 1579.6
1120990 1579.6
1121000 1579.7
1121010 1578.6
1121020 1578.6
1121030 1576.6
1121040 1575.5
1121050 1573.6
1121060 1573.6
1121070 1572.7
1121080 1572.0
1121090 1572.0
1121100 1573.1
1121110 1569.9
1121120 1569.9
1121130 1568.1
1121140 1567.1
1121150 1567.1
1121160 1564.9
1121170 1565.4
1121180 1565.4
1121190 1569.9
1121200 1574.2
1121210 1574.2
1121220 1577.2
1121230 1581.4
1121240 1581.4
1121250 1587.1
1121260 1590.1
1121270 1590.1
1121280 1591.9
1121290 1593.1
1121300 1594.1
1121310 1594.1
1121320 1594.9
1121330 1596.2
1121340 1596.2
1121350 1599.6
1121360 1602.8
1121370 1602.8
1121380 1605.4
1121390 1607.1
1121400 1607.1
1121410 1607.9
1121420 1610.5
1121430 1610.5
1121440 1611.9
1121450 1618.7
1121460 1618.7
1121470 1618.4
1121480 1619.7
1121490 1619.7
1121500 1622.9
1121510 1625.9
1121520 1629.6
1121530 1629.6
1121540 1632.7
1121550 1635.3
1121560 1635.3
1121570 1634.2
1121580 1633.1
1121590 1633.1
1121600 1632.3
1121610 1629.8
1121620 1629.8
1121630 1625.7
1121640 1620.9
1121650 1620.9
1121660 1620.4
1121670 1622.1
1121680 1622.1
1121690 1622.5
1121700 1622.4
1121710 1622.4
1121720 1621.8
1121730 1621.6
1121740 1621.6
1121750 1624.4
1121760 1629.1
1121770 1630.0
1121780 1630.0
1121790 1628.8
1121800 1631.7
1121810 1631.7
1121820 1631.2
1121830 1633.4
1121840 1633.4
1121850 1637.7
1121860 1641.8
1121870 1641.8
1121880 1644.4
1121890 1649.7
1121900 1649.7
1121910 1652.8
1121920 1655.0
1121930 1655.0
1121940 1658.1
1121950 1661.7
1121960 1661.7
1121970 1663.1
1121980 1665.8
1121990 1669.0
1122000 1669.0
1122010 1672.1
1122020 1674.5
1122030 1674.5
1122040 1676.1
1122050 1678.6
1122060 1678.6
1122070 1679.9
1122080 1678.7
1122090 1678.7
1122100 1678.4
1122110 1684.9
1122120 1684.9
1122130 1688.2
1122140 1690.1
1122150 1698.2
1122160 1698.5
1122170 1696.7
1122180 1696.7
1122190 1697.3
1122200 1694.6
1122210 1694.6
1122220 1692.2
1122230 1689.7
1122240 1687.9
1122250 1687.9
1122260 1686.2
1122270 1683.1
1122280 1683.1
1122290 1679.3
1122300 1675.4
1122310 1675.4
1122320 1669.9
1122330 1661.7
1122340 1661.7
1122350 1657.3
1122360 1657.7
1122370 1657.7
1122380 1657.0
1122390 1655.5
1122400 1655.5
1122410 1653.6
1122420 1653.3
1122430 1653.3
1122440 1652.9
1122450 1658.1
1122460 1661.9
1122470 1661.9
1122480 1667.3
1122490 1673.6
1122500 1688.7
1122510 1691.3
1122520 1695.0
1122530 1695.0
1122540 1701.6
1122550 1706.0
1122560 1706.0
1122570 1713.2
1122580 1718.9
1122590 1718.9
1122600 1723.2
1122610 1724.8
1122620 1724.8
1122630 1727.2
1122640 1731.8
1122650 1731.8
1122660 1736.8
1122670 1735.2
1122680 1735.2
1122690 1732.4
1122700 1729.0
1122710 1725.0
1122720 1725.0
1122730 1724.5
1122740 1726.1
1122750 1726.1
1122760 1727.2
1122770 1728.7
1122780 1728.7
1122790 1731.3
1122800 1734.5
1122810 1734.5
1122820 1735.5
1122830 1736.8
1122840 1736.8
1122850 1738.2
1122860 1738.1
1122870 1738.1
1122880 1737.0
1122890 1734.3
1122900 1734.3
1122910 1735.7
1122920 1735.7
1122930 1733.9
1122940 1733.9
1122950 1733.2
1122960 1735.0
1122970 1735.0
1122980 1735.4
1122990 1735.4
1123000 1735.4
1123010 1735.4
1123020 1733.4
1123030 1733.4
1123040 1732.9
1123050 1733.3
1123060 1733.3
1123070 1733.0
1123080 1733.5
1123090 1733.5
1123100 1734.2
1123110 1734.9
1123120 1734.9
1123130 1735.0
1123140 1734.4
1123150 1734.4
1123160 1734.2
1123170 1733.9
1123180 1735.0
1123190 1735.0
1123200 1733.9
1123210 1743.3
1123220 1743.3
1123230 1742.7
1123240 1741.2
1123250 1741.2
1123260 1740.5
1123270 1738.9
1123280 1738.9
1123290 1738.8
1123300 1739.4
1123310 1739.4
1123320 1738.2
1123330 1737.0
1123340 1737.0
1123350 1736.6
1123360 1736.8
1123370 1736.8
1123380 1733.4
1123390 1735.2
1123400 1734.1
1123410 1734.1
1123420 1730.0
1123430 1730.3
1123440 1730.3
1123450 1731.3
1123460 1730.2
1123470 1730.2
1123480 1728.6
1123490 1733.8
1123500 1733.8
1123510 1741.0
1123520 1740.7
1123530 1740.7
1123540 1742.2
1123550 1743.0
1123560 1754.3
1123570 1752.9
1123580 1750.9
1123590 1750.9
1123600 1750.4
1123610 1750.0
1123620 1750.0
1123630 1750.2
1123640 1750.2
1123650 1750.2
1123660 1750.2
1123670 1748.1
1123680 1742.4
1123690 1742.4
1123700 1739.1
1123710 1734.6
1123720 1734.6
1123730 1731.5
1123740 1729.4
1123750 1729.4
1123760 1728.1
1123770 1724.7
1123780 1724.7
1123790 1721.2
1123800 1721.4
1123810 1721.4
1123820 1720.1
1123830 1716.4
1123840 1716.4
1123850 1713.1
1123860 1710.1
1123870 1706.6
1123880 1706.6
1123890 1702.2
1123900 1697.3
1123910 1700.6
1123920 1695.3
1123930 1689.0
1123940 1689.0
1123950 1680.1
1123960 1674.5
1123970 1674.5
1123980 1670.7
1123990 1666.7
1124000 1666.7
1124010 1662.2
1124020 1658.7
1124030 1658.7
1124040 1654.7
1124050 1650.3
1124060 1650.3
1124070 1645.7
1124080 1641.2
1124090 1636.2
1124100 1636.2
1124110 1629.7
1124120 1625.0
1124130 1625.0
1124140 1620.9
1124150 1616.2
1124160 1616.2
1124170 1608.2
1124180 1599.3
1124190 1599.3
1124200 1590.9
1124210 1579.9
1124220 1579.9
1124230 1568.8
1124240 1560.0
1124250 1560.0
1124260 1556.2
1124270 1553.9
1124280 1553.9
1124290 1550.3
1124300 1543.6
1124310 1543.6
1124320 1536.9
1124330 1531.5
1124340 1525.3
1124350 1525.3
1124360 1517.4
1124370 1510.3
1124380 1510.3
1124390 1504.2
1124400 1498.8
1124410 1498.8
1124420 1492.4
1124430 1485.7
1124440 1485.7
1124450 1479.4
1124460 1473.9
1124470 1473.9
1124480 1468.4
1124490 1463.0
1124500 1463.0
1124510 1458.2
1124520 1452.5
1124530 1452.5
1124540 1446.5
1124550 1439.4
1124560 1431.4
1124570 1431.4
1124580 1423.0
1124590 1414.6
1124600 1414.6
1124610 1406.3
1124620 1397.1
1124630 1397.1
1124640 1388.2
1124650 1378.5
1124660 1378.5
1124670 1369.0
1124680 1363.5
1124690 1363.5
1124700 1361.6
1124710 1359.2
1124720 1359.2
1124730 1356.1
1124740 1352.9
1124750 1352.9
1124760 1350.2
1124770 1349.2
1124780 1349.2
1124790 1348.0
1124800 1346.9
1124810 1345.5
1124820 1345.5
1124830 1341.9
1124840 1334.7
1124850 1334.7
1124860 1320.6
1124870 1312.1
1124880 1312.1
1124890 1310.6
1124900 1309.1
1124910 1309.1
1124920 1308.4
1124930 1308.3
1124940 1308.3
1124950 1308.9
1124960 1313.4
1124970 1317.6
1124980 1324.6
1124990 1333.1
1125000 1333.1
1125010 1338.4
1125020 1344.1
1125030 1351.1
1125040 1351.1
1125050 1358.0
1125060 1364.7
1125070 1364.7
1125080 1371.3
1125090 1377.5
1125100 1377.5
1125110 1384.0
1125120 1390.1
1125130 1390.1
1125140 1395.7
1125150 1400.3
1125160 1400.3
1125170 1404.8
1125180 1410.2
1125190 1410.2
1125200 1415.7
1125210 1417.4
1125220 1417.4
1125230 1420.8
1125240 1426.4
1125250 1426.4
1125260 1428.5
1125270 1434.3
1125280 1441.5
1125290 1441.5
1125300 1447.5
1125310 1453.1
1125320 1458.0
1125330 1464.3
1125340 1467.2
1125350 1467.2
1125360 1470.7
1125370 1475.1
1125380 1475.1
1125390 1480.9
1125400 1486.8
1125410 1486.8
1125420 1494.1
1125430 1498.2
1125440 1498.2
1125450 1501.0
1125460 1504.1
1125470 1504.1
1125480 1508.1
1125490 1516.4
1125500 1520.5
1125510 1520.5
1125520 1520.9
1125530 1524.1
1125540 1524.1
1125550 1528.4
1125560 1533.4
1125570 1533.4
1125580 1537.6
1125590 1541.3
1125600 1541.3
1125610 1545.7
1125620 1551.2
1125630 1551.2
1125640 1557.7
1125650 1565.1
1125660 1565.1
1125670 1570.9
1125680 1577.1
1125690 1577.1
1125700 1583.1
1125710 1589.2
1125720 1589.2
1125730 1593.5
1125740 1596.1
1125750 1600.7
1125760 1600.7
1125770 1606.0
1125780 1610.8
1125790 1610.8
1125800 1616.7
1125810 1624.3
1125820 1624.3
1125830 1631.6
1125840 1638.1
1125850 1638.1
1125860 1645.0
1125870 1652.1
1125880 1652.1
1125890 1659.0
1125900 1665.5
1125910 1665.5
1125920 1672.3
1125930 1679.2
1125940 1679.2
1125950 1686.0
1125960 1691.8
1125970 1697.8
1125980 1697.8
1125990 1704.1
1126000 1710.4
1126010 1710.4
1126020 1716.7
1126030 1723.4
1126040 1723.4
1126050 1729.5
1126060 1736.6
1126070 1736.6
1126080 1743.3
1126090 1749.7
1126100 1749.7
1126110 1755.0
1126120 1760.0
1126130 1760.0
1126140 1765.1
1126150 1769.3
1126160 1769.3
1126170 1772.9
1126180 1775.4
1126190 1775.4
1126200 1777.4
1126210 1780.3
1126220 1783.3
1126230 1783.3
1126240 1786.7
1126250 1790.6
1126260 1790.6
1126270 1794.7
1126280 1798.9
1126290 1798.9
1126300 1802.0
1126310 1805.0
1126320 1805.0
1126330 1808.5
1126340 1812.3
1126350 1812.3
1126360 1816.0
1126370 1819.8
1126380 1820.7
1126390 1824.4
1126400 1828.3
1126410 1828.3
1126420 1831.6
1126430 1834.7
1126440 1837.2
1126450 1837.2
1126460 1838.9
1126470 1840.0
1126480 1840.0
1126490 1842.1
1126500 1844.1
1126510 1844.1
1126520 1845.9
1126530 1847.8
1126540 1847.8
1126550 1849.1
1126560 1850.1
1126570 1850.1
1126580 1850.3
1126590 1850.2
1126600 1850.2
1126610 1849.3
1126620 1847.3
1126630 1847.3
1126640 1844.7
1126650 1842.9
1126660 1842.9
1126670 1841.1
1126680 1838.3
1126690 1834.0
1126700 1834.0
1126710 1828.0
1126720 1821.8
1126730 1821.8
1126740 1822.8
1126750 1817.1
1126760 1817.1
1126770 1808.7
1126780 1801.0
1126790 1801.0
1126800 1794.9
1126810 1787.9
1126820 1787.9
1126830 1780.6
1126840 1774.4
1126850 1774.4
1126860 1768.0
1126870 1760.7
1126880 1760.7
1126890 1753.9
1126900 1747.6
1126910 1741.5
1126920 1741.5
1126930 1729.6
1126940 1718.0
1126950 1718.0
1126960 1710.3
1126970 1708.4
1126980 1708.4
1126990 1708.2
1127000 1705.9
1127010 1705.9
1127020 1704.7
1127030 1704.2
1127040 1704.2
1127050 1701.2
1127060 1701.1
1127070 1701.1
1127080 1702.0
1127090 1710.6
1127100 1710.6
1127110 1708.3
1127120 1703.5
1127130 1703.5
1127140 1698.7
1127150 1692.0
1127160 1679.5
1127170 1679.5
1127180 1669.3
1127190 1664.3
1127200 1664.3
1127210 1660.6
1127220 1658.8
1127230 1658.8
1127240 1656.5
1127250 1653.9
1127260 1653.9
1127270 1651.3
1127280 1648.6
1127290 1648.6
1127300 1645.8
1127310 1642.7
1127320 1642.7
1127330 1639.2
1127340 1636.6
1127350 1636.6
1127360 1634.9
1127370 1633.2
1127380 1631.3
1127390 1631.3
1127400 1628.0
1127410 1625.8
1127420 1625.8
1127430 1623.0
1127440 1619.6
1127450 1622.5
1127460 1622.4
1127470 1629.2
1127480 1629.2
1127490 1633.8
1127500 1637.2
1127510 1637.2
1127520 1641.4
1127530 1645.9
1127540 1645.9
1127550 1651.2
1127560 1657.2
1127570 1657.2
1127580 1663.4
1127590 1668.7
1127600 1668.7
1127610 1675.0
1127620 1681.3
1127630 1687.9
1127640 1687.9
1127650 1694.8
1127660 1700.7
1127670 1700.7
1127680 1704.9
1127690 1711.0
1127700 1711.0
1127710 1721.1
1127720 1729.4
1127730 1729.4
1127740 1737.2
1127750 1745.3
1127760 1745.3
1127770 1753.3
1127780 1761.2
1127790 1761.2
1127800 1763.1
1127810 1766.1
1127820 1766.1
1127830 1768.5
1127840 1771.5
1127850 1774.1
1127860 1774.1
1127870 1777.2
1127880 1780.3
1127890 1780.3
1127900 1785.6
1127910 1789.5
1127920 1789.5
1127930 1795.2
1127940 1799.2
1127950 1799.2
1127960 1804.6
1127970 1809.1
1127980 1809.1
1127990 1812.1
1128000 1814.7
1128010 1814.7
1128020 1818.1
1128030 1820.9
1128040 1820.9
1128050 1822.4
1128060 1822.7
1128070 1824.5
1128080 1824.5
1128090 1827.3
1128100 1828.8
1128110 1828.8
1128120 1830.8
1128130 1832.6
1128140 1832.6
1128150 1834.7
1128160 1832.2
1128170 1832.2
1128180 1835.4
1128190 1840.5
1128200 1840.5
1128210 1846.6
1128220 1852.8
1128230 1852.8
1128240 1857.9
1128250 1863.4
1128260 1863.4
1128270 1866.9
1128280 1869.4
1128290 1869.4
1128300 1871.7
1128310 1874.9
1128320 1878.8
1128330 1878.8
1128340 1883.1
1128350 1887.5
1128360 1887.5
1128370 1892.8
1128380 1899.3
1128390 1899.3
1128400 1905.6
1128410 1912.6
1128420 1912.6
1128430 1919.8
1128440 1923.8
1128450 1923.8
1128460 1928.3
1128470 1932.3
1128480 1932.3
1128490 1935.0
1128500 1937.5
1128510 1937.5
1128520 1939.6
1128530 1942.1
1128540 1944.4
1128550 1944.4
1128560 1946.5
1128570 1949.7
1128580 1949.7
1128590 1954.6
1128600 1959.0
1128610 1959.0
1128620 1962.0
1128630 1964.8
1128640 1964.8
1128650 1968.3
1128660 1971.4
1128670 1971.4
1128680 1974.4
1128690 1978.1
1128700 1978.1
1128710 1982.7
1128720 1986.1
1128730 1986.1
1128740 1988.9
1128750 1990.4
1128760 1990.4
1128770 1993.1
1128780 1995.9
1128790 1999.7
1128800 1999.7
1128810 2001.4
1128820 2003.1
1128830 2003.1
1128840 2005.3
1128850 2008.8
1128860 2008.8
1128870 2014.4
1128880 2020.1
1128890 2020.1
1128900 2026.1
1128910 2031.8
1128920 2031.8
1128930 2036.6
1128940 2039.5
1128950 2039.5
1128960 2041.6
1128970 2043.4
1128980 2043.4
1128990 2045.9
1129000 2048.0
1129010 2049.4
1129020 2049.4
1129030 2051.7
1129040 2055.4
1129050 2055.4
1129060 2059.5
1129070 2063.7
1129080 2063.7
1129090 2068.0
1129100 2071.4
1129110 2071.4
1129120 2075.4
1129130 2079.7
1129140 2079.7
1129150 2084.5
1129160 2089.9
1129170 2089.9
1129180 2096.1
1129190 2101.8
1129200 2101.8
1129210 2106.0
1129220 2109.7
1129230 2111.6
1129240 2115.5
1129250 2118.6
1129260 2120.5
1129270 2120.5
1129280 2121.3
1129290 2120.9
1129300 2120.9
1129310 2118.4
1129320 2114.0
1129330 2114.0
1129340 2112.0
1129350 2110.2
1129360 2110.2
1129370 2109.9
1129380 2110.6
1129390 2110.6
1129400 2111.9
1129410 2112.2
1129420 2112.2
1129430 2113.1
1129440 2114.7
1129450 2114.7
1129460 2116.9
1129470 2118.9
1129480 2120.4
1129490 2120.4
1129500 2122.0
1129510 2123.6
1129520 2123.6
1129530 2125.0
1129540 2126.0
1129550 2126.0
1129560 2125.8
1129570 2126.1
1129580 2126.1
1129590 2128.4
1129600 2130.5
1129610 2130.5
1129620 2133.3
1129630 2136.6
1129640 2136.6
1129650 2140.7
1129660 2145.1
1129670 2145.1
1129680 2150.4
1129690 2155.9
1129700 2155.9
1129710 2159.9
1129720 2161.1
1129730 2162.6
1129740 2162.6
1129750 2167.3
1129760 2173.7
1129770 2173.7
1129780 2181.8
1129790 2189.7
1129800 2189.7
1129810 2194.8
1129820 2200.4
1129830 2200.4
1129840 2207.2
1129850 2212.5
1129860 2212.5
1129870 2212.6
1129880 2209.4
1129890 2209.4
1129900 2207.6
1129910 2207.7
1129920 2207.7
1129930 2206.6
1129940 2215.1
1129950 2212.9
1129960 2212.9
1129970 2211.3
1129980 2206.6
1129990 2206.6
1130000 2204.5
1130010 2207.9
1130020 2207.9
1130030 2209.2
1130040 2208.6
1130050 2208.6
1130060 2210.1
1130070 2209.7
1130080 2209.7
1130090 2212.3
1130100 2212.8
1130110 2212.8
1130120 2212.7
1130130 2210.2
1130140 2210.2
1130150 2205.0
1130160 2201.0
1130170 2201.0
1130180 2199.0
1130190 2196.1
1130200 2191.3
1130210 2191.3
1130220 2189.5
1130230 2189.9
1130240 2189.9
1130250 2189.9
1130260 2190.8
1130270 2190.8
1130280 2191.9
1130290 2192.9
1130300 2198.7
1130310 2199.1
1130320 2199.2
1130330 2199.2
1130340 2199.8
1130350 2200.4
1130360 2200.4
1130370 2200.8
1130380 2200.9
1130390 2200.9
1130400 2201.5
1130410 2203.5
1130420 2204.7
1130430 2204.7
1130440 2205.5
1130450 2205.9
1130460 2205.9
1130470 2208.2
1130480 2211.7
1130490 2211.7
1130500 2215.0
1130510 2218.0
1130520 2218.0
1130530 2221.1
1130540 2223.5
1130550 2223.5
1130560 2224.9
1130570 2225.4
1130580 2225.4
1130590 2226.2
1130600 2228.6
1130610 2228.6
1130620 2231.9
1130630 2235.5
1130640 2235.5
1130650 2238.4
1130660 2246.6
1130670 2250.4
1130680 2250.4
1130690 2255.5
1130700 2260.8
1130710 2260.8
1130720 2266.6
1130730 2272.6
1130740 2272.6
1130750 2280.4
1130760 2289.5
1130770 2289.5
1130780 2298.3
1130790 2307.9
1130800 2307.9
1130810 2317.0
1130820 2325.9
1130830 2325.9
1130840 2328.3
1130850 2326.3
1130860 2326.3
1130870 2328.2
1130880 2331.5
1130890 2331.3
1130900 2331.3
1130910 2332.6
1130920 2333.2
1130930 2333.2
1130940 2336.3
1130950 2340.6
1130960 2340.6
1130970 2344.3
1130980 2348.9
1130990 2348.9
1131000 2351.6
1131010 2351.5
1131020 2355.1
1131030 2356.0
1131040 2359.5
1131050 2359.5
1131060 2363.8
1131070 2366.8
1131080 2366.8
1131090 2368.6
1131100 2369.7
1131110 2369.3
1131120 2369.3
1131130 2369.2
1131140 2369.1
1131150 2369.1
1131160 2368.2
1131170 2367.1
1131180 2367.1
1131190 2368.9
1131200 2370.8
1131210 2370.8
1131220 2371.8
1131230 2372.0
1131240 2372.0
1131250 2372.0
1131260 2373.5
1131270 2373.5
1131280 2374.5
1131290 2374.0
1131300 2374.0
1131310 2372.3
1131320 2370.9
1131330 2370.9
1131340 2371.2
1131350 2371.4
1131360 2371.1
1131370 2371.1
1131380 2367.7
1131390 2366.6
1131400 2366.6
1131410 2365.8
1131420 2365.5
1131430 2365.5
1131440 2364.5
1131450 2364.1
1131460 2364.1
1131470 2365.5
1131480 2366.4
1131490 2366.4
1131500 2366.3
1131510 2365.7
1131520 2365.7
1131530 2365.0
1131540 2364.4
1131550 2364.4
1131560 2365.2
1131570 2365.3
1131580 2363.9
1131590 2363.9
1131600 2361.5
1131610 2360.3
1131620 2360.3
1131630 2359.9
1131640 2358.9
1131650 2358.9
1131660 2356.8
1131670 2354.7
1131680 2354.7
1131690 2353.0
1131700 2351.7
1131710 2351.7
1131720 2350.8
1131730 2350.1
1131740 2348.5
1131750 2347.7
1131760 2347.3
1131770 2347.3
1131780 2347.4
1131790 2348.2
1131800 2348.2
1131810 2349.9
1131820 2351.8
1131830 2353.5
1131840 2353.5
1131850 2355.8
1131860 2358.4
1131870 2358.4
1131880 2358.5
1131890 2358.0
1131900 2358.0
1131910 2356.9
1131920 2355.0
1131930 2355.0
1131940 2352.6
1131950 2349.6
1131960 2349.6
1131970 2346.3
1131980 2344.7
1131990 2344.7
1132000 2343.2
1132010 2343.3
1132020 2343.3
1132030 2344.8
1132040 2345.1
1132050 2345.0
1132060 2345.0
1132070 2346.2
1132080 2347.1
1132090 2347.1
1132100 2344.2
1132110 2343.4
1132120 2343.4
1132130 2341.2
1132140 2338.3
1132150 2338.3
1132160 2334.9
1132170 2331.8
1132180 2331.8
1132190 2328.3
1132200 2325.1
1132210 2325.1
1132220 2323.7
1132230 2322.1
1132240 2322.1
1132250 2317.7
1132260 2313.9
1132270 2313.9
1132280 2311.8
1132290 2308.7
1132300 2304.1
1132310 2304.1
1132320 2300.5
1132330 2296.8
1132340 2296.8
1132350 2293.2
1132360 2286.5
1132370 2286.5
1132380 2280.8
1132390 2277.5
1132400 2277.5
1132410 2274.0
1132420 2271.8
1132430 2271.8
1132440 2272.3
1132450 2273.1
1132460 2269.1
1132470 2269.7
1132480 2271.6
1132490 2271.6
1132500 2274.6
1132510 2277.7
1132520 2279.2
1132530 2279.2
1132540 2279.0
1132550 2278.9
1132560 2278.9
1132570 2279.2
1132580 2277.4
1132590 2277.4
1132600 2274.0
1132610 2270.4
1132620 2270.4
1132630 2269.0
1132640 2267.5
1132650 2267.5
1132660 2265.0
1132670 2262.4
1132680 2262.4
1132690 2261.6
1132700 2261.7
1132710 2261.7
1132720 2259.7
1132730 2255.7
1132740 2255.7
1132750 2254.1
1132760 2253.1
1132770 2251.8
1132780 2251.8
1132790 2251.5
1132800 2251.5
1132810 2251.5
1132820 2245.8
1132830 2243.9
1132840 2243.9
1132850 2241.7
1132860 2243.3
1132870 2243.3
1132880 2245.0
1132890 2245.0
1132900 2245.0
1132910 2247.2
1132920 2249.8
1132930 2249.8
1132940 2251.3
1132950 2253.1
1132960 2253.1
1132970 2256.5
1132980 2259.4
1132990 2260.0
1133000 2260.0
1133010 2257.4
1133020 2254.7
1133030 2254.7
1133040 2252.6
1133050 2251.3
1133060 2251.3
1133070 2250.7
1133080 2249.5
1133090 2249.5
1133100 2251.6
1133110 2253.1
1133120 2253.1
1133130 2254.9
1133140 2259.1
1133150 2259.1
1133160 2264.4
1133170 2271.8
1133180 2276.1
1133190 2285.3
1133200 2290.5
1133210 2290.5
1133220 2292.9
1133230 2293.9
1133240 2293.5
1133250 2293.5
1133260 2293.7
1133270 2293.7
1133280 2293.7
1133290 2292.7
1133300 2294.9
1133310 2294.9
1133320 2299.3
1133330 2304.8
1133340 2304.8
1133350 2310.6
1133360 2314.0
1133370 2314.0
1133380 2316.3
1133390 2318.0
1133400 2318.0
1133410 2319.2
1133420 2321.0
1133430 2321.0
1133440 2322.6
1133450 2322.5
1133460 2322.2
1133470 2322.2
1133480 2323.1
1133490 2325.7
1133500 2325.7
1133510 2328.2
1133520 2330.7
1133530 2330.7
1133540 2329.3
1133550 2332.5
1133560 2332.5
1133570 2336.0
1133580 2339.0
1133590 2339.0
1133600 2340.8
1133610 2342.5
1133620 2342.5
1133630 2344.8
1133640 2348.5
1133650 2348.5
1133660 2352.7
1133670 2353.6
1133680 2353.6
1133690 2353.9
1133700 2354.5
1133710 2353.4
1133720 2353.4
1133730 2352.4
1133740 2350.1
1133750 2350.1
1133760 2347.8
1133770 2345.2
1133780 2345.2
1133790 2342.1
1133800 2339.3
1133810 2339.3
1133820 2335.9
1133830 2332.2
1133840 2332.2
1133850 2328.8
1133860 2326.2
1133870 2326.2
1133880 2325.7
1133890 2325.7
1133900 2321.8
1133910 2322.3
1133920 2321.4
1133930 2320.8
1133940 2320.8
1133950 2320.1
1133960 2318.7
1133970 2318.7
1133980 2316.2
1133990 2312.8
1134000 2312.8
1134010 2309.2
1134020 2306.0
1134030 2306.0
1134040 2302.4
1134050 2299.1
1134060 2299.1
1134070 2298.0
1134080 2296.2
1134090 2296.2
1134100 2291.9
1134110 2286.9
1134120 2286.9
1134130 2282.0
1134140 2279.1
1134150 2279.1
1134160 2278.5
1134170 2277.1
1134180 2275.4
1134190 2275.4
1134200 2275.0
1134210 2273.9
1134220 2273.9
1134230 2273.1
1134240 2273.6
1134250 2273.6
1134260 2274.4
1134270 2273.0
1134280 2273.0
1134290 2274.4
1134300 2276.2
1134310 2276.2
1134320 2276.9
1134330 2276.5
1134340 2276.5
1134350 2276.8
1134360 2277.9
1134370 2277.9
1134380 2279.9
1134390 2283.5
1134400 2286.9
1134410 2286.9
1134420 2288.8
1134430 2290.4
1134440 2290.4
1134450 2290.7
1134460 2290.9
1134470 2290.9
1134480 2292.1
1134490 2292.1
1134500 2292.1
1134510 2290.9
1134520 2291.4
1134530 2291.4
1134540 2293.4
1134550 2295.6
1134560 2295.6
1134570 2298.0
1134580 2300.0
1134590 2300.0
1134600 2301.3
1134610 2302.1
1134620 2303.4
1134630 2299.8
1134640 2301.5
1134650 2303.0
1134660 2303.0
1134670 2304.8
1134680 2306.9
1134690 2306.9
1134700 2308.5
1134710 2308.8
1134720 2308.8
1134730 2308.7
1134740 2309.3
1134750 2309.3
1134760 2309.6
1134770 2309.8
1134780 2309.8
1134790 2310.8
1134800 2314.6
1134810 2314.6
1134820 2318.2
1134830 2320.2
1134840 2320.2
1134850 2322.0
1134860 2322.8
1134870 2323.3
1134880 2323.3
1134890 2323.9
1134900 2324.8
1134910 2324.8
1134920 2325.8
1134930 2326.5
1134940 2326.5
1134950 2326.4
1134960 2326.5
1134970 2326.5
1134980 2327.3
1134990 2323.6
1135000 2323.6
1135010 2321.1
1135020 2316.3
1135030 2316.3
1135040 2312.1
1135050 2307.9
1135060 2307.9
1135070 2303.6
1135080 2299.5
1135090 2295.3
1135100 2295.3
1135110 2291.6
1135120 2288.9
1135130 2288.9
1135140 2287.8
1135150 2287.6
1135160 2287.6
1135170 2288.5
1135180 2291.1
1135190 2291.1
1135200 2293.5
1135210 2295.2
1135220 2295.2
1135230 2296.0
1135240 2295.0
1135250 2295.0
1135260 2294.6
1135270 2294.4
1135280 2294.4
1135290 2293.1
1135300 2291.3
1135310 2291.3
1135320 2289.0
1135330 2286.7
1135340 2285.8
1135350 2284.3
1135360 2282.7
1135370 2282.3
1135380 2282.3
1135390 2282.6
1135400 2283.1
1135410 2283.1
1135420 2282.4
1135430 2280.7
1135440 2280.7
1135450 2279.3
1135460 2278.0
1135470 2278.0
1135480 2275.9
1135490 2274.3
1135500 2274.3
1135510 2274.4
1135520 2276.8
1135530 2276.8
1135540 2282.2
1135550 2289.0
1135560 2295.3
1135570 2295.3
1135580 2299.8
1135590 2302.5
1135600 2302.5
1135610 2304.2
1135620 2304.9
1135630 2304.9
1135640 2306.0
1135650 2306.2
1135660 2306.2
1135670 2305.4
1135680 2302.4
1135690 2302.4
1135700 2297.2
1135710 2295.5
1135720 2297.5
1135730 2297.9
1135740 2300.8
1135750 2300.8
1135760 2302.3
1135770 2301.3
1135780 2301.3
1135790 2299.6
1135800 2298.3
1135810 2296.7
1135820 2296.7
1135830 2291.9
1135840 2286.3
1135850 2286.3
1135860 2278.3
1135870 2269.7
1135880 2269.7
1135890 2261.5
1135900 2253.2
1135910 2253.2
1135920 2245.1
1135930 2236.9
1135940 2236.9
1135950 2228.3
1135960 2224.1
1135970 2224.1
1135980 2222.4
1135990 2221.4
1136000 2221.4
1136010 2219.8
1136020 2217.0
1136030 2214.0
1136040 2214.0
1136050 2211.6
1136060 2210.3
1136070 2210.3
1136080 2203.9
1136090 2203.4
1136100 2203.4
1136110 2205.6
1136120 2207.1
1136130 2207.1
1136140 2207.1
1136150 2205.6
1136160 2205.6
1136170 2202.8
1136180 2200.3
1136190 2200.3
1136200 2197.2
1136210 2192.9
1136220 2192.9
1136230 2188.3
1136240 2184.4
1136250 2184.4
1136260 2179.4
1136270 2175.8
1136280 2171.2
1136290 2171.2
1136300 2165.7
1136310 2159.0
1136320 2159.0
1136330 2150.5
1136340 2143.9
1136350 2143.9
1136360 2138.0
1136370 2133.9
1136380 2133.9
1136390 2129.3
1136400 2124.5
1136410 2124.5
1136420 2118.8
1136430 2112.3
1136440 2112.3
1136450 2112.0
1136460 2110.2
1136470 2110.2
1136480 2111.5
1136490 2110.6
1136500 2106.4
1136510 2106.4
1136520 2102.3
1136530 2101.1
1136540 2101.1
1136550 2101.4
1136560 2099.7
1136570 2099.7
1136580 2093.7
1136590 2088.9
1136600 2088.9
1136610 2086.4
1136620 2083.8
1136630 2083.8
1136640 2082.0
1136650 2079.7
1136660 2079.7
1136670 2075.7
1136680 2070.8
1136690 2070.8
1136700 2067.0
1136710 2059.1
1136720 2059.1
1136730 2052.0
1136740 2046.4
1136750 2039.5
1136760 2039.5
1136770 2034.8
1136780 2030.8
1136790 2030.8
1136800 2025.1
1136810 2027.1
1136820 2027.1
1136830 2013.9
1136840 1998.6
1136850 1998.6
1136860 1986.7
1136870 1974.9
1136880 1974.9
1136890 1967.8
1136900 1963.0
1136910 1963.0
1136920 1958.6
1136930 1954.8
1136940 1954.8
1136950 1953.3
1136960 1952.8
1136970 1952.9
1136980 1952.9
1136990 1954.1
1137000 1955.0
1137010 1955.0
1137020 1952.1
1137030 1948.2
1137040 1948.2
1137050 1946.9
1137060 1943.7
1137070 1943.7
1137080 1937.7
1137090 1926.0
1137100 1926.0
1137110 1912.1
1137120 1904.9
1137130 1904.9
1137140 1898.2
1137150 1883.4
1137160 1883.4
1137170 1864.2
1137180 1851.1
1137190 1839.7
1137200 1839.7
1137210 1831.1
1137220 1822.4
1137230 1822.4
1137240 1812.9
1137250 1800.8
1137260 1800.8
1137270 1789.3
1137280 1781.1
1137290 1781.1
1137300 1773.9
1137310 1766.9
1137320 1766.9
1137330 1759.4
1137340 1752.8
1137350 1752.8
1137360 1746.1
1137370 1739.4
1137380 1739.4
1137390 1733.1
1137400 1727.8
1137410 1727.8
1137420 1723.9
1137430 1721.0
1137440 1718.9
1137450 1718.9
1137460 1717.8
1137470 1717.8
1137480 1717.8
1137490 1718.2
1137500 1719.0
1137510 1719.0
1137520 1720.1
1137530 1721.0
1137540 1720.2
1137550 1720.9
1137560 1721.9
1137570 1721.9
1137580 1725.6
1137590 1728.6
1137600 1728.6
1137610 1735.2
1137620 1741.8
1137630 1741.8
1137640 1747.3
1137650 1753.1
1137660 1759.6
1137670 1759.6
1137680 1766.0
1137690 1772.6
1137700 1772.6
1137710 1779.7
1137720 1785.7
1137730 1785.7
1137740 1791.5
1137750 1799.3
1137760 1799.3
1137770 1805.0
1137780 1808.9
1137790 1808.9
1137800 1812.1
1137810 1815.5
1137820 1815.5
1137830 1818.4
1137840 1821.0
1137850 1821.0
1137860 1822.6
1137870 1823.0
1137880 1823.0
1137890 1821.6
1137900 1819.4
1137910 1813.5
1137920 1813.5
1137930 1808.7
1137940 1803.5
1137950 1803.5
1137960 1800.1
1137970 1796.5
1137980 1796.5
1137990 1791.3
1138000 1785.6
1138010 1785.6
1138020 1777.0
1138030 1764.8
1138040 1764.8
1138050 1755.9
1138060 1748.9
1138070 1748.9
1138080 1742.4
1138090 1737.7
1138100 1737.7
1138110 1733.2
1138120 1727.6
1138130 1721.7
1138140 1721.7
1138150 1714.4
1138160 1705.4
1138170 1705.4
1138180 1697.5
1138190 1690.8
1138200 1690.8
1138210 1685.8
1138220 1681.9
1138230 1681.9
1138240 1680.1
1138250 1679.3
1138260 1679.3
1138270 1678.0
1138280 1670.0
1138290 1670.0
1138300 1667.7
1138310 1662.7
1138320 1662.7
1138330 1656.0
1138340 1653.2
1138350 1653.2
1138360 1651.1
1138370 1648.4
1138380 1645.7
1138390 1645.7
1138400 1643.0
1138410 1640.3
1138420 1640.3
1138430 1638.1
1138440 1636.5
1138450 1636.5
1138460 1634.8
1138470 1632.7
1138480 1632.7
1138490 1631.4
1138500 1631.1
1138510 1631.1
1138520 1629.7
1138530 1629.4
1138540 1629.4
1138550 1630.2
1138560 1631.5
1138570 1631.5
1138580 1632.8
1138590 1632.4
1138600 1631.8
1138610 1631.8
1138620 1630.2
1138630 1628.7
1138640 1623.1
1138650 1621.6
1138660 1619.7
1138670 1619.7
1138680 1618.0
1138690 1617.0
1138700 1617.0
1138710 1616.1
1138720 1615.9
1138730 1615.9
1138740 1616.1
1138750 1615.5
1138760 1615.5
1138770 1615.1
1138780 1613.9
1138790 1613.9
1138800 1612.0
1138810 1610.2
1138820 1610.2
1138830 1608.4
1138840 1606.9
1138850 1605.2
1138860 1605.2
1138870 1603.0
1138880 1601.1
1138890 1601.1
1138900 1599.2
1138910 1597.3
1138920 1597.3
1138930 1595.6
1138940 1593.6
1138950 1593.6
1138960 1591.7
1138970 1589.8
1138980 1589.8
1138990 1588.2
1139000 1586.1
1139010 1581.7
1139020 1580.2
1139030 1578.9
1139040 1578.9
1139050 1577.3
1139060 1574.6
1139070 1571.6
1139080 1571.6
1139090 1568.6
1139100 1566.4
1139110 1566.4
1139120 1564.6
1139130 1561.9
1139140 1561.9
1139150 1557.6
1139160 1554.3
1139170 1554.3
1139180 1552.1
1139190 1549.9
1139200 1549.9
1139210 1546.8
1139220 1544.4
1139230 1544.4
1139240 1543.2
1139250 1541.8
1139260 1541.8
1139270 1539.3
1139280 1536.3
1139290 1533.0
1139300 1533.0
1139310 1529.7
1139320 1527.2
1139330 1527.2
1139340 1525.1
1139350 1522.2
1139360 1522.2
1139370 1519.5
1139380 1514.6
1139390 1514.6
1139400 1512.1
1139410 1509.4
1139420 1509.4
1139430 1506.5
1139440 1504.2
1139450 1504.2
1139460 1502.8
1139470 1500.2
1139480 1500.2
1139490 1497.4
1139500 1495.5
1139510 1495.5
1139520 1493.2
1139530 1491.0
1139540 1489.8
1139550 1489.8
1139560 1488.5
1139570 1487.3
1139580 1487.3
1139590 1485.7
1139600 1483.6
1139610 1483.6
1139620 1480.5
1139630 1477.0
1139640 1477.0
1139650 1473.6
1139660 1471.6
1139670 1471.6
1139680 1469.2
1139690 1465.3
1139700 1465.3
1139710 1461.1
1139720 1456.8
1139730 1456.8
1139740 1452.5
1139750 1445.8
1139760 1442.9
1139770 1442.9
1139780 1440.3
1139790 1439.5
1139800 1439.5
1139810 1438.8
1139820 1437.8
1139830 1437.8
1139840 1436.6
1139850 1435.3
1139860 1435.3
1139870 1434.4
1139880 1434.7
1139890 1434.7
1139900 1434.8
1139910 1434.8
1139920 1434.8
1139930 1436.3
1139940 1437.0
1139950 1437.0
1139960 1437.1
1139970 1436.0
1139980 1436.0
1139990 1434.9
