1120000 1251.4
1120010 1251.4
1120020 1267.6
1120030 1283.5
1120040 1299.3
1120050 1299.3
1120060 1309.8
1120070 1305.5
1120080 1305.5
1120090 1308.4
1120100 1320.2
1120110 1320.2
1120120 1326.8
1120130 1328.2
1120140 1328.2
1120150 1329.2
1120160 1329.8
1120170 1329.8
1120180 1328.6
1120190 1328.8
1120200 1328.8
1120210 1333.9
1120220 1336.8
1120230 1336.8
1120240 1337.1
1120250 1340.4
1120260 1343.2
1120270 1343.2
1120280 1344.0
1120290 1345.5
1120300 1345.5
1120310 1346.6
1120320 1353.4
1120330 1353.4
1120340 1355.5
1120350 1354.9
1120360 1354.9
1120370 1352.3
1120380 1348.2
1120390 1348.2
1120400 1343.9
1120410 1341.6
1120420 1341.6
1120430 1343.1
1120440 1344.9
1120450 1344.9
1120460 1347.4
1120470 1349.8
1120480 1349.8
1120490 1352.7
1120500 1356.3
1120510 1359.4
1120520 1359.4
1120530 1363.2
1120540 1367.6
1120550 1367.6
1120560 1371.9
1120570 1375.2
1120580 1375.2
1120590 1376.9
1120600 1378.4
1120610 1378.4
1120620 1380.8
1120630 1383.4
1120640 1383.4
1120650 1385.1
1120660 1385.1
1120670 1385.2
1120680 1384.5
1120690 1383.7
1120700 1383.7
1120710 1384.0
1120720 1385.5
1120730 1385.1
1120740 1385.1
1120750 1384.6
1120760 1384.4
1120770 1384.4
1120780 1384.3
1120790 1384.6
1120800 1384.6
1120810 1384.7
1120820 1384.5
1120830 1384.5
1120840 1384.2
1120850 1384.1
1120860 1384.1
1120870 1385.8
1120880 1387.7
1120890 1387.7
1120900 1388.6
1120910 1390.1
1120920 1390.1
1120930 1391.4
1120940 1392.6
1120950 1392.6
1120960 1393.3
1120970 1395.2
1120980 1398.9
1120990 1398.9
1121000 1401.2
1121010 1403.0
1121020 1409.0
1121030 1411.6
1121040 1415.3
1121050 1415.3
1121060 1419.8
1121070 1421.0
1121080 1421.0
1121090 1421.2
1121100 1419.9
1121110 1419.9
1121120 1417.4
1121130 1414.8
1121140 1414.8
1121150 1414.0
1121160 1413.8
1121170 1413.8
1121180 1413.2
1121190 1412.7
1121200 1412.8
1121210 1412.8
1121220 1412.1
1121230 1412.1
1121240 1412.1
1121250 1412.9
1121260 1416.8
1121270 1416.8
1121280 1418.9
1121290 1421.3
1121300 1421.3
1121310 1427.1
1121320 1432.8
1121330 1432.8
1121340 1436.7
1121350 1440.4
1121360 1440.4
1121370 1448.3
1121380 1452.2
1121390 1452.2
1121400 1455.6
1121410 1457.7
1121420 1457.7
1121430 1460.4
1121440 1463.2
1121450 1466.7
1121460 1466.7
1121470 1469.0
1121480 1470.8
1121490 1470.8
1121500 1472.3
1121510 1473.5
1121520 1473.5
1121530 1473.3
1121540 1473.4
1121550 1473.4
1121560 1475.4
1121570 1477.3
1121580 1477.3
1121590 1479.6
1121600 1481.7
1121610 1481.7
1121620 1483.3
1121630 1484.2
1121640 1484.2
1121650 1483.3
1121660 1481.0
1121670 1477.8
1121680 1477.8
1121690 1474.2
1121700 1470.8
1121710 1470.8
1121720 1473.1
1121730 1468.2
1121740 1468.2
1121750 1467.0
1121760 1467.1
1121770 1467.1
1121780 1466.6
1121790 1465.8
1121800 1465.8
1121810 1465.2
1121820 1465.7
1121830 1465.7
1121840 1465.2
1121850 1465.0
1121860 1465.0
1121870 1465.7
1121880 1465.9
1121890 1465.9
1121900 1466.6
1121910 1467.1
1121920 1468.1
1121930 1468.1
1121940 1470.1
1121950 1471.6
1121960 1471.6
1121970 1473.1
1121980 1474.0
1121990 1474.0
1122000 1475.6
1122010 1477.1
1122020 1477.1
1122030 1478.6
1122040 1480.7
1122050 1480.7
1122060 1482.8
1122070 1489.9
1122080 1489.9
1122090 1492.0
1122100 1493.5
1122110 1493.5
1122120 1494.2
1122130 1494.8
1122140 1495.4
1122150 1495.4
1122160 1495.3
1122170 1494.6
1122180 1494.6
1122190 1493.9
1122200 1493.3
1122210 1493.3
1122220 1492.0
1122230 1489.5
1122240 1489.5
1122250 1487.2
1122260 1485.7
1122270 1485.7
1122280 1487.0
1122290 1490.0
1122300 1490.0
1122310 1491.4
1122320 1492.5
1122330 1492.5
1122340 1493.2
1122350 1493.8
1122360 1493.8
1122370 1493.8
1122380 1491.6
1122390 1488.7
1122400 1488.7
1122410 1486.1
1122420 1485.9
1122430 1485.9
1122440 1480.7
1122450 1476.7
1122460 1476.7
1122470 1472.9
1122480 1472.1
1122490 1472.1
1122500 1474.5
1122510 1477.6
1122520 1477.6
1122530 1479.4
1122540 1480.0
1122550 1480.0
1122560 1481.2
1122570 1481.4
1122580 1481.4
1122590 1479.6
1122600 1476.7
1122610 1472.7
1122620 1472.7
1122630 1469.4
1122640 1466.0
1122650 1466.0
1122660 1464.7
1122670 1464.8
1122680 1464.8
1122690 1464.9
1122700 1464.7
1122710 1464.7
1122720 1464.0
1122730 1463.3
1122740 1463.3
1122750 1462.5
1122760 1461.7
1122770 1465.4
1122780 1464.8
1122790 1463.9
1122800 1463.9
1122810 1463.0
1122820 1462.6
1122830 1462.6
1122840 1461.7
1122850 1461.4
1122860 1460.1
1122870 1460.1
1122880 1458.2
1122890 1457.6
1122900 1457.6
1122910 1457.9
1122920 1458.3
1122930 1458.3
1122940 1457.7
1122950 1457.1
1122960 1457.1
1122970 1456.1
1122980 1456.4
1122990 1456.4
1123000 1456.8
1123010 1457.4
1123020 1457.4
1123030 1458.1
1123040 1459.2
1123050 1459.2
1123060 1459.9
1123070 1461.1
1123080 1462.6
1123090 1462.6
1123100 1463.5
1123110 1463.8
1123120 1467.1
1123130 1467.4
1123140 1468.2
1123150 1468.2
1123160 1468.6
1123170 1469.3
1123180 1469.3
1123190 1469.6
1123200 1470.2
1123210 1470.2
1123220 1470.6
1123230 1471.2
1123240 1471.2
1123250 1472.1
1123260 1472.4
1123270 1472.4
1123280 1472.6
1123290 1472.9
1123300 1472.9
1123310 1473.4
1123320 1473.8
1123330 1473.4
1123340 1473.4
1123350 1473.0
1123360 1472.8
1123370 1472.8
1123380 1472.8
1123390 1472.4
1123400 1472.4
1123410 1471.5
1123420 1471.0
1123430 1471.0
1123440 1470.6
1123450 1470.7
1123460 1470.7
1123470 1475.3
1123480 1474.6
1123490 1474.6
1123500 1475.1
1123510 1475.0
1123520 1475.0
1123530 1474.7
1123540 1474.3
1123550 1475.1
1123560 1475.1
1123570 1475.3
1123580 1475.2
1123590 1475.2
1123600 1475.2
1123610 1474.3
1123620 1474.3
1123630 1473.5
1123640 1472.3
1123650 1472.3
1123660 1471.1
1123670 1470.4
1123680 1470.4
1123690 1469.8
1123700 1469.1
1123710 1469.1
1123720 1469.1
1123730 1469.5
1123740 1469.5
1123750 1470.5
1123760 1470.4
1123770 1470.4
1123780 1470.8
1123790 1471.2
1123800 1471.3
1123810 1471.3
1123820 1471.1
1123830 1470.8
1123840 1470.8
1123850 1470.4
1123860 1469.6
1123870 1469.6
1123880 1468.2
1123890 1467.7
1123900 1467.7
1123910 1466.9
1123920 1466.2
1123930 1466.2
1123940 1464.5
1123950 1462.7
1123960 1462.7
1123970 1461.0
1123980 1459.6
1123990 1459.6
1124000 1457.7
1124010 1456.0
1124020 1454.9
1124030 1454.9
1124040 1453.7
1124050 1452.2
1124060 1452.2
1124070 1450.8
1124080 1449.1
1124090 1449.1
1124100 1447.9
1124110 1446.9
1124120 1446.9
1124130 1445.7
1124140 1444.0
1124150 1444.0
1124160 1441.9
1124170 1440.3
1124180 1439.7
1124190 1439.0
1124200 1437.4
1124210 1437.4
1124220 1434.5
1124230 1432.0
1124240 1432.0
1124250 1429.5
1124260 1426.2
1124270 1422.7
1124280 1422.7
1124290 1419.8
1124300 1416.4
1124310 1416.4
1124320 1412.8
1124330 1407.2
1124340 1407.2
1124350 1400.1
1124360 1394.6
1124370 1394.6
1124380 1380.0
1124390 1360.8
1124400 1360.8
1124410 1350.3
1124420 1344.3
1124430 1344.3
1124440 1339.0
1124450 1330.4
1124460 1330.4
1124470 1321.4
1124480 1309.4
1124490 1302.5
1124500 1302.5
1124510 1299.7
1124520 1296.2
1124530 1301.6
1124540 1296.2
1124550 1290.8
1124560 1290.8
1124570 1285.9
1124580 1282.7
1124590 1282.7
1124600 1279.0
1124610 1269.7
1124620 1269.7
1124630 1259.8
1124640 1256.4
1124650 1256.4
1124660 1260.9
1124670 1270.9
1124680 1270.9
1124690 1277.2
1124700 1281.1
1124710 1281.1
1124720 1283.4
1124730 1285.2
1124740 1283.5
1124750 1283.5
1124760 1283.8
1124770 1285.7
1124780 1285.7
1124790 1287.8
1124800 1291.1
1124810 1291.1
1124820 1293.7
1124830 1296.1
1124840 1296.1
1124850 1298.8
1124860 1301.7
1124870 1301.7
1124880 1306.1
1124890 1310.6
1124900 1310.6
1124910 1316.4
1124920 1320.6
1124930 1320.6
1124940 1324.7
1124950 1329.1
1124960 1334.1
1124970 1334.1
1124980 1340.1
1124990 1344.7
1125000 1344.7
1125010 1348.4
1125020 1353.1
1125030 1353.1
1125040 1358.3
1125050 1365.5
1125060 1365.5
1125070 1374.6
1125080 1381.9
1125090 1381.9
1125100 1387.7
1125110 1392.3
1125120 1392.3
1125130 1396.0
1125140 1399.0
1125150 1399.0
1125160 1402.0
1125170 1405.0
1125180 1405.0
1125190 1407.9
1125200 1412.2
1125210 1418.6
1125220 1418.6
1125230 1426.9
1125240 1433.1
1125250 1433.1
1125260 1440.4
1125270 1447.5
1125280 1447.5
1125290 1454.7
1125300 1460.9
1125310 1460.9
1125320 1465.2
1125330 1469.6
1125340 1469.6
1125350 1475.0
1125360 1480.5
1125370 1480.5
1125380 1486.6
1125390 1493.1
1125400 1493.1
1125410 1500.4
1125420 1506.7
1125430 1511.3
1125440 1511.3
1125450 1517.4
1125460 1524.9
1125470 1524.9
1125480 1532.1
1125490 1539.4
1125500 1539.4
1125510 1546.1
1125520 1551.4
1125530 1551.4
1125540 1554.7
1125550 1559.9
1125560 1559.9
1125570 1565.1
1125580 1570.3
1125590 1571.4
1125600 1576.0
1125610 1579.8
1125620 1579.8
1125630 1583.3
1125640 1587.5
1125650 1587.5
1125660 1592.5
1125670 1597.6
1125680 1602.5
1125690 1602.5
1125700 1607.2
1125710 1612.6
1125720 1612.6
1125730 1618.1
1125740 1622.6
1125750 1622.6
1125760 1626.5
1125770 1629.2
1125780 1629.2
1125790 1631.8
1125800 1635.0
1125810 1635.0
1125820 1638.3
1125830 1641.0
1125840 1641.0
1125850 1643.2
1125860 1644.4
1125870 1644.4
1125880 1645.5
1125890 1647.1
1125900 1649.5
1125910 1649.5
1125920 1652.5
1125930 1655.0
1125940 1656.8
1125950 1659.5
1125960 1662.8
1125970 1662.8
1125980 1665.2
1125990 1667.8
1126000 1667.8
1126010 1670.2
1126020 1673.2
1126030 1673.2
1126040 1677.3
1126050 1682.7
1126060 1682.7
1126070 1687.7
1126080 1690.0
1126090 1690.0
1126100 1691.9
1126110 1693.5
1126120 1693.5
1126130 1694.3
1126140 1695.0
1126150 1695.5
1126160 1695.5
1126170 1695.7
1126180 1695.4
1126190 1695.4
1126200 1694.7
1126210 1693.7
1126220 1693.7
1126230 1691.8
1126240 1689.2
1126250 1689.2
1126260 1687.0
1126270 1685.3
1126280 1685.3
1126290 1687.3
1126300 1691.0
1126310 1691.0
1126320 1689.9
1126330 1688.2
1126340 1688.2
1126350 1686.2
1126360 1684.0
1126370 1682.4
1126380 1682.4
1126390 1682.0
1126400 1681.0
1126410 1681.0
1126420 1680.6
1126430 1680.8
1126440 1680.8
1126450 1680.7
1126460 1680.8
1126470 1680.8
1126480 1680.9
1126490 1679.7
1126500 1679.7
1126510 1677.8
1126520 1674.5
1126530 1674.5
1126540 1670.7
1126550 1666.8
1126560 1666.8
1126570 1661.6
1126580 1657.6
1126590 1657.6
1126600 1653.5
1126610 1648.4
1126620 1644.1
1126630 1644.1
1126640 1640.4
1126650 1640.3
1126660 1640.3
1126670 1638.8
1126680 1637.5
1126690 1637.5
1126700 1635.8
1126710 1631.1
1126720 1631.1
1126730 1627.2
1126740 1623.1
1126750 1623.1
1126760 1619.4
1126770 1617.1
1126780 1617.1
1126790 1614.4
1126800 1610.6
1126810 1610.6
1126820 1606.2
1126830 1601.7
1126840 1597.6
1126850 1597.6
1126860 1593.9
1126870 1592.2
1126880 1592.2
1126890 1588.2
1126900 1580.9
1126910 1580.9
1126920 1574.0
1126930 1567.2
1126940 1567.2
1126950 1560.4
1126960 1554.4
1126970 1554.4
1126980 1550.5
1126990 1547.7
1127000 1547.7
1127010 1547.5
1127020 1546.0
1127030 1546.0
1127040 1545.7
1127050 1546.1
1127060 1546.1
1127070 1545.2
1127080 1544.3
1127090 1543.9
1127100 1543.9
1127110 1543.5
1127120 1540.8
1127130 1540.8
1127140 1534.2
1127150 1529.8
1127160 1529.8
1127170 1530.3
1127180 1535.0
1127190 1535.0
1127200 1539.7
1127210 1545.8
1127220 1545.8
1127230 1551.6
1127240 1557.1
1127250 1557.1
1127260 1564.1
1127270 1572.0
1127280 1572.0
1127290 1579.6
1127300 1587.2
1127310 1595.2
1127320 1595.2
1127330 1602.7
1127340 1610.6
1127350 1610.6
1127360 1616.2
1127370 1622.0
1127380 1622.0
1127390 1627.5
1127400 1632.1
1127410 1632.1
1127420 1636.2
1127430 1641.3
1127440 1641.3
1127450 1647.8
1127460 1654.7
1127470 1654.7
1127480 1661.0
1127490 1666.4
1127500 1666.4
1127510 1672.9
1127520 1678.5
1127530 1678.5
1127540 1685.1
1127550 1691.9
1127560 1697.9
1127570 1697.9
1127580 1703.6
1127590 1709.5
1127600 1709.5
1127610 1715.4
1127620 1720.3
1127630 1720.3
1127640 1725.0
1127650 1729.0
1127660 1729.0
1127670 1733.1
1127680 1738.2
1127690 1738.2
1127700 1741.8
1127710 1745.9
1127720 1743.8
1127730 1747.4
1127740 1751.3
1127750 1751.3
1127760 1754.9
1127770 1758.2
1127780 1761.4
1127790 1761.4
1127800 1765.5
1127810 1769.6
1127820 1769.6
1127830 1773.4
1127840 1777.2
1127850 1777.2
1127860 1781.3
1127870 1785.0
1127880 1785.0
1127890 1788.7
1127900 1792.6
1127910 1792.6
1127920 1796.4
1127930 1799.3
1127940 1799.3
1127950 1802.1
1127960 1804.5
1127970 1804.5
1127980 1807.3
1127990 1810.4
1128000 1810.4
1128010 1813.2
1128020 1814.8
1128030 1817.2
1128040 1817.2
1128050 1819.7
1128060 1821.5
1128070 1820.9
1128080 1822.3
1128090 1823.2
1128100 1823.2
1128110 1824.4
1128120 1826.2
1128130 1826.2
1128140 1827.5
1128150 1828.6
1128160 1828.6
1128170 1830.2
1128180 1831.5
1128190 1831.5
1128200 1833.5
1128210 1834.1
1128220 1834.1
1128230 1834.1
1128240 1834.8
1128250 1836.9
1128260 1836.9
1128270 1839.3
1128280 1841.2
1128290 1841.2
1128300 1842.7
1128310 1844.1
1128320 1844.1
1128330 1847.2
1128340 1851.0
1128350 1851.0
1128360 1854.3
1128370 1857.8
1128380 1857.8
1128390 1860.3
1128400 1862.6
1128410 1862.6
1128420 1866.8
1128430 1873.9
1128440 1873.9
1128450 1877.3
1128460 1879.4
1128470 1879.4
1128480 1884.7
1128490 1890.0
1128500 1896.3
1128510 1896.3
1128520 1900.8
1128530 1903.9
1128540 1903.9
1128550 1906.7
1128560 1909.0
1128570 1909.0
1128580 1910.2
1128590 1910.4
1128600 1910.4
1128610 1910.7
1128620 1911.2
1128630 1911.2
1128640 1911.4
1128650 1911.7
1128660 1911.7
1128670 1911.8
1128680 1912.2
1128690 1912.2
1128700 1913.1
1128710 1913.5
1128720 1913.6
1128730 1913.6
1128740 1913.9
1128750 1914.5
1128760 1914.5
1128770 1915.5
1128780 1917.1
1128790 1921.7
1128800 1921.8
1128810 1921.2
1128820 1921.2
1128830 1921.4
1128840 1922.2
1128850 1922.2
1128860 1922.3
1128870 1923.1
1128880 1923.1
1128890 1925.1
1128900 1925.7
1128910 1925.7
1128920 1926.3
1128930 1929.0
1128940 1929.0
1128950 1929.8
1128960 1929.3
1128970 1929.7
1128980 1929.7
1128990 1931.4
1129000 1933.0
1129010 1933.0
1129020 1934.0
1129030 1934.7
1129040 1934.7
1129050 1934.9
1129060 1935.4
1129070 1935.4
1129080 1935.8
1129090 1936.6
1129100 1936.6
1129110 1936.3
1129120 1938.2
1129130 1938.2
1129140 1944.0
1129150 1945.5
1129160 1945.5
1129170 1945.1
1129180 1944.3
1129190 1945.3
1129200 1945.3
1129210 1947.3
1129220 1950.0
1129230 1950.0
1129240 1951.4
1129250 1952.0
1129260 1952.0
1129270 1953.1
1129280 1954.5
1129290 1954.5
1129300 1955.3
1129310 1954.8
1129320 1954.8
1129330 1954.2
1129340 1954.4
1129350 1954.4
1129360 1957.7
1129370 1960.1
1129380 1960.1
1129390 1961.6
1129400 1964.0
1129410 1965.2
1129420 1965.2
1129430 1965.4
1129440 1963.0
1129450 1963.0
1129460 1959.3
1129470 1956.5
1129480 1956.5
1129490 1955.4
1129500 1959.3
1129510 1959.3
1129520 1956.6
1129530 1958.8
1129540 1958.8
1129550 1962.6
1129560 1963.6
1129570 1963.6
1129580 1966.9
1129590 1971.4
1129600 1971.4
1129610 1975.9
1129620 1980.2
1129630 1980.2
1129640 1983.0
1129650 1986.1
1129660 1988.8
1129670 1988.8
1129680 1991.7
1129690 1995.0
1129700 1995.0
1129710 1997.0
1129720 1999.6
1129730 1999.6
1129740 2002.0
1129750 2002.8
1129760 2002.8
1129770 2001.2
1129780 2002.2
1129790 2002.2
1129800 2005.9
1129810 2008.6
1129820 2008.6
1129830 2009.4
1129840 2009.6
1129850 2009.6
1129860 2016.5
1129870 2016.3
1129880 2015.8
1129890 2015.8
1129900 2017.2
1129910 2018.0
1129920 2018.0
1129930 2016.9
1129940 2013.2
1129950 2013.2
1129960 2010.6
1129970 2010.9
1129980 2010.9
1129990 2011.5
1130000 2010.7
1130010 2010.7
1130020 2012.6
1130030 2013.0
1130040 2013.0
1130050 2013.2
1130060 2014.4
1130070 2014.4
1130080 2015.3
1130090 2017.1
1130100 2017.1
1130110 2015.9
1130120 2013.6
1130130 2018.3
1130140 2018.3
1130150 2020.2
1130160 2017.1
1130170 2017.1
1130180 2017.4
1130190 2021.9
1130200 2021.9
1130210 2023.3
1130220 2031.2
1130230 2031.2
1130240 2031.6
1130250 2031.3
1130260 2031.3
1130270 2031.4
1130280 2033.4
1130290 2033.4
1130300 2036.7
1130310 2039.7
1130320 2039.7
1130330 2043.6
1130340 2046.5
1130350 2050.3
1130360 2050.3
1130370 2054.4
1130380 2058.2
1130390 2058.2
1130400 2062.5
1130410 2067.3
1130420 2067.3
1130430 2072.2
1130440 2077.1
1130450 2077.1
1130460 2080.7
1130470 2084.3
1130480 2084.3
1130490 2089.0
1130500 2094.2
1130510 2094.2
1130520 2100.3
1130530 2105.7
1130540 2105.7
1130550 2111.5
1130560 2118.6
1130570 2121.0
1130580 2128.3
1130590 2135.2
1130600 2142.4
1130610 2142.4
1130620 2149.6
1130630 2156.1
1130640 2156.1
1130650 2162.6
1130660 2168.5
1130670 2168.5
1130680 2174.1
1130690 2179.5
1130700 2179.5
1130710 2184.0
1130720 2187.6
1130730 2187.6
1130740 2190.9
1130750 2193.8
1130760 2193.8
1130770 2195.3
1130780 2196.6
1130790 2196.6
1130800 2198.4
1130810 2201.1
1130820 2204.3
1130830 2204.3
1130840 2207.4
1130850 2210.9
1130860 2210.9
1130870 2214.3
1130880 2215.9
1130890 2215.9
1130900 2213.5
1130910 2216.6
1130920 2216.6
1130930 2228.1
1130940 2232.5
1130950 2232.5
1130960 2237.0
1130970 2240.6
1130980 2240.6
1130990 2243.7
1131000 2246.2
1131010 2246.2
1131020 2248.4
1131030 2251.2
1131040 2251.2
1131050 2251.3
1131060 2248.6
1131070 2245.0
1131080 2245.0
1131090 2240.6
1131100 2236.5
1131110 2236.5
1131120 2234.3
1131130 2231.6
1131140 2231.6
1131150 2229.0
1131160 2225.7
1131170 2225.7
1131180 2223.8
1131190 2222.8
1131200 2222.8
1131210 2221.8
1131220 2219.2
1131230 2219.2
1131240 2217.3
1131250 2216.3
1131260 2216.3
1131270 2213.2
1131280 2211.1
1131290 2216.6
1131300 2216.6
1131310 2215.7
1131320 2215.7
1131330 2215.7
1131340 2215.6
1131350 2215.4
1131360 2215.4
1131370 2214.6
1131380 2214.5
1131390 2214.5
1131400 2214.4
1131410 2214.5
1131420 2214.5
1131430 2213.9
1131440 2212.9
1131450 2212.9
1131460 2211.5
1131470 2210.4
1131480 2210.4
1131490 2210.3
1131500 2210.1
1131510 2210.1
1131520 2209.6
1131530 2208.1
1131540 2206.9
1131550 2206.9
1131560 2206.2
1131570 2207.5
1131580 2207.5
1131590 2212.0
1131600 2216.8
1131610 2216.8
1131620 2221.1
1131630 2225.1
1131640 2225.1
1131650 2234.1
1131660 2237.2
1131670 2237.2
1131680 2240.2
1131690 2243.1
1131700 2243.1
1131710 2245.3
1131720 2245.7
1131730 2245.7
1131740 2244.0
1131750 2241.3
1131760 2238.6
1131770 2238.6
1131780 2235.9
1131790 2233.2
1131800 2233.2
1131810 2230.6
1131820 2226.3
1131830 2226.3
1131840 2219.1
1131850 2212.6
1131860 2212.6
1131870 2211.4
1131880 2210.0
1131890 2210.0
1131900 2205.6
1131910 2198.8
1131920 2198.8
1131930 2192.5
1131940 2188.5
1131950 2188.5
1131960 2184.1
1131970 2181.6
1131980 2181.6
1131990 2179.2
1132000 2176.2
1132010 2178.1
1132020 2178.1
1132030 2176.1
1132040 2174.8
1132050 2174.8
1132060 2170.4
1132070 2168.4
1132080 2168.4
1132090 2169.6
1132100 2170.5
1132110 2170.5
1132120 2170.5
1132130 2170.0
1132140 2170.0
1132150 2169.2
1132160 2168.1
1132170 2168.1
1132180 2167.0
1132190 2165.8
1132200 2165.8
1132210 2164.9
1132220 2163.5
1132230 2162.7
1132240 2162.7
1132250 2162.1
1132260 2161.4
1132270 2161.4
1132280 2160.7
1132290 2160.6
1132300 2160.6
1132310 2160.3
1132320 2160.9
1132330 2160.9
1132340 2165.0
1132350 2171.0
1132360 2171.0
1132370 2180.9
1132380 2186.0
1132390 2186.0
1132400 2190.5
1132410 2194.6
1132420 2194.6
1132430 2198.2
1132440 2200.6
1132450 2200.6
1132460 2201.4
1132470 2202.0
1132480 2204.1
1132490 2204.1
1132500 2206.2
1132510 2204.5
1132520 2204.5
1132530 2203.8
1132540 2206.5
1132550 2206.5
1132560 2210.5
1132570 2214.8
1132580 2214.8
1132590 2217.2
1132600 2218.1
1132610 2218.1
1132620 2218.0
1132630 2215.5
1132640 2215.5
1132650 2212.6
1132660 2209.5
1132670 2209.5
1132680 2207.3
1132690 2210.3
1132700 2214.3
1132710 2214.3
1132720 2218.5
1132730 2221.7
1132740 2221.7
1132750 2221.7
1132760 2222.1
1132770 2222.1
1132780 2225.6
1132790 2233.2
1132800 2233.2
1132810 2239.8
1132820 2242.6
1132830 2242.6
1132840 2242.8
1132850 2241.0
1132860 2241.0
1132870 2239.6
1132880 2236.6
1132890 2236.6
1132900 2233.4
1132910 2231.3
1132920 2231.3
1132930 2228.0
1132940 2225.0
1132950 2223.8
1132960 2223.8
1132970 2226.2
1132980 2228.2
1132990 2228.2
1133000 2228.3
1133010 2227.2
1133020 2227.2
1133030 2223.9
1133040 2221.5
1133050 2221.5
1133060 2219.6
1133070 2216.5
1133080 2216.5
1133090 2215.7
1133100 2216.6
1133110 2216.6
1133120 2216.0
1133130 2213.6
1133140 2213.6
1133150 2211.5
1133160 2205.7
1133170 2198.9
1133180 2198.9
1133190 2191.2
1133200 2186.9
1133210 2186.9
1133220 2186.7
1133230 2187.3
1133240 2187.3
1133250 2191.4
1133260 2195.3
1133270 2195.3
1133280 2199.1
1133290 2202.4
1133300 2202.4
1133310 2205.4
1133320 2209.0
1133330 2209.0
1133340 2213.5
1133350 2217.8
1133360 2217.8
1133370 2222.6
1133380 2228.1
1133390 2228.1
1133400 2233.6
1133410 2239.0
1133420 2244.1
1133430 2244.1
1133440 2249.5
1133450 2255.7
1133460 2259.6
1133470 2265.7
1133480 2272.0
1133490 2272.0
1133500 2284.6
1133510 2295.0
1133520 2295.0
1133530 2302.4
1133540 2310.0
1133550 2310.0
1133560 2317.1
1133570 2324.6
1133580 2324.6
1133590 2331.9
1133600 2338.3
1133610 2338.3
1133620 2336.6
1133630 2331.1
1133640 2322.8
1133650 2322.8
1133660 2311.4
1133670 2301.0
1133680 2301.0
1133690 2292.1
1133700 2283.0
1133710 2283.0
1133720 2274.4
1133730 2268.9
1133740 2268.9
1133750 2263.7
1133760 2258.1
1133770 2258.1
1133780 2253.6
1133790 2252.8
1133800 2252.8
1133810 2252.3
1133820 2253.2
1133830 2253.2
1133840 2249.7
1133850 2247.5
1133860 2247.5
1133870 2246.3
1133880 2248.0
1133890 2251.1
1133900 2251.1
1133910 2250.9
1133920 2249.3
1133930 2249.3
1133940 2249.1
1133950 2252.1
1133960 2252.1
1133970 2258.2
1133980 2261.8
1133990 2261.8
1134000 2267.3
1134010 2272.5
1134020 2272.5
1134030 2276.3
1134040 2277.6
1134050 2277.6
1134060 2278.1
1134070 2280.4
1134080 2280.4
1134090 2284.8
1134100 2288.8
1134110 2292.6
1134120 2292.6
1134130 2297.2
1134140 2302.5
1134150 2302.5
1134160 2308.5
1134170 2315.2
1134180 2316.6
1134190 2323.0
1134200 2329.3
1134210 2329.3
1134220 2335.5
1134230 2342.2
1134240 2342.2
1134250 2348.8
1134260 2354.6
1134270 2354.6
1134280 2360.2
1134290 2366.4
1134300 2366.4
1134310 2371.2
1134320 2372.7
1134330 2372.7
1134340 2372.6
1134350 2373.9
1134360 2377.0
1134370 2377.0
1134380 2379.7
1134390 2381.9
1134400 2381.9
1134410 2382.7
1134420 2384.0
1134430 2384.0
1134440 2386.3
1134450 2387.6
1134460 2387.6
1134470 2388.1
1134480 2388.8
1134490 2388.8
1134500 2385.6
1134510 2380.9
1134520 2380.9
1134530 2377.4
1134540 2381.1
1134550 2381.1
1134560 2374.2
1134570 2367.9
1134580 2362.3
1134590 2362.3
1134600 2356.4
1134610 2349.2
1134620 2349.2
1134630 2341.8
1134640 2335.3
1134650 2335.3
1134660 2327.9
1134670 2320.7
1134680 2320.7
1134690 2315.0
1134700 2309.7
1134710 2309.7
1134720 2304.7
1134730 2300.3
1134740 2300.3
1134750 2296.2
1134760 2292.0
1134770 2292.0
1134780 2286.8
1134790 2282.2
1134800 2282.2
1134810 2278.1
1134820 2274.1
1134830 2271.0
1134840 2271.0
1134850 2268.1
1134860 2267.2
1134870 2267.2
1134880 2261.4
1134890 2256.6
1134900 2256.6
1134910 2254.7
1134920 2253.5
1134930 2253.5
1134940 2253.5
1134950 2254.0
1134960 2254.0
1134970 2255.6
1134980 2257.5
1134990 2257.5
1135000 2259.2
1135010 2260.3
1135020 2260.3
1135030 2260.3
1135040 2259.2
1135050 2258.3
1135060 2258.3
1135070 2257.8
1135080 2257.6
1135090 2257.6
1135100 2257.5
1135110 2257.2
1135120 2257.2
1135130 2255.6
1135140 2250.4
1135150 2250.4
1135160 2246.3
1135170 2242.2
1135180 2242.2
1135190 2237.6
1135200 2232.9
1135210 2232.9
1135220 2230.0
1135230 2230.5
1135240 2230.5
1135250 2231.5
1135260 2228.9
1135270 2228.2
1135280 2225.9
1135290 2225.4
1135300 2224.2
1135310 2224.2
1135320 2222.5
1135330 2220.3
1135340 2220.3
1135350 2219.9
1135360 2220.1
1135370 2220.1
1135380 2219.4
1135390 2220.0
1135400 2220.0
1135410 2218.6
1135420 2217.1
1135430 2217.1
1135440 2216.7
1135450 2217.8
1135460 2217.8
1135470 2220.6
1135480 2224.7
1135490 2224.7
1135500 2225.8
1135510 2223.0
1135520 2220.5
1135530 2220.5
1135540 2218.3
1135550 2215.5
1135560 2215.5
1135570 2212.1
1135580 2208.9
1135590 2208.9
1135600 2207.2
1135610 2201.4
1135620 2201.4
1135630 2205.5
1135640 2200.8
1135650 2200.8
1135660 2198.6
1135670 2195.8
1135680 2195.8
1135690 2191.7
1135700 2186.7
1135710 2186.7
1135720 2181.8
1135730 2178.2
1135740 2178.2
1135750 2176.8
1135760 2172.7
1135770 2166.5
1135780 2166.5
1135790 2160.6
1135800 2154.9
1135810 2154.9
1135820 2150.3
1135830 2146.0
1135840 2146.0
1135850 2142.7
1135860 2139.8
1135870 2139.8
1135880 2136.3
1135890 2133.7
1135900 2133.7
1135910 2132.6
1135920 2130.9
1135930 2130.9
1135940 2128.0
1135950 2123.1
1135960 2123.1
1135970 2117.2
1135980 2113.6
1135990 2109.3
1136000 2120.5
1136010 2114.4
1136020 2107.9
1136030 2107.9
1136040 2103.1
1136050 2098.3
1136060 2098.3
1136070 2093.7
1136080 2087.5
1136090 2087.5
1136100 2081.9
1136110 2076.8
1136120 2076.8
1136130 2072.2
1136140 2068.0
1136150 2068.0
1136160 2063.3
1136170 2058.7
1136180 2058.7
1136190 2054.7
1136200 2051.2
1136210 2051.2
1136220 2047.5
1136230 2044.7
1136240 2040.3
1136250 2040.3
1136260 2035.9
1136270 2031.7
1136280 2031.7
1136290 2026.9
1136300 2021.9
1136310 2021.9
1136320 2015.9
1136330 2009.5
1136340 2009.5
1136350 2003.6
1136360 2002.2
1136370 2002.2
1136380 1996.3
1136390 1991.8
1136400 1991.8
1136410 1988.4
1136420 1986.6
1136430 1986.6
1136440 1986.0
1136450 1984.4
1136460 1982.0
1136470 1982.0
1136480 1979.5
1136490 1977.0
1136500 1977.0
1136510 1973.9
1136520 1968.6
1136530 1968.6
1136540 1962.1
1136550 1955.1
1136560 1955.1
1136570 1948.4
1136580 1940.9
1136590 1940.9
1136600 1932.7
1136610 1925.0
1136620 1925.0
1136630 1917.7
1136640 1910.8
1136650 1910.8
1136660 1904.5
1136670 1899.0
1136680 1899.0
1136690 1894.2
1136700 1891.1
1136710 1887.3
1136720 1887.3
1136730 1882.9
1136740 1876.6
1136750 1876.6
1136760 1873.1
1136770 1869.2
1136780 1869.2
1136790 1864.1
1136800 1860.1
1136810 1860.1
1136820 1856.5
1136830 1853.5
1136840 1853.5
1136850 1843.2
1136860 1833.0
1136870 1833.0
1136880 1827.0
1136890 1816.9
1136900 1816.9
1136910 1809.7
1136920 1802.8
1136930 1797.4
1136940 1797.4
1136950 1793.9
1136960 1791.4
1136970 1791.4
1136980 1789.7
1136990 1787.5
1137000 1787.5
1137010 1783.1
1137020 1777.9
1137030 1777.9
1137040 1773.0
1137050 1769.1
1137060 1769.1
1137070 1765.5
1137080 1762.6
1137090 1764.9
1137100 1763.4
1137110 1758.1
1137120 1758.1
1137130 1752.6
1137140 1752.2
1137150 1752.2
1137160 1754.8
1137170 1754.6
1137180 1752.5
1137190 1752.5
1137200 1750.1
1137210 1748.0
1137220 1748.0
1137230 1745.1
1137240 1743.2
1137250 1743.2
1137260 1741.8
1137270 1738.6
1137280 1738.6
1137290 1734.9
1137300 1736.9
1137310 1736.9
1137320 1740.4
1137330 1742.3
1137340 1742.3
1137350 1743.6
1137360 1747.8
1137370 1747.8
1137380 1749.3
1137390 1750.6
1137400 1754.1
1137410 1754.1
1137420 1760.1
1137430 1765.1
1137440 1765.1
1137450 1770.8
1137460 1772.9
1137470 1772.9
1137480 1781.0
1137490 1787.0
1137500 1787.0
1137510 1792.8
1137520 1797.4
1137530 1797.4
1137540 1803.0
1137550 1808.7
1137560 1808.7
1137570 1814.8
1137580 1821.4
1137590 1821.4
1137600 1830.3
1137610 1837.4
1137620 1837.4
1137630 1842.7
1137640 1847.2
1137650 1853.5
1137660 1853.5
1137670 1860.0
1137680 1864.7
1137690 1864.7
1137700 1868.4
1137710 1871.3
1137720 1871.3
1137730 1872.4
1137740 1873.0
1137750 1873.0
1137760 1873.9
1137770 1875.8
1137780 1875.8
1137790 1879.3
1137800 1881.2
1137810 1881.2
1137820 1881.9
1137830 1882.8
1137840 1882.8
1137850 1882.0
1137860 1881.3
1137870 1881.2
1137880 1881.2
1137890 1882.2
1137900 1882.3
1137910 1882.3
1137920 1879.8
1137930 1879.1
1137940 1879.1
1137950 1878.6
1137960 1876.9
1137970 1876.9
1137980 1874.2
1137990 1870.8
1138000 1870.8
1138010 1865.2
1138020 1856.8
1138030 1856.8
1138040 1848.4
1138050 1843.5
1138060 1843.5
1138070 1840.7
1138080 1837.9
1138090 1834.5
1138100 1834.5
1138110 1831.8
1138120 1830.2
1138130 1830.2
1138140 1828.4
1138150 1826.4
1138160 1826.4
1138170 1823.9
1138180 1821.5
1138190 1818.5
1138200 1818.5
1138210 1826.6
1138220 1826.6
1138230 1833.1
1138240 1835.6
1138250 1835.6
1138260 1837.7
1138270 1839.3
1138280 1839.3
1138290 1838.7
1138300 1836.7
1138310 1836.7
1138320 1834.7
1138330 1834.8
1138340 1836.3
1138350 1836.3
1138360 1837.9
1138370 1838.0
1138380 1838.0
1138390 1837.4
1138400 1836.5
1138410 1836.5
1138420 1836.0
1138430 1836.3
1138440 1836.3
1138450 1835.4
1138460 1833.4
1138470 1833.4
1138480 1831.8
1138490 1828.2
1138500 1828.2
1138510 1822.7
1138520 1817.5
1138530 1817.5
1138540 1813.7
1138550 1808.5
1138560 1803.8
1138570 1803.8
1138580 1797.1
1138590 1786.8
1138600 1786.8
1138610 1777.6
1138620 1772.4
1138630 1772.4
1138640 1768.9
1138650 1767.7
1138660 1767.7
1138670 1767.1
1138680 1763.9
1138690 1763.9
1138700 1759.9
1138710 1756.2
1138720 1756.2
1138730 1752.6
1138740 1747.8
1138750 1747.8
1138760 1740.8
1138770 1731.8
1138780 1731.8
1138790 1722.6
1138800 1714.6
1138810 1707.6
1138820 1707.6
1138830 1701.7
1138840 1697.0
1138850 1697.0
1138860 1692.5
1138870 1687.2
1138880 1687.2
1138890 1682.1
1138900 1677.5
1138910 1677.5
1138920 1670.0
1138930 1665.5
1138940 1665.5
1138950 1661.1
1138960 1656.6
1138970 1656.6
1138980 1652.1
1138990 1647.8
1139000 1647.8
1139010 1642.5
1139020 1638.8
1139030 1636.5
1139040 1636.5
1139050 1634.8
1139060 1632.7
1139070 1632.7
1139080 1630.5
1139090 1628.0
1139100 1628.0
1139110 1624.9
1139120 1622.0
1139130 1622.0
1139140 1619.4
1139150 1616.9
1139160 1616.9
1139170 1614.9
1139180 1612.3
1139190 1612.3
1139200 1609.8
1139210 1608.1
1139220 1608.1
1139230 1606.0
1139240 1603.6
1139250 1603.6
1139260 1600.7
1139270 1597.9
1139280 1595.1
1139290 1593.6
1139300 1590.4
1139310 1587.4
1139320 1587.4
1139330 1585.4
1139340 1582.4
1139350 1582.4
1139360 1579.2
1139370 1575.9
1139380 1575.9
1139390 1572.9
1139400 1570.2
1139410 1570.2
1139420 1567.7
1139430 1564.1
1139440 1564.1
1139450 1558.1
1139460 1552.0
1139470 1552.0
1139480 1548.6
1139490 1549.8
1139500 1548.5
1139510 1548.5
1139520 1546.3
1139530 1544.3
1139540 1544.3
1139550 1542.5
1139560 1538.8
1139570 1538.8
1139580 1533.3
1139590 1531.4
1139600 1531.4
1139610 1530.5
1139620 1529.6
1139630 1529.6
1139640 1528.8
1139650 1527.9
1139660 1524.4
1139670 1522.5
1139680 1521.4
1139690 1521.4
1139700 1521.7
1139710 1521.1
1139720 1521.1
1139730 1521.1
1139740 1520.3
1139750 1518.9
1139760 1518.9
1139770 1518.0
1139780 1516.1
1139790 1516.1
1139800 1512.9
1139810 1509.8
1139820 1509.8
1139830 1507.3
1139840 1505.4
1139850 1505.4
1139860 1504.1
1139870 1502.9
1139880 1502.9
1139890 1500.9
1139900 1498.7
1139910 1498.7
1139920 1496.7
1139930 1495.1
1139940 1495.1
1139950 1492.9
1139960 1490.8
1139970 1488.3
1139980 1488.3
1139990 1485.9
