1120000 1105.7
1120010 1105.7
1120020 1111.3
1120030 1117.1
1120040 1117.1
1120050 1124.2
1120060 1132.5
1120070 1132.5
1120080 1141.6
1120090 1148.0
1120100 1148.0
1120110 1148.6
1120120 1149.6
1120130 1149.6
1120140 1151.4
1120150 1153.1
1120160 1153.1
1120170 1154.5
1120180 1156.0
1120190 1156.0
1120200 1157.6
1120210 1159.1
1120220 1159.1
1120230 1162.2
1120240 1166.7
1120250 1174.0
1120260 1174.0
1120270 1180.5
1120280 1187.0
1120290 1187.0
1120300 1191.4
1120310 1193.5
1120320 1193.5
1120330 1196.0
1120340 1203.3
1120350 1203.3
1120360 1206.5
1120370 1210.4
1120380 1210.4
1120390 1214.7
1120400 1218.4
1120410 1218.4
1120420 1222.4
1120430 1226.6
1120440 1226.6
1120450 1230.3
1120460 1232.9
1120470 1234.9
1120480 1234.9
1120490 1236.1
1120500 1237.5
1120510 1237.5
1120520 1238.8
1120530 1238.5
1120540 1238.5
1120550 1238.2
1120560 1238.2
1120570 1238.2
1120580 1238.2
1120590 1237.9
1120600 1237.9
1120610 1237.5
1120620 1237.3
1120630 1237.3
1120640 1238.0
1120650 1238.9
1120660 1238.9
1120670 1239.3
1120680 1238.9
1120690 1245.2
1120700 1245.9
1120710 1247.5
1120720 1247.8
1120730 1247.8
1120740 1249.5
1120750 1252.8
1120760 1252.8
1120770 1256.1
1120780 1258.1
1120790 1258.1
1120800 1259.3
1120810 1260.0
1120820 1260.0
1120830 1259.9
1120840 1261.3
1120850 1261.3
1120860 1264.9
1120870 1266.4
1120880 1266.4
1120890 1266.4
1120900 1265.8
1120910 1265.8
1120920 1264.3
1120930 1262.2
1120940 1262.2
1120950 1260.4
1120960 1258.1
1120970 1257.4
1120980 1257.4
1120990 1257.8
1121000 1257.7
1121010 1257.7
1121020 1257.2
1121030 1255.7
1121040 1259.2
1121050 1258.5
1121060 1258.2
1121070 1258.2
1121080 1257.7
1121090 1257.1
1121100 1257.1
1121110 1256.5
1121120 1255.9
1121130 1255.9
1121140 1256.7
1121150 1258.7
1121160 1258.7
1121170 1260.4
1121180 1261.3
1121190 1262.0
1121200 1262.0
1121210 1261.7
1121220 1262.9
1121230 1262.9
1121240 1265.1
1121250 1266.5
1121260 1266.5
1121270 1267.2
1121280 1267.7
1121290 1267.7
1121300 1266.3
1121310 1266.4
1121320 1266.4
1121330 1265.1
1121340 1262.2
1121350 1262.2
1121360 1260.3
1121370 1259.6
1121380 1259.6
1121390 1269.5
1121400 1271.0
1121410 1271.0
1121420 1270.9
1121430 1270.4
1121440 1270.2
1121450 1270.2
1121460 1270.5
1121470 1269.7
1121480 1269.7
1121490 1271.0
1121500 1273.3
1121510 1273.3
1121520 1273.6
1121530 1274.7
1121540 1274.7
1121550 1275.3
1121560 1275.2
1121570 1275.2
1121580 1275.6
1121590 1277.3
1121600 1277.3
1121610 1278.0
1121620 1277.2
1121630 1277.2
1121640 1281.7
1121650 1286.8
1121660 1287.8
1121670 1287.8
1121680 1287.7
1121690 1287.0
1121700 1287.0
1121710 1287.1
1121720 1290.5
1121730 1291.3
1121740 1296.0
1121750 1300.1
1121760 1300.1
1121770 1299.9
1121780 1298.0
1121790 1298.0
1121800 1296.2
1121810 1297.3
1121820 1297.3
1121830 1298.0
1121840 1298.7
1121850 1298.7
1121860 1296.5
1121870 1292.6
1121880 1292.6
1121890 1289.8
1121900 1285.6
1121910 1280.2
1121920 1280.2
1121930 1276.1
1121940 1273.9
1121950 1273.9
1121960 1272.3
1121970 1271.8
1121980 1271.8
1121990 1271.2
1122000 1268.6
1122010 1268.6
1122020 1266.2
1122030 1264.0
1122040 1264.0
1122050 1263.2
1122060 1264.5
1122070 1264.5
1122080 1274.1
1122090 1276.7
1122100 1276.7
1122110 1278.3
1122120 1278.9
1122130 1279.1
1122140 1279.1
1122150 1279.5
1122160 1281.3
1122170 1281.3
1122180 1283.1
1122190 1285.2
1122200 1285.2
1122210 1287.6
1122220 1289.4
1122230 1289.4
1122240 1290.3
1122250 1290.6
1122260 1290.6
1122270 1290.4
1122280 1291.8
1122290 1291.8
1122300 1290.2
1122310 1288.2
1122320 1288.2
1122330 1286.0
1122340 1283.8
1122350 1283.8
1122360 1279.9
1122370 1279.5
1122380 1279.2
1122390 1279.2
1122400 1280.9
1122410 1282.4
1122420 1282.4
1122430 1294.1
1122440 1295.2
1122450 1295.2
1122460 1303.1
1122470 1311.8
1122480 1311.8
1122490 1313.4
1122500 1313.8
1122510 1313.8
1122520 1314.7
1122530 1316.3
1122540 1316.3
1122550 1317.2
1122560 1318.5
1122570 1318.5
1122580 1319.6
1122590 1320.8
1122600 1321.5
1122610 1321.5
1122620 1321.9
1122630 1322.4
1122640 1322.4
1122650 1324.2
1122660 1325.5
1122670 1325.5
1122680 1325.7
1122690 1324.7
1122700 1324.7
1122710 1323.6
1122720 1323.7
1122730 1323.7
1122740 1323.8
1122750 1323.8
1122760 1323.8
1122770 1325.5
1122780 1326.6
1122790 1327.9
1122800 1329.9
1122810 1331.5
1122820 1331.5
1122830 1332.5
1122840 1332.7
1122850 1331.6
1122860 1331.6
1122870 1328.4
1122880 1326.9
1122890 1326.9
1122900 1327.9
1122910 1328.8
1122920 1328.8
1122930 1329.5
1122940 1330.5
1122950 1330.5
1122960 1330.5
1122970 1331.0
1122980 1331.0
1122990 1332.4
1123000 1333.5
1123010 1333.5
1123020 1333.9
1123030 1334.0
1123040 1334.0
1123050 1334.0
1123060 1334.0
1123070 1333.7
1123080 1333.7
1123090 1334.5
1123100 1335.6
1123110 1335.6
1123120 1336.6
1123130 1337.2
1123140 1338.5
1123150 1338.8
1123160 1339.4
1123170 1339.4
1123180 1340.1
1123190 1341.1
1123200 1341.1
1123210 1342.1
1123220 1342.7
1123230 1342.7
1123240 1343.1
1123250 1344.4
1123260 1344.4
1123270 1346.2
1123280 1348.1
1123290 1348.1
1123300 1349.6
1123310 1350.5
1123320 1350.0
1123330 1350.0
1123340 1349.5
1123350 1348.9
1123360 1348.9
1123370 1348.6
1123380 1349.2
1123390 1349.2
1123400 1349.1
1123410 1348.6
1123420 1348.6
1123430 1347.6
1123440 1346.6
1123450 1346.6
1123460 1345.5
1123470 1344.2
1123480 1344.2
1123490 1348.0
1123500 1347.1
1123510 1347.1
1123520 1346.0
1123530 1344.6
1123540 1343.5
1123550 1343.5
1123560 1342.7
1123570 1341.7
1123580 1341.7
1123590 1341.0
1123600 1340.3
1123610 1340.3
1123620 1339.1
1123630 1337.6
1123640 1337.6
1123650 1336.0
1123660 1333.2
1123670 1333.2
1123680 1329.9
1123690 1326.4
1123700 1326.4
1123710 1323.0
1123720 1319.0
1123730 1319.0
1123740 1316.1
1123750 1311.4
1123760 1311.4
1123770 1306.6
1123780 1302.0
1123790 1296.9
1123800 1296.9
1123810 1292.8
1123820 1290.1
1123830 1290.1
1123840 1287.5
1123850 1285.9
1123860 1285.9
1123870 1283.4
1123880 1279.6
1123890 1279.6
1123900 1276.1
1123910 1272.6
1123920 1272.6
1123930 1269.1
1123940 1266.1
1123950 1266.1
1123960 1263.0
1123970 1259.6
1123980 1259.6
1123990 1255.6
1124000 1252.2
1124010 1249.3
1124020 1249.3
1124030 1249.3
1124040 1248.2
1124050 1248.2
1124060 1247.0
1124070 1246.1
1124080 1246.1
1124090 1244.6
1124100 1243.1
1124110 1243.1
1124120 1242.6
1124130 1242.2
1124140 1242.2
1124150 1243.3
1124160 1245.7
1124170 1245.7
1124180 1241.3
1124190 1242.2
1124200 1242.2
1124210 1238.2
1124220 1228.1
1124230 1228.1
1124240 1215.2
1124250 1206.9
1124260 1207.0
1124270 1207.0
1124280 1209.1
1124290 1214.8
1124300 1214.8
1124310 1220.2
1124320 1225.7
1124330 1225.7
1124340 1235.5
1124350 1248.8
1124360 1248.8
1124370 1253.0
1124380 1257.0
1124390 1257.0
1124400 1258.6
1124410 1260.4
1124420 1260.4
1124430 1264.0
1124440 1266.4
1124450 1266.4
1124460 1269.6
1124470 1273.1
1124480 1275.3
1124490 1275.3
1124500 1278.7
1124510 1281.7
1124520 1281.7
1124530 1284.5
1124540 1284.3
1124550 1284.3
1124560 1286.8
1124570 1289.5
1124580 1289.5
1124590 1291.6
1124600 1294.7
1124610 1294.7
1124620 1299.9
1124630 1305.3
1124640 1305.3
1124650 1309.7
1124660 1313.2
1124670 1313.2
1124680 1315.8
1124690 1318.3
1124700 1318.3
1124710 1320.8
1124720 1324.4
1124730 1328.1
1124740 1328.1
1124750 1330.1
1124760 1331.0
1124770 1331.0
1124780 1334.1
1124790 1337.9
1124800 1337.9
1124810 1342.6
1124820 1345.9
1124830 1345.9
1124840 1351.0
1124850 1355.0
1124860 1355.0
1124870 1358.4
1124880 1360.9
1124890 1360.9
1124900 1369.1
1124910 1372.3
1124920 1372.3
1124930 1376.6
1124940 1381.0
1124950 1383.7
1124960 1383.7
1124970 1386.3
1124980 1389.0
1124990 1389.0
1125000 1392.2
1125010 1395.4
1125020 1395.4
1125030 1398.2
1125040 1400.2
1125050 1400.2
1125060 1403.0
1125070 1405.8
1125080 1405.8
1125090 1407.9
1125100 1409.2
1125110 1409.2
1125120 1410.3
1125130 1411.1
1125140 1411.1
1125150 1411.6
1125160 1411.5
1125170 1411.5
1125180 1410.2
1125190 1408.9
1125200 1406.3
1125210 1406.3
1125220 1402.2
1125230 1403.1
1125240 1403.1
1125250 1413.9
1125260 1415.7
1125270 1415.7
1125280 1417.2
1125290 1418.6
1125300 1418.6
1125310 1420.1
1125320 1421.2
1125330 1421.2
1125340 1421.9
1125350 1422.4
1125360 1422.4
1125370 1423.7
1125380 1424.5
1125390 1424.5
1125400 1425.8
1125410 1429.1
1125420 1429.1
1125430 1433.4
1125440 1436.6
1125450 1435.1
1125460 1435.1
1125470 1426.7
1125480 1420.2
1125490 1420.2
1125500 1415.9
1125510 1414.1
1125520 1414.1
1125530 1413.9
1125540 1412.5
1125550 1412.5
1125560 1411.7
1125570 1412.6
1125580 1412.6
1125590 1413.4
1125600 1417.2
1125610 1417.2
1125620 1416.6
1125630 1416.8
1125640 1416.8
1125650 1417.5
1125660 1417.6
1125670 1417.5
1125680 1417.5
1125690 1416.0
1125700 1415.3
1125710 1415.3
1125720 1415.5
1125730 1416.0
1125740 1416.0
1125750 1417.2
1125760 1419.8
1125770 1419.8
1125780 1422.5
1125790 1427.0
1125800 1427.0
1125810 1429.9
1125820 1431.2
1125830 1431.2
1125840 1433.1
1125850 1433.9
1125860 1433.9
1125870 1433.7
1125880 1434.2
1125890 1434.2
1125900 1433.5
1125910 1432.5
1125920 1430.0
1125930 1430.0
1125940 1429.1
1125950 1430.6
1125960 1442.8
1125970 1442.8
1125980 1444.4
1125990 1444.4
1126000 1446.5
1126010 1449.5
1126020 1449.5
1126030 1452.5
1126040 1455.5
1126050 1455.5
1126060 1459.7
1126070 1464.4
1126080 1464.4
1126090 1469.0
1126100 1473.9
1126110 1473.9
1126120 1479.6
1126130 1486.1
1126140 1492.2
1126150 1492.2
1126160 1498.8
1126170 1504.4
1126180 1504.4
1126190 1507.3
1126200 1509.2
1126210 1509.2
1126220 1510.1
1126230 1510.9
1126240 1510.9
1126250 1510.6
1126260 1511.0
1126270 1511.0
1126280 1512.5
1126290 1515.0
1126300 1515.0
1126310 1514.4
1126320 1517.4
1126330 1517.4
1126340 1517.5
1126350 1514.5
1126360 1514.5
1126370 1511.6
1126380 1509.8
1126390 1508.1
1126400 1508.1
1126410 1507.0
1126420 1506.3
1126430 1506.3
1126440 1503.2
1126450 1500.6
1126460 1500.6
1126470 1500.6
1126480 1501.5
1126490 1501.5
1126500 1503.0
1126510 1503.1
1126520 1503.1
1126530 1501.5
1126540 1499.9
1126550 1499.9
1126560 1498.6
1126570 1496.9
1126580 1496.9
1126590 1494.6
1126600 1492.3
1126610 1487.8
1126620 1487.8
1126630 1483.0
1126640 1481.7
1126650 1481.7
1126660 1480.2
1126670 1486.4
1126680 1486.4
1126690 1484.5
1126700 1483.8
1126710 1483.8
1126720 1483.7
1126730 1483.3
1126740 1483.3
1126750 1481.5
1126760 1479.1
1126770 1479.1
1126780 1476.3
1126790 1475.8
1126800 1475.8
1126810 1475.1
1126820 1471.3
1126830 1471.3
1126840 1464.7
1126850 1458.7
1126860 1455.7
1126870 1455.7
1126880 1454.4
1126890 1451.6
1126900 1451.6
1126910 1442.8
1126920 1433.0
1126930 1433.0
1126940 1423.7
1126950 1425.6
1126960 1425.6
1126970 1437.2
1126980 1446.3
1126990 1446.3
1127000 1451.1
1127010 1453.7
1127020 1454.6
1127030 1456.5
1127040 1457.7
1127050 1457.7
1127060 1460.5
1127070 1464.3
1127080 1468.0
1127090 1468.0
1127100 1473.8
1127110 1480.3
1127120 1480.3
1127130 1484.1
1127140 1487.3
1127150 1487.3
1127160 1493.1
1127170 1498.8
1127180 1498.8
1127190 1503.4
1127200 1505.9
1127210 1505.9
1127220 1507.6
1127230 1508.4
1127240 1508.4
1127250 1508.6
1127260 1509.4
1127270 1509.4
1127280 1510.9
1127290 1511.9
1127300 1511.9
1127310 1515.2
1127320 1518.6
1127330 1522.5
1127340 1522.5
1127350 1526.6
1127360 1530.4
1127370 1530.4
1127380 1537.5
1127390 1541.3
1127400 1541.3
1127410 1545.3
1127420 1548.4
1127430 1548.4
1127440 1550.8
1127450 1553.1
1127460 1553.1
1127470 1555.7
1127480 1558.4
1127490 1558.4
1127500 1562.1
1127510 1568.0
1127520 1568.0
1127530 1574.0
1127540 1577.6
1127550 1580.4
1127560 1580.4
1127570 1583.6
1127580 1586.7
1127590 1586.7
1127600 1590.0
1127610 1593.4
1127620 1593.4
1127630 1599.0
1127640 1602.3
1127650 1602.3
1127660 1604.1
1127670 1607.0
1127680 1607.0
1127690 1609.4
1127700 1611.5
1127710 1611.5
1127720 1613.8
1127730 1618.6
1127740 1618.6
1127750 1620.3
1127760 1623.1
1127770 1623.1
1127780 1626.2
1127790 1629.6
1127800 1633.8
1127810 1633.8
1127820 1638.5
1127830 1643.9
1127840 1643.9
1127850 1649.0
1127860 1651.8
1127870 1651.8
1127880 1656.2
1127890 1659.9
1127900 1659.9
1127910 1662.2
1127920 1664.4
1127930 1664.4
1127940 1667.4
1127950 1670.8
1127960 1670.8
1127970 1674.3
1127980 1677.4
1127990 1677.4
1128000 1680.4
1128010 1684.2
1128020 1688.4
1128030 1688.4
1128040 1691.4
1128050 1695.3
1128060 1695.3
1128070 1698.6
1128080 1701.0
1128090 1704.8
1128100 1707.3
1128110 1711.2
1128120 1711.2
1128130 1714.4
1128140 1715.3
1128150 1715.3
1128160 1716.7
1128170 1718.5
1128180 1718.5
1128190 1721.3
1128200 1724.0
1128210 1724.0
1128220 1726.0
1128230 1728.4
1128240 1728.4
1128250 1730.8
1128260 1734.3
1128270 1737.2
1128280 1737.2
1128290 1737.9
1128300 1741.0
1128310 1741.0
1128320 1743.5
1128330 1745.0
1128340 1745.0
1128350 1745.9
1128360 1743.1
1128370 1743.1
1128380 1734.8
1128390 1726.6
1128400 1726.6
1128410 1721.3
1128420 1724.3
1128430 1724.3
1128440 1724.7
1128450 1729.3
1128460 1729.3
1128470 1724.5
1128480 1722.6
1128490 1729.2
1128500 1729.2
1128510 1738.3
1128520 1749.2
1128530 1749.2
1128540 1752.1
1128550 1751.2
1128560 1751.2
1128570 1754.7
1128580 1757.9
1128590 1757.9
1128600 1756.5
1128610 1758.0
1128620 1758.0
1128630 1761.7
1128640 1768.2
1128650 1768.2
1128660 1776.1
1128670 1782.7
1128680 1782.7
1128690 1789.3
1128700 1794.9
1128710 1794.9
1128720 1801.3
1128730 1805.7
1128740 1807.4
1128750 1807.4
1128760 1807.7
1128770 1808.8
1128780 1808.8
1128790 1810.3
1128800 1812.9
1128810 1812.9
1128820 1814.0
1128830 1815.8
1128840 1815.8
1128850 1816.3
1128860 1816.6
1128870 1816.6
1128880 1816.1
1128890 1816.4
1128900 1816.4
1128910 1818.1
1128920 1819.8
1128930 1819.8
1128940 1820.5
1128950 1820.9
1128960 1820.8
1128970 1820.8
1128980 1820.2
1128990 1820.0
1129000 1820.0
1129010 1821.2
1129020 1823.1
1129030 1823.1
1129040 1825.5
1129050 1827.8
1129060 1827.8
1129070 1828.1
1129080 1829.1
1129090 1829.1
1129100 1829.7
1129110 1827.7
1129120 1827.7
1129130 1829.5
1129140 1831.0
1129150 1831.0
1129160 1837.3
1129170 1837.1
1129180 1837.1
1129190 1837.2
1129200 1835.5
1129210 1835.2
1129220 1835.2
1129230 1835.8
1129240 1836.1
1129250 1836.1
1129260 1837.1
1129270 1837.7
1129280 1837.7
1129290 1837.7
1129300 1838.2
1129310 1838.2
1129320 1838.9
1129330 1839.7
1129340 1839.7
1129350 1840.4
1129360 1840.7
1129370 1840.7
1129380 1841.3
1129390 1842.4
1129400 1842.4
1129410 1843.9
1129420 1844.8
1129430 1846.1
1129440 1846.1
1129450 1846.0
1129460 1846.3
1129470 1846.3
1129480 1846.8
1129490 1847.3
1129500 1847.3
1129510 1847.9
1129520 1848.5
1129530 1848.5
1129540 1847.7
1129550 1847.5
1129560 1847.5
1129570 1848.2
1129580 1847.7
1129590 1847.7
1129600 1847.1
1129610 1847.1
1129620 1847.1
1129630 1847.1
1129640 1847.7
1129650 1847.7
1129660 1848.2
1129670 1848.9
1129680 1850.7
1129690 1850.7
1129700 1852.6
1129710 1852.9
1129720 1852.9
1129730 1854.0
1129740 1856.2
1129750 1856.2
1129760 1857.5
1129770 1859.5
1129780 1859.5
1129790 1861.2
1129800 1862.9
1129810 1862.9
1129820 1864.1
1129830 1865.1
1129840 1865.1
1129850 1866.1
1129860 1867.3
1129870 1872.8
1129880 1873.9
1129890 1875.1
1129900 1875.0
1129910 1875.0
1129920 1875.2
1129930 1876.5
1129940 1876.5
1129950 1876.9
1129960 1877.1
1129970 1877.1
1129980 1877.5
1129990 1878.6
1130000 1878.6
1130010 1880.3
1130020 1883.0
1130030 1883.0
1130040 1886.0
1130050 1888.4
1130060 1888.4
1130070 1890.7
1130080 1891.0
1130090 1891.0
1130100 1892.2
1130110 1896.2
1130120 1896.2
1130130 1899.5
1130140 1901.7
1130150 1903.6
1130160 1903.6
1130170 1905.3
1130180 1906.7
1130190 1906.7
1130200 1907.5
1130210 1907.0
1130220 1907.0
1130230 1911.1
1130240 1911.7
1130250 1911.7
1130260 1913.6
1130270 1914.6
1130280 1914.6
1130290 1914.9
1130300 1915.3
1130310 1915.3
1130320 1915.7
1130330 1915.8
1130340 1915.8
1130350 1916.9
1130360 1918.7
1130370 1920.2
1130380 1920.2
1130390 1921.0
1130400 1921.5
1130410 1921.5
1130420 1921.7
1130430 1922.2
1130440 1922.2
1130450 1922.4
1130460 1922.7
1130470 1922.7
1130480 1923.7
1130490 1925.2
1130500 1925.2
1130510 1927.2
1130520 1927.8
1130530 1927.8
1130540 1927.5
1130550 1927.5
1130560 1927.5
1130570 1928.6
1130580 1929.5
1130590 1938.1
1130600 1937.8
1130610 1938.2
1130620 1937.6
1130630 1937.6
1130640 1936.4
1130650 1937.7
1130660 1937.7
1130670 1938.4
1130680 1938.9
1130690 1938.9
1130700 1936.2
1130710 1935.0
1130720 1935.0
1130730 1934.8
1130740 1935.8
1130750 1935.8
1130760 1936.8
1130770 1936.6
1130780 1936.6
1130790 1937.3
1130800 1938.3
1130810 1938.3
1130820 1939.2
1130830 1939.5
1130840 1939.7
1130850 1939.7
1130860 1939.7
1130870 1940.5
1130880 1940.5
1130890 1940.5
1130900 1938.4
1130910 1938.4
1130920 1939.0
1130930 1942.5
1130940 1942.5
1130950 1947.8
1130960 1950.0
1130970 1950.0
1130980 1950.5
1130990 1951.5
1131000 1951.5
1131010 1951.4
1131020 1952.0
1131030 1952.0
1131040 1953.8
1131050 1954.9
1131060 1954.9
1131070 1955.6
1131080 1957.0
1131090 1960.0
1131100 1960.0
1131110 1962.5
1131120 1964.2
1131130 1964.2
1131140 1965.8
1131150 1967.9
1131160 1967.9
1131170 1969.4
1131180 1968.9
1131190 1968.9
1131200 1972.1
1131210 1973.9
1131220 1973.9
1131230 1974.9
1131240 1974.6
1131250 1974.6
1131260 1973.5
1131270 1972.2
1131280 1972.2
1131290 1975.5
1131300 1976.5
1131310 1984.3
1131320 1984.3
1131330 1986.7
1131340 1988.1
1131350 1988.1
1131360 1988.8
1131370 1987.8
1131380 1987.8
1131390 1986.2
1131400 1985.4
1131410 1985.4
1131420 1984.1
1131430 1980.5
1131440 1980.5
1131450 1976.7
1131460 1977.7
1131470 1977.7
1131480 1981.7
1131490 1983.3
1131500 1983.3
1131510 1984.6
1131520 1984.7
1131530 1984.7
1131540 1984.1
1131550 1982.8
1131560 1981.3
1131570 1981.3
1131580 1980.7
1131590 1977.4
1131600 1977.4
1131610 1976.5
1131620 1976.6
1131630 1976.6
1131640 1976.5
1131650 1977.7
1131660 1977.7
1131670 1984.8
1131680 1987.3
1131690 1987.3
1131700 1989.3
1131710 1990.4
1131720 1990.4
1131730 1991.2
1131740 1991.5
1131750 1991.5
1131760 1991.9
1131770 1992.0
1131780 1993.0
1131790 1993.0
1131800 1994.0
1131810 1995.7
1131820 1995.7
1131830 1997.1
1131840 2000.2
1131850 2000.2
1131860 2002.2
1131870 2003.8
1131880 2003.8
1131890 2004.6
1131900 2004.1
1131910 2004.1
1131920 2003.8
1131930 2004.3
1131940 2004.3
1131950 2005.1
1131960 2003.9
1131970 2003.9
1131980 2002.2
1131990 2004.2
1132000 2004.2
1132010 2002.7
1132020 2004.5
1132030 2010.4
1132040 2010.4
1132050 2012.0
1132060 2013.0
1132070 2013.0
1132080 2013.5
1132090 2013.6
1132100 2013.6
1132110 2013.2
1132120 2012.2
1132130 2012.2
1132140 2011.4
1132150 2011.3
1132160 2011.3
1132170 2011.4
1132180 2011.1
1132190 2011.1
1132200 2009.7
1132210 2009.4
1132220 2009.4
1132230 2008.9
1132240 2008.9
1132250 2008.3
1132260 2008.3
1132270 2006.5
1132280 2004.4
1132290 2004.4
1132300 2001.7
1132310 1999.5
1132320 1999.5
1132330 1999.5
1132340 1999.5
1132350 1999.5
1132360 1999.8
1132370 2000.2
1132380 2000.2
1132390 2005.4
1132400 2009.7
1132410 2009.7
1132420 2013.2
1132430 2015.5
1132440 2015.5
1132450 2016.3
1132460 2018.6
1132470 2018.6
1132480 2022.5
1132490 2026.1
1132500 2028.0
1132510 2028.0
1132520 2028.8
1132530 2028.4
1132540 2028.4
1132550 2026.9
1132560 2025.9
1132570 2025.9
1132580 2024.7
1132590 2028.4
1132600 2028.4
1132610 2032.2
1132620 2035.3
1132630 2035.3
1132640 2038.8
1132650 2039.4
1132660 2039.4
1132670 2038.8
1132680 2041.5
1132690 2041.5
1132700 2045.4
1132710 2043.5
1132720 2043.5
1132730 2044.4
1132740 2049.0
1132750 2056.2
1132760 2056.2
1132770 2061.5
1132780 2072.9
1132790 2072.9
1132800 2077.5
1132810 2081.0
1132820 2081.0
1132830 2083.0
1132840 2085.1
1132850 2085.1
1132860 2086.6
1132870 2087.2
1132880 2087.2
1132890 2088.4
1132900 2086.7
1132910 2086.7
1132920 2085.3
1132930 2083.9
1132940 2083.9
1132950 2082.9
1132960 2083.2
1132970 2084.4
1132980 2084.4
1132990 2082.5
1133000 2083.5
1133010 2083.5
1133020 2084.5
1133030 2078.0
1133040 2078.0
1133050 2069.9
1133060 2063.2
1133070 2063.2
1133080 2059.0
1133090 2057.9
1133100 2057.9
1133110 2065.8
1133120 2064.1
1133130 2064.1
1133140 2065.0
1133150 2066.5
1133160 2066.5
1133170 2067.9
1133180 2069.0
1133190 2069.0
1133200 2067.5
1133210 2065.4
1133220 2064.9
1133230 2064.9
1133240 2067.2
1133250 2068.2
1133260 2068.2
1133270 2068.8
1133280 2069.5
1133290 2069.5
1133300 2071.3
1133310 2072.5
1133320 2072.5
1133330 2072.9
1133340 2072.9
1133350 2072.9
1133360 2072.3
1133370 2072.5
1133380 2072.5
1133390 2073.4
1133400 2073.7
1133410 2073.7
1133420 2074.3
1133430 2075.9
1133440 2076.3
1133450 2076.3
1133460 2075.6
1133470 2081.5
1133480 2081.5
1133490 2081.2
1133500 2079.4
1133510 2079.4
1133520 2078.0
1133530 2078.0
1133540 2078.0
1133550 2078.2
1133560 2077.2
1133570 2077.2
1133580 2077.0
1133590 2078.3
1133600 2078.3
1133610 2079.1
1133620 2079.5
1133630 2079.5
1133640 2079.2
1133650 2078.6
1133660 2078.6
1133670 2077.7
1133680 2077.9
1133690 2079.4
1133700 2079.4
1133710 2080.4
1133720 2079.9
1133730 2079.9
1133740 2075.0
1133750 2071.1
1133760 2071.1
1133770 2070.7
1133780 2070.8
1133790 2070.8
1133800 2071.1
1133810 2071.5
1133820 2071.5
1133830 2075.3
1133840 2074.7
1133850 2074.7
1133860 2073.2
1133870 2071.5
1133880 2071.5
1133890 2070.1
1133900 2069.4
1133910 2067.2
1133920 2067.2
1133930 2064.9
1133940 2065.7
1133950 2065.7
1133960 2066.9
1133970 2067.0
1133980 2067.0
1133990 2066.8
1134000 2067.6
1134010 2067.6
1134020 2066.8
1134030 2066.4
1134040 2066.4
1134050 2067.0
1134060 2067.2
1134070 2067.2
1134080 2067.6
1134090 2068.3
1134100 2068.3
1134110 2069.6
1134120 2069.8
1134130 2069.8
1134140 2070.4
1134150 2071.6
1134160 2073.6
1134170 2073.6
1134180 2075.1
1134190 2076.5
1134200 2081.8
1134210 2083.6
1134220 2085.6
1134230 2085.6
1134240 2087.5
1134250 2088.3
1134260 2088.3
1134270 2086.7
1134280 2085.1
1134290 2085.1
1134300 2084.2
1134310 2084.2
1134320 2084.2
1134330 2084.4
1134340 2084.5
1134350 2084.5
1134360 2085.1
1134370 2086.1
1134380 2086.8
1134390 2086.8
1134400 2087.5
1134410 2088.3
1134420 2088.3
1134430 2089.2
1134440 2089.8
1134450 2089.8
1134460 2090.2
1134470 2091.2
1134480 2091.2
1134490 2092.3
1134500 2093.1
1134510 2093.1
1134520 2093.4
1134530 2093.2
1134540 2093.2
1134550 2092.5
1134560 2099.4
1134570 2099.4
1134580 2102.0
1134590 2101.1
1134600 2101.1
1134610 2099.8
1134620 2100.3
1134630 2101.1
1134640 2101.1
1134650 2101.5
1134660 2101.1
1134670 2101.1
1134680 2101.3
1134690 2101.5
1134700 2101.5
1134710 2101.6
1134720 2101.0
1134730 2101.0
1134740 2096.7
1134750 2093.4
1134760 2093.4
1134770 2090.7
1134780 2088.2
1134790 2088.2
1134800 2085.9
1134810 2083.2
1134820 2083.2
1134830 2078.2
1134840 2071.6
1134850 2066.6
1134860 2066.6
1134870 2062.2
1134880 2055.8
1134890 2055.8
1134900 2049.0
1134910 2044.1
1134920 2051.4
1134930 2045.7
1134940 2039.2
1134950 2039.2
1134960 2033.2
1134970 2028.9
1134980 2028.9
1134990 2025.9
1135000 2022.0
1135010 2022.0
1135020 2017.8
1135030 2013.9
1135040 2013.9
1135050 2009.8
1135060 2006.7
1135070 2006.7
1135080 2004.1
1135090 2001.3
1135100 1997.7
1135110 1997.7
1135120 1994.3
1135130 1991.0
1135140 1991.0
1135150 1988.7
1135160 1987.5
1135170 1987.5
1135180 1987.1
1135190 1985.8
1135200 1985.8
1135210 1983.1
1135220 1980.9
1135230 1980.9
1135240 1978.7
1135250 1976.6
1135260 1976.6
1135270 1974.1
1135280 1972.0
1135290 1976.2
1135300 1975.5
1135310 1975.0
1135320 1975.3
1135330 1975.3
1135340 1975.0
1135350 1973.3
1135360 1973.3
1135370 1970.2
1135380 1967.5
1135390 1967.5
1135400 1964.8
1135410 1962.0
1135420 1962.0
1135430 1959.6
1135440 1957.0
1135450 1957.0
1135460 1954.4
1135470 1951.8
1135480 1951.8
1135490 1949.7
1135500 1948.0
1135510 1948.0
1135520 1946.7
1135530 1945.0
1135540 1945.0
1135550 1942.3
1135560 1939.4
1135570 1937.1
1135580 1937.1
1135590 1934.3
1135600 1931.6
1135610 1931.6
1135620 1929.1
1135630 1927.2
1135640 1927.2
1135650 1926.8
1135660 1925.8
1135670 1925.8
1135680 1925.0
1135690 1924.7
1135700 1924.7
1135710 1924.5
1135720 1924.4
1135730 1924.4
1135740 1924.3
1135750 1924.3
1135760 1924.3
1135770 1924.3
1135780 1924.3
1135790 1924.3
1135800 1924.3
1135810 1924.3
1135820 1924.3
1135830 1924.3
1135840 1924.4
1135850 1924.5
1135860 1924.5
1135870 1924.5
1135880 1924.3
1135890 1924.3
1135900 1924.3
1135910 1924.3
1135920 1924.3
1135930 1924.2
1135940 1924.2
1135950 1924.2
1135960 1924.2
1135970 1924.3
1135980 1924.3
1135990 1925.0
1136000 1925.6
1136010 1924.3
1136020 1925.4
1136030 1925.9
1136040 1925.8
1136050 1925.8
1136060 1926.2
1136070 1926.9
1136080 1926.9
1136090 1927.1
1136100 1926.3
1136110 1926.3
1136120 1925.6
1136130 1925.5
1136140 1925.5
1136150 1925.8
1136160 1925.5
1136170 1925.5
1136180 1925.7
1136190 1927.3
1136200 1927.3
1136210 1931.4
1136220 1932.1
1136230 1932.1
1136240 1930.0
1136250 1928.5
1136260 1926.4
1136270 1926.4
1136280 1925.0
1136290 1920.8
1136300 1920.8
1136310 1915.8
1136320 1910.3
1136330 1910.3
1136340 1905.4
1136350 1901.6
1136360 1901.6
1136370 1896.9
1136380 1896.3
1136390 1896.3
1136400 1891.4
1136410 1886.2
1136420 1886.2
1136430 1881.9
1136440 1877.8
1136450 1877.8
1136460 1871.3
1136470 1865.8
1136480 1865.8
1136490 1862.3
1136500 1857.9
1136510 1852.7
1136520 1852.7
1136530 1847.0
1136540 1842.4
1136550 1842.4
1136560 1837.6
1136570 1834.0
1136580 1834.0
1136590 1830.8
1136600 1826.7
1136610 1826.7
1136620 1821.4
1136630 1817.7
1136640 1817.7
1136650 1816.0
1136660 1813.3
1136670 1813.3
1136680 1808.2
1136690 1802.5
1136700 1802.5
1136710 1796.6
1136720 1793.8
1136730 1792.4
1136740 1792.3
1136750 1790.9
1136760 1790.1
1136770 1790.1
1136780 1790.0
1136790 1790.2
1136800 1790.2
1136810 1789.6
1136820 1788.6
1136830 1788.6
1136840 1787.3
1136850 1785.5
1136860 1785.5
1136870 1784.8
1136880 1782.2
1136890 1782.2
1136900 1778.1
1136910 1774.0
1136920 1774.0
1136930 1768.9
1136940 1765.7
1136950 1765.7
1136960 1763.7
1136970 1762.7
1136980 1762.4
1136990 1762.4
1137000 1760.9
1137010 1761.8
1137020 1761.8
1137030 1762.0
1137040 1766.1
1137050 1766.1
1137060 1767.5
1137070 1767.9
1137080 1767.9
1137090 1767.9
1137100 1768.1
1137110 1769.1
1137120 1769.8
1137130 1770.4
1137140 1770.4
1137150 1770.7
1137160 1770.8
1137170 1770.8
1137180 1771.0
1137190 1771.3
1137200 1772.6
1137210 1772.6
1137220 1774.7
1137230 1775.0
1137240 1775.0
1137250 1775.3
1137260 1776.4
1137270 1776.4
1137280 1778.8
1137290 1782.0
1137300 1782.0
1137310 1784.6
1137320 1787.5
1137330 1787.5
1137340 1790.9
1137350 1794.6
1137360 1794.6
1137370 1798.1
1137380 1801.9
1137390 1801.9
1137400 1806.0
1137410 1809.2
1137420 1809.2
1137430 1812.4
1137440 1815.6
1137450 1818.2
1137460 1818.2
1137470 1823.9
1137480 1824.1
1137490 1824.1
1137500 1825.0
1137510 1826.6
1137520 1826.6
1137530 1828.4
1137540 1831.6
1137550 1831.6
1137560 1834.7
1137570 1837.2
1137580 1837.2
1137590 1839.2
1137600 1840.2
1137610 1840.2
1137620 1841.6
1137630 1843.4
1137640 1843.4
1137650 1845.5
1137660 1847.6
1137670 1850.3
1137680 1850.3
1137690 1852.2
1137700 1853.3
1137710 1853.3
1137720 1853.7
1137730 1853.6
1137740 1853.6
1137750 1852.4
1137760 1850.5
1137770 1850.5
1137780 1848.9
1137790 1847.0
1137800 1847.0
1137810 1846.8
1137820 1845.2
1137830 1845.2
1137840 1844.3
1137850 1842.4
1137860 1842.4
1137870 1845.0
1137880 1847.5
1137890 1847.5
1137900 1850.0
1137910 1852.6
1137920 1854.2
1137930 1854.2
1137940 1858.3
1137950 1862.7
1137960 1862.7
1137970 1865.9
1137980 1870.0
1137990 1870.0
1138000 1874.7
1138010 1879.2
1138020 1879.2
1138030 1883.2
1138040 1886.6
1138050 1886.6
1138060 1890.9
1138070 1894.0
1138080 1894.0
1138090 1896.5
1138100 1898.8
1138110 1898.8
1138120 1900.9
1138130 1903.1
1138140 1905.5
1138150 1905.5
1138160 1908.6
1138170 1911.7
1138180 1911.7
1138190 1914.3
1138200 1916.0
1138210 1916.4
1138220 1918.0
1138230 1920.0
1138240 1920.0
1138250 1921.6
1138260 1923.7
1138270 1923.7
1138280 1925.9
1138290 1927.9
1138300 1927.9
1138310 1929.9
1138320 1932.0
1138330 1932.0
1138340 1934.1
1138350 1935.7
1138360 1935.7
1138370 1937.0
1138380 1937.7
1138390 1937.2
1138400 1937.2
1138410 1936.8
1138420 1936.3
1138430 1936.3
1138440 1935.8
1138450 1935.5
1138460 1935.5
1138470 1935.2
1138480 1935.0
1138490 1935.0
1138500 1934.5
1138510 1933.5
1138520 1933.5
1138530 1933.3
1138540 1934.0
1138550 1934.0
1138560 1934.8
1138570 1931.1
1138580 1931.1
1138590 1930.9
1138600 1930.7
1138610 1930.3
1138620 1930.3
1138630 1929.4
1138640 1927.5
1138650 1927.5
1138660 1924.5
1138670 1920.8
1138680 1920.8
1138690 1917.4
1138700 1913.5
1138710 1913.5
1138720 1909.7
1138730 1906.3
1138740 1906.3
1138750 1902.8
1138760 1900.2
1138770 1900.2
1138780 1897.1
1138790 1893.1
1138800 1893.1
1138810 1884.4
1138820 1874.2
1138830 1874.2
1138840 1867.9
1138850 1860.1
1138860 1852.6
1138870 1852.6
1138880 1844.4
1138890 1837.0
1138900 1837.0
1138910 1831.4
1138920 1825.8
1138930 1825.8
1138940 1811.6
1138950 1797.0
1138960 1797.0
1138970 1784.6
1138980 1781.5
1138990 1781.5
1139000 1783.7
1139010 1786.6
1139020 1786.6
1139030 1789.5
1139040 1790.5
1139050 1790.5
1139060 1794.1
1139070 1799.0
1139080 1804.3
1139090 1804.3
1139100 1805.9
1139110 1807.7
1139120 1807.7
1139130 1808.5
1139140 1805.8
1139150 1805.8
1139160 1802.4
1139170 1798.9
1139180 1798.9
1139190 1795.1
1139200 1791.6
1139210 1791.6
1139220 1788.5
1139230 1785.9
1139240 1785.9
1139250 1782.7
1139260 1778.9
1139270 1778.9
1139280 1775.8
1139290 1772.9
1139300 1772.9
1139310 1765.4
1139320 1761.8
1139330 1758.4
1139340 1758.4
1139350 1754.9
1139360 1751.3
1139370 1751.3
1139380 1747.9
1139390 1745.1
1139400 1745.1
1139410 1742.3
1139420 1738.1
1139430 1738.1
1139440 1734.3
1139450 1729.6
1139460 1729.6
1139470 1725.2
1139480 1722.5
1139490 1722.5
1139500 1720.0
1139510 1717.4
1139520 1717.4
1139530 1715.1
1139540 1711.9
1139550 1708.2
1139560 1708.2
1139570 1703.1
1139580 1698.1
1139590 1698.1
1139600 1694.6
1139610 1692.6
1139620 1692.6
1139630 1692.1
1139640 1690.0
1139650 1690.0
1139660 1687.8
1139670 1685.0
1139680 1677.2
1139690 1673.4
1139700 1668.0
1139710 1668.0
1139720 1662.8
1139730 1658.0
1139740 1658.0
1139750 1656.6
1139760 1657.3
1139770 1657.3
1139780 1654.5
1139790 1653.2
1139800 1651.4
1139810 1651.4
1139820 1647.8
1139830 1644.6
1139840 1644.6
1139850 1640.2
1139860 1635.6
1139870 1635.6
1139880 1629.9
1139890 1626.8
1139900 1626.8
1139910 1625.2
1139920 1623.1
1139930 1623.1
1139940 1619.9
1139950 1616.3
1139960 1616.3
1139970 1613.6
1139980 1611.3
1139990 1611.3
