1120000 1083.0
1120010 1084.8
1120020 1085.6
1120030 1085.6
1120040 1087.4
1120050 1088.3
1120060 1088.3
1120070 1086.2
1120080 1085.3
1120090 1085.3
1120100 1088.6
1120110 1094.3
1120120 1096.7
1120130 1096.7
1120140 1097.5
1120150 1099.3
1120160 1099.3
1120170 1100.8
1120180 1101.8
1120190 1101.8
1120200 1100.8
1120210 1101.6
1120220 1101.6
1120230 1102.1
1120240 1101.9
1120250 1101.9
1120260 1103.0
1120270 1103.7
1120280 1103.7
1120290 1103.1
1120300 1103.0
1120310 1103.0
1120320 1102.9
1120330 1101.6
1120340 1098.3
1120350 1098.3
1120360 1097.0
1120370 1098.0
1120380 1098.0
1120390 1101.0
1120400 1102.9
1120410 1102.9
1120420 1101.2
1120430 1098.4
1120440 1098.4
1120450 1095.8
1120460 1094.3
1120470 1094.3
1120480 1092.0
1120490 1090.1
1120500 1090.1
1120510 1089.3
1120520 1088.6
1120530 1088.6
1120540 1090.5
1120550 1096.0
1120560 1096.0
1120570 1097.1
1120580 1097.7
1120590 1098.2
1120600 1098.2
1120610 1099.1
1120620 1100.1
1120630 1100.1
1120640 1100.5
1120650 1104.6
1120660 1104.6
1120670 1111.3
1120680 1117.9
1120690 1117.9
1120700 1123.9
1120710 1123.2
1120720 1123.2
1120730 1125.7
1120740 1131.3
1120750 1131.3
1120760 1136.2
1120770 1140.5
1120780 1140.5
1120790 1144.6
1120800 1148.4
1120810 1151.4
1120820 1151.4
1120830 1156.8
1120840 1163.9
1120850 1163.9
1120860 1170.8
1120870 1176.4
1120880 1176.4
1120890 1181.9
1120900 1180.4
1120910 1180.4
1120920 1184.4
1120930 1188.8
1120940 1188.8
1120950 1192.3
1120960 1194.8
1120970 1194.8
1120980 1197.2
1120990 1199.1
1121000 1199.1
1121010 1200.2
1121020 1201.4
1121030 1201.4
1121040 1202.3
1121050 1203.6
1121060 1206.4
1121070 1206.4
1121080 1211.7
1121090 1217.1
1121100 1217.1
1121110 1221.8
1121120 1224.7
1121130 1224.7
1121140 1227.2
1121150 1230.0
1121160 1230.0
1121170 1232.4
1121180 1234.4
1121190 1234.4
1121200 1234.2
1121210 1231.1
1121220 1231.1
1121230 1229.9
1121240 1231.7
1121250 1225.5
1121260 1226.4
1121270 1232.1
1121280 1232.1
1121290 1234.2
1121300 1234.6
1121310 1233.1
1121320 1233.1
1121330 1232.0
1121340 1233.5
1121350 1233.5
1121360 1235.8
1121370 1236.3
1121380 1236.3
1121390 1242.3
1121400 1251.9
1121410 1251.9
1121420 1258.3
1121430 1261.3
1121440 1261.3
1121450 1263.8
1121460 1265.1
1121470 1265.1
1121480 1266.2
1121490 1269.0
1121500 1269.0
1121510 1272.0
1121520 1275.3
1121530 1276.1
1121540 1276.1
1121550 1274.8
1121560 1272.9
1121570 1272.9
1121580 1270.7
1121590 1269.1
1121600 1264.2
1121610 1263.8
1121620 1262.9
1121630 1262.9
1121640 1259.6
1121650 1255.0
1121660 1255.0
1121670 1252.5
1121680 1247.4
1121690 1247.4
1121700 1243.6
1121710 1246.0
1121720 1246.0
1121730 1247.0
1121740 1244.1
1121750 1244.1
1121760 1241.4
1121770 1240.7
1121780 1240.9
1121790 1240.9
1121800 1240.2
1121810 1237.7
1121820 1237.7
1121830 1233.3
1121840 1228.1
1121850 1228.1
1121860 1222.8
1121870 1218.8
1121880 1218.8
1121890 1216.6
1121900 1214.9
1121910 1214.9
1121920 1212.8
1121930 1210.8
1121940 1210.8
1121950 1199.5
1121960 1191.1
1121970 1191.1
1121980 1185.5
1121990 1181.4
1122000 1179.3
1122010 1179.3
1122020 1177.9
1122030 1177.4
1122040 1177.4
1122050 1177.0
1122060 1176.0
1122070 1176.0
1122080 1175.5
1122090 1173.3
1122100 1173.3
1122110 1170.6
1122120 1166.5
1122130 1166.5
1122140 1163.4
1122150 1161.3
1122160 1161.3
1122170 1157.5
1122180 1152.9
1122190 1152.9
1122200 1149.3
1122210 1147.6
1122220 1147.6
1122230 1147.7
1122240 1148.2
1122250 1149.8
1122260 1149.8
1122270 1152.5
1122280 1155.5
1122290 1155.5
1122300 1153.4
1122310 1155.6
1122320 1155.6
1122330 1157.9
1122340 1159.6
1122350 1159.6
1122360 1160.4
1122370 1161.2
1122380 1161.2
1122390 1162.6
1122400 1164.1
1122410 1164.1
1122420 1165.3
1122430 1166.0
1122440 1166.0
1122450 1166.8
1122460 1168.7
1122470 1168.7
1122480 1169.3
1122490 1168.3
1122500 1167.0
1122510 1167.0
1122520 1166.1
1122530 1165.5
1122540 1165.5
1122550 1164.3
1122560 1164.1
1122570 1164.1
1122580 1166.0
1122590 1163.2
1122600 1163.2
1122610 1160.7
1122620 1160.0
1122630 1160.0
1122640 1159.8
1122650 1153.6
1122660 1153.6
1122670 1153.8
1122680 1153.7
1122690 1153.7
1122700 1153.2
1122710 1152.0
1122720 1150.7
1122730 1150.7
1122740 1150.7
1122750 1149.7
1122760 1149.7
1122770 1149.1
1122780 1147.9
1122790 1147.9
1122800 1146.3
1122810 1144.7
1122820 1144.7
1122830 1143.7
1122840 1143.2
1122850 1143.2
1122860 1142.4
1122870 1141.1
1122880 1141.1
1122890 1139.1
1122900 1137.5
1122910 1137.5
1122920 1136.2
1122930 1134.9
1122940 1134.9
1122950 1133.4
1122960 1133.0
1122970 1132.4
1122980 1132.4
1122990 1131.0
1123000 1124.3
1123010 1124.3
1123020 1124.6
1123030 1125.6
1123040 1125.6
1123050 1126.9
1123060 1127.7
1123070 1127.7
1123080 1127.9
1123090 1128.3
1123100 1128.3
1123110 1129.4
1123120 1130.3
1123130 1130.3
1123140 1131.6
1123150 1132.6
1123160 1132.6
1123170 1132.6
1123180 1132.3
1123190 1131.8
1123200 1131.8
1123210 1131.6
1123220 1132.3
1123230 1132.3
1123240 1132.9
1123250 1133.7
1123260 1133.7
1123270 1134.9
1123280 1135.8
1123290 1135.8
1123300 1136.9
1123310 1137.7
1123320 1137.7
1123330 1138.5
1123340 1140.6
1123350 1134.5
1123360 1138.4
1123370 1141.0
1123380 1141.0
1123390 1143.9
1123400 1145.8
1123410 1145.8
1123420 1148.3
1123430 1151.9
1123440 1154.8
1123450 1154.8
1123460 1155.6
1123470 1154.9
1123480 1154.9
1123490 1151.8
1123500 1146.2
1123510 1146.2
1123520 1142.2
1123530 1140.7
1123540 1140.7
1123550 1138.2
1123560 1130.0
1123570 1130.0
1123580 1141.1
1123590 1162.4
1123600 1162.4
1123610 1167.3
1123620 1170.0
1123630 1170.0
1123640 1169.3
1123650 1170.4
1123660 1170.4
1123670 1173.4
1123680 1179.3
1123690 1185.2
1123700 1187.3
1123710 1191.5
1123720 1196.4
1123730 1196.4
1123740 1200.9
1123750 1204.5
1123760 1204.5
1123770 1204.4
1123780 1201.1
1123790 1201.1
1123800 1200.9
1123810 1200.4
1123820 1200.4
1123830 1201.4
1123840 1202.1
1123850 1202.1
1123860 1202.0
1123870 1200.3
1123880 1200.3
1123890 1197.0
1123900 1194.5
1123910 1193.2
1123920 1193.2
1123930 1193.6
1123940 1193.7
1123950 1193.7
1123960 1193.7
1123970 1197.0
1123980 1197.0
1123990 1199.6
1124000 1201.3
1124010 1201.3
1124020 1204.7
1124030 1209.1
1124040 1209.1
1124050 1214.3
1124060 1212.2
1124070 1212.2
1124080 1215.4
1124090 1219.2
1124100 1219.2
1124110 1224.0
1124120 1229.7
1124130 1229.7
1124140 1235.4
1124150 1239.6
1124160 1243.5
1124170 1243.5
1124180 1250.1
1124190 1262.4
1124200 1262.4
1124210 1269.6
1124220 1274.0
1124230 1274.0
1124240 1276.2
1124250 1278.2
1124260 1278.2
1124270 1281.0
1124280 1285.6
1124290 1285.6
1124300 1289.0
1124310 1290.4
1124320 1290.4
1124330 1292.3
1124340 1295.3
1124350 1295.3
1124360 1299.2
1124370 1301.8
1124380 1302.4
1124390 1302.4
1124400 1302.9
1124410 1295.7
1124420 1295.7
1124430 1296.0
1124440 1296.0
1124450 1296.0
1124460 1296.9
1124470 1299.0
1124480 1299.0
1124490 1300.5
1124500 1301.5
1124510 1301.5
1124520 1301.4
1124530 1300.9
1124540 1300.9
1124550 1300.3
1124560 1302.7
1124570 1302.7
1124580 1304.3
1124590 1304.2
1124600 1304.2
1124610 1302.0
1124620 1299.9
1124630 1294.8
1124640 1294.8
1124650 1292.1
1124660 1292.7
1124670 1292.7
1124680 1293.6
1124690 1294.3
1124700 1294.3
1124710 1297.4
1124720 1299.8
1124730 1299.8
1124740 1301.3
1124750 1301.9
1124760 1295.1
1124770 1294.9
1124780 1294.4
1124790 1294.4
1124800 1292.5
1124810 1289.6
1124820 1289.6
1124830 1287.4
1124840 1286.5
1124850 1285.7
1124860 1285.7
1124870 1284.0
1124880 1281.3
1124890 1281.3
1124900 1277.9
1124910 1275.4
1124920 1275.4
1124930 1270.2
1124940 1266.9
1124950 1266.9
1124960 1267.3
1124970 1268.6
1124980 1268.6
1124990 1270.0
1125000 1269.8
1125010 1269.8
1125020 1265.7
1125030 1262.4
1125040 1262.4
1125050 1260.0
1125060 1257.2
1125070 1257.2
1125080 1258.9
1125090 1260.6
1125100 1261.1
1125110 1261.1
1125120 1257.1
1125130 1256.4
1125140 1256.4
1125150 1261.1
1125160 1263.1
1125170 1263.1
1125180 1261.7
1125190 1261.8
1125200 1261.8
1125210 1263.6
1125220 1265.2
1125230 1265.2
1125240 1265.6
1125250 1265.7
1125260 1265.7
1125270 1268.7
1125280 1271.3
1125290 1271.3
1125300 1273.0
1125310 1274.4
1125320 1274.4
1125330 1275.2
1125340 1275.7
1125350 1275.2
1125360 1275.2
1125370 1273.8
1125380 1274.3
1125390 1274.3
1125400 1276.3
1125410 1278.0
1125420 1278.0
1125430 1278.8
1125440 1279.0
1125450 1279.0
1125460 1278.2
1125470 1273.3
1125480 1273.3
1125490 1271.8
1125500 1271.2
1125510 1271.2
1125520 1272.2
1125530 1275.8
1125540 1275.8
1125550 1277.6
1125560 1277.1
1125570 1276.1
1125580 1276.1
1125590 1275.8
1125600 1276.9
1125610 1276.9
1125620 1277.1
1125630 1276.4
1125640 1276.4
1125650 1277.9
1125660 1278.0
1125670 1278.0
1125680 1281.1
1125690 1284.5
1125700 1284.5
1125710 1285.9
1125720 1290.1
1125730 1290.1
1125740 1295.1
1125750 1295.1
1125760 1295.1
1125770 1294.8
1125780 1295.6
1125790 1295.6
1125800 1296.6
1125810 1297.3
1125820 1292.0
1125830 1292.0
1125840 1292.8
1125850 1295.8
1125860 1295.8
1125870 1296.4
1125880 1297.5
1125890 1297.5
1125900 1300.9
1125910 1303.3
1125920 1303.3
1125930 1303.2
1125940 1304.5
1125950 1304.5
1125960 1307.9
1125970 1308.2
1125980 1308.2
1125990 1305.5
1126000 1304.2
1126010 1304.2
1126020 1305.0
1126030 1303.3
1126040 1301.5
1126050 1301.5
1126060 1302.6
1126070 1303.8
1126080 1303.8
1126090 1307.1
1126100 1312.1
1126110 1312.1
1126120 1316.0
1126130 1318.9
1126140 1318.9
1126150 1320.0
1126160 1319.8
1126170 1319.8
1126180 1310.3
1126190 1305.7
1126200 1305.7
1126210 1302.4
1126220 1303.2
1126230 1303.2
1126240 1305.9
1126250 1309.1
1126260 1309.1
1126270 1312.1
1126280 1315.0
1126290 1316.0
1126300 1316.0
1126310 1315.0
1126320 1313.3
1126330 1313.3
1126340 1311.5
1126350 1309.7
1126360 1309.7
1126370 1309.1
1126380 1307.3
1126390 1307.3
1126400 1304.7
1126410 1304.1
1126420 1304.1
1126430 1304.3
1126440 1304.4
1126450 1304.4
1126460 1306.0
1126470 1312.3
1126480 1312.3
1126490 1314.2
1126500 1310.2
1126510 1305.5
1126520 1305.5
1126530 1295.5
1126540 1297.8
1126550 1297.8
1126560 1301.0
1126570 1302.1
1126580 1302.1
1126590 1302.7
1126600 1302.4
1126610 1302.4
1126620 1301.4
1126630 1300.4
1126640 1300.4
1126650 1298.1
1126660 1295.5
1126670 1295.5
1126680 1293.0
1126690 1290.5
1126700 1290.5
1126710 1288.3
1126720 1286.9
1126730 1286.9
1126740 1286.6
1126750 1286.3
1126760 1285.8
1126770 1285.8
1126780 1286.8
1126790 1289.8
1126800 1289.8
1126810 1293.0
1126820 1295.6
1126830 1295.6
1126840 1296.3
1126850 1296.7
1126860 1296.7
1126870 1295.8
1126880 1295.9
1126890 1291.9
1126900 1290.8
1126910 1289.1
1126920 1289.1
1126930 1287.7
1126940 1287.1
1126950 1287.1
1126960 1286.2
1126970 1284.8
1126980 1284.8
1126990 1283.8
1127000 1282.0
1127010 1279.5
1127020 1279.5
1127030 1276.6
1127040 1274.1
1127050 1274.1
1127060 1271.4
1127070 1269.8
1127080 1269.8
1127090 1268.0
1127100 1266.4
1127110 1266.4
1127120 1264.9
1127130 1264.3
1127140 1264.3
1127150 1264.1
1127160 1264.0
1127170 1264.0
1127180 1264.3
1127190 1264.6
1127200 1264.6
1127210 1264.8
1127220 1264.7
1127230 1264.9
1127240 1262.4
1127250 1262.9
1127260 1263.7
1127270 1263.7
1127280 1264.9
1127290 1265.3
1127300 1265.3
1127310 1265.9
1127320 1267.0
1127330 1267.0
1127340 1267.7
1127350 1268.3
1127360 1268.3
1127370 1269.2
1127380 1269.9
1127390 1269.9
1127400 1270.2
1127410 1270.8
1127420 1270.8
1127430 1271.8
1127440 1272.8
1127450 1272.8
1127460 1273.7
1127470 1274.4
1127480 1275.1
1127490 1275.1
1127500 1275.7
1127510 1276.4
1127520 1276.4
1127530 1276.9
1127540 1277.5
1127550 1277.5
1127560 1278.3
1127570 1277.9
1127580 1277.9
1127590 1276.9
1127600 1275.3
1127610 1275.3
1127620 1274.8
1127630 1274.5
1127640 1274.5
1127650 1273.8
1127660 1273.8
1127670 1273.8
1127680 1273.5
1127690 1273.2
1127700 1273.7
1127710 1273.7
1127720 1272.8
1127730 1274.8
1127740 1274.8
1127750 1275.0
1127760 1276.1
1127770 1276.1
1127780 1277.7
1127790 1279.3
1127800 1279.3
1127810 1281.3
1127820 1282.9
1127830 1282.9
1127840 1283.3
1127850 1283.7
1127860 1283.7
1127870 1284.6
1127880 1286.2
1127890 1286.2
1127900 1289.0
1127910 1291.4
1127920 1291.4
1127930 1293.3
1127940 1296.0
1127950 1303.5
1127960 1303.5
1127970 1305.2
1127980 1307.8
1127990 1307.8
1128000 1311.2
1128010 1313.5
1128020 1313.5
1128030 1312.8
1128040 1309.5
1128050 1309.5
1128060 1307.7
1128070 1308.2
1128080 1308.2
1128090 1309.1
1128100 1309.6
1128110 1309.6
1128120 1310.2
1128130 1311.1
1128140 1311.1
1128150 1312.4
1128160 1312.3
1128170 1312.3
1128180 1313.3
1128190 1313.3
1128200 1312.1
1128210 1312.1
1128220 1311.4
1128230 1311.5
1128240 1311.5
1128250 1312.5
1128260 1317.8
1128270 1317.8
1128280 1321.1
1128290 1319.5
1128300 1319.5
1128310 1326.1
1128320 1332.6
1128330 1332.6
1128340 1335.9
1128350 1336.2
1128360 1336.2
1128370 1334.1
1128380 1331.7
1128390 1331.7
1128400 1330.9
1128410 1328.9
1128420 1327.4
1128430 1327.4
1128440 1329.1
1128450 1329.8
1128460 1329.8
1128470 1331.5
1128480 1329.2
1128490 1329.2
1128500 1327.4
1128510 1326.1
1128520 1326.1
1128530 1325.7
1128540 1326.8
1128550 1326.8
1128560 1329.6
1128570 1333.0
1128580 1333.0
1128590 1335.7
1128600 1338.1
1128610 1338.1
1128620 1340.0
1128630 1341.6
1128640 1341.6
1128650 1342.7
1128660 1343.9
1128670 1346.9
1128680 1346.9
1128690 1347.1
1128700 1347.4
1128710 1347.4
1128720 1348.1
1128730 1349.2
1128740 1349.2
1128750 1351.3
1128760 1357.4
1128770 1357.4
1128780 1363.3
1128790 1366.1
1128800 1366.1
1128810 1369.8
1128820 1372.3
1128830 1372.3
1128840 1373.9
1128850 1374.8
1128860 1374.8
1128870 1376.1
1128880 1377.7
1128890 1378.5
1128900 1378.5
1128910 1380.9
1128920 1384.0
1128930 1384.0
1128940 1386.9
1128950 1390.9
1128960 1390.9
1128970 1394.2
1128980 1396.4
1128990 1396.4
1129000 1397.7
1129010 1399.7
1129020 1404.4
1129030 1406.8
1129040 1409.7
1129050 1409.7
1129060 1412.5
1129070 1415.2
1129080 1415.2
1129090 1417.5
1129100 1419.2
1129110 1419.2
1129120 1420.4
1129130 1421.6
1129140 1421.8
1129150 1421.8
1129160 1420.7
1129170 1420.3
1129180 1420.3
1129190 1421.0
1129200 1422.0
1129210 1422.0
1129220 1422.2
1129230 1423.2
1129240 1423.2
1129250 1422.6
1129260 1424.7
1129270 1424.7
1129280 1427.4
1129290 1429.5
1129300 1429.5
1129310 1431.6
1129320 1433.8
1129330 1433.8
1129340 1435.6
1129350 1438.4
1129360 1442.3
1129370 1442.3
1129380 1448.7
1129390 1449.4
1129400 1449.4
1129410 1448.1
1129420 1447.3
1129430 1447.3
1129440 1447.6
1129450 1450.0
1129460 1450.0
1129470 1451.1
1129480 1453.0
1129490 1453.0
1129500 1454.5
1129510 1455.2
1129520 1455.2
1129530 1456.0
1129540 1457.1
1129550 1457.1
1129560 1457.9
1129570 1459.0
1129580 1459.0
1129590 1459.7
1129600 1459.8
1129610 1461.1
1129620 1461.1
1129630 1462.4
1129640 1463.7
1129650 1463.7
1129660 1464.3
1129670 1465.5
1129680 1465.5
1129690 1467.4
1129700 1469.0
1129710 1469.0
1129720 1471.3
1129730 1474.3
1129740 1481.2
1129750 1485.0
1129760 1489.8
1129770 1489.8
1129780 1496.0
1129790 1501.8
1129800 1501.8
1129810 1506.5
1129820 1509.3
1129830 1509.3
1129840 1511.7
1129850 1514.2
1129860 1515.9
1129870 1515.9
1129880 1517.4
1129890 1520.5
1129900 1520.5
1129910 1524.1
1129920 1527.6
1129930 1527.6
1129940 1530.1
1129950 1530.6
1129960 1530.6
1129970 1530.5
1129980 1526.2
1129990 1526.2
1130000 1521.7
1130010 1520.2
1130020 1520.2
1130030 1520.6
1130040 1520.2
1130050 1520.2
1130060 1519.4
1130070 1516.0
1130080 1513.1
1130090 1513.1
1130100 1523.8
1130110 1523.2
1130120 1523.2
1130130 1517.5
1130140 1514.2
1130150 1514.2
1130160 1512.3
1130170 1503.5
1130180 1503.5
1130190 1492.5
1130200 1484.5
1130210 1484.5
1130220 1491.6
1130230 1501.8
1130240 1501.8
1130250 1509.6
1130260 1513.0
1130270 1513.0
1130280 1514.1
1130290 1511.0
1130300 1511.0
1130310 1511.7
1130320 1512.5
1130330 1514.2
1130340 1514.2
1130350 1518.5
1130360 1522.1
1130370 1522.1
1130380 1522.1
1130390 1525.3
1130400 1525.3
1130410 1527.0
1130420 1528.9
1130430 1528.9
1130440 1529.6
1130450 1536.2
1130460 1536.2
1130470 1527.8
1130480 1516.8
1130490 1516.8
1130500 1517.3
1130510 1530.9
1130520 1530.9
1130530 1544.8
1130540 1558.9
1130550 1564.2
1130560 1564.2
1130570 1567.2
1130580 1569.1
1130590 1569.1
1130600 1570.8
1130610 1571.8
1130620 1571.8
1130630 1572.4
1130640 1572.9
1130650 1572.9
1130660 1572.9
1130670 1573.0
1130680 1573.0
1130690 1570.5
1130700 1565.6
1130710 1565.6
1130720 1563.7
1130730 1562.1
1130740 1562.1
1130750 1559.7
1130760 1558.1
1130770 1558.1
1130780 1554.5
1130790 1549.5
1130800 1543.8
1130810 1554.1
1130820 1556.4
1130830 1558.9
1130840 1558.9
1130850 1564.3
1130860 1564.5
1130870 1564.5
1130880 1557.7
1130890 1563.6
1130900 1563.6
1130910 1567.4
1130920 1565.4
1130930 1565.4
1130940 1567.2
1130950 1568.3
1130960 1568.3
1130970 1566.3
1130980 1567.5
1130990 1567.5
1131000 1568.5
1131010 1572.3
1131020 1579.0
1131030 1579.0
1131040 1585.4
1131050 1593.9
1131060 1593.9
1131070 1602.4
1131080 1609.6
1131090 1609.6
1131100 1613.9
1131110 1618.0
1131120 1618.0
1131130 1620.2
1131140 1620.4
1131150 1620.4
1131160 1620.3
1131170 1627.9
1131180 1627.9
1131190 1629.5
1131200 1629.6
1131210 1629.6
1131220 1628.8
1131230 1628.9
1131240 1628.9
1131250 1629.5
1131260 1630.3
1131270 1631.9
1131280 1631.9
1131290 1635.2
1131300 1638.7
1131310 1638.7
1131320 1642.3
1131330 1646.4
1131340 1646.4
1131350 1651.7
1131360 1657.5
1131370 1657.5
1131380 1662.5
1131390 1664.4
1131400 1664.4
1131410 1667.7
1131420 1671.3
1131430 1671.3
1131440 1672.4
1131450 1671.6
1131460 1671.6
1131470 1670.8
1131480 1672.3
1131490 1672.3
1131500 1674.0
1131510 1674.8
1131520 1675.0
1131530 1676.3
1131540 1677.5
1131550 1679.4
1131560 1679.4
1131570 1682.3
1131580 1686.8
1131590 1686.8
1131600 1692.3
1131610 1698.0
1131620 1698.0
1131630 1701.9
1131640 1703.8
1131650 1703.8
1131660 1703.8
1131670 1703.1
1131680 1703.1
1131690 1702.6
1131700 1706.3
1131710 1706.3
1131720 1711.2
1131730 1714.6
1131740 1717.6
1131750 1717.6
1131760 1718.1
1131770 1717.3
1131780 1717.3
1131790 1715.5
1131800 1714.7
1131810 1714.7
1131820 1714.5
1131830 1713.8
1131840 1713.8
1131850 1715.7
1131860 1717.9
1131870 1717.9
1131880 1720.5
1131890 1725.5
1131900 1725.5
1131910 1729.6
1131920 1734.4
1131930 1734.4
1131940 1739.9
1131950 1742.7
1131960 1742.7
1131970 1741.3
1131980 1741.5
1131990 1742.0
1132000 1742.0
1132010 1742.1
1132020 1741.2
1132030 1741.2
1132040 1742.1
1132050 1743.6
1132060 1743.6
1132070 1742.3
1132080 1743.7
1132090 1743.7
1132100 1745.0
1132110 1748.4
1132120 1748.4
1132130 1749.6
1132140 1750.4
1132150 1750.4
1132160 1750.9
1132170 1749.9
1132180 1749.9
1132190 1747.8
1132200 1745.8
1132210 1743.9
1132220 1743.9
1132230 1742.8
1132240 1741.4
1132250 1743.4
1132260 1741.9
1132270 1741.4
1132280 1741.4
1132290 1741.9
1132300 1743.7
1132310 1743.7
1132320 1747.2
1132330 1748.8
1132340 1748.8
1132350 1748.9
1132360 1750.5
1132370 1750.5
1132380 1752.5
1132390 1755.3
1132400 1755.3
1132410 1758.9
1132420 1761.0
1132430 1761.0
1132440 1761.4
1132450 1760.9
1132460 1759.9
1132470 1759.9
1132480 1758.6
1132490 1756.6
1132500 1756.6
1132510 1756.2
1132520 1756.7
1132530 1756.7
1132540 1755.4
1132550 1755.0
1132560 1755.0
1132570 1756.0
1132580 1755.2
1132590 1755.2
1132600 1753.0
1132610 1761.9
1132620 1761.9
1132630 1760.2
1132640 1757.4
1132650 1757.4
1132660 1758.2
1132670 1759.9
1132680 1762.4
1132690 1762.4
1132700 1762.7
1132710 1761.5
1132720 1761.5
1132730 1761.8
1132740 1762.2
1132750 1762.2
1132760 1761.0
1132770 1757.5
1132780 1757.5
1132790 1754.9
1132800 1750.8
1132810 1750.8
1132820 1749.2
1132830 1749.1
1132840 1749.1
1132850 1748.9
1132860 1748.5
1132870 1748.5
1132880 1749.9
1132890 1752.2
1132900 1752.2
1132910 1753.9
1132920 1753.3
1132930 1751.3
1132940 1751.3
1132950 1749.5
1132960 1749.0
1132970 1752.9
1132980 1756.8
1132990 1760.4
1133000 1760.4
1133010 1761.9
1133020 1763.0
1133030 1763.0
1133040 1763.2
1133050 1763.4
1133060 1763.4
1133070 1763.0
1133080 1762.0
1133090 1762.0
1133100 1761.8
1133110 1761.5
1133120 1761.5
1133130 1760.8
1133140 1760.4
1133150 1760.4
1133160 1762.4
1133170 1764.5
1133180 1765.3
1133190 1765.3
1133200 1765.3
1133210 1765.2
1133220 1765.2
1133230 1767.6
1133240 1769.1
1133250 1769.1
1133260 1771.3
1133270 1773.0
1133280 1773.0
1133290 1773.0
1133300 1774.3
1133310 1774.3
1133320 1775.8
1133330 1779.6
1133340 1779.6
1133350 1779.8
1133360 1780.2
1133370 1780.2
1133380 1780.1
1133390 1779.4
1133400 1778.4
1133410 1778.4
1133420 1778.0
1133430 1777.2
1133440 1777.2
1133450 1776.0
1133460 1775.0
1133470 1775.0
1133480 1774.3
1133490 1773.5
1133500 1773.5
1133510 1773.8
1133520 1773.7
1133530 1773.7
1133540 1773.3
1133550 1774.5
1133560 1774.5
1133570 1776.6
1133580 1778.7
1133590 1778.7
1133600 1781.4
1133610 1783.8
1133620 1783.8
1133630 1786.0
1133640 1788.8
1133650 1792.1
1133660 1792.1
1133670 1795.0
1133680 1796.8
1133690 1796.8
1133700 1796.4
1133710 1798.6
1133720 1798.6
1133730 1800.1
1133740 1800.8
1133750 1800.8
1133760 1802.0
1133770 1803.2
1133780 1803.2
1133790 1804.0
1133800 1805.2
1133810 1805.2
1133820 1806.5
1133830 1807.0
1133840 1807.0
1133850 1807.8
1133860 1808.9
1133870 1809.0
1133880 1809.0
1133890 1808.0
1133900 1808.2
1133910 1808.2
1133920 1808.1
1133930 1807.7
1133940 1807.7
1133950 1808.0
1133960 1808.3
1133970 1808.3
1133980 1808.6
1133990 1809.2
1134000 1809.2
1134010 1810.1
1134020 1811.0
1134030 1811.0
1134040 1812.0
1134050 1813.0
1134060 1816.0
1134070 1817.1
1134080 1817.6
1134090 1817.6
1134100 1818.7
1134110 1818.8
1134120 1819.2
1134130 1819.2
1134140 1819.7
1134150 1819.5
1134160 1819.5
1134170 1818.8
1134180 1819.1
1134190 1819.1
1134200 1820.1
1134210 1821.2
1134220 1821.2
1134230 1822.9
1134240 1823.7
1134250 1823.7
1134260 1824.2
1134270 1825.5
1134280 1825.5
1134290 1826.8
1134300 1825.7
1134310 1825.7
1134320 1823.7
1134330 1823.6
1134340 1823.5
1134350 1823.5
1134360 1821.4
1134370 1819.6
1134380 1819.6
1134390 1818.1
1134400 1818.5
1134410 1818.5
1134420 1828.0
1134430 1829.8
1134440 1829.8
1134450 1831.5
1134460 1833.4
1134470 1833.4
1134480 1834.8
1134490 1836.5
1134500 1836.5
1134510 1838.2
1134520 1839.9
1134530 1839.9
1134540 1841.2
1134550 1841.0
1134560 1841.0
1134570 1841.1
1134580 1841.5
1134590 1841.8
1134600 1841.8
1134610 1842.5
1134620 1843.8
1134630 1843.8
1134640 1845.5
1134650 1846.1
1134660 1846.1
1134670 1845.7
1134680 1845.9
1134690 1845.9
1134700 1847.7
1134710 1849.6
1134720 1849.6
1134730 1851.7
1134740 1853.3
1134750 1853.3
1134760 1852.2
1134770 1850.6
1134780 1858.5
1134790 1859.6
1134800 1858.9
1134810 1858.9
1134820 1856.3
1134830 1856.1
1134840 1856.7
1134850 1856.7
1134860 1858.0
1134870 1857.0
1134880 1857.0
1134890 1855.5
1134900 1854.4
1134910 1854.4
1134920 1851.0
1134930 1848.4
1134940 1848.4
1134950 1846.6
1134960 1844.4
1134970 1844.4
1134980 1841.8
1134990 1839.9
1135000 1839.9
1135010 1838.0
1135020 1836.0
1135030 1836.0
1135040 1834.5
1135050 1834.9
1135060 1836.3
1135070 1836.3
1135080 1837.6
1135090 1837.8
1135100 1837.8
1135110 1837.3
1135120 1836.7
1135130 1836.7
1135140 1835.8
1135150 1836.6
1135160 1836.6
1135170 1834.3
1135180 1832.5
1135190 1832.5
1135200 1830.9
1135210 1828.5
1135220 1828.5
1135230 1826.6
1135240 1824.3
1135250 1824.3
1135260 1822.6
1135270 1820.9
1135280 1820.9
1135290 1818.2
1135300 1815.5
1135310 1813.0
1135320 1813.0
1135330 1811.2
1135340 1809.1
1135350 1809.1
1135360 1807.9
1135370 1807.6
1135380 1807.6
1135390 1806.5
1135400 1805.5
1135410 1805.5
1135420 1804.6
1135430 1803.4
1135440 1803.4
1135450 1799.6
1135460 1795.3
1135470 1795.3
1135480 1794.1
1135490 1791.5
1135500 1791.5
1135510 1793.8
1135520 1790.1
1135530 1787.0
1135540 1787.0
1135550 1784.6
1135560 1782.3
1135570 1782.3
1135580 1777.6
1135590 1774.4
1135600 1774.4
1135610 1772.3
1135620 1771.2
1135630 1771.2
1135640 1769.7
1135650 1768.1
1135660 1768.1
1135670 1766.8
1135680 1765.6
1135690 1765.6
1135700 1762.7
1135710 1760.1
1135720 1760.1
1135730 1757.1
1135740 1753.9
1135750 1753.9
1135760 1750.4
1135770 1746.8
1135780 1743.4
1135790 1743.4
1135800 1739.7
1135810 1735.4
1135820 1735.4
1135830 1731.5
1135840 1728.8
1135850 1728.8
1135860 1726.6
1135870 1728.6
1135880 1728.6
1135890 1726.9
1135900 1724.4
1135910 1724.4
1135920 1721.7
1135930 1720.5
1135940 1720.5
1135950 1721.4
1135960 1721.6
1135970 1721.6
1135980 1721.8
1135990 1722.3
1136000 1722.9
1136010 1722.9
1136020 1723.6
1136030 1724.4
1136040 1724.4
1136050 1725.3
1136060 1726.3
1136070 1726.3
1136080 1727.2
1136090 1728.3
1136100 1728.3
1136110 1730.8
1136120 1734.1
1136130 1734.1
1136140 1737.5
1136150 1740.1
1136160 1740.1
1136170 1744.5
1136180 1749.8
1136190 1749.8
1136200 1754.3
1136210 1758.7
1136220 1758.7
1136230 1760.1
1136240 1760.7
1136250 1764.4
1136260 1764.4
1136270 1772.7
1136280 1777.9
1136290 1777.9
1136300 1782.2
1136310 1785.5
1136320 1785.5
1136330 1789.5
1136340 1792.5
1136350 1792.5
1136360 1795.3
1136370 1797.3
1136380 1797.3
1136390 1799.9
1136400 1802.3
1136410 1802.3
1136420 1805.0
1136430 1807.5
1136440 1807.5
1136450 1809.9
1136460 1811.6
1136470 1811.6
1136480 1813.3
1136490 1815.1
1136500 1816.5
1136510 1816.5
1136520 1818.1
1136530 1820.4
1136540 1820.4
1136550 1822.9
1136560 1824.7
1136570 1824.7
1136580 1826.6
1136590 1827.9
1136600 1835.5
1136610 1837.4
1136620 1839.1
1136630 1839.1
1136640 1840.0
1136650 1840.0
1136660 1840.0
1136670 1840.4
1136680 1840.9
1136690 1840.9
1136700 1841.6
1136710 1843.1
1136720 1844.0
1136730 1844.0
1136740 1843.6
1136750 1842.4
1136760 1842.4
1136770 1842.6
1136780 1843.7
1136790 1843.7
1136800 1844.6
1136810 1845.6
1136820 1845.6
1136830 1847.5
1136840 1850.0
1136850 1850.0
1136860 1852.4
1136870 1853.7
1136880 1853.7
1136890 1853.9
1136900 1853.4
1136910 1853.4
1136920 1853.6
1136930 1854.2
1136940 1854.2
1136950 1855.2
1136960 1855.3
1136970 1858.7
1136980 1858.7
1136990 1858.1
1137000 1857.9
1137010 1857.9
1137020 1857.6
1137030 1855.5
1137040 1855.5
1137050 1852.4
1137060 1852.2
1137070 1852.2
1137080 1852.7
1137090 1854.1
1137100 1854.1
1137110 1857.3
1137120 1861.8
1137130 1861.8
1137140 1867.8
1137150 1874.0
1137160 1874.0
1137170 1878.9
1137180 1882.8
1137190 1887.3
1137200 1887.3
1137210 1892.5
1137220 1897.1
1137230 1897.1
1137240 1901.6
1137250 1905.5
1137260 1905.5
1137270 1908.8
1137280 1911.2
1137290 1911.2
1137300 1914.1
1137310 1916.6
1137320 1916.6
1137330 1919.7
1137340 1927.1
1137350 1927.1
1137360 1929.5
1137370 1931.8
1137380 1931.8
1137390 1934.2
1137400 1937.7
1137410 1937.7
1137420 1942.6
1137430 1948.1
1137440 1951.8
1137450 1951.8
1137460 1954.7
1137470 1958.7
1137480 1958.7
1137490 1962.7
1137500 1966.7
1137510 1966.7
1137520 1971.3
1137530 1976.1
1137540 1976.1
1137550 1980.9
1137560 1985.5
1137570 1985.5
1137580 1990.4
1137590 1995.3
1137600 1995.3
1137610 2000.0
1137620 2004.6
1137630 2004.6
1137640 2009.5
1137650 2014.3
1137660 2018.5
1137670 2018.5
1137680 2023.9
1137690 2032.6
1137700 2032.9
1137710 2045.4
1137720 2053.8
1137730 2053.8
1137740 2061.8
1137750 2066.4
1137760 2066.4
1137770 2069.8
1137780 2077.5
1137790 2077.5
1137800 2085.5
1137810 2094.6
1137820 2094.6
1137830 2100.5
1137840 2105.4
1137850 2105.4
1137860 2110.2
1137870 2115.1
1137880 2115.1
1137890 2121.0
1137900 2127.0
1137910 2132.3
1137920 2132.3
1137930 2136.8
1137940 2142.1
1137950 2142.1
1137960 2146.1
1137970 2149.8
1137980 2149.8
1137990 2153.9
1138000 2157.7
1138010 2157.7
1138020 2161.0
1138030 2163.7
1138040 2163.7
1138050 2166.4
1138060 2169.2
1138070 2164.6
1138080 2168.3
1138090 2171.1
1138100 2171.1
1138110 2173.1
1138120 2176.1
1138130 2177.6
1138140 2177.6
1138150 2179.1
1138160 2179.2
1138170 2179.2
1138180 2177.7
1138190 2175.8
1138200 2175.8
1138210 2173.2
1138220 2171.1
1138230 2171.1
1138240 2169.4
1138250 2167.8
1138260 2167.8
1138270 2165.9
1138280 2163.8
1138290 2163.8
1138300 2161.9
1138310 2160.8
1138320 2160.8
1138330 2159.4
1138340 2157.7
1138350 2157.7
1138360 2155.0
1138370 2152.3
1138380 2150.0
1138390 2150.0
1138400 2147.3
1138410 2143.9
1138420 2143.9
1138430 2142.6
1138440 2140.6
1138450 2140.6
1138460 2138.9
1138470 2135.2
1138480 2135.2
1138490 2130.0
1138500 2126.2
1138510 2126.2
1138520 2122.4
1138530 2118.7
1138540 2118.7
1138550 2116.6
1138560 2115.8
1138570 2115.8
1138580 2115.0
1138590 2114.4
1138600 2114.4
1138610 2111.1
1138620 2106.3
1138630 2101.6
1138640 2101.6
1138650 2094.3
1138660 2088.5
1138670 2088.5
1138680 2083.3
1138690 2080.0
1138700 2080.0
1138710 2077.2
1138720 2074.4
1138730 2074.4
1138740 2071.4
1138750 2068.6
1138760 2068.6
1138770 2066.8
1138780 2065.7
1138790 2065.7
1138800 2064.0
1138810 2063.2
1138820 2063.2
1138830 2062.9
1138840 2062.5
1138850 2061.6
1138860 2061.6
1138870 2060.6
1138880 2059.9
1138890 2059.9
1138900 2058.8
1138910 2056.9
1138920 2056.9
1138930 2054.1
1138940 2051.4
1138950 2051.4
1138960 2048.7
1138970 2044.5
1138980 2044.5
1138990 2040.9
1139000 2038.1
1139010 2038.1
1139020 2034.6
1139030 2031.0
1139040 2031.0
1139050 2026.8
1139060 2022.2
1139070 2022.2
1139080 2018.1
1139090 2014.6
1139100 2011.4
1139110 2011.4
1139120 2008.9
1139130 2007.0
1139140 2007.0
1139150 2005.3
1139160 2003.9
1139170 2004.1
1139180 2003.0
1139190 2002.4
1139200 2002.4
1139210 2002.1
1139220 2001.8
1139230 2001.8
1139240 2005.8
1139250 2010.6
1139260 2010.6
1139270 2011.4
1139280 2010.9
1139290 2010.9
1139300 2010.4
1139310 2009.4
1139320 2007.1
1139330 2007.1
1139340 2003.1
1139350 2002.0
1139360 2002.0
1139370 2001.0
1139380 1999.9
1139390 1999.9
1139400 1997.9
1139410 1995.1
1139420 1995.1
1139430 1992.1
1139440 1989.4
1139450 1989.4
1139460 1986.8
1139470 1983.7
1139480 1983.7
1139490 1980.5
1139500 1976.1
1139510 1976.1
1139520 1971.6
1139530 1967.7
1139540 1971.8
1139550 1968.8
1139560 1963.5
1139570 1959.6
1139580 1959.6
1139590 1957.3
1139600 1955.4
1139610 1955.4
1139620 1952.9
1139630 1949.3
1139640 1949.3
1139650 1940.0
1139660 1932.3
1139670 1932.3
1139680 1928.1
1139690 1924.5
1139700 1924.5
1139710 1918.5
1139720 1914.7
1139730 1914.7
1139740 1910.8
1139750 1906.9
1139760 1906.9
1139770 1902.5
1139780 1897.9
1139790 1894.7
1139800 1894.7
1139810 1890.1
1139820 1884.9
1139830 1884.9
1139840 1879.0
1139850 1871.1
1139860 1871.1
1139870 1863.6
1139880 1854.7
1139890 1854.7
1139900 1846.7
1139910 1842.6
1139920 1842.6
1139930 1834.6
1139940 1827.2
1139950 1827.2
1139960 1820.1
1139970 1811.9
1139980 1811.9
1139990 1804.0
