1120000 1152.4
1120010 1150.7
1120020 1150.7
1120030 1147.1
1120040 1149.7
1120050 1149.7
1120060 1145.2
1120070 1123.8
1120080 1123.8
1120090 1118.1
1120100 1119.0
1120110 1120.5
1120120 1120.5
1120130 1123.5
1120140 1126.0
1120150 1126.0
1120160 1124.0
1120170 1122.4
1120180 1122.4
1120190 1123.1
1120200 1123.2
1120210 1123.2
1120220 1122.6
1120230 1127.2
1120240 1127.2
1120250 1131.2
1120260 1130.4
1120270 1130.4
1120280 1131.0
1120290 1132.2
1120300 1132.2
1120310 1131.6
1120320 1131.5
1120330 1131.5
1120340 1131.6
1120350 1131.7
1120360 1134.5
1120370 1134.5
1120380 1137.8
1120390 1137.0
1120400 1137.0
1120410 1131.5
1120420 1133.7
1120430 1133.7
1120440 1138.6
1120450 1144.4
1120460 1144.4
1120470 1149.4
1120480 1154.7
1120490 1154.7
1120500 1160.9
1120510 1166.9
1120520 1166.9
1120530 1171.7
1120540 1175.6
1120550 1175.6
1120560 1179.2
1120570 1182.1
1120580 1183.6
1120590 1183.6
1120600 1186.8
1120610 1191.2
1120620 1191.2
1120630 1196.9
1120640 1202.9
1120650 1202.9
1120660 1219.2
1120670 1230.0
1120680 1230.0
1120690 1228.5
1120700 1226.9
1120710 1226.9
1120720 1242.0
1120730 1241.0
1120740 1241.0
1120750 1243.7
1120760 1252.4
1120770 1252.4
1120780 1259.6
1120790 1268.6
1120800 1268.6
1120810 1274.3
1120820 1277.9
1120830 1279.6
1120840 1279.6
1120850 1280.8
1120860 1281.5
1120870 1281.5
1120880 1276.6
1120890 1270.2
1120900 1270.2
1120910 1272.0
1120920 1275.9
1120930 1275.9
1120940 1279.7
1120950 1282.2
1120960 1282.2
1120970 1283.1
1120980 1290.6
1120990 1290.6
1121000 1296.3
1121010 1295.6
1121020 1295.6
1121030 1296.9
1121040 1303.4
1121050 1303.4
1121060 1311.5
1121070 1316.8
1121080 1321.1
1121090 1321.1
1121100 1325.3
1121110 1325.3
1121120 1325.3
1121130 1331.6
1121140 1341.0
1121150 1341.0
1121160 1348.3
1121170 1352.0
1121180 1352.0
1121190 1355.9
1121200 1358.8
1121210 1358.8
1121220 1360.7
1121230 1361.9
1121240 1361.9
1121250 1363.9
1121260 1362.5
1121270 1362.5
1121280 1358.5
1121290 1356.1
1121300 1362.5
1121310 1362.5
1121320 1366.7
1121330 1365.6
1121340 1365.6
1121350 1374.4
1121360 1378.9
1121370 1378.9
1121380 1380.7
1121390 1383.8
1121400 1383.8
1121410 1389.0
1121420 1392.1
1121430 1392.1
1121440 1393.9
1121450 1395.2
1121460 1387.0
1121470 1390.9
1121480 1392.9
1121490 1392.9
1121500 1394.4
1121510 1395.3
1121520 1395.3
1121530 1398.6
1121540 1398.6
1121550 1392.7
1121560 1392.7
1121570 1384.7
1121580 1380.2
1121590 1380.2
1121600 1375.1
1121610 1371.6
1121620 1371.6
1121630 1369.2
1121640 1368.0
1121650 1368.0
1121660 1368.7
1121670 1371.0
1121680 1371.0
1121690 1372.9
1121700 1368.7
1121710 1368.7
1121720 1360.8
1121730 1358.4
1121740 1358.4
1121750 1360.0
1121760 1359.1
1121770 1359.8
1121780 1359.8
1121790 1360.7
1121800 1362.7
1121810 1354.4
1121820 1355.9
1121830 1356.4
1121840 1356.4
1121850 1355.1
1121860 1353.1
1121870 1353.1
1121880 1350.3
1121890 1347.5
1121900 1347.5
1121910 1344.5
1121920 1341.9
1121930 1341.9
1121940 1338.7
1121950 1335.0
1121960 1335.0
1121970 1332.1
1121980 1326.4
1121990 1326.4
1122000 1325.0
1122010 1325.8
1122020 1322.1
1122030 1322.1
1122040 1321.8
1122050 1325.7
1122060 1325.7
1122070 1324.8
1122080 1323.9
1122090 1323.9
1122100 1322.9
1122110 1322.0
1122120 1322.0
1122130 1320.3
1122140 1318.6
1122150 1318.6
1122160 1307.4
1122170 1308.0
1122180 1308.0
1122190 1307.2
1122200 1306.6
1122210 1306.6
1122220 1306.6
1122230 1307.0
1122240 1307.0
1122250 1301.3
1122260 1296.1
1122270 1298.1
1122280 1298.1
1122290 1288.7
1122300 1279.0
1122310 1279.0
1122320 1271.2
1122330 1269.1
1122340 1269.1
1122350 1268.9
1122360 1269.5
1122370 1269.5
1122380 1269.5
1122390 1271.0
1122400 1271.0
1122410 1273.0
1122420 1273.0
1122430 1273.0
1122440 1272.3
1122450 1273.0
1122460 1273.0
1122470 1272.9
1122480 1271.3
1122490 1270.0
1122500 1270.0
1122510 1263.6
1122520 1262.8
1122530 1262.8
1122540 1260.1
1122550 1259.5
1122560 1259.5
1122570 1258.8
1122580 1258.1
1122590 1258.1
1122600 1258.8
1122610 1260.5
1122620 1260.5
1122630 1261.7
1122640 1261.1
1122650 1261.1
1122660 1258.5
1122670 1255.1
1122680 1255.1
1122690 1251.0
1122700 1247.4
1122710 1247.4
1122720 1247.3
1122730 1249.7
1122740 1250.4
1122750 1250.4
1122760 1251.7
1122770 1254.5
1122780 1254.5
1122790 1255.7
1122800 1255.0
1122810 1255.0
1122820 1252.4
1122830 1249.0
1122840 1249.0
1122850 1248.7
1122860 1244.2
1122870 1244.2
1122880 1248.4
1122890 1247.1
1122900 1247.1
1122910 1244.0
1122920 1251.5
1122930 1251.5
1122940 1259.1
1122950 1257.8
1122960 1246.5
1122970 1246.5
1122980 1241.8
1122990 1241.2
1123000 1241.2
1123010 1241.5
1123020 1242.9
1123030 1242.9
1123040 1245.9
1123050 1244.0
1123060 1244.0
1123070 1243.5
1123080 1247.0
1123090 1247.0
1123100 1249.8
1123110 1250.0
1123120 1250.0
1123130 1249.0
1123140 1247.8
1123150 1247.8
1123160 1247.2
1123170 1247.9
1123180 1247.9
1123190 1248.7
1123200 1247.3
1123210 1237.5
1123220 1237.5
1123230 1235.9
1123240 1234.8
1123250 1234.8
1123260 1234.6
1123270 1234.1
1123280 1234.1
1123290 1233.4
1123300 1232.9
1123310 1232.9
1123320 1232.6
1123330 1233.5
1123340 1233.5
1123350 1237.6
1123360 1243.6
1123370 1243.6
1123380 1249.7
1123390 1251.4
1123400 1251.4
1123410 1250.3
1123420 1248.4
1123430 1248.4
1123440 1248.2
1123450 1248.7
1123460 1249.9
1123470 1249.9
1123480 1252.0
1123490 1254.6
1123500 1254.6
1123510 1257.0
1123520 1258.8
1123530 1258.8
1123540 1260.9
1123550 1263.2
1123560 1263.2
1123570 1263.5
1123580 1264.7
1123590 1264.7
1123600 1264.1
1123610 1264.2
1123620 1264.2
1123630 1263.9
1123640 1263.6
1123650 1263.6
1123660 1263.3
1123670 1263.1
1123680 1263.5
1123690 1263.5
1123700 1259.1
1123710 1235.4
1123720 1235.4
1123730 1231.4
1123740 1238.5
1123750 1238.5
1123760 1249.6
1123770 1260.0
1123780 1260.0
1123790 1264.1
1123800 1267.8
1123810 1267.8
1123820 1270.9
1123830 1273.6
1123840 1273.6
1123850 1277.4
1123860 1280.6
1123870 1280.6
1123880 1283.7
1123890 1287.9
1123900 1287.9
1123910 1292.0
1123920 1290.5
1123930 1294.6
1123940 1294.6
1123950 1298.2
1123960 1300.8
1123970 1300.8
1123980 1304.2
1123990 1308.0
1124000 1308.0
1124010 1311.2
1124020 1313.2
1124030 1313.2
1124040 1315.4
1124050 1317.9
1124060 1317.9
1124070 1320.6
1124080 1324.3
1124090 1324.3
1124100 1327.7
1124110 1331.6
1124120 1331.6
1124130 1335.8
1124140 1340.8
1124150 1345.1
1124160 1345.1
1124170 1350.6
1124180 1356.4
1124190 1356.4
1124200 1363.7
1124210 1369.8
1124220 1369.8
1124230 1377.0
1124240 1385.7
1124250 1385.7
1124260 1394.8
1124270 1401.5
1124280 1401.5
1124290 1409.1
1124300 1414.1
1124310 1414.1
1124320 1415.8
1124330 1416.6
1124340 1416.6
1124350 1420.0
1124360 1418.5
1124370 1418.5
1124380 1412.1
1124390 1409.4
1124400 1410.6
1124410 1410.6
1124420 1412.0
1124430 1410.1
1124440 1410.1
1124450 1412.3
1124460 1413.8
1124470 1413.8
1124480 1415.5
1124490 1415.5
1124500 1415.5
1124510 1413.2
1124520 1411.4
1124530 1411.4
1124540 1414.2
1124550 1419.7
1124560 1419.7
1124570 1422.7
1124580 1425.2
1124590 1425.2
1124600 1429.3
1124610 1432.9
1124620 1422.1
1124630 1421.8
1124640 1423.5
1124650 1425.4
1124660 1425.4
1124670 1420.8
1124680 1421.2
1124690 1421.2
1124700 1424.9
1124710 1418.9
1124720 1418.9
1124730 1412.1
1124740 1409.2
1124750 1409.2
1124760 1413.6
1124770 1419.0
1124780 1419.0
1124790 1422.5
1124800 1419.7
1124810 1419.7
1124820 1412.3
1124830 1413.7
1124840 1413.7
1124850 1423.3
1124860 1432.1
1124870 1435.7
1124880 1435.7
1124890 1433.7
1124900 1422.3
1124910 1422.3
1124920 1409.1
1124930 1395.5
1124940 1395.5
1124950 1385.7
1124960 1377.7
1124970 1377.7
1124980 1363.9
1124990 1357.5
1125000 1357.5
1125010 1351.6
1125020 1349.0
1125030 1349.0
1125040 1347.7
1125050 1344.8
1125060 1344.8
1125070 1340.2
1125080 1333.9
1125090 1333.9
1125100 1327.1
1125110 1320.0
1125120 1313.1
1125130 1313.1
1125140 1309.0
1125150 1308.3
1125160 1308.3
1125170 1307.7
1125180 1312.2
1125190 1312.2
1125200 1320.5
1125210 1330.3
1125220 1330.3
1125230 1343.8
1125240 1354.2
1125250 1354.2
1125260 1364.0
1125270 1369.3
1125280 1369.3
1125290 1369.0
1125300 1369.2
1125310 1369.2
1125320 1369.9
1125330 1365.9
1125340 1370.6
1125350 1370.6
1125360 1374.1
1125370 1376.3
1125380 1376.3
1125390 1376.4
1125400 1376.3
1125410 1376.3
1125420 1376.2
1125430 1378.2
1125440 1378.2
1125450 1381.5
1125460 1384.1
1125470 1384.1
1125480 1386.9
1125490 1391.3
1125500 1391.3
1125510 1391.5
1125520 1388.5
1125530 1388.5
1125540 1387.7
1125550 1392.5
1125560 1392.5
1125570 1398.9
1125580 1402.3
1125590 1401.7
1125600 1401.7
1125610 1401.9
1125620 1403.8
1125630 1403.8
1125640 1409.7
1125650 1415.2
1125660 1415.2
1125670 1416.0
1125680 1405.1
1125690 1405.1
1125700 1406.3
1125710 1402.4
1125720 1402.4
1125730 1394.7
1125740 1389.7
1125750 1389.7
1125760 1385.3
1125770 1384.1
1125780 1384.1
1125790 1385.8
1125800 1389.1
1125810 1389.1
1125820 1391.7
1125830 1393.5
1125840 1394.8
1125850 1394.8
1125860 1399.0
1125870 1406.7
1125880 1406.7
1125890 1411.9
1125900 1412.9
1125910 1412.9
1125920 1414.4
1125930 1418.5
1125940 1418.5
1125950 1425.2
1125960 1428.5
1125970 1428.5
1125980 1422.0
1125990 1410.3
1126000 1410.3
1126010 1402.5
1126020 1398.1
1126030 1398.1
1126040 1391.7
1126050 1391.1
1126060 1390.0
1126070 1390.0
1126080 1389.3
1126090 1393.6
1126100 1393.6
1126110 1401.0
1126120 1406.9
1126130 1406.9
1126140 1412.7
1126150 1415.8
1126160 1415.8
1126170 1419.9
1126180 1425.7
1126190 1425.7
1126200 1431.0
1126210 1435.9
1126220 1435.9
1126230 1442.6
1126240 1445.2
1126250 1445.2
1126260 1451.6
1126270 1451.7
1126280 1451.7
1126290 1443.5
1126300 1436.7
1126310 1431.2
1126320 1431.2
1126330 1427.0
1126340 1422.1
1126350 1422.1
1126360 1414.1
1126370 1406.3
1126380 1406.3
1126390 1397.1
1126400 1395.7
1126410 1395.7
1126420 1397.8
1126430 1402.0
1126440 1402.0
1126450 1406.5
1126460 1412.9
1126470 1412.9
1126480 1414.8
1126490 1413.1
1126500 1413.1
1126510 1412.3
1126520 1412.9
1126530 1407.1
1126540 1407.1
1126550 1405.3
1126560 1404.6
1126570 1404.6
1126580 1403.0
1126590 1400.4
1126600 1400.4
1126610 1397.4
1126620 1399.3
1126630 1399.3
1126640 1402.7
1126650 1404.8
1126660 1404.8
1126670 1408.1
1126680 1406.9
1126690 1406.9
1126700 1402.3
1126710 1397.1
1126720 1397.1
1126730 1395.7
1126740 1401.3
1126750 1393.5
1126760 1396.8
1126770 1392.7
1126780 1387.4
1126790 1387.4
1126800 1383.4
1126810 1375.7
1126820 1375.7
1126830 1367.1
1126840 1360.3
1126850 1360.3
1126860 1363.1
1126870 1368.2
1126880 1368.2
1126890 1374.5
1126900 1383.0
1126910 1383.0
1126920 1383.9
1126930 1379.7
1126940 1379.7
1126950 1375.2
1126960 1366.2
1126970 1366.2
1126980 1360.2
1126990 1360.3
1127000 1361.6
1127010 1361.6
1127020 1360.3
1127030 1355.6
1127040 1355.6
1127050 1350.7
1127060 1349.0
1127070 1349.0
1127080 1348.3
1127090 1344.4
1127100 1335.2
1127110 1331.7
1127120 1327.3
1127130 1327.3
1127140 1324.7
1127150 1324.3
1127160 1324.3
1127170 1323.1
1127180 1320.6
1127190 1320.6
1127200 1318.2
1127210 1316.1
1127220 1316.1
1127230 1313.7
1127240 1310.9
1127250 1308.4
1127260 1308.4
1127270 1307.6
1127280 1308.4
1127290 1308.4
1127300 1309.8
1127310 1311.1
1127320 1311.1
1127330 1312.0
1127340 1312.8
1127350 1312.8
1127360 1313.1
1127370 1313.6
1127380 1313.6
1127390 1314.7
1127400 1315.8
1127410 1315.8
1127420 1316.1
1127430 1316.4
1127440 1316.4
1127450 1319.4
1127460 1318.7
1127470 1318.7
1127480 1318.6
1127490 1314.3
1127500 1313.7
1127510 1313.7
1127520 1315.4
1127530 1316.2
1127540 1316.2
1127550 1315.4
1127560 1315.4
1127570 1315.4
1127580 1315.3
1127590 1315.2
1127600 1315.2
1127610 1313.6
1127620 1310.2
1127630 1310.2
1127640 1313.6
1127650 1314.2
1127660 1314.2
1127670 1313.4
1127680 1312.5
1127690 1312.5
1127700 1311.6
1127710 1310.6
1127720 1311.4
1127730 1311.4
1127740 1311.1
1127750 1308.9
1127760 1308.9
1127770 1308.7
1127780 1306.0
1127790 1306.0
1127800 1307.6
1127810 1314.0
1127820 1314.0
1127830 1315.6
1127840 1316.3
1127850 1316.3
1127860 1316.0
1127870 1315.6
1127880 1315.6
1127890 1315.5
1127900 1315.4
1127910 1315.4
1127920 1315.2
1127930 1314.8
1127940 1314.8
1127950 1314.7
1127960 1314.9
1127970 1314.8
1127980 1314.8
1127990 1314.0
1128000 1313.4
1128010 1313.4
1128020 1314.0
1128030 1314.1
1128040 1314.1
1128050 1315.4
1128060 1319.3
1128070 1319.3
1128080 1322.0
1128090 1324.4
1128100 1324.4
1128110 1327.3
1128120 1329.2
1128130 1329.2
1128140 1326.9
1128150 1326.8
1128160 1326.8
1128170 1328.6
1128180 1327.9
1128190 1329.0
1128200 1329.0
1128210 1332.6
1128220 1334.6
1128230 1334.6
1128240 1337.0
1128250 1340.4
1128260 1340.4
1128270 1343.6
1128280 1346.3
1128290 1346.3
1128300 1347.9
1128310 1348.0
1128320 1348.0
1128330 1349.9
1128340 1351.0
1128350 1351.0
1128360 1350.7
1128370 1349.8
1128380 1349.8
1128390 1352.3
1128400 1352.5
1128410 1352.5
1128420 1352.1
1128430 1353.2
1128440 1353.1
1128450 1353.1
1128460 1352.5
1128470 1352.0
1128480 1352.0
1128490 1352.3
1128500 1352.9
1128510 1352.9
1128520 1353.2
1128530 1350.8
1128540 1350.8
1128550 1351.2
1128560 1351.5
1128570 1351.5
1128580 1351.7
1128590 1352.4
1128600 1352.4
1128610 1352.7
1128620 1352.7
1128630 1352.7
1128640 1353.0
1128650 1353.2
1128660 1353.2
1128670 1353.2
1128680 1352.5
1128690 1353.0
1128700 1353.0
1128710 1352.2
1128720 1353.2
1128730 1353.2
1128740 1354.0
1128750 1354.2
1128760 1354.2
1128770 1353.4
1128780 1352.6
1128790 1352.6
1128800 1352.1
1128810 1352.0
1128820 1352.0
1128830 1352.0
1128840 1352.3
1128850 1352.3
1128860 1352.7
1128870 1353.3
1128880 1349.0
1128890 1349.1
1128900 1349.3
1128910 1348.1
1128920 1348.1
1128930 1349.0
1128940 1349.5
1128950 1349.5
1128960 1350.2
1128970 1350.9
1128980 1350.9
1128990 1351.4
1129000 1351.8
1129010 1351.8
1129020 1352.1
1129030 1352.3
1129040 1352.3
1129050 1352.4
1129060 1352.6
1129070 1352.6
1129080 1351.4
1129090 1350.3
1129100 1350.3
1129110 1350.3
1129120 1350.5
1129130 1350.5
1129140 1350.7
1129150 1351.1
1129160 1351.5
1129170 1351.5
1129180 1351.8
1129190 1352.0
1129200 1352.0
1129210 1352.3
1129220 1352.3
1129230 1352.3
1129240 1354.8
1129250 1356.7
1129260 1356.7
1129270 1358.6
1129280 1360.3
1129290 1360.3
1129300 1361.6
1129310 1362.4
1129320 1362.4
1129330 1363.4
1129340 1367.7
1129350 1367.7
1129360 1371.9
1129370 1376.5
1129380 1378.5
1129390 1378.5
1129400 1380.0
1129410 1381.4
1129420 1381.4
1129430 1382.3
1129440 1383.1
1129450 1383.1
1129460 1383.7
1129470 1384.8
1129480 1384.8
1129490 1386.2
1129500 1387.6
1129510 1387.6
1129520 1389.7
1129530 1391.8
1129540 1391.8
1129550 1392.1
1129560 1392.3
1129570 1392.3
1129580 1393.6
1129590 1395.0
1129600 1400.8
1129610 1402.1
1129620 1402.3
1129630 1401.5
1129640 1401.5
1129650 1400.0
1129660 1397.9
1129670 1397.9
1129680 1396.1
1129690 1393.5
1129700 1393.5
1129710 1390.4
1129720 1387.7
1129730 1387.7
1129740 1385.1
1129750 1382.1
1129760 1382.1
1129770 1381.5
1129780 1381.5
1129790 1381.5
1129800 1381.5
1129810 1381.4
1129820 1381.4
1129830 1381.1
1129840 1380.2
1129850 1378.9
1129860 1378.9
1129870 1378.5
1129880 1380.0
1129890 1380.0
1129900 1381.4
1129910 1381.9
1129920 1381.9
1129930 1382.4
1129940 1382.5
1129950 1389.7
1129960 1389.9
1129970 1389.7
1129980 1389.7
1129990 1388.9
1130000 1389.1
1130010 1389.1
1130020 1389.5
1130030 1389.7
1130040 1389.7
1130050 1390.1
1130060 1390.7
1130070 1390.7
1130080 1391.1
1130090 1392.8
1130100 1394.9
1130110 1394.9
1130120 1396.7
1130130 1397.8
1130140 1397.8
1130150 1398.3
1130160 1398.7
1130170 1398.7
1130180 1399.2
1130190 1399.4
1130200 1399.4
1130210 1399.5
1130220 1399.7
1130230 1399.7
1130240 1400.9
1130250 1399.6
1130260 1399.6
1130270 1400.7
1130280 1402.3
1130290 1402.3
1130300 1405.1
1130310 1416.2
1130320 1416.2
1130330 1421.5
1130340 1429.6
1130350 1434.8
1130360 1434.8
1130370 1439.2
1130380 1444.0
1130390 1444.0
1130400 1449.9
1130410 1455.3
1130420 1455.3
1130430 1459.0
1130440 1461.7
1130450 1461.7
1130460 1464.4
1130470 1467.0
1130480 1467.0
1130490 1470.0
1130500 1473.1
1130510 1473.1
1130520 1475.7
1130530 1477.3
1130540 1477.3
1130550 1479.0
1130560 1481.3
1130570 1482.6
1130580 1482.6
1130590 1482.5
1130600 1481.5
1130610 1481.5
1130620 1481.4
1130630 1482.1
1130640 1482.1
1130650 1484.4
1130660 1484.6
1130670 1484.8
1130680 1472.8
1130690 1462.5
1130700 1462.5
1130710 1454.6
1130720 1453.7
1130730 1453.7
1130740 1454.2
1130750 1456.4
1130760 1456.4
1130770 1460.8
1130780 1469.9
1130790 1469.9
1130800 1481.7
1130810 1494.4
1130820 1509.0
1130830 1509.0
1130840 1517.4
1130850 1519.6
1130860 1519.6
1130870 1519.9
1130880 1523.1
1130890 1523.1
1130900 1527.5
1130910 1528.2
1130920 1528.2
1130930 1528.1
1130940 1528.4
1130950 1528.4
1130960 1530.0
1130970 1530.9
1130980 1530.9
1130990 1534.7
1131000 1540.2
1131010 1540.2
1131020 1543.8
1131030 1558.9
1131040 1561.3
1131050 1561.3
1131060 1559.2
1131070 1560.9
1131080 1560.9
1131090 1564.7
1131100 1567.2
1131110 1567.2
1131120 1569.2
1131130 1570.6
1131140 1570.6
1131150 1571.8
1131160 1573.9
1131170 1573.9
1131180 1575.1
1131190 1575.2
1131200 1575.2
1131210 1577.4
1131220 1580.3
1131230 1580.3
1131240 1582.1
1131250 1586.3
1131260 1586.3
1131270 1588.5
1131280 1588.4
1131290 1584.8
1131300 1584.8
1131310 1579.1
1131320 1574.3
1131330 1574.3
1131340 1572.5
1131350 1572.1
1131360 1572.1
1131370 1573.2
1131380 1576.3
1131390 1589.0
1131400 1589.4
1131410 1586.7
1131420 1586.7
1131430 1584.0
1131440 1581.2
1131450 1581.2
1131460 1581.6
1131470 1582.5
1131480 1582.5
1131490 1584.3
1131500 1586.8
1131510 1586.8
1131520 1590.1
1131530 1592.9
1131540 1595.4
1131550 1595.4
1131560 1597.6
1131570 1602.3
1131580 1602.3
1131590 1606.8
1131600 1607.7
1131610 1607.7
1131620 1607.9
1131630 1607.6
1131640 1607.6
1131650 1608.9
1131660 1611.3
1131670 1611.3
1131680 1612.2
1131690 1614.6
1131700 1614.6
1131710 1617.8
1131720 1621.8
1131730 1621.8
1131740 1625.4
1131750 1631.5
1131760 1634.6
1131770 1634.6
1131780 1637.0
1131790 1639.1
1131800 1639.1
1131810 1640.0
1131820 1639.6
1131830 1639.6
1131840 1638.2
1131850 1636.6
1131860 1636.6
1131870 1635.8
1131880 1634.3
1131890 1634.3
1131900 1632.5
1131910 1630.8
1131920 1630.8
1131930 1629.9
1131940 1631.0
1131950 1631.0
1131960 1633.9
1131970 1635.6
1131980 1635.6
1131990 1636.2
1132000 1636.0
1132010 1638.3
1132020 1638.3
1132030 1640.6
1132040 1644.1
1132050 1644.1
1132060 1647.3
1132070 1649.3
1132080 1649.3
1132090 1653.5
1132100 1655.6
1132110 1656.5
1132120 1658.1
1132130 1657.8
1132140 1657.8
1132150 1657.6
1132160 1657.9
1132170 1657.9
1132180 1659.0
1132190 1658.6
1132200 1658.6
1132210 1658.4
1132220 1657.1
1132230 1655.3
1132240 1655.3
1132250 1654.0
1132260 1653.1
1132270 1653.1
1132280 1652.4
1132290 1652.8
1132300 1652.8
1132310 1654.8
1132320 1657.1
1132330 1657.1
1132340 1658.8
1132350 1659.0
1132360 1659.0
1132370 1660.2
1132380 1663.2
1132390 1663.2
1132400 1665.4
1132410 1669.2
1132420 1669.2
1132430 1671.7
1132440 1672.5
1132450 1672.5
1132460 1674.2
1132470 1677.8
1132480 1679.9
1132490 1679.9
1132500 1681.1
1132510 1682.0
1132520 1682.0
1132530 1681.8
1132540 1681.5
1132550 1681.5
1132560 1680.9
1132570 1680.9
1132580 1680.9
1132590 1681.0
1132600 1681.4
1132610 1681.4
1132620 1682.3
1132630 1682.7
1132640 1682.7
1132650 1682.4
1132660 1681.3
1132670 1681.3
1132680 1680.0
1132690 1679.0
1132700 1680.7
1132710 1680.7
1132720 1684.1
1132730 1687.6
1132740 1687.6
1132750 1690.1
1132760 1691.9
1132770 1691.9
1132780 1692.6
1132790 1692.6
1132800 1692.6
1132810 1692.4
1132820 1691.8
1132830 1693.9
1132840 1694.9
1132850 1695.2
1132860 1695.2
1132870 1695.9
1132880 1696.4
1132890 1696.4
1132900 1697.0
1132910 1696.8
1132920 1696.8
1132930 1695.9
1132940 1694.8
1132950 1693.5
1132960 1693.5
1132970 1692.2
1132980 1692.4
1132990 1692.4
1133000 1694.5
1133010 1696.8
1133020 1696.8
1133030 1698.4
1133040 1697.9
1133050 1697.9
1133060 1698.3
1133070 1698.9
1133080 1698.9
1133090 1697.6
1133100 1698.4
1133110 1698.4
1133120 1696.8
1133130 1692.4
1133140 1692.4
1133150 1691.2
1133160 1692.5
1133170 1692.5
1133180 1691.9
1133190 1700.7
1133200 1705.6
1133210 1705.6
1133220 1709.6
1133230 1714.8
1133240 1714.8
1133250 1719.0
1133260 1721.0
1133270 1721.0
1133280 1722.4
1133290 1725.3
1133300 1725.3
1133310 1728.0
1133320 1728.6
1133330 1728.6
1133340 1733.2
1133350 1736.1
1133360 1736.1
1133370 1737.3
1133380 1738.0
1133390 1738.0
1133400 1738.4
1133410 1737.7
1133420 1733.8
1133430 1733.8
1133440 1725.4
1133450 1727.6
1133460 1727.6
1133470 1731.5
1133480 1733.1
1133490 1733.1
1133500 1727.2
1133510 1723.5
1133520 1723.5
1133530 1718.9
1133540 1715.6
1133550 1726.8
1133560 1720.7
1133570 1715.6
1133580 1715.6
1133590 1713.0
1133600 1710.8
1133610 1710.8
1133620 1710.4
1133630 1709.8
1133640 1709.8
1133650 1709.2
1133660 1708.8
1133670 1710.1
1133680 1710.1
1133690 1711.4
1133700 1712.1
1133710 1712.1
1133720 1713.0
1133730 1714.2
1133740 1714.2
1133750 1714.8
1133760 1716.4
1133770 1716.4
1133780 1718.3
1133790 1719.6
1133800 1719.6
1133810 1720.7
1133820 1722.6
1133830 1722.6
1133840 1724.8
1133850 1726.7
1133860 1726.7
1133870 1727.9
1133880 1729.4
1133890 1731.0
1133900 1731.0
1133910 1732.6
1133920 1738.9
1133930 1738.9
1133940 1740.0
1133950 1741.8
1133960 1741.8
1133970 1743.5
1133980 1745.9
1133990 1745.9
1134000 1749.4
1134010 1751.7
1134020 1751.7
1134030 1753.1
1134040 1754.4
1134050 1754.4
1134060 1753.6
1134070 1752.4
1134080 1752.4
1134090 1752.5
1134100 1755.1
1134110 1755.1
1134120 1758.6
1134130 1762.5
1134140 1766.4
1134150 1766.4
1134160 1769.4
1134170 1772.6
1134180 1772.6
1134190 1774.6
1134200 1775.5
1134210 1775.5
1134220 1775.6
1134230 1778.7
1134240 1778.7
1134250 1782.2
1134260 1784.3
1134270 1784.3
1134280 1786.4
1134290 1786.8
1134300 1786.8
1134310 1786.7
1134320 1784.8
1134330 1784.8
1134340 1783.0
1134350 1779.3
1134360 1779.3
1134370 1778.5
1134380 1779.2
1134390 1779.8
1134400 1779.8
1134410 1780.2
1134420 1779.9
1134430 1779.9
1134440 1780.5
1134450 1783.7
1134460 1783.7
1134470 1783.8
1134480 1783.7
1134490 1783.7
1134500 1783.1
1134510 1781.5
1134520 1781.5
1134530 1777.3
1134540 1778.7
1134550 1778.7
1134560 1782.9
1134570 1785.4
1134580 1785.4
1134590 1787.2
1134600 1787.9
1134610 1786.4
1134620 1786.4
1134630 1783.7
1134640 1789.8
1134650 1789.8
1134660 1789.0
1134670 1787.8
1134680 1787.8
1134690 1786.9
1134700 1786.5
1134710 1786.5
1134720 1787.6
1134730 1788.5
1134740 1788.5
1134750 1787.9
1134760 1787.4
1134770 1787.4
1134780 1786.6
1134790 1785.7
1134800 1785.7
1134810 1784.6
1134820 1782.7
1134830 1782.7
1134840 1780.4
1134850 1780.0
1134860 1780.3
1134870 1780.3
1134880 1779.5
1134890 1779.1
1134900 1779.1
1134910 1777.8
1134920 1774.9
1134930 1774.9
1134940 1773.3
1134950 1773.7
1134960 1773.7
1134970 1770.8
1134980 1770.5
1134990 1770.5
1135000 1776.3
1135010 1774.9
1135020 1774.9
1135030 1772.8
1135040 1769.7
1135050 1769.7
1135060 1765.7
1135070 1757.6
1135080 1750.0
1135090 1750.0
1135100 1749.1
1135110 1744.4
1135120 1744.4
1135130 1744.4
1135140 1743.0
1135150 1743.0
1135160 1742.2
1135170 1734.4
1135180 1734.4
1135190 1728.6
1135200 1725.9
1135210 1725.9
1135220 1722.9
1135230 1721.1
1135240 1721.1
1135250 1720.0
1135260 1717.9
1135270 1717.9
1135280 1715.8
1135290 1713.2
1135300 1713.2
1135310 1710.4
1135320 1708.8
1135330 1706.3
1135340 1706.3
1135350 1703.3
1135360 1700.6
1135370 1706.7
1135380 1704.6
1135390 1703.9
1135400 1703.9
1135410 1704.1
1135420 1703.1
1135430 1703.1
1135440 1701.7
1135450 1701.6
1135460 1701.6
1135470 1702.4
1135480 1703.8
1135490 1703.8
1135500 1704.5
1135510 1705.5
1135520 1705.5
1135530 1706.7
1135540 1706.9
1135550 1707.0
1135560 1707.0
1135570 1709.8
1135580 1712.4
1135590 1712.4
1135600 1716.3
1135610 1720.9
1135620 1720.9
1135630 1725.6
1135640 1728.8
1135650 1728.8
1135660 1731.1
1135670 1739.2
1135680 1739.2
1135690 1747.0
1135700 1750.3
1135710 1750.3
1135720 1752.8
1135730 1753.4
1135740 1753.4
1135750 1755.1
1135760 1756.2
1135770 1756.2
1135780 1754.7
1135790 1752.0
1135800 1752.0
1135810 1752.0
1135820 1752.7
1135830 1752.6
1135840 1752.6
1135850 1751.3
1135860 1750.3
1135870 1750.3
1135880 1751.4
1135890 1754.2
1135900 1754.2
1135910 1757.3
1135920 1759.2
1135930 1759.2
1135940 1760.5
1135950 1762.2
1135960 1762.2
1135970 1763.7
1135980 1765.7
1135990 1765.7
1136000 1768.8
1136010 1772.3
1136020 1772.3
1136030 1776.1
1136040 1779.3
1136050 1783.6
1136060 1783.6
1136070 1788.3
1136080 1792.8
1136090 1792.8
1136100 1788.3
1136110 1791.3
1136120 1791.3
1136130 1794.2
1136140 1797.2
1136150 1797.2
1136160 1800.2
1136170 1803.5
1136180 1803.5
1136190 1806.3
1136200 1810.2
1136210 1810.2
1136220 1813.5
1136230 1816.6
1136240 1816.6
1136250 1820.2
1136260 1823.3
1136270 1826.1
1136280 1826.1
1136290 1828.0
1136300 1830.5
1136310 1830.5
1136320 1832.6
1136330 1833.3
1136340 1833.3
1136350 1834.0
1136360 1834.5
1136370 1834.5
1136380 1834.7
1136390 1835.5
1136400 1835.5
1136410 1837.9
1136420 1841.4
1136430 1841.4
1136440 1843.3
1136450 1844.4
1136460 1836.6
1136470 1838.0
1136480 1839.2
1136490 1839.2
1136500 1840.9
1136510 1840.0
1136520 1842.1
1136530 1842.1
1136540 1844.8
1136550 1846.6
1136560 1846.6
1136570 1846.4
1136580 1846.9
1136590 1846.9
1136600 1848.5
1136610 1850.4
1136620 1850.4
1136630 1851.9
1136640 1852.3
1136650 1852.3
1136660 1852.7
1136670 1852.8
1136680 1852.8
1136690 1852.6
1136700 1852.6
1136710 1852.6
1136720 1854.0
1136730 1854.0
1136740 1853.5
1136750 1853.5
1136760 1852.8
1136770 1853.5
1136780 1853.5
1136790 1855.3
1136800 1857.6
1136810 1857.6
1136820 1859.8
1136830 1853.4
1136840 1853.4
1136850 1855.5
1136860 1858.2
1136870 1858.2
1136880 1860.3
1136890 1861.3
1136900 1861.3
1136910 1865.9
1136920 1872.5
1136930 1872.5
1136940 1877.1
1136950 1880.6
1136960 1880.6
1136970 1881.5
1136980 1880.7
1136990 1883.9
1137000 1883.9
1137010 1887.8
1137020 1889.7
1137030 1889.7
1137040 1890.4
1137050 1890.9
1137060 1890.9
1137070 1890.7
1137080 1890.7
1137090 1890.7
1137100 1890.6
1137110 1892.1
1137120 1892.1
1137130 1894.2
1137140 1893.2
1137150 1893.2
1137160 1895.8
1137170 1900.3
1137180 1900.3
1137190 1902.9
1137200 1908.2
1137210 1913.7
1137220 1913.7
1137230 1919.6
1137240 1928.3
1137250 1928.3
1137260 1938.6
1137270 1950.0
1137280 1950.0
1137290 1958.6
1137300 1968.0
1137310 1968.0
1137320 1975.4
1137330 1982.6
1137340 1982.6
1137350 1989.9
1137360 1996.5
1137370 1996.5
1137380 2003.2
1137390 2009.7
1137400 2009.7
1137410 2015.7
1137420 2020.9
1137430 2020.9
1137440 2025.8
1137450 2032.5
1137460 2039.6
1137470 2039.6
1137480 2044.0
1137490 2049.0
1137500 2049.0
1137510 2054.9
1137520 2058.3
1137530 2058.3
1137540 2060.0
1137550 2062.1
1137560 2062.9
1137570 2065.8
1137580 2071.2
1137590 2071.2
1137600 2079.7
1137610 2087.9
1137620 2087.9
1137630 2097.7
1137640 2105.3
1137650 2105.3
1137660 2108.4
1137670 2111.3
1137680 2111.3
1137690 2115.0
1137700 2119.3
1137710 2123.8
1137720 2123.8
1137730 2127.3
1137740 2129.2
1137750 2129.2
1137760 2133.8
1137770 2137.9
1137780 2137.9
1137790 2140.9
1137800 2143.1
1137810 2143.1
1137820 2145.1
1137830 2147.1
1137840 2147.1
1137850 2147.7
1137860 2148.4
1137870 2148.4
1137880 2148.9
1137890 2149.9
1137900 2149.9
1137910 2149.8
1137920 2155.3
1137930 2157.7
1137940 2157.7
1137950 2159.8
1137960 2160.2
1137970 2160.2
1137980 2160.6
1137990 2161.4
1138000 2161.4
1138010 2162.3
1138020 2162.7
1138030 2162.7
1138040 2161.9
1138050 2161.0
1138060 2161.0
1138070 2161.7
1138080 2161.2
1138090 2161.2
1138100 2160.1
1138110 2158.9
1138120 2158.9
1138130 2157.8
1138140 2155.7
1138150 2155.7
1138160 2152.5
1138170 2147.9
1138180 2136.6
1138190 2136.6
1138200 2126.6
1138210 2119.9
1138220 2119.9
1138230 2113.6
1138240 2110.5
1138250 2110.5
1138260 2108.6
1138270 2107.4
1138280 2107.4
1138290 2110.8
1138300 2105.9
1138310 2105.9
1138320 2102.3
1138330 2098.1
1138340 2098.1
1138350 2094.2
1138360 2090.7
1138370 2090.7
1138380 2088.0
1138390 2086.5
1138400 2085.9
1138410 2085.9
1138420 2087.7
1138430 2089.9
1138440 2089.9
1138450 2087.7
1138460 2080.6
1138470 2080.6
1138480 2077.7
1138490 2076.2
1138500 2076.2
1138510 2072.0
1138520 2067.0
1138530 2067.0
1138540 2063.4
1138550 2061.6
1138560 2061.6
1138570 2060.9
1138580 2060.1
1138590 2060.1
1138600 2058.9
1138610 2056.4
1138620 2056.4
1138630 2053.7
1138640 2052.0
1138650 2051.1
1138660 2052.3
1138670 2051.2
1138680 2050.6
1138690 2050.6
1138700 2050.2
1138710 2049.8
1138720 2049.8
1138730 2049.1
1138740 2047.4
1138750 2047.4
1138760 2044.1
1138770 2041.4
1138780 2041.4
1138790 2039.3
1138800 2035.7
1138810 2035.7
1138820 2032.4
1138830 2029.4
1138840 2029.4
1138850 2026.0
1138860 2022.9
1138870 2020.6
1138880 2020.6
1138890 2018.6
1138900 2017.1
1138910 2017.1
1138920 2015.1
1138930 2013.5
1138940 2013.5
1138950 2012.9
1138960 2012.5
1138970 2012.5
1138980 2012.4
1138990 2012.5
1139000 2012.5
1139010 2012.4
1139020 2011.4
1139030 2014.0
1139040 2012.3
1139050 2011.0
1139060 2011.0
1139070 2011.1
1139080 2010.5
1139090 2010.5
1139100 2009.6
1139110 2008.4
1139120 2006.6
1139130 2006.6
1139140 2004.5
1139150 2002.5
1139160 2002.5
1139170 2000.7
1139180 1998.3
1139190 1998.3
1139200 1995.9
1139210 1993.8
1139220 1993.8
1139230 1992.2
1139240 1991.6
1139250 1991.6
1139260 1991.1
1139270 1990.5
1139280 1990.5
1139290 1989.1
1139300 1987.6
1139310 1987.6
1139320 1986.3
1139330 1984.8
1139340 1984.8
1139350 1982.5
1139360 1980.6
1139370 1978.9
1139380 1978.9
1139390 1977.4
1139400 1975.8
1139410 1975.8
1139420 1974.2
1139430 1972.6
1139440 1972.6
1139450 1970.6
1139460 1968.1
1139470 1968.1
1139480 1965.0
1139490 1961.1
1139500 1961.1
1139510 1956.9
1139520 1952.7
1139530 1952.7
1139540 1948.6
1139550 1944.3
1139560 1944.3
1139570 1939.8
1139580 1935.3
1139590 1931.0
1139600 1931.0
1139610 1926.7
1139620 1922.6
1139630 1922.6
1139640 1917.3
1139650 1909.3
1139660 1909.3
1139670 1902.8
1139680 1896.7
1139690 1896.7
1139700 1889.9
1139710 1882.8
1139720 1882.8
1139730 1876.0
1139740 1870.9
1139750 1870.9
1139760 1865.6
1139770 1860.0
1139780 1860.0
1139790 1854.7
1139800 1849.6
1139810 1849.6
1139820 1844.6
1139830 1839.8
1139840 1835.1
1139850 1835.1
1139860 1830.6
1139870 1825.9
1139880 1825.9
1139890 1821.5
1139900 1817.5
1139910 1817.5
1139920 1813.6
1139930 1810.1
1139940 1810.1
1139950 1807.0
1139960 1803.9
1139970 1803.9
1139980 1800.7
1139990 1797.3
