1120000 1492.7
1120010 1483.0
1120020 1483.0
1120030 1475.2
1120040 1465.0
1120050 1465.0
1120060 1449.4
1120070 1443.5
1120080 1444.6
1120090 1444.6
1120100 1445.9
1120110 1453.5
1120120 1453.5
1120130 1459.6
1120140 1459.9
1120150 1459.9
1120160 1455.5
1120170 1456.0
1120180 1456.0
1120190 1458.2
1120200 1448.8
1120210 1448.8
1120220 1431.8
1120230 1421.3
1120240 1421.3
1120250 1411.3
1120260 1401.6
1120270 1401.6
1120280 1389.5
1120290 1387.0
1120300 1381.7
1120310 1381.7
1120320 1376.5
1120330 1370.1
1120340 1370.1
1120350 1362.4
1120360 1354.5
1120370 1354.5
1120380 1348.2
1120390 1341.8
1120400 1341.8
1120410 1334.3
1120420 1334.4
1120430 1334.4
1120440 1343.7
1120450 1346.0
1120460 1346.0
1120470 1343.9
1120480 1343.4
1120490 1343.4
1120500 1345.0
1120510 1349.5
1120520 1349.5
1120530 1354.2
1120540 1358.8
1120550 1363.0
1120560 1363.0
1120570 1368.6
1120580 1374.6
1120590 1374.6
1120600 1381.6
1120610 1386.1
1120620 1379.8
1120630 1379.3
1120640 1378.7
1120650 1378.7
1120660 1377.6
1120670 1375.9
1120680 1375.9
1120690 1373.7
1120700 1373.9
1120710 1373.9
1120720 1376.0
1120730 1374.5
1120740 1374.5
1120750 1375.0
1120760 1376.8
1120770 1376.8
1120780 1378.2
1120790 1378.6
1120800 1377.8
1120810 1377.8
1120820 1375.1
1120830 1380.7
1120840 1380.7
1120850 1384.8
1120860 1387.1
1120870 1387.1
1120880 1388.5
1120890 1389.5
1120900 1389.5
1120910 1388.7
1120920 1387.3
1120930 1387.3
1120940 1386.0
1120950 1383.7
1120960 1383.7
1120970 1377.1
1120980 1379.7
1120990 1379.7
1121000 1383.2
1121010 1388.4
1121020 1395.1
1121030 1395.1
1121040 1399.6
1121050 1402.3
1121060 1402.3
1121070 1406.1
1121080 1409.7
1121090 1409.7
1121100 1413.3
1121110 1415.4
1121120 1415.4
1121130 1416.9
1121140 1419.6
1121150 1419.6
1121160 1421.2
1121170 1424.5
1121180 1424.5
1121190 1432.1
1121200 1442.5
1121210 1442.5
1121220 1450.3
1121230 1455.9
1121240 1455.9
1121250 1463.6
1121260 1472.4
1121270 1480.5
1121280 1480.5
1121290 1487.3
1121300 1489.2
1121310 1489.2
1121320 1502.0
1121330 1506.1
1121340 1506.1
1121350 1507.0
1121360 1511.1
1121370 1511.1
1121380 1515.8
1121390 1517.5
1121400 1517.5
1121410 1515.4
1121420 1523.3
1121430 1523.3
1121440 1533.3
1121450 1532.8
1121460 1532.8
1121470 1535.0
1121480 1544.3
1121490 1544.3
1121500 1553.3
1121510 1557.0
1121520 1556.4
1121530 1556.4
1121540 1554.9
1121550 1567.1
1121560 1567.1
1121570 1579.9
1121580 1588.0
1121590 1588.0
1121600 1587.2
1121610 1581.1
1121620 1581.1
1121630 1581.4
1121640 1590.4
1121650 1590.4
1121660 1599.2
1121670 1609.1
1121680 1609.1
1121690 1614.8
1121700 1614.4
1121710 1614.4
1121720 1613.7
1121730 1616.5
1121740 1616.2
1121750 1616.2
1121760 1623.2
1121770 1630.3
1121780 1630.3
1121790 1632.1
1121800 1634.5
1121810 1634.5
1121820 1638.2
1121830 1649.2
1121840 1649.2
1121850 1661.3
1121860 1676.5
1121870 1676.5
1121880 1684.7
1121890 1687.3
1121900 1687.3
1121910 1695.4
1121920 1709.1
1121930 1709.1
1121940 1722.9
1121950 1741.6
1121960 1741.6
1121970 1746.7
1121980 1744.0
1121990 1742.7
1122000 1742.7
1122010 1743.1
1122020 1743.6
1122030 1743.6
1122040 1742.5
1122050 1743.5
1122060 1743.5
1122070 1746.5
1122080 1748.0
1122090 1748.0
1122100 1748.3
1122110 1747.6
1122120 1747.6
1122130 1744.8
1122140 1740.3
1122150 1740.3
1122160 1736.5
1122170 1733.6
1122180 1733.6
1122190 1732.3
1122200 1732.0
1122210 1732.0
1122220 1732.2
1122230 1732.8
1122240 1733.0
1122250 1733.0
1122260 1733.3
1122270 1733.3
1122280 1733.3
1122290 1733.2
1122300 1730.7
1122310 1730.7
1122320 1728.5
1122330 1726.6
1122340 1726.6
1122350 1728.0
1122360 1729.7
1122370 1724.3
1122380 1726.2
1122390 1728.0
1122400 1728.0
1122410 1728.9
1122420 1730.9
1122430 1730.9
1122440 1733.2
1122450 1735.9
1122460 1738.5
1122470 1738.5
1122480 1741.5
1122490 1743.8
1122500 1743.8
1122510 1748.2
1122520 1753.9
1122530 1753.9
1122540 1758.8
1122550 1763.4
1122560 1763.4
1122570 1768.3
1122580 1769.6
1122590 1769.6
1122600 1773.8
1122610 1778.0
1122620 1778.0
1122630 1779.4
1122640 1780.6
1122650 1780.6
1122660 1782.4
1122670 1784.3
1122680 1784.3
1122690 1782.7
1122700 1779.3
1122710 1775.1
1122720 1775.4
1122730 1769.2
1122740 1765.2
1122750 1765.2
1122760 1760.9
1122770 1756.6
1122780 1756.6
1122790 1750.3
1122800 1746.3
1122810 1746.3
1122820 1751.4
1122830 1754.3
1122840 1754.3
1122850 1756.9
1122860 1762.0
1122870 1762.0
1122880 1766.1
1122890 1767.0
1122900 1767.0
1122910 1767.4
1122920 1765.8
1122930 1760.0
1122940 1760.0
1122950 1754.1
1122960 1750.1
1122970 1750.1
1122980 1745.5
1122990 1740.3
1123000 1740.3
1123010 1735.3
1123020 1730.9
1123030 1730.9
1123040 1727.3
1123050 1722.6
1123060 1722.6
1123070 1716.9
1123080 1713.6
1123090 1713.6
1123100 1711.5
1123110 1708.4
1123120 1708.4
1123130 1705.6
1123140 1702.9
1123150 1702.9
1123160 1699.8
1123170 1698.0
1123180 1697.1
1123190 1697.1
1123200 1696.2
1123210 1694.7
1123220 1694.7
1123230 1693.5
1123240 1691.5
1123250 1691.5
1123260 1688.4
1123270 1685.1
1123280 1685.1
1123290 1680.8
1123300 1676.3
1123310 1676.3
1123320 1670.7
1123330 1664.6
1123340 1664.6
1123350 1657.2
1123360 1649.6
1123370 1649.6
1123380 1642.8
1123390 1636.0
1123400 1636.0
1123410 1632.1
1123420 1629.4
1123430 1619.1
1123440 1619.1
1123450 1613.3
1123460 1607.2
1123470 1607.2
1123480 1601.1
1123490 1594.2
1123500 1594.2
1123510 1588.8
1123520 1584.2
1123530 1584.2
1123540 1577.6
1123550 1571.4
1123560 1571.4
1123570 1567.0
1123580 1562.9
1123590 1562.9
1123600 1558.6
1123610 1554.3
1123620 1554.3
1123630 1550.0
1123640 1546.1
1123650 1542.3
1123660 1542.3
1123670 1538.1
1123680 1532.2
1123690 1532.2
1123700 1522.6
1123710 1515.7
1123720 1515.7
1123730 1519.0
1123740 1524.0
1123750 1524.0
1123760 1527.5
1123770 1531.6
1123780 1529.6
1123790 1535.7
1123800 1541.5
1123810 1541.5
1123820 1542.9
1123830 1544.9
1123840 1544.9
1123850 1549.0
1123860 1553.0
1123870 1553.0
1123880 1557.9
1123890 1562.7
1123900 1568.3
1123910 1568.3
1123920 1573.7
1123930 1579.5
1123940 1579.5
1123950 1585.0
1123960 1590.6
1123970 1590.6
1123980 1597.2
1123990 1602.8
1124000 1602.8
1124010 1606.6
1124020 1611.3
1124030 1611.3
1124040 1616.3
1124050 1622.9
1124060 1622.9
1124070 1630.1
1124080 1639.3
1124090 1639.3
1124100 1644.4
1124110 1649.0
1124120 1649.0
1124130 1659.5
1124140 1667.3
1124150 1675.4
1124160 1675.4
1124170 1683.7
1124180 1694.0
1124190 1694.0
1124200 1716.3
1124210 1734.7
1124220 1734.7
1124230 1744.6
1124240 1755.0
1124250 1755.0
1124260 1774.0
1124270 1793.8
1124280 1793.8
1124290 1806.0
1124300 1820.2
1124310 1820.2
1124320 1849.3
1124330 1864.7
1124340 1864.7
1124350 1874.0
1124360 1889.0
1124370 1908.3
1124380 1908.3
1124390 1915.8
1124400 1923.9
1124410 1923.9
1124420 1930.5
1124430 1935.4
1124440 1935.4
1124450 1944.2
1124460 1954.4
1124470 1954.4
1124480 1960.4
1124490 1971.1
1124500 1971.1
1124510 1980.5
1124520 1986.8
1124530 1986.8
1124540 1995.6
1124550 2013.9
1124560 2013.9
1124570 2029.0
1124580 2022.4
1124590 2022.4
1124600 2023.2
1124610 2026.0
1124620 2022.6
1124630 2022.6
1124640 2026.5
1124650 2028.1
1124660 2028.1
1124670 2027.2
1124680 2023.9
1124690 2023.9
1124700 2023.3
1124710 2023.5
1124720 2023.5
1124730 2023.0
1124740 2022.1
1124750 2022.1
1124760 2021.6
1124770 2019.3
1124780 2019.3
1124790 2017.1
1124800 2015.4
1124810 2015.4
1124820 2013.6
1124830 2012.1
1124840 2005.2
1124850 2005.0
1124860 2003.7
1124870 2003.5
1124880 2003.5
1124890 2002.7
1124900 1999.8
1124910 1999.8
1124920 1995.4
1124930 1992.1
1124940 1992.1
1124950 1988.7
1124960 1983.6
1124970 1983.6
1124980 1974.6
1124990 1965.1
1125000 1965.1
1125010 1952.4
1125020 1934.4
1125030 1934.4
1125040 1938.6
1125050 1941.7
1125060 1941.7
1125070 1943.9
1125080 1942.1
1125090 1933.6
1125100 1933.6
1125110 1926.5
1125120 1921.5
1125130 1921.5
1125140 1920.0
1125150 1920.4
1125160 1920.4
1125170 1919.7
1125180 1912.8
1125190 1904.6
1125200 1898.5
1125210 1891.8
1125220 1891.8
1125230 1880.8
1125240 1867.7
1125250 1867.7
1125260 1860.9
1125270 1857.0
1125280 1857.0
1125290 1851.4
1125300 1848.1
1125310 1848.1
1125320 1853.4
1125330 1857.2
1125340 1856.9
1125350 1856.9
1125360 1851.4
1125370 1845.1
1125380 1845.1
1125390 1836.5
1125400 1828.5
1125410 1828.5
1125420 1830.9
1125430 1831.7
1125440 1831.7
1125450 1833.8
1125460 1842.4
1125470 1842.4
1125480 1844.0
1125490 1837.8
1125500 1837.8
1125510 1847.3
1125520 1857.6
1125530 1857.6
1125540 1849.1
1125550 1846.3
1125560 1846.3
1125570 1847.0
1125580 1850.5
1125590 1841.9
1125600 1841.9
1125610 1829.4
1125620 1836.8
1125630 1836.8
1125640 1839.0
1125650 1837.4
1125660 1837.4
1125670 1823.0
1125680 1817.0
1125690 1817.0
1125700 1819.5
1125710 1823.0
1125720 1823.0
1125730 1829.5
1125740 1829.6
1125750 1829.6
1125760 1826.6
1125770 1825.0
1125780 1825.0
1125790 1825.8
1125800 1821.6
1125810 1817.9
1125820 1817.9
1125830 1818.7
1125840 1821.1
1125850 1821.1
1125860 1822.3
1125870 1827.5
1125880 1827.5
1125890 1832.3
1125900 1825.7
1125910 1825.7
1125920 1831.6
1125930 1840.3
1125940 1840.3
1125950 1850.3
1125960 1858.2
1125970 1858.2
1125980 1862.9
1125990 1867.0
1126000 1867.0
1126010 1870.6
1126020 1873.7
1126030 1873.7
1126040 1876.5
1126050 1883.9
1126060 1893.7
1126070 1893.7
1126080 1903.0
1126090 1911.9
1126100 1911.9
1126110 1920.5
1126120 1929.2
1126130 1929.2
1126140 1939.3
1126150 1947.5
1126160 1947.5
1126170 1951.4
1126180 1956.2
1126190 1956.2
1126200 1959.4
1126210 1959.8
1126220 1959.8
1126230 1960.6
1126240 1961.1
1126250 1954.6
1126260 1955.3
1126270 1953.3
1126280 1948.0
1126290 1948.0
1126300 1942.8
1126310 1940.1
1126320 1940.1
1126330 1935.9
1126340 1929.7
1126350 1929.7
1126360 1924.0
1126370 1918.4
1126380 1918.4
1126390 1910.5
1126400 1902.8
1126410 1902.8
1126420 1893.9
1126430 1885.2
1126440 1885.2
1126450 1878.1
1126460 1874.9
1126470 1874.9
1126480 1871.0
1126490 1864.3
1126500 1864.3
1126510 1856.0
1126520 1839.9
1126530 1824.8
1126540 1824.8
1126550 1820.1
1126560 1820.1
1126570 1820.1
1126580 1818.0
1126590 1813.9
1126600 1813.9
1126610 1800.0
1126620 1797.6
1126630 1797.6
1126640 1798.1
1126650 1793.9
1126660 1793.9
1126670 1790.1
1126680 1792.3
1126690 1792.3
1126700 1796.6
1126710 1803.1
1126720 1803.1
1126730 1804.2
1126740 1798.8
1126750 1798.8
1126760 1793.9
1126770 1787.1
1126780 1779.8
1126790 1779.8
1126800 1773.4
1126810 1767.3
1126820 1767.3
1126830 1762.4
1126840 1762.8
1126850 1762.8
1126860 1763.3
1126870 1750.6
1126880 1750.6
1126890 1737.6
1126900 1742.2
1126910 1742.2
1126920 1745.0
1126930 1743.3
1126940 1743.3
1126950 1738.9
1126960 1726.1
1126970 1726.1
1126980 1733.2
1126990 1740.7
1127000 1741.4
1127010 1741.4
1127020 1747.0
1127030 1749.2
1127040 1749.2
1127050 1741.0
1127060 1735.0
1127070 1735.0
1127080 1735.8
1127090 1754.1
1127100 1754.1
1127110 1769.4
1127120 1769.6
1127130 1769.6
1127140 1755.8
1127150 1755.6
1127160 1755.6
1127170 1761.0
1127180 1769.4
1127190 1769.4
1127200 1772.8
1127210 1776.4
1127220 1776.4
1127230 1774.3
1127240 1766.7
1127250 1761.1
1127260 1761.1
1127270 1758.6
1127280 1757.8
1127290 1757.8
1127300 1752.0
1127310 1744.0
1127320 1737.0
1127330 1730.6
1127340 1725.0
1127350 1725.0
1127360 1726.4
1127370 1726.0
1127380 1726.0
1127390 1730.9
1127400 1737.4
1127410 1737.4
1127420 1740.4
1127430 1739.5
1127440 1739.5
1127450 1746.2
1127460 1754.8
1127470 1754.8
1127480 1761.8
1127490 1763.1
1127500 1757.0
1127510 1757.0
1127520 1742.5
1127530 1744.6
1127540 1744.6
1127550 1790.7
1127560 1812.8
1127570 1812.8
1127580 1811.5
1127590 1813.3
1127600 1813.3
1127610 1810.0
1127620 1809.5
1127630 1809.5
1127640 1794.8
1127650 1765.8
1127660 1765.8
1127670 1750.6
1127680 1749.2
1127690 1749.2
1127700 1742.5
1127710 1735.7
1127720 1726.7
1127730 1726.7
1127740 1714.7
1127750 1693.6
1127760 1693.6
1127770 1680.0
1127780 1679.1
1127790 1679.1
1127800 1666.4
1127810 1653.8
1127820 1653.8
1127830 1642.9
1127840 1631.4
1127850 1631.4
1127860 1621.2
1127870 1606.6
1127880 1606.6
1127890 1591.8
1127900 1581.4
1127910 1581.4
1127920 1574.9
1127930 1583.2
1127940 1583.2
1127950 1595.7
1127960 1597.0
1127970 1591.9
1127980 1591.9
1127990 1592.8
1128000 1599.9
1128010 1599.9
1128020 1599.0
1128030 1588.4
1128040 1588.4
1128050 1591.3
1128060 1591.2
1128070 1591.2
1128080 1595.7
1128090 1606.9
1128100 1606.9
1128110 1618.4
1128120 1624.4
1128130 1624.4
1128140 1626.6
1128150 1627.2
1128160 1627.2
1128170 1627.3
1128180 1625.7
1128190 1625.7
1128200 1625.4
1128210 1628.0
1128220 1633.2
1128230 1633.2
1128240 1639.3
1128250 1647.6
1128260 1647.6
1128270 1656.2
1128280 1658.8
1128290 1658.8
1128300 1657.8
1128310 1652.6
1128320 1652.6
1128330 1645.1
1128340 1638.8
1128350 1638.8
1128360 1632.3
1128370 1624.9
1128380 1621.4
1128390 1614.8
1128400 1608.6
1128410 1608.6
1128420 1605.2
1128430 1601.8
1128440 1598.4
1128450 1598.4
1128460 1598.6
1128470 1600.2
1128480 1600.2
1128490 1602.2
1128500 1603.1
1128510 1603.1
1128520 1602.0
1128530 1600.4
1128540 1600.4
1128550 1602.5
1128560 1602.3
1128570 1602.3
1128580 1602.8
1128590 1603.9
1128600 1603.9
1128610 1602.8
1128620 1601.4
1128630 1601.4
1128640 1600.8
1128650 1599.0
1128660 1599.0
1128670 1599.1
1128680 1599.6
1128690 1599.8
1128700 1599.8
1128710 1599.1
1128720 1598.5
1128730 1598.5
1128740 1593.1
1128750 1592.3
1128760 1592.3
1128770 1591.7
1128780 1591.7
1128790 1591.7
1128800 1592.8
1128810 1593.4
1128820 1593.4
1128830 1595.2
1128840 1596.2
1128850 1596.2
1128860 1596.2
1128870 1595.3
1128880 1595.3
1128890 1594.6
1128900 1593.8
1128910 1593.6
1128920 1593.6
1128930 1594.0
1128940 1593.3
1128950 1593.3
1128960 1592.9
1128970 1592.7
1128980 1592.7
1128990 1594.5
1129000 1600.8
1129010 1600.8
1129020 1608.1
1129030 1615.6
1129040 1615.6
1129050 1618.3
1129060 1612.5
1129070 1612.5
1129080 1606.2
1129090 1601.6
1129100 1597.7
1129110 1594.4
1129120 1593.2
1129130 1593.2
1129140 1592.8
1129150 1590.0
1129160 1582.5
1129170 1582.5
1129180 1573.5
1129190 1566.1
1129200 1566.1
1129210 1560.1
1129220 1557.7
1129230 1557.7
1129240 1559.8
1129250 1563.5
1129260 1563.5
1129270 1567.7
1129280 1569.7
1129290 1569.7
1129300 1575.2
1129310 1577.1
1129320 1577.1
1129330 1579.2
1129340 1583.3
1129350 1583.3
1129360 1587.4
1129370 1591.5
1129380 1591.5
1129390 1594.9
1129400 1594.6
1129410 1596.7
1129420 1596.7
1129430 1602.1
1129440 1606.1
1129450 1606.1
1129460 1597.5
1129470 1594.7
1129480 1594.7
1129490 1601.7
1129500 1608.1
1129510 1608.1
1129520 1613.9
1129530 1619.6
1129540 1619.6
1129550 1623.5
1129560 1622.7
1129570 1622.7
1129580 1620.6
1129590 1617.6
1129600 1617.6
1129610 1608.9
1129620 1606.3
1129630 1607.7
1129640 1607.7
1129650 1611.6
1129660 1618.5
1129670 1618.5
1129680 1627.7
1129690 1624.5
1129700 1624.5
1129710 1622.1
1129720 1620.4
1129730 1620.4
1129740 1619.9
1129750 1624.3
1129760 1624.3
1129770 1639.7
1129780 1641.9
1129790 1641.9
1129800 1635.9
1129810 1626.5
1129820 1626.5
1129830 1619.0
1129840 1610.7
1129850 1610.7
1129860 1603.3
1129870 1595.5
1129880 1587.0
1129890 1587.0
1129900 1581.3
1129910 1580.4
1129920 1580.4
1129930 1580.2
1129940 1578.5
1129950 1578.5
1129960 1575.6
1129970 1572.3
1129980 1572.3
1129990 1569.2
1130000 1566.3
1130010 1566.3
1130020 1563.6
1130030 1561.0
1130040 1561.0
1130050 1557.9
1130060 1555.6
1130070 1555.6
1130080 1554.5
1130090 1551.2
1130100 1551.2
1130110 1543.9
1130120 1548.7
1130130 1550.1
1130140 1550.1
1130150 1547.2
1130160 1545.5
1130170 1541.8
1130180 1540.3
1130190 1533.0
1130200 1533.0
1130210 1539.1
1130220 1546.4
1130230 1546.4
1130240 1546.8
1130250 1540.9
1130260 1540.9
1130270 1535.8
1130280 1531.0
1130290 1531.0
1130300 1525.8
1130310 1521.6
1130320 1521.6
1130330 1519.4
1130340 1517.3
1130350 1515.4
1130360 1515.4
1130370 1515.1
1130380 1510.2
1130390 1510.2
1130400 1504.5
1130410 1499.1
1130420 1499.1
1130430 1494.9
1130440 1492.1
1130450 1492.1
1130460 1489.9
1130470 1488.2
1130480 1488.2
1130490 1487.3
1130500 1486.5
1130510 1486.5
1130520 1485.5
1130530 1476.0
1130540 1476.0
1130550 1471.9
1130560 1469.5
1130570 1469.5
1130580 1469.3
1130590 1467.9
1130600 1463.8
1130610 1463.8
1130620 1457.3
1130630 1451.9
1130640 1451.9
1130650 1450.2
1130660 1449.2
1130670 1449.2
1130680 1447.9
1130690 1448.2
1130700 1448.2
1130710 1451.9
1130720 1457.5
1130730 1457.5
1130740 1460.6
1130750 1461.7
1130760 1461.7
1130770 1463.0
1130780 1463.5
1130790 1463.5
1130800 1463.1
1130810 1463.2
1130820 1463.8
1130830 1463.8
1130840 1464.4
1130850 1464.5
1130860 1464.5
1130870 1463.9
1130880 1463.4
1130890 1460.5
1130900 1460.2
1130910 1460.3
1130920 1460.3
1130930 1460.7
1130940 1461.1
1130950 1461.1
1130960 1461.0
1130970 1460.2
1130980 1460.2
1130990 1459.6
1131000 1458.6
1131010 1458.6
1131020 1458.3
1131030 1458.6
1131040 1458.6
1131050 1458.6
1131060 1458.1
1131070 1457.9
1131080 1457.9
1131090 1459.1
1131100 1460.5
1131110 1460.5
1131120 1459.1
1131130 1455.0
1131140 1455.0
1131150 1452.8
1131160 1452.5
1131170 1452.5
1131180 1451.3
1131190 1450.1
1131200 1450.1
1131210 1448.5
1131220 1448.5
1131230 1448.5
1131240 1448.2
1131250 1441.2
1131260 1441.2
1131270 1442.3
1131280 1443.4
1131290 1443.4
1131300 1444.0
1131310 1446.9
1131320 1451.2
1131330 1451.2
1131340 1454.4
1131350 1459.6
1131360 1459.6
1131370 1465.6
1131380 1470.6
1131390 1470.6
1131400 1473.8
1131410 1476.2
1131420 1476.2
1131430 1478.8
1131440 1481.2
1131450 1481.2
1131460 1482.4
1131470 1485.7
1131480 1485.7
1131490 1491.6
1131500 1497.5
1131510 1497.5
1131520 1502.1
1131530 1507.0
1131540 1512.0
1131550 1512.0
1131560 1517.0
1131570 1522.1
1131580 1522.1
1131590 1526.4
1131600 1530.9
1131610 1531.1
1131620 1537.6
1131630 1544.8
1131640 1544.8
1131650 1551.3
1131660 1557.1
1131670 1557.1
1131680 1561.9
1131690 1568.4
1131700 1568.4
1131710 1574.7
1131720 1581.2
1131730 1581.2
1131740 1587.5
1131750 1595.2
1131760 1595.2
1131770 1603.6
1131780 1615.4
1131790 1620.8
1131800 1620.8
1131810 1628.8
1131820 1637.3
1131830 1637.3
1131840 1643.8
1131850 1648.5
1131860 1648.5
1131870 1652.9
1131880 1656.9
1131890 1656.9
1131900 1660.6
1131910 1663.9
1131920 1663.9
1131930 1667.1
1131940 1670.7
1131950 1670.7
1131960 1674.4
1131970 1673.6
1131980 1673.6
1131990 1677.5
1132000 1681.3
1132010 1681.3
1132020 1684.4
1132030 1687.5
1132040 1690.7
1132050 1690.7
1132060 1693.2
1132070 1696.0
1132080 1696.0
1132090 1699.4
1132100 1703.7
1132110 1703.7
1132120 1707.7
1132130 1710.9
1132140 1710.9
1132150 1715.2
1132160 1720.1
1132170 1720.1
1132180 1723.6
1132190 1725.6
1132200 1725.6
1132210 1728.0
1132220 1730.1
1132230 1730.1
1132240 1730.8
1132250 1731.6
1132260 1733.4
1132270 1733.4
1132280 1735.7
1132290 1737.6
1132300 1737.6
1132310 1739.2
1132320 1741.8
1132330 1744.2
1132340 1747.1
1132350 1749.7
1132360 1749.7
1132370 1752.0
1132380 1753.9
1132390 1753.9
1132400 1755.2
1132410 1757.1
1132420 1757.1
1132430 1758.2
1132440 1758.8
1132450 1758.8
1132460 1758.4
1132470 1754.8
1132480 1754.8
1132490 1750.1
1132500 1746.2
1132510 1741.9
1132520 1741.9
1132530 1738.0
1132540 1735.8
1132550 1735.8
1132560 1734.2
1132570 1732.1
1132580 1732.1
1132590 1728.0
1132600 1724.0
1132610 1724.0
1132620 1721.4
1132630 1720.1
1132640 1720.1
1132650 1720.3
1132660 1722.5
1132670 1722.5
1132680 1725.1
1132690 1720.0
1132700 1720.0
1132710 1721.4
1132720 1723.3
1132730 1723.3
1132740 1725.3
1132750 1727.0
1132760 1728.4
1132770 1728.4
1132780 1729.7
1132790 1731.1
1132800 1731.1
1132810 1731.1
1132820 1730.8
1132830 1730.8
1132840 1730.6
1132850 1729.1
1132860 1729.1
1132870 1726.7
1132880 1725.9
1132890 1725.9
1132900 1726.9
1132910 1727.5
1132920 1727.5
1132930 1729.3
1132940 1731.6
1132950 1731.6
1132960 1733.2
1132970 1734.9
1132980 1736.4
1132990 1736.4
1133000 1738.0
1133010 1738.0
1133020 1738.0
1133030 1738.6
1133040 1738.8
1133050 1735.7
1133060 1735.6
1133070 1736.2
1133080 1736.2
1133090 1736.8
1133100 1737.1
1133110 1737.1
1133120 1737.7
1133130 1738.2
1133140 1738.2
1133150 1738.8
1133160 1739.1
1133170 1739.1
1133180 1739.9
1133190 1740.9
1133200 1740.9
1133210 1742.0
1133220 1742.5
1133230 1742.6
1133240 1742.6
1133250 1742.2
1133260 1742.3
1133270 1742.3
1133280 1742.6
1133290 1742.8
1133300 1742.8
1133310 1743.8
1133320 1746.1
1133330 1746.1
1133340 1747.7
1133350 1748.1
1133360 1748.1
1133370 1747.9
1133380 1747.1
1133390 1747.1
1133400 1743.4
1133410 1741.3
1133420 1741.3
1133430 1742.5
1133440 1743.4
1133450 1745.9
1133460 1745.9
1133470 1750.3
1133480 1755.0
1133490 1755.0
1133500 1759.5
1133510 1764.2
1133520 1764.2
1133530 1769.5
1133540 1774.0
1133550 1774.0
1133560 1778.5
1133570 1782.4
1133580 1782.4
1133590 1786.2
1133600 1790.1
1133610 1790.1
1133620 1794.5
1133630 1799.8
1133640 1799.8
1133650 1805.7
1133660 1811.8
1133670 1811.8
1133680 1818.2
1133690 1822.7
1133700 1825.6
1133710 1825.6
1133720 1828.4
1133730 1832.1
1133740 1832.1
1133750 1835.6
1133760 1838.8
1133770 1839.7
1133780 1843.7
1133790 1847.7
1133800 1847.7
1133810 1851.7
1133820 1855.6
1133830 1855.6
1133840 1859.4
1133850 1862.5
1133860 1862.5
1133870 1865.9
1133880 1870.2
1133890 1870.2
1133900 1875.7
1133910 1882.0
1133920 1882.0
1133930 1888.5
1133940 1894.6
1133950 1900.0
1133960 1900.0
1133970 1905.6
1133980 1911.9
1133990 1911.9
1134000 1918.2
1134010 1924.6
1134020 1924.6
1134030 1931.4
1134040 1937.3
1134050 1937.3
1134060 1941.6
1134070 1944.5
1134080 1944.5
1134090 1947.6
1134100 1951.2
1134110 1951.2
1134120 1954.5
1134130 1959.5
1134140 1963.1
1134150 1969.5
1134160 1976.3
1134170 1983.3
1134180 1983.3
1134190 1990.0
1134200 1994.8
1134210 1994.8
1134220 1997.7
1134230 2002.5
1134240 2002.5
1134250 2008.1
1134260 2012.2
1134270 2012.2
1134280 2014.0
1134290 2015.6
1134300 2015.6
1134310 2018.7
1134320 2022.7
1134330 2022.7
1134340 2028.5
1134350 2034.9
1134360 2034.9
1134370 2042.2
1134380 2049.1
1134390 2049.1
1134400 2053.3
1134410 2052.9
1134420 2051.9
1134430 2051.9
1134440 2055.2
1134450 2057.1
1134460 2057.1
1134470 2054.7
1134480 2052.7
1134490 2052.7
1134500 2054.2
1134510 2057.0
1134520 2057.0
1134530 2059.0
1134540 2058.7
1134550 2058.7
1134560 2056.1
1134570 2056.1
1134580 2056.1
1134590 2057.3
1134600 2062.0
1134610 2062.0
1134620 2066.9
1134630 2072.1
1134640 2072.1
1134650 2076.4
1134660 2079.0
1134670 2081.6
1134680 2081.6
1134690 2084.1
1134700 2086.4
1134710 2086.4
1134720 2088.1
1134730 2087.6
1134740 2087.6
1134750 2086.1
1134760 2085.4
1134770 2085.4
1134780 2085.3
1134790 2086.3
1134800 2086.3
1134810 2087.5
1134820 2089.1
1134830 2089.1
1134840 2092.0
1134850 2097.9
1134860 2090.5
1134870 2095.9
1134880 2098.8
1134890 2100.7
1134900 2100.7
1134910 2103.0
1134920 2104.9
1134930 2104.9
1134940 2107.3
1134950 2109.2
1134960 2109.2
1134970 2110.7
1134980 2111.2
1134990 2111.2
1135000 2107.3
1135010 2109.6
1135020 2109.6
1135030 2104.8
1135040 2100.9
1135050 2100.9
1135060 2091.0
1135070 2083.4
1135080 2083.4
1135090 2083.3
1135100 2081.9
1135110 2081.9
1135120 2081.0
1135130 2081.9
1135140 2089.0
1135150 2089.0
1135160 2085.4
1135170 2088.3
1135180 2088.3
1135190 2090.7
1135200 2094.9
1135210 2094.9
1135220 2082.9
1135230 2085.5
1135240 2085.5
1135250 2088.7
1135260 2090.9
1135270 2090.9
1135280 2091.0
1135290 2096.3
1135300 2096.3
1135310 2102.8
1135320 2100.6
1135330 2100.6
1135340 2100.6
1135350 2102.5
1135360 2108.0
1135370 2108.0
1135380 2122.6
1135390 2136.3
1135400 2136.3
1135410 2145.3
1135420 2139.4
1135430 2139.4
1135440 2131.7
1135450 2114.9
1135460 2114.9
1135470 2105.5
1135480 2104.1
1135490 2104.1
1135500 2106.8
1135510 2111.3
1135520 2111.3
1135530 2118.2
1135540 2120.6
1135550 2120.6
1135560 2122.8
1135570 2127.4
1135580 2127.4
1135590 2118.6
1135600 2118.6
1135610 2107.7
1135620 2107.7
1135630 2110.0
1135640 2117.2
1135650 2117.2
1135660 2131.7
1135670 2139.3
1135680 2139.3
1135690 2130.7
1135700 2127.3
1135710 2127.3
1135720 2128.0
1135730 2140.4
1135740 2140.4
1135750 2145.3
1135760 2149.3
1135770 2149.3
1135780 2144.7
1135790 2148.0
1135800 2148.0
1135810 2133.2
1135820 2136.2
1135830 2136.2
1135840 2148.7
1135850 2148.3
1135860 2142.9
1135870 2142.9
1135880 2139.2
1135890 2137.4
1135900 2137.4
1135910 2138.1
1135920 2140.7
1135930 2140.7
1135940 2141.3
1135950 2128.2
1135960 2128.2
1135970 2119.0
1135980 2115.9
1135990 2115.9
1136000 2114.5
1136010 2114.3
1136020 2114.3
1136030 2115.6
1136040 2117.5
1136050 2117.5
1136060 2120.7
1136070 2122.4
1136080 2124.0
1136090 2124.0
1136100 2128.2
1136110 2133.6
1136120 2133.6
1136130 2138.8
1136140 2142.5
1136150 2142.5
1136160 2145.1
1136170 2146.7
1136180 2146.7
1136190 2147.5
1136200 2148.7
1136210 2148.7
1136220 2149.8
1136230 2151.0
1136240 2151.0
1136250 2152.4
1136260 2154.0
1136270 2154.0
1136280 2154.9
1136290 2153.9
1136300 2153.9
1136310 2152.6
1136320 2148.0
1136330 2148.3
1136340 2148.3
1136350 2146.6
1136360 2144.7
1136370 2144.7
1136380 2140.8
1136390 2136.7
1136400 2136.7
1136410 2134.0
1136420 2132.7
1136430 2132.7
1136440 2131.0
1136450 2130.0
1136460 2130.0
1136470 2130.5
1136480 2131.5
1136490 2131.5
1136500 2131.9
1136510 2131.5
1136520 2131.5
1136530 2130.6
1136540 2128.6
1136550 2128.6
1136560 2128.9
1136570 2129.4
1136580 2129.6
1136590 2129.6
1136600 2130.8
1136610 2129.4
1136620 2129.4
1136630 2125.6
1136640 2120.1
1136650 2120.1
1136660 2116.0
1136670 2116.6
1136680 2118.1
1136690 2123.8
1136700 2124.9
1136710 2124.9
1136720 2123.1
1136730 2122.2
1136740 2122.2
1136750 2122.3
1136760 2122.3
1136770 2122.3
1136780 2122.0
1136790 2121.7
1136800 2121.3
1136810 2121.3
1136820 2120.3
1136830 2117.7
1136840 2117.7
1136850 2115.0
1136860 2113.2
1136870 2113.2
1136880 2112.9
1136890 2114.0
1136900 2114.0
1136910 2113.9
1136920 2115.5
1136930 2115.5
1136940 2118.2
1136950 2121.2
1136960 2121.2
1136970 2122.3
1136980 2125.9
1136990 2125.9
1137000 2130.4
1137010 2134.9
1137020 2134.9
1137030 2139.2
1137040 2143.7
1137050 2142.1
1137060 2142.1
1137070 2145.0
1137080 2146.7
1137090 2146.7
1137100 2146.9
1137110 2145.6
1137120 2145.6
1137130 2144.0
1137140 2142.4
1137150 2142.4
1137160 2142.3
1137170 2145.1
1137180 2145.1
1137190 2146.9
1137200 2146.8
1137210 2146.8
1137220 2145.6
1137230 2144.9
1137240 2144.9
1137250 2144.0
1137260 2142.7
1137270 2141.7
1137280 2141.7
1137290 2140.8
1137300 2140.3
1137310 2140.3
1137320 2139.2
1137330 2137.8
1137340 2137.8
1137350 2136.7
1137360 2135.5
1137370 2135.5
1137380 2134.0
1137390 2132.7
1137400 2132.7
1137410 2126.7
1137420 2125.9
1137430 2125.9
1137440 2125.2
1137450 2125.0
1137460 2125.0
1137470 2125.9
1137480 2125.7
1137490 2125.7
1137500 2125.3
1137510 2125.2
1137520 2123.8
1137530 2123.8
1137540 2120.6
1137550 2120.8
1137560 2120.8
1137570 2123.6
1137580 2127.3
1137590 2127.3
1137600 2130.9
1137610 2133.9
1137620 2133.9
1137630 2135.5
1137640 2136.3
1137650 2136.3
1137660 2136.2
1137670 2135.8
1137680 2135.8
1137690 2136.1
1137700 2137.4
1137710 2137.4
1137720 2138.9
1137730 2139.9
1137740 2139.9
1137750 2140.9
1137760 2141.6
1137770 2141.4
1137780 2134.5
1137790 2134.3
1137800 2133.7
1137810 2133.7
1137820 2132.6
1137830 2129.6
1137840 2129.6
1137850 2125.5
1137860 2122.4
1137870 2122.4
1137880 2119.7
1137890 2117.0
1137900 2117.0
1137910 2113.8
1137920 2110.3
1137930 2110.3
1137940 2107.0
1137950 2104.5
1137960 2104.5
1137970 2101.9
1137980 2099.9
1137990 2098.1
1138000 2098.1
1138010 2093.9
1138020 2091.3
1138030 2091.3
1138040 2088.6
1138050 2085.3
1138060 2085.3
1138070 2082.0
1138080 2078.3
1138090 2078.3
1138100 2074.3
1138110 2070.1
1138120 2070.1
1138130 2066.4
1138140 2062.8
1138150 2057.0
1138160 2053.6
1138170 2051.9
1138180 2051.9
1138190 2051.7
1138200 2050.7
1138210 2050.7
1138220 2049.2
1138230 2048.1
1138240 2048.9
1138250 2048.9
1138260 2051.1
1138270 2051.2
1138280 2051.2
1138290 2049.8
1138300 2048.9
1138310 2048.9
1138320 2047.4
1138330 2047.5
1138340 2047.5
1138350 2048.7
1138360 2048.7
1138370 2048.7
1138380 2046.1
1138390 2038.6
1138400 2038.6
1138410 2030.3
1138420 2030.8
1138430 2030.8
1138440 2036.1
1138450 2041.5
1138460 2041.5
1138470 2046.3
1138480 2048.9
1138490 2052.0
1138500 2052.0
1138510 2049.4
1138520 2048.8
1138530 2048.8
1138540 2046.3
1138550 2045.2
1138560 2045.2
1138570 2043.9
1138580 2046.0
1138590 2046.0
1138600 2049.5
1138610 2053.5
1138620 2053.5
1138630 2053.0
1138640 2054.2
1138650 2054.2
1138660 2055.6
1138670 2057.7
1138680 2057.7
1138690 2059.2
1138700 2058.8
1138710 2059.1
1138720 2059.1
1138730 2058.2
1138740 2058.7
1138750 2058.7
1138760 2058.4
1138770 2058.2
1138780 2058.2
1138790 2057.7
1138800 2057.3
1138810 2057.3
1138820 2057.1
1138830 2056.3
1138840 2056.3
1138850 2056.1
1138860 2054.3
1138870 2054.3
1138880 2045.5
1138890 2046.1
1138900 2046.1
1138910 2047.3
1138920 2047.1
1138930 2047.1
1138940 2046.6
1138950 2047.0
1138960 2047.3
1138970 2047.3
1138980 2044.7
1138990 2040.4
1139000 2040.4
1139010 2036.3
1139020 2034.6
1139030 2034.6
1139040 2033.4
1139050 2033.8
1139060 2033.8
1139070 2033.2
1139080 2033.5
1139090 2033.5
1139100 2033.5
1139110 2032.4
1139120 2032.4
1139130 2029.7
1139140 2025.8
1139150 2025.8
1139160 2021.9
1139170 2022.3
1139180 2025.8
1139190 2025.8
1139200 2023.6
1139210 2019.7
1139220 2019.7
1139230 2019.5
1139240 2024.3
1139250 2017.1
1139260 2014.5
1139270 2007.8
1139280 2007.8
1139290 2002.6
1139300 1997.0
1139310 1997.0
1139320 1997.0
1139330 1998.0
1139340 1998.0
1139350 1994.9
1139360 1990.6
1139370 1990.6
1139380 1984.8
1139390 1980.9
1139400 1980.9
1139410 1977.8
1139420 1975.4
1139430 1973.9
1139440 1973.9
1139450 1971.4
1139460 1968.3
1139470 1968.3
1139480 1966.6
1139490 1965.6
1139500 1965.6
1139510 1964.9
1139520 1964.5
1139530 1964.5
1139540 1967.0
1139550 1967.5
1139560 1967.5
1139570 1960.5
1139580 1954.4
1139590 1954.4
1139600 1950.2
1139610 1946.4
1139620 1941.4
1139630 1937.5
1139640 1934.4
1139650 1934.4
1139660 1932.9
1139670 1934.2
1139680 1935.8
1139690 1935.8
1139700 1939.5
1139710 1942.6
1139720 1942.6
1139730 1944.3
1139740 1943.1
1139750 1943.1
1139760 1942.9
1139770 1943.5
1139780 1943.5
1139790 1945.8
1139800 1951.4
1139810 1951.4
1139820 1952.0
1139830 1950.8
1139840 1950.8
1139850 1950.0
1139860 1947.9
1139870 1947.9
1139880 1948.7
1139890 1952.1
1139900 1952.7
1139910 1952.7
1139920 1947.7
1139930 1942.5
1139940 1942.5
1139950 1935.9
1139960 1927.6
1139970 1927.6
1139980 1920.6
1139990 1913.2
