1120000 1443.5
1120010 1443.5
1120020 1444.4
1120030 1438.7
1120040 1438.7
1120050 1429.3
1120060 1422.2
1120070 1422.2
1120080 1412.0
1120090 1400.6
1120100 1400.6
1120110 1393.6
1120120 1391.3
1120130 1391.3
1120140 1394.1
1120150 1400.0
1120160 1400.0
1120170 1404.9
1120180 1401.9
1120190 1401.9
1120200 1395.5
1120210 1392.0
1120220 1388.1
1120230 1388.1
1120240 1377.9
1120250 1368.1
1120260 1368.1
1120270 1358.6
1120280 1351.5
1120290 1351.5
1120300 1343.4
1120310 1342.8
1120320 1342.8
1120330 1325.9
1120340 1316.0
1120350 1316.0
1120360 1308.8
1120370 1303.0
1120380 1303.0
1120390 1300.5
1120400 1295.3
1120410 1295.3
1120420 1288.8
1120430 1293.2
1120440 1293.2
1120450 1298.2
1120460 1293.9
1120470 1291.3
1120480 1291.3
1120490 1291.9
1120500 1295.7
1120510 1295.7
1120520 1300.6
1120530 1308.3
1120540 1308.3
1120550 1314.6
1120560 1318.9
1120570 1318.9
1120580 1321.6
1120590 1324.3
1120600 1324.3
1120610 1327.9
1120620 1331.0
1120630 1331.0
1120640 1334.2
1120650 1338.3
1120660 1343.4
1120670 1348.5
1120680 1353.5
1120690 1356.5
1120700 1356.5
1120710 1358.2
1120720 1362.1
1120730 1362.1
1120740 1366.7
1120750 1372.8
1120760 1372.8
1120770 1382.0
1120780 1392.6
1120790 1392.6
1120800 1398.2
1120810 1401.0
1120820 1401.0
1120830 1405.7
1120840 1408.2
1120850 1408.2
1120860 1418.6
1120870 1427.8
1120880 1427.8
1120890 1433.0
1120900 1435.6
1120910 1435.6
1120920 1441.5
1120930 1451.4
1120940 1462.6
1120950 1462.6
1120960 1469.1
1120970 1470.8
1120980 1470.8
1120990 1472.3
1121000 1475.0
1121010 1491.8
1121020 1496.6
1121030 1498.1
1121040 1498.1
1121050 1497.9
1121060 1496.6
1121070 1496.6
1121080 1497.3
1121090 1499.9
1121100 1499.9
1121110 1504.5
1121120 1514.0
1121130 1514.0
1121140 1526.3
1121150 1540.0
1121160 1540.0
1121170 1550.6
1121180 1559.6
1121190 1558.8
1121200 1558.8
1121210 1553.8
1121220 1553.5
1121230 1553.5
1121240 1566.7
1121250 1567.7
1121260 1567.7
1121270 1572.4
1121280 1580.1
1121290 1580.1
1121300 1586.8
1121310 1591.3
1121320 1591.3
1121330 1595.7
1121340 1605.3
1121350 1605.3
1121360 1621.9
1121370 1625.8
1121380 1625.8
1121390 1626.7
1121400 1633.5
1121410 1641.4
1121420 1641.4
1121430 1652.2
1121440 1666.0
1121450 1666.0
1121460 1678.1
1121470 1684.3
1121480 1684.3
1121490 1687.4
1121500 1698.4
1121510 1698.4
1121520 1705.6
1121530 1707.9
1121540 1707.9
1121550 1711.8
1121560 1721.9
1121570 1721.9
1121580 1732.0
1121590 1738.7
1121600 1738.7
1121610 1734.7
1121620 1724.1
1121630 1724.1
1121640 1715.6
1121650 1716.7
1121660 1719.7
1121670 1719.7
1121680 1715.8
1121690 1726.4
1121700 1726.4
1121710 1737.5
1121720 1742.1
1121730 1742.1
1121740 1753.1
1121750 1763.3
1121760 1763.3
1121770 1774.7
1121780 1772.9
1121790 1772.9
1121800 1776.1
1121810 1778.2
1121820 1778.2
1121830 1777.1
1121840 1776.8
1121850 1776.8
1121860 1773.7
1121870 1771.7
1121880 1771.7
1121890 1771.3
1121900 1770.7
1121910 1770.4
1121920 1770.4
1121930 1767.1
1121940 1764.1
1121950 1764.1
1121960 1763.0
1121970 1761.9
1121980 1761.9
1121990 1760.0
1122000 1757.7
1122010 1757.7
1122020 1754.7
1122030 1751.3
1122040 1751.3
1122050 1748.6
1122060 1743.6
1122070 1743.6
1122080 1739.3
1122090 1736.2
1122100 1736.2
1122110 1732.7
1122120 1729.7
1122130 1729.0
1122140 1729.0
1122150 1729.5
1122160 1729.1
1122170 1729.1
1122180 1726.1
1122190 1724.3
1122200 1724.3
1122210 1722.8
1122220 1720.3
1122230 1720.3
1122240 1717.0
1122250 1712.8
1122260 1712.8
1122270 1707.7
1122280 1702.0
1122290 1702.0
1122300 1698.0
1122310 1693.2
1122320 1693.2
1122330 1690.4
1122340 1685.9
1122350 1685.9
1122360 1680.5
1122370 1676.4
1122380 1675.1
1122390 1675.1
1122400 1676.7
1122410 1677.0
1122420 1677.0
1122430 1684.1
1122440 1690.6
1122450 1690.6
1122460 1695.2
1122470 1700.1
1122480 1700.1
1122490 1703.8
1122500 1707.3
1122510 1707.3
1122520 1709.1
1122530 1709.8
1122540 1709.8
1122550 1712.2
1122560 1716.1
1122570 1716.1
1122580 1718.7
1122590 1719.3
1122600 1719.6
1122610 1719.6
1122620 1721.2
1122630 1722.1
1122640 1722.1
1122650 1723.6
1122660 1725.2
1122670 1725.2
1122680 1726.1
1122690 1725.5
1122700 1725.5
1122710 1726.1
1122720 1726.2
1122730 1726.2
1122740 1726.0
1122750 1724.8
1122760 1719.9
1122770 1717.8
1122780 1713.3
1122790 1713.3
1122800 1707.2
1122810 1701.3
1122820 1701.3
1122830 1703.5
1122840 1709.5
1122850 1714.4
1122860 1714.4
1122870 1719.4
1122880 1724.8
1122890 1724.8
1122900 1729.3
1122910 1731.6
1122920 1731.6
1122930 1733.5
1122940 1735.0
1122950 1735.0
1122960 1735.1
1122970 1736.7
1122980 1736.7
1122990 1736.0
1123000 1734.2
1123010 1734.2
1123020 1735.7
1123030 1736.3
1123040 1736.3
1123050 1735.0
1123060 1731.4
1123070 1731.4
1123080 1727.2
1123090 1725.3
1123100 1724.5
1123110 1720.8
1123120 1717.4
1123130 1716.0
1123140 1716.0
1123150 1715.9
1123160 1714.0
1123170 1714.0
1123180 1711.3
1123190 1709.6
1123200 1709.6
1123210 1706.7
1123220 1700.5
1123230 1700.5
1123240 1693.2
1123250 1688.0
1123260 1688.0
1123270 1684.2
1123280 1678.8
1123290 1678.8
1123300 1673.0
1123310 1665.7
1123320 1658.1
1123330 1658.1
1123340 1650.3
1123350 1642.9
1123360 1642.9
1123370 1637.0
1123380 1629.0
1123390 1629.0
1123400 1618.7
1123410 1609.8
1123420 1609.8
1123430 1601.4
1123440 1593.5
1123450 1593.5
1123460 1582.8
1123470 1576.5
1123480 1576.5
1123490 1570.2
1123500 1564.7
1123510 1564.7
1123520 1558.7
1123530 1552.5
1123540 1552.5
1123550 1546.1
1123560 1539.7
1123570 1533.4
1123580 1533.4
1123590 1527.7
1123600 1522.4
1123610 1522.4
1123620 1518.5
1123630 1514.3
1123640 1514.3
1123650 1508.8
1123660 1504.4
1123670 1504.4
1123680 1502.9
1123690 1500.4
1123700 1500.4
1123710 1498.2
1123720 1497.0
1123730 1497.0
1123740 1493.2
1123750 1492.4
1123760 1492.4
1123770 1489.2
1123780 1486.1
1123790 1486.1
1123800 1482.9
1123810 1487.7
1123820 1490.6
1123830 1490.6
1123840 1498.8
1123850 1506.5
1123860 1506.5
1123870 1514.1
1123880 1521.7
1123890 1521.7
1123900 1527.6
1123910 1532.4
1123920 1532.4
1123930 1537.6
1123940 1543.3
1123950 1543.3
1123960 1549.4
1123970 1555.8
1123980 1555.8
1123990 1561.3
1124000 1567.0
1124010 1567.0
1124020 1571.7
1124030 1576.2
1124040 1577.1
1124050 1577.1
1124060 1583.2
1124070 1591.2
1124080 1591.2
1124090 1599.5
1124100 1609.6
1124110 1609.6
1124120 1619.0
1124130 1627.9
1124140 1627.9
1124150 1633.7
1124160 1639.3
1124170 1640.5
1124180 1652.5
1124190 1670.7
1124200 1670.7
1124210 1684.6
1124220 1696.7
1124230 1696.7
1124240 1703.9
1124250 1712.5
1124260 1712.5
1124270 1722.9
1124280 1733.0
1124290 1733.6
1124300 1733.6
1124310 1731.1
1124320 1729.4
1124330 1729.4
1124340 1732.2
1124350 1736.9
1124360 1736.9
1124370 1742.9
1124380 1761.0
1124390 1761.0
1124400 1792.5
1124410 1806.3
1124420 1806.3
1124430 1817.4
1124440 1832.2
1124450 1832.2
1124460 1851.9
1124470 1894.9
1124480 1894.9
1124490 1939.1
1124500 1951.8
1124510 1951.8
1124520 1941.8
1124530 1966.1
1124540 1973.6
1124550 1973.6
1124560 1972.0
1124570 1971.2
1124580 1971.2
1124590 1964.1
1124600 1955.2
1124610 1955.2
1124620 1942.2
1124630 1929.0
1124640 1929.0
1124650 1919.1
1124660 1908.2
1124670 1908.2
1124680 1899.4
1124690 1890.2
1124700 1890.2
1124710 1884.8
1124720 1887.7
1124730 1887.7
1124740 1890.4
1124750 1892.3
1124760 1898.7
1124770 1898.7
1124780 1899.7
1124790 1902.5
1124800 1902.5
1124810 1907.5
1124820 1909.1
1124830 1909.1
1124840 1909.6
1124850 1906.1
1124860 1906.1
1124870 1898.6
1124880 1903.7
1124890 1903.7
1124900 1905.4
1124910 1904.2
1124920 1904.2
1124930 1903.3
1124940 1901.5
1124950 1901.5
1124960 1898.1
1124970 1892.4
1124980 1892.4
1124990 1887.7
1125000 1884.7
1125010 1882.4
1125020 1882.4
1125030 1879.3
1125040 1874.8
1125050 1874.8
1125060 1868.4
1125070 1859.8
1125080 1859.8
1125090 1845.3
1125100 1823.4
1125110 1823.4
1125120 1812.1
1125130 1799.6
1125140 1799.6
1125150 1786.6
1125160 1776.9
1125170 1776.9
1125180 1783.5
1125190 1787.2
1125200 1787.2
1125210 1780.0
1125220 1754.0
1125230 1736.4
1125240 1736.4
1125250 1719.6
1125260 1709.9
1125270 1709.9
1125280 1705.5
1125290 1702.6
1125300 1702.6
1125310 1700.0
1125320 1696.5
1125330 1696.5
1125340 1692.6
1125350 1689.6
1125360 1689.6
1125370 1685.3
1125380 1681.1
1125390 1681.1
1125400 1682.2
1125410 1685.2
1125420 1685.2
1125430 1689.0
1125440 1688.4
1125450 1688.4
1125460 1687.4
1125470 1687.4
1125480 1682.9
1125490 1682.9
1125500 1678.1
1125510 1690.7
1125520 1690.7
1125530 1703.8
1125540 1709.5
1125550 1709.5
1125560 1710.7
1125570 1704.5
1125580 1687.1
1125590 1688.7
1125600 1692.2
1125610 1692.2
1125620 1691.0
1125630 1688.8
1125640 1688.8
1125650 1689.8
1125660 1690.0
1125670 1690.0
1125680 1694.8
1125690 1700.2
1125700 1700.2
1125710 1705.4
1125720 1713.5
1125730 1722.3
1125740 1722.3
1125750 1730.3
1125760 1736.5
1125770 1736.5
1125780 1743.0
1125790 1749.4
1125800 1749.4
1125810 1756.5
1125820 1763.9
1125830 1763.9
1125840 1770.8
1125850 1777.4
1125860 1777.4
1125870 1784.6
1125880 1793.1
1125890 1793.1
1125900 1800.5
1125910 1809.6
1125920 1809.6
1125930 1819.8
1125940 1832.1
1125950 1831.4
1125960 1831.4
1125970 1832.6
1125980 1837.8
1125990 1837.8
1126000 1844.1
1126010 1848.6
1126020 1848.6
1126030 1854.7
1126040 1859.9
1126050 1859.9
1126060 1867.1
1126070 1871.8
1126080 1871.8
1126090 1870.9
1126100 1868.3
1126110 1868.3
1126120 1864.9
1126130 1866.8
1126140 1866.8
1126150 1873.4
1126160 1879.8
1126170 1879.8
1126180 1881.3
1126190 1881.5
1126200 1881.5
1126210 1881.5
1126220 1880.9
1126230 1880.8
1126240 1880.8
1126250 1881.5
1126260 1882.5
1126270 1882.5
1126280 1882.6
1126290 1876.2
1126300 1876.2
1126310 1874.8
1126320 1873.1
1126330 1873.1
1126340 1868.5
1126350 1859.1
1126360 1859.1
1126370 1850.4
1126380 1842.1
1126390 1842.1
1126400 1832.9
1126410 1824.5
1126420 1824.5
1126430 1816.9
1126440 1811.3
1126450 1805.8
1126460 1805.8
1126470 1799.8
1126480 1797.4
1126490 1797.4
1126500 1794.6
1126510 1790.1
1126520 1790.1
1126530 1785.1
1126540 1783.0
1126550 1783.0
1126560 1782.4
1126570 1780.4
1126580 1780.4
1126590 1779.2
1126600 1780.4
1126610 1780.4
1126620 1782.8
1126630 1785.4
1126640 1777.2
1126650 1782.6
1126660 1781.2
1126670 1774.3
1126680 1774.3
1126690 1766.0
1126700 1757.2
1126710 1757.2
1126720 1751.0
1126730 1746.1
1126740 1746.1
1126750 1743.5
1126760 1739.6
1126770 1739.6
1126780 1730.2
1126790 1718.7
1126800 1718.7
1126810 1709.6
1126820 1699.4
1126830 1699.4
1126840 1688.7
1126850 1677.9
1126860 1677.9
1126870 1668.8
1126880 1658.6
1126890 1658.6
1126900 1647.2
1126910 1639.8
1126920 1635.9
1126930 1635.9
1126940 1632.6
1126950 1634.2
1126960 1634.2
1126970 1637.1
1126980 1638.7
1126990 1638.7
1127000 1630.4
1127010 1627.0
1127020 1627.0
1127030 1620.5
1127040 1611.8
1127050 1611.8
1127060 1601.9
1127070 1597.8
1127080 1597.8
1127090 1600.4
1127100 1601.7
1127110 1601.7
1127120 1598.8
1127130 1596.8
1127140 1599.9
1127150 1599.9
1127160 1598.0
1127170 1596.9
1127180 1596.9
1127190 1598.6
1127200 1600.1
1127210 1600.1
1127220 1599.0
1127230 1596.3
1127240 1596.3
1127250 1597.9
1127260 1596.9
1127270 1596.9
1127280 1596.8
1127290 1600.1
1127300 1600.1
1127310 1605.1
1127320 1608.7
1127330 1608.7
1127340 1610.5
1127350 1600.6
1127360 1600.6
1127370 1595.6
1127380 1593.2
1127390 1598.6
1127400 1598.6
1127410 1604.0
1127420 1612.7
1127430 1612.7
1127440 1620.9
1127450 1624.8
1127460 1624.8
1127470 1630.5
1127480 1638.3
1127490 1638.3
1127500 1641.9
1127510 1642.7
1127520 1642.7
1127530 1641.4
1127540 1633.8
1127550 1633.8
1127560 1627.1
1127570 1628.7
1127580 1628.7
1127590 1632.9
1127600 1640.2
1127610 1640.2
1127620 1642.5
1127630 1641.6
1127640 1643.8
1127650 1643.8
1127660 1646.3
1127670 1649.8
1127680 1649.8
1127690 1651.9
1127700 1643.7
1127710 1644.5
1127720 1634.3
1127730 1623.6
1127740 1623.6
1127750 1611.0
1127760 1599.6
1127770 1599.6
1127780 1588.5
1127790 1577.6
1127800 1577.6
1127810 1569.6
1127820 1564.4
1127830 1564.4
1127840 1560.3
1127850 1556.1
1127860 1548.3
1127870 1548.3
1127880 1540.5
1127890 1530.8
1127900 1530.8
1127910 1519.0
1127920 1507.4
1127930 1507.4
1127940 1497.4
1127950 1489.3
1127960 1489.3
1127970 1482.8
1127980 1486.0
1127990 1486.0
1128000 1496.4
1128010 1509.0
1128020 1509.0
1128030 1515.6
1128040 1517.8
1128050 1517.8
1128060 1522.7
1128070 1531.1
1128080 1531.1
1128090 1530.2
1128100 1526.5
1128110 1526.2
1128120 1526.2
1128130 1528.4
1128140 1530.0
1128150 1530.0
1128160 1532.7
1128170 1539.0
1128180 1539.0
1128190 1547.5
1128200 1556.0
1128210 1556.0
1128220 1559.9
1128230 1559.4
1128240 1559.4
1128250 1560.2
1128260 1559.4
1128270 1559.4
1128280 1557.0
1128290 1554.0
1128300 1554.0
1128310 1553.4
1128320 1554.2
1128330 1554.2
1128340 1551.4
1128350 1548.2
1128360 1544.7
1128370 1544.7
1128380 1541.1
1128390 1540.0
1128400 1540.0
1128410 1541.5
1128420 1540.0
1128430 1540.0
1128440 1542.3
1128450 1544.5
1128460 1544.5
1128470 1545.2
1128480 1543.4
1128490 1543.4
1128500 1542.1
1128510 1544.1
1128520 1544.1
1128530 1544.6
1128540 1546.1
1128550 1546.1
1128560 1545.9
1128570 1546.2
1128580 1544.3
1128590 1544.3
1128600 1543.8
1128610 1544.1
1128620 1544.1
1128630 1544.7
1128640 1542.6
1128650 1542.6
1128660 1543.4
1128670 1542.3
1128680 1542.3
1128690 1541.2
1128700 1540.9
1128710 1540.9
1128720 1540.0
1128730 1538.6
1128740 1538.6
1128750 1536.4
1128760 1535.9
1128770 1535.9
1128780 1530.6
1128790 1529.7
1128800 1529.7
1128810 1529.5
1128820 1529.8
1128830 1529.2
1128840 1529.2
1128850 1530.6
1128860 1531.6
1128870 1531.6
1128880 1531.0
1128890 1530.2
1128900 1530.2
1128910 1528.9
1128920 1527.4
1128930 1527.4
1128940 1526.5
1128950 1527.2
1128960 1527.2
1128970 1531.7
1128980 1538.2
1128990 1538.2
1129000 1544.7
1129010 1548.8
1129020 1548.8
1129030 1551.2
1129040 1552.7
1129050 1552.7
1129060 1552.7
1129070 1553.1
1129080 1550.9
1129090 1550.9
1129100 1547.9
1129110 1542.6
1129120 1542.6
1129130 1537.1
1129140 1526.7
1129150 1526.7
1129160 1521.8
1129170 1516.9
1129180 1516.9
1129190 1515.5
1129200 1513.7
1129210 1513.7
1129220 1513.8
1129230 1517.5
1129240 1517.5
1129250 1520.1
1129260 1519.7
1129270 1519.7
1129280 1512.6
1129290 1510.5
1129300 1514.4
1129310 1514.4
1129320 1515.6
1129330 1515.0
1129340 1515.0
1129350 1513.6
1129360 1513.2
1129370 1513.2
1129380 1513.9
1129390 1513.6
1129400 1513.6
1129410 1512.4
1129420 1512.5
1129430 1512.5
1129440 1512.2
1129450 1510.5
1129460 1510.5
1129470 1508.2
1129480 1505.6
1129490 1500.7
1129500 1497.5
1129510 1496.7
1129520 1496.7
1129530 1496.2
1129540 1497.9
1129550 1498.5
1129560 1498.5
1129570 1497.9
1129580 1495.5
1129590 1495.5
1129600 1495.5
1129610 1493.6
1129620 1493.6
1129630 1493.8
1129640 1495.5
1129650 1495.5
1129660 1496.3
1129670 1496.2
1129680 1496.2
1129690 1500.6
1129700 1499.1
1129710 1499.1
1129720 1491.9
1129730 1491.0
1129740 1491.0
1129750 1487.4
1129760 1486.1
1129770 1487.5
1129780 1487.5
1129790 1491.7
1129800 1495.0
1129810 1495.0
1129820 1495.4
1129830 1494.8
1129840 1494.8
1129850 1492.2
1129860 1495.5
1129870 1495.5
1129880 1496.8
1129890 1496.3
1129900 1496.3
1129910 1496.1
1129920 1496.0
1129930 1496.0
1129940 1495.9
1129950 1496.0
1129960 1496.0
1129970 1496.0
1129980 1496.1
1129990 1496.1
1130000 1496.2
1130010 1496.4
1130020 1496.3
1130030 1496.3
1130040 1496.1
1130050 1495.9
1130060 1495.9
1130070 1497.6
1130080 1499.5
1130090 1499.5
1130100 1500.8
1130110 1500.5
1130120 1500.5
1130130 1499.5
1130140 1499.6
1130150 1499.6
1130160 1499.5
1130170 1498.3
1130180 1498.3
1130190 1496.2
1130200 1492.8
1130210 1491.5
1130220 1488.4
1130230 1488.3
1130240 1488.3
1130250 1487.1
1130260 1484.2
1130270 1480.8
1130280 1480.8
1130290 1478.9
1130300 1474.6
1130310 1474.6
1130320 1475.4
1130330 1475.0
1130340 1475.0
1130350 1473.4
1130360 1471.2
1130370 1471.2
1130380 1468.2
1130390 1465.5
1130400 1465.5
1130410 1463.5
1130420 1461.7
1130430 1461.7
1130440 1459.6
1130450 1457.3
1130460 1457.3
1130470 1454.8
1130480 1451.5
1130490 1448.4
1130500 1448.4
1130510 1445.4
1130520 1443.0
1130530 1443.0
1130540 1440.4
1130550 1438.0
1130560 1438.0
1130570 1434.8
1130580 1433.3
1130590 1433.3
1130600 1431.6
1130610 1429.9
1130620 1429.9
1130630 1428.3
1130640 1427.3
1130650 1427.3
1130660 1426.8
1130670 1426.5
1130680 1426.5
1130690 1426.7
1130700 1426.4
1130710 1426.4
1130720 1425.7
1130730 1425.6
1130740 1425.8
1130750 1425.8
1130760 1426.1
1130770 1426.4
1130780 1426.4
1130790 1426.5
1130800 1427.1
1130810 1427.1
1130820 1428.3
1130830 1428.9
1130840 1428.9
1130850 1429.3
1130860 1429.8
1130870 1429.8
1130880 1430.3
1130890 1430.6
1130900 1430.6
1130910 1431.0
1130920 1431.6
1130930 1429.3
1130940 1430.2
1130950 1430.7
1130960 1431.0
1130970 1431.0
1130980 1430.9
1130990 1429.8
1131000 1429.8
1131010 1427.6
1131020 1425.7
1131030 1425.7
1131040 1424.6
1131050 1424.7
1131060 1424.7
1131070 1425.5
1131080 1426.3
1131090 1426.3
1131100 1426.6
1131110 1425.0
1131120 1425.0
1131130 1426.9
1131140 1430.2
1131150 1430.2
1131160 1431.8
1131170 1433.5
1131180 1433.5
1131190 1434.6
1131200 1434.8
1131210 1435.1
1131220 1435.1
1131230 1435.8
1131240 1437.8
1131250 1437.8
1131260 1440.0
1131270 1443.5
1131280 1443.5
1131290 1450.9
1131300 1456.0
1131310 1456.0
1131320 1461.3
1131330 1466.7
1131340 1466.7
1131350 1472.3
1131360 1478.6
1131370 1478.6
1131380 1484.9
1131390 1490.9
1131400 1490.9
1131410 1497.8
1131420 1505.5
1131430 1505.5
1131440 1513.9
1131450 1523.3
1131460 1534.6
1131470 1534.6
1131480 1542.6
1131490 1546.1
1131500 1546.1
1131510 1551.9
1131520 1554.0
1131530 1554.0
1131540 1555.8
1131550 1561.4
1131560 1561.4
1131570 1568.0
1131580 1575.1
1131590 1575.1
1131600 1579.1
1131610 1582.9
1131620 1582.9
1131630 1585.7
1131640 1588.3
1131650 1590.9
1131660 1595.2
1131670 1599.9
1131680 1602.4
1131690 1602.4
1131700 1602.9
1131710 1604.5
1131720 1604.5
1131730 1610.8
1131740 1618.1
1131750 1618.1
1131760 1625.0
1131770 1631.0
1131780 1631.0
1131790 1636.5
1131800 1641.2
1131810 1641.2
1131820 1645.8
1131830 1649.8
1131840 1649.8
1131850 1653.3
1131860 1656.0
1131870 1656.0
1131880 1658.5
1131890 1661.2
1131900 1661.2
1131910 1662.4
1131920 1662.1
1131930 1662.3
1131940 1662.3
1131950 1663.0
1131960 1664.1
1131970 1664.1
1131980 1664.8
1131990 1666.4
1132000 1666.4
1132010 1669.6
1132020 1670.8
1132030 1670.8
1132040 1674.3
1132050 1676.8
1132060 1676.8
1132070 1679.1
1132080 1681.3
1132090 1681.3
1132100 1682.3
1132110 1682.5
1132120 1682.5
1132130 1682.2
1132140 1681.5
1132150 1681.5
1132160 1680.1
1132170 1677.9
1132180 1675.5
1132190 1675.5
1132200 1672.9
1132210 1670.6
1132220 1670.6
1132230 1670.4
1132240 1671.2
1132250 1671.2
1132260 1671.9
1132270 1672.7
1132280 1672.7
1132290 1674.1
1132300 1674.9
1132310 1674.9
1132320 1676.6
1132330 1681.9
1132340 1681.9
1132350 1683.2
1132360 1686.3
1132370 1676.9
1132380 1678.3
1132390 1680.6
1132400 1683.9
1132410 1683.9
1132420 1681.2
1132430 1680.0
1132440 1680.0
1132450 1678.2
1132460 1675.3
1132470 1675.3
1132480 1674.0
1132490 1672.5
1132500 1672.5
1132510 1671.7
1132520 1670.5
1132530 1670.5
1132540 1671.5
1132550 1674.0
1132560 1674.0
1132570 1674.3
1132580 1673.5
1132590 1673.5
1132600 1672.6
1132610 1672.4
1132620 1672.4
1132630 1673.0
1132640 1674.3
1132650 1675.9
1132660 1675.9
1132670 1677.3
1132680 1678.6
1132690 1678.6
1132700 1679.9
1132710 1681.2
1132720 1681.2
1132730 1683.2
1132740 1683.9
1132750 1683.9
1132760 1684.6
1132770 1685.3
1132780 1685.3
1132790 1685.9
1132800 1686.1
1132810 1686.1
1132820 1686.3
1132830 1686.3
1132840 1686.3
1132850 1686.4
1132860 1687.4
1132870 1688.8
1132880 1688.8
1132890 1689.9
1132900 1691.3
1132910 1691.3
1132920 1692.6
1132930 1694.1
1132940 1694.1
1132950 1695.9
1132960 1697.2
1132970 1697.2
1132980 1698.3
1132990 1699.2
1133000 1699.2
1133010 1700.3
1133020 1700.9
1133030 1700.9
1133040 1701.0
1133050 1701.4
1133060 1701.4
1133070 1702.2
1133080 1702.0
1133090 1699.4
1133100 1699.5
1133110 1699.4
1133120 1699.9
1133130 1699.9
1133140 1700.5
1133150 1701.2
1133160 1701.2
1133170 1702.0
1133180 1702.0
1133190 1702.0
1133200 1699.7
1133210 1698.3
1133220 1698.3
1133230 1699.5
1133240 1701.0
1133250 1701.0
1133260 1702.9
1133270 1705.6
1133280 1705.6
1133290 1707.2
1133300 1706.6
1133310 1706.6
1133320 1707.6
1133330 1709.4
1133340 1709.4
1133350 1710.5
1133360 1713.1
1133370 1719.3
1133380 1719.3
1133390 1725.5
1133400 1731.5
1133410 1731.5
1133420 1738.0
1133430 1743.6
1133440 1743.6
1133450 1741.7
1133460 1739.7
1133470 1739.7
1133480 1740.6
1133490 1744.3
1133500 1744.3
1133510 1748.7
1133520 1753.7
1133530 1753.7
1133540 1757.1
1133550 1762.0
1133560 1762.0
1133570 1768.0
1133580 1776.4
1133590 1786.1
1133600 1786.1
1133610 1793.9
1133620 1800.7
1133630 1800.7
1133640 1805.6
1133650 1808.9
1133660 1808.9
1133670 1812.3
1133680 1815.6
1133690 1815.6
1133700 1820.4
1133710 1825.7
1133720 1825.7
1133730 1831.3
1133740 1836.6
1133750 1836.6
1133760 1840.1
1133770 1843.0
1133780 1843.0
1133790 1846.5
1133800 1851.5
1133810 1846.3
1133820 1851.2
1133830 1855.6
1133840 1859.1
1133850 1859.1
1133860 1861.3
1133870 1864.2
1133880 1864.2
1133890 1868.7
1133900 1871.7
1133910 1871.7
1133920 1875.3
1133930 1878.4
1133940 1878.4
1133950 1883.0
1133960 1886.6
1133970 1886.6
1133980 1889.2
1133990 1891.6
1134000 1891.6
1134010 1895.7
1134020 1899.9
1134030 1899.9
1134040 1904.1
1134050 1908.8
1134060 1908.8
1134070 1912.2
1134080 1916.1
1134090 1920.2
1134100 1920.2
1134110 1924.7
1134120 1927.8
1134130 1927.8
1134140 1931.3
1134150 1935.8
1134160 1935.8
1134170 1935.9
1134180 1943.9
1134190 1943.9
1134200 1948.6
1134210 1953.0
1134220 1953.0
1134230 1957.6
1134240 1962.0
1134250 1962.0
1134260 1958.8
1134270 1942.0
1134280 1942.0
1134290 1929.7
1134300 1924.3
1134310 1923.7
1134320 1923.7
1134330 1927.2
1134340 1941.5
1134350 1941.5
1134360 1949.7
1134370 1939.1
1134380 1939.1
1134390 1950.3
1134400 1945.9
1134410 1945.9
1134420 1944.4
1134430 1963.7
1134440 1963.7
1134450 1970.7
1134460 1965.7
1134470 1965.7
1134480 1968.0
1134490 1976.7
1134500 1976.7
1134510 1977.1
1134520 1983.2
1134530 1983.2
1134540 1971.8
1134550 1974.6
1134560 1977.0
1134570 1977.0
1134580 1974.4
1134590 1961.5
1134600 1961.5
1134610 1951.8
1134620 1945.3
1134630 1945.3
1134640 1942.1
1134650 1945.0
1134660 1945.0
1134670 1949.1
1134680 1946.7
1134690 1946.7
1134700 1943.2
1134710 1944.8
1134720 1944.8
1134730 1945.8
1134740 1944.8
1134750 1944.8
1134760 1946.1
1134770 1948.3
1134780 1950.4
1134790 1950.4
1134800 1950.5
1134810 1949.7
1134820 1949.7
1134830 1951.3
1134840 1954.0
1134850 1954.0
1134860 1953.2
1134870 1952.6
1134880 1952.6
1134890 1952.6
1134900 1946.6
1134910 1946.6
1134920 1947.4
1134930 1947.4
1134940 1947.4
1134950 1950.8
1134960 1956.1
1134970 1956.1
1134980 1960.6
1134990 1964.4
1135000 1964.4
1135010 1968.9
1135020 1973.2
1135030 1977.9
1135040 1977.9
1135050 1978.6
1135060 1975.8
1135070 1975.8
1135080 1975.7
1135090 1980.2
1135100 1980.2
1135110 1981.5
1135120 1977.5
1135130 1977.5
1135140 1973.7
1135150 1976.3
1135160 1976.3
1135170 1980.6
1135180 1984.2
1135190 1984.2
1135200 1985.7
1135210 1987.4
1135220 1987.4
1135230 1991.7
1135240 1995.6
1135250 1995.6
1135260 1992.0
1135270 1994.9
1135280 1995.4
1135290 1995.4
1135300 1999.2
1135310 2001.8
1135320 2001.8
1135330 2003.1
1135340 2004.2
1135350 2004.2
1135360 2005.6
1135370 2007.0
1135380 2007.0
1135390 2007.7
1135400 2007.9
1135410 2007.9
1135420 2006.3
1135430 2004.7
1135440 2004.7
1135450 2001.8
1135460 2001.1
1135470 2001.1
1135480 2002.5
1135490 2003.3
1135500 2003.4
1135510 2003.4
1135520 2005.0
1135530 2003.9
1135540 2003.9
1135550 2004.8
1135560 2005.7
1135570 2005.7
1135580 2007.4
1135590 2007.8
1135600 2007.8
1135610 2014.1
1135620 2019.2
1135630 2008.1
1135640 2013.6
1135650 2015.9
1135660 2015.9
1135670 2013.2
1135680 2012.3
1135690 2012.3
1135700 2012.9
1135710 2017.1
1135720 2017.1
1135730 2020.2
1135740 2014.2
1135750 2015.3
1135760 2015.3
1135770 2022.7
1135780 2042.1
1135790 2042.1
1135800 2042.2
1135810 2037.2
1135820 2037.2
1135830 2040.9
1135840 2050.1
1135850 2050.1
1135860 2053.7
1135870 2055.4
1135880 2055.4
1135890 2056.2
1135900 2057.5
1135910 2057.5
1135920 2063.0
1135930 2067.1
1135940 2067.1
1135950 2062.1
1135960 2055.1
1135970 2061.4
1135980 2061.4
1135990 2061.2
1136000 2068.1
1136010 2068.1
1136020 2071.7
1136030 2071.7
1136040 2071.7
1136050 2071.1
1136060 2070.0
1136070 2070.0
1136080 2067.0
1136090 2066.5
1136100 2066.5
1136110 2068.2
1136120 2065.4
1136130 2065.4
1136140 2066.7
1136150 2071.6
1136160 2071.6
1136170 2076.8
1136180 2080.4
1136190 2080.4
1136200 2084.4
1136210 2086.2
1136220 2097.4
1136230 2097.4
1136240 2108.1
1136250 2108.5
1136260 2108.5
1136270 2099.1
1136280 2097.2
1136290 2097.2
1136300 2099.3
1136310 2100.2
1136320 2100.2
1136330 2099.2
1136340 2098.4
1136350 2098.4
1136360 2088.7
1136370 2090.7
1136380 2090.7
1136390 2091.4
1136400 2089.2
1136410 2089.2
1136420 2086.5
1136430 2082.5
1136440 2082.5
1136450 2078.3
1136460 2076.5
1136470 2074.4
1136480 2074.4
1136490 2071.4
1136500 2068.5
1136510 2068.5
1136520 2065.2
1136530 2061.7
1136540 2061.7
1136550 2059.8
1136560 2058.5
1136570 2058.5
1136580 2057.2
1136590 2055.3
1136600 2055.3
1136610 2047.7
1136620 2044.3
1136630 2044.3
1136640 2050.5
1136650 2057.9
1136660 2057.9
1136670 2066.8
1136680 2070.3
1136690 2069.2
1136700 2069.2
1136710 2067.8
1136720 2065.1
1136730 2065.1
1136740 2068.3
1136750 2072.6
1136760 2072.6
1136770 2077.2
1136780 2080.4
1136790 2080.4
1136800 2081.4
1136810 2083.3
1136820 2083.3
1136830 2084.5
1136840 2086.4
1136850 2086.4
1136860 2089.2
1136870 2091.7
1136880 2091.7
1136890 2091.7
1136900 2088.2
1136910 2088.2
1136920 2085.7
1136930 2085.6
1136940 2085.0
1136950 2085.0
1136960 2086.0
1136970 2089.7
1136980 2089.7
1136990 2092.4
1137000 2095.3
1137010 2095.3
1137020 2099.2
1137030 2102.1
1137040 2102.1
1137050 2105.5
1137060 2109.1
1137070 2109.1
1137080 2112.0
1137090 2111.5
1137100 2111.5
1137110 2112.8
1137120 2113.5
1137130 2113.5
1137140 2113.4
1137150 2113.3
1137160 2113.3
1137170 2112.4
1137180 2110.7
1137190 2109.0
1137200 2109.0
1137210 2110.1
1137220 2111.5
1137230 2111.5
1137240 2113.1
1137250 2113.5
1137260 2113.5
1137270 2111.2
1137280 2108.1
1137290 2108.1
1137300 2106.2
1137310 2103.8
1137320 2103.8
1137330 2100.9
1137340 2098.5
1137350 2098.5
1137360 2096.3
1137370 2094.6
1137380 2094.6
1137390 2092.9
1137400 2090.6
1137410 2088.5
1137420 2088.5
1137430 2089.5
1137440 2088.6
1137450 2082.4
1137460 2082.3
1137470 2082.2
1137480 2082.2
1137490 2081.5
1137500 2079.4
1137510 2079.4
1137520 2077.3
1137530 2077.0
1137540 2077.0
1137550 2076.3
1137560 2075.5
1137570 2075.5
1137580 2075.9
1137590 2077.1
1137600 2077.1
1137610 2077.8
1137620 2077.2
1137630 2077.2
1137640 2076.2
1137650 2074.9
1137660 2073.8
1137670 2073.8
1137680 2072.2
1137690 2070.0
1137700 2070.0
1137710 2067.8
1137720 2064.7
1137730 2064.7
1137740 2059.7
1137750 2056.3
1137760 2056.3
1137770 2057.8
1137780 2058.3
1137790 2058.3
1137800 2056.9
1137810 2056.1
1137820 2054.1
1137830 2053.2
1137840 2051.9
1137850 2051.9
1137860 2049.9
1137870 2047.5
1137880 2044.5
1137890 2044.5
1137900 2041.0
1137910 2037.8
1137920 2037.8
1137930 2036.7
1137940 2036.7
1137950 2036.7
1137960 2035.6
1137970 2032.4
1137980 2032.4
1137990 2028.8
1138000 2026.5
1138010 2026.5
1138020 2024.2
1138030 2021.5
1138040 2021.5
1138050 2018.8
1138060 2017.3
1138070 2017.3
1138080 2014.5
1138090 2011.6
1138100 2011.6
1138110 2008.2
1138120 2005.4
1138130 2002.9
1138140 2002.9
1138150 2000.1
1138160 1997.2
1138170 1997.2
1138180 1995.6
1138190 1992.2
1138200 1992.2
1138210 1992.9
1138220 1991.3
1138230 1991.3
1138240 1988.9
1138250 1987.8
1138260 1987.8
1138270 1986.4
1138280 1985.6
1138290 1985.6
1138300 1985.3
1138310 1984.8
1138320 1984.8
1138330 1982.6
1138340 1980.5
1138350 1980.5
1138360 1980.5
1138370 1981.1
1138380 1982.2
1138390 1982.2
1138400 1982.0
1138410 1977.8
1138420 1977.8
1138430 1972.9
1138440 1974.1
1138450 1974.1
1138460 1979.9
1138470 1981.0
1138480 1981.0
1138490 1980.3
1138500 1979.4
1138510 1979.4
1138520 1977.2
1138530 1975.8
1138540 1975.8
1138550 1972.2
1138560 1974.5
1138570 1974.5
1138580 1978.0
1138590 1977.7
1138600 1974.7
1138610 1974.7
1138620 1970.8
1138630 1969.8
1138640 1969.8
1138650 1970.4
1138660 1971.0
1138670 1971.0
1138680 1975.1
1138690 1979.2
1138700 1979.2
1138710 1980.4
1138720 1978.4
1138730 1978.4
1138740 1975.4
1138750 1973.0
1138760 1973.0
1138770 1972.1
1138780 1973.7
1138790 1973.7
1138800 1973.4
1138810 1972.8
1138820 1972.8
1138830 1972.2
1138840 1971.7
1138850 1972.0
1138860 1972.0
1138870 1972.0
1138880 1972.8
1138890 1972.8
1138900 1973.7
1138910 1973.4
1138920 1964.8
1138930 1965.5
1138940 1968.3
1138950 1968.3
1138960 1968.8
1138970 1965.8
1138980 1965.8
1138990 1964.9
1139000 1966.4
1139010 1966.4
1139020 1968.5
1139030 1966.7
1139040 1966.7
1139050 1963.3
1139060 1959.6
1139070 1957.9
1139080 1957.9
1139090 1952.6
1139100 1943.8
1139110 1943.8
1139120 1941.4
1139130 1945.7
1139140 1945.7
1139150 1944.1
1139160 1938.1
1139170 1938.1
1139180 1932.4
1139190 1930.4
1139200 1930.4
1139210 1931.7
1139220 1932.4
1139230 1932.4
1139240 1929.0
1139250 1923.2
1139260 1923.2
1139270 1919.5
1139280 1917.6
1139290 1912.4
1139300 1911.0
1139310 1910.8
1139320 1910.0
1139330 1910.0
1139340 1908.4
1139350 1907.0
1139360 1907.0
1139370 1904.6
1139380 1902.0
1139390 1902.0
1139400 1898.6
1139410 1895.9
1139420 1895.9
1139430 1894.5
1139440 1894.1
1139450 1894.1
1139460 1894.9
1139470 1895.2
1139480 1895.2
1139490 1893.9
1139500 1892.0
1139510 1892.0
1139520 1890.2
1139530 1889.5
1139540 1889.5
1139550 1887.7
1139560 1884.8
1139570 1882.1
1139580 1882.1
1139590 1879.6
1139600 1879.8
1139610 1879.8
1139620 1882.4
1139630 1878.1
1139640 1878.1
1139650 1871.7
1139660 1863.1
1139670 1863.1
1139680 1860.0
1139690 1857.9
1139700 1857.9
1139710 1856.4
1139720 1854.2
1139730 1854.2
1139740 1855.5
1139750 1861.8
1139760 1861.8
1139770 1868.4
1139780 1875.2
1139790 1882.0
1139800 1882.0
1139810 1884.5
1139820 1883.2
1139830 1883.2
1139840 1882.3
1139850 1883.1
1139860 1883.1
1139870 1883.1
1139880 1880.0
1139890 1880.0
1139900 1875.4
1139910 1873.5
1139920 1873.5
1139930 1875.4
1139940 1875.7
1139950 1875.7
1139960 1874.6
1139970 1872.4
1139980 1872.4
1139990 1868.4
