1120000 2138.8
1120010 2138.8
1120020 2144.2
1120030 2149.2
1120040 2149.2
1120050 2153.6
1120060 2158.9
1120070 2158.9
1120080 2155.0
1120090 2150.8
1120100 2133.9
1120110 2133.9
1120120 2123.0
1120130 2124.6
1120140 2124.6
1120150 2121.3
1120160 2115.2
1120170 2115.2
1120180 2106.1
1120190 2103.6
1120200 2103.6
1120210 2105.9
1120220 2102.5
1120230 2102.5
1120240 2091.1
1120250 2089.4
1120260 2089.4
1120270 2085.8
1120280 2082.5
1120290 2082.5
1120300 2078.7
1120310 2080.0
1120320 2081.2
1120330 2081.2
1120340 2082.2
1120350 2082.0
1120360 2082.0
1120370 2078.6
1120380 2079.6
1120390 2079.6
1120400 2082.6
1120410 2085.0
1120420 2085.0
1120430 2087.8
1120440 2093.1
1120450 2093.1
1120460 2100.9
1120470 2104.9
1120480 2104.9
1120490 2107.2
1120500 2109.5
1120510 2109.5
1120520 2111.3
1120530 2113.9
1120540 2113.9
1120550 2120.5
1120560 2121.5
1120570 2118.2
1120580 2118.2
1120590 2107.8
1120600 2103.3
1120610 2103.3
1120620 2099.7
1120630 2095.0
1120640 2095.0
1120650 2089.8
1120660 2084.8
1120670 2084.8
1120680 2080.0
1120690 2075.3
1120700 2075.3
1120710 2070.6
1120720 2066.1
1120730 2066.1
1120740 2062.5
1120750 2058.6
1120760 2058.6
1120770 2054.9
1120780 2051.3
1120790 2051.3
1120800 2048.4
1120810 2046.7
1120820 2046.0
1120830 2046.0
1120840 2046.5
1120850 2047.6
1120860 2047.6
1120870 2047.3
1120880 2048.1
1120890 2048.1
1120900 2051.3
1120910 2052.8
1120920 2052.8
1120930 2052.7
1120940 2047.9
1120950 2047.9
1120960 2048.3
1120970 2047.5
1120980 2047.5
1120990 2047.3
1121000 2045.3
1121010 2045.3
1121020 2042.8
1121030 2038.2
1121040 2038.2
1121050 2034.6
1121060 2029.1
1121070 2023.2
1121080 2023.2
1121090 2015.1
1121100 2007.8
1121110 2007.8
1121120 1999.5
1121130 1993.5
1121140 1993.5
1121150 1990.3
1121160 1987.0
1121170 1987.0
1121180 1983.5
1121190 1981.2
1121200 1981.2
1121210 1977.7
1121220 1972.8
1121230 1972.8
1121240 1967.1
1121250 1962.3
1121260 1962.3
1121270 1957.8
1121280 1950.8
1121290 1950.1
1121300 1950.1
1121310 1946.4
1121320 1943.0
1121330 1943.0
1121340 1939.9
1121350 1938.8
1121360 1938.8
1121370 1936.1
1121380 1932.3
1121390 1932.3
1121400 1930.0
1121410 1927.9
1121420 1927.9
1121430 1926.0
1121440 1924.0
1121450 1924.0
1121460 1920.8
1121470 1918.3
1121480 1918.3
1121490 1915.3
1121500 1913.9
1121510 1913.9
1121520 1912.5
1121530 1910.5
1121540 1908.3
1121550 1908.3
1121560 1907.9
1121570 1907.1
1121580 1907.1
1121590 1903.6
1121600 1899.8
1121610 1899.8
1121620 1896.0
1121630 1891.3
1121640 1893.1
1121650 1888.3
1121660 1885.3
1121670 1885.3
1121680 1882.2
1121690 1880.2
1121700 1880.2
1121710 1879.9
1121720 1879.7
1121730 1879.7
1121740 1876.8
1121750 1872.8
1121760 1872.8
1121770 1868.3
1121780 1862.8
1121790 1858.4
1121800 1858.4
1121810 1853.3
1121820 1847.5
1121830 1847.5
1121840 1842.3
1121850 1836.6
1121860 1836.6
1121870 1833.5
1121880 1832.1
1121890 1832.1
1121900 1832.5
1121910 1835.0
1121920 1835.0
1121930 1838.3
1121940 1840.5
1121950 1840.5
1121960 1835.3
1121970 1834.0
1121980 1834.0
1121990 1836.6
1122000 1834.0
1122010 1834.0
1122020 1830.8
1122030 1827.5
1122040 1825.8
1122050 1825.8
1122060 1823.0
1122070 1819.6
1122080 1819.6
1122090 1815.7
1122100 1809.5
1122110 1809.5
1122120 1801.4
1122130 1795.2
1122140 1795.2
1122150 1788.9
1122160 1783.7
1122170 1783.7
1122180 1780.1
1122190 1774.3
1122200 1774.3
1122210 1772.5
1122220 1771.7
1122230 1771.7
1122240 1771.8
1122250 1773.1
1122260 1774.2
1122270 1774.2
1122280 1774.8
1122290 1775.0
1122300 1775.0
1122310 1775.9
1122320 1777.0
1122330 1777.0
1122340 1777.9
1122350 1782.9
1122360 1782.9
1122370 1787.1
1122380 1792.9
1122390 1792.9
1122400 1798.9
1122410 1804.2
1122420 1804.2
1122430 1809.9
1122440 1814.7
1122450 1814.7
1122460 1819.0
1122470 1823.4
1122480 1823.4
1122490 1827.8
1122500 1833.7
1122510 1839.4
1122520 1839.4
1122530 1844.9
1122540 1850.4
1122550 1850.4
1122560 1855.7
1122570 1860.8
1122580 1860.8
1122590 1865.5
1122600 1870.4
1122610 1870.4
1122620 1875.5
1122630 1880.4
1122640 1880.4
1122650 1885.9
1122660 1891.6
1122670 1891.6
1122680 1896.6
1122690 1898.5
1122700 1898.5
1122710 1905.1
1122720 1912.3
1122730 1912.3
1122740 1918.5
1122750 1924.7
1122760 1931.7
1122770 1931.7
1122780 1937.6
1122790 1942.6
1122800 1942.6
1122810 1948.8
1122820 1956.0
1122830 1956.0
1122840 1963.8
1122850 1971.4
1122860 1971.4
1122870 1976.0
1122880 1980.0
1122890 1980.0
1122900 1984.6
1122910 1989.6
1122920 1989.6
1122930 1994.2
1122940 1999.9
1122950 1999.9
1122960 2005.1
1122970 2007.9
1122980 2010.0
1122990 2010.0
1123000 2011.7
1123010 2017.1
1123020 2017.1
1123030 2024.7
1123040 2028.7
1123050 2028.7
1123060 2034.5
1123070 2038.8
1123080 2038.8
1123090 2041.8
1123100 2044.9
1123110 2044.9
1123120 2049.5
1123130 2054.4
1123140 2054.4
1123150 2060.6
1123160 2067.0
1123170 2067.0
1123180 2072.6
1123190 2079.3
1123200 2079.3
1123210 2087.8
1123220 2094.5
1123230 2100.4
1123240 2100.4
1123250 2105.8
1123260 2111.1
1123270 2111.1
1123280 2118.5
1123290 2128.8
1123300 2128.8
1123310 2136.6
1123320 2143.0
1123330 2143.0
1123340 2146.7
1123350 2152.8
1123360 2152.8
1123370 2159.8
1123380 2167.5
1123390 2162.4
1123400 2168.2
1123410 2174.8
1123420 2174.8
1123430 2182.2
1123440 2188.1
1123450 2188.1
1123460 2193.8
1123470 2200.5
1123480 2209.0
1123490 2209.0
1123500 2214.3
1123510 2218.5
1123520 2218.5
1123530 2221.5
1123540 2221.8
1123550 2221.8
1123560 2221.0
1123570 2220.0
1123580 2220.0
1123590 2222.8
1123600 2227.3
1123610 2227.3
1123620 2231.5
1123630 2236.6
1123640 2236.6
1123650 2240.2
1123660 2241.8
1123670 2241.8
1123680 2244.5
1123690 2243.7
1123700 2243.7
1123710 2239.2
1123720 2237.0
1123730 2238.3
1123740 2229.2
1123750 2235.5
1123760 2244.8
1123770 2244.8
1123780 2250.0
1123790 2253.0
1123800 2253.0
1123810 2258.2
1123820 2262.6
1123830 2262.6
1123840 2266.4
1123850 2267.5
1123860 2267.5
1123870 2264.7
1123880 2261.3
1123890 2261.3
1123900 2259.7
1123910 2263.7
1123920 2263.7
1123930 2270.1
1123940 2274.9
1123950 2280.6
1123960 2280.6
1123970 2287.5
1123980 2286.0
1123990 2286.0
1124000 2280.4
1124010 2275.2
1124020 2275.2
1124030 2272.7
1124040 2277.3
1124050 2277.3
1124060 2281.8
1124070 2279.6
1124080 2279.6
1124090 2273.9
1124100 2261.5
1124110 2261.5
1124120 2265.0
1124130 2272.7
1124140 2272.7
1124150 2279.3
1124160 2284.7
1124170 2284.7
1124180 2290.6
1124190 2297.5
1124200 2306.9
1124210 2306.9
1124220 2315.8
1124230 2322.6
1124240 2322.6
1124250 2330.8
1124260 2335.2
1124270 2335.2
1124280 2340.8
1124290 2347.3
1124300 2347.3
1124310 2350.3
1124320 2351.2
1124330 2351.2
1124340 2348.0
1124350 2342.0
1124360 2342.0
1124370 2334.8
1124380 2329.2
1124390 2329.2
1124400 2324.0
1124410 2319.8
1124420 2319.8
1124430 2315.8
1124440 2313.0
1124450 2303.1
1124460 2303.1
1124470 2303.1
1124480 2304.1
1124490 2304.1
1124500 2306.4
1124510 2309.9
1124520 2309.9
1124530 2310.8
1124540 2307.8
1124550 2307.8
1124560 2309.0
1124570 2313.5
1124580 2313.5
1124590 2316.1
1124600 2318.5
1124610 2318.5
1124620 2321.0
1124630 2324.1
1124640 2324.1
1124650 2325.7
1124660 2327.7
1124670 2334.1
1124680 2334.1
1124690 2338.2
1124700 2335.9
1124710 2335.9
1124720 2333.3
1124730 2336.0
1124740 2336.0
1124750 2341.8
1124760 2344.1
1124770 2344.1
1124780 2343.5
1124790 2343.3
1124800 2335.7
1124810 2336.9
1124820 2336.9
1124830 2336.9
1124840 2336.0
1124850 2334.4
1124860 2334.4
1124870 2331.4
1124880 2329.9
1124890 2329.9
1124900 2326.1
1124910 2324.7
1124920 2324.2
1124930 2324.2
1124940 2320.4
1124950 2319.3
1124960 2319.3
1124970 2318.8
1124980 2319.3
1124990 2319.3
1125000 2321.8
1125010 2323.4
1125020 2323.4
1125030 2319.5
1125040 2318.7
1125050 2318.7
1125060 2321.5
1125070 2326.6
1125080 2326.6
1125090 2334.3
1125100 2343.6
1125110 2343.6
1125120 2352.5
1125130 2357.1
1125140 2357.1
1125150 2358.2
1125160 2349.1
1125170 2348.1
1125180 2348.1
1125190 2348.1
1125200 2347.5
1125210 2347.5
1125220 2347.4
1125230 2345.9
1125240 2345.9
1125250 2343.0
1125260 2337.5
1125270 2337.5
1125280 2333.6
1125290 2330.7
1125300 2330.7
1125310 2327.6
1125320 2324.6
1125330 2324.6
1125340 2320.4
1125350 2315.9
1125360 2315.9
1125370 2310.7
1125380 2307.1
1125390 2307.1
1125400 2304.4
1125410 2303.1
1125420 2301.1
1125430 2301.1
1125440 2296.8
1125450 2293.5
1125460 2293.5
1125470 2289.9
1125480 2285.5
1125490 2285.5
1125500 2280.4
1125510 2279.9
1125520 2279.9
1125530 2277.5
1125540 2276.6
1125550 2276.6
1125560 2277.5
1125570 2278.5
1125580 2278.5
1125590 2278.5
1125600 2278.5
1125610 2278.5
1125620 2279.1
1125630 2278.6
1125640 2281.1
1125650 2281.1
1125660 2285.4
1125670 2287.6
1125680 2287.6
1125690 2289.3
1125700 2290.4
1125710 2290.4
1125720 2289.5
1125730 2288.9
1125740 2288.9
1125750 2288.4
1125760 2288.0
1125770 2288.0
1125780 2287.9
1125790 2289.6
1125800 2289.6
1125810 2290.7
1125820 2293.1
1125830 2293.1
1125840 2296.4
1125850 2297.2
1125860 2303.9
1125870 2303.6
1125880 2302.3
1125890 2301.2
1125900 2301.2
1125910 2301.2
1125920 2301.4
1125930 2301.4
1125940 2301.9
1125950 2303.0
1125960 2303.0
1125970 2304.8
1125980 2307.2
1125990 2307.2
1126000 2308.7
1126010 2310.4
1126020 2310.4
1126030 2311.1
1126040 2311.1
1126050 2311.1
1126060 2310.8
1126070 2311.8
1126080 2311.8
1126090 2314.8
1126100 2318.7
1126110 2318.7
1126120 2322.2
1126130 2325.8
1126140 2330.4
1126150 2330.4
1126160 2330.7
1126170 2329.5
1126180 2329.5
1126190 2328.2
1126200 2327.3
1126210 2327.3
1126220 2327.0
1126230 2325.9
1126240 2325.9
1126250 2325.1
1126260 2324.2
1126270 2324.2
1126280 2322.7
1126290 2321.6
1126300 2321.6
1126310 2320.2
1126320 2318.2
1126330 2318.2
1126340 2317.2
1126350 2317.0
1126360 2316.8
1126370 2316.8
1126380 2316.9
1126390 2317.3
1126400 2317.3
1126410 2319.1
1126420 2321.5
1126430 2321.5
1126440 2324.7
1126450 2327.5
1126460 2327.5
1126470 2330.1
1126480 2333.2
1126490 2333.2
1126500 2335.0
1126510 2338.2
1126520 2338.2
1126530 2343.4
1126540 2349.1
1126550 2349.1
1126560 2364.6
1126570 2403.5
1126580 2403.5
1126590 2422.9
1126600 2435.6
1126610 2440.5
1126620 2440.5
1126630 2443.0
1126640 2443.2
1126650 2443.2
1126660 2442.6
1126670 2445.4
1126680 2445.4
1126690 2450.1
1126700 2454.6
1126710 2454.6
1126720 2458.3
1126730 2460.3
1126740 2460.3
1126750 2463.1
1126760 2466.4
1126770 2466.4
1126780 2470.7
1126790 2475.1
1126800 2475.1
1126810 2478.7
1126820 2481.4
1126830 2481.4
1126840 2485.2
1126850 2490.1
1126860 2494.5
1126870 2494.5
1126880 2500.4
1126890 2507.3
1126900 2507.3
1126910 2514.8
1126920 2510.6
1126930 2501.4
1126940 2495.7
1126950 2506.3
1126960 2506.3
1126970 2517.1
1126980 2523.4
1126990 2523.4
1127000 2526.0
1127010 2525.9
1127020 2525.9
1127030 2519.8
1127040 2517.7
1127050 2517.7
1127060 2512.9
1127070 2505.2
1127080 2505.2
1127090 2500.2
1127100 2494.2
1127110 2481.9
1127120 2481.9
1127130 2470.8
1127140 2458.5
1127150 2458.5
1127160 2448.8
1127170 2445.0
1127180 2445.0
1127190 2440.3
1127200 2437.0
1127210 2437.0
1127220 2434.6
1127230 2432.4
1127240 2432.4
1127250 2431.8
1127260 2431.2
1127270 2431.2
1127280 2423.8
1127290 2425.0
1127300 2425.0
1127310 2427.7
1127320 2425.8
1127330 2427.3
1127340 2427.3
1127350 2431.6
1127360 2431.8
1127370 2431.8
1127380 2432.9
1127390 2430.2
1127400 2430.2
1127410 2428.3
1127420 2429.1
1127430 2429.1
1127440 2431.3
1127450 2434.8
1127460 2434.8
1127470 2440.4
1127480 2449.1
1127490 2449.1
1127500 2455.0
1127510 2459.8
1127520 2459.8
1127530 2470.1
1127540 2475.8
1127550 2475.8
1127560 2476.4
1127570 2474.1
1127580 2473.2
1127590 2473.2
1127600 2475.1
1127610 2475.0
1127620 2475.0
1127630 2481.6
1127640 2481.7
1127650 2481.7
1127660 2478.9
1127670 2472.0
1127680 2472.0
1127690 2469.3
1127700 2470.1
1127710 2470.1
1127720 2467.5
1127730 2463.7
1127740 2463.7
1127750 2452.2
1127760 2437.6
1127770 2437.6
1127780 2437.7
1127790 2434.8
1127800 2434.8
1127810 2439.4
1127820 2431.1
1127830 2406.9
1127840 2406.9
1127850 2390.7
1127860 2374.0
1127870 2374.0
1127880 2359.7
1127890 2341.5
1127900 2341.5
1127910 2329.6
1127920 2319.4
1127930 2319.4
1127940 2314.1
1127950 2314.7
1127960 2314.7
1127970 2314.0
1127980 2313.5
1127990 2305.1
1128000 2311.2
1128010 2317.5
1128020 2317.5
1128030 2327.0
1128040 2333.8
1128050 2343.1
1128060 2343.1
1128070 2354.3
1128080 2367.3
1128090 2367.3
1128100 2373.2
1128110 2377.5
1128120 2377.5
1128130 2378.5
1128140 2383.4
1128150 2383.4
1128160 2397.2
1128170 2380.1
1128180 2380.1
1128190 2340.8
1128200 2339.2
1128210 2339.2
1128220 2344.2
1128230 2344.8
1128240 2344.8
1128250 2345.4
1128260 2340.3
1128270 2340.3
1128280 2337.4
1128290 2336.6
1128300 2333.7
1128310 2333.7
1128320 2337.0
1128330 2311.0
1128340 2311.0
1128350 2308.7
1128360 2312.4
1128370 2312.4
1128380 2315.2
1128390 2304.7
1128400 2304.7
1128410 2285.7
1128420 2273.4
1128430 2273.4
1128440 2266.4
1128450 2271.0
1128460 2271.0
1128470 2284.7
1128480 2296.2
1128490 2296.2
1128500 2295.3
1128510 2303.8
1128520 2303.8
1128530 2314.8
1128540 2313.4
1128550 2323.5
1128560 2323.5
1128570 2313.8
1128580 2313.6
1128590 2313.6
1128600 2314.8
1128610 2311.4
1128620 2311.4
1128630 2301.9
1128640 2298.8
1128650 2298.8
1128660 2296.3
1128670 2287.8
1128680 2287.8
1128690 2278.8
1128700 2278.5
1128710 2269.7
1128720 2271.2
1128730 2275.0
1128740 2275.0
1128750 2287.8
1128760 2299.9
1128770 2299.9
1128780 2312.2
1128790 2323.9
1128800 2335.4
1128810 2335.4
1128820 2347.1
1128830 2358.3
1128840 2358.3
1128850 2356.8
1128860 2337.5
1128870 2337.5
1128880 2308.2
1128890 2312.1
1128900 2312.1
1128910 2324.1
1128920 2336.7
1128930 2336.7
1128940 2349.0
1128950 2361.2
1128960 2361.2
1128970 2367.6
1128980 2372.4
1128990 2372.4
1129000 2376.1
1129010 2370.7
1129020 2357.4
1129030 2357.4
1129040 2344.1
1129050 2345.5
1129060 2345.4
1129070 2359.1
1129080 2371.7
1129090 2371.7
1129100 2381.9
1129110 2393.5
1129120 2393.5
1129130 2408.7
1129140 2419.8
1129150 2419.8
1129160 2410.1
1129170 2394.8
1129180 2394.8
1129190 2387.0
1129200 2380.4
1129210 2380.4
1129220 2375.5
1129230 2381.8
1129240 2381.8
1129250 2393.8
1129260 2395.2
1129270 2396.7
1129280 2396.7
1129290 2409.9
1129300 2420.2
1129310 2420.2
1129320 2419.9
1129330 2413.6
1129340 2413.6
1129350 2406.7
1129360 2398.2
1129370 2398.2
1129380 2390.1
1129390 2380.4
1129400 2380.4
1129410 2371.6
1129420 2363.8
1129430 2363.8
1129440 2354.6
1129450 2346.0
1129460 2346.0
1129470 2337.1
1129480 2326.8
1129490 2326.8
1129500 2317.8
1129510 2311.2
1129520 2306.7
1129530 2306.7
1129540 2301.4
1129550 2295.1
1129560 2295.1
1129570 2289.0
1129580 2282.8
1129590 2282.8
1129600 2276.1
1129610 2269.7
1129620 2269.7
1129630 2263.2
1129640 2257.0
1129650 2257.0
1129660 2250.8
1129670 2244.4
1129680 2244.4
1129690 2238.0
1129700 2231.6
1129710 2231.6
1129720 2225.4
1129730 2219.7
1129740 2214.4
1129750 2214.4
1129760 2209.3
1129770 2204.9
1129780 2204.8
1129790 2204.8
1129800 2203.2
1129810 2203.2
1129820 2196.6
1129830 2189.0
1129840 2189.0
1129850 2182.3
1129860 2176.3
1129870 2176.3
1129880 2170.4
1129890 2164.3
1129900 2164.3
1129910 2158.2
1129920 2151.8
1129930 2151.8
1129940 2145.4
1129950 2140.8
1129960 2140.8
1129970 2138.0
1129980 2135.0
1129990 2131.4
1130000 2131.4
1130010 2128.6
1130020 2126.3
1130030 2126.3
1130040 2123.4
1130050 2120.1
1130060 2120.1
1130070 2115.7
1130080 2110.8
1130090 2110.8
1130100 2105.0
1130110 2100.4
1130120 2100.4
1130130 2098.8
1130140 2092.7
1130150 2092.7
1130160 2090.9
1130170 2089.6
1130180 2089.6
1130190 2088.1
1130200 2086.1
1130210 2086.1
1130220 2085.6
1130230 2085.2
1130240 2084.6
1130250 2084.6
1130260 2084.4
1130270 2083.9
1130280 2083.9
1130290 2084.1
1130300 2084.2
1130310 2084.2
1130320 2086.4
1130330 2089.2
1130340 2089.2
1130350 2086.8
1130360 2082.2
1130370 2082.2
1130380 2077.0
1130390 2072.0
1130400 2072.0
1130410 2063.7
1130420 2057.4
1130430 2057.4
1130440 2051.1
1130450 2044.7
1130460 2044.7
1130470 2039.3
1130480 2036.6
1130490 2035.0
1130500 2036.1
1130510 2032.7
1130520 2029.2
1130530 2029.2
1130540 2025.5
1130550 2021.9
1130560 2021.9
1130570 2017.9
1130580 2014.7
1130590 2014.7
1130600 2012.1
1130610 2010.0
1130620 2010.0
1130630 2007.5
1130640 2004.2
1130650 2004.2
1130660 2001.6
1130670 1999.4
1130680 1999.4
1130690 1997.8
1130700 1995.2
1130710 1992.8
1130720 1992.8
1130730 1991.6
1130740 1989.1
1130750 1989.1
1130760 1985.9
1130770 1985.1
1130780 1985.1
1130790 1985.2
1130800 1983.3
1130810 1983.3
1130820 1979.5
1130830 1974.2
1130840 1974.2
1130850 1970.6
1130860 1964.8
1130870 1964.8
1130880 1959.7
1130890 1955.5
1130900 1955.5
1130910 1952.4
1130920 1949.9
1130930 1949.9
1130940 1947.1
1130950 1944.2
1130960 1940.9
1130970 1940.9
1130980 1938.3
1130990 1936.2
1131000 1936.2
1131010 1934.2
1131020 1931.4
1131030 1931.4
1131040 1927.9
1131050 1923.2
1131060 1923.2
1131070 1919.6
1131080 1915.2
1131090 1915.2
1131100 1908.9
1131110 1903.6
1131120 1903.6
1131130 1898.2
1131140 1893.1
1131150 1893.1
1131160 1888.8
1131170 1883.0
1131180 1883.0
1131190 1876.3
1131200 1869.5
1131210 1868.8
1131220 1868.8
1131230 1864.8
1131240 1860.8
1131250 1860.8
1131260 1853.2
1131270 1843.4
1131280 1843.4
1131290 1834.8
1131300 1827.6
1131310 1827.6
1131320 1822.2
1131330 1818.1
1131340 1818.1
1131350 1814.3
1131360 1810.0
1131370 1810.0
1131380 1806.1
1131390 1801.7
1131400 1801.7
1131410 1797.0
1131420 1793.1
1131430 1787.8
1131440 1787.8
1131450 1781.7
1131460 1776.1
1131470 1776.1
1131480 1771.0
1131490 1767.1
1131500 1767.1
1131510 1763.8
1131520 1760.5
1131530 1760.5
1131540 1758.4
1131550 1756.8
1131560 1756.8
1131570 1754.6
1131580 1754.4
1131590 1754.4
1131600 1754.2
1131610 1752.9
1131620 1752.9
1131630 1748.3
1131640 1744.9
1131650 1744.9
1131660 1741.2
1131670 1739.5
1131680 1747.1
1131690 1747.1
1131700 1752.2
1131710 1757.1
1131720 1757.1
1131730 1758.8
1131740 1759.5
1131750 1759.5
1131760 1762.1
1131770 1766.5
1131780 1766.5
1131790 1771.0
1131800 1773.8
1131810 1773.8
1131820 1775.7
1131830 1778.8
1131840 1778.8
1131850 1781.4
1131860 1780.9
1131870 1780.9
1131880 1778.0
1131890 1778.9
1131900 1778.9
1131910 1781.2
1131920 1784.1
1131930 1786.6
1131940 1786.6
1131950 1789.9
1131960 1793.0
1131970 1793.0
1131980 1795.8
1131990 1798.8
1132000 1798.8
1132010 1802.2
1132020 1805.2
1132030 1805.2
1132040 1808.1
1132050 1811.1
1132060 1811.1
1132070 1814.3
1132080 1818.7
1132090 1818.7
1132100 1823.6
1132110 1828.3
1132120 1828.3
1132130 1832.2
1132140 1836.2
1132150 1841.8
1132160 1841.8
1132170 1847.3
1132180 1853.3
1132190 1853.3
1132200 1858.3
1132210 1862.6
1132220 1862.6
1132230 1867.0
1132240 1871.2
1132250 1871.2
1132260 1874.7
1132270 1879.9
1132280 1879.9
1132290 1883.4
1132300 1887.0
1132310 1887.0
1132320 1882.1
1132330 1879.4
1132340 1879.4
1132350 1886.7
1132360 1894.7
1132370 1894.7
1132380 1905.7
1132390 1919.0
1132400 1929.6
1132410 1929.6
1132420 1936.7
1132430 1942.7
1132440 1942.7
1132450 1954.0
1132460 1968.7
1132470 1968.7
1132480 1980.0
1132490 1989.4
1132500 1989.4
1132510 1997.5
1132520 2009.0
1132530 2009.0
1132540 2011.2
1132550 2011.0
1132560 2011.0
1132570 2015.5
1132580 2026.5
1132590 2026.5
1132600 2037.8
1132610 2052.4
1132620 2052.4
1132630 2055.8
1132640 2060.2
1132650 2063.8
1132660 2063.8
1132670 2073.3
1132680 2077.4
1132690 2077.4
1132700 2078.2
1132710 2080.2
1132720 2080.2
1132730 2083.9
1132740 2088.2
1132750 2088.2
1132760 2091.6
1132770 2092.8
1132780 2092.8
1132790 2092.5
1132800 2093.0
1132810 2093.0
1132820 2094.2
1132830 2096.0
1132840 2096.0
1132850 2100.2
1132860 2105.3
1132870 2105.3
1132880 2110.6
1132890 2115.9
1132900 2119.8
1132910 2119.8
1132920 2122.9
1132930 2124.4
1132940 2124.4
1132950 2124.6
1132960 2124.0
1132970 2124.0
1132980 2124.3
1132990 2123.7
1133000 2123.7
1133010 2122.8
1133020 2123.1
1133030 2123.1
1133040 2122.6
1133050 2122.1
1133060 2122.1
1133070 2122.8
1133080 2124.4
1133090 2124.4
1133100 2127.4
1133110 2132.0
1133120 2136.3
1133130 2136.3
1133140 2139.4
1133150 2144.5
1133160 2144.5
1133170 2150.1
1133180 2155.6
1133190 2155.6
1133200 2162.0
1133210 2168.4
1133220 2168.4
1133230 2175.3
1133240 2185.5
1133250 2185.5
1133260 2196.0
1133270 2206.2
1133280 2206.2
1133290 2213.6
1133300 2216.6
1133310 2216.6
1133320 2216.9
1133330 2218.0
1133340 2218.0
1133350 2220.8
1133360 2222.6
1133370 2222.8
1133380 2220.1
1133390 2220.3
1133400 2220.9
1133410 2220.9
1133420 2221.8
1133430 2224.7
1133440 2224.7
1133450 2228.2
1133460 2232.5
1133470 2232.5
1133480 2236.3
1133490 2240.1
1133500 2240.1
1133510 2243.8
1133520 2247.8
1133530 2247.8
1133540 2251.8
1133550 2255.1
1133560 2255.1
1133570 2257.4
1133580 2260.6
1133590 2260.6
1133600 2264.4
1133610 2268.9
1133620 2274.4
1133630 2274.4
1133640 2282.3
1133650 2289.5
1133660 2289.5
1133670 2293.0
1133680 2296.3
1133690 2296.3
1133700 2299.8
1133710 2304.7
1133720 2304.7
1133730 2310.9
1133740 2315.5
1133750 2315.5
1133760 2321.1
1133770 2326.6
1133780 2326.6
1133790 2332.0
1133800 2337.7
1133810 2337.7
1133820 2342.8
1133830 2348.1
1133840 2354.0
1133850 2354.0
1133860 2361.0
1133870 2368.6
1133880 2368.6
1133890 2378.4
1133900 2390.8
1133910 2390.8
1133920 2399.4
1133930 2407.1
1133940 2407.1
1133950 2414.3
1133960 2421.7
1133970 2421.7
1133980 2429.1
1133990 2435.9
1134000 2435.9
1134010 2441.2
1134020 2446.9
1134030 2446.9
1134040 2452.0
1134050 2455.9
1134060 2455.9
1134070 2457.8
1134080 2458.6
1134090 2462.9
1134100 2460.1
1134110 2465.3
1134120 2469.6
1134130 2469.6
1134140 2473.2
1134150 2478.7
1134160 2478.7
1134170 2484.4
1134180 2490.1
1134190 2490.1
1134200 2495.3
1134210 2500.0
1134220 2500.0
1134230 2504.5
1134240 2504.2
1134250 2504.2
1134260 2513.3
1134270 2515.1
1134280 2515.1
1134290 2516.4
1134300 2502.4
1134310 2502.4
1134320 2490.5
1134330 2470.8
1134340 2436.4
1134350 2436.4
1134360 2438.2
1134370 2428.3
1134380 2428.3
1134390 2413.9
1134400 2405.6
1134410 2405.6
1134420 2401.1
1134430 2396.8
1134440 2396.8
1134450 2395.2
1134460 2385.6
1134470 2385.6
1134480 2383.0
1134490 2379.5
1134500 2379.5
1134510 2376.6
1134520 2373.8
1134530 2373.8
1134540 2371.1
1134550 2368.1
1134560 2365.1
1134570 2365.1
1134580 2361.2
1134590 2358.5
1134600 2358.5
1134610 2358.0
1134620 2359.2
1134630 2359.2
1134640 2359.9
1134650 2361.0
1134660 2361.0
1134670 2362.7
1134680 2364.1
1134690 2364.1
1134700 2365.7
1134710 2366.6
1134720 2366.6
1134730 2367.3
1134740 2368.3
1134750 2368.3
1134760 2368.2
1134770 2369.8
1134780 2369.8
1134790 2376.3
1134800 2380.0
1134810 2383.6
1134820 2383.6
1134830 2376.5
1134840 2382.5
1134850 2382.5
1134860 2389.7
1134870 2400.0
1134880 2400.0
1134890 2411.0
1134900 2418.3
1134910 2418.3
1134920 2422.9
1134930 2422.7
1134940 2422.7
1134950 2418.4
1134960 2412.4
1134970 2412.4
1134980 2407.2
1134990 2404.7
1135000 2404.7
1135010 2402.9
1135020 2398.4
1135030 2398.4
1135040 2393.7
1135050 2389.5
1135060 2385.6
1135070 2385.6
1135080 2387.5
1135090 2392.5
1135100 2392.5
1135110 2395.6
1135120 2398.3
1135130 2398.3
1135140 2400.8
1135150 2404.3
1135160 2404.3
1135170 2408.7
1135180 2411.1
1135190 2404.2
1135200 2400.3
1135210 2397.6
1135220 2397.6
1135230 2392.0
1135240 2391.6
1135250 2391.6
1135260 2390.2
1135270 2381.8
1135280 2381.8
1135290 2382.7
1135300 2383.1
1135310 2381.6
1135320 2381.6
1135330 2376.6
1135340 2374.0
1135350 2374.0
1135360 2371.4
1135370 2370.6
1135380 2370.6
1135390 2369.6
1135400 2366.9
1135410 2366.9
1135420 2364.4
1135430 2365.4
1135440 2365.4
1135450 2368.8
1135460 2372.0
1135470 2372.0
1135480 2374.8
1135490 2377.4
1135500 2377.4
1135510 2380.2
1135520 2383.1
1135530 2385.8
1135540 2385.8
1135550 2388.1
1135560 2383.2
1135570 2383.2
1135580 2383.8
1135590 2383.9
1135600 2383.9
1135610 2383.6
1135620 2383.9
1135630 2383.9
1135640 2383.5
1135650 2382.5
1135660 2382.5
1135670 2382.1
1135680 2381.2
1135690 2381.2
1135700 2382.0
1135710 2384.4
1135720 2384.4
1135730 2387.6
1135740 2391.1
1135750 2391.1
1135760 2394.0
1135770 2396.7
1135780 2398.9
1135790 2398.9
1135800 2403.0
1135810 2407.0
1135820 2407.0
1135830 2403.8
1135840 2395.1
1135850 2395.1
1135860 2387.4
1135870 2384.8
1135880 2384.8
1135890 2383.7
1135900 2383.5
1135910 2383.5
1135920 2377.4
1135930 2378.0
1135940 2378.0
1135950 2377.6
1135960 2376.2
1135970 2376.2
1135980 2373.5
1135990 2369.8
1136000 2369.8
1136010 2366.0
1136020 2362.2
1136030 2359.3
1136040 2359.3
1136050 2358.2
1136060 2356.8
1136070 2356.8
1136080 2354.8
1136090 2353.0
1136100 2353.0
1136110 2352.3
1136120 2352.9
1136130 2352.9
1136140 2353.6
1136150 2354.0
1136160 2354.0
1136170 2352.9
1136180 2352.3
1136190 2352.3
1136200 2353.9
1136210 2356.2
1136220 2356.2
1136230 2358.5
1136240 2360.2
1136250 2361.7
1136260 2361.7
1136270 2363.3
1136280 2359.3
1136290 2359.3
1136300 2360.7
1136310 2362.8
1136320 2362.8
1136330 2363.5
1136340 2364.0
1136350 2364.0
1136360 2364.2
1136370 2365.0
1136380 2365.0
1136390 2366.1
1136400 2366.8
1136410 2366.8
1136420 2367.7
1136430 2369.9
1136440 2369.9
1136450 2372.6
1136460 2375.3
1136470 2375.3
1136480 2377.9
1136490 2380.5
1136500 2383.5
1136510 2383.5
1136520 2386.5
1136530 2389.4
1136540 2389.4
1136550 2391.9
1136560 2394.0
1136570 2394.0
1136580 2395.9
1136590 2397.1
1136600 2397.1
1136610 2398.4
1136620 2399.6
1136630 2399.6
1136640 2401.2
1136650 2396.6
1136660 2396.6
1136670 2398.4
1136680 2399.3
1136690 2399.3
1136700 2400.1
1136710 2400.7
1136720 2400.7
1136730 2400.7
1136740 2400.9
1136750 2401.5
1136760 2401.5
1136770 2402.0
1136780 2402.9
1136790 2402.9
1136800 2404.7
1136810 2405.0
1136820 2405.0
1136830 2403.4
1136840 2402.6
1136850 2402.6
1136860 2404.2
1136870 2405.0
1136880 2405.0
1136890 2405.3
1136900 2405.3
1136910 2405.3
1136920 2405.5
1136930 2405.7
1136940 2405.7
1136950 2407.3
1136960 2409.1
1136970 2409.2
1136980 2409.2
1136990 2409.3
1137000 2410.6
1137010 2408.7
1137020 2408.7
1137030 2408.6
1137040 2408.6
1137050 2409.1
1137060 2409.4
1137070 2409.4
1137080 2408.6
1137090 2407.4
1137100 2407.4
1137110 2406.1
1137120 2404.2
1137130 2404.2
1137140 2401.7
1137150 2399.2
1137160 2399.2
1137170 2396.9
1137180 2395.5
1137190 2395.5
1137200 2393.7
1137210 2393.4
1137220 2393.7
1137230 2393.7
1137240 2393.1
1137250 2393.4
1137260 2393.4
1137270 2394.9
1137280 2396.7
1137290 2396.7
1137300 2399.1
1137310 2401.5
1137320 2401.5
1137330 2404.7
1137340 2408.6
1137350 2408.6
1137360 2413.1
1137370 2417.5
1137380 2416.1
1137390 2419.6
1137400 2423.3
1137410 2423.3
1137420 2429.0
1137430 2437.7
1137440 2437.7
1137450 2445.1
1137460 2448.5
1137470 2451.4
1137480 2451.4
1137490 2454.3
1137500 2458.8
1137510 2458.8
1137520 2461.2
1137530 2461.9
1137540 2461.9
1137550 2462.5
1137560 2464.4
1137570 2464.4
1137580 2467.1
1137590 2471.0
1137600 2471.0
1137610 2476.5
1137620 2482.5
1137630 2482.5
1137640 2486.9
1137650 2490.6
1137660 2490.6
1137670 2494.3
1137680 2498.4
1137690 2503.7
1137700 2503.7
1137710 2510.0
1137720 2516.5
1137730 2516.5
1137740 2522.7
1137750 2531.4
1137760 2531.4
1137770 2540.9
1137780 2546.2
1137790 2546.2
1137800 2554.4
1137810 2570.5
1137820 2570.5
1137830 2573.5
1137840 2577.0
1137850 2577.0
1137860 2580.9
1137870 2579.6
1137880 2579.6
1137890 2575.8
1137900 2573.6
1137910 2573.6
1137920 2571.0
1137930 2568.3
1137940 2565.0
1137950 2565.0
1137960 2560.5
1137970 2558.1
1137980 2558.1
1137990 2556.8
1138000 2555.6
1138010 2555.6
1138020 2554.1
1138030 2552.6
1138040 2552.6
1138050 2551.3
1138060 2549.9
1138070 2549.9
1138080 2548.4
1138090 2547.1
1138100 2547.1
1138110 2545.5
1138120 2543.5
1138130 2543.5
1138140 2540.9
1138150 2538.6
1138160 2538.6
1138170 2536.7
1138180 2534.4
1138190 2532.1
1138200 2532.1
1138210 2530.4
1138220 2529.5
1138230 2529.5
1138240 2529.1
1138250 2528.6
1138260 2528.6
1138270 2527.6
1138280 2525.8
1138290 2525.8
1138300 2525.0
1138310 2525.7
1138320 2525.7
1138330 2526.4
1138340 2527.4
1138350 2527.4
1138360 2528.8
1138370 2530.4
1138380 2530.4
1138390 2532.3
1138400 2536.0
1138410 2536.0
1138420 2540.8
1138430 2545.3
1138440 2548.8
1138450 2548.8
1138460 2551.9
1138470 2551.0
1138480 2553.4
1138490 2552.8
1138500 2549.6
1138510 2549.6
1138520 2546.6
1138530 2543.5
1138540 2543.5
1138550 2537.2
1138560 2532.0
1138570 2532.0
1138580 2528.5
1138590 2523.8
1138600 2523.8
1138610 2520.0
1138620 2515.7
1138630 2515.7
1138640 2510.3
1138650 2505.1
1138660 2499.4
1138670 2499.4
1138680 2493.3
1138690 2487.0
1138700 2487.0
1138710 2481.9
1138720 2478.2
1138730 2478.2
1138740 2473.5
1138750 2467.7
1138760 2467.7
1138770 2463.2
1138780 2458.3
1138790 2458.3
1138800 2452.1
1138810 2445.9
1138820 2445.9
1138830 2441.2
1138840 2437.2
1138850 2440.4
1138860 2436.0
1138870 2432.4
1138880 2432.4
1138890 2429.9
1138900 2427.3
1138910 2425.9
1138920 2425.9
1138930 2425.6
1138940 2425.1
1138950 2425.1
1138960 2424.4
1138970 2423.5
1138980 2423.5
1138990 2421.8
1139000 2420.7
1139010 2420.7
1139020 2419.1
1139030 2418.2
1139040 2418.2
1139050 2418.4
1139060 2418.2
1139070 2418.2
1139080 2417.8
1139090 2417.9
1139100 2417.9
1139110 2418.5
1139120 2418.1
1139130 2418.1
1139140 2417.0
1139150 2415.4
1139160 2413.9
1139170 2413.9
1139180 2413.2
1139190 2412.3
1139200 2412.3
1139210 2404.7
1139220 2403.5
1139230 2403.5
1139240 2402.3
1139250 2400.3
1139260 2400.3
1139270 2398.8
1139280 2397.3
1139290 2397.3
1139300 2396.5
1139310 2396.9
1139320 2396.9
1139330 2398.2
1139340 2398.3
1139350 2398.3
1139360 2398.8
1139370 2398.9
1139380 2399.2
1139390 2399.2
1139400 2398.9
1139410 2399.1
1139420 2399.1
1139430 2400.7
1139440 2402.4
1139450 2402.4
1139460 2404.1
1139470 2402.8
1139480 2402.8
1139490 2401.1
1139500 2399.1
1139510 2399.1
1139520 2394.6
1139530 2390.9
1139540 2390.9
1139550 2387.8
1139560 2384.5
1139570 2384.5
1139580 2377.6
1139590 2375.1
1139600 2375.1
1139610 2373.1
1139620 2370.5
1139630 2367.8
1139640 2367.8
1139650 2365.6
1139660 2364.7
1139670 2364.7
1139680 2363.1
1139690 2361.8
1139700 2361.8
1139710 2359.9
1139720 2356.8
1139730 2356.8
1139740 2355.2
1139750 2354.9
1139760 2354.9
1139770 2357.6
1139780 2362.0
1139790 2362.0
1139800 2363.1
1139810 2359.8
1139820 2359.8
1139830 2353.1
1139840 2345.4
1139850 2345.4
1139860 2338.3
1139870 2331.8
1139880 2326.8
1139890 2326.8
1139900 2325.2
1139910 2324.0
1139920 2324.0
1139930 2325.3
1139940 2327.0
1139950 2322.9
1139960 2324.3
1139970 2325.2
1139980 2325.2
1139990 2326.4
