1120000 1820.2
1120010 1820.2
1120020 1824.0
1120030 1830.2
1120040 1830.2
1120050 1831.7
1120060 1829.9
1120070 1829.9
1120080 1829.3
1120090 1835.5
1120100 1835.5
1120110 1838.5
1120120 1838.4
1120130 1838.4
1120140 1826.4
1120150 1818.0
1120160 1818.0
1120170 1801.7
1120180 1795.6
1120190 1792.1
1120200 1792.1
1120210 1787.4
1120220 1773.9
1120230 1773.9
1120240 1762.9
1120250 1757.6
1120260 1757.6
1120270 1749.8
1120280 1738.6
1120290 1738.6
1120300 1723.7
1120310 1719.3
1120320 1719.3
1120330 1724.6
1120340 1732.5
1120350 1732.5
1120360 1730.6
1120370 1730.2
1120380 1730.2
1120390 1732.4
1120400 1727.5
1120410 1719.2
1120420 1719.2
1120430 1719.5
1120440 1722.5
1120450 1722.5
1120460 1730.1
1120470 1740.1
1120480 1740.1
1120490 1745.6
1120500 1754.2
1120510 1754.2
1120520 1751.6
1120530 1757.8
1120540 1757.8
1120550 1768.4
1120560 1774.9
1120570 1774.9
1120580 1784.2
1120590 1794.6
1120600 1794.6
1120610 1805.5
1120620 1812.1
1120630 1812.1
1120640 1819.6
1120650 1823.3
1120660 1827.0
1120670 1827.0
1120680 1829.3
1120690 1829.8
1120700 1829.8
1120710 1826.9
1120720 1826.3
1120730 1826.3
1120740 1826.6
1120750 1826.6
1120760 1826.6
1120770 1830.7
1120780 1833.3
1120790 1833.3
1120800 1839.0
1120810 1837.0
1120820 1837.0
1120830 1829.2
1120840 1814.8
1120850 1814.8
1120860 1806.6
1120870 1798.6
1120880 1798.6
1120890 1803.6
1120900 1812.5
1120910 1813.7
1120920 1813.7
1120930 1810.8
1120940 1812.6
1120950 1812.6
1120960 1811.0
1120970 1807.7
1120980 1807.7
1120990 1813.0
1121000 1821.1
1121010 1821.1
1121020 1830.9
1121030 1845.8
1121040 1845.8
1121050 1857.3
1121060 1864.1
1121070 1864.1
1121080 1870.7
1121090 1875.0
1121100 1875.0
1121110 1878.3
1121120 1881.7
1121130 1883.9
1121140 1883.9
1121150 1886.1
1121160 1886.5
1121170 1886.5
1121180 1884.7
1121190 1882.6
1121200 1882.6
1121210 1882.2
1121220 1869.8
1121230 1869.8
1121240 1840.7
1121250 1829.9
1121260 1829.9
1121270 1836.3
1121280 1847.3
1121290 1847.3
1121300 1858.1
1121310 1869.4
1121320 1869.4
1121330 1877.3
1121340 1876.8
1121350 1876.8
1121360 1875.5
1121370 1873.7
1121380 1872.8
1121390 1872.8
1121400 1873.0
1121410 1873.6
1121420 1873.6
1121430 1874.2
1121440 1875.0
1121450 1875.0
1121460 1875.9
1121470 1877.0
1121480 1877.0
1121490 1876.2
1121500 1874.5
1121510 1874.5
1121520 1873.6
1121530 1872.5
1121540 1872.5
1121550 1869.5
1121560 1865.6
1121570 1864.2
1121580 1860.5
1121590 1856.6
1121600 1856.6
1121610 1854.4
1121620 1853.0
1121630 1852.7
1121640 1852.7
1121650 1851.8
1121660 1848.2
1121670 1848.2
1121680 1841.4
1121690 1838.5
1121700 1838.5
1121710 1835.5
1121720 1831.8
1121730 1831.8
1121740 1826.9
1121750 1821.1
1121760 1821.1
1121770 1815.4
1121780 1810.0
1121790 1810.0
1121800 1807.3
1121810 1807.2
1121820 1807.2
1121830 1809.3
1121840 1810.6
1121850 1810.8
1121860 1810.8
1121870 1810.3
1121880 1809.2
1121890 1809.2
1121900 1809.1
1121910 1810.3
1121920 1812.3
1121930 1812.1
1121940 1814.1
1121950 1814.1
1121960 1814.2
1121970 1810.4
1121980 1810.4
1121990 1807.2
1122000 1806.5
1122010 1806.5
1122020 1804.7
1122030 1801.9
1122040 1801.9
1122050 1798.9
1122060 1796.2
1122070 1796.2
1122080 1793.8
1122090 1791.9
1122100 1788.0
1122110 1788.0
1122120 1785.3
1122130 1782.9
1122140 1782.9
1122150 1780.8
1122160 1775.9
1122170 1775.9
1122180 1771.0
1122190 1767.4
1122200 1767.4
1122210 1765.8
1122220 1764.9
1122230 1764.9
1122240 1767.8
1122250 1767.8
1122260 1767.8
1122270 1764.4
1122280 1760.7
1122290 1760.7
1122300 1751.7
1122310 1734.2
1122320 1734.2
1122330 1717.7
1122340 1714.0
1122350 1705.0
1122360 1705.0
1122370 1715.4
1122380 1735.8
1122390 1735.8
1122400 1737.9
1122410 1740.8
1122420 1740.8
1122430 1744.3
1122440 1750.6
1122450 1750.6
1122460 1757.0
1122470 1757.8
1122480 1757.8
1122490 1757.5
1122500 1756.1
1122510 1756.1
1122520 1754.7
1122530 1755.3
1122540 1755.3
1122550 1755.3
1122560 1756.8
1122570 1764.0
1122580 1764.0
1122590 1770.8
1122600 1775.9
1122610 1775.9
1122620 1776.5
1122630 1775.8
1122640 1775.8
1122650 1776.5
1122660 1781.9
1122670 1781.9
1122680 1787.0
1122690 1790.1
1122700 1790.1
1122710 1792.9
1122720 1798.5
1122730 1798.5
1122740 1804.5
1122750 1807.8
1122760 1807.8
1122770 1810.8
1122780 1813.4
1122790 1813.4
1122800 1816.2
1122810 1820.9
1122820 1825.8
1122830 1825.8
1122840 1830.2
1122850 1833.8
1122860 1833.8
1122870 1838.7
1122880 1843.7
1122890 1843.7
1122900 1848.2
1122910 1852.3
1122920 1852.3
1122930 1854.2
1122940 1853.0
1122950 1853.0
1122960 1851.9
1122970 1845.9
1122980 1845.9
1122990 1844.2
1123000 1842.0
1123010 1842.0
1123020 1838.4
1123030 1831.0
1123040 1831.0
1123050 1820.4
1123060 1802.7
1123070 1781.4
1123080 1781.4
1123090 1767.4
1123100 1756.7
1123110 1756.7
1123120 1747.1
1123130 1741.7
1123140 1741.7
1123150 1736.5
1123160 1730.8
1123170 1730.8
1123180 1726.6
1123190 1722.4
1123200 1722.4
1123210 1716.6
1123220 1711.6
1123230 1711.6
1123240 1709.5
1123250 1708.3
1123260 1708.3
1123270 1707.6
1123280 1709.5
1123290 1709.5
1123300 1711.7
1123310 1713.2
1123320 1710.4
1123330 1710.4
1123340 1712.3
1123350 1712.9
1123360 1712.9
1123370 1712.6
1123380 1712.5
1123390 1712.5
1123400 1712.0
1123410 1712.5
1123420 1712.5
1123430 1713.5
1123440 1715.3
1123450 1715.3
1123460 1716.6
1123470 1718.4
1123480 1718.4
1123490 1721.6
1123500 1724.7
1123510 1724.7
1123520 1727.2
1123530 1730.2
1123540 1731.8
1123550 1731.8
1123560 1732.9
1123570 1733.9
1123580 1733.9
1123590 1735.4
1123600 1736.5
1123610 1736.5
1123620 1737.3
1123630 1737.4
1123640 1737.4
1123650 1737.4
1123660 1737.0
1123670 1730.5
1123680 1730.4
1123690 1731.0
1123700 1731.0
1123710 1736.3
1123720 1742.3
1123730 1742.3
1123740 1749.9
1123750 1752.8
1123760 1752.8
1123770 1757.0
1123780 1759.0
1123790 1761.2
1123800 1761.2
1123810 1762.7
1123820 1761.2
1123830 1761.2
1123840 1770.2
1123850 1780.2
1123860 1780.2
1123870 1786.1
1123880 1793.1
1123890 1793.1
1123900 1793.2
1123910 1793.7
1123920 1793.7
1123930 1800.2
1123940 1804.8
1123950 1804.8
1123960 1808.6
1123970 1813.5
1123980 1813.5
1123990 1812.0
1124000 1809.5
1124010 1809.5
1124020 1812.0
1124030 1792.4
1124040 1800.0
1124050 1800.0
1124060 1810.2
1124070 1816.6
1124080 1816.6
1124090 1822.3
1124100 1818.6
1124110 1818.6
1124120 1814.7
1124130 1819.5
1124140 1819.5
1124150 1826.3
1124160 1827.1
1124170 1827.1
1124180 1828.8
1124190 1831.2
1124200 1831.2
1124210 1831.7
1124220 1832.7
1124230 1832.7
1124240 1830.5
1124250 1827.1
1124260 1825.7
1124270 1825.7
1124280 1824.2
1124290 1825.1
1124300 1825.1
1124310 1829.9
1124320 1834.9
1124330 1834.9
1124340 1839.4
1124350 1840.5
1124360 1840.5
1124370 1841.3
1124380 1833.6
1124390 1833.6
1124400 1834.9
1124410 1835.9
1124420 1835.9
1124430 1838.3
1124440 1841.2
1124450 1841.2
1124460 1843.0
1124470 1842.6
1124480 1842.6
1124490 1844.3
1124500 1846.6
1124510 1849.7
1124520 1849.7
1124530 1856.2
1124540 1863.6
1124550 1863.6
1124560 1870.7
1124570 1876.4
1124580 1876.4
1124590 1882.3
1124600 1888.2
1124610 1888.2
1124620 1892.9
1124630 1896.2
1124640 1896.2
1124650 1898.9
1124660 1899.0
1124670 1899.0
1124680 1904.2
1124690 1910.7
1124700 1910.7
1124710 1916.1
1124720 1918.6
1124730 1921.1
1124740 1922.1
1124750 1922.8
1124760 1922.5
1124770 1922.5
1124780 1923.9
1124790 1925.4
1124800 1925.4
1124810 1924.6
1124820 1922.7
1124830 1922.7
1124840 1922.0
1124850 1923.4
1124860 1923.4
1124870 1924.5
1124880 1926.7
1124890 1926.7
1124900 1928.7
1124910 1930.9
1124920 1930.9
1124930 1932.8
1124940 1934.4
1124950 1934.4
1124960 1936.6
1124970 1941.8
1124980 1947.4
1124990 1947.4
1125000 1954.2
1125010 1962.5
1125020 1962.5
1125030 1968.1
1125040 1970.8
1125050 1970.8
1125060 1972.8
1125070 1974.3
1125080 1981.7
1125090 1977.3
1125100 1967.3
1125110 1967.3
1125120 1970.7
1125130 1981.2
1125140 1981.2
1125150 1990.3
1125160 2000.8
1125170 2000.8
1125180 2010.8
1125190 2017.9
1125200 2017.9
1125210 2022.8
1125220 2026.7
1125230 2030.1
1125240 2030.1
1125250 2034.2
1125260 2035.3
1125270 2035.3
1125280 2037.1
1125290 2041.9
1125300 2041.9
1125310 2040.6
1125320 2038.9
1125330 2038.9
1125340 2039.0
1125350 2042.7
1125360 2042.7
1125370 2048.8
1125380 2053.7
1125390 2053.7
1125400 2058.4
1125410 2062.5
1125420 2062.5
1125430 2067.3
1125440 2076.7
1125450 2076.7
1125460 2081.6
1125470 2086.2
1125480 2090.3
1125490 2090.3
1125500 2093.9
1125510 2098.6
1125520 2098.6
1125530 2101.1
1125540 2102.2
1125550 2102.2
1125560 2103.0
1125570 2104.7
1125580 2104.7
1125590 2105.9
1125600 2107.9
1125610 2107.9
1125620 2113.1
1125630 2117.7
1125640 2117.7
1125650 2121.1
1125660 2123.1
1125670 2123.1
1125680 2127.1
1125690 2136.0
1125700 2142.0
1125710 2142.0
1125720 2147.6
1125730 2149.8
1125740 2149.8
1125750 2151.1
1125760 2153.9
1125770 2153.9
1125780 2160.5
1125790 2172.4
1125800 2172.4
1125810 2176.1
1125820 2178.8
1125830 2178.8
1125840 2183.1
1125850 2186.4
1125860 2186.4
1125870 2189.6
1125880 2191.9
1125890 2191.9
1125900 2195.2
1125910 2198.9
1125920 2198.9
1125930 2201.3
1125940 2205.7
1125950 2210.6
1125960 2210.6
1125970 2214.8
1125980 2219.7
1125990 2219.7
1126000 2223.7
1126010 2227.0
1126020 2227.0
1126030 2230.8
1126040 2236.1
1126050 2236.1
1126060 2242.8
1126070 2248.3
1126080 2248.3
1126090 2254.1
1126100 2260.0
1126110 2260.0
1126120 2267.5
1126130 2287.5
1126140 2287.5
1126150 2292.7
1126160 2299.3
1126170 2299.3
1126180 2311.8
1126190 2326.3
1126200 2341.1
1126210 2341.1
1126220 2341.7
1126230 2344.3
1126240 2344.3
1126250 2340.0
1126260 2341.1
1126270 2341.1
1126280 2364.3
1126290 2370.6
1126300 2370.6
1126310 2364.1
1126320 2365.8
1126330 2365.8
1126340 2364.7
1126350 2363.4
1126360 2363.4
1126370 2369.2
1126380 2379.8
1126390 2379.8
1126400 2386.9
1126410 2386.6
1126420 2379.4
1126430 2379.4
1126440 2373.1
1126450 2366.2
1126460 2366.2
1126470 2358.1
1126480 2347.4
1126490 2347.4
1126500 2336.4
1126510 2326.5
1126520 2326.5
1126530 2322.4
1126540 2319.7
1126550 2319.7
1126560 2313.0
1126570 2302.9
1126580 2302.9
1126590 2293.9
1126600 2287.7
1126610 2287.7
1126620 2282.7
1126630 2280.5
1126640 2280.5
1126650 2277.7
1126660 2268.5
1126670 2259.0
1126680 2259.0
1126690 2252.9
1126700 2247.8
1126710 2247.8
1126720 2245.7
1126730 2241.9
1126740 2241.9
1126750 2237.9
1126760 2236.3
1126770 2236.3
1126780 2235.7
1126790 2233.0
1126800 2233.0
1126810 2231.0
1126820 2230.7
1126830 2230.7
1126840 2228.5
1126850 2224.7
1126860 2224.7
1126870 2221.6
1126880 2215.7
1126890 2215.7
1126900 2209.4
1126910 2204.3
1126920 2201.2
1126930 2201.2
1126940 2198.8
1126950 2196.2
1126960 2196.2
1126970 2194.7
1126980 2192.3
1126990 2192.3
1127000 2190.7
1127010 2189.0
1127020 2189.0
1127030 2187.7
1127040 2187.3
1127050 2187.3
1127060 2186.8
1127070 2185.1
1127080 2185.1
1127090 2183.0
1127100 2180.8
1127110 2180.8
1127120 2177.6
1127130 2174.5
1127140 2171.2
1127150 2171.2
1127160 2167.8
1127170 2165.0
1127180 2165.0
1127190 2162.5
1127200 2160.6
1127210 2153.7
1127220 2151.5
1127230 2150.1
1127240 2150.1
1127250 2149.8
1127260 2148.8
1127270 2148.8
1127280 2145.9
1127290 2143.0
1127300 2143.0
1127310 2141.5
1127320 2140.2
1127330 2140.2
1127340 2138.5
1127350 2136.8
1127360 2136.8
1127370 2130.4
1127380 2121.6
1127390 2109.0
1127400 2109.0
1127410 2101.3
1127420 2098.6
1127430 2098.6
1127440 2106.2
1127450 2112.4
1127460 2112.4
1127470 2113.9
1127480 2109.8
1127490 2109.8
1127500 2101.3
1127510 2096.0
1127520 2096.0
1127530 2104.1
1127540 2098.0
1127550 2098.0
1127560 2111.2
1127570 2108.2
1127580 2108.2
1127590 2101.0
1127600 2090.8
1127610 2090.8
1127620 2086.1
1127630 2093.4
1127640 2082.7
1127650 2082.7
1127660 2069.0
1127670 2055.6
1127680 2055.6
1127690 2047.1
1127700 2034.6
1127710 2034.6
1127720 2023.3
1127730 2010.8
1127740 2010.8
1127750 2001.2
1127760 1994.6
1127770 1994.6
1127780 1988.6
1127790 1984.6
1127800 1984.6
1127810 1981.8
1127820 1994.6
1127830 1994.6
1127840 2004.5
1127850 2000.8
1127860 2005.3
1127870 2005.3
1127880 2016.3
1127890 2007.4
1127900 2007.4
1127910 1998.1
1127920 1982.7
1127930 1982.7
1127940 1987.4
1127950 2000.5
1127960 2000.5
1127970 2008.3
1127980 2002.1
1127990 2002.1
1128000 1991.4
1128010 1978.8
1128020 1978.8
1128030 1972.2
1128040 1970.9
1128050 1970.9
1128060 1971.1
1128070 1966.9
1128080 1966.9
1128090 1964.5
1128100 1973.0
1128110 1982.8
1128120 1982.8
1128130 1999.3
1128140 2005.9
1128150 2005.9
1128160 2000.8
1128170 1997.0
1128180 1997.0
1128190 1997.8
1128200 1999.7
1128210 1999.7
1128220 2000.4
1128230 1994.6
1128240 1994.6
1128250 1986.9
1128260 1979.7
1128270 1979.7
1128280 1969.4
1128290 1961.9
1128300 1961.9
1128310 1953.8
1128320 1945.1
1128330 1945.1
1128340 1940.0
1128350 1937.1
1128360 1933.0
1128370 1933.0
1128380 1925.9
1128390 1920.9
1128400 1920.9
1128410 1918.8
1128420 1915.9
1128430 1915.9
1128440 1913.3
1128450 1912.7
1128460 1912.7
1128470 1911.9
1128480 1910.9
1128490 1910.9
1128500 1908.1
1128510 1908.8
1128520 1908.8
1128530 1913.0
1128540 1915.1
1128550 1915.1
1128560 1917.7
1128570 1919.5
1128580 1919.8
1128590 1919.8
1128600 1920.1
1128610 1920.0
1128620 1920.0
1128630 1914.3
1128640 1915.3
1128650 1915.3
1128660 1915.8
1128670 1916.7
1128680 1916.7
1128690 1917.6
1128700 1917.6
1128710 1917.6
1128720 1917.9
1128730 1918.5
1128740 1918.5
1128750 1920.8
1128760 1923.9
1128770 1923.9
1128780 1927.1
1128790 1930.0
1128800 1930.0
1128810 1932.3
1128820 1935.1
1128830 1938.0
1128840 1938.0
1128850 1941.0
1128860 1945.0
1128870 1945.0
1128880 1947.4
1128890 1948.7
1128900 1948.7
1128910 1947.0
1128920 1947.6
1128930 1947.6
1128940 1952.9
1128950 1955.5
1128960 1955.5
1128970 1956.8
1128980 1958.2
1128990 1952.0
1129000 1954.1
1129010 1954.9
1129020 1954.9
1129030 1958.1
1129040 1963.7
1129050 1963.7
1129060 1969.8
1129070 1977.0
1129080 1978.1
1129090 1978.1
1129100 1972.7
1129110 1967.9
1129120 1967.9
1129130 1966.4
1129140 1968.2
1129150 1968.2
1129160 1972.7
1129170 1981.3
1129180 1981.3
1129190 1989.6
1129200 1995.5
1129210 1995.5
1129220 2000.6
1129230 2004.3
1129240 2004.3
1129250 2006.4
1129260 2011.7
1129270 2011.7
1129280 2018.9
1129290 2027.3
1129300 2032.7
1129310 2032.7
1129320 2029.3
1129330 2025.5
1129340 2025.5
1129350 2019.0
1129360 2026.4
1129370 2026.4
1129380 2049.2
1129390 2062.1
1129400 2062.1
1129410 2063.5
1129420 2064.6
1129430 2064.6
1129440 2077.9
1129450 2083.3
1129460 2083.3
1129470 2068.5
1129480 2066.7
1129490 2066.7
1129500 2076.0
1129510 2085.5
1129520 2085.5
1129530 2082.6
1129540 2125.8
1129550 2143.7
1129560 2143.7
1129570 2136.7
1129580 2117.8
1129590 2117.8
1129600 2052.0
1129610 2028.8
1129620 2028.8
1129630 2029.6
1129640 2039.1
1129650 2039.1
1129660 2039.8
1129670 2038.9
1129680 2038.9
1129690 2040.2
1129700 2037.0
1129710 2030.1
1129720 2020.6
1129730 2009.3
1129740 2009.3
1129750 1997.9
1129760 1987.9
1129770 1987.9
1129780 1980.5
1129790 1981.3
1129800 1978.5
1129810 1978.5
1129820 1974.2
1129830 1967.0
1129840 1967.0
1129850 1962.5
1129860 1962.4
1129870 1962.4
1129880 1964.6
1129890 1957.8
1129900 1957.8
1129910 1945.6
1129920 1933.8
1129930 1933.8
1129940 1924.6
1129950 1915.6
1129960 1915.6
1129970 1906.2
1129980 1898.6
1129990 1898.6
1130000 1898.6
1130010 1903.4
1130020 1903.4
1130030 1912.5
1130040 1915.1
1130050 1911.6
1130060 1911.6
1130070 1889.8
1130080 1882.2
1130090 1882.2
1130100 1876.3
1130110 1874.7
1130120 1874.7
1130130 1877.6
1130140 1879.9
1130150 1879.9
1130160 1886.8
1130170 1888.4
1130180 1888.4
1130190 1894.3
1130200 1894.6
1130210 1894.6
1130220 1891.1
1130230 1883.0
1130240 1883.0
1130250 1872.7
1130260 1863.1
1130270 1856.0
1130280 1856.0
1130290 1847.9
1130300 1838.9
1130310 1838.9
1130320 1830.4
1130330 1822.8
1130340 1822.8
1130350 1816.1
1130360 1809.8
1130370 1809.8
1130380 1802.6
1130390 1795.4
1130400 1795.4
1130410 1789.9
1130420 1779.4
1130430 1779.4
1130440 1778.2
1130450 1776.1
1130460 1776.1
1130470 1776.7
1130480 1772.8
1130490 1772.8
1130500 1771.0
1130510 1770.4
1130520 1773.0
1130530 1773.0
1130540 1778.8
1130550 1779.9
1130560 1779.9
1130570 1774.6
1130580 1771.7
1130590 1771.7
1130600 1772.0
1130610 1773.5
1130620 1773.5
1130630 1778.4
1130640 1785.0
1130650 1785.0
1130660 1786.8
1130670 1778.8
1130680 1778.8
1130690 1771.6
1130700 1764.4
1130710 1764.4
1130720 1759.9
1130730 1755.1
1130740 1755.1
1130750 1741.1
1130760 1728.4
1130770 1717.2
1130780 1719.4
1130790 1709.1
1130800 1700.2
1130810 1700.2
1130820 1692.3
1130830 1686.0
1130840 1686.0
1130850 1680.2
1130860 1676.1
1130870 1676.1
1130880 1675.5
1130890 1679.0
1130900 1679.0
1130910 1682.6
1130920 1684.3
1130930 1684.3
1130940 1683.9
1130950 1682.7
1130960 1682.7
1130970 1680.5
1130980 1678.1
1130990 1677.1
1131000 1677.1
1131010 1676.7
1131020 1676.3
1131030 1676.3
1131040 1677.0
1131050 1677.4
1131060 1677.4
1131070 1672.8
1131080 1668.2
1131090 1668.2
1131100 1667.3
1131110 1665.6
1131120 1665.6
1131130 1662.9
1131140 1652.3
1131150 1652.3
1131160 1649.3
1131170 1651.8
1131180 1651.8
1131190 1650.3
1131200 1645.7
1131210 1645.7
1131220 1642.3
1131230 1641.6
1131240 1638.0
1131250 1638.0
1131260 1633.0
1131270 1629.2
1131280 1629.2
1131290 1625.7
1131300 1622.3
1131310 1622.3
1131320 1619.4
1131330 1615.0
1131340 1615.0
1131350 1612.3
1131360 1611.2
1131370 1611.2
1131380 1606.5
1131390 1599.0
1131400 1599.0
1131410 1591.6
1131420 1584.4
1131430 1584.4
1131440 1577.4
1131450 1570.9
1131460 1570.9
1131470 1565.3
1131480 1559.0
1131490 1553.8
1131500 1548.2
1131510 1541.3
1131520 1537.0
1131530 1537.0
1131540 1535.0
1131550 1535.6
1131560 1535.6
1131570 1536.9
1131580 1538.4
1131590 1538.4
1131600 1540.3
1131610 1542.2
1131620 1542.2
1131630 1544.9
1131640 1547.9
1131650 1547.9
1131660 1551.3
1131670 1555.0
1131680 1555.0
1131690 1559.0
1131700 1563.8
1131710 1569.2
1131720 1569.2
1131730 1573.9
1131740 1579.4
1131750 1579.4
1131760 1585.8
1131770 1592.1
1131780 1592.1
1131790 1598.5
1131800 1604.9
1131810 1604.9
1131820 1611.2
1131830 1617.1
1131840 1617.1
1131850 1622.7
1131860 1626.3
1131870 1626.3
1131880 1633.0
1131890 1639.7
1131900 1639.7
1131910 1648.1
1131920 1659.5
1131930 1659.5
1131940 1672.2
1131950 1686.9
1131960 1693.1
1131970 1693.1
1131980 1704.5
1131990 1714.9
1132000 1714.9
1132010 1724.8
1132020 1734.0
1132030 1734.0
1132040 1742.0
1132050 1749.0
1132060 1749.0
1132070 1756.3
1132080 1763.1
1132090 1763.1
1132100 1767.8
1132110 1772.9
1132120 1772.9
1132130 1778.4
1132140 1783.7
1132150 1783.7
1132160 1788.7
1132170 1793.1
1132180 1793.1
1132190 1796.6
1132200 1800.9
1132210 1806.1
1132220 1800.9
1132230 1806.2
1132240 1811.7
1132250 1811.7
1132260 1817.1
1132270 1823.1
1132280 1823.1
1132290 1829.0
1132300 1835.3
1132310 1835.3
1132320 1841.1
1132330 1847.2
1132340 1847.2
1132350 1853.3
1132360 1858.1
1132370 1858.1
1132380 1862.9
1132390 1868.1
1132400 1868.1
1132410 1874.1
1132420 1879.7
1132430 1885.9
1132440 1885.9
1132450 1891.0
1132460 1897.4
1132470 1897.4
1132480 1903.1
1132490 1908.0
1132500 1908.0
1132510 1912.1
1132520 1917.8
1132530 1917.8
1132540 1922.3
1132550 1927.7
1132560 1927.7
1132570 1934.5
1132580 1940.3
1132590 1940.3
1132600 1948.0
1132610 1955.9
1132620 1955.9
1132630 1962.4
1132640 1968.0
1132650 1968.0
1132660 1973.1
1132670 1978.6
1132680 1984.6
1132690 1984.6
1132700 1987.0
1132710 1986.4
1132720 1986.4
1132730 1992.6
1132740 1999.6
1132750 1999.6
1132760 2005.8
1132770 2011.2
1132780 2011.2
1132790 2018.6
1132800 2027.6
1132810 2027.6
1132820 2033.9
1132830 2038.1
1132840 2038.1
1132850 2044.1
1132860 2050.8
1132870 2050.8
1132880 2058.4
1132890 2063.5
1132900 2063.5
1132910 2064.4
1132920 2065.6
1132930 2071.8
1132940 2062.8
1132950 2071.7
1132960 2080.2
1132970 2080.2
1132980 2087.3
1132990 2095.3
1133000 2095.3
1133010 2107.9
1133020 2113.0
1133030 2113.0
1133040 2116.8
1133050 2116.0
1133060 2116.0
1133070 2117.4
1133080 2118.4
1133090 2118.4
1133100 2112.0
1133110 2112.9
1133120 2112.9
1133130 2111.8
1133140 2115.0
1133150 2121.8
1133160 2121.8
1133170 2126.1
1133180 2127.2
1133190 2127.2
1133200 2131.5
1133210 2133.0
1133220 2133.0
1133230 2131.8
1133240 2125.5
1133250 2125.5
1133260 2116.8
1133270 2107.8
1133280 2107.8
1133290 2100.9
1133300 2091.1
1133310 2091.1
1133320 2093.1
1133330 2091.9
1133340 2091.9
1133350 2083.0
1133360 2081.0
1133370 2081.0
1133380 2086.1
1133390 2080.9
1133400 2077.4
1133410 2077.4
1133420 2084.1
1133430 2087.6
1133440 2087.6
1133450 2081.9
1133460 2074.5
1133470 2074.5
1133480 2065.5
1133490 2056.9
1133500 2056.9
1133510 2048.9
1133520 2052.1
1133530 2052.1
1133540 2054.8
1133550 2065.4
1133560 2065.4
1133570 2071.9
1133580 2075.1
1133590 2075.1
1133600 2080.5
1133610 2086.4
1133620 2086.4
1133630 2085.0
1133640 2089.7
1133650 2079.8
1133660 2079.8
1133670 2066.4
1133680 2063.4
1133690 2063.4
1133700 2067.1
1133710 2073.4
1133720 2073.4
1133730 2081.1
1133740 2093.7
1133750 2093.7
1133760 2105.4
1133770 2111.9
1133780 2111.9
1133790 2118.1
1133800 2122.9
1133810 2122.9
1133820 2120.0
1133830 2117.2
1133840 2117.2
1133850 2111.1
1133860 2101.1
1133870 2097.5
1133880 2097.5
1133890 2103.5
1133900 2109.7
1133910 2109.7
1133920 2115.4
1133930 2123.1
1133940 2123.1
1133950 2133.9
1133960 2144.7
1133970 2144.7
1133980 2152.2
1133990 2172.4
1134000 2172.4
1134010 2179.7
1134020 2180.1
1134030 2167.0
1134040 2162.6
1134050 2164.3
1134060 2164.3
1134070 2170.8
1134080 2171.4
1134090 2171.4
1134100 2169.6
1134110 2165.7
1134120 2162.1
1134130 2162.1
1134140 2160.6
1134150 2160.0
1134160 2160.0
1134170 2160.9
1134180 2161.3
1134190 2161.3
1134200 2161.5
1134210 2161.9
1134220 2161.9
1134230 2161.3
1134240 2159.4
1134250 2159.4
1134260 2158.6
1134270 2157.5
1134280 2157.5
1134290 2153.4
1134300 2149.2
1134310 2149.2
1134320 2147.3
1134330 2140.9
1134340 2140.9
1134350 2136.4
1134360 2133.3
1134370 2129.1
1134380 2129.1
1134390 2117.9
1134400 2116.7
1134410 2116.7
1134420 2114.6
1134430 2110.3
1134440 2110.3
1134450 2108.0
1134460 2105.4
1134470 2105.4
1134480 2102.7
1134490 2102.4
1134500 2102.4
1134510 2103.5
1134520 2102.1
1134530 2102.1
1134540 2103.3
1134550 2103.6
1134560 2103.6
1134570 2103.6
1134580 2104.6
1134590 2104.8
1134600 2104.8
1134610 2104.2
1134620 2103.3
1134630 2103.3
1134640 2102.5
1134650 2100.9
1134660 2100.9
1134670 2098.2
1134680 2098.1
1134690 2098.1
1134700 2096.3
1134710 2093.4
1134720 2093.4
1134730 2092.6
1134740 2090.8
1134750 2084.8
1134760 2083.4
1134770 2082.8
1134780 2082.8
1134790 2082.2
1134800 2082.0
1134810 2082.0
1134820 2082.3
1134830 2082.9
1134840 2084.3
1134850 2084.3
1134860 2085.5
1134870 2086.6
1134880 2086.6
1134890 2086.2
1134900 2083.8
1134910 2083.8
1134920 2082.7
1134930 2082.3
1134940 2082.3
1134950 2081.9
1134960 2081.5
1134970 2081.5
1134980 2082.3
1134990 2085.1
1135000 2085.1
1135010 2086.9
1135020 2088.1
1135030 2088.1
1135040 2090.8
1135050 2092.6
1135060 2092.6
1135070 2093.0
1135080 2094.5
1135090 2094.1
1135100 2094.1
1135110 2097.0
1135120 2103.5
1135130 2103.5
1135140 2106.6
1135150 2107.8
1135160 2107.8
1135170 2107.7
1135180 2108.7
1135190 2108.7
1135200 2110.2
1135210 2111.8
1135220 2111.8
1135230 2112.8
1135240 2114.8
1135250 2114.8
1135260 2116.9
1135270 2117.6
1135280 2117.6
1135290 2115.9
1135300 2117.5
1135310 2120.9
1135320 2120.9
1135330 2122.7
1135340 2124.5
1135350 2124.5
1135360 2126.0
1135370 2128.6
1135380 2128.6
1135390 2131.9
1135400 2135.5
1135410 2135.5
1135420 2139.2
1135430 2140.6
1135440 2140.6
1135450 2140.5
1135460 2141.8
1135470 2141.8
1135480 2144.7
1135490 2148.6
1135500 2148.6
1135510 2152.5
1135520 2155.5
1135530 2155.5
1135540 2157.7
1135550 2158.5
1135560 2160.4
1135570 2160.4
1135580 2163.4
1135590 2165.1
1135600 2165.1
1135610 2166.3
1135620 2167.8
1135630 2167.8
1135640 2168.7
1135650 2169.9
1135660 2169.9
1135670 2171.3
1135680 2172.8
1135690 2172.8
1135700 2174.2
1135710 2175.9
1135720 2175.9
1135730 2177.7
1135740 2179.6
1135750 2179.6
1135760 2181.1
1135770 2180.5
1135780 2180.5
1135790 2182.1
1135800 2184.6
1135810 2185.9
1135820 2185.9
1135830 2187.7
1135840 2187.7
1135850 2188.0
1135860 2190.8
1135870 2193.4
1135880 2193.4
1135890 2195.7
1135900 2196.7
1135910 2196.7
1135920 2198.2
1135930 2200.0
1135940 2200.0
1135950 2201.6
1135960 2202.7
1135970 2202.7
1135980 2202.0
1135990 2202.9
1136000 2202.9
1136010 2204.1
1136020 2205.5
1136030 2206.9
1136040 2206.9
1136050 2208.0
1136060 2209.5
1136070 2209.5
1136080 2212.3
1136090 2215.3
1136100 2215.3
1136110 2218.2
1136120 2220.3
1136130 2220.3
1136140 2223.5
1136150 2227.9
1136160 2227.9
1136170 2232.5
1136180 2235.7
1136190 2235.7
1136200 2238.4
1136210 2241.2
1136220 2241.2
1136230 2243.4
1136240 2245.9
1136250 2245.9
1136260 2247.6
1136270 2249.4
1136280 2251.7
1136290 2251.7
1136300 2253.8
1136310 2255.4
1136320 2255.4
1136330 2257.4
1136340 2260.2
1136350 2260.2
1136360 2262.6
1136370 2264.6
1136380 2264.6
1136390 2267.6
1136400 2271.0
1136410 2271.0
1136420 2273.6
1136430 2275.7
1136440 2275.7
1136450 2278.2
1136460 2280.7
1136470 2280.7
1136480 2281.7
1136490 2281.7
1136500 2281.7
1136510 2282.0
1136520 2282.4
1136530 2283.0
1136540 2283.0
1136550 2283.8
1136560 2285.2
1136570 2287.5
1136580 2288.4
1136590 2289.7
1136600 2289.7
1136610 2290.5
1136620 2290.9
1136630 2290.9
1136640 2290.9
1136650 2290.1
1136660 2290.1
1136670 2286.3
1136680 2282.3
1136690 2282.3
1136700 2280.6
1136710 2278.5
1136720 2278.5
1136730 2277.8
1136740 2278.5
1136750 2279.3
1136760 2279.3
1136770 2280.7
1136780 2281.1
1136790 2281.1
1136800 2281.2
1136810 2280.9
1136820 2280.9
1136830 2278.8
1136840 2275.7
1136850 2275.7
1136860 2272.1
1136870 2269.0
1136880 2269.0
1136890 2267.9
1136900 2267.7
1136910 2267.7
1136920 2267.4
1136930 2264.4
1136940 2256.7
1136950 2260.3
1136960 2265.1
1136970 2265.1
1136980 2268.0
1136990 2270.4
1137000 2274.3
1137010 2274.3
1137020 2278.1
1137030 2280.9
1137040 2280.9
1137050 2277.8
1137060 2278.2
1137070 2278.2
1137080 2282.0
1137090 2287.6
1137100 2287.6
1137110 2293.4
1137120 2299.6
1137130 2299.6
1137140 2306.0
1137150 2312.3
1137160 2312.3
1137170 2317.4
1137180 2322.0
1137190 2322.0
1137200 2327.1
1137210 2332.8
1137220 2332.8
1137230 2339.8
1137240 2346.5
1137250 2353.4
1137260 2353.4
1137270 2361.6
1137280 2369.5
1137290 2369.5
1137300 2379.2
1137310 2385.7
1137320 2385.7
1137330 2393.1
1137340 2399.9
1137350 2399.9
1137360 2409.5
1137370 2415.3
1137380 2415.3
1137390 2416.7
1137400 2416.0
1137410 2416.0
1137420 2414.1
1137430 2413.2
1137440 2413.2
1137450 2413.3
1137460 2413.8
1137470 2415.4
1137480 2415.4
1137490 2418.8
1137500 2424.2
1137510 2424.2
1137520 2430.2
1137530 2436.7
1137540 2436.7
1137550 2443.4
1137560 2450.4
1137570 2450.4
1137580 2457.8
1137590 2465.3
1137600 2465.3
1137610 2471.4
1137620 2477.3
1137630 2477.3
1137640 2479.6
1137650 2476.9
1137660 2476.9
1137670 2472.0
1137680 2474.5
1137690 2474.5
1137700 2467.1
1137710 2467.1
1137720 2469.2
1137730 2469.2
1137740 2463.5
1137750 2461.6
1137760 2461.6
1137770 2465.6
1137780 2472.8
1137790 2472.8
1137800 2470.4
1137810 2465.7
1137820 2465.7
1137830 2459.6
1137840 2455.6
1137850 2455.6
1137860 2456.7
1137870 2452.5
1137880 2452.5
1137890 2453.6
1137900 2459.1
1137910 2459.1
1137920 2464.4
1137930 2464.9
1137940 2464.9
1137950 2465.2
1137960 2468.4
1137970 2476.6
1137980 2476.6
1137990 2482.8
1138000 2488.0
1138010 2488.0
1138020 2486.7
1138030 2479.1
1138040 2476.3
1138050 2468.6
1138060 2460.3
1138070 2460.3
1138080 2452.4
1138090 2445.0
1138100 2445.0
1138110 2437.6
1138120 2429.4
1138130 2429.4
1138140 2420.7
1138150 2414.6
1138160 2414.6
1138170 2409.4
1138180 2404.8
1138190 2399.4
1138200 2399.4
1138210 2393.4
1138220 2387.4
1138230 2387.4
1138240 2381.6
1138250 2376.3
1138260 2376.3
1138270 2371.7
1138280 2368.4
1138290 2368.4
1138300 2365.6
1138310 2363.5
1138320 2363.5
1138330 2361.7
1138340 2360.0
1138350 2360.0
1138360 2359.5
1138370 2359.0
1138380 2359.0
1138390 2358.8
1138400 2358.3
1138410 2356.0
1138420 2355.9
1138430 2356.6
1138440 2354.5
1138450 2354.5
1138460 2350.2
1138470 2344.8
1138480 2344.8
1138490 2339.4
1138500 2334.2
1138510 2334.2
1138520 2329.4
1138530 2327.5
1138540 2327.5
1138550 2326.0
1138560 2325.7
1138570 2325.7
1138580 2326.0
1138590 2325.7
1138600 2325.7
1138610 2325.1
1138620 2326.2
1138630 2326.2
1138640 2327.1
1138650 2328.5
1138660 2331.2
1138670 2331.2
1138680 2335.3
1138690 2340.1
1138700 2340.1
1138710 2345.1
1138720 2350.3
1138730 2350.3
1138740 2355.8
1138750 2362.0
1138760 2362.0
1138770 2366.5
1138780 2373.0
1138790 2373.0
1138800 2379.6
1138810 2385.7
1138820 2385.7
1138830 2392.2
1138840 2399.8
1138850 2399.8
1138860 2408.7
1138870 2416.6
1138880 2416.6
1138890 2424.3
1138900 2433.5
1138910 2439.3
1138920 2439.3
1138930 2436.5
1138940 2433.2
1138950 2433.2
1138960 2432.3
1138970 2431.2
1138980 2431.2
1138990 2428.2
1139000 2423.3
1139010 2423.3
1139020 2419.2
1139030 2416.0
1139040 2416.0
1139050 2408.6
1139060 2398.4
1139070 2398.4
1139080 2392.3
1139090 2381.8
1139100 2381.8
1139110 2370.8
1139120 2368.1
1139130 2368.1
1139140 2356.0
1139150 2349.6
1139160 2336.6
1139170 2336.6
1139180 2321.4
1139190 2304.9
1139200 2304.9
1139210 2291.0
1139220 2283.4
1139230 2283.4
1139240 2275.4
1139250 2266.3
1139260 2266.3
1139270 2257.0
1139280 2248.8
1139290 2248.8
1139300 2241.5
1139310 2236.1
1139320 2236.1
1139330 2231.3
1139340 2226.0
1139350 2226.0
1139360 2220.4
1139370 2214.6
1139380 2208.9
1139390 2208.9
1139400 2203.3
1139410 2198.0
1139420 2198.0
1139430 2192.8
1139440 2187.4
1139450 2187.4
1139460 2182.0
1139470 2176.9
1139480 2176.9
1139490 2171.9
1139500 2167.6
1139510 2165.1
1139520 2160.7
1139530 2157.1
1139540 2157.1
1139550 2153.8
1139560 2151.1
1139570 2151.1
1139580 2148.8
1139590 2147.0
1139600 2147.0
1139610 2145.6
1139620 2145.2
1139630 2143.8
1139640 2143.8
1139650 2143.5
1139660 2143.2
1139670 2143.2
1139680 2143.1
1139690 2143.5
1139700 2143.5
1139710 2143.8
1139720 2143.4
1139730 2143.4
1139740 2141.7
1139750 2141.6
1139760 2141.6
1139770 2140.2
1139780 2134.6
1139790 2134.6
1139800 2131.3
1139810 2130.7
1139820 2130.7
1139830 2129.5
1139840 2126.0
1139850 2126.0
1139860 2125.5
1139870 2126.0
1139880 2121.6
1139890 2121.6
1139900 2122.2
1139910 2122.2
1139920 2122.2
1139930 2120.1
1139940 2117.2
1139950 2117.2
1139960 2113.6
1139970 2111.4
1139980 2111.4
1139990 2111.2
