1120000 1765.8
1120010 1764.0
1120020 1765.5
1120030 1765.5
1120040 1763.2
1120050 1765.0
1120060 1765.0
1120070 1770.1
1120080 1775.7
1120090 1775.7
1120100 1777.2
1120110 1780.1
1120120 1773.3
1120130 1776.6
1120140 1781.7
1120150 1781.7
1120160 1783.7
1120170 1778.4
1120180 1771.3
1120190 1771.3
1120200 1758.6
1120210 1752.3
1120220 1752.3
1120230 1742.4
1120240 1729.4
1120250 1729.4
1120260 1723.1
1120270 1711.9
1120280 1711.9
1120290 1697.8
1120300 1683.6
1120310 1683.6
1120320 1669.4
1120330 1669.9
1120340 1669.9
1120350 1676.1
1120360 1672.3
1120370 1672.3
1120380 1666.8
1120390 1662.7
1120400 1662.7
1120410 1666.8
1120420 1671.7
1120430 1680.7
1120440 1680.7
1120450 1692.3
1120460 1704.2
1120470 1704.0
1120480 1713.0
1120490 1716.8
1120500 1716.8
1120510 1718.3
1120520 1717.9
1120530 1717.9
1120540 1720.7
1120550 1721.7
1120560 1721.7
1120570 1730.7
1120580 1739.0
1120590 1739.0
1120600 1738.8
1120610 1745.8
1120620 1745.8
1120630 1750.8
1120640 1758.2
1120650 1758.2
1120660 1760.7
1120670 1760.8
1120680 1765.0
1120690 1765.0
1120700 1767.5
1120710 1762.4
1120720 1762.4
1120730 1755.5
1120740 1752.4
1120750 1752.4
1120760 1755.9
1120770 1764.5
1120780 1764.5
1120790 1766.2
1120800 1765.3
1120810 1765.3
1120820 1757.1
1120830 1750.5
1120840 1750.5
1120850 1748.8
1120860 1748.4
1120870 1748.4
1120880 1742.0
1120890 1735.1
1120900 1731.8
1120910 1731.8
1120920 1734.1
1120930 1742.1
1120940 1742.1
1120950 1751.6
1120960 1761.5
1120970 1761.5
1120980 1770.4
1120990 1780.9
1121000 1780.9
1121010 1789.6
1121020 1797.7
1121030 1797.7
1121040 1810.1
1121050 1823.2
1121060 1823.2
1121070 1823.7
1121080 1822.1
1121090 1822.1
1121100 1818.5
1121110 1810.9
1121120 1810.9
1121130 1803.8
1121140 1798.3
1121150 1795.4
1121160 1795.4
1121170 1784.7
1121180 1785.1
1121190 1785.1
1121200 1785.8
1121210 1782.3
1121220 1782.3
1121230 1779.2
1121240 1771.9
1121250 1771.9
1121260 1762.3
1121270 1751.6
1121280 1751.6
1121290 1759.2
1121300 1772.4
1121310 1772.4
1121320 1786.6
1121330 1799.5
1121340 1799.5
1121350 1811.3
1121360 1824.7
1121370 1824.7
1121380 1836.7
1121390 1845.0
1121400 1848.3
1121410 1848.3
1121420 1851.9
1121430 1854.3
1121440 1854.3
1121450 1854.0
1121460 1855.0
1121470 1855.0
1121480 1855.4
1121490 1855.6
1121500 1855.6
1121510 1855.2
1121520 1848.9
1121530 1848.9
1121540 1850.4
1121550 1850.4
1121560 1850.4
1121570 1850.2
1121580 1851.0
1121590 1851.0
1121600 1852.5
1121610 1851.8
1121620 1849.8
1121630 1849.8
1121640 1845.7
1121650 1838.3
1121660 1838.3
1121670 1829.5
1121680 1828.0
1121690 1828.0
1121700 1831.7
1121710 1837.7
1121720 1837.7
1121730 1834.5
1121740 1831.1
1121750 1831.1
1121760 1826.1
1121770 1823.8
1121780 1823.8
1121790 1819.6
1121800 1813.4
1121810 1813.4
1121820 1811.8
1121830 1814.9
1121840 1814.9
1121850 1818.0
1121860 1818.9
1121870 1818.3
1121880 1818.3
1121890 1819.9
1121900 1822.6
1121910 1822.6
1121920 1821.4
1121930 1815.9
1121940 1815.9
1121950 1810.2
1121960 1807.3
1121970 1807.3
1121980 1801.7
1121990 1814.5
1122000 1814.5
1122010 1815.2
1122020 1810.1
1122030 1810.1
1122040 1807.0
1122050 1804.9
1122060 1804.9
1122070 1800.0
1122080 1794.9
1122090 1794.9
1122100 1790.0
1122110 1783.8
1122120 1779.0
1122130 1779.0
1122140 1769.9
1122150 1758.2
1122160 1758.2
1122170 1753.1
1122180 1753.1
1122190 1753.1
1122200 1750.6
1122210 1748.1
1122220 1739.9
1122230 1738.1
1122240 1732.4
1122250 1732.4
1122260 1727.9
1122270 1727.1
1122280 1727.1
1122290 1726.2
1122300 1722.3
1122310 1722.3
1122320 1719.6
1122330 1712.3
1122340 1704.6
1122350 1704.6
1122360 1695.5
1122370 1680.7
1122380 1680.7
1122390 1668.8
1122400 1664.1
1122410 1664.1
1122420 1663.4
1122430 1660.4
1122440 1660.4
1122450 1664.3
1122460 1670.2
1122470 1670.2
1122480 1680.6
1122490 1690.0
1122500 1690.0
1122510 1699.6
1122520 1705.2
1122530 1705.2
1122540 1709.7
1122550 1717.4
1122560 1717.4
1122570 1717.6
1122580 1719.3
1122590 1722.1
1122600 1722.1
1122610 1726.6
1122620 1732.9
1122630 1732.9
1122640 1737.3
1122650 1742.5
1122660 1742.5
1122670 1746.7
1122680 1750.7
1122690 1750.7
1122700 1754.0
1122710 1755.0
1122720 1755.0
1122730 1753.3
1122740 1753.0
1122750 1753.0
1122760 1746.7
1122770 1741.4
1122780 1741.4
1122790 1738.9
1122800 1736.5
1122810 1736.5
1122820 1734.4
1122830 1734.7
1122840 1737.6
1122850 1737.6
1122860 1740.2
1122870 1744.3
1122880 1744.3
1122890 1747.8
1122900 1749.3
1122910 1749.3
1122920 1741.6
1122930 1740.2
1122940 1740.2
1122950 1739.1
1122960 1737.2
1122970 1737.2
1122980 1736.2
1122990 1730.0
1123000 1730.0
1123010 1723.2
1123020 1717.8
1123030 1717.8
1123040 1714.3
1123050 1712.1
1123060 1707.8
1123070 1707.8
1123080 1703.5
1123090 1699.0
1123100 1699.0
1123110 1694.5
1123120 1691.4
1123130 1691.4
1123140 1689.2
1123150 1686.7
1123160 1686.7
1123170 1683.8
1123180 1680.7
1123190 1680.7
1123200 1677.3
1123210 1675.2
1123220 1675.2
1123230 1672.9
1123240 1671.9
1123250 1671.9
1123260 1670.2
1123270 1666.0
1123280 1666.0
1123290 1667.5
1123300 1669.6
1123310 1671.3
1123320 1671.3
1123330 1672.9
1123340 1675.6
1123350 1675.6
1123360 1676.2
1123370 1677.5
1123380 1677.5
1123390 1679.4
1123400 1679.6
1123410 1679.6
1123420 1679.5
1123430 1678.9
1123440 1678.9
1123450 1677.3
1123460 1675.5
1123470 1675.5
1123480 1675.8
1123490 1676.1
1123500 1676.1
1123510 1678.5
1123520 1679.5
1123530 1679.5
1123540 1680.0
1123550 1681.8
1123560 1682.7
1123570 1682.7
1123580 1683.3
1123590 1684.1
1123600 1684.1
1123610 1684.2
1123620 1679.3
1123630 1679.3
1123640 1678.9
1123650 1681.0
1123660 1681.0
1123670 1683.8
1123680 1683.9
1123690 1683.9
1123700 1683.9
1123710 1682.3
1123720 1682.3
1123730 1678.7
1123740 1676.5
1123750 1676.5
1123760 1675.4
1123770 1675.6
1123780 1677.5
1123790 1677.5
1123800 1679.1
1123810 1681.1
1123820 1681.1
1123830 1682.9
1123840 1684.8
1123850 1684.8
1123860 1687.5
1123870 1690.6
1123880 1690.6
1123890 1693.3
1123900 1696.1
1123910 1696.1
1123920 1699.7
1123930 1704.1
1123940 1704.1
1123950 1710.8
1123960 1714.2
1123970 1714.2
1123980 1725.2
1123990 1729.2
1124000 1729.2
1124010 1733.1
1124020 1737.1
1124030 1742.4
1124040 1742.4
1124050 1747.1
1124060 1749.0
1124070 1749.0
1124080 1751.7
1124090 1761.2
1124100 1761.2
1124110 1771.1
1124120 1778.8
1124130 1778.8
1124140 1781.5
1124150 1782.0
1124160 1782.0
1124170 1783.9
1124180 1784.5
1124190 1784.5
1124200 1783.5
1124210 1788.5
1124220 1788.5
1124230 1793.4
1124240 1799.1
1124250 1799.1
1124260 1803.8
1124270 1809.4
1124280 1814.3
1124290 1814.3
1124300 1817.8
1124310 1824.9
1124320 1824.9
1124330 1834.7
1124340 1835.3
1124350 1835.3
1124360 1842.3
1124370 1847.3
1124380 1847.3
1124390 1851.7
1124400 1856.5
1124410 1856.5
1124420 1859.7
1124430 1863.0
1124440 1863.0
1124450 1870.3
1124460 1874.9
1124470 1874.9
1124480 1876.9
1124490 1878.6
1124500 1881.3
1124510 1881.3
1124520 1883.8
1124530 1887.8
1124540 1887.8
1124550 1893.1
1124560 1896.5
1124570 1896.5
1124580 1902.3
1124590 1908.0
1124600 1908.0
1124610 1913.6
1124620 1918.6
1124630 1918.6
1124640 1923.1
1124650 1927.0
1124660 1927.0
1124670 1932.3
1124680 1942.6
1124690 1942.6
1124700 1948.6
1124710 1952.5
1124720 1952.5
1124730 1955.4
1124740 1956.2
1124750 1956.3
1124760 1956.3
1124770 1957.9
1124780 1960.2
1124790 1960.2
1124800 1961.7
1124810 1965.7
1124820 1965.7
1124830 1968.8
1124840 1970.5
1124850 1970.5
1124860 1972.2
1124870 1974.5
1124880 1974.5
1124890 1976.0
1124900 1976.9
1124910 1976.9
1124920 1977.8
1124930 1979.2
1124940 1979.2
1124950 1981.4
1124960 1984.4
1124970 1984.4
1124980 1990.1
1124990 1993.3
1125000 1995.7
1125010 1995.7
1125020 1997.2
1125030 2001.8
1125040 2001.8
1125050 2004.1
1125060 2005.1
1125070 2005.1
1125080 2008.4
1125090 2010.8
1125100 2010.8
1125110 2012.0
1125120 2015.3
1125130 2015.3
1125140 2020.4
1125150 2025.5
1125160 2025.5
1125170 2030.2
1125180 2033.1
1125190 2033.1
1125200 2036.6
1125210 2047.2
1125220 2058.8
1125230 2058.8
1125240 2066.6
1125250 2078.7
1125260 2078.7
1125270 2082.6
1125280 2087.0
1125290 2087.0
1125300 2089.5
1125310 2092.0
1125320 2092.0
1125330 2094.7
1125340 2094.9
1125350 2094.9
1125360 2094.6
1125370 2095.3
1125380 2095.3
1125390 2107.5
1125400 2107.8
1125410 2107.8
1125420 2111.2
1125430 2116.9
1125440 2116.9
1125450 2123.0
1125460 2130.4
1125470 2137.5
1125480 2137.5
1125490 2143.4
1125500 2147.6
1125510 2147.6
1125520 2147.5
1125530 2149.5
1125540 2149.5
1125550 2159.1
1125560 2167.0
1125570 2167.0
1125580 2172.1
1125590 2177.4
1125600 2177.4
1125610 2182.2
1125620 2187.2
1125630 2187.2
1125640 2192.0
1125650 2195.6
1125660 2195.6
1125670 2199.1
1125680 2200.5
1125690 2200.5
1125700 2201.0
1125710 2202.4
1125720 2205.4
1125730 2205.4
1125740 2220.2
1125750 2224.4
1125760 2224.4
1125770 2228.6
1125780 2230.3
1125790 2230.3
1125800 2235.3
1125810 2243.8
1125820 2243.8
1125830 2257.0
1125840 2260.0
1125850 2260.0
1125860 2251.3
1125870 2244.5
1125880 2244.5
1125890 2247.7
1125900 2251.5
1125910 2251.5
1125920 2256.9
1125930 2271.9
1125940 2286.7
1125950 2286.7
1125960 2300.2
1125970 2312.1
1125980 2312.1
1125990 2316.0
1126000 2318.0
1126010 2318.0
1126020 2317.6
1126030 2324.9
1126040 2324.9
1126050 2327.6
1126060 2320.8
1126070 2320.8
1126080 2318.3
1126090 2319.8
1126100 2326.5
1126110 2329.4
1126120 2337.1
1126130 2337.1
1126140 2339.5
1126150 2341.3
1126160 2341.3
1126170 2342.8
1126180 2345.0
1126190 2347.9
1126200 2347.9
1126210 2350.8
1126220 2351.2
1126230 2351.2
1126240 2350.3
1126250 2351.2
1126260 2351.2
1126270 2350.3
1126280 2345.1
1126290 2345.1
1126300 2341.8
1126310 2335.5
1126320 2335.5
1126330 2331.0
1126340 2329.7
1126350 2329.7
1126360 2330.8
1126370 2333.6
1126380 2333.6
1126390 2332.5
1126400 2330.1
1126410 2330.1
1126420 2329.9
1126430 2328.8
1126440 2328.6
1126450 2317.1
1126460 2314.3
1126470 2311.0
1126480 2311.0
1126490 2307.5
1126500 2299.1
1126510 2299.1
1126520 2290.4
1126530 2282.5
1126540 2282.5
1126550 2274.5
1126560 2266.2
1126570 2266.2
1126580 2259.2
1126590 2258.5
1126600 2258.5
1126610 2255.2
1126620 2248.1
1126630 2248.1
1126640 2240.8
1126650 2234.6
1126660 2234.6
1126670 2229.1
1126680 2223.2
1126690 2218.6
1126700 2218.6
1126710 2215.0
1126720 2211.9
1126730 2211.9
1126740 2208.2
1126750 2205.3
1126760 2205.3
1126770 2203.5
1126780 2202.1
1126790 2202.1
1126800 2200.6
1126810 2196.0
1126820 2196.0
1126830 2194.2
1126840 2192.3
1126850 2192.3
1126860 2190.7
1126870 2189.2
1126880 2189.2
1126890 2187.2
1126900 2186.7
1126910 2187.0
1126920 2187.0
1126930 2185.9
1126940 2184.7
1126950 2184.7
1126960 2184.2
1126970 2183.1
1126980 2183.1
1126990 2180.4
1127000 2176.2
1127010 2176.2
1127020 2170.9
1127030 2165.3
1127040 2165.3
1127050 2160.8
1127060 2156.9
1127070 2156.9
1127080 2154.5
1127090 2150.8
1127100 2150.8
1127110 2147.8
1127120 2145.3
1127130 2145.3
1127140 2142.6
1127150 2139.2
1127160 2135.4
1127170 2135.4
1127180 2130.6
1127190 2128.6
1127200 2128.6
1127210 2127.9
1127220 2127.4
1127230 2127.4
1127240 2125.2
1127250 2121.4
1127260 2121.4
1127270 2117.3
1127280 2114.5
1127290 2114.5
1127300 2111.0
1127310 2106.7
1127320 2106.7
1127330 2102.8
1127340 2100.4
1127350 2100.4
1127360 2099.1
1127370 2098.3
1127380 2098.3
1127390 2096.0
1127400 2091.3
1127410 2085.5
1127420 2085.5
1127430 2075.0
1127440 2060.2
1127450 2060.2
1127460 2051.3
1127470 2044.1
1127480 2044.1
1127490 2038.2
1127500 2032.2
1127510 2032.2
1127520 2023.2
1127530 2017.2
1127540 2017.2
1127550 2010.8
1127560 2001.3
1127570 2001.3
1127580 1987.0
1127590 1980.6
1127600 1980.6
1127610 1977.8
1127620 1977.3
1127630 1976.3
1127640 1976.3
1127650 1976.8
1127660 1973.9
1127670 1973.9
1127680 1972.4
1127690 1970.9
1127700 1970.9
1127710 1981.7
1127720 1985.7
1127730 1985.7
1127740 1976.7
1127750 1974.3
1127760 1974.3
1127770 1968.3
1127780 1955.4
1127790 1955.4
1127800 1942.9
1127810 1933.5
1127820 1933.5
1127830 1922.7
1127840 1917.8
1127850 1917.8
1127860 1924.3
1127870 1904.7
1127880 1918.5
1127890 1918.5
1127900 1940.4
1127910 1938.6
1127920 1938.6
1127930 1931.7
1127940 1922.8
1127950 1922.8
1127960 1909.2
1127970 1899.9
1127980 1899.9
1127990 1892.5
1128000 1895.4
1128010 1895.4
1128020 1907.0
1128030 1909.8
1128040 1909.8
1128050 1917.3
1128060 1920.5
1128070 1920.5
1128080 1920.7
1128090 1931.7
1128100 1931.7
1128110 1944.9
1128120 1953.0
1128130 1959.1
1128140 1959.1
1128150 1963.5
1128160 1959.3
1128170 1959.3
1128180 1952.5
1128190 1946.3
1128200 1946.3
1128210 1941.3
1128220 1936.9
1128230 1930.2
1128240 1925.6
1128250 1921.0
1128260 1921.0
1128270 1915.5
1128280 1910.8
1128290 1910.8
1128300 1906.1
1128310 1901.5
1128320 1901.5
1128330 1897.5
1128340 1893.7
1128350 1887.2
1128360 1887.2
1128370 1881.2
1128380 1877.7
1128390 1877.7
1128400 1874.6
1128410 1870.2
1128420 1870.2
1128430 1868.4
1128440 1871.6
1128450 1871.6
1128460 1872.2
1128470 1868.4
1128480 1868.4
1128490 1867.6
1128500 1867.4
1128510 1867.4
1128520 1866.0
1128530 1865.8
1128540 1865.8
1128550 1867.1
1128560 1869.0
1128570 1869.0
1128580 1865.5
1128590 1866.4
1128600 1867.1
1128610 1867.1
1128620 1867.4
1128630 1867.2
1128640 1867.2
1128650 1866.7
1128660 1866.6
1128670 1866.6
1128680 1866.5
1128690 1867.0
1128700 1867.0
1128710 1868.5
1128720 1870.2
1128730 1870.2
1128740 1872.6
1128750 1875.3
1128760 1875.3
1128770 1878.4
1128780 1881.0
1128790 1881.0
1128800 1883.5
1128810 1885.7
1128820 1885.7
1128830 1888.3
1128840 1890.7
1128850 1893.2
1128860 1893.2
1128870 1896.2
1128880 1897.1
1128890 1897.1
1128900 1896.1
1128910 1899.5
1128920 1899.5
1128930 1901.4
1128940 1898.3
1128950 1898.3
1128960 1901.8
1128970 1904.0
1128980 1904.0
1128990 1899.1
1129000 1896.9
1129010 1896.9
1129020 1899.0
1129030 1895.9
1129040 1895.9
1129050 1885.8
1129060 1883.4
1129070 1883.5
1129080 1883.5
1129090 1883.3
1129100 1881.2
1129110 1881.2
1129120 1887.0
1129130 1896.8
1129140 1896.8
1129150 1903.5
1129160 1912.0
1129170 1912.0
1129180 1920.5
1129190 1920.3
1129200 1920.3
1129210 1918.3
1129220 1926.6
1129230 1926.6
1129240 1937.4
1129250 1947.0
1129260 1947.0
1129270 1951.6
1129280 1952.2
1129290 1952.2
1129300 1943.7
1129310 1951.1
1129320 1961.2
1129330 1961.2
1129340 1970.8
1129350 1975.2
1129360 1975.2
1129370 1973.4
1129380 1967.1
1129390 1967.1
1129400 1978.5
1129410 1980.7
1129420 1980.7
1129430 1990.9
1129440 2002.9
1129450 2002.9
1129460 2010.1
1129470 2012.6
1129480 2012.6
1129490 2023.9
1129500 2027.2
1129510 2027.2
1129520 2033.7
1129530 2042.3
1129540 2042.3
1129550 2044.3
1129560 2027.0
1129570 2012.2
1129580 2012.2
1129590 2002.5
1129600 1996.5
1129610 1996.5
1129620 1987.4
1129630 1979.7
1129640 1979.7
1129650 1970.5
1129660 1966.4
1129670 1966.4
1129680 1957.9
1129690 1952.1
1129700 1952.1
1129710 1945.8
1129720 1934.8
1129730 1934.8
1129740 1925.7
1129750 1916.7
1129760 1916.7
1129770 1907.7
1129780 1899.4
1129790 1893.3
1129800 1893.3
1129810 1891.4
1129820 1900.5
1129830 1900.5
1129840 1899.6
1129850 1887.8
1129860 1887.8
1129870 1877.1
1129880 1877.8
1129890 1877.8
1129900 1885.6
1129910 1883.8
1129920 1883.8
1129930 1877.0
1129940 1874.2
1129950 1874.2
1129960 1865.5
1129970 1856.5
1129980 1856.5
1129990 1848.9
1130000 1842.4
1130010 1836.8
1130020 1834.3
1130030 1834.2
1130040 1834.3
1130050 1834.3
1130060 1831.5
1130070 1827.1
1130080 1827.1
1130090 1824.8
1130100 1822.7
1130110 1822.7
1130120 1822.1
1130130 1822.1
1130140 1822.1
1130150 1821.9
1130160 1821.9
1130170 1821.9
1130180 1820.9
1130190 1820.8
1130200 1820.8
1130210 1826.7
1130220 1832.1
1130230 1832.1
1130240 1838.0
1130250 1846.2
1130260 1846.2
1130270 1857.5
1130280 1853.6
1130290 1840.4
1130300 1840.4
1130310 1827.9
1130320 1816.9
1130330 1816.9
1130340 1806.7
1130350 1795.6
1130360 1795.6
1130370 1783.3
1130380 1774.6
1130390 1774.6
1130400 1766.3
1130410 1758.4
1130420 1758.4
1130430 1751.3
1130440 1744.7
1130450 1744.7
1130460 1737.6
1130470 1729.4
1130480 1729.4
1130490 1721.3
1130500 1714.2
1130510 1708.3
1130520 1708.3
1130530 1708.6
1130540 1709.0
1130550 1709.0
1130560 1709.0
1130570 1709.5
1130580 1709.5
1130590 1712.2
1130600 1717.1
1130610 1717.1
1130620 1725.0
1130630 1729.0
1130640 1729.0
1130650 1729.9
1130660 1726.2
1130670 1726.2
1130680 1722.6
1130690 1726.6
1130700 1726.6
1130710 1732.3
1130720 1731.4
1130730 1720.5
1130740 1714.5
1130750 1706.4
1130760 1699.5
1130770 1699.5
1130780 1694.3
1130790 1688.8
1130800 1688.8
1130810 1685.7
1130820 1680.6
1130830 1680.6
1130840 1672.5
1130850 1664.1
1130860 1664.1
1130870 1656.7
1130880 1649.6
1130890 1649.6
1130900 1642.3
1130910 1635.1
1130920 1635.1
1130930 1628.8
1130940 1629.8
1130950 1629.8
1130960 1633.9
1130970 1633.4
1130980 1633.4
1130990 1631.5
1131000 1629.3
1131010 1627.6
1131020 1627.6
1131030 1626.4
1131040 1624.3
1131050 1624.3
1131060 1623.1
1131070 1624.5
1131080 1624.5
1131090 1616.3
1131100 1612.7
1131110 1612.7
1131120 1608.2
1131130 1604.4
1131140 1604.4
1131150 1601.8
1131160 1598.0
1131170 1598.0
1131180 1595.6
1131190 1594.8
1131200 1594.8
1131210 1591.1
1131220 1587.6
1131230 1586.1
1131240 1586.1
1131250 1585.3
1131260 1583.0
1131270 1583.0
1131280 1580.5
1131290 1577.5
1131300 1577.5
1131310 1572.1
1131320 1567.2
1131330 1567.2
1131340 1561.5
1131350 1556.9
1131360 1556.9
1131370 1553.6
1131380 1549.8
1131390 1549.8
1131400 1545.4
1131410 1540.7
1131420 1540.7
1131430 1536.0
1131440 1531.3
1131450 1524.6
1131460 1519.3
1131470 1515.1
1131480 1515.8
1131490 1515.8
1131500 1516.3
1131510 1517.8
1131520 1517.8
1131530 1519.9
1131540 1521.6
1131550 1521.6
1131560 1523.8
1131570 1525.8
1131580 1525.8
1131590 1528.0
1131600 1530.7
1131610 1530.7
1131620 1533.5
1131630 1537.3
1131640 1537.3
1131650 1540.9
1131660 1544.7
1131670 1544.7
1131680 1549.1
1131690 1554.1
1131700 1554.1
1131710 1558.4
1131720 1562.6
1131730 1566.9
1131740 1566.9
1131750 1572.2
1131760 1578.3
1131770 1578.3
1131780 1585.2
1131790 1593.9
1131800 1593.9
1131810 1605.6
1131820 1614.7
1131830 1614.7
1131840 1619.5
1131850 1621.3
1131860 1621.3
1131870 1624.9
1131880 1630.8
1131890 1630.8
1131900 1637.1
1131910 1642.9
1131920 1642.9
1131930 1648.8
1131940 1653.5
1131950 1658.1
1131960 1658.1
1131970 1663.5
1131980 1670.2
1131990 1670.2
1132000 1678.6
1132010 1682.1
1132020 1682.1
1132030 1686.1
1132040 1692.8
1132050 1692.8
1132060 1699.9
1132070 1706.8
1132080 1706.8
1132090 1714.6
1132100 1722.9
1132110 1722.9
1132120 1731.8
1132130 1741.0
1132140 1741.0
1132150 1751.2
1132160 1762.2
1132170 1763.0
1132180 1772.4
1132190 1780.7
1132200 1786.4
1132210 1786.4
1132220 1791.3
1132230 1796.9
1132240 1796.9
1132250 1801.8
1132260 1806.2
1132270 1806.2
1132280 1811.1
1132290 1815.8
1132300 1815.8
1132310 1820.2
1132320 1824.5
1132330 1824.5
1132340 1830.7
1132350 1837.7
1132360 1837.7
1132370 1844.4
1132380 1850.6
1132390 1850.6
1132400 1857.4
1132410 1864.3
1132420 1864.3
1132430 1871.6
1132440 1874.8
1132450 1879.1
1132460 1879.1
1132470 1884.9
1132480 1892.2
1132490 1892.2
1132500 1901.0
1132510 1909.5
1132520 1909.5
1132530 1910.3
1132540 1912.9
1132550 1912.9
1132560 1915.9
1132570 1917.0
1132580 1917.0
1132590 1915.6
1132600 1916.9
1132610 1916.9
1132620 1922.1
1132630 1923.4
1132640 1923.4
1132650 1921.4
1132660 1924.6
1132670 1927.4
1132680 1927.4
1132690 1934.3
1132700 1940.5
1132710 1940.5
1132720 1945.3
1132730 1947.2
1132740 1947.2
1132750 1952.9
1132760 1959.5
1132770 1959.5
1132780 1964.1
1132790 1969.6
1132800 1969.6
1132810 1977.3
1132820 1985.0
1132830 1985.0
1132840 1990.8
1132850 1994.6
1132860 1994.6
1132870 1997.8
1132880 2004.1
1132890 2001.6
1132900 2008.7
1132910 2015.7
1132920 2024.9
1132930 2024.9
1132940 2036.6
1132950 2042.8
1132960 2042.8
1132970 2044.6
1132980 2048.5
1132990 2048.5
1133000 2055.2
1133010 2058.0
1133020 2058.0
1133030 2053.9
1133040 2050.4
1133050 2050.4
1133060 2051.2
1133070 2050.3
1133080 2050.3
1133090 2046.9
1133100 2049.3
1133110 2049.3
1133120 2051.9
1133130 2050.8
1133140 2050.8
1133150 2054.4
1133160 2061.2
1133170 2068.5
1133180 2068.5
1133190 2070.5
1133200 2065.8
1133210 2065.8
1133220 2062.4
1133230 2059.8
1133240 2059.8
1133250 2051.6
1133260 2052.3
1133270 2052.3
1133280 2046.2
1133290 2039.7
1133300 2039.7
1133310 2033.9
1133320 2028.0
1133330 2028.0
1133340 2025.8
1133350 2025.3
1133360 2025.3
1133370 2022.1
1133380 2015.8
1133390 2016.7
1133400 2016.7
1133410 2016.8
1133420 2020.1
1133430 2020.1
1133440 2025.9
1133450 2021.2
1133460 2021.2
1133470 2014.0
1133480 2008.1
1133490 2008.1
1133500 2001.7
1133510 1998.5
1133520 1998.5
1133530 1995.8
1133540 1991.1
1133550 1991.1
1133560 1999.4
1133570 2005.2
1133580 2005.2
1133590 2008.5
1133600 2016.0
1133610 2016.0
1133620 2005.0
1133630 2001.4
1133640 1993.2
1133650 1993.2
1133660 1997.3
1133670 2011.7
1133680 2011.7
1133690 2027.7
1133700 2040.7
1133710 2040.7
1133720 2047.3
1133730 2047.6
1133740 2047.6
1133750 2048.9
1133760 2047.0
1133770 2047.0
1133780 2042.5
1133790 2042.2
1133800 2042.2
1133810 2041.4
1133820 2041.4
1133830 2041.4
1133840 2043.9
1133850 2041.6
1133860 2050.1
1133870 2050.1
1133880 2062.5
1133890 2072.8
1133900 2072.8
1133910 2082.1
1133920 2091.8
1133930 2091.8
1133940 2101.9
1133950 2110.5
1133960 2110.5
1133970 2117.9
1133980 2116.5
1133990 2116.5
1134000 2118.7
1134010 2120.1
1134020 2120.1
1134030 2121.4
1134040 2125.9
1134050 2125.9
1134060 2130.4
1134070 2130.8
1134080 2130.8
1134090 2128.4
1134100 2123.1
1134110 2120.8
1134120 2120.8
1134130 2123.7
1134140 2122.2
1134150 2122.2
1134160 2117.8
1134170 2112.1
1134180 2112.1
1134190 2109.3
1134200 2107.7
1134210 2107.7
1134220 2106.1
1134230 2105.3
1134240 2105.3
1134250 2104.8
1134260 2106.4
1134270 2106.4
1134280 2104.6
1134290 2101.2
1134300 2101.2
1134310 2093.6
1134320 2086.4
1134330 2086.4
1134340 2074.3
1134350 2070.3
1134360 2066.4
1134370 2066.4
1134380 2064.5
1134390 2063.8
1134400 2063.8
1134410 2061.0
1134420 2059.3
1134430 2059.3
1134440 2058.0
1134450 2056.7
1134460 2056.7
1134470 2054.4
1134480 2053.1
1134490 2053.1
1134500 2051.9
1134510 2051.5
1134520 2051.5
1134530 2051.1
1134540 2051.3
1134550 2051.3
1134560 2053.2
1134570 2054.3
1134580 2055.1
1134590 2055.1
1134600 2054.5
1134610 2054.2
1134620 2054.2
1134630 2053.4
1134640 2052.6
1134650 2052.6
1134660 2052.8
1134670 2053.1
1134680 2053.1
1134690 2052.6
1134700 2050.2
1134710 2050.2
1134720 2051.1
1134730 2050.6
1134740 2050.6
1134750 2051.3
1134760 2052.3
1134770 2052.3
1134780 2053.5
1134790 2054.5
1134800 2054.5
1134810 2054.9
1134820 2054.9
1134830 2053.7
1134840 2053.7
1134850 2050.7
1134860 2048.5
1134870 2048.5
1134880 2049.4
1134890 2051.1
1134900 2051.1
1134910 2051.5
1134920 2052.0
1134930 2052.0
1134940 2052.5
1134950 2052.9
1134960 2052.9
1134970 2054.1
1134980 2057.5
1134990 2057.5
1135000 2063.7
1135010 2068.1
1135020 2068.1
1135030 2071.6
1135040 2074.2
1135050 2074.2
1135060 2076.0
1135070 2076.0
1135080 2079.0
1135090 2079.0
1135100 2081.7
1135110 2084.1
1135120 2084.1
1135130 2085.9
1135140 2087.9
1135150 2087.9
1135160 2090.1
1135170 2094.9
1135180 2094.9
1135190 2099.3
1135200 2101.1
1135210 2101.1
1135220 2102.5
1135230 2104.2
1135240 2104.2
1135250 2105.2
1135260 2105.8
1135270 2105.8
1135280 2105.2
1135290 2107.1
1135300 2110.2
1135310 2110.2
1135320 2111.6
1135330 2112.5
1135340 2112.5
1135350 2111.9
1135360 2109.8
1135370 2109.8
1135380 2110.5
1135390 2114.3
1135400 2114.3
1135410 2118.1
1135420 2121.4
1135430 2121.2
1135440 2123.7
1135450 2126.0
1135460 2126.0
1135470 2128.4
1135480 2130.4
1135490 2130.4
1135500 2132.2
1135510 2133.9
1135520 2133.9
1135530 2136.3
1135540 2139.1
1135550 2142.1
1135560 2142.1
1135570 2145.4
1135580 2148.7
1135590 2148.7
1135600 2152.3
1135610 2155.5
1135620 2155.5
1135630 2158.6
1135640 2161.9
1135650 2161.9
1135660 2165.1
1135670 2167.7
1135680 2167.7
1135690 2169.7
1135700 2172.1
1135710 2172.1
1135720 2174.3
1135730 2176.2
1135740 2176.2
1135750 2177.9
1135760 2179.4
1135770 2179.4
1135780 2180.1
1135790 2178.9
1135800 2180.7
1135810 2180.7
1135820 2182.6
1135830 2184.3
1135840 2184.3
1135850 2185.6
1135860 2187.7
1135870 2187.7
1135880 2189.6
1135890 2191.8
1135900 2191.8
1135910 2194.7
1135920 2196.5
1135930 2196.5
1135940 2198.3
1135950 2200.1
1135960 2200.1
1135970 2201.8
1135980 2203.7
1135990 2203.7
1136000 2205.7
1136010 2207.6
1136020 2208.8
1136030 2208.8
1136040 2210.3
1136050 2211.8
1136060 2211.8
1136070 2213.6
1136080 2215.9
1136090 2215.9
1136100 2218.4
1136110 2221.7
1136120 2221.7
1136130 2224.9
1136140 2227.4
1136150 2227.4
1136160 2233.4
1136170 2234.6
1136180 2234.6
1136190 2236.8
1136200 2238.7
1136210 2238.7
1136220 2240.5
1136230 2243.1
1136240 2243.1
1136250 2246.2
1136260 2248.1
1136270 2248.1
1136280 2248.1
1136290 2247.5
1136300 2247.4
1136310 2247.4
1136320 2248.2
1136330 2249.4
1136340 2249.4
1136350 2249.8
1136360 2251.0
1136370 2251.0
1136380 2254.9
1136390 2257.9
1136400 2257.9
1136410 2259.0
1136420 2261.3
1136430 2261.3
1136440 2262.5
1136450 2263.4
1136460 2263.4
1136470 2264.7
1136480 2266.3
1136490 2266.3
1136500 2267.5
1136510 2268.3
1136520 2262.4
1136530 2262.4
1136540 2263.5
1136550 2262.1
1136560 2262.1
1136570 2259.6
1136580 2255.7
1136590 2255.7
1136600 2250.2
1136610 2245.4
1136620 2245.4
1136630 2242.4
1136640 2239.4
1136650 2239.4
1136660 2236.4
1136670 2233.5
1136680 2233.5
1136690 2231.2
1136700 2229.1
1136710 2229.1
1136720 2227.6
1136730 2227.5
1136740 2227.1
1136750 2227.1
1136760 2227.3
1136770 2226.9
1136780 2226.9
1136790 2228.2
1136800 2228.0
1136810 2228.0
1136820 2228.1
1136830 2227.7
1136840 2227.7
1136850 2228.3
1136860 2229.9
1136870 2229.9
1136880 2231.1
1136890 2230.8
1136900 2230.8
1136910 2231.5
1136920 2231.8
1136930 2231.8
1136940 2232.1
1136950 2232.4
1136960 2232.4
1136970 2233.3
1136980 2235.6
1136990 2238.2
1137000 2238.2
1137010 2242.1
1137020 2246.7
1137030 2246.7
1137040 2251.8
1137050 2257.0
1137060 2257.0
1137070 2262.8
1137080 2268.5
1137090 2268.5
1137100 2274.7
1137110 2281.3
1137120 2281.3
1137130 2287.4
1137140 2294.1
1137150 2294.1
1137160 2300.5
1137170 2306.5
1137180 2306.5
1137190 2312.9
1137200 2319.8
1137210 2319.8
1137220 2327.2
1137230 2334.8
1137240 2342.1
1137250 2344.3
1137260 2352.8
1137270 2361.8
1137280 2361.8
1137290 2370.7
1137300 2378.9
1137310 2378.9
1137320 2388.0
1137330 2396.7
1137340 2396.7
1137350 2405.7
1137360 2417.9
1137370 2417.9
1137380 2430.7
1137390 2439.6
1137400 2439.6
1137410 2450.3
1137420 2461.2
1137430 2461.2
1137440 2453.5
1137450 2441.3
1137460 2434.1
1137470 2434.1
1137480 2431.0
1137490 2429.4
1137500 2429.4
1137510 2435.4
1137520 2445.2
1137530 2445.2
1137540 2441.0
1137550 2423.5
1137560 2423.5
1137570 2424.0
1137580 2429.5
1137590 2429.5
1137600 2430.5
1137610 2424.3
1137620 2419.3
1137630 2409.4
1137640 2405.2
1137650 2405.2
1137660 2411.0
1137670 2415.5
1137680 2415.5
1137690 2412.7
1137700 2409.1
1137710 2405.4
1137720 2405.4
1137730 2405.4
1137740 2402.8
1137750 2402.8
1137760 2401.5
1137770 2401.1
1137780 2401.1
1137790 2400.4
1137800 2400.7
1137810 2400.7
1137820 2403.6
1137830 2408.8
1137840 2408.8
1137850 2407.5
1137860 2400.6
1137870 2400.6
1137880 2396.8
1137890 2397.6
1137900 2397.6
1137910 2399.0
1137920 2403.5
1137930 2403.5
1137940 2408.5
1137950 2411.2
1137960 2421.0
1137970 2421.0
1137980 2431.9
1137990 2418.3
1138000 2418.3
1138010 2415.1
1138020 2418.2
1138030 2418.2
1138040 2424.4
1138050 2429.3
1138060 2429.3
1138070 2435.5
1138080 2429.1
1138090 2429.1
1138100 2416.1
1138110 2405.1
1138120 2405.1
1138130 2395.7
1138140 2386.9
1138150 2386.9
1138160 2378.7
1138170 2372.3
1138180 2367.3
1138190 2367.3
1138200 2362.2
1138210 2357.3
1138220 2357.3
1138230 2352.9
1138240 2348.4
1138250 2348.4
1138260 2344.3
1138270 2340.3
1138280 2340.3
1138290 2335.7
1138300 2331.0
1138310 2331.0
1138320 2326.6
1138330 2322.8
1138340 2322.8
1138350 2314.9
1138360 2312.1
1138370 2312.1
1138380 2309.5
1138390 2306.7
1138400 2306.7
1138410 2304.7
1138420 2305.4
1138430 2306.9
1138440 2306.9
1138450 2308.4
1138460 2307.6
1138470 2307.6
1138480 2304.8
1138490 2302.9
1138500 2302.9
1138510 2302.2
1138520 2302.9
1138530 2302.9
1138540 2305.0
1138550 2306.1
1138560 2306.1
1138570 2306.6
1138580 2306.3
1138590 2306.3
1138600 2307.4
1138610 2307.7
1138620 2307.7
1138630 2306.6
1138640 2306.7
1138650 2306.7
1138660 2307.7
1138670 2309.7
1138680 2313.0
1138690 2313.0
1138700 2316.9
1138710 2321.0
1138720 2318.0
1138730 2322.9
1138740 2328.1
1138750 2328.1
1138760 2333.6
1138770 2339.2
1138780 2339.2
1138790 2345.1
1138800 2352.2
1138810 2352.2
1138820 2363.7
1138830 2374.1
1138840 2374.1
1138850 2379.4
1138860 2386.6
1138870 2386.6
1138880 2393.6
1138890 2398.8
1138900 2398.0
1138910 2398.0
1138920 2395.1
1138930 2391.1
1138940 2391.1
1138950 2387.2
1138960 2383.7
1138970 2383.7
1138980 2380.0
1138990 2374.5
1139000 2374.5
1139010 2366.2
1139020 2358.4
1139030 2358.4
1139040 2350.8
1139050 2342.9
1139060 2342.9
1139070 2335.1
1139080 2326.8
1139090 2320.9
1139100 2312.9
1139110 2306.1
1139120 2306.1
1139130 2300.7
1139140 2294.7
1139150 2287.8
1139160 2287.8
1139170 2280.8
1139180 2274.1
1139190 2274.1
1139200 2267.9
1139210 2261.1
1139220 2261.1
1139230 2254.6
1139240 2247.9
1139250 2247.9
1139260 2241.6
1139270 2235.2
1139280 2235.2
1139290 2228.9
1139300 2222.1
1139310 2222.1
1139320 2215.4
1139330 2208.9
1139340 2208.9
1139350 2202.8
1139360 2196.5
1139370 2196.5
1139380 2190.2
1139390 2184.0
1139400 2178.3
1139410 2178.3
1139420 2172.7
1139430 2167.8
1139440 2167.8
1139450 2163.0
1139460 2156.5
1139470 2156.5
1139480 2152.9
1139490 2149.1
1139500 2149.1
1139510 2146.9
1139520 2146.7
1139530 2146.7
1139540 2145.3
1139550 2142.8
1139560 2142.8
1139570 2140.9
1139580 2138.5
1139590 2138.5
1139600 2135.7
1139610 2132.6
1139620 2131.7
1139630 2131.7
1139640 2130.9
1139650 2129.4
1139660 2129.4
1139670 2128.3
1139680 2127.9
1139690 2127.9
1139700 2127.9
1139710 2126.9
1139720 2126.9
1139730 2128.2
1139740 2129.1
1139750 2129.1
1139760 2128.8
1139770 2129.6
1139780 2129.6
1139790 2129.0
1139800 2123.9
1139810 2123.9
1139820 2118.8
1139830 2113.5
1139840 2113.5
1139850 2110.8
1139860 2107.4
1139870 2103.3
1139880 2103.3
1139890 2100.1
1139900 2097.9
1139910 2097.9
1139920 2095.6
1139930 2093.7
1139940 2093.7
1139950 2094.4
1139960 2092.8
1139970 2092.8
1139980 2088.2
1139990 2085.9
