1120000 1845.0
1120010 1846.7
1120020 1846.7
1120030 1846.8
1120040 1845.5
1120050 1845.5
1120060 1844.4
1120070 1841.9
1120080 1841.9
1120090 1839.1
1120100 1835.3
1120110 1832.6
1120120 1832.6
1120130 1829.8
1120140 1826.9
1120150 1826.9
1120160 1824.4
1120170 1822.0
1120180 1822.0
1120190 1819.9
1120200 1819.7
1120210 1819.7
1120220 1819.4
1120230 1818.0
1120240 1818.0
1120250 1816.5
1120260 1813.3
1120270 1813.3
1120280 1810.0
1120290 1806.7
1120300 1809.9
1120310 1807.1
1120320 1804.3
1120330 1801.5
1120340 1801.5
1120350 1800.0
1120360 1798.3
1120370 1798.3
1120380 1796.1
1120390 1793.9
1120400 1793.9
1120410 1791.2
1120420 1788.2
1120430 1788.2
1120440 1787.2
1120450 1785.4
1120460 1785.4
1120470 1783.6
1120480 1781.7
1120490 1781.7
1120500 1780.2
1120510 1779.2
1120520 1779.2
1120530 1777.6
1120540 1775.5
1120550 1775.5
1120560 1774.5
1120570 1771.6
1120580 1768.6
1120590 1768.6
1120600 1768.0
1120610 1768.1
1120620 1768.1
1120630 1769.1
1120640 1770.5
1120650 1770.8
1120660 1771.4
1120670 1772.9
1120680 1772.9
1120690 1774.1
1120700 1775.0
1120710 1775.0
1120720 1775.7
1120730 1777.4
1120740 1777.4
1120750 1779.4
1120760 1780.5
1120770 1780.5
1120780 1781.5
1120790 1783.8
1120800 1783.8
1120810 1784.6
1120820 1784.8
1120830 1784.1
1120840 1784.1
1120850 1783.1
1120860 1785.1
1120870 1785.1
1120880 1788.6
1120890 1790.4
1120900 1790.4
1120910 1791.8
1120920 1794.5
1120930 1794.5
1120940 1797.6
1120950 1799.0
1120960 1799.0
1120970 1802.4
1120980 1806.5
1120990 1803.7
1121000 1806.7
1121010 1809.6
1121020 1809.6
1121030 1812.3
1121040 1814.7
1121050 1814.7
1121060 1818.1
1121070 1822.1
1121080 1824.2
1121090 1824.2
1121100 1826.9
1121110 1829.0
1121120 1829.0
1121130 1831.2
1121140 1834.1
1121150 1834.1
1121160 1836.4
1121170 1840.6
1121180 1840.6
1121190 1844.9
1121200 1849.5
1121210 1849.5
1121220 1854.0
1121230 1859.7
1121240 1859.7
1121250 1865.1
1121260 1868.7
1121270 1868.7
1121280 1871.7
1121290 1875.9
1121300 1875.9
1121310 1880.5
1121320 1884.8
1121330 1888.5
1121340 1883.9
1121350 1886.5
1121360 1890.2
1121370 1890.2
1121380 1894.9
1121390 1899.8
1121400 1899.8
1121410 1904.3
1121420 1908.1
1121430 1908.1
1121440 1911.7
1121450 1915.3
1121460 1915.3
1121470 1917.4
1121480 1919.7
1121490 1919.7
1121500 1924.4
1121510 1926.2
1121520 1926.2
1121530 1926.0
1121540 1926.2
1121550 1926.2
1121560 1927.2
1121570 1929.9
1121580 1932.8
1121590 1932.8
1121600 1935.9
1121610 1939.4
1121620 1939.4
1121630 1943.0
1121640 1946.9
1121650 1946.9
1121660 1953.2
1121670 1961.5
1121680 1961.5
1121690 1959.6
1121700 1962.9
1121710 1962.9
1121720 1968.7
1121730 1973.8
1121740 1973.8
1121750 1979.5
1121760 1984.4
1121770 1984.4
1121780 1987.8
1121790 1991.2
1121800 1995.6
1121810 1995.6
1121820 2001.9
1121830 2009.7
1121840 2009.7
1121850 2019.8
1121860 2027.9
1121870 2027.9
1121880 2034.0
1121890 2039.6
1121900 2039.6
1121910 2050.7
1121920 2060.6
1121930 2060.6
1121940 2066.2
1121950 2069.5
1121960 2069.5
1121970 2068.5
1121980 2070.5
1121990 2070.5
1122000 2075.7
1122010 2079.9
1122020 2079.9
1122030 2084.1
1122040 2082.0
1122050 2085.2
1122060 2085.2
1122070 2085.6
1122080 2084.5
1122090 2084.5
1122100 2086.0
1122110 2088.1
1122120 2088.1
1122130 2088.8
1122140 2087.1
1122150 2087.1
1122160 2084.8
1122170 2085.1
1122180 2085.1
1122190 2083.6
1122200 2079.5
1122210 2079.5
1122220 2078.0
1122230 2078.2
1122240 2078.2
1122250 2076.4
1122260 2072.2
1122270 2072.2
1122280 2070.9
1122290 2073.3
1122300 2077.0
1122310 2077.0
1122320 2077.8
1122330 2074.9
1122340 2074.9
1122350 2069.1
1122360 2060.0
1122370 2060.0
1122380 2039.4
1122390 2012.2
1122400 2012.2
1122410 2006.0
1122420 2000.7
1122430 2000.7
1122440 1991.5
1122450 1984.9
1122460 1984.9
1122470 1984.0
1122480 1984.7
1122490 1984.7
1122500 1984.4
1122510 1982.6
1122520 1982.6
1122530 1985.9
1122540 1987.0
1122550 1979.3
1122560 1979.3
1122570 1969.8
1122580 1955.8
1122590 1955.8
1122600 1945.5
1122610 1936.5
1122620 1936.5
1122630 1925.9
1122640 1914.9
1122650 1914.9
1122660 1904.5
1122670 1901.5
1122680 1901.5
1122690 1897.8
1122700 1894.0
1122710 1894.0
1122720 1892.5
1122730 1894.0
1122740 1894.0
1122750 1889.4
1122760 1888.2
1122770 1888.2
1122780 1886.4
1122790 1885.7
1122800 1885.2
1122810 1885.2
1122820 1885.8
1122830 1888.5
1122840 1888.5
1122850 1888.9
1122860 1885.9
1122870 1885.9
1122880 1882.2
1122890 1878.4
1122900 1878.4
1122910 1874.5
1122920 1869.9
1122930 1869.9
1122940 1863.4
1122950 1856.7
1122960 1856.7
1122970 1850.4
1122980 1847.7
1122990 1847.7
1123000 1846.5
1123010 1845.6
1123020 1844.9
1123030 1844.9
1123040 1843.9
1123050 1843.1
1123060 1843.1
1123070 1842.2
1123080 1841.5
1123090 1841.5
1123100 1839.5
1123110 1839.2
1123120 1839.2
1123130 1838.5
1123140 1838.3
1123150 1838.3
1123160 1837.4
1123170 1838.3
1123180 1838.3
1123190 1841.2
1123200 1843.2
1123210 1843.2
1123220 1845.1
1123230 1848.6
1123240 1848.6
1123250 1853.5
1123260 1858.0
1123270 1862.7
1123280 1862.7
1123290 1866.6
1123300 1872.0
1123310 1872.0
1123320 1878.2
1123330 1886.6
1123340 1886.6
1123350 1894.3
1123360 1903.7
1123370 1903.7
1123380 1911.9
1123390 1920.4
1123400 1920.4
1123410 1928.7
1123420 1931.0
1123430 1931.0
1123440 1929.2
1123450 1940.4
1123460 1940.4
1123470 1942.6
1123480 1946.8
1123490 1946.8
1123500 1949.4
1123510 1953.1
1123520 1959.2
1123530 1959.2
1123540 1964.8
1123550 1969.6
1123560 1969.6
1123570 1974.1
1123580 1977.1
1123590 1977.1
1123600 1978.7
1123610 1982.1
1123620 1982.1
1123630 1985.6
1123640 1988.1
1123650 1988.1
1123660 1990.6
1123670 1992.5
1123680 1992.5
1123690 1993.4
1123700 1993.0
1123710 1993.0
1123720 1993.3
1123730 1994.0
1123740 1994.0
1123750 1995.1
1123760 1997.1
1123770 1999.2
1123780 1999.2
1123790 2003.9
1123800 2009.2
1123810 2009.2
1123820 2014.3
1123830 2017.6
1123840 2017.6
1123850 2018.9
1123860 2018.7
1123870 2018.7
1123880 2016.5
1123890 2017.5
1123900 2017.5
1123910 2020.6
1123920 2020.3
1123930 2020.3
1123940 2020.8
1123950 2022.8
1123960 2022.8
1123970 2024.7
1123980 2025.9
1123990 2025.9
1124000 2029.3
1124010 2033.6
1124020 2036.2
1124030 2036.2
1124040 2038.5
1124050 2042.2
1124060 2042.2
1124070 2045.9
1124080 2048.0
1124090 2048.0
1124100 2050.1
1124110 2053.0
1124120 2053.0
1124130 2055.9
1124140 2059.1
1124150 2056.5
1124160 2059.8
1124170 2063.6
1124180 2063.6
1124190 2066.7
1124200 2070.1
1124210 2070.1
1124220 2073.7
1124230 2078.4
1124240 2083.7
1124250 2083.7
1124260 2089.5
1124270 2094.4
1124280 2094.4
1124290 2097.4
1124300 2098.8
1124310 2098.8
1124320 2099.3
1124330 2100.2
1124340 2100.2
1124350 2100.2
1124360 2100.7
1124370 2100.7
1124380 2101.8
1124390 2102.4
1124400 2102.4
1124410 2102.4
1124420 2102.2
1124430 2102.2
1124440 2102.2
1124450 2103.4
1124460 2103.4
1124470 2105.2
1124480 2106.4
1124490 2106.9
1124500 2106.9
1124510 2103.3
1124520 2105.0
1124530 2105.0
1124540 2106.7
1124550 2108.1
1124560 2108.1
1124570 2109.4
1124580 2110.6
1124590 2110.6
1124600 2111.4
1124610 2111.7
1124620 2111.7
1124630 2112.2
1124640 2112.6
1124650 2112.6
1124660 2110.5
1124670 2108.8
1124680 2108.8
1124690 2107.1
1124700 2103.5
1124710 2103.5
1124720 2099.4
1124730 2096.1
1124740 2093.5
1124750 2093.5
1124760 2092.4
1124770 2090.1
1124780 2090.1
1124790 2085.6
1124800 2079.5
1124810 2079.5
1124820 2073.5
1124830 2068.5
1124840 2068.5
1124850 2065.1
1124860 2066.0
1124870 2066.0
1124880 2063.6
1124890 2063.0
1124900 2063.0
1124910 2062.9
1124920 2062.8
1124930 2062.8
1124940 2062.6
1124950 2062.2
1124960 2062.2
1124970 2061.9
1124980 2061.7
1124990 2062.4
1125000 2062.4
1125010 2062.9
1125020 2063.6
1125030 2063.6
1125040 2064.5
1125050 2065.4
1125060 2065.4
1125070 2066.7
1125080 2068.1
1125090 2068.1
1125100 2070.5
1125110 2074.5
1125120 2074.5
1125130 2078.8
1125140 2083.1
1125150 2083.1
1125160 2087.0
1125170 2090.7
1125180 2090.7
1125190 2095.9
1125200 2100.5
1125210 2103.9
1125220 2107.9
1125230 2112.1
1125240 2116.2
1125250 2116.2
1125260 2120.8
1125270 2125.9
1125280 2125.9
1125290 2131.6
1125300 2137.1
1125310 2137.1
1125320 2142.0
1125330 2146.5
1125340 2146.5
1125350 2150.8
1125360 2154.7
1125370 2154.7
1125380 2159.2
1125390 2163.4
1125400 2163.4
1125410 2167.2
1125420 2170.7
1125430 2170.7
1125440 2173.9
1125450 2177.6
1125460 2181.7
1125470 2181.7
1125480 2186.5
1125490 2190.9
1125500 2190.9
1125510 2195.5
1125520 2200.5
1125530 2200.5
1125540 2205.1
1125550 2207.7
1125560 2207.7
1125570 2204.6
1125580 2207.9
1125590 2207.9
1125600 2211.8
1125610 2215.8
1125620 2215.8
1125630 2219.7
1125640 2223.4
1125650 2223.4
1125660 2226.7
1125670 2229.4
1125680 2229.4
1125690 2231.9
1125700 2234.6
1125710 2236.5
1125720 2236.5
1125730 2238.2
1125740 2241.2
1125750 2241.2
1125760 2244.5
1125770 2248.0
1125780 2248.0
1125790 2250.8
1125800 2255.0
1125810 2255.0
1125820 2260.7
1125830 2266.5
1125840 2266.5
1125850 2272.6
1125860 2278.7
1125870 2278.7
1125880 2284.6
1125890 2290.0
1125900 2290.0
1125910 2294.9
1125920 2294.5
1125930 2294.5
1125940 2298.5
1125950 2301.3
1125960 2302.8
1125970 2302.8
1125980 2303.6
1125990 2305.5
1126000 2305.5
1126010 2309.6
1126020 2313.6
1126030 2313.6
1126040 2314.3
1126050 2318.3
1126060 2318.3
1126070 2327.6
1126080 2334.2
1126090 2334.2
1126100 2339.1
1126110 2349.3
1126120 2349.3
1126130 2372.6
1126140 2386.0
1126150 2386.0
1126160 2397.8
1126170 2407.1
1126180 2407.1
1126190 2419.5
1126200 2428.3
1126210 2413.7
1126220 2413.7
1126230 2405.2
1126240 2404.9
1126250 2404.9
1126260 2409.1
1126270 2399.4
1126280 2399.4
1126290 2396.4
1126300 2400.8
1126310 2400.8
1126320 2414.7
1126330 2423.6
1126340 2423.6
1126350 2428.0
1126360 2435.2
1126370 2435.2
1126380 2440.5
1126390 2447.4
1126400 2447.4
1126410 2453.9
1126420 2459.2
1126430 2459.2
1126440 2463.1
1126450 2466.4
1126460 2473.0
1126470 2473.0
1126480 2478.4
1126490 2483.6
1126500 2483.6
1126510 2491.3
1126520 2493.3
1126530 2493.3
1126540 2496.7
1126550 2502.8
1126560 2502.8
1126570 2508.8
1126580 2514.6
1126590 2514.6
1126600 2519.9
1126610 2524.5
1126620 2524.5
1126630 2523.3
1126640 2533.0
1126650 2533.0
1126660 2546.7
1126670 2557.5
1126680 2561.7
1126690 2561.7
1126700 2572.4
1126710 2570.6
1126720 2570.6
1126730 2567.5
1126740 2568.6
1126750 2568.6
1126760 2573.5
1126770 2580.3
1126780 2580.3
1126790 2581.9
1126800 2581.1
1126810 2581.1
1126820 2579.1
1126830 2578.9
1126840 2578.9
1126850 2591.7
1126860 2602.0
1126870 2602.0
1126880 2599.1
1126890 2586.1
1126900 2586.1
1126910 2598.5
1126920 2612.9
1126930 2625.1
1126940 2625.1
1126950 2631.9
1126960 2635.3
1126970 2635.3
1126980 2605.0
1126990 2592.2
1127000 2592.2
1127010 2608.7
1127020 2615.6
1127030 2615.6
1127040 2584.2
1127050 2577.6
1127060 2577.6
1127070 2571.2
1127080 2575.8
1127090 2575.8
1127100 2580.3
1127110 2575.6
1127120 2575.6
1127130 2544.2
1127140 2528.8
1127150 2528.8
1127160 2539.0
1127170 2552.1
1127180 2567.1
1127190 2567.1
1127200 2587.0
1127210 2599.8
1127220 2599.8
1127230 2592.4
1127240 2582.4
1127250 2582.4
1127260 2573.9
1127270 2562.8
1127280 2562.8
1127290 2557.2
1127300 2565.0
1127310 2565.0
1127320 2574.5
1127330 2591.4
1127340 2581.1
1127350 2589.6
1127360 2588.7
1127370 2588.7
1127380 2575.9
1127390 2586.8
1127400 2586.8
1127410 2582.7
1127420 2568.9
1127430 2572.4
1127440 2572.4
1127450 2581.1
1127460 2588.7
1127470 2588.7
1127480 2593.1
1127490 2590.1
1127500 2590.1
1127510 2588.3
1127520 2596.9
1127530 2596.9
1127540 2590.4
1127550 2586.4
1127560 2586.4
1127570 2582.2
1127580 2583.6
1127590 2583.6
1127600 2589.4
1127610 2595.1
1127620 2595.1
1127630 2601.0
1127640 2606.5
1127650 2606.5
1127660 2611.9
1127670 2617.7
1127680 2622.7
1127690 2622.7
1127700 2621.8
1127710 2625.9
1127720 2625.9
1127730 2630.0
1127740 2634.8
1127750 2634.8
1127760 2641.1
1127770 2647.1
1127780 2647.1
1127790 2651.1
1127800 2652.9
1127810 2652.9
1127820 2652.8
1127830 2651.2
1127840 2651.2
1127850 2659.9
1127860 2670.8
1127870 2670.8
1127880 2676.0
1127890 2667.8
1127900 2654.2
1127910 2654.2
1127920 2648.5
1127930 2643.0
1127940 2643.0
1127950 2634.5
1127960 2622.6
1127970 2622.6
1127980 2617.1
1127990 2601.8
1128000 2601.8
1128010 2571.4
1128020 2562.8
1128030 2562.8
1128040 2558.7
1128050 2558.9
1128060 2558.9
1128070 2553.0
1128080 2546.9
1128090 2546.9
1128100 2539.9
1128110 2531.7
1128120 2531.7
1128130 2522.8
1128140 2473.3
1128150 2443.9
1128160 2443.9
1128170 2416.2
1128180 2405.4
1128190 2405.4
1128200 2397.8
1128210 2390.7
1128220 2390.7
1128230 2383.6
1128240 2376.9
1128250 2376.9
1128260 2370.7
1128270 2364.7
1128280 2364.7
1128290 2357.2
1128300 2351.9
1128310 2351.9
1128320 2345.9
1128330 2340.3
1128340 2340.3
1128350 2335.0
1128360 2329.6
1128370 2329.6
1128380 2324.5
1128390 2321.9
1128400 2318.3
1128410 2313.8
1128420 2309.9
1128430 2305.3
1128440 2305.3
1128450 2300.7
1128460 2296.1
1128470 2296.1
1128480 2291.3
1128490 2287.6
1128500 2287.6
1128510 2284.5
1128520 2281.3
1128530 2281.3
1128540 2278.0
1128550 2274.6
1128560 2274.6
1128570 2271.5
1128580 2269.4
1128590 2269.4
1128600 2268.1
1128610 2266.6
1128620 2266.6
1128630 2264.9
1128640 2262.9
1128650 2260.8
1128660 2260.8
1128670 2259.6
1128680 2257.9
1128690 2257.9
1128700 2256.0
1128710 2255.0
1128720 2255.0
1128730 2254.0
1128740 2253.6
1128750 2253.6
1128760 2248.9
1128770 2247.7
1128780 2247.7
1128790 2247.2
1128800 2246.2
1128810 2246.2
1128820 2244.6
1128830 2243.4
1128840 2243.4
1128850 2244.0
1128860 2245.9
1128870 2245.9
1128880 2248.2
1128890 2248.7
1128900 2246.6
1128910 2246.6
1128920 2243.8
1128930 2242.3
1128940 2242.3
1128950 2240.0
1128960 2237.6
1128970 2237.6
1128980 2236.2
1128990 2235.8
1129000 2235.8
1129010 2234.3
1129020 2232.7
1129030 2232.7
1129040 2232.4
1129050 2232.8
1129060 2232.8
1129070 2233.0
1129080 2234.2
1129090 2234.2
1129100 2236.1
1129110 2236.9
1129120 2233.6
1129130 2233.6
1129140 2236.1
1129150 2239.1
1129160 2239.1
1129170 2242.3
1129180 2245.4
1129190 2245.4
1129200 2249.0
1129210 2252.9
1129220 2252.9
1129230 2256.1
1129240 2259.5
1129250 2259.5
1129260 2263.8
1129270 2267.8
1129280 2267.8
1129290 2270.7
1129300 2273.9
1129310 2273.9
1129320 2277.0
1129330 2279.3
1129340 2279.3
1129350 2281.0
1129360 2281.9
1129370 2282.1
1129380 2282.1
1129390 2281.7
1129400 2281.5
1129410 2281.5
1129420 2282.0
1129430 2283.0
1129440 2283.0
1129450 2284.0
1129460 2285.1
1129470 2285.1
1129480 2280.8
1129490 2282.9
1129500 2282.9
1129510 2285.9
1129520 2289.6
1129530 2289.6
1129540 2292.8
1129550 2295.0
1129560 2295.0
1129570 2298.0
1129580 2302.5
1129590 2302.5
1129600 2323.2
1129610 2346.6
1129620 2361.1
1129630 2361.1
1129640 2366.9
1129650 2367.8
1129660 2367.8
1129670 2371.4
1129680 2379.6
1129690 2379.6
1129700 2388.8
1129710 2394.5
1129720 2394.5
1129730 2397.1
1129740 2398.4
1129750 2398.4
1129760 2398.8
1129770 2402.0
1129780 2402.0
1129790 2405.5
1129800 2410.9
1129810 2410.9
1129820 2416.4
1129830 2411.7
1129840 2405.6
1129850 2391.9
1129860 2394.1
1129870 2400.9
1129880 2400.9
1129890 2403.3
1129900 2404.7
1129910 2404.7
1129920 2410.4
1129930 2411.1
1129940 2411.1
1129950 2399.8
1129960 2392.2
1129970 2392.2
1129980 2387.1
1129990 2373.0
1130000 2373.0
1130010 2366.3
1130020 2364.6
1130030 2364.6
1130040 2358.6
1130050 2345.5
1130060 2345.5
1130070 2330.4
1130080 2318.2
1130090 2318.2
1130100 2309.2
1130110 2298.9
1130120 2286.9
1130130 2286.9
1130140 2273.4
1130150 2252.9
1130160 2252.9
1130170 2238.5
1130180 2222.3
1130190 2222.3
1130200 2224.1
1130210 2206.2
1130220 2206.2
1130230 2190.0
1130240 2175.3
1130250 2175.3
1130260 2165.6
1130270 2161.2
1130280 2161.2
1130290 2157.4
1130300 2154.2
1130310 2154.2
1130320 2150.8
1130330 2146.1
1130340 2141.4
1130350 2141.4
1130360 2136.2
1130370 2133.7
1130380 2133.7
1130390 2132.6
1130400 2132.8
1130410 2132.8
1130420 2132.2
1130430 2127.2
1130440 2127.2
1130450 2120.5
1130460 2113.9
1130470 2113.9
1130480 2104.6
1130490 2095.5
1130500 2095.5
1130510 2089.1
1130520 2080.9
1130530 2080.9
1130540 2072.2
1130550 2065.9
1130560 2065.9
1130570 2058.5
1130580 2052.1
1130590 2044.8
1130600 2044.8
1130610 2037.9
1130620 2031.5
1130630 2031.5
1130640 2025.4
1130650 2019.4
1130660 2019.4
1130670 2013.0
1130680 2007.6
1130690 2007.6
1130700 2002.6
1130710 1998.0
1130720 1998.0
1130730 1993.8
1130740 1988.8
1130750 1988.8
1130760 1984.1
1130770 1980.5
1130780 1980.5
1130790 1980.1
1130800 1978.3
1130810 1978.3
1130820 1974.7
1130830 1971.7
1130840 1968.7
1130850 1968.7
1130860 1963.7
1130870 1957.3
1130880 1957.3
1130890 1951.8
1130900 1939.7
1130910 1942.9
1130920 1932.6
1130930 1926.0
1130940 1926.0
1130950 1919.9
1130960 1912.9
1130970 1912.9
1130980 1905.3
1130990 1898.7
1131000 1898.7
1131010 1892.9
1131020 1886.5
1131030 1886.5
1131040 1880.1
1131050 1873.7
1131060 1873.7
1131070 1868.1
1131080 1862.0
1131090 1856.3
1131100 1856.3
1131110 1849.9
1131120 1842.4
1131130 1842.4
1131140 1836.6
1131150 1831.6
1131160 1831.6
1131170 1826.0
1131180 1819.6
1131190 1819.6
1131200 1813.7
1131210 1809.2
1131220 1809.2
1131230 1803.8
1131240 1797.7
1131250 1797.7
1131260 1791.6
1131270 1787.0
1131280 1787.0
1131290 1782.2
1131300 1777.9
1131310 1777.9
1131320 1773.6
1131330 1769.7
1131340 1766.2
1131350 1766.2
1131360 1762.4
1131370 1758.6
1131380 1758.6
1131390 1756.0
1131400 1753.6
1131410 1753.6
1131420 1751.4
1131430 1748.9
1131440 1748.9
1131450 1747.0
1131460 1745.3
1131470 1745.3
1131480 1744.3
1131490 1743.8
1131500 1743.8
1131510 1743.3
1131520 1742.5
1131530 1742.5
1131540 1742.0
1131550 1741.7
1131560 1741.4
1131570 1741.4
1131580 1741.0
1131590 1740.6
1131600 1740.6
1131610 1739.9
1131620 1739.2
1131630 1739.2
1131640 1738.4
1131650 1737.9
1131660 1737.9
1131670 1738.2
1131680 1740.0
1131690 1740.0
1131700 1740.7
1131710 1741.0
1131720 1741.0
1131730 1741.8
1131740 1742.6
1131750 1742.6
1131760 1743.9
1131770 1745.0
1131780 1745.0
1131790 1746.0
1131800 1746.0
1131810 1746.6
1131820 1746.6
1131830 1747.3
1131840 1748.4
1131850 1748.4
1131860 1749.8
1131870 1751.8
1131880 1751.8
1131890 1754.4
1131900 1757.6
1131910 1757.6
1131920 1760.4
1131930 1767.4
1131940 1767.4
1131950 1774.3
1131960 1779.9
1131970 1779.9
1131980 1789.1
1131990 1796.5
1132000 1796.5
1132010 1802.6
1132020 1807.8
1132030 1807.8
1132040 1810.9
1132050 1817.2
1132060 1822.6
1132070 1822.6
1132080 1825.1
1132090 1828.2
1132100 1828.2
1132110 1834.2
1132120 1837.1
1132130 1837.1
1132140 1842.4
1132150 1847.8
1132160 1847.8
1132170 1852.4
1132180 1859.2
1132190 1859.2
1132200 1867.5
1132210 1874.0
1132220 1874.0
1132230 1884.5
1132240 1900.7
1132250 1900.7
1132260 1909.2
1132270 1915.2
1132280 1915.2
1132290 1919.3
1132300 1924.8
1132310 1929.6
1132320 1929.6
1132330 1931.6
1132340 1936.5
1132350 1936.7
1132360 1941.7
1132370 1949.1
1132380 1949.1
1132390 1956.6
1132400 1963.5
1132410 1963.5
1132420 1966.5
1132430 1969.6
1132440 1969.6
1132450 1973.6
1132460 1975.1
1132470 1975.1
1132480 1977.8
1132490 1981.1
1132500 1981.1
1132510 1985.2
1132520 1989.7
1132530 1989.7
1132540 1993.5
1132550 1997.5
1132560 2001.8
1132570 2001.8
1132580 2005.4
1132590 2008.8
1132600 2008.8
1132610 2013.4
1132620 2016.2
1132630 2016.2
1132640 2018.7
1132650 2016.4
1132660 2016.4
1132670 2015.0
1132680 2015.9
1132690 2015.9
1132700 2018.0
1132710 2022.7
1132720 2022.7
1132730 2024.3
1132740 2027.0
1132750 2027.0
1132760 2030.8
1132770 2034.5
1132780 2037.2
1132790 2037.2
1132800 2041.0
1132810 2047.8
1132820 2047.8
1132830 2054.7
1132840 2058.2
1132850 2058.2
1132860 2059.9
1132870 2062.1
1132880 2062.1
1132890 2062.7
1132900 2063.5
1132910 2063.5
1132920 2065.9
1132930 2070.3
1132940 2070.3
1132950 2072.9
1132960 2075.6
1132970 2075.6
1132980 2079.0
1132990 2082.8
1133000 2082.8
1133010 2085.8
1133020 2090.7
1133030 2097.9
1133040 2097.9
1133050 2106.7
1133060 2114.2
1133070 2114.2
1133080 2116.0
1133090 2121.7
1133100 2121.7
1133110 2126.2
1133120 2130.1
1133130 2130.1
1133140 2135.4
1133150 2142.0
1133160 2142.0
1133170 2149.6
1133180 2158.0
1133190 2158.0
1133200 2164.9
1133210 2168.1
1133220 2168.1
1133230 2170.7
1133240 2174.8
1133250 2174.8
1133260 2176.9
1133270 2181.3
1133280 2184.0
1133290 2184.0
1133300 2187.1
1133310 2189.9
1133320 2189.9
1133330 2192.0
1133340 2193.8
1133350 2193.8
1133360 2196.2
1133370 2199.1
1133380 2199.1
1133390 2201.6
1133400 2204.3
1133410 2204.3
1133420 2207.4
1133430 2211.0
1133440 2216.8
1133450 2220.2
1133460 2223.9
1133470 2223.9
1133480 2227.7
1133490 2231.2
1133500 2231.2
1133510 2234.1
1133520 2236.3
1133530 2238.7
1133540 2238.7
1133550 2243.8
1133560 2253.4
1133570 2253.4
1133580 2257.8
1133590 2260.3
1133600 2260.3
1133610 2265.2
1133620 2270.8
1133630 2270.8
1133640 2270.3
1133650 2271.3
1133660 2271.3
1133670 2281.1
1133680 2289.1
1133690 2289.1
1133700 2291.0
1133710 2307.6
1133720 2307.6
1133730 2317.9
1133740 2322.6
1133750 2321.6
1133760 2321.6
1133770 2321.8
1133780 2322.9
1133790 2322.9
1133800 2332.3
1133810 2335.6
1133820 2335.6
1133830 2334.5
1133840 2335.7
1133850 2335.7
1133860 2338.8
1133870 2343.5
1133880 2343.5
1133890 2347.3
1133900 2347.5
1133910 2347.5
1133920 2348.1
1133930 2356.4
1133940 2356.4
1133950 2369.6
1133960 2376.4
1133970 2376.4
1133980 2373.3
1133990 2375.7
1134000 2383.7
1134010 2383.7
1134020 2387.3
1134030 2396.3
1134040 2396.3
1134050 2406.5
1134060 2405.5
1134070 2405.5
1134080 2404.2
1134090 2405.8
1134100 2405.8
1134110 2414.4
1134120 2421.4
1134130 2421.4
1134140 2426.1
1134150 2433.7
1134160 2438.2
1134170 2445.2
1134180 2454.8
1134190 2454.8
1134200 2461.6
1134210 2470.0
1134220 2470.0
1134230 2476.7
1134240 2481.8
1134250 2488.1
1134260 2488.1
1134270 2493.9
1134280 2500.0
1134290 2500.0
1134300 2502.6
1134310 2498.9
1134320 2498.9
1134330 2493.8
1134340 2487.6
1134350 2487.6
1134360 2481.9
1134370 2476.4
1134380 2476.4
1134390 2471.1
1134400 2467.3
1134410 2467.3
1134420 2462.2
1134430 2458.6
1134440 2458.6
1134450 2455.3
1134460 2450.3
1134470 2450.3
1134480 2443.2
1134490 2434.9
1134500 2428.0
1134510 2428.0
1134520 2425.7
1134530 2420.2
1134540 2420.2
1134550 2415.9
1134560 2411.9
1134570 2411.9
1134580 2408.4
1134590 2405.0
1134600 2405.0
1134610 2401.0
1134620 2395.5
1134630 2395.5
1134640 2389.4
1134650 2384.5
1134660 2384.5
1134670 2380.7
1134680 2377.3
1134690 2377.3
1134700 2375.7
1134710 2375.0
1134720 2375.0
1134730 2373.7
1134740 2373.2
1134750 2371.4
1134760 2371.4
1134770 2368.6
1134780 2365.4
1134790 2365.4
1134800 2363.3
1134810 2360.9
1134820 2360.9
1134830 2358.0
1134840 2352.8
1134850 2352.8
1134860 2345.8
1134870 2340.1
1134880 2340.1
1134890 2340.2
1134900 2334.4
1134910 2334.4
1134920 2328.6
1134930 2324.1
1134940 2324.1
1134950 2320.8
1134960 2311.5
1134970 2300.5
1134980 2300.5
1134990 2292.5
1135000 2286.9
1135010 2286.9
1135020 2282.2
1135030 2278.2
1135040 2278.2
1135050 2275.1
1135060 2272.6
1135070 2272.6
1135080 2270.5
1135090 2266.0
1135100 2266.0
1135110 2259.4
1135120 2253.1
1135130 2253.1
1135140 2246.9
1135150 2241.7
1135160 2241.7
1135170 2238.4
1135180 2235.5
1135190 2235.5
1135200 2232.7
1135210 2230.4
1135220 2232.6
1135230 2232.6
1135240 2235.8
1135250 2238.4
1135260 2238.4
1135270 2241.6
1135280 2241.1
1135290 2241.1
1135300 2239.2
1135310 2237.1
1135320 2237.1
1135330 2236.1
1135340 2238.1
1135350 2238.1
1135360 2240.7
1135370 2241.5
1135380 2241.5
1135390 2240.3
1135400 2240.1
1135410 2240.1
1135420 2240.1
1135430 2240.9
1135440 2240.9
1135450 2240.3
1135460 2238.3
1135470 2239.6
1135480 2239.6
1135490 2242.1
1135500 2247.9
1135510 2247.9
1135520 2253.1
1135530 2257.1
1135540 2257.1
1135550 2259.2
1135560 2260.9
1135570 2260.9
1135580 2264.3
1135590 2269.2
1135600 2269.2
1135610 2274.1
1135620 2278.7
1135630 2278.7
1135640 2285.8
1135650 2293.1
1135660 2293.1
1135670 2301.4
1135680 2308.3
1135690 2308.3
1135700 2311.7
1135710 2314.9
1135720 2320.7
1135730 2320.7
1135740 2328.7
1135750 2333.1
1135760 2333.1
1135770 2337.1
1135780 2342.2
1135790 2342.2
1135800 2346.3
1135810 2348.5
1135820 2348.5
1135830 2351.0
1135840 2354.5
1135850 2354.5
1135860 2356.4
1135870 2357.6
1135880 2357.6
1135890 2359.8
1135900 2362.3
1135910 2362.3
1135920 2365.6
1135930 2367.8
1135940 2369.2
1135950 2369.2
1135960 2370.7
1135970 2374.8
1135980 2375.2
1135990 2379.8
1136000 2384.0
1136010 2384.0
1136020 2386.8
1136030 2390.7
1136040 2390.7
1136050 2395.1
1136060 2400.8
1136070 2400.8
1136080 2407.7
1136090 2414.4
1136100 2414.4
1136110 2419.8
1136120 2425.5
1136130 2425.5
1136140 2433.8
1136150 2440.9
1136160 2440.9
1136170 2448.2
1136180 2454.7
1136190 2461.0
1136200 2461.0
1136210 2472.8
1136220 2484.1
1136230 2484.1
1136240 2492.1
1136250 2501.5
1136260 2501.5
1136270 2510.5
1136280 2518.6
1136290 2518.6
1136300 2513.2
1136310 2500.2
1136320 2500.2
1136330 2488.9
1136340 2478.8
1136350 2478.8
1136360 2471.9
1136370 2466.1
1136380 2466.1
1136390 2460.0
1136400 2453.2
1136410 2453.2
1136420 2446.7
1136430 2440.9
1136440 2435.7
1136450 2435.7
1136460 2431.0
1136470 2426.4
1136480 2426.4
1136490 2422.3
1136500 2418.4
1136510 2418.4
1136520 2414.7
1136530 2411.2
1136540 2411.2
1136550 2407.8
1136560 2404.1
1136570 2404.1
1136580 2400.3
1136590 2396.2
1136600 2396.2
1136610 2392.7
1136620 2389.1
1136630 2389.1
1136640 2385.5
1136650 2381.8
1136660 2381.8
1136670 2378.1
1136680 2374.3
1136690 2371.2
1136700 2371.2
1136710 2369.6
1136720 2365.8
1136730 2365.8
1136740 2361.5
1136750 2356.1
1136760 2356.1
1136770 2350.3
1136780 2344.8
1136790 2344.8
1136800 2339.0
1136810 2333.1
1136820 2333.1
1136830 2326.3
1136840 2319.5
1136850 2319.5
1136860 2313.7
1136870 2308.1
1136880 2308.1
1136890 2301.6
1136900 2295.8
1136910 2295.8
1136920 2292.1
1136930 2289.2
1136940 2286.6
1136950 2286.6
1136960 2284.4
1136970 2281.9
1136980 2281.9
1136990 2279.1
1137000 2276.2
1137010 2276.2
1137020 2273.9
1137030 2271.2
1137040 2271.2
1137050 2269.0
1137060 2268.4
1137070 2268.4
1137080 2272.8
1137090 2271.2
1137100 2271.2
1137110 2270.0
1137120 2271.2
1137130 2271.2
1137140 2271.6
1137150 2270.1
1137160 2266.6
1137170 2266.6
1137180 2259.0
1137190 2252.3
1137200 2252.3
1137210 2248.4
1137220 2246.5
1137230 2246.5
1137240 2245.5
1137250 2244.9
1137260 2244.9
1137270 2243.1
1137280 2241.0
1137290 2241.0
1137300 2242.1
1137310 2241.4
1137320 2241.4
1137330 2239.3
1137340 2236.1
1137350 2236.1
1137360 2238.5
1137370 2241.1
1137380 2241.1
1137390 2243.5
1137400 2246.1
1137410 2246.4
1137420 2246.4
1137430 2245.8
1137440 2249.1
1137450 2249.1
1137460 2246.6
1137470 2245.0
1137480 2245.0
1137490 2243.9
1137500 2242.8
1137510 2242.8
1137520 2241.1
1137530 2236.9
1137540 2236.9
1137550 2232.7
1137560 2229.0
1137570 2229.0
1137580 2225.9
1137590 2221.0
1137600 2221.0
1137610 2218.0
1137620 2218.4
1137630 2218.4
1137640 2220.8
1137650 2222.9
1137660 2224.6
1137670 2224.6
1137680 2224.9
1137690 2222.0
1137700 2222.0
1137710 2216.2
1137720 2213.4
1137730 2213.4
1137740 2208.6
1137750 2204.4
1137760 2204.4
1137770 2198.0
1137780 2192.9
1137790 2192.9
1137800 2190.1
1137810 2186.7
1137820 2186.7
1137830 2181.8
1137840 2178.3
1137850 2178.3
1137860 2170.8
1137870 2159.4
1137880 2159.4
1137890 2154.9
1137900 2154.9
1137910 2155.4
1137920 2155.4
1137930 2153.3
1137940 2151.5
1137950 2151.5
1137960 2147.3
1137970 2146.7
1137980 2146.7
1137990 2147.0
1138000 2145.8
1138010 2145.8
1138020 2146.4
1138030 2146.2
1138040 2146.2
1138050 2144.3
1138060 2141.5
1138070 2141.5
1138080 2136.0
1138090 2127.8
1138100 2127.8
1138110 2119.5
1138120 2122.1
1138130 2124.4
1138140 2124.4
1138150 2123.5
1138160 2122.2
1138170 2129.5
1138180 2124.9
1138190 2122.8
1138200 2122.8
1138210 2120.6
1138220 2117.2
1138230 2117.2
1138240 2110.2
1138250 2103.2
1138260 2103.2
1138270 2096.9
1138280 2088.9
1138290 2088.9
1138300 2083.1
1138310 2081.2
1138320 2081.2
1138330 2080.9
1138340 2080.1
1138350 2080.1
1138360 2078.5
1138370 2077.0
1138380 2074.8
1138390 2074.8
1138400 2073.6
1138410 2071.3
1138420 2071.3
1138430 2069.1
1138440 2066.5
1138450 2066.5
1138460 2063.9
1138470 2061.9
1138480 2061.9
1138490 2059.9
1138500 2057.3
1138510 2057.3
1138520 2054.4
1138530 2053.8
1138540 2057.2
1138550 2055.6
1138560 2054.9
1138570 2054.9
1138580 2054.2
1138590 2052.6
1138600 2052.6
1138610 2051.4
1138620 2050.2
1138630 2048.2
1138640 2048.2
1138650 2045.2
1138660 2044.7
1138670 2044.7
1138680 2043.4
1138690 2040.6
1138700 2040.6
1138710 2037.9
1138720 2034.4
1138730 2034.4
1138740 2032.7
1138750 2033.3
1138760 2033.3
1138770 2030.7
1138780 2028.5
1138790 2028.5
1138800 2029.7
1138810 2030.8
1138820 2030.8
1138830 2031.7
1138840 2031.2
1138850 2031.2
1138860 2029.7
1138870 2025.5
1138880 2021.5
1138890 2021.5
1138900 2016.4
1138910 2017.4
1138920 2017.4
1138930 2012.7
1138940 2011.1
1138950 2011.1
1138960 2011.5
1138970 2010.9
1138980 2010.9
1138990 2010.2
1139000 2009.2
1139010 2009.2
1139020 2009.4
1139030 2010.6
1139040 2010.6
1139050 2009.9
1139060 2007.4
1139070 2007.4
1139080 2004.6
1139090 2002.0
1139100 2002.0
1139110 2001.6
1139120 2002.2
1139130 2002.7
1139140 2002.7
1139150 2002.9
1139160 2001.6
1139170 2001.6
1139180 2000.9
1139190 2001.1
1139200 2001.1
1139210 2000.5
1139220 1999.8
1139230 1999.8
1139240 1999.0
1139250 1996.4
1139260 1996.4
1139270 1992.7
1139280 2001.1
1139290 2001.1
1139300 1998.5
1139310 1995.9
1139320 1995.9
1139330 1994.1
1139340 1990.2
1139350 1988.0
1139360 1988.0
1139370 1985.0
1139380 1982.4
1139390 1982.4
1139400 1981.3
1139410 1979.9
1139420 1979.9
1139430 1979.4
1139440 1981.2
1139450 1981.2
1139460 1979.7
1139470 1978.7
1139480 1978.7
1139490 1981.1
1139500 1982.3
1139510 1982.3
1139520 1981.6
1139530 1980.4
1139540 1980.4
1139550 1982.5
1139560 1983.3
1139570 1983.3
1139580 1983.2
1139590 1986.3
1139600 1988.3
1139610 1988.3
1139620 1990.8
1139630 1992.5
1139640 1992.5
1139650 2000.6
1139660 2001.0
1139670 2001.0
1139680 1999.7
1139690 1998.9
1139700 1998.9
1139710 1998.8
1139720 2000.5
1139730 2000.5
1139740 2003.0
1139750 2004.6
1139760 2004.6
1139770 2005.0
1139780 2003.6
1139790 2003.6
1139800 2003.0
1139810 2003.6
1139820 2003.6
1139830 2003.5
1139840 2005.7
1139850 2008.8
1139860 2008.8
1139870 2011.4
1139880 2013.2
1139890 2013.2
1139900 2016.3
1139910 2019.6
1139920 2019.6
1139930 2023.2
1139940 2026.1
1139950 2026.1
1139960 2028.9
1139970 2029.7
1139980 2029.7
1139990 2030.4
