1120000 1853.5
1120010 1853.5
1120020 1854.9
1120030 1856.2
1120040 1855.1
1120050 1855.1
1120060 1854.6
1120070 1855.5
1120080 1855.5
1120090 1855.0
1120100 1854.1
1120110 1854.1
1120120 1852.5
1120130 1849.9
1120140 1849.9
1120150 1846.9
1120160 1846.8
1120170 1846.8
1120180 1845.6
1120190 1844.0
1120200 1844.0
1120210 1841.9
1120220 1840.7
1120230 1840.7
1120240 1840.6
1120250 1840.0
1120260 1845.1
1120270 1843.2
1120280 1841.6
1120290 1839.9
1120300 1839.9
1120310 1836.3
1120320 1834.0
1120330 1834.0
1120340 1833.2
1120350 1831.9
1120360 1831.9
1120370 1827.9
1120380 1823.8
1120390 1823.8
1120400 1819.5
1120410 1816.4
1120420 1816.4
1120430 1813.7
1120440 1811.5
1120450 1811.5
1120460 1809.3
1120470 1807.5
1120480 1807.5
1120490 1805.5
1120500 1804.1
1120510 1804.1
1120520 1802.2
1120530 1800.2
1120540 1798.2
1120550 1798.2
1120560 1797.0
1120570 1794.6
1120580 1794.6
1120590 1791.4
1120600 1787.4
1120610 1791.2
1120620 1788.9
1120630 1787.1
1120640 1787.1
1120650 1786.3
1120660 1786.3
1120670 1786.3
1120680 1785.9
1120690 1784.7
1120700 1784.7
1120710 1783.5
1120720 1782.0
1120730 1782.0
1120740 1780.8
1120750 1780.3
1120760 1780.3
1120770 1780.2
1120780 1780.4
1120790 1781.2
1120800 1781.2
1120810 1781.7
1120820 1781.3
1120830 1781.3
1120840 1780.9
1120850 1780.7
1120860 1780.7
1120870 1781.2
1120880 1781.4
1120890 1781.4
1120900 1781.3
1120910 1782.4
1120920 1782.4
1120930 1784.2
1120940 1784.9
1120950 1784.9
1120960 1786.5
1120970 1791.5
1120980 1791.5
1120990 1796.0
1121000 1798.4
1121010 1798.8
1121020 1798.8
1121030 1799.1
1121040 1798.9
1121050 1798.9
1121060 1796.7
1121070 1796.4
1121080 1796.4
1121090 1798.6
1121100 1801.6
1121110 1801.6
1121120 1803.7
1121130 1807.1
1121140 1807.1
1121150 1811.1
1121160 1815.6
1121170 1815.6
1121180 1821.6
1121190 1827.2
1121200 1827.2
1121210 1830.7
1121220 1835.1
1121230 1835.1
1121240 1839.3
1121250 1841.6
1121260 1843.7
1121270 1843.7
1121280 1847.4
1121290 1851.6
1121300 1851.6
1121310 1851.6
1121320 1855.1
1121330 1855.1
1121340 1858.2
1121350 1863.0
1121360 1863.0
1121370 1868.4
1121380 1872.0
1121390 1872.0
1121400 1875.1
1121410 1877.5
1121420 1877.5
1121430 1879.5
1121440 1882.0
1121450 1882.0
1121460 1884.0
1121470 1885.2
1121480 1885.2
1121490 1886.4
1121500 1887.9
1121510 1890.0
1121520 1890.0
1121530 1892.7
1121540 1895.2
1121550 1895.2
1121560 1898.0
1121570 1901.6
1121580 1901.6
1121590 1905.4
1121600 1909.4
1121610 1909.4
1121620 1913.1
1121630 1917.3
1121640 1917.3
1121650 1921.7
1121660 1919.6
1121670 1919.6
1121680 1923.5
1121690 1927.7
1121700 1927.7
1121710 1931.3
1121720 1935.7
1121730 1935.7
1121740 1941.1
1121750 1951.1
1121760 1957.5
1121770 1957.5
1121780 1961.9
1121790 1966.8
1121800 1966.8
1121810 1973.8
1121820 1981.1
1121830 1981.1
1121840 1986.1
1121850 1990.0
1121860 1990.0
1121870 1992.9
1121880 1997.8
1121890 1997.8
1121900 2003.7
1121910 2008.6
1121920 2008.6
1121930 2012.3
1121940 2014.7
1121950 2014.7
1121960 2017.5
1121970 2020.8
1121980 2020.8
1121990 2023.3
1122000 2025.2
1122010 2019.8
1122020 2019.8
1122030 2021.2
1122040 2026.8
1122050 2026.8
1122060 2033.8
1122070 2036.6
1122080 2036.6
1122090 2040.3
1122100 2044.7
1122110 2044.7
1122120 2045.9
1122130 2046.5
1122140 2046.5
1122150 2044.7
1122160 2039.8
1122170 2039.8
1122180 2035.0
1122190 2029.4
1122200 2029.4
1122210 2018.9
1122220 2013.6
1122230 2012.8
1122240 2012.8
1122250 2010.0
1122260 2005.8
1122270 2005.8
1122280 1992.6
1122290 1988.2
1122300 1988.2
1122310 1985.3
1122320 1981.0
1122330 1981.0
1122340 1973.7
1122350 1971.2
1122360 1965.9
1122370 1962.1
1122380 1957.3
1122390 1957.3
1122400 1953.5
1122410 1950.0
1122420 1950.0
1122430 1944.9
1122440 1939.8
1122450 1939.8
1122460 1936.4
1122470 1932.8
1122480 1930.6
1122490 1930.6
1122500 1928.1
1122510 1926.2
1122520 1926.2
1122530 1923.7
1122540 1927.8
1122550 1927.8
1122560 1929.3
1122570 1925.2
1122580 1925.2
1122590 1914.9
1122600 1902.8
1122610 1902.8
1122620 1889.2
1122630 1880.4
1122640 1880.4
1122650 1876.7
1122660 1872.4
1122670 1872.4
1122680 1868.2
1122690 1865.6
1122700 1865.6
1122710 1859.1
1122720 1858.6
1122730 1859.3
1122740 1859.3
1122750 1859.5
1122760 1858.5
1122770 1858.5
1122780 1857.5
1122790 1856.4
1122800 1856.4
1122810 1856.0
1122820 1855.1
1122830 1855.1
1122840 1853.9
1122850 1853.4
1122860 1853.4
1122870 1852.6
1122880 1850.4
1122890 1850.4
1122900 1847.3
1122910 1843.2
1122920 1843.2
1122930 1838.0
1122940 1836.1
1122950 1836.1
1122960 1836.1
1122970 1835.6
1122980 1835.1
1122990 1835.1
1123000 1834.3
1123010 1833.5
1123020 1833.5
1123030 1833.0
1123040 1833.1
1123050 1833.1
1123060 1831.7
1123070 1832.0
1123080 1832.0
1123090 1834.8
1123100 1838.2
1123110 1838.2
1123120 1842.4
1123130 1845.9
1123140 1845.9
1123150 1849.4
1123160 1851.7
1123170 1851.7
1123180 1852.8
1123190 1852.8
1123200 1852.8
1123210 1853.3
1123220 1856.7
1123230 1859.7
1123240 1859.7
1123250 1863.9
1123260 1867.9
1123270 1867.9
1123280 1871.9
1123290 1876.6
1123300 1876.6
1123310 1881.5
1123320 1886.4
1123330 1886.4
1123340 1892.1
1123350 1897.8
1123360 1897.8
1123370 1902.1
1123380 1906.5
1123390 1906.5
1123400 1910.3
1123410 1907.4
1123420 1907.4
1123430 1912.5
1123440 1919.0
1123450 1924.0
1123460 1924.0
1123470 1930.4
1123480 1940.7
1123490 1940.7
1123500 1951.1
1123510 1959.8
1123520 1959.8
1123530 1965.8
1123540 1969.4
1123550 1969.4
1123560 1972.6
1123570 1973.3
1123580 1973.3
1123590 1974.7
1123600 1978.8
1123610 1978.8
1123620 1983.5
1123630 1987.4
1123640 1987.4
1123650 1990.8
1123660 1994.1
1123670 1994.1
1123680 1997.2
1123690 2000.9
1123700 2005.2
1123710 2005.2
1123720 2008.0
1123730 2009.4
1123740 2009.4
1123750 2010.6
1123760 2014.3
1123770 2014.3
1123780 2016.2
1123790 2018.8
1123800 2018.8
1123810 2021.0
1123820 2022.4
1123830 2022.4
1123840 2024.3
1123850 2025.5
1123860 2025.5
1123870 2026.1
1123880 2024.7
1123890 2024.7
1123900 2022.6
1123910 2021.0
1123920 2021.0
1123930 2021.7
1123940 2023.5
1123950 2026.8
1123960 2026.8
1123970 2030.2
1123980 2034.0
1123990 2034.0
1124000 2038.2
1124010 2040.6
1124020 2040.6
1124030 2041.0
1124040 2041.7
1124050 2041.7
1124060 2043.8
1124070 2045.6
1124080 2045.6
1124090 2045.8
1124100 2045.6
1124110 2045.6
1124120 2050.0
1124130 2052.8
1124140 2052.8
1124150 2056.2
1124160 2059.3
1124170 2059.3
1124180 2061.8
1124190 2063.7
1124200 2064.4
1124210 2064.4
1124220 2063.7
1124230 2064.1
1124240 2064.1
1124250 2065.1
1124260 2066.6
1124270 2066.6
1124280 2068.2
1124290 2070.3
1124300 2070.3
1124310 2072.0
1124320 2073.8
1124330 2073.8
1124340 2075.9
1124350 2077.8
1124360 2077.8
1124370 2079.8
1124380 2081.8
1124390 2081.8
1124400 2083.6
1124410 2085.3
1124420 2085.3
1124430 2086.3
1124440 2088.2
1124450 2091.3
1124460 2091.3
1124470 2095.0
1124480 2097.6
1124490 2097.6
1124500 2099.7
1124510 2100.3
1124520 2100.3
1124530 2101.0
1124540 2101.2
1124550 2101.2
1124560 2100.7
1124570 2099.8
1124580 2099.8
1124590 2099.9
1124600 2100.5
1124610 2100.5
1124620 2102.1
1124630 2103.0
1124640 2103.0
1124650 2103.5
1124660 2104.2
1124670 2104.0
1124680 2104.0
1124690 2103.9
1124700 2103.3
1124710 2103.3
1124720 2102.6
1124730 2102.8
1124740 2102.8
1124750 2102.3
1124760 2098.0
1124770 2098.0
1124780 2093.0
1124790 2088.4
1124800 2088.4
1124810 2085.1
1124820 2081.6
1124830 2081.6
1124840 2077.8
1124850 2074.5
1124860 2074.5
1124870 2072.1
1124880 2070.7
1124890 2070.7
1124900 2069.6
1124910 2067.7
1124920 2066.1
1124930 2066.1
1124940 2064.5
1124950 2063.2
1124960 2063.2
1124970 2062.9
1124980 2063.1
1124990 2063.1
1125000 2063.2
1125010 2063.5
1125020 2063.5
1125030 2063.6
1125040 2063.8
1125050 2063.8
1125060 2064.7
1125070 2066.0
1125080 2066.0
1125090 2067.7
1125100 2069.6
1125110 2069.6
1125120 2071.8
1125130 2074.4
1125140 2074.4
1125150 2078.5
1125160 2083.9
1125170 2089.0
1125180 2086.6
1125190 2091.1
1125200 2096.0
1125210 2096.0
1125220 2101.1
1125230 2105.8
1125240 2105.8
1125250 2110.0
1125260 2114.3
1125270 2114.3
1125280 2119.0
1125290 2123.8
1125300 2123.8
1125310 2128.4
1125320 2132.5
1125330 2132.5
1125340 2136.1
1125350 2139.6
1125360 2139.6
1125370 2142.4
1125380 2145.0
1125390 2145.0
1125400 2148.0
1125410 2150.7
1125420 2153.3
1125430 2153.3
1125440 2155.9
1125450 2159.4
1125460 2159.4
1125470 2162.4
1125480 2165.1
1125490 2165.1
1125500 2168.0
1125510 2171.5
1125520 2171.5
1125530 2168.6
1125540 2170.4
1125550 2170.4
1125560 2172.5
1125570 2175.6
1125580 2175.6
1125590 2178.2
1125600 2180.6
1125610 2180.6
1125620 2184.5
1125630 2187.8
1125640 2187.8
1125650 2191.9
1125660 2196.8
1125670 2202.1
1125680 2202.1
1125690 2206.5
1125700 2209.4
1125710 2209.4
1125720 2211.3
1125730 2213.8
1125740 2213.8
1125750 2216.6
1125760 2219.1
1125770 2219.1
1125780 2223.4
1125790 2228.3
1125800 2228.3
1125810 2232.5
1125820 2236.3
1125830 2236.3
1125840 2240.9
1125850 2245.9
1125860 2245.9
1125870 2250.6
1125880 2249.8
1125890 2253.8
1125900 2253.8
1125910 2257.8
1125920 2258.2
1125930 2258.2
1125940 2259.7
1125950 2261.8
1125960 2261.8
1125970 2264.2
1125980 2267.4
1125990 2267.4
1126000 2270.2
1126010 2272.0
1126020 2272.0
1126030 2273.4
1126040 2275.2
1126050 2275.2
1126060 2277.5
1126070 2281.7
1126080 2281.7
1126090 2286.8
1126100 2291.8
1126110 2291.8
1126120 2296.8
1126130 2301.6
1126140 2305.7
1126150 2305.7
1126160 2308.4
1126170 2312.8
1126180 2312.8
1126190 2316.7
1126200 2321.1
1126210 2321.1
1126220 2326.9
1126230 2327.9
1126240 2311.3
1126250 2313.2
1126260 2319.6
1126270 2319.6
1126280 2326.9
1126290 2336.2
1126300 2336.2
1126310 2347.9
1126320 2360.6
1126330 2360.6
1126340 2374.2
1126350 2383.1
1126360 2383.1
1126370 2394.8
1126380 2408.2
1126390 2415.8
1126400 2415.8
1126410 2422.6
1126420 2427.8
1126430 2427.8
1126440 2432.0
1126450 2433.8
1126460 2433.8
1126470 2430.9
1126480 2430.9
1126490 2430.9
1126500 2439.2
1126510 2446.4
1126520 2446.4
1126530 2452.2
1126540 2457.5
1126550 2457.5
1126560 2460.5
1126570 2462.1
1126580 2462.1
1126590 2466.1
1126600 2473.5
1126610 2473.5
1126620 2480.4
1126630 2487.3
1126640 2494.0
1126650 2494.0
1126660 2502.5
1126670 2505.7
1126680 2505.7
1126690 2498.0
1126700 2506.7
1126710 2506.7
1126720 2517.5
1126730 2525.5
1126740 2525.5
1126750 2531.4
1126760 2543.0
1126770 2543.0
1126780 2541.9
1126790 2521.4
1126800 2521.4
1126810 2508.1
1126820 2517.9
1126830 2517.9
1126840 2527.6
1126850 2545.3
1126860 2545.3
1126870 2541.3
1126880 2519.0
1126890 2510.2
1126900 2510.2
1126910 2516.3
1126920 2515.5
1126930 2515.5
1126940 2531.9
1126950 2509.0
1126960 2509.0
1126970 2520.8
1126980 2523.4
1126990 2523.4
1127000 2517.5
1127010 2520.3
1127020 2520.3
1127030 2518.9
1127040 2503.3
1127050 2503.3
1127060 2487.9
1127070 2478.3
1127080 2478.3
1127090 2493.2
1127100 2512.5
1127110 2517.0
1127120 2517.0
1127130 2501.5
1127140 2484.3
1127150 2484.3
1127160 2463.3
1127170 2475.1
1127180 2475.1
1127190 2486.0
1127200 2516.0
1127210 2516.0
1127220 2522.2
1127230 2521.6
1127240 2521.6
1127250 2519.6
1127260 2487.1
1127270 2487.1
1127280 2490.2
1127290 2498.9
1127300 2488.3
1127310 2479.9
1127320 2483.5
1127330 2483.5
1127340 2492.2
1127350 2497.8
1127360 2496.1
1127370 2496.1
1127380 2490.4
1127390 2493.4
1127400 2493.4
1127410 2492.6
1127420 2488.7
1127430 2488.7
1127440 2485.0
1127450 2497.2
1127460 2497.2
1127470 2507.9
1127480 2510.1
1127490 2510.1
1127500 2512.8
1127510 2515.1
1127520 2515.1
1127530 2514.1
1127540 2512.8
1127550 2512.8
1127560 2512.6
1127570 2523.1
1127580 2523.1
1127590 2536.2
1127600 2545.4
1127610 2554.8
1127620 2554.8
1127630 2561.6
1127640 2567.7
1127650 2567.7
1127660 2566.4
1127670 2576.4
1127680 2576.4
1127690 2582.9
1127700 2588.4
1127710 2588.4
1127720 2594.1
1127730 2598.4
1127740 2598.4
1127750 2600.6
1127760 2603.1
1127770 2603.1
1127780 2609.1
1127790 2617.0
1127800 2617.0
1127810 2625.5
1127820 2633.0
1127830 2633.0
1127840 2637.6
1127850 2639.8
1127860 2645.6
1127870 2645.6
1127880 2651.1
1127890 2658.3
1127900 2658.3
1127910 2666.1
1127920 2675.0
1127930 2675.0
1127940 2684.2
1127950 2692.7
1127960 2692.7
1127970 2698.3
1127980 2698.2
1127990 2698.2
1128000 2690.9
1128010 2664.8
1128020 2664.8
1128030 2647.7
1128040 2637.3
1128050 2637.3
1128060 2615.3
1128070 2597.6
1128080 2597.6
1128090 2585.6
1128100 2556.3
1128110 2511.7
1128120 2511.7
1128130 2441.9
1128140 2416.2
1128150 2416.2
1128160 2406.2
1128170 2400.5
1128180 2400.5
1128190 2396.9
1128200 2390.4
1128210 2390.4
1128220 2382.8
1128230 2375.5
1128240 2375.5
1128250 2368.8
1128260 2362.6
1128270 2362.6
1128280 2356.7
1128290 2350.6
1128300 2350.6
1128310 2344.8
1128320 2339.3
1128330 2334.4
1128340 2334.4
1128350 2329.2
1128360 2324.3
1128370 2323.1
1128380 2319.1
1128390 2314.3
1128400 2314.3
1128410 2310.3
1128420 2306.5
1128430 2306.5
1128440 2302.9
1128450 2299.6
1128460 2299.6
1128470 2296.3
1128480 2292.8
1128490 2292.8
1128500 2289.8
1128510 2286.3
1128520 2286.3
1128530 2283.0
1128540 2279.8
1128550 2279.8
1128560 2276.7
1128570 2273.0
1128580 2268.7
1128590 2268.7
1128600 2264.3
1128610 2258.8
1128620 2258.8
1128630 2253.1
1128640 2248.1
1128650 2248.1
1128660 2247.1
1128670 2245.5
1128680 2245.5
1128690 2243.5
1128700 2241.4
1128710 2241.4
1128720 2239.4
1128730 2236.1
1128740 2236.1
1128750 2234.4
1128760 2232.8
1128770 2232.8
1128780 2230.8
1128790 2228.9
1128800 2228.9
1128810 2227.4
1128820 2226.9
1128830 2226.8
1128840 2226.8
1128850 2228.9
1128860 2233.3
1128870 2233.3
1128880 2237.9
1128890 2241.4
1128900 2241.4
1128910 2244.0
1128920 2243.6
1128930 2243.6
1128940 2239.7
1128950 2234.4
1128960 2234.4
1128970 2230.0
1128980 2224.6
1128990 2224.6
1129000 2220.7
1129010 2215.2
1129020 2215.2
1129030 2211.8
1129040 2210.8
1129050 2210.8
1129060 2209.9
1129070 2207.9
1129080 2204.6
1129090 2204.6
1129100 2204.5
1129110 2204.5
1129120 2204.5
1129130 2205.3
1129140 2207.0
1129150 2207.0
1129160 2209.0
1129170 2213.6
1129180 2213.6
1129190 2218.3
1129200 2221.6
1129210 2221.6
1129220 2224.7
1129230 2226.6
1129240 2226.6
1129250 2229.5
1129260 2233.1
1129270 2233.1
1129280 2236.0
1129290 2237.9
1129300 2237.9
1129310 2240.9
1129320 2244.2
1129330 2246.7
1129340 2246.7
1129350 2249.1
1129360 2250.8
1129370 2250.8
1129380 2251.3
1129390 2250.5
1129400 2250.5
1129410 2249.7
1129420 2248.6
1129430 2248.6
1129440 2242.9
1129450 2243.9
1129460 2243.9
1129470 2245.6
1129480 2247.7
1129490 2247.7
1129500 2249.8
1129510 2251.8
1129520 2251.8
1129530 2254.0
1129540 2255.0
1129550 2255.9
1129560 2255.9
1129570 2256.8
1129580 2258.9
1129590 2258.9
1129600 2261.1
1129610 2266.3
1129620 2266.3
1129630 2274.0
1129640 2279.9
1129650 2279.9
1129660 2284.6
1129670 2290.4
1129680 2290.4
1129690 2301.6
1129700 2311.4
1129710 2311.4
1129720 2311.9
1129730 2318.4
1129740 2318.4
1129750 2323.8
1129760 2326.5
1129770 2326.5
1129780 2329.1
1129790 2329.4
1129800 2321.3
1129810 2321.3
1129820 2324.0
1129830 2327.0
1129840 2327.0
1129850 2329.5
1129860 2329.1
1129870 2329.1
1129880 2326.6
1129890 2330.7
1129900 2330.7
1129910 2337.3
1129920 2339.7
1129930 2339.7
1129940 2342.8
1129950 2344.3
1129960 2344.3
1129970 2328.1
1129980 2332.1
1129990 2332.1
1130000 2344.1
1130010 2360.1
1130020 2360.1
1130030 2370.2
1130040 2376.0
1130050 2378.5
1130060 2378.5
1130070 2376.6
1130080 2364.1
1130090 2364.1
1130100 2334.4
1130110 2305.1
1130120 2305.1
1130130 2307.4
1130140 2310.1
1130150 2310.1
1130160 2300.2
1130170 2300.3
1130180 2300.3
1130190 2288.5
1130200 2272.3
1130210 2272.3
1130220 2249.1
1130230 2235.9
1130240 2235.9
1130250 2222.6
1130260 2217.6
1130270 2217.6
1130280 2212.2
1130290 2203.9
1130300 2197.8
1130310 2197.8
1130320 2189.4
1130330 2180.8
1130340 2180.8
1130350 2175.6
1130360 2170.6
1130370 2170.6
1130380 2165.2
1130390 2159.6
1130400 2159.6
1130410 2153.9
1130420 2149.4
1130430 2149.4
1130440 2147.2
1130450 2139.4
1130460 2139.4
1130470 2129.3
1130480 2118.3
1130490 2118.3
1130500 2110.0
1130510 2108.5
1130520 2120.0
1130530 2121.6
1130540 2119.9
1130550 2113.0
1130560 2113.0
1130570 2103.6
1130580 2076.2
1130590 2076.2
1130600 2046.6
1130610 2038.7
1130620 2038.7
1130630 2031.9
1130640 2025.6
1130650 2025.6
1130660 2019.1
1130670 2012.9
1130680 2012.9
1130690 2007.7
1130700 2001.9
1130710 2001.9
1130720 1996.3
1130730 1990.9
1130740 1990.9
1130750 1986.2
1130760 1983.8
1130770 1983.3
1130780 1983.3
1130790 1980.9
1130800 1975.8
1130810 1975.8
1130820 1972.4
1130830 1971.3
1130840 1971.3
1130850 1969.7
1130860 1965.1
1130870 1965.1
1130880 1960.3
1130890 1953.4
1130900 1953.4
1130910 1947.8
1130920 1943.1
1130930 1943.1
1130940 1937.1
1130950 1930.4
1130960 1930.4
1130970 1923.2
1130980 1915.8
1130990 1915.8
1131000 1908.8
1131010 1902.9
1131020 1898.1
1131030 1898.1
1131040 1892.6
1131050 1885.5
1131060 1885.5
1131070 1876.4
1131080 1866.6
1131090 1866.6
1131100 1858.0
1131110 1851.0
1131120 1851.0
1131130 1844.4
1131140 1837.9
1131150 1837.9
1131160 1832.0
1131170 1827.4
1131180 1827.4
1131190 1821.5
1131200 1814.0
1131210 1814.0
1131220 1807.1
1131230 1801.2
1131240 1801.9
1131250 1796.0
1131260 1790.1
1131270 1784.8
1131280 1784.8
1131290 1779.3
1131300 1774.7
1131310 1774.7
1131320 1770.1
1131330 1765.8
1131340 1765.8
1131350 1762.5
1131360 1759.7
1131370 1759.7
1131380 1757.9
1131390 1756.6
1131400 1756.6
1131410 1754.5
1131420 1752.6
1131430 1752.6
1131440 1750.8
1131450 1749.2
1131460 1749.2
1131470 1747.7
1131480 1746.4
1131490 1746.4
1131500 1745.6
1131510 1745.9
1131520 1745.9
1131530 1745.9
1131540 1744.5
1131550 1743.7
1131560 1743.7
1131570 1743.0
1131580 1742.6
1131590 1743.2
1131600 1742.8
1131610 1742.6
1131620 1742.6
1131630 1742.4
1131640 1741.9
1131650 1741.9
1131660 1741.4
1131670 1741.1
1131680 1741.1
1131690 1740.8
1131700 1740.7
1131710 1740.7
1131720 1741.1
1131730 1741.9
1131740 1742.3
1131750 1742.3
1131760 1742.2
1131770 1742.2
1131780 1742.2
1131790 1742.6
1131800 1743.3
1131810 1743.3
1131820 1744.4
1131830 1746.0
1131840 1746.0
1131850 1747.3
1131860 1749.2
1131870 1749.2
1131880 1752.3
1131890 1755.5
1131900 1755.5
1131910 1759.3
1131920 1764.7
1131930 1764.7
1131940 1770.7
1131950 1776.2
1131960 1776.5
1131970 1782.0
1131980 1788.0
1131990 1796.6
1132000 1796.6
1132010 1803.5
1132020 1808.5
1132030 1808.5
1132040 1816.0
1132050 1818.9
1132060 1818.9
1132070 1823.8
1132080 1828.2
1132090 1828.2
1132100 1831.0
1132110 1839.5
1132120 1839.5
1132130 1847.5
1132140 1853.0
1132150 1853.0
1132160 1858.4
1132170 1865.9
1132180 1865.9
1132190 1875.2
1132200 1883.2
1132210 1883.2
1132220 1885.5
1132230 1892.0
1132240 1901.0
1132250 1901.0
1132260 1907.5
1132270 1913.0
1132280 1913.0
1132290 1916.4
1132300 1919.5
1132310 1919.5
1132320 1923.8
1132330 1932.6
1132340 1932.6
1132350 1937.8
1132360 1942.6
1132370 1942.6
1132380 1950.7
1132390 1958.7
1132400 1958.7
1132410 1962.9
1132420 1966.8
1132430 1966.8
1132440 1970.5
1132450 1972.5
1132460 1972.5
1132470 1974.0
1132480 1976.9
1132490 1981.2
1132500 1981.2
1132510 1986.4
1132520 1990.8
1132530 1990.8
1132540 1994.4
1132550 2000.7
1132560 2000.7
1132570 2002.4
1132580 2003.5
1132590 2003.5
1132600 2007.4
1132610 2010.9
1132620 2010.9
1132630 2015.9
1132640 2020.9
1132650 2020.9
1132660 2024.2
1132670 2026.5
1132680 2025.1
1132690 2027.9
1132700 2031.1
1132710 2031.1
1132720 2033.3
1132730 2035.1
1132740 2036.0
1132750 2036.0
1132760 2037.3
1132770 2039.0
1132780 2039.0
1132790 2042.6
1132800 2050.1
1132810 2050.1
1132820 2057.0
1132830 2061.4
1132840 2061.4
1132850 2066.7
1132860 2070.3
1132870 2070.3
1132880 2070.6
1132890 2069.7
1132900 2069.7
1132910 2071.4
1132920 2075.0
1132930 2075.0
1132940 2080.5
1132950 2083.6
1132960 2084.0
1132970 2084.0
1132980 2086.2
1132990 2086.3
1133000 2086.3
1133010 2086.4
1133020 2089.3
1133030 2089.3
1133040 2099.0
1133050 2109.2
1133060 2109.2
1133070 2118.4
1133080 2123.9
1133090 2123.9
1133100 2130.4
1133110 2134.9
1133120 2134.9
1133130 2141.0
1133140 2147.2
1133150 2147.2
1133160 2153.8
1133170 2162.8
1133180 2162.8
1133190 2170.2
1133200 2177.6
1133210 2182.2
1133220 2182.2
1133230 2185.6
1133240 2189.7
1133250 2189.7
1133260 2195.7
1133270 2201.0
1133280 2201.0
1133290 2206.1
1133300 2211.9
1133310 2211.9
1133320 2217.9
1133330 2224.0
1133340 2224.0
1133350 2230.5
1133360 2237.8
1133370 2237.8
1133380 2247.7
1133390 2255.2
1133400 2257.0
1133410 2262.2
1133420 2267.8
1133430 2267.8
1133440 2272.2
1133450 2275.7
1133460 2279.6
1133470 2279.6
1133480 2284.4
1133490 2289.6
1133500 2289.6
1133510 2293.6
1133520 2300.4
1133530 2300.4
1133540 2304.5
1133550 2308.0
1133560 2308.0
1133570 2311.2
1133580 2315.0
1133590 2315.0
1133600 2318.1
1133610 2320.5
1133620 2320.5
1133630 2324.8
1133640 2329.6
1133650 2329.6
1133660 2331.7
1133670 2331.0
1133680 2331.0
1133690 2339.2
1133700 2347.9
1133710 2357.9
1133720 2357.9
1133730 2366.5
1133740 2373.1
1133750 2373.1
1133760 2384.4
1133770 2389.0
1133780 2389.0
1133790 2390.3
1133800 2386.9
1133810 2386.9
1133820 2384.8
1133830 2394.7
1133840 2394.7
1133850 2404.4
1133860 2407.7
1133870 2407.7
1133880 2416.3
1133890 2415.2
1133900 2415.2
1133910 2411.0
1133920 2417.1
1133930 2425.9
1133940 2425.9
1133950 2430.0
1133960 2433.4
1133970 2433.4
1133980 2438.0
1133990 2442.4
1134000 2442.4
1134010 2445.4
1134020 2448.6
1134030 2448.6
1134040 2451.6
1134050 2455.6
1134060 2455.6
1134070 2458.4
1134080 2458.2
1134090 2458.2
1134100 2457.7
1134110 2457.2
1134120 2466.8
1134130 2468.7
1134140 2477.9
1134150 2477.9
1134160 2485.4
1134170 2490.0
1134180 2495.8
1134190 2495.8
1134200 2502.6
1134210 2507.6
1134220 2507.6
1134230 2516.5
1134240 2524.1
1134250 2524.1
1134260 2530.7
1134270 2532.9
1134280 2532.9
1134290 2532.8
1134300 2528.6
1134310 2528.6
1134320 2522.3
1134330 2514.5
1134340 2514.5
1134350 2506.9
1134360 2497.2
1134370 2497.2
1134380 2487.1
1134390 2479.8
1134400 2479.8
1134410 2473.1
1134420 2465.5
1134430 2457.7
1134440 2457.7
1134450 2452.1
1134460 2447.3
1134470 2447.3
1134480 2441.3
1134490 2434.9
1134500 2434.9
1134510 2431.0
1134520 2427.1
1134530 2427.1
1134540 2422.9
1134550 2419.2
1134560 2419.2
1134570 2416.1
1134580 2413.5
1134590 2413.5
1134600 2411.0
1134610 2408.7
1134620 2408.7
1134630 2406.3
1134640 2404.1
1134650 2404.1
1134660 2402.5
1134670 2402.2
1134680 2400.3
1134690 2400.3
1134700 2395.7
1134710 2392.4
1134720 2392.4
1134730 2390.0
1134740 2387.1
1134750 2387.1
1134760 2383.8
1134770 2380.0
1134780 2380.0
1134790 2375.9
1134800 2371.7
1134810 2371.7
1134820 2366.7
1134830 2363.7
1134840 2363.7
1134850 2362.0
1134860 2360.7
1134870 2360.7
1134880 2358.8
1134890 2355.8
1134900 2355.8
1134910 2352.6
1134920 2352.2
1134930 2350.9
1134940 2350.9
1134950 2348.7
1134960 2344.2
1134970 2344.2
1134980 2339.8
1134990 2320.5
1135000 2320.5
1135010 2303.1
1135020 2296.5
1135030 2296.5
1135040 2291.4
1135050 2284.0
1135060 2284.0
1135070 2276.4
1135080 2269.5
1135090 2269.5
1135100 2263.4
1135110 2257.3
1135120 2257.3
1135130 2251.6
1135140 2246.3
1135150 2241.4
1135160 2241.4
1135170 2239.3
1135180 2239.0
1135190 2239.0
1135200 2237.0
1135210 2233.9
1135220 2233.9
1135230 2234.2
1135240 2235.4
1135250 2235.4
1135260 2235.3
1135270 2234.5
1135280 2234.5
1135290 2235.3
1135300 2234.4
1135310 2234.4
1135320 2234.6
1135330 2237.4
1135340 2237.4
1135350 2240.9
1135360 2241.8
1135370 2241.8
1135380 2244.0
1135390 2246.3
1135400 2248.7
1135410 2248.7
1135420 2250.6
1135430 2251.4
1135440 2251.4
1135450 2252.5
1135460 2255.0
1135470 2255.0
1135480 2257.8
1135490 2258.5
1135500 2258.5
1135510 2259.8
1135520 2264.5
1135530 2264.5
1135540 2271.6
1135550 2276.2
1135560 2276.2
1135570 2281.1
1135580 2291.0
1135590 2291.0
1135600 2293.8
1135610 2297.2
1135620 2297.2
1135630 2305.6
1135640 2312.9
1135650 2316.3
1135660 2316.3
1135670 2318.9
1135680 2322.0
1135690 2322.0
1135700 2326.5
1135710 2331.7
1135720 2331.7
1135730 2337.2
1135740 2341.7
1135750 2341.7
1135760 2343.4
1135770 2344.5
1135780 2344.5
1135790 2344.5
1135800 2345.9
1135810 2345.9
1135820 2348.8
1135830 2353.1
1135840 2353.1
1135850 2358.7
1135860 2366.5
1135870 2366.5
1135880 2373.8
1135890 2379.4
1135900 2384.0
1135910 2384.0
1135920 2386.5
1135930 2389.6
1135940 2392.6
1135950 2395.1
1135960 2395.8
1135970 2395.8
1135980 2396.4
1135990 2397.5
1136000 2397.5
1136010 2399.5
1136020 2402.1
1136030 2402.1
1136040 2403.8
1136050 2405.5
1136060 2405.5
1136070 2407.6
1136080 2412.3
1136090 2412.3
1136100 2416.9
1136110 2422.6
1136120 2428.4
1136130 2428.4
1136140 2432.7
1136150 2439.4
1136160 2439.4
1136170 2447.4
1136180 2455.5
1136190 2455.5
1136200 2462.8
1136210 2470.1
1136220 2470.1
1136230 2476.1
1136240 2483.6
1136250 2483.6
1136260 2491.0
1136270 2497.8
1136280 2497.8
1136290 2502.1
1136300 2496.5
1136310 2492.8
1136320 2484.5
1136330 2476.0
1136340 2476.0
1136350 2469.1
1136360 2463.4
1136370 2457.9
1136380 2457.9
1136390 2452.7
1136400 2447.4
1136410 2447.4
1136420 2442.3
1136430 2437.6
1136440 2437.6
1136450 2433.3
1136460 2429.2
1136470 2429.2
1136480 2425.4
1136490 2421.9
1136500 2421.9
1136510 2419.2
1136520 2417.3
1136530 2417.3
1136540 2415.9
1136550 2414.5
1136560 2414.5
1136570 2412.5
1136580 2410.3
1136590 2410.3
1136600 2408.1
1136610 2405.1
1136620 2401.6
1136630 2401.6
1136640 2395.9
1136650 2389.2
1136660 2389.2
1136670 2383.3
1136680 2379.0
1136690 2379.0
1136700 2376.1
1136710 2373.0
1136720 2373.0
1136730 2369.6
1136740 2365.6
1136750 2365.6
1136760 2362.2
1136770 2358.6
1136780 2358.6
1136790 2354.3
1136800 2350.8
1136810 2350.8
1136820 2349.2
1136830 2347.2
1136840 2347.2
1136850 2343.8
1136860 2341.0
1136870 2338.9
1136880 2338.9
1136890 2335.8
1136900 2330.9
1136910 2330.9
1136920 2326.4
1136930 2322.1
1136940 2322.1
1136950 2317.9
1136960 2315.6
1136970 2315.6
1136980 2314.1
1136990 2312.7
1137000 2312.7
1137010 2311.5
1137020 2309.8
1137030 2309.8
1137040 2314.2
1137050 2313.3
1137060 2313.3
1137070 2312.4
1137080 2311.5
1137090 2311.5
1137100 2309.6
1137110 2308.2
1137120 2306.4
1137130 2306.4
1137140 2303.1
1137150 2299.1
1137160 2299.1
1137170 2295.6
1137180 2292.2
1137190 2292.2
1137200 2288.4
1137210 2285.7
1137220 2285.7
1137230 2285.3
1137240 2284.8
1137250 2284.8
1137260 2284.3
1137270 2284.2
1137280 2284.2
1137290 2282.7
1137300 2280.0
1137310 2280.0
1137320 2276.8
1137330 2274.5
1137340 2274.3
1137350 2274.3
1137360 2275.1
1137370 2276.4
1137380 2276.4
1137390 2277.5
1137400 2283.8
1137410 2283.8
1137420 2284.2
1137430 2284.0
1137440 2284.0
1137450 2283.5
1137460 2283.1
1137470 2283.1
1137480 2282.7
1137490 2280.3
1137500 2280.3
1137510 2278.0
1137520 2276.3
1137530 2276.3
1137540 2276.0
1137550 2277.0
1137560 2277.0
1137570 2277.2
1137580 2276.4
1137590 2274.9
1137600 2274.9
1137610 2273.9
1137620 2273.7
1137630 2273.7
1137640 2273.9
1137650 2272.0
1137660 2272.0
1137670 2268.8
1137680 2264.1
1137690 2264.1
1137700 2254.9
1137710 2244.2
1137720 2244.2
1137730 2236.9
1137740 2231.4
1137750 2231.4
1137760 2226.3
1137770 2230.1
1137780 2230.1
1137790 2227.0
1137800 2224.9
1137810 2224.9
1137820 2220.8
1137830 2216.1
1137840 2209.4
1137850 2209.4
1137860 2201.0
1137870 2195.1
1137880 2195.1
1137890 2191.9
1137900 2189.1
1137910 2189.1
1137920 2187.2
1137930 2183.9
1137940 2183.9
1137950 2179.3
1137960 2176.2
1137970 2176.2
1137980 2174.0
1137990 2172.6
1138000 2172.6
1138010 2170.0
1138020 2167.7
1138030 2167.7
1138040 2164.1
1138050 2161.0
1138060 2161.0
1138070 2159.5
1138080 2156.2
1138090 2151.2
1138100 2151.2
1138110 2147.1
1138120 2148.8
1138130 2148.8
1138140 2153.9
1138150 2155.8
1138160 2155.8
1138170 2155.1
1138180 2155.7
1138190 2155.7
1138200 2156.9
1138210 2155.6
1138220 2155.6
1138230 2151.7
1138240 2147.5
1138250 2147.5
1138260 2143.8
1138270 2139.5
1138280 2139.5
1138290 2135.6
1138300 2132.9
1138310 2130.7
1138320 2130.7
1138330 2128.8
1138340 2128.3
1138350 2128.3
1138360 2127.0
1138370 2127.6
1138380 2127.6
1138390 2128.3
1138400 2126.2
1138410 2126.2
1138420 2122.4
1138430 2114.3
1138440 2114.3
1138450 2107.4
1138460 2099.9
1138470 2099.9
1138480 2092.5
1138490 2087.3
1138500 2097.4
1138510 2090.1
1138520 2086.8
1138530 2086.8
1138540 2083.7
1138550 2079.7
1138560 2077.1
1138570 2077.1
1138580 2076.6
1138590 2075.6
1138600 2075.6
1138610 2074.2
1138620 2073.0
1138630 2073.0
1138640 2075.3
1138650 2078.6
1138660 2078.6
1138670 2077.8
1138680 2076.2
1138690 2076.2
1138700 2073.2
1138710 2069.9
1138720 2069.9
1138730 2067.9
1138740 2067.6
1138750 2067.6
1138760 2066.7
1138770 2064.5
1138780 2064.5
1138790 2062.3
1138800 2060.0
1138810 2059.2
1138820 2059.2
1138830 2057.0
1138840 2054.4
1138850 2054.4
1138860 2052.2
1138870 2052.6
1138880 2052.6
1138890 2053.0
1138900 2053.4
1138910 2053.4
1138920 2053.7
1138930 2052.5
1138940 2052.5
1138950 2050.7
1138960 2050.2
1138970 2050.2
1138980 2050.2
1138990 2049.7
1139000 2049.7
1139010 2049.3
1139020 2048.7
1139030 2048.7
1139040 2049.5
1139050 2052.3
1139060 2054.3
1139070 2054.3
1139080 2057.4
1139090 2061.2
1139100 2061.2
1139110 2064.2
1139120 2066.5
1139130 2066.5
1139140 2067.6
1139150 2069.9
1139160 2069.9
1139170 2070.4
1139180 2070.7
1139190 2070.7
1139200 2071.4
1139210 2073.0
1139220 2073.0
1139230 2074.7
1139240 2086.1
1139250 2086.1
1139260 2084.7
1139270 2081.1
1139280 2081.1
1139290 2074.9
1139300 2068.5
1139310 2050.0
1139320 2050.0
1139330 2045.7
1139340 2045.3
1139350 2045.3
1139360 2043.8
1139370 2040.8
1139380 2040.8
1139390 2037.6
1139400 2036.1
1139410 2036.1
1139420 2035.6
1139430 2034.5
1139440 2034.5
1139450 2032.8
1139460 2031.7
1139470 2031.7
1139480 2029.4
1139490 2028.4
1139500 2028.4
1139510 2030.9
1139520 2030.7
1139530 2027.9
1139540 2027.9
1139550 2026.4
1139560 2024.5
1139570 2024.5
1139580 2021.1
1139590 2022.7
1139600 2022.7
1139610 2031.4
1139620 2030.7
1139630 2030.7
1139640 2031.2
1139650 2033.0
1139660 2033.0
1139670 2036.1
1139680 2038.7
1139690 2038.7
1139700 2040.7
1139710 2042.6
1139720 2042.6
1139730 2043.8
1139740 2044.2
1139750 2044.2
1139760 2047.9
1139770 2052.9
1139780 2057.6
1139790 2057.6
1139800 2064.2
1139810 2071.3
1139820 2071.3
1139830 2074.8
1139840 2081.3
1139850 2081.3
1139860 2087.8
1139870 2090.9
1139880 2090.9
1139890 2089.7
1139900 2091.4
1139910 2091.4
1139920 2097.8
1139930 2104.7
1139940 2104.7
1139950 2106.5
1139960 2106.5
1139970 2106.5
1139980 2114.3
1139990 2114.8
