1120000 1733.5
1120010 1733.5
1120020 1733.9
1120030 1734.4
1120040 1734.4
1120050 1735.2
1120060 1736.7
1120070 1736.7
1120080 1737.5
1120090 1739.4
1120100 1739.4
1120110 1743.9
1120120 1751.1
1120130 1759.1
1120140 1759.1
1120150 1769.5
1120160 1778.4
1120170 1778.4
1120180 1783.0
1120190 1786.7
1120200 1786.7
1120210 1789.2
1120220 1792.0
1120230 1792.0
1120240 1793.7
1120250 1795.4
1120260 1795.4
1120270 1794.3
1120280 1792.9
1120290 1792.9
1120300 1795.0
1120310 1798.8
1120320 1798.8
1120330 1801.6
1120340 1804.4
1120350 1804.4
1120360 1806.4
1120370 1807.1
1120380 1808.5
1120390 1808.5
1120400 1811.3
1120410 1813.2
1120420 1813.2
1120430 1811.1
1120440 1814.1
1120450 1814.1
1120460 1817.5
1120470 1822.2
1120480 1822.2
1120490 1827.3
1120500 1832.7
1120510 1832.7
1120520 1839.1
1120530 1846.8
1120540 1846.8
1120550 1855.8
1120560 1866.2
1120570 1866.2
1120580 1887.4
1120590 1898.4
1120600 1898.4
1120610 1902.4
1120620 1907.1
1120630 1912.5
1120640 1912.5
1120650 1917.9
1120660 1923.5
1120670 1923.5
1120680 1929.2
1120690 1935.6
1120700 1935.6
1120710 1944.9
1120720 1952.3
1120730 1952.3
1120740 1959.4
1120750 1965.5
1120760 1965.5
1120770 1971.8
1120780 1973.6
1120790 1973.6
1120800 1978.7
1120810 1984.0
1120820 1984.0
1120830 1988.6
1120840 1992.4
1120850 1994.7
1120860 1994.7
1120870 1997.0
1120880 1999.0
1120890 1999.0
1120900 2000.2
1120910 2001.1
1120920 2001.1
1120930 2003.0
1120940 2005.8
1120950 2005.8
1120960 2009.6
1120970 2014.1
1120980 2014.1
1120990 2018.3
1121000 2021.2
1121010 2021.2
1121020 2023.0
1121030 2028.8
1121040 2028.8
1121050 2039.6
1121060 2052.3
1121070 2052.3
1121080 2062.8
1121090 2071.9
1121100 2081.4
1121110 2081.4
1121120 2091.0
1121130 2097.6
1121140 2097.6
1121150 2105.9
1121160 2115.1
1121170 2115.1
1121180 2126.5
1121190 2137.2
1121200 2137.2
1121210 2147.4
1121220 2158.6
1121230 2158.6
1121240 2167.4
1121250 2172.6
1121260 2172.6
1121270 2176.5
1121280 2180.3
1121290 2180.3
1121300 2185.4
1121310 2191.2
1121320 2191.2
1121330 2197.2
1121340 2203.5
1121350 2208.9
1121360 2208.9
1121370 2216.0
1121380 2235.5
1121390 2235.5
1121400 2249.3
1121410 2272.1
1121420 2272.1
1121430 2286.3
1121440 2295.2
1121450 2295.2
1121460 2302.4
1121470 2312.9
1121480 2308.0
1121490 2318.8
1121500 2328.9
1121510 2328.9
1121520 2336.8
1121530 2342.9
1121540 2342.9
1121550 2350.0
1121560 2357.7
1121570 2357.7
1121580 2365.5
1121590 2373.6
1121600 2393.3
1121610 2393.3
1121620 2431.6
1121630 2443.0
1121640 2443.0
1121650 2443.3
1121660 2443.1
1121670 2443.1
1121680 2442.1
1121690 2441.0
1121700 2441.0
1121710 2439.9
1121720 2436.4
1121730 2436.4
1121740 2432.7
1121750 2430.8
1121760 2430.8
1121770 2430.0
1121780 2430.0
1121790 2430.0
1121800 2430.2
1121810 2430.9
1121820 2430.9
1121830 2426.5
1121840 2429.5
1121850 2432.8
1121860 2432.8
1121870 2432.6
1121880 2424.4
1121890 2424.4
1121900 2413.6
1121910 2403.8
1121920 2403.8
1121930 2394.9
1121940 2386.0
1121950 2386.0
1121960 2377.6
1121970 2370.4
1121980 2370.4
1121990 2363.6
1122000 2357.4
1122010 2357.4
1122020 2351.3
1122030 2344.2
1122040 2344.2
1122050 2331.7
1122060 2319.2
1122070 2319.2
1122080 2311.0
1122090 2304.7
1122100 2298.7
1122110 2298.7
1122120 2293.1
1122130 2287.9
1122140 2287.9
1122150 2283.0
1122160 2278.7
1122170 2278.7
1122180 2272.7
1122190 2270.0
1122200 2270.0
1122210 2267.9
1122220 2266.1
1122230 2266.1
1122240 2264.8
1122250 2263.0
1122260 2263.0
1122270 2260.5
1122280 2258.6
1122290 2258.6
1122300 2257.5
1122310 2258.0
1122320 2258.0
1122330 2256.9
1122340 2253.5
1122350 2249.4
1122360 2249.4
1122370 2245.6
1122380 2242.2
1122390 2242.2
1122400 2239.2
1122410 2236.3
1122420 2236.3
1122430 2232.1
1122440 2227.1
1122450 2227.1
1122460 2220.7
1122470 2213.8
1122480 2213.8
1122490 2207.2
1122500 2199.4
1122510 2199.4
1122520 2188.8
1122530 2183.3
1122540 2183.3
1122550 2181.8
1122560 2178.5
1122570 2174.8
1122580 2174.8
1122590 2173.8
1122600 2172.9
1122610 2172.9
1122620 2172.9
1122630 2174.7
1122640 2174.7
1122650 2175.8
1122660 2175.9
1122670 2175.9
1122680 2175.2
1122690 2173.8
1122700 2173.8
1122710 2171.2
1122720 2168.4
1122730 2168.4
1122740 2165.2
1122750 2161.6
1122760 2161.6
1122770 2158.4
1122780 2152.7
1122790 2152.7
1122800 2145.2
1122810 2138.0
1122820 2130.7
1122830 2130.7
1122840 2122.6
1122850 2115.2
1122860 2115.2
1122870 2109.1
1122880 2099.2
1122890 2099.2
1122900 2094.4
1122910 2090.7
1122920 2090.7
1122930 2083.7
1122940 2078.0
1122950 2078.0
1122960 2075.1
1122970 2072.5
1122980 2072.5
1122990 2070.7
1123000 2062.3
1123010 2062.3
1123020 2061.7
1123030 2064.5
1123040 2064.5
1123050 2062.9
1123060 2059.5
1123070 2055.5
1123080 2055.5
1123090 2053.1
1123100 2052.8
1123110 2052.8
1123120 2055.6
1123130 2054.1
1123140 2054.1
1123150 2054.5
1123160 2054.3
1123170 2054.3
1123180 2054.1
1123190 2060.0
1123200 2060.0
1123210 2070.2
1123220 2073.6
1123230 2067.5
1123240 2067.0
1123250 2065.7
1123260 2065.7
1123270 2064.6
1123280 2064.1
1123290 2064.1
1123300 2062.1
1123310 2053.1
1123320 2042.5
1123330 2042.5
1123340 2028.3
1123350 2008.3
1123360 2008.3
1123370 2004.9
1123380 2004.9
1123390 2004.9
1123400 2002.8
1123410 1998.2
1123420 1998.2
1123430 1989.4
1123440 1983.7
1123450 1983.7
1123460 1980.3
1123470 1975.8
1123480 1975.8
1123490 1969.8
1123500 1965.3
1123510 1965.3
1123520 1961.0
1123530 1955.2
1123540 1955.2
1123550 1951.0
1123560 1949.0
1123570 1947.9
1123580 1947.9
1123590 1941.2
1123600 1939.5
1123610 1939.5
1123620 1937.5
1123630 1934.7
1123640 1934.7
1123650 1931.6
1123660 1928.5
1123670 1928.5
1123680 1927.0
1123690 1928.1
1123700 1928.1
1123710 1929.8
1123720 1929.0
1123730 1929.0
1123740 1928.9
1123750 1931.5
1123760 1931.5
1123770 1933.2
1123780 1935.3
1123790 1935.3
1123800 1937.9
1123810 1941.8
1123820 1945.8
1123830 1945.8
1123840 1948.8
1123850 1952.1
1123860 1952.1
1123870 1954.5
1123880 1956.9
1123890 1956.9
1123900 1959.3
1123910 1960.4
1123920 1960.4
1123930 1962.4
1123940 1970.0
1123950 1970.0
1123960 1972.1
1123970 1975.2
1123980 1975.2
1123990 1978.3
1124000 1980.5
1124010 1980.5
1124020 1982.7
1124030 1984.8
1124040 1984.8
1124050 1986.7
1124060 1987.8
1124070 1988.6
1124080 1988.6
1124090 1990.5
1124100 1993.3
1124110 1993.3
1124120 1994.8
1124130 1996.2
1124140 1996.2
1124150 1998.3
1124160 1999.9
1124170 1999.9
1124180 2001.6
1124190 2004.0
1124200 2004.0
1124210 2007.2
1124220 2009.2
1124230 2009.2
1124240 2010.7
1124250 2012.8
1124260 2012.8
1124270 2014.6
1124280 2015.9
1124290 2021.8
1124300 2021.8
1124310 2023.1
1124320 2022.0
1124330 2022.0
1124340 2019.3
1124350 2018.3
1124360 2018.3
1124370 2024.2
1124380 2026.3
1124390 2026.3
1124400 2026.9
1124410 2027.1
1124420 2027.1
1124430 2026.6
1124440 2025.7
1124450 2025.7
1124460 2024.8
1124470 2024.4
1124480 2024.4
1124490 2023.8
1124500 2023.3
1124510 2023.3
1124520 2022.6
1124530 2022.0
1124540 2021.7
1124550 2021.7
1124560 2023.0
1124570 2024.2
1124580 2024.2
1124590 2024.9
1124600 2025.3
1124610 2025.3
1124620 2025.7
1124630 2025.8
1124640 2026.3
1124650 2026.4
1124660 2026.2
1124670 2026.2
1124680 2025.8
1124690 2024.3
1124700 2024.3
1124710 2023.3
1124720 2022.6
1124730 2022.6
1124740 2022.1
1124750 2022.0
1124760 2022.0
1124770 2023.0
1124780 2023.6
1124790 2023.9
1124800 2023.9
1124810 2024.5
1124820 2025.4
1124830 2025.4
1124840 2025.8
1124850 2025.3
1124860 2025.3
1124870 2023.8
1124880 2023.4
1124890 2023.4
1124900 2022.1
1124910 2023.2
1124920 2023.2
1124930 2023.7
1124940 2024.8
1124950 2024.8
1124960 2026.4
1124970 2027.0
1124980 2027.0
1124990 2027.3
1125000 2029.5
1125010 2029.5
1125020 2031.0
1125030 2033.6
1125040 2036.5
1125050 2036.5
1125060 2040.8
1125070 2044.5
1125080 2044.5
1125090 2046.3
1125100 2047.5
1125110 2047.5
1125120 2049.5
1125130 2051.6
1125140 2051.6
1125150 2052.6
1125160 2053.2
1125170 2053.2
1125180 2053.2
1125190 2053.8
1125200 2053.8
1125210 2055.0
1125220 2056.3
1125230 2056.3
1125240 2058.0
1125250 2059.4
1125260 2059.4
1125270 2060.6
1125280 2062.3
1125290 2064.3
1125300 2064.3
1125310 2066.5
1125320 2068.9
1125330 2068.9
1125340 2071.5
1125350 2075.4
1125360 2075.4
1125370 2078.6
1125380 2082.1
1125390 2082.1
1125400 2086.0
1125410 2090.1
1125420 2090.1
1125430 2094.0
1125440 2098.5
1125450 2098.5
1125460 2103.6
1125470 2108.7
1125480 2108.7
1125490 2114.2
1125500 2120.3
1125510 2120.3
1125520 2127.5
1125530 2133.7
1125540 2138.1
1125550 2138.1
1125560 2142.9
1125570 2149.4
1125580 2149.4
1125590 2156.0
1125600 2161.3
1125610 2161.3
1125620 2165.2
1125630 2167.2
1125640 2167.2
1125650 2168.6
1125660 2171.1
1125670 2171.1
1125680 2174.6
1125690 2177.3
1125700 2179.8
1125710 2184.0
1125720 2187.6
1125730 2187.6
1125740 2189.9
1125750 2192.9
1125760 2196.5
1125770 2196.5
1125780 2200.3
1125790 2207.7
1125800 2207.7
1125810 2224.5
1125820 2233.4
1125830 2233.4
1125840 2240.4
1125850 2243.9
1125860 2243.9
1125870 2250.4
1125880 2254.8
1125890 2254.8
1125900 2254.2
1125910 2257.5
1125920 2257.5
1125930 2262.4
1125940 2267.4
1125950 2267.4
1125960 2271.4
1125970 2276.0
1125980 2276.0
1125990 2281.1
1126000 2286.6
1126010 2292.0
1126020 2292.0
1126030 2297.1
1126040 2302.0
1126050 2302.0
1126060 2312.5
1126070 2317.0
1126080 2317.0
1126090 2321.2
1126100 2324.4
1126110 2324.4
1126120 2326.2
1126130 2326.6
1126140 2326.6
1126150 2325.8
1126160 2324.1
1126170 2324.1
1126180 2321.5
1126190 2320.5
1126200 2320.5
1126210 2321.3
1126220 2322.2
1126230 2322.2
1126240 2322.5
1126250 2322.1
1126260 2321.7
1126270 2321.7
1126280 2321.7
1126290 2321.7
1126300 2321.7
1126310 2322.5
1126320 2323.1
1126330 2323.1
1126340 2324.0
1126350 2323.9
1126360 2323.9
1126370 2323.0
1126380 2322.7
1126390 2322.7
1126400 2322.5
1126410 2327.4
1126420 2327.4
1126430 2328.6
1126440 2329.0
1126450 2329.0
1126460 2328.6
1126470 2328.0
1126480 2328.0
1126490 2329.7
1126500 2331.5
1126510 2333.1
1126520 2333.1
1126530 2336.1
1126540 2339.2
1126550 2339.2
1126560 2342.2
1126570 2344.2
1126580 2344.2
1126590 2347.2
1126600 2351.7
1126610 2351.7
1126620 2353.9
1126630 2357.4
1126640 2357.4
1126650 2362.3
1126660 2367.4
1126670 2367.4
1126680 2372.2
1126690 2375.6
1126700 2375.6
1126710 2379.8
1126720 2384.4
1126730 2384.4
1126740 2390.0
1126750 2395.1
1126760 2398.7
1126770 2399.3
1126780 2401.3
1126790 2401.5
1126800 2401.5
1126810 2400.6
1126820 2399.2
1126830 2399.2
1126840 2399.1
1126850 2399.5
1126860 2399.5
1126870 2402.2
1126880 2406.3
1126890 2406.3
1126900 2411.5
1126910 2417.0
1126920 2417.0
1126930 2422.5
1126940 2427.3
1126950 2427.3
1126960 2431.0
1126970 2436.4
1126980 2436.4
1126990 2445.7
1127000 2457.3
1127010 2470.9
1127020 2470.9
1127030 2492.8
1127040 2504.9
1127050 2504.9
1127060 2515.8
1127070 2523.8
1127080 2523.8
1127090 2531.9
1127100 2539.0
1127110 2539.0
1127120 2539.1
1127130 2545.4
1127140 2545.4
1127150 2550.9
1127160 2554.9
1127170 2554.9
1127180 2560.6
1127190 2566.0
1127200 2566.0
1127210 2574.3
1127220 2580.8
1127230 2580.8
1127240 2587.5
1127250 2596.1
1127260 2603.6
1127270 2603.6
1127280 2606.1
1127290 2601.2
1127300 2601.2
1127310 2592.3
1127320 2582.2
1127330 2582.2
1127340 2577.5
1127350 2573.7
1127360 2573.7
1127370 2562.1
1127380 2556.1
1127390 2556.1
1127400 2552.3
1127410 2547.9
1127420 2547.9
1127430 2545.1
1127440 2533.5
1127450 2533.5
1127460 2537.5
1127470 2533.8
1127480 2543.1
1127490 2543.1
1127500 2546.9
1127510 2543.3
1127520 2543.3
1127530 2536.0
1127540 2536.2
1127550 2536.2
1127560 2537.4
1127570 2540.2
1127580 2540.2
1127590 2541.0
1127600 2541.6
1127610 2541.6
1127620 2547.6
1127630 2560.4
1127640 2560.4
1127650 2570.9
1127660 2572.5
1127670 2572.5
1127680 2569.4
1127690 2563.0
1127700 2563.0
1127710 2565.3
1127720 2573.4
1127730 2574.0
1127740 2574.0
1127750 2567.6
1127760 2537.6
1127770 2537.6
1127780 2519.9
1127790 2507.9
1127800 2507.9
1127810 2485.9
1127820 2461.1
1127830 2469.2
1127840 2452.4
1127850 2445.7
1127860 2445.7
1127870 2438.8
1127880 2431.8
1127890 2431.8
1127900 2425.6
1127910 2419.0
1127920 2419.0
1127930 2412.2
1127940 2405.3
1127950 2405.3
1127960 2399.8
1127970 2397.2
1127980 2393.3
1127990 2393.3
1128000 2388.7
1128010 2384.1
1128020 2384.1
1128030 2379.0
1128040 2374.0
1128050 2374.0
1128060 2368.2
1128070 2360.8
1128080 2360.8
1128090 2354.0
1128100 2347.6
1128110 2347.6
1128120 2340.5
1128130 2333.4
1128140 2333.4
1128150 2321.7
1128160 2305.0
1128170 2305.0
1128180 2296.4
1128190 2294.7
1128200 2294.7
1128210 2291.7
1128220 2287.5
1128230 2285.2
1128240 2285.2
1128250 2284.8
1128260 2287.0
1128270 2287.0
1128280 2289.4
1128290 2295.6
1128300 2295.6
1128310 2301.9
1128320 2305.7
1128330 2305.7
1128340 2306.7
1128350 2305.5
1128360 2305.5
1128370 2306.2
1128380 2310.6
1128390 2310.6
1128400 2315.2
1128410 2318.6
1128420 2318.6
1128430 2321.0
1128440 2322.5
1128450 2322.5
1128460 2324.2
1128470 2327.1
1128480 2330.1
1128490 2330.1
1128500 2334.2
1128510 2339.0
1128520 2339.0
1128530 2344.2
1128540 2349.3
1128550 2354.1
1128560 2359.4
1128570 2364.6
1128580 2364.6
1128590 2370.0
1128600 2375.7
1128610 2375.7
1128620 2382.2
1128630 2391.6
1128640 2391.6
1128650 2403.7
1128660 2413.5
1128670 2413.5
1128680 2421.3
1128690 2434.4
1128700 2434.4
1128710 2433.2
1128720 2424.8
1128730 2400.0
1128740 2400.0
1128750 2380.7
1128760 2372.3
1128770 2372.3
1128780 2364.8
1128790 2357.0
1128800 2357.0
1128810 2349.4
1128820 2342.3
1128830 2342.3
1128840 2335.8
1128850 2329.6
1128860 2329.6
1128870 2323.7
1128880 2317.9
1128890 2317.9
1128900 2314.1
1128910 2309.2
1128920 2309.2
1128930 2304.6
1128940 2301.5
1128950 2297.6
1128960 2297.6
1128970 2292.8
1128980 2289.7
1128990 2289.7
1129000 2286.8
1129010 2284.0
1129020 2284.0
1129030 2281.3
1129040 2279.2
1129050 2279.2
1129060 2274.1
1129070 2270.8
1129080 2270.8
1129090 2268.5
1129100 2264.8
1129110 2264.8
1129120 2256.6
1129130 2245.7
1129140 2245.7
1129150 2237.6
1129160 2229.8
1129170 2229.8
1129180 2222.3
1129190 2214.8
1129200 2207.4
1129210 2207.4
1129220 2200.0
1129230 2193.1
1129240 2193.1
1129250 2187.0
1129260 2183.7
1129270 2183.7
1129280 2178.0
1129290 2172.8
1129300 2172.8
1129310 2167.7
1129320 2162.5
1129330 2162.5
1129340 2157.7
1129350 2153.2
1129360 2153.2
1129370 2149.7
1129380 2146.7
1129390 2146.7
1129400 2144.3
1129410 2141.9
1129420 2141.9
1129430 2140.1
1129440 2138.4
1129450 2136.8
1129460 2136.8
1129470 2133.6
1129480 2131.8
1129490 2131.8
1129500 2128.9
1129510 2126.2
1129520 2126.2
1129530 2125.0
1129540 2123.6
1129550 2123.6
1129560 2120.8
1129570 2118.4
1129580 2118.4
1129590 2115.7
1129600 2114.2
1129610 2114.2
1129620 2116.1
1129630 2115.3
1129640 2115.3
1129650 2114.7
1129660 2112.2
1129670 2112.2
1129680 2110.6
1129690 2110.0
1129700 2108.1
1129710 2108.1
1129720 2106.0
1129730 2105.4
1129740 2105.4
1129750 2104.1
1129760 2102.9
1129770 2102.9
1129780 2101.5
1129790 2103.2
1129800 2103.2
1129810 2104.7
1129820 2103.5
1129830 2103.5
1129840 2100.4
1129850 2095.8
1129860 2095.8
1129870 2091.5
1129880 2087.5
1129890 2087.5
1129900 2083.9
1129910 2080.2
1129920 2080.2
1129930 2076.3
1129940 2073.5
1129950 2070.3
1129960 2070.3
1129970 2066.6
1129980 2067.7
1129990 2067.7
1130000 2063.8
1130010 2059.1
1130020 2059.1
1130030 2054.2
1130040 2049.9
1130050 2049.9
1130060 2044.3
1130070 2039.3
1130080 2039.3
1130090 2034.2
1130100 2028.9
1130110 2028.9
1130120 2025.0
1130130 2020.6
1130140 2020.6
1130150 2016.3
1130160 2012.6
1130170 2012.6
1130180 2008.7
1130190 2005.6
1130200 2003.0
1130210 2003.0
1130220 2000.4
1130230 1998.5
1130240 1998.5
1130250 1997.3
1130260 1996.1
1130270 1996.1
1130280 1995.1
1130290 1992.6
1130300 1992.6
1130310 1989.4
1130320 1985.0
1130330 1985.0
1130340 1978.9
1130350 1975.9
1130360 1975.9
1130370 1973.1
1130380 1969.8
1130390 1969.8
1130400 1966.8
1130410 1963.8
1130420 1959.2
1130430 1959.2
1130440 1952.0
1130450 1946.1
1130460 1946.1
1130470 1941.4
1130480 1937.0
1130490 1937.0
1130500 1932.5
1130510 1931.1
1130520 1931.1
1130530 1928.8
1130540 1924.2
1130550 1924.2
1130560 1921.3
1130570 1920.8
1130580 1920.8
1130590 1921.4
1130600 1922.9
1130610 1922.9
1130620 1924.9
1130630 1926.0
1130640 1926.0
1130650 1925.7
1130660 1925.3
1130670 1924.8
1130680 1924.8
1130690 1923.7
1130700 1924.1
1130710 1924.1
1130720 1921.1
1130730 1918.6
1130740 1918.6
1130750 1916.7
1130760 1913.8
1130770 1913.8
1130780 1909.7
1130790 1906.6
1130800 1906.6
1130810 1904.2
1130820 1896.8
1130830 1896.8
1130840 1884.2
1130850 1873.4
1130860 1873.4
1130870 1866.7
1130880 1862.5
1130890 1862.5
1130900 1858.8
1130910 1853.6
1130920 1847.6
1130930 1847.6
1130940 1840.6
1130950 1831.7
1130960 1831.7
1130970 1824.2
1130980 1817.4
1130990 1817.4
1131000 1812.6
1131010 1808.9
1131020 1808.9
1131030 1806.2
1131040 1802.6
1131050 1804.1
1131060 1797.4
1131070 1788.4
1131080 1788.4
1131090 1779.7
1131100 1771.2
1131110 1771.2
1131120 1763.1
1131130 1755.7
1131140 1755.7
1131150 1749.1
1131160 1742.8
1131170 1736.9
1131180 1736.9
1131190 1731.3
1131200 1726.7
1131210 1726.7
1131220 1722.9
1131230 1719.6
1131240 1719.6
1131250 1716.7
1131260 1715.6
1131270 1715.6
1131280 1715.4
1131290 1715.1
1131300 1715.1
1131310 1714.9
1131320 1714.5
1131330 1714.5
1131340 1714.4
1131350 1714.5
1131360 1714.5
1131370 1714.7
1131380 1714.6
1131390 1714.6
1131400 1714.7
1131410 1715.1
1131420 1714.2
1131430 1714.2
1131440 1714.1
1131450 1714.3
1131460 1714.3
1131470 1713.9
1131480 1713.1
1131490 1713.1
1131500 1713.0
1131510 1713.0
1131520 1713.0
1131530 1713.9
1131540 1715.6
1131550 1715.6
1131560 1717.1
1131570 1718.6
1131580 1718.6
1131590 1720.1
1131600 1722.6
1131610 1722.6
1131620 1724.1
1131630 1724.7
1131640 1724.7
1131650 1725.2
1131660 1726.8
1131670 1731.6
1131680 1731.6
1131690 1734.8
1131700 1739.5
1131710 1739.5
1131720 1743.0
1131730 1746.1
1131740 1746.1
1131750 1749.6
1131760 1753.2
1131770 1753.2
1131780 1756.9
1131790 1760.3
1131800 1760.3
1131810 1763.6
1131820 1766.3
1131830 1766.3
1131840 1768.6
1131850 1771.2
1131860 1771.2
1131870 1775.1
1131880 1781.1
1131890 1788.5
1131900 1788.5
1131910 1791.4
1131920 1792.5
1131930 1792.5
1131940 1796.5
1131950 1801.4
1131960 1801.4
1131970 1806.4
1131980 1811.5
1131990 1811.5
1132000 1813.7
1132010 1813.9
1132020 1813.9
1132030 1812.5
1132040 1813.7
1132050 1813.7
1132060 1817.4
1132070 1822.5
1132080 1822.5
1132090 1828.1
1132100 1834.8
1132110 1834.8
1132120 1842.4
1132130 1849.6
1132140 1857.5
1132150 1857.5
1132160 1866.4
1132170 1875.8
1132180 1875.8
1132190 1884.6
1132200 1900.8
1132210 1900.8
1132220 1912.8
1132230 1917.1
1132240 1917.1
1132250 1923.2
1132260 1928.3
1132270 1928.3
1132280 1929.1
1132290 1926.5
1132300 1926.5
1132310 1924.8
1132320 1928.0
1132330 1928.0
1132340 1933.6
1132350 1939.6
1132360 1939.6
1132370 1946.7
1132380 1952.7
1132390 1956.7
1132400 1956.7
1132410 1960.0
1132420 1964.6
1132430 1964.6
1132440 1970.2
1132450 1976.0
1132460 1976.0
1132470 1981.2
1132480 1986.2
1132490 1986.2
1132500 1992.0
1132510 1996.8
1132520 1996.8
1132530 2001.1
1132540 2006.5
1132550 2006.5
1132560 2010.6
1132570 2013.7
1132580 2013.7
1132590 2014.8
1132600 2018.7
1132610 2018.7
1132620 2021.3
1132630 2023.7
1132640 2025.8
1132650 2025.8
1132660 2028.2
1132670 2030.7
1132680 2030.7
1132690 2033.5
1132700 2035.8
1132710 2035.8
1132720 2037.2
1132730 2039.5
1132740 2039.5
1132750 2042.8
1132760 2046.6
1132770 2046.6
1132780 2048.7
1132790 2050.1
1132800 2050.1
1132810 2051.5
1132820 2052.8
1132830 2052.8
1132840 2054.2
1132850 2056.3
1132860 2055.5
1132870 2058.3
1132880 2062.3
1132890 2067.8
1132900 2067.8
1132910 2075.6
1132920 2083.6
1132930 2083.6
1132940 2089.4
1132950 2093.4
1132960 2093.4
1132970 2096.8
1132980 2101.3
1132990 2101.3
1133000 2105.9
1133010 2110.3
1133020 2110.3
1133030 2114.3
1133040 2117.0
1133050 2117.0
1133060 2118.3
1133070 2119.8
1133080 2119.8
1133090 2121.6
1133100 2122.3
1133110 2122.3
1133120 2123.0
1133130 2124.4
1133140 2125.5
1133150 2125.5
1133160 2126.4
1133170 2127.2
1133180 2127.2
1133190 2128.7
1133200 2130.4
1133210 2130.4
1133220 2130.9
1133230 2132.4
1133240 2132.4
1133250 2135.0
1133260 2138.0
1133270 2138.0
1133280 2142.2
1133290 2146.9
1133300 2146.9
1133310 2152.1
1133320 2157.0
1133330 2157.0
1133340 2161.5
1133350 2166.8
1133360 2173.3
1133370 2173.3
1133380 2180.6
1133390 2187.5
1133400 2187.5
1133410 2196.4
1133420 2204.0
1133430 2204.0
1133440 2209.0
1133450 2213.0
1133460 2213.0
1133470 2216.1
1133480 2219.1
1133490 2219.1
1133500 2222.5
1133510 2226.1
1133520 2226.1
1133530 2229.5
1133540 2232.4
1133550 2232.4
1133560 2236.6
1133570 2240.9
1133580 2240.8
1133590 2244.6
1133600 2248.6
1133610 2252.7
1133620 2252.7
1133630 2257.4
1133640 2262.1
1133650 2262.1
1133660 2267.6
1133670 2273.7
1133680 2273.7
1133690 2279.4
1133700 2285.4
1133710 2285.4
1133720 2293.3
1133730 2303.8
1133740 2303.8
1133750 2314.7
1133760 2325.9
1133770 2325.9
1133780 2337.4
1133790 2347.9
1133800 2347.9
1133810 2356.7
1133820 2364.2
1133830 2364.2
1133840 2371.3
1133850 2377.9
1133860 2384.1
1133870 2384.1
1133880 2390.1
1133890 2396.2
1133900 2396.2
1133910 2402.0
1133920 2407.5
1133930 2407.5
1133940 2413.8
1133950 2418.7
1133960 2418.7
1133970 2423.4
1133980 2427.7
1133990 2427.7
1134000 2428.6
1134010 2420.5
1134020 2420.5
1134030 2409.2
1134040 2397.0
1134050 2397.0
1134060 2387.2
1134070 2377.9
1134080 2377.9
1134090 2371.5
1134100 2366.7
1134110 2364.1
1134120 2364.1
1134130 2363.4
1134140 2357.4
1134150 2357.4
1134160 2347.0
1134170 2336.6
1134180 2336.6
1134190 2327.3
1134200 2318.3
1134210 2318.3
1134220 2312.2
1134230 2310.5
1134240 2310.5
1134250 2306.9
1134260 2305.3
1134270 2305.3
1134280 2299.9
1134290 2291.2
1134300 2291.2
1134310 2288.4
1134320 2279.2
1134330 2279.2
1134340 2270.6
1134350 2268.9
1134360 2268.6
1134370 2268.6
1134380 2265.8
1134390 2262.0
1134400 2262.0
1134410 2257.7
1134420 2257.2
1134430 2257.2
1134440 2260.8
1134450 2260.7
1134460 2260.7
1134470 2259.2
1134480 2257.1
1134490 2257.1
1134500 2255.3
1134510 2253.9
1134520 2253.9
1134530 2251.5
1134540 2247.8
1134550 2247.8
1134560 2244.1
1134570 2240.1
1134580 2240.1
1134590 2235.1
1134600 2229.4
1134610 2225.0
1134620 2225.0
1134630 2221.3
1134640 2215.4
1134650 2215.4
1134660 2208.4
1134670 2201.2
1134680 2201.2
1134690 2194.7
1134700 2188.8
1134710 2188.8
1134720 2183.1
1134730 2177.6
1134740 2177.6
1134750 2173.0
1134760 2168.8
1134770 2168.8
1134780 2163.8
1134790 2160.0
1134800 2160.0
1134810 2157.1
1134820 2154.6
1134830 2151.4
1134840 2151.4
1134850 2148.2
1134860 2146.4
1134870 2146.4
1134880 2144.3
1134890 2140.8
1134900 2140.8
1134910 2136.8
1134920 2134.7
1134930 2134.7
1134940 2132.2
1134950 2126.7
1134960 2126.7
1134970 2121.6
1134980 2117.3
1134990 2117.3
1135000 2114.7
1135010 2121.8
1135020 2121.8
1135030 2128.9
1135040 2129.8
1135050 2129.8
1135060 2130.9
1135070 2133.5
1135080 2136.4
1135090 2136.4
1135100 2137.1
1135110 2136.8
1135120 2136.8
1135130 2139.2
1135140 2141.2
1135150 2141.2
1135160 2141.6
1135170 2140.5
1135180 2140.5
1135190 2141.0
1135200 2140.5
1135210 2140.5
1135220 2140.5
1135230 2140.2
1135240 2140.2
1135250 2138.8
1135260 2137.8
1135270 2137.8
1135280 2137.8
1135290 2137.1
1135300 2137.1
1135310 2135.3
1135320 2136.4
1135330 2137.5
1135340 2137.5
1135350 2138.4
1135360 2140.0
1135370 2140.0
1135380 2145.1
1135390 2154.9
1135400 2155.7
1135410 2162.5
1135420 2167.2
1135430 2167.2
1135440 2173.5
1135450 2179.7
1135460 2179.7
1135470 2189.2
1135480 2199.3
1135490 2199.3
1135500 2203.8
1135510 2207.3
1135520 2207.3
1135530 2212.6
1135540 2221.0
1135550 2221.0
1135560 2229.2
1135570 2235.6
1135580 2241.0
1135590 2241.0
1135600 2246.3
1135610 2251.8
1135620 2251.8
1135630 2258.1
1135640 2265.9
1135650 2265.9
1135660 2273.9
1135670 2282.0
1135680 2282.0
1135690 2290.4
1135700 2299.1
1135710 2299.1
1135720 2307.3
1135730 2314.7
1135740 2314.7
1135750 2321.8
1135760 2326.3
1135770 2326.3
1135780 2330.9
1135790 2334.1
1135800 2334.1
1135810 2335.9
1135820 2337.7
1135830 2338.9
1135840 2338.9
1135850 2339.9
1135860 2344.2
1135870 2344.2
1135880 2346.8
1135890 2349.3
1135900 2349.3
1135910 2352.1
1135920 2354.1
1135930 2354.1
1135940 2355.5
1135950 2356.4
1135960 2356.4
1135970 2357.6
1135980 2359.4
1135990 2359.4
1136000 2359.9
1136010 2362.0
1136020 2362.0
1136030 2366.6
1136040 2370.9
1136050 2370.9
1136060 2373.1
1136070 2374.8
1136080 2378.9
1136090 2378.9
1136100 2382.5
1136110 2385.0
1136120 2381.8
1136130 2386.5
1136140 2391.5
1136150 2391.5
1136160 2398.4
1136170 2407.1
1136180 2407.1
1136190 2417.0
1136200 2426.4
1136210 2426.4
1136220 2434.9
1136230 2442.1
1136240 2442.1
1136250 2451.3
1136260 2460.8
1136270 2460.8
1136280 2469.1
1136290 2477.5
1136300 2486.9
1136310 2486.9
1136320 2497.1
1136330 2506.2
1136340 2506.2
1136350 2515.1
1136360 2523.5
1136370 2523.5
1136380 2531.4
1136390 2538.5
1136400 2538.5
1136410 2545.1
1136420 2550.8
1136430 2550.8
1136440 2555.9
1136450 2560.7
1136460 2560.7
1136470 2565.2
1136480 2569.3
1136490 2566.9
1136500 2570.3
1136510 2565.2
1136520 2565.2
1136530 2548.7
1136540 2535.7
1136550 2525.2
1136560 2525.2
1136570 2513.8
1136580 2504.4
1136590 2504.4
1136600 2495.9
1136610 2485.2
1136620 2485.2
1136630 2472.3
1136640 2462.3
1136650 2462.3
1136660 2454.2
1136670 2449.4
1136680 2449.4
1136690 2444.5
1136700 2442.2
1136710 2442.2
1136720 2439.6
1136730 2436.5
1136740 2436.5
1136750 2433.2
1136760 2430.3
1136770 2430.3
1136780 2427.1
1136790 2425.3
1136800 2423.8
1136810 2423.8
1136820 2422.5
1136830 2421.9
1136840 2421.9
1136850 2417.4
1136860 2417.3
1136870 2417.3
1136880 2417.9
1136890 2419.7
1136900 2419.7
1136910 2417.2
1136920 2414.4
1136930 2414.4
1136940 2411.3
1136950 2407.8
1136960 2407.8
1136970 2403.8
1136980 2399.0
1136990 2399.0
1137000 2392.3
1137010 2386.0
1137020 2386.0
1137030 2379.8
1137040 2373.0
1137050 2362.4
1137060 2362.4
1137070 2351.9
1137080 2344.0
1137090 2344.0
1137100 2338.7
1137110 2335.0
1137120 2335.0
1137130 2331.3
1137140 2325.3
1137150 2325.3
1137160 2320.0
1137170 2315.7
1137180 2315.7
1137190 2313.9
1137200 2311.8
1137210 2311.8
1137220 2306.0
1137230 2305.9
1137240 2305.9
1137250 2303.7
1137260 2300.7
1137270 2300.7
1137280 2297.3
1137290 2295.2
1137300 2293.2
1137310 2293.2
1137320 2290.6
1137330 2287.9
1137340 2287.9
1137350 2285.7
1137360 2282.8
1137370 2282.8
1137380 2279.3
1137390 2276.6
1137400 2276.6
1137410 2274.5
1137420 2271.1
1137430 2271.1
1137440 2270.3
1137450 2269.9
1137460 2269.9
1137470 2269.2
1137480 2268.0
1137490 2268.0
1137500 2265.8
1137510 2263.9
1137520 2262.0
1137530 2262.0
1137540 2261.6
1137550 2261.0
1137560 2261.0
1137570 2260.8
1137580 2259.8
1137590 2254.5
1137600 2252.5
1137610 2251.1
1137620 2251.1
1137630 2250.4
1137640 2250.4
1137650 2250.4
1137660 2249.0
1137670 2248.3
1137680 2248.3
1137690 2247.4
1137700 2247.1
1137710 2247.1
1137720 2245.5
1137730 2243.0
1137740 2243.0
1137750 2242.7
1137760 2241.4
1137770 2240.0
1137780 2240.0
1137790 2238.0
1137800 2237.7
1137810 2237.7
1137820 2239.0
1137830 2239.5
1137840 2239.5
1137850 2239.7
1137860 2238.8
1137870 2238.8
1137880 2236.9
1137890 2235.3
1137900 2235.3
1137910 2235.3
1137920 2235.1
1137930 2235.1
1137940 2235.6
1137950 2230.6
1137960 2230.6
1137970 2231.0
1137980 2230.6
1137990 2230.6
1138000 2231.7
1138010 2233.5
1138020 2234.2
1138030 2234.2
1138040 2235.0
1138050 2235.9
1138060 2235.9
1138070 2236.1
1138080 2232.2
1138090 2232.2
1138100 2224.6
1138110 2223.1
1138120 2223.1
1138130 2224.3
1138140 2229.1
1138150 2229.1
1138160 2228.1
1138170 2222.3
1138180 2222.3
1138190 2219.7
1138200 2220.9
1138210 2220.9
1138220 2225.3
1138230 2226.6
1138240 2226.6
1138250 2225.8
1138260 2224.8
1138270 2224.1
1138280 2224.1
1138290 2223.3
1138300 2222.0
1138310 2222.0
1138320 2216.3
1138330 2213.9
1138340 2213.9
1138350 2211.0
1138360 2208.0
1138370 2208.0
1138380 2204.6
1138390 2201.3
1138400 2201.3
1138410 2197.3
1138420 2192.6
1138430 2192.6
1138440 2187.3
1138450 2182.0
1138460 2182.0
1138470 2176.2
1138480 2170.0
1138490 2170.0
1138500 2164.5
1138510 2159.9
1138520 2155.6
1138530 2155.6
1138540 2151.1
1138550 2146.6
1138560 2146.6
1138570 2142.3
1138580 2137.9
1138590 2137.9
1138600 2131.6
1138610 2124.8
1138620 2124.8
1138630 2117.1
1138640 2111.9
1138650 2111.9
1138660 2108.9
1138670 2105.4
1138680 2105.4
1138690 2099.2
1138700 2095.6
1138710 2095.6
1138720 2093.6
1138730 2092.5
1138740 2092.5
1138750 2091.0
1138760 2087.4
1138770 2083.1
1138780 2083.1
1138790 2080.9
1138800 2077.4
1138810 2077.4
1138820 2076.1
1138830 2074.2
1138840 2074.2
1138850 2068.8
1138860 2063.2
1138870 2063.2
1138880 2057.8
1138890 2053.1
1138900 2053.1
1138910 2048.3
1138920 2043.6
1138930 2043.6
1138940 2039.8
1138950 2036.2
1138960 2036.2
1138970 2032.5
1138980 2028.4
1138990 2024.0
1139000 2024.0
1139010 2020.2
1139020 2017.3
1139030 2017.3
1139040 2015.3
1139050 2014.5
1139060 2014.5
1139070 2011.4
1139080 2007.3
1139090 2007.3
1139100 2002.7
1139110 1998.0
1139120 1998.0
1139130 1993.1
1139140 1987.9
1139150 1987.9
1139160 1982.8
1139170 1978.1
1139180 1978.1
1139190 1974.1
1139200 1970.1
1139210 1970.1
1139220 1963.4
1139230 1951.0
1139240 1942.3
1139250 1942.3
1139260 1933.8
1139270 1931.8
1139280 1931.8
1139290 1932.3
1139300 1932.4
1139310 1932.4
1139320 1930.6
1139330 1927.1
1139340 1927.1
1139350 1921.1
1139360 1914.1
1139370 1914.1
1139380 1908.9
1139390 1905.5
1139400 1905.5
1139410 1902.5
1139420 1891.4
1139430 1891.4
1139440 1887.9
1139450 1882.9
1139460 1882.9
1139470 1878.0
1139480 1873.2
1139490 1868.7
1139500 1868.7
1139510 1864.7
1139520 1860.0
1139530 1860.0
1139540 1855.5
1139550 1850.6
1139560 1850.6
1139570 1843.5
1139580 1838.7
1139590 1838.7
1139600 1843.9
1139610 1847.1
1139620 1847.1
1139630 1848.7
1139640 1849.8
1139650 1849.8
1139660 1851.2
1139670 1852.6
1139680 1852.6
1139690 1853.3
1139700 1853.3
1139710 1853.3
1139720 1852.7
1139730 1851.7
1139740 1851.6
1139750 1851.6
1139760 1851.6
1139770 1851.4
1139780 1851.4
1139790 1846.5
1139800 1844.9
1139810 1844.9
1139820 1843.3
1139830 1841.6
1139840 1841.6
1139850 1840.2
1139860 1838.8
1139870 1838.8
1139880 1836.6
1139890 1835.9
1139900 1835.9
1139910 1835.2
1139920 1833.2
1139930 1833.2
1139940 1828.8
1139950 1817.4
1139960 1817.4
1139970 1799.7
1139980 1788.0
1139990 1779.5
