1120000 1762.5
1120010 1759.9
1120020 1759.9
1120030 1757.5
1120040 1755.1
1120050 1755.1
1120060 1752.4
1120070 1750.4
1120080 1754.6
1120090 1753.3
1120100 1750.7
1120110 1750.7
1120120 1748.9
1120130 1747.8
1120140 1747.2
1120150 1747.2
1120160 1747.0
1120170 1745.6
1120180 1745.6
1120190 1745.3
1120200 1747.0
1120210 1747.0
1120220 1749.7
1120230 1752.2
1120240 1752.2
1120250 1750.2
1120260 1746.9
1120270 1746.9
1120280 1747.3
1120290 1748.0
1120300 1748.0
1120310 1748.7
1120320 1749.3
1120330 1749.3
1120340 1749.8
1120350 1750.6
1120360 1750.6
1120370 1750.1
1120380 1750.7
1120390 1752.7
1120400 1752.7
1120410 1756.8
1120420 1761.2
1120430 1760.2
1120440 1763.7
1120450 1768.4
1120460 1768.4
1120470 1773.4
1120480 1778.3
1120490 1778.3
1120500 1783.5
1120510 1788.9
1120520 1788.9
1120530 1794.4
1120540 1799.0
1120550 1799.0
1120560 1802.8
1120570 1806.0
1120580 1806.0
1120590 1808.6
1120600 1810.6
1120610 1810.6
1120620 1813.3
1120630 1815.7
1120640 1817.8
1120650 1817.8
1120660 1819.2
1120670 1821.5
1120680 1821.5
1120690 1824.3
1120700 1827.5
1120710 1827.5
1120720 1830.8
1120730 1833.0
1120740 1833.0
1120750 1835.6
1120760 1837.5
1120770 1837.5
1120780 1838.0
1120790 1838.5
1120800 1838.5
1120810 1837.1
1120820 1836.1
1120830 1836.1
1120840 1835.8
1120850 1838.8
1120860 1838.8
1120870 1845.3
1120880 1850.6
1120890 1853.2
1120900 1853.2
1120910 1856.9
1120920 1861.5
1120930 1861.5
1120940 1867.0
1120950 1874.4
1120960 1874.4
1120970 1883.2
1120980 1888.2
1120990 1888.2
1121000 1892.3
1121010 1895.8
1121020 1895.8
1121030 1900.3
1121040 1905.2
1121050 1905.2
1121060 1910.6
1121070 1916.2
1121080 1916.2
1121090 1922.0
1121100 1927.9
1121110 1933.6
1121120 1933.6
1121130 1932.2
1121140 1934.9
1121150 1934.9
1121160 1939.8
1121170 1946.0
1121180 1946.0
1121190 1952.1
1121200 1956.8
1121210 1956.8
1121220 1962.0
1121230 1967.9
1121240 1967.9
1121250 1976.8
1121260 1989.2
1121270 1989.2
1121280 1996.1
1121290 2003.6
1121300 2003.6
1121310 2011.3
1121320 2017.3
1121330 2017.3
1121340 2024.4
1121350 2030.5
1121360 2033.1
1121370 2033.1
1121380 2038.4
1121390 2044.4
1121400 2044.4
1121410 2050.2
1121420 2056.4
1121430 2056.4
1121440 2065.0
1121450 2075.4
1121460 2075.4
1121470 2087.8
1121480 2085.4
1121490 2085.4
1121500 2091.6
1121510 2090.3
1121520 2090.3
1121530 2085.9
1121540 2084.8
1121550 2084.8
1121560 2092.9
1121570 2102.4
1121580 2102.4
1121590 2106.8
1121600 2109.4
1121610 2112.0
1121620 2112.0
1121630 2113.0
1121640 2113.1
1121650 2113.1
1121660 2113.4
1121670 2114.4
1121680 2114.4
1121690 2116.4
1121700 2118.1
1121710 2118.1
1121720 2121.6
1121730 2127.5
1121740 2127.5
1121750 2136.9
1121760 2144.5
1121770 2144.5
1121780 2151.4
1121790 2156.7
1121800 2156.7
1121810 2158.5
1121820 2161.7
1121830 2153.8
1121840 2160.5
1121850 2164.8
1121860 2167.6
1121870 2167.6
1121880 2170.7
1121890 2175.6
1121900 2175.6
1121910 2184.0
1121920 2189.7
1121930 2189.7
1121940 2197.4
1121950 2201.0
1121960 2201.0
1121970 2204.4
1121980 2209.3
1121990 2209.3
1122000 2216.0
1122010 2220.0
1122020 2220.0
1122030 2221.9
1122040 2225.3
1122050 2225.3
1122060 2226.9
1122070 2227.2
1122080 2227.2
1122090 2226.9
1122100 2225.1
1122110 2223.0
1122120 2223.0
1122130 2221.6
1122140 2219.2
1122150 2219.2
1122160 2216.9
1122170 2215.6
1122180 2215.7
1122190 2212.8
1122200 2209.6
1122210 2209.6
1122220 2206.1
1122230 2201.5
1122240 2201.5
1122250 2197.2
1122260 2193.1
1122270 2193.1
1122280 2187.9
1122290 2181.2
1122300 2181.2
1122310 2176.4
1122320 2173.7
1122330 2169.7
1122340 2169.7
1122350 2168.4
1122360 2163.7
1122370 2163.7
1122380 2157.6
1122390 2152.5
1122400 2152.5
1122410 2144.9
1122420 2136.8
1122430 2136.8
1122440 2131.6
1122450 2125.2
1122460 2125.2
1122470 2115.8
1122480 2108.9
1122490 2108.9
1122500 2105.2
1122510 2100.9
1122520 2100.9
1122530 2092.5
1122540 2085.9
1122550 2085.9
1122560 2072.9
1122570 2061.8
1122580 2052.2
1122590 2052.2
1122600 2051.4
1122610 2047.4
1122620 2047.4
1122630 2040.5
1122640 2035.8
1122650 2035.8
1122660 2033.5
1122670 2032.6
1122680 2032.6
1122690 2027.5
1122700 2020.9
1122710 2020.9
1122720 2012.1
1122730 2003.6
1122740 2003.6
1122750 2002.9
1122760 1999.4
1122770 1999.4
1122780 1995.6
1122790 1993.7
1122800 1993.7
1122810 1985.2
1122820 1973.2
1122830 1964.4
1122840 1964.4
1122850 1956.9
1122860 1950.2
1122870 1950.2
1122880 1942.1
1122890 1938.1
1122900 1938.1
1122910 1933.8
1122920 1929.7
1122930 1929.7
1122940 1925.6
1122950 1920.6
1122960 1920.6
1122970 1915.9
1122980 1912.0
1122990 1912.0
1123000 1908.5
1123010 1904.9
1123020 1904.9
1123030 1902.1
1123040 1900.0
1123050 1900.0
1123060 1897.8
1123070 1894.7
1123080 1891.3
1123090 1891.3
1123100 1889.9
1123110 1887.3
1123120 1887.3
1123130 1885.3
1123140 1883.7
1123150 1883.7
1123160 1882.4
1123170 1881.0
1123180 1881.0
1123190 1879.3
1123200 1877.5
1123210 1877.5
1123220 1875.9
1123230 1872.5
1123240 1872.5
1123250 1870.9
1123260 1868.7
1123270 1868.7
1123280 1866.3
1123290 1865.5
1123300 1865.5
1123310 1865.1
1123320 1864.8
1123330 1864.1
1123340 1864.1
1123350 1864.1
1123360 1864.8
1123370 1864.8
1123380 1867.1
1123390 1871.3
1123400 1871.3
1123410 1876.2
1123420 1881.6
1123430 1881.6
1123440 1885.2
1123450 1891.9
1123460 1891.9
1123470 1899.7
1123480 1907.0
1123490 1907.0
1123500 1913.8
1123510 1920.1
1123520 1920.1
1123530 1925.9
1123540 1933.4
1123550 1933.4
1123560 1940.2
1123570 1946.1
1123580 1947.7
1123590 1947.7
1123600 1951.1
1123610 1956.2
1123620 1956.2
1123630 1961.2
1123640 1965.5
1123650 1965.5
1123660 1968.6
1123670 1969.8
1123680 1969.8
1123690 1970.5
1123700 1971.7
1123710 1971.7
1123720 1973.4
1123730 1975.3
1123740 1975.3
1123750 1978.3
1123760 1982.2
1123770 1982.2
1123780 1984.7
1123790 1986.2
1123800 1986.5
1123810 1986.5
1123820 1989.8
1123830 1992.7
1123840 1992.7
1123850 1998.5
1123860 2007.0
1123870 2007.0
1123880 2015.6
1123890 2025.6
1123900 2025.6
1123910 2034.8
1123920 2040.8
1123930 2037.1
1123940 2041.2
1123950 2043.5
1123960 2043.5
1123970 2044.2
1123980 2045.2
1123990 2045.2
1124000 2046.0
1124010 2050.2
1124020 2050.2
1124030 2055.6
1124040 2060.5
1124050 2066.4
1124060 2066.4
1124070 2071.0
1124080 2074.9
1124090 2074.9
1124100 2078.6
1124110 2081.1
1124120 2081.1
1124130 2081.7
1124140 2081.4
1124150 2081.4
1124160 2082.5
1124170 2084.2
1124180 2084.2
1124190 2084.8
1124200 2088.6
1124210 2088.6
1124220 2093.9
1124230 2098.0
1124240 2098.0
1124250 2099.9
1124260 2101.0
1124270 2101.0
1124280 2102.2
1124290 2105.2
1124300 2108.4
1124310 2108.4
1124320 2109.4
1124330 2110.3
1124340 2110.3
1124350 2112.4
1124360 2114.5
1124370 2114.5
1124380 2115.9
1124390 2116.6
1124400 2116.6
1124410 2116.7
1124420 2115.1
1124430 2115.1
1124440 2114.2
1124450 2114.9
1124460 2114.9
1124470 2115.7
1124480 2116.1
1124490 2116.1
1124500 2117.7
1124510 2120.7
1124520 2120.7
1124530 2122.2
1124540 2122.3
1124550 2123.6
1124560 2123.6
1124570 2125.2
1124580 2125.9
1124590 2125.9
1124600 2126.0
1124610 2123.7
1124620 2123.7
1124630 2119.2
1124640 2114.4
1124650 2114.4
1124660 2111.9
1124670 2109.1
1124680 2109.1
1124690 2107.0
1124700 2105.8
1124710 2105.8
1124720 2105.1
1124730 2104.0
1124740 2104.0
1124750 2102.9
1124760 2101.0
1124770 2101.0
1124780 2097.9
1124790 2093.5
1124800 2088.7
1124810 2088.7
1124820 2084.6
1124830 2080.5
1124840 2080.5
1124850 2075.7
1124860 2072.2
1124870 2072.2
1124880 2069.8
1124890 2067.8
1124900 2067.8
1124910 2067.0
1124920 2063.7
1124930 2063.7
1124940 2059.0
1124950 2056.0
1124960 2056.0
1124970 2054.8
1124980 2054.3
1124990 2055.5
1125000 2056.4
1125010 2057.1
1125020 2057.1
1125030 2057.7
1125040 2059.8
1125050 2063.0
1125060 2063.0
1125070 2066.6
1125080 2069.7
1125090 2069.7
1125100 2071.9
1125110 2074.2
1125120 2074.2
1125130 2076.6
1125140 2079.5
1125150 2079.5
1125160 2083.2
1125170 2086.0
1125180 2086.0
1125190 2088.1
1125200 2089.7
1125210 2089.7
1125220 2091.8
1125230 2095.0
1125240 2095.0
1125250 2098.2
1125260 2101.4
1125270 2105.0
1125280 2105.0
1125290 2108.3
1125300 2111.8
1125310 2111.8
1125320 2115.3
1125330 2117.7
1125340 2117.7
1125350 2123.8
1125360 2130.4
1125370 2130.4
1125380 2137.8
1125390 2144.4
1125400 2144.4
1125410 2150.2
1125420 2156.1
1125430 2156.1
1125440 2162.6
1125450 2168.7
1125460 2168.7
1125470 2174.5
1125480 2179.7
1125490 2179.7
1125500 2184.0
1125510 2188.0
1125520 2191.8
1125530 2191.8
1125540 2196.1
1125550 2201.8
1125560 2201.8
1125570 2207.7
1125580 2210.6
1125590 2210.6
1125600 2211.2
1125610 2213.8
1125620 2213.8
1125630 2218.5
1125640 2223.8
1125650 2223.8
1125660 2229.7
1125670 2235.8
1125680 2235.8
1125690 2242.2
1125700 2249.0
1125710 2249.0
1125720 2256.1
1125730 2263.9
1125740 2263.9
1125750 2271.2
1125760 2283.4
1125770 2302.5
1125780 2302.5
1125790 2318.3
1125800 2342.6
1125810 2342.6
1125820 2355.8
1125830 2362.7
1125840 2362.7
1125850 2369.5
1125860 2377.0
1125870 2377.0
1125880 2384.4
1125890 2392.0
1125900 2392.0
1125910 2399.6
1125920 2407.2
1125930 2407.2
1125940 2430.2
1125950 2460.1
1125960 2460.1
1125970 2488.4
1125980 2513.7
1125990 2513.7
1126000 2528.7
1126010 2534.0
1126020 2536.9
1126030 2536.9
1126040 2552.3
1126050 2545.2
1126060 2545.2
1126070 2521.7
1126080 2540.2
1126090 2540.2
1126100 2542.4
1126110 2553.7
1126120 2553.7
1126130 2575.5
1126140 2594.9
1126150 2594.9
1126160 2620.0
1126170 2633.8
1126180 2633.8
1126190 2633.6
1126200 2632.8
1126210 2632.8
1126220 2626.2
1126230 2612.6
1126240 2612.6
1126250 2600.1
1126260 2589.7
1126270 2577.9
1126280 2577.9
1126290 2568.3
1126300 2559.0
1126310 2559.0
1126320 2549.9
1126330 2544.2
1126340 2544.2
1126350 2547.2
1126360 2553.5
1126370 2553.5
1126380 2555.5
1126390 2558.1
1126400 2558.1
1126410 2565.9
1126420 2582.5
1126430 2582.5
1126440 2596.7
1126450 2604.0
1126460 2604.0
1126470 2614.7
1126480 2620.9
1126490 2620.9
1126500 2620.9
1126510 2618.4
1126520 2622.0
1126530 2622.0
1126540 2627.1
1126550 2638.5
1126560 2638.5
1126570 2647.6
1126580 2649.5
1126590 2649.5
1126600 2647.7
1126610 2640.3
1126620 2640.3
1126630 2635.9
1126640 2632.0
1126650 2632.0
1126660 2622.3
1126670 2610.2
1126680 2610.2
1126690 2599.9
1126700 2586.2
1126710 2586.2
1126720 2572.8
1126730 2563.3
1126740 2555.5
1126750 2555.5
1126760 2550.7
1126770 2540.5
1126780 2540.5
1126790 2534.9
1126800 2528.1
1126810 2528.1
1126820 2523.5
1126830 2521.2
1126840 2521.2
1126850 2519.9
1126860 2517.9
1126870 2517.9
1126880 2517.0
1126890 2518.0
1126900 2518.0
1126910 2518.7
1126920 2519.5
1126930 2519.5
1126940 2522.5
1126950 2525.4
1126960 2525.4
1126970 2527.0
1126980 2527.6
1126990 2536.3
1127000 2536.3
1127010 2550.9
1127020 2558.0
1127030 2558.0
1127040 2562.7
1127050 2566.1
1127060 2566.1
1127070 2572.5
1127080 2589.8
1127090 2589.8
1127100 2605.6
1127110 2626.0
1127120 2626.0
1127130 2635.8
1127140 2651.6
1127150 2651.6
1127160 2664.2
1127170 2674.4
1127180 2674.4
1127190 2682.9
1127200 2699.2
1127210 2699.2
1127220 2713.2
1127230 2719.3
1127240 2723.1
1127250 2723.1
1127260 2732.4
1127270 2729.3
1127280 2729.3
1127290 2726.4
1127300 2732.6
1127310 2732.6
1127320 2726.9
1127330 2709.6
1127340 2709.6
1127350 2699.3
1127360 2691.4
1127370 2691.4
1127380 2681.0
1127390 2669.5
1127400 2669.5
1127410 2659.8
1127420 2650.5
1127430 2650.5
1127440 2639.2
1127450 2626.8
1127460 2626.8
1127470 2599.9
1127480 2587.6
1127490 2567.6
1127500 2567.6
1127510 2552.1
1127520 2540.3
1127530 2540.3
1127540 2533.1
1127550 2526.8
1127560 2526.8
1127570 2519.2
1127580 2511.2
1127590 2511.2
1127600 2504.1
1127610 2496.8
1127620 2496.8
1127630 2489.9
1127640 2486.0
1127650 2486.0
1127660 2480.6
1127670 2474.0
1127680 2474.0
1127690 2467.4
1127700 2460.8
1127710 2460.8
1127720 2454.8
1127730 2449.0
1127740 2443.3
1127750 2443.3
1127760 2437.8
1127770 2433.3
1127780 2433.3
1127790 2429.5
1127800 2424.9
1127810 2424.9
1127820 2420.2
1127830 2422.8
1127840 2422.8
1127850 2420.3
1127860 2418.3
1127870 2418.3
1127880 2414.7
1127890 2410.8
1127900 2410.8
1127910 2407.7
1127920 2403.9
1127930 2403.9
1127940 2399.6
1127950 2394.8
1127960 2393.0
1127970 2393.0
1127980 2389.4
1127990 2385.9
1128000 2385.9
1128010 2384.0
1128020 2382.6
1128030 2382.6
1128040 2380.6
1128050 2378.7
1128060 2378.7
1128070 2378.1
1128080 2377.3
1128090 2377.3
1128100 2377.2
1128110 2377.4
1128120 2377.4
1128130 2379.1
1128140 2382.2
1128150 2382.2
1128160 2385.6
1128170 2388.6
1128180 2388.6
1128190 2396.7
1128200 2401.6
1128210 2406.9
1128220 2406.9
1128230 2414.1
1128240 2415.5
1128250 2415.5
1128260 2417.6
1128270 2423.8
1128280 2423.8
1128290 2429.3
1128300 2432.8
1128310 2432.8
1128320 2434.6
1128330 2435.2
1128340 2435.2
1128350 2435.2
1128360 2437.5
1128370 2437.5
1128380 2441.4
1128390 2435.7
1128400 2435.7
1128410 2427.7
1128420 2425.7
1128430 2425.7
1128440 2423.2
1128450 2417.2
1128460 2416.6
1128470 2416.6
1128480 2414.4
1128490 2408.3
1128500 2408.3
1128510 2405.2
1128520 2398.7
1128530 2398.7
1128540 2387.7
1128550 2387.1
1128560 2387.1
1128570 2389.0
1128580 2388.3
1128590 2388.3
1128600 2388.0
1128610 2389.1
1128620 2389.1
1128630 2391.2
1128640 2392.6
1128650 2392.6
1128660 2391.9
1128670 2392.5
1128680 2392.5
1128690 2390.3
1128700 2392.9
1128710 2398.2
1128720 2398.2
1128730 2395.6
1128740 2393.5
1128750 2393.5
1128760 2390.6
1128770 2386.7
1128780 2386.7
1128790 2384.3
1128800 2381.8
1128810 2381.8
1128820 2379.9
1128830 2378.9
1128840 2378.9
1128850 2378.1
1128860 2377.8
1128870 2377.8
1128880 2377.1
1128890 2375.5
1128900 2367.5
1128910 2366.4
1128920 2366.5
1128930 2366.5
1128940 2369.5
1128950 2383.5
1128960 2392.6
1128970 2392.6
1128980 2391.4
1128990 2380.9
1129000 2380.9
1129010 2380.2
1129020 2399.4
1129030 2399.4
1129040 2426.6
1129050 2441.7
1129060 2441.7
1129070 2456.2
1129080 2463.1
1129090 2463.1
1129100 2463.1
1129110 2463.0
1129120 2463.0
1129130 2462.6
1129140 2468.9
1129150 2468.9
1129160 2481.9
1129170 2484.9
1129180 2486.5
1129190 2486.5
1129200 2489.0
1129210 2491.6
1129220 2491.6
1129230 2493.7
1129240 2493.3
1129250 2493.3
1129260 2496.3
1129270 2496.0
1129280 2496.0
1129290 2494.0
1129300 2493.0
1129310 2493.0
1129320 2491.9
1129330 2490.5
1129340 2490.5
1129350 2491.2
1129360 2491.8
1129370 2491.8
1129380 2491.2
1129390 2490.9
1129400 2490.9
1129410 2492.0
1129420 2492.7
1129430 2493.1
1129440 2493.1
1129450 2493.6
1129460 2493.9
1129470 2493.9
1129480 2494.6
1129490 2495.2
1129500 2495.2
1129510 2495.8
1129520 2497.3
1129530 2497.3
1129540 2499.6
1129550 2501.8
1129560 2501.8
1129570 2503.5
1129580 2503.5
1129590 2503.5
1129600 2504.1
1129610 2504.7
1129620 2507.4
1129630 2508.3
1129640 2509.4
1129650 2509.4
1129660 2510.5
1129670 2512.4
1129680 2509.0
1129690 2509.0
1129700 2489.5
1129710 2480.7
1129720 2480.7
1129730 2472.4
1129740 2465.5
1129750 2465.5
1129760 2457.1
1129770 2449.4
1129780 2449.4
1129790 2441.9
1129800 2430.9
1129810 2430.9
1129820 2422.5
1129830 2393.5
1129840 2393.5
1129850 2357.0
1129860 2331.1
1129870 2331.1
1129880 2321.7
1129890 2309.0
1129900 2309.0
1129910 2295.2
1129920 2288.3
1129930 2281.3
1129940 2281.3
1129950 2274.7
1129960 2265.7
1129970 2262.9
1129980 2253.7
1129990 2244.1
1130000 2244.1
1130010 2226.9
1130020 2187.2
1130030 2187.2
1130040 2157.7
1130050 2144.2
1130060 2144.2
1130070 2136.2
1130080 2128.2
1130090 2128.2
1130100 2120.8
1130110 2114.7
1130120 2114.7
1130130 2109.2
1130140 2105.9
1130150 2105.9
1130160 2101.7
1130170 2096.5
1130180 2091.1
1130190 2091.1
1130200 2085.5
1130210 2079.9
1130220 2079.9
1130230 2074.4
1130240 2069.3
1130250 2069.3
1130260 2064.6
1130270 2060.3
1130280 2060.3
1130290 2056.3
1130300 2051.8
1130310 2051.8
1130320 2047.1
1130330 2044.1
1130340 2044.1
1130350 2039.1
1130360 2034.6
1130370 2034.6
1130380 2030.6
1130390 2026.5
1130400 2022.6
1130410 2022.6
1130420 2018.9
1130430 2014.9
1130440 2014.9
1130450 2011.4
1130460 2009.9
1130470 2009.9
1130480 2009.6
1130490 2009.9
1130500 2009.9
1130510 2009.7
1130520 2008.4
1130530 2008.4
1130540 2005.1
1130550 2001.3
1130560 2001.3
1130570 1997.6
1130580 1993.6
1130590 1993.6
1130600 1989.6
1130610 1986.0
1130620 1986.0
1130630 1981.5
1130640 1975.8
1130650 1968.7
1130660 1968.7
1130670 1962.5
1130680 1957.9
1130690 1963.2
1130700 1958.7
1130710 1953.7
1130720 1953.7
1130730 1948.6
1130740 1943.4
1130750 1943.4
1130760 1938.2
1130770 1932.0
1130780 1932.0
1130790 1925.2
1130800 1917.8
1130810 1917.8
1130820 1911.7
1130830 1906.7
1130840 1906.7
1130850 1903.1
1130860 1898.2
1130870 1898.2
1130880 1893.7
1130890 1889.1
1130900 1883.9
1130910 1883.9
1130920 1879.2
1130930 1874.1
1130940 1874.1
1130950 1869.4
1130960 1865.4
1130970 1865.4
1130980 1860.6
1130990 1856.2
1131000 1856.2
1131010 1849.5
1131020 1842.2
1131030 1842.2
1131040 1835.9
1131050 1832.3
1131060 1832.3
1131070 1826.4
1131080 1819.8
1131090 1819.8
1131100 1814.3
1131110 1809.7
1131120 1809.7
1131130 1805.1
1131140 1800.1
1131150 1795.3
1131160 1795.3
1131170 1791.0
1131180 1787.2
1131190 1787.2
1131200 1782.6
1131210 1779.2
1131220 1779.2
1131230 1775.4
1131240 1771.3
1131250 1771.3
1131260 1767.9
1131270 1764.2
1131280 1764.2
1131290 1761.1
1131300 1757.0
1131310 1757.0
1131320 1752.7
1131330 1748.7
1131340 1748.7
1131350 1746.4
1131360 1744.7
1131370 1744.7
1131380 1743.2
1131390 1741.8
1131400 1739.5
1131410 1739.8
1131420 1737.5
1131430 1735.4
1131440 1735.4
1131450 1732.4
1131460 1730.1
1131470 1730.1
1131480 1729.6
1131490 1727.8
1131500 1727.8
1131510 1723.9
1131520 1722.2
1131530 1722.2
1131540 1722.6
1131550 1723.7
1131560 1723.7
1131570 1724.4
1131580 1725.2
1131590 1725.2
1131600 1726.0
1131610 1726.9
1131620 1728.0
1131630 1728.0
1131640 1729.2
1131650 1730.4
1131660 1730.4
1131670 1731.7
1131680 1732.8
1131690 1732.8
1131700 1733.9
1131710 1735.3
1131720 1735.3
1131730 1737.0
1131740 1738.6
1131750 1738.6
1131760 1740.0
1131770 1742.4
1131780 1742.4
1131790 1744.0
1131800 1745.8
1131810 1745.8
1131820 1747.7
1131830 1749.6
1131840 1749.6
1131850 1751.6
1131860 1753.5
1131870 1755.8
1131880 1755.8
1131890 1758.1
1131900 1760.4
1131910 1760.4
1131920 1763.3
1131930 1765.5
1131940 1765.5
1131950 1767.6
1131960 1769.9
1131970 1769.9
1131980 1772.4
1131990 1774.8
1132000 1774.8
1132010 1777.9
1132020 1781.9
1132030 1781.9
1132040 1785.6
1132050 1790.7
1132060 1790.7
1132070 1798.5
1132080 1808.1
1132090 1808.1
1132100 1818.8
1132110 1828.2
1132120 1834.4
1132130 1833.7
1132140 1837.8
1132150 1844.2
1132160 1844.2
1132170 1849.7
1132180 1856.2
1132190 1856.2
1132200 1861.9
1132210 1866.4
1132220 1866.4
1132230 1869.4
1132240 1872.3
1132250 1872.3
1132260 1878.5
1132270 1888.0
1132280 1888.0
1132290 1894.7
1132300 1898.8
1132310 1898.8
1132320 1901.8
1132330 1906.1
1132340 1906.1
1132350 1910.7
1132360 1915.3
1132370 1920.1
1132380 1920.1
1132390 1925.1
1132400 1931.4
1132410 1931.4
1132420 1936.8
1132430 1940.1
1132440 1940.1
1132450 1941.7
1132460 1943.7
1132470 1943.7
1132480 1946.8
1132490 1950.0
1132500 1950.0
1132510 1954.9
1132520 1960.1
1132530 1960.1
1132540 1965.2
1132550 1970.2
1132560 1970.2
1132570 1975.3
1132580 1980.3
1132590 1980.3
1132600 1985.5
1132610 1990.7
1132620 1996.2
1132630 1996.2
1132640 2002.1
1132650 2009.1
1132660 2009.1
1132670 2016.4
1132680 2021.8
1132690 2021.8
1132700 2026.3
1132710 2031.2
1132720 2031.2
1132730 2037.1
1132740 2043.1
1132750 2043.1
1132760 2049.1
1132770 2056.5
1132780 2056.5
1132790 2064.6
1132800 2071.6
1132810 2071.6
1132820 2076.6
1132830 2081.0
1132840 2085.0
1132850 2083.2
1132860 2086.7
1132870 2089.2
1132880 2089.2
1132890 2092.1
1132900 2093.9
1132910 2093.9
1132920 2092.5
1132930 2094.9
1132940 2094.9
1132950 2100.4
1132960 2107.6
1132970 2107.6
1132980 2112.5
1132990 2114.6
1133000 2114.6
1133010 2119.7
1133020 2126.3
1133030 2126.3
1133040 2127.6
1133050 2128.5
1133060 2128.5
1133070 2130.7
1133080 2132.8
1133090 2135.0
1133100 2135.0
1133110 2137.6
1133120 2140.3
1133130 2140.3
1133140 2143.0
1133150 2144.9
1133160 2144.9
1133170 2146.0
1133180 2146.6
1133190 2146.6
1133200 2148.2
1133210 2147.1
1133220 2147.1
1133230 2150.8
1133240 2153.5
1133250 2153.5
1133260 2154.5
1133270 2156.0
1133280 2156.0
1133290 2158.0
1133300 2160.1
1133310 2160.1
1133320 2162.5
1133330 2165.5
1133340 2170.5
1133350 2170.5
1133360 2175.8
1133370 2180.8
1133380 2180.8
1133390 2185.4
1133400 2190.1
1133410 2190.1
1133420 2195.5
1133430 2201.2
1133440 2201.2
1133450 2206.5
1133460 2210.4
1133470 2210.4
1133480 2211.9
1133490 2212.5
1133500 2212.5
1133510 2216.7
1133520 2220.6
1133530 2220.6
1133540 2222.2
1133550 2224.9
1133560 2224.9
1133570 2228.5
1133580 2232.4
1133590 2234.8
1133600 2234.8
1133610 2237.7
1133620 2241.6
1133630 2241.6
1133640 2245.0
1133650 2248.3
1133660 2248.3
1133670 2251.9
1133680 2256.1
1133690 2256.1
1133700 2260.1
1133710 2264.2
1133720 2264.2
1133730 2268.6
1133740 2272.9
1133750 2272.9
1133760 2278.7
1133770 2285.1
1133780 2285.1
1133790 2290.9
1133800 2295.9
1133810 2295.9
1133820 2300.8
1133830 2306.5
1133840 2312.5
1133850 2312.5
1133860 2319.4
1133870 2326.8
1133880 2326.8
1133890 2336.6
1133900 2349.1
1133910 2349.1
1133920 2360.8
1133930 2370.9
1133940 2370.1
1133950 2379.3
1133960 2388.0
1133970 2388.0
1133980 2396.1
1133990 2403.9
1134000 2403.9
1134010 2411.4
1134020 2418.5
1134030 2418.5
1134040 2425.3
1134050 2431.9
1134060 2438.7
1134070 2438.7
1134080 2445.5
1134090 2452.3
1134100 2452.3
1134110 2458.7
1134120 2465.1
1134130 2465.1
1134140 2471.4
1134150 2477.0
1134160 2477.0
1134170 2482.3
1134180 2486.5
1134190 2486.5
1134200 2484.4
1134210 2478.4
1134220 2478.4
1134230 2471.2
1134240 2462.5
1134250 2462.5
1134260 2452.7
1134270 2444.0
1134280 2444.0
1134290 2435.8
1134300 2427.1
1134310 2420.1
1134320 2420.1
1134330 2412.8
1134340 2405.5
1134350 2405.5
1134360 2398.9
1134370 2393.2
1134380 2393.2
1134390 2386.5
1134400 2379.7
1134410 2379.7
1134420 2373.2
1134430 2366.8
1134440 2366.8
1134450 2360.5
1134460 2354.0
1134470 2354.0
1134480 2347.4
1134490 2343.5
1134500 2343.5
1134510 2340.7
1134520 2336.3
1134530 2336.3
1134540 2332.2
1134550 2328.6
1134560 2324.3
1134570 2324.3
1134580 2321.0
1134590 2319.7
1134600 2319.7
1134610 2319.6
1134620 2321.6
1134630 2321.6
1134640 2323.6
1134650 2323.7
1134660 2327.2
1134670 2325.3
1134680 2321.8
1134690 2321.8
1134700 2317.9
1134710 2314.2
1134720 2314.2
1134730 2310.2
1134740 2306.8
1134750 2306.8
1134760 2303.9
1134770 2299.9
1134780 2299.9
1134790 2295.6
1134800 2292.8
1134810 2291.3
1134820 2291.3
1134830 2290.4
1134840 2288.7
1134850 2288.7
1134860 2286.2
1134870 2280.2
1134880 2280.2
1134890 2270.1
1134900 2260.1
1134910 2260.1
1134920 2248.5
1134930 2242.7
1134940 2242.7
1134950 2239.1
1134960 2237.5
1134970 2237.5
1134980 2237.2
1134990 2237.1
1135000 2237.1
1135010 2236.7
1135020 2234.3
1135030 2237.7
1135040 2234.1
1135050 2231.3
1135060 2228.2
1135070 2228.2
1135080 2225.6
1135090 2225.3
1135100 2225.3
1135110 2224.6
1135120 2222.8
1135130 2222.8
1135140 2219.7
1135150 2216.2
1135160 2216.2
1135170 2213.9
1135180 2210.9
1135190 2210.9
1135200 2211.3
1135210 2213.0
1135220 2213.0
1135230 2213.8
1135240 2214.7
1135250 2214.7
1135260 2218.3
1135270 2221.7
1135280 2222.1
1135290 2222.1
1135300 2224.4
1135310 2226.6
1135320 2226.6
1135330 2228.1
1135340 2228.8
1135350 2228.8
1135360 2228.7
1135370 2228.3
1135380 2228.3
1135390 2230.5
1135400 2230.9
1135410 2230.9
1135420 2231.7
1135430 2232.6
1135440 2232.6
1135450 2233.2
1135460 2233.1
1135470 2233.1
1135480 2234.7
1135490 2235.9
1135500 2235.9
1135510 2236.9
1135520 2237.3
1135530 2239.5
1135540 2239.5
1135550 2241.2
1135560 2242.4
1135570 2242.4
1135580 2244.4
1135590 2246.8
1135600 2246.8
1135610 2247.9
1135620 2249.4
1135630 2249.4
1135640 2252.2
1135650 2257.3
1135660 2257.3
1135670 2262.7
1135680 2265.2
1135690 2265.2
1135700 2269.6
1135710 2277.2
1135720 2277.2
1135730 2284.1
1135740 2289.2
1135750 2289.5
1135760 2293.2
1135770 2296.6
1135780 2301.4
1135790 2301.4
1135800 2306.8
1135810 2311.8
1135820 2311.8
1135830 2319.3
1135840 2327.0
1135850 2327.0
1135860 2332.5
1135870 2335.1
1135880 2335.1
1135890 2338.1
1135900 2341.7
1135910 2341.7
1135920 2345.5
1135930 2350.2
1135940 2350.2
1135950 2355.9
1135960 2361.1
1135970 2361.1
1135980 2365.7
1135990 2371.0
1136000 2371.0
1136010 2376.3
1136020 2381.7
1136030 2387.8
1136040 2387.8
1136050 2393.9
1136060 2400.2
1136070 2400.2
1136080 2406.7
1136090 2413.5
1136100 2413.5
1136110 2420.5
1136120 2429.1
1136130 2429.1
1136140 2436.5
1136150 2444.7
1136160 2444.7
1136170 2460.1
1136180 2473.0
1136190 2473.0
1136200 2486.2
1136210 2502.6
1136220 2502.6
1136230 2515.0
1136240 2531.8
1136250 2531.8
1136260 2552.3
1136270 2571.1
1136280 2588.5
1136290 2588.5
1136300 2603.1
1136310 2609.2
1136320 2609.2
1136330 2614.8
1136340 2622.8
1136350 2622.8
1136360 2638.2
1136370 2680.1
1136380 2680.1
1136390 2713.8
1136400 2733.2
1136410 2733.2
1136420 2739.4
1136430 2740.3
1136440 2740.3
1136450 2743.2
1136460 2744.2
1136470 2744.2
1136480 2732.9
1136490 2734.7
1136500 2726.5
1136510 2726.5
1136520 2727.2
1136530 2691.8
1136540 2691.8
1136550 2650.4
1136560 2638.7
1136570 2638.7
1136580 2624.9
1136590 2608.0
1136600 2608.0
1136610 2597.7
1136620 2585.9
1136630 2585.9
1136640 2576.5
1136650 2563.8
1136660 2563.8
1136670 2542.1
1136680 2514.9
1136690 2514.9
1136700 2501.0
1136710 2484.9
1136720 2484.9
1136730 2454.7
1136740 2423.2
1136750 2403.1
1136760 2403.1
1136770 2394.3
1136780 2386.2
1136790 2386.2
1136800 2378.5
1136810 2371.7
1136820 2371.7
1136830 2364.9
1136840 2358.1
1136850 2354.0
1136860 2347.2
1136870 2340.7
1136880 2340.7
1136890 2334.3
1136900 2328.2
1136910 2328.2
1136920 2322.1
1136930 2315.8
1136940 2315.8
1136950 2309.8
1136960 2303.3
1136970 2303.3
1136980 2297.3
1136990 2291.9
1137000 2286.4
1137010 2286.4
1137020 2281.0
1137030 2275.8
1137040 2275.8
1137050 2271.0
1137060 2266.3
1137070 2266.3
1137080 2261.8
1137090 2257.8
1137100 2257.8
1137110 2253.8
1137120 2250.4
1137130 2250.4
1137140 2247.4
1137150 2245.2
1137160 2245.2
1137170 2244.4
1137180 2243.8
1137190 2243.8
1137200 2241.7
1137210 2238.8
1137220 2232.9
1137230 2230.4
1137240 2228.1
1137250 2225.2
1137260 2225.2
1137270 2222.4
1137280 2221.2
1137290 2221.2
1137300 2221.1
1137310 2221.3
1137320 2221.3
1137330 2220.1
1137340 2217.5
1137350 2217.5
1137360 2213.4
1137370 2210.8
1137380 2210.8
1137390 2210.2
1137400 2208.9
1137410 2208.9
1137420 2207.1
1137430 2204.6
1137440 2204.6
1137450 2201.6
1137460 2198.1
1137470 2198.1
1137480 2194.8
1137490 2192.2
1137500 2189.9
1137510 2189.9
1137520 2188.1
1137530 2185.8
1137540 2185.8
1137550 2182.1
1137560 2175.5
1137570 2175.5
1137580 2167.0
1137590 2161.2
1137600 2161.2
1137610 2154.1
1137620 2146.5
1137630 2146.5
1137640 2142.4
1137650 2135.4
1137660 2135.4
1137670 2128.9
1137680 2126.6
1137690 2126.6
1137700 2124.2
1137710 2121.5
1137720 2118.8
1137730 2118.8
1137740 2116.1
1137750 2113.7
1137760 2113.7
1137770 2111.0
1137780 2107.7
1137790 2107.7
1137800 2104.7
1137810 2102.6
1137820 2102.6
1137830 2101.5
1137840 2099.0
1137850 2099.0
1137860 2094.6
1137870 2094.3
1137880 2094.3
1137890 2092.5
1137900 2088.6
1137910 2088.6
1137920 2083.8
1137930 2078.8
1137940 2078.8
1137950 2067.3
1137960 2065.9
1137970 2064.8
1137980 2064.8
1137990 2061.9
1138000 2057.8
1138010 2057.8
1138020 2055.6
1138030 2052.4
1138040 2052.4
1138050 2048.1
1138060 2043.8
1138070 2043.8
1138080 2037.9
1138090 2033.5
1138100 2033.5
1138110 2030.4
1138120 2024.1
1138130 2024.1
1138140 2018.4
1138150 2014.7
1138160 2014.7
1138170 2011.5
1138180 2008.4
1138190 2008.4
1138200 2004.9
1138210 2001.1
1138220 1998.4
1138230 1998.4
1138240 1996.9
1138250 1995.2
1138260 1995.2
1138270 1991.2
1138280 1984.9
1138290 1984.9
1138300 1977.3
1138310 1969.8
1138320 1969.8
1138330 1961.9
1138340 1959.9
1138350 1959.9
1138360 1959.6
1138370 1959.0
1138380 1959.0
1138390 1957.7
1138400 1955.2
1138410 1955.2
1138420 1953.6
1138430 1953.1
1138440 1953.1
1138450 1953.0
1138460 1951.0
1138470 1949.7
1138480 1949.7
1138490 1948.9
1138500 1947.5
1138510 1947.5
1138520 1946.0
1138530 1944.5
1138540 1944.5
1138550 1943.4
1138560 1943.3
1138570 1943.3
1138580 1943.0
1138590 1942.9
1138600 1942.9
1138610 1942.8
1138620 1943.2
1138630 1943.2
1138640 1942.2
1138650 1940.2
1138660 1940.2
1138670 1938.6
1138680 1930.0
1138690 1930.0
1138700 1928.8
1138710 1928.9
1138720 1929.2
1138730 1929.2
1138740 1929.5
1138750 1929.6
1138760 1929.6
1138770 1928.8
1138780 1928.0
1138790 1928.0
1138800 1927.5
1138810 1927.1
1138820 1927.1
1138830 1926.9
1138840 1927.0
1138850 1927.0
1138860 1925.8
1138870 1923.6
1138880 1923.6
1138890 1921.7
1138900 1920.3
1138910 1920.3
1138920 1919.1
1138930 1918.0
1138940 1917.1
1138950 1917.1
1138960 1916.1
1138970 1914.8
1138980 1914.8
1138990 1913.7
1139000 1912.1
1139010 1912.1
1139020 1910.5
1139030 1909.3
1139040 1909.3
1139050 1907.3
1139060 1905.9
1139070 1905.9
1139080 1905.0
1139090 1904.2
1139100 1904.2
1139110 1903.7
1139120 1902.4
1139130 1902.4
1139140 1900.5
1139150 1900.1
1139160 1900.1
1139170 1899.4
1139180 1898.9
1139190 1898.6
1139200 1898.6
1139210 1898.8
1139220 1899.5
1139230 1899.5
1139240 1899.8
1139250 1899.7
1139260 1899.7
1139270 1899.1
1139280 1898.6
1139290 1898.6
1139300 1898.3
1139310 1898.6
1139320 1898.6
1139330 1901.3
1139340 1901.5
1139350 1901.5
1139360 1898.6
1139370 1895.4
1139380 1895.4
1139390 1892.7
1139400 1890.9
1139410 1890.9
1139420 1887.6
1139430 1884.3
1139440 1881.4
1139450 1881.4
1139460 1879.7
1139470 1878.5
1139480 1878.5
1139490 1876.2
1139500 1877.5
1139510 1877.5
1139520 1877.6
1139530 1878.0
1139540 1878.0
1139550 1878.6
1139560 1879.3
1139570 1879.3
1139580 1879.9
1139590 1881.0
1139600 1881.0
1139610 1882.0
1139620 1881.7
1139630 1881.7
1139640 1881.2
1139650 1881.6
1139660 1881.6
1139670 1884.0
1139680 1885.9
1139690 1883.9
1139700 1883.9
1139710 1882.1
1139720 1882.9
1139730 1882.9
1139740 1883.5
1139750 1881.8
1139760 1881.8
1139770 1880.2
1139780 1879.1
1139790 1886.0
1139800 1885.5
1139810 1887.4
1139820 1887.4
1139830 1891.0
1139840 1890.9
1139850 1890.9
1139860 1889.8
1139870 1889.5
1139880 1889.5
1139890 1887.8
1139900 1887.3
1139910 1887.3
1139920 1886.9
1139930 1885.3
1139940 1884.1
1139950 1884.1
1139960 1882.0
1139970 1881.3
1139980 1881.3
1139990 1881.6
