1120000 1780.6
1120010 1777.6
1120020 1777.6
1120030 1776.6
1120040 1774.5
1120050 1774.5
1120060 1773.3
1120070 1771.0
1120080 1771.0
1120090 1768.4
1120100 1766.5
1120110 1766.5
1120120 1765.1
1120130 1761.7
1120140 1761.7
1120150 1757.5
1120160 1758.4
1120170 1758.4
1120180 1759.4
1120190 1757.1
1120200 1757.1
1120210 1754.6
1120220 1753.3
1120230 1753.3
1120240 1752.3
1120250 1751.6
1120260 1750.6
1120270 1750.6
1120280 1749.0
1120290 1748.3
1120300 1748.3
1120310 1748.6
1120320 1749.1
1120330 1749.1
1120340 1750.0
1120350 1751.2
1120360 1751.2
1120370 1752.3
1120380 1753.8
1120390 1753.8
1120400 1756.5
1120410 1759.3
1120420 1759.3
1120430 1762.5
1120440 1765.9
1120450 1765.9
1120460 1769.4
1120470 1772.7
1120480 1772.7
1120490 1775.8
1120500 1779.0
1120510 1782.1
1120520 1782.1
1120530 1784.9
1120540 1787.8
1120550 1787.8
1120560 1791.8
1120570 1795.4
1120580 1795.4
1120590 1798.7
1120600 1802.1
1120610 1802.1
1120620 1805.1
1120630 1806.7
1120640 1806.7
1120650 1807.7
1120660 1809.4
1120670 1809.4
1120680 1814.9
1120690 1819.6
1120700 1819.6
1120710 1822.2
1120720 1824.8
1120730 1824.8
1120740 1826.7
1120750 1824.5
1120760 1824.7
1120770 1824.7
1120780 1826.5
1120790 1828.6
1120800 1828.6
1120810 1828.8
1120820 1828.0
1120830 1828.0
1120840 1827.9
1120850 1830.5
1120860 1830.5
1120870 1833.9
1120880 1837.5
1120890 1837.5
1120900 1841.2
1120910 1846.9
1120920 1846.9
1120930 1853.2
1120940 1858.4
1120950 1858.4
1120960 1863.6
1120970 1869.1
1120980 1869.1
1120990 1874.1
1121000 1879.4
1121010 1884.6
1121020 1884.6
1121030 1889.7
1121040 1894.6
1121050 1894.6
1121060 1899.6
1121070 1904.6
1121080 1904.6
1121090 1909.0
1121100 1910.0
1121110 1910.0
1121120 1913.5
1121130 1917.2
1121140 1917.2
1121150 1920.7
1121160 1924.5
1121170 1924.5
1121180 1930.3
1121190 1936.6
1121200 1936.6
1121210 1943.3
1121220 1949.6
1121230 1949.6
1121240 1955.6
1121250 1961.3
1121260 1971.1
1121270 1971.1
1121280 1982.6
1121290 1992.5
1121300 1992.5
1121310 1997.6
1121320 2002.7
1121330 2002.7
1121340 2010.2
1121350 2017.2
1121360 2017.2
1121370 2021.5
1121380 2023.5
1121390 2023.5
1121400 2026.2
1121410 2031.3
1121420 2031.3
1121430 2038.0
1121440 2041.2
1121450 2036.3
1121460 2036.5
1121470 2040.1
1121480 2042.8
1121490 2042.8
1121500 2043.7
1121510 2045.8
1121520 2045.8
1121530 2046.8
1121540 2052.1
1121550 2052.1
1121560 2061.3
1121570 2067.5
1121580 2067.5
1121590 2071.3
1121600 2076.9
1121610 2076.9
1121620 2085.0
1121630 2088.7
1121640 2088.7
1121650 2090.3
1121660 2090.0
1121670 2090.0
1121680 2093.0
1121690 2094.2
1121700 2094.2
1121710 2095.6
1121720 2104.4
1121730 2111.2
1121740 2111.2
1121750 2112.4
1121760 2113.7
1121770 2113.7
1121780 2115.4
1121790 2119.0
1121800 2112.9
1121810 2118.4
1121820 2124.5
1121830 2124.5
1121840 2130.4
1121850 2140.7
1121860 2140.7
1121870 2148.3
1121880 2152.3
1121890 2152.3
1121900 2157.0
1121910 2162.6
1121920 2162.6
1121930 2169.3
1121940 2175.5
1121950 2175.5
1121960 2183.8
1121970 2189.9
1121980 2195.3
1121990 2195.3
1122000 2201.0
1122010 2204.1
1122020 2204.1
1122030 2203.8
1122040 2204.8
1122050 2204.8
1122060 2206.7
1122070 2209.7
1122080 2209.7
1122090 2213.9
1122100 2215.7
1122110 2215.7
1122120 2216.3
1122130 2216.8
1122140 2216.8
1122150 2216.7
1122160 2219.5
1122170 2219.5
1122180 2221.3
1122190 2221.4
1122200 2221.4
1122210 2219.4
1122220 2216.0
1122230 2212.5
1122240 2212.5
1122250 2209.6
1122260 2205.4
1122270 2205.4
1122280 2199.0
1122290 2183.8
1122300 2183.8
1122310 2174.0
1122320 2166.5
1122330 2166.5
1122340 2160.3
1122350 2155.9
1122360 2155.9
1122370 2152.5
1122380 2149.8
1122390 2149.8
1122400 2145.6
1122410 2141.4
1122420 2141.4
1122430 2131.4
1122440 2118.7
1122450 2118.7
1122460 2109.9
1122470 2107.0
1122480 2103.9
1122490 2103.9
1122500 2086.6
1122510 2077.4
1122520 2077.4
1122530 2072.6
1122540 2065.7
1122550 2065.7
1122560 2058.4
1122570 2048.6
1122580 2048.6
1122590 2032.9
1122600 2027.4
1122610 2027.4
1122620 2022.8
1122630 2014.2
1122640 2014.2
1122650 2011.3
1122660 2010.1
1122670 2010.1
1122680 2004.7
1122690 1998.8
1122700 1996.0
1122710 1996.0
1122720 1993.6
1122730 1988.5
1122740 1988.5
1122750 1983.9
1122760 1979.6
1122770 1979.6
1122780 1971.8
1122790 1969.0
1122800 1969.0
1122810 1971.2
1122820 1972.5
1122830 1972.5
1122840 1968.8
1122850 1952.4
1122860 1952.4
1122870 1942.3
1122880 1935.5
1122890 1935.5
1122900 1929.7
1122910 1923.6
1122920 1923.6
1122930 1916.2
1122940 1911.3
1122950 1908.4
1122960 1908.4
1122970 1903.9
1122980 1899.3
1122990 1899.3
1123000 1895.5
1123010 1892.0
1123020 1892.0
1123030 1889.7
1123040 1887.4
1123050 1887.4
1123060 1885.2
1123070 1883.0
1123080 1883.0
1123090 1880.8
1123100 1878.5
1123110 1878.5
1123120 1876.6
1123130 1874.3
1123140 1874.3
1123150 1872.8
1123160 1871.2
1123170 1871.2
1123180 1869.7
1123190 1868.9
1123200 1868.2
1123210 1865.6
1123220 1865.1
1123230 1864.6
1123240 1864.6
1123250 1863.8
1123260 1862.8
1123270 1862.8
1123280 1861.8
1123290 1861.0
1123300 1861.0
1123310 1860.8
1123320 1860.8
1123330 1860.8
1123340 1861.5
1123350 1862.8
1123360 1862.8
1123370 1864.4
1123380 1866.6
1123390 1866.6
1123400 1869.7
1123410 1873.4
1123420 1873.4
1123430 1876.1
1123440 1879.2
1123450 1882.8
1123460 1882.8
1123470 1887.4
1123480 1892.1
1123490 1892.1
1123500 1895.3
1123510 1898.4
1123520 1898.4
1123530 1903.2
1123540 1908.8
1123550 1908.8
1123560 1906.2
1123570 1911.1
1123580 1911.1
1123590 1916.8
1123600 1922.4
1123610 1922.4
1123620 1926.1
1123630 1929.2
1123640 1929.2
1123650 1933.1
1123660 1936.8
1123670 1936.8
1123680 1937.9
1123690 1940.6
1123700 1944.5
1123710 1944.5
1123720 1949.2
1123730 1953.9
1123740 1953.9
1123750 1960.1
1123760 1964.0
1123770 1964.0
1123780 1966.7
1123790 1969.1
1123800 1969.1
1123810 1972.7
1123820 1977.0
1123830 1977.0
1123840 1983.6
1123850 1989.6
1123860 1989.6
1123870 1997.5
1123880 2009.0
1123890 2009.0
1123900 2019.0
1123910 2027.0
1123920 2027.0
1123930 2030.0
1123940 2031.9
1123950 2034.6
1123960 2034.6
1123970 2035.9
1123980 2038.2
1123990 2038.2
1124000 2043.0
1124010 2048.2
1124020 2048.2
1124030 2052.4
1124040 2055.5
1124050 2055.5
1124060 2059.1
1124070 2063.0
1124080 2063.0
1124090 2066.5
1124100 2068.3
1124110 2068.3
1124120 2070.3
1124130 2072.1
1124140 2072.1
1124150 2073.0
1124160 2074.8
1124170 2074.7
1124180 2074.7
1124190 2077.5
1124200 2083.0
1124210 2083.0
1124220 2086.9
1124230 2089.2
1124240 2089.2
1124250 2090.2
1124260 2094.2
1124270 2094.2
1124280 2100.1
1124290 2105.1
1124300 2105.1
1124310 2108.4
1124320 2110.0
1124330 2110.0
1124340 2109.6
1124350 2109.4
1124360 2109.4
1124370 2110.4
1124380 2110.7
1124390 2110.7
1124400 2110.2
1124410 2110.2
1124420 2110.4
1124430 2110.4
1124440 2110.5
1124450 2111.6
1124460 2111.6
1124470 2114.6
1124480 2116.4
1124490 2116.4
1124500 2115.6
1124510 2115.4
1124520 2115.4
1124530 2116.2
1124540 2116.7
1124550 2116.7
1124560 2118.0
1124570 2119.1
1124580 2119.1
1124590 2118.8
1124600 2117.0
1124610 2117.0
1124620 2111.8
1124630 2109.5
1124640 2109.5
1124650 2107.0
1124660 2104.2
1124670 2101.8
1124680 2101.8
1124690 2099.3
1124700 2096.4
1124710 2096.4
1124720 2093.7
1124730 2091.6
1124740 2091.6
1124750 2091.3
1124760 2091.1
1124770 2091.1
1124780 2089.7
1124790 2087.3
1124800 2087.3
1124810 2084.9
1124820 2081.9
1124830 2081.9
1124840 2078.4
1124850 2075.3
1124860 2075.3
1124870 2073.1
1124880 2070.8
1124890 2070.8
1124900 2067.7
1124910 2063.7
1124920 2059.9
1124930 2059.9
1124940 2057.9
1124950 2056.5
1124960 2056.5
1124970 2056.7
1124980 2056.1
1124990 2056.1
1125000 2056.8
1125010 2058.4
1125020 2058.4
1125030 2060.5
1125040 2064.4
1125050 2064.4
1125060 2068.6
1125070 2072.5
1125080 2072.5
1125090 2075.7
1125100 2078.9
1125110 2078.9
1125120 2083.6
1125130 2087.5
1125140 2087.5
1125150 2090.8
1125160 2093.0
1125170 2095.5
1125180 2095.5
1125190 2097.3
1125200 2098.9
1125210 2098.9
1125220 2100.6
1125230 2103.0
1125240 2103.0
1125250 2106.1
1125260 2108.3
1125270 2108.3
1125280 2111.9
1125290 2116.9
1125300 2116.9
1125310 2119.9
1125320 2125.8
1125330 2125.8
1125340 2131.9
1125350 2138.7
1125360 2138.7
1125370 2144.4
1125380 2149.1
1125390 2154.0
1125400 2154.0
1125410 2158.4
1125420 2161.2
1125430 2161.2
1125440 2167.0
1125450 2173.5
1125460 2173.5
1125470 2178.8
1125480 2183.9
1125490 2183.9
1125500 2189.7
1125510 2195.6
1125520 2195.6
1125530 2201.1
1125540 2207.6
1125550 2207.6
1125560 2214.7
1125570 2221.1
1125580 2221.1
1125590 2226.1
1125600 2231.4
1125610 2231.4
1125620 2236.3
1125630 2239.3
1125640 2240.9
1125650 2240.9
1125660 2243.8
1125670 2247.0
1125680 2252.5
1125690 2255.8
1125700 2261.4
1125710 2261.4
1125720 2267.6
1125730 2274.0
1125740 2274.0
1125750 2283.1
1125760 2295.9
1125770 2295.9
1125780 2306.9
1125790 2321.5
1125800 2321.5
1125810 2340.4
1125820 2355.7
1125830 2355.7
1125840 2363.8
1125850 2371.2
1125860 2371.2
1125870 2378.9
1125880 2386.3
1125890 2393.9
1125900 2393.9
1125910 2401.5
1125920 2414.0
1125930 2414.0
1125940 2427.7
1125950 2442.3
1125960 2442.3
1125970 2473.7
1125980 2493.5
1125990 2493.5
1126000 2506.3
1126010 2507.5
1126020 2507.5
1126030 2479.0
1126040 2464.2
1126050 2464.2
1126060 2468.5
1126070 2491.5
1126080 2491.5
1126090 2504.0
1126100 2515.8
1126110 2515.8
1126120 2529.0
1126130 2554.1
1126140 2567.7
1126150 2567.7
1126160 2578.3
1126170 2588.6
1126180 2588.6
1126190 2602.7
1126200 2610.8
1126210 2610.8
1126220 2611.2
1126230 2596.4
1126240 2596.4
1126250 2576.9
1126260 2561.9
1126270 2561.9
1126280 2545.5
1126290 2536.5
1126300 2536.5
1126310 2533.7
1126320 2523.9
1126330 2523.9
1126340 2514.6
1126350 2517.2
1126360 2517.2
1126370 2518.4
1126380 2523.1
1126390 2537.7
1126400 2537.7
1126410 2547.2
1126420 2556.0
1126430 2556.0
1126440 2567.7
1126450 2581.3
1126460 2581.3
1126470 2581.0
1126480 2580.5
1126490 2580.5
1126500 2587.6
1126510 2593.5
1126520 2593.5
1126530 2602.8
1126540 2611.7
1126550 2611.7
1126560 2627.1
1126570 2633.8
1126580 2633.8
1126590 2637.7
1126600 2642.5
1126610 2642.5
1126620 2648.2
1126630 2663.6
1126640 2663.4
1126650 2663.4
1126660 2657.0
1126670 2650.5
1126680 2650.5
1126690 2644.0
1126700 2628.3
1126710 2628.3
1126720 2608.0
1126730 2594.8
1126740 2615.7
1126750 2600.6
1126760 2585.7
1126770 2585.7
1126780 2575.8
1126790 2565.4
1126800 2565.4
1126810 2561.9
1126820 2559.3
1126830 2559.3
1126840 2557.7
1126850 2554.9
1126860 2553.9
1126870 2553.9
1126880 2554.3
1126890 2555.5
1126900 2555.5
1126910 2558.5
1126920 2569.6
1126930 2569.6
1126940 2567.5
1126950 2564.4
1126960 2564.4
1126970 2559.7
1126980 2570.3
1126990 2570.3
1127000 2579.0
1127010 2584.3
1127020 2584.3
1127030 2587.4
1127040 2599.3
1127050 2599.3
1127060 2617.1
1127070 2624.0
1127080 2624.0
1127090 2639.2
1127100 2649.6
1127110 2669.0
1127120 2669.0
1127130 2683.4
1127140 2694.1
1127150 2694.1
1127160 2700.9
1127170 2706.2
1127180 2706.2
1127190 2712.8
1127200 2721.5
1127210 2721.5
1127220 2729.0
1127230 2736.8
1127240 2736.8
1127250 2747.0
1127260 2750.9
1127270 2750.9
1127280 2751.0
1127290 2748.8
1127300 2748.8
1127310 2744.9
1127320 2741.1
1127330 2741.1
1127340 2736.8
1127350 2727.3
1127360 2714.5
1127370 2714.5
1127380 2703.1
1127390 2689.5
1127400 2689.5
1127410 2677.8
1127420 2667.8
1127430 2667.8
1127440 2655.5
1127450 2642.7
1127460 2642.7
1127470 2631.5
1127480 2614.6
1127490 2614.6
1127500 2593.7
1127510 2576.8
1127520 2576.8
1127530 2564.0
1127540 2555.8
1127550 2555.8
1127560 2548.6
1127570 2542.8
1127580 2542.8
1127590 2533.6
1127600 2527.4
1127610 2521.1
1127620 2521.1
1127630 2513.3
1127640 2505.0
1127650 2505.0
1127660 2497.1
1127670 2488.4
1127680 2488.4
1127690 2478.3
1127700 2466.9
1127710 2466.9
1127720 2460.2
1127730 2456.7
1127740 2456.7
1127750 2453.2
1127760 2452.0
1127770 2452.0
1127780 2449.9
1127790 2447.2
1127800 2447.2
1127810 2450.5
1127820 2448.3
1127830 2448.3
1127840 2445.1
1127850 2441.9
1127860 2437.5
1127870 2437.5
1127880 2433.7
1127890 2429.0
1127900 2429.0
1127910 2424.9
1127920 2420.9
1127930 2420.9
1127940 2417.3
1127950 2413.7
1127960 2413.7
1127970 2409.8
1127980 2406.0
1127990 2406.0
1128000 2403.9
1128010 2402.6
1128020 2402.6
1128030 2399.9
1128040 2396.7
1128050 2396.7
1128060 2395.1
1128070 2395.1
1128080 2394.9
1128090 2394.9
1128100 2395.9
1128110 2399.0
1128120 2399.0
1128130 2403.5
1128140 2408.0
1128150 2408.0
1128160 2418.4
1128170 2422.5
1128180 2422.5
1128190 2424.8
1128200 2426.8
1128210 2426.8
1128220 2429.0
1128230 2431.0
1128240 2431.0
1128250 2434.2
1128260 2437.7
1128270 2437.7
1128280 2441.2
1128290 2440.7
1128300 2440.7
1128310 2432.3
1128320 2421.8
1128330 2412.5
1128340 2412.5
1128350 2405.8
1128360 2401.7
1128370 2401.7
1128380 2394.5
1128390 2390.5
1128400 2390.5
1128410 2387.6
1128420 2384.4
1128430 2384.4
1128440 2382.8
1128450 2388.0
1128460 2388.0
1128470 2384.0
1128480 2376.1
1128490 2376.1
1128500 2378.8
1128510 2375.9
1128520 2367.5
1128530 2363.4
1128540 2360.9
1128550 2360.9
1128560 2359.3
1128570 2358.6
1128580 2357.4
1128590 2357.4
1128600 2358.0
1128610 2360.1
1128620 2360.1
1128630 2361.2
1128640 2361.6
1128650 2361.6
1128660 2361.1
1128670 2359.8
1128680 2359.8
1128690 2359.1
1128700 2358.0
1128710 2358.0
1128720 2355.3
1128730 2356.7
1128740 2356.7
1128750 2359.3
1128760 2359.4
1128770 2359.4
1128780 2358.1
1128790 2356.3
1128800 2356.3
1128810 2354.3
1128820 2352.1
1128830 2350.2
1128840 2350.2
1128850 2349.3
1128860 2348.0
1128870 2348.0
1128880 2339.7
1128890 2338.7
1128900 2338.7
1128910 2336.8
1128920 2336.1
1128930 2336.1
1128940 2335.7
1128950 2335.7
1128960 2335.7
1128970 2338.4
1128980 2339.7
1128990 2339.7
1129000 2341.3
1129010 2340.3
1129020 2340.3
1129030 2340.4
1129040 2344.1
1129050 2344.1
1129060 2347.1
1129070 2354.7
1129080 2367.4
1129090 2367.4
1129100 2376.6
1129110 2370.0
1129120 2370.0
1129130 2362.9
1129140 2375.7
1129150 2375.7
1129160 2388.2
1129170 2410.0
1129180 2410.0
1129190 2418.7
1129200 2427.2
1129210 2427.2
1129220 2439.4
1129230 2445.1
1129240 2445.1
1129250 2462.0
1129260 2483.6
1129270 2483.6
1129280 2482.2
1129290 2475.6
1129300 2463.8
1129310 2463.8
1129320 2463.7
1129330 2472.2
1129340 2472.2
1129350 2489.3
1129360 2504.9
1129370 2504.9
1129380 2508.0
1129390 2507.5
1129400 2507.5
1129410 2507.1
1129420 2505.3
1129430 2505.3
1129440 2504.3
1129450 2504.6
1129460 2504.6
1129470 2505.5
1129480 2506.0
1129490 2506.0
1129500 2506.7
1129510 2508.2
1129520 2508.2
1129530 2510.2
1129540 2511.9
1129550 2513.6
1129560 2513.6
1129570 2514.9
1129580 2515.5
1129590 2519.7
1129600 2519.9
1129610 2520.1
1129620 2520.1
1129630 2520.6
1129640 2521.3
1129650 2521.3
1129660 2521.6
1129670 2522.4
1129680 2522.4
1129690 2523.5
1129700 2522.8
1129710 2522.8
1129720 2515.1
1129730 2488.1
1129740 2488.1
1129750 2473.4
1129760 2464.6
1129770 2464.6
1129780 2453.4
1129790 2441.7
1129800 2428.7
1129810 2428.7
1129820 2407.9
1129830 2340.9
1129840 2340.9
1129850 2310.1
1129860 2301.1
1129870 2301.1
1129880 2294.8
1129890 2287.7
1129900 2287.7
1129910 2282.7
1129920 2276.7
1129930 2276.7
1129940 2268.4
1129950 2257.4
1129960 2257.4
1129970 2248.1
1129980 2231.8
1129990 2231.8
1130000 2208.0
1130010 2196.4
1130020 2196.4
1130030 2186.0
1130040 2173.4
1130050 2156.5
1130060 2156.5
1130070 2146.4
1130080 2141.7
1130090 2141.7
1130100 2137.4
1130110 2131.1
1130120 2131.1
1130130 2124.4
1130140 2117.5
1130150 2117.5
1130160 2110.6
1130170 2103.7
1130180 2103.7
1130190 2097.7
1130200 2092.4
1130210 2092.4
1130220 2088.3
1130230 2083.5
1130240 2083.5
1130250 2078.1
1130260 2073.0
1130270 2073.0
1130280 2068.1
1130290 2063.2
1130300 2058.3
1130310 2060.4
1130320 2055.8
1130330 2051.5
1130340 2051.5
1130350 2047.8
1130360 2043.8
1130370 2043.8
1130380 2040.4
1130390 2037.9
1130400 2037.9
1130410 2036.4
1130420 2038.0
1130430 2038.0
1130440 2038.5
1130450 2038.2
1130460 2038.2
1130470 2038.4
1130480 2035.6
1130490 2035.6
1130500 2029.1
1130510 2022.7
1130520 2018.1
1130530 2018.1
1130540 2015.7
1130550 2012.4
1130560 2012.4
1130570 2008.2
1130580 2004.5
1130590 2004.5
1130600 2001.1
1130610 1996.4
1130620 1996.4
1130630 1991.8
1130640 1986.1
1130650 1986.1
1130660 1979.7
1130670 1978.1
1130680 1978.1
1130690 1977.0
1130700 1975.8
1130710 1975.8
1130720 1974.5
1130730 1970.9
1130740 1970.9
1130750 1965.9
1130760 1958.4
1130770 1948.2
1130780 1948.2
1130790 1940.6
1130800 1933.7
1130810 1933.7
1130820 1927.4
1130830 1921.1
1130840 1921.1
1130850 1915.6
1130860 1910.1
1130870 1910.1
1130880 1903.2
1130890 1897.1
1130900 1897.1
1130910 1891.7
1130920 1887.4
1130930 1887.4
1130940 1881.6
1130950 1876.1
1130960 1876.1
1130970 1872.4
1130980 1869.3
1130990 1869.3
1131000 1865.3
1131010 1860.9
1131020 1855.1
1131030 1859.5
1131040 1853.1
1131050 1846.6
1131060 1846.6
1131070 1838.7
1131080 1831.0
1131090 1831.0
1131100 1823.1
1131110 1816.6
1131120 1816.6
1131130 1810.9
1131140 1805.5
1131150 1805.5
1131160 1800.4
1131170 1795.2
1131180 1795.2
1131190 1788.7
1131200 1782.9
1131210 1782.9
1131220 1781.2
1131230 1776.3
1131240 1776.3
1131250 1771.1
1131260 1766.5
1131270 1763.0
1131280 1763.0
1131290 1760.3
1131300 1757.6
1131310 1757.6
1131320 1754.3
1131330 1751.2
1131340 1751.2
1131350 1748.5
1131360 1745.9
1131370 1745.9
1131380 1744.3
1131390 1742.4
1131400 1742.4
1131410 1740.3
1131420 1738.5
1131430 1738.5
1131440 1737.1
1131450 1735.9
1131460 1735.9
1131470 1733.3
1131480 1732.6
1131490 1732.6
1131500 1732.3
1131510 1731.4
1131520 1730.6
1131530 1730.6
1131540 1726.8
1131550 1726.8
1131560 1726.8
1131570 1730.0
1131580 1730.4
1131590 1730.4
1131600 1729.8
1131610 1729.2
1131620 1729.2
1131630 1729.4
1131640 1730.4
1131650 1730.4
1131660 1731.4
1131670 1732.4
1131680 1732.4
1131690 1733.4
1131700 1734.7
1131710 1734.7
1131720 1737.3
1131730 1739.7
1131740 1740.0
1131750 1741.6
1131760 1743.1
1131770 1744.8
1131780 1744.8
1131790 1746.7
1131800 1748.5
1131810 1748.5
1131820 1750.0
1131830 1751.8
1131840 1751.8
1131850 1755.0
1131860 1757.4
1131870 1757.4
1131880 1759.8
1131890 1762.3
1131900 1762.3
1131910 1764.7
1131920 1767.2
1131930 1767.2
1131940 1769.6
1131950 1771.8
1131960 1771.8
1131970 1774.0
1131980 1776.6
1131990 1779.3
1132000 1779.3
1132010 1782.0
1132020 1785.5
1132030 1785.5
1132040 1788.2
1132050 1792.0
1132060 1792.0
1132070 1796.7
1132080 1801.4
1132090 1801.4
1132100 1806.8
1132110 1813.4
1132120 1813.4
1132130 1820.7
1132140 1826.8
1132150 1826.8
1132160 1831.7
1132170 1835.1
1132180 1835.1
1132190 1838.9
1132200 1844.5
1132210 1844.5
1132220 1850.9
1132230 1857.0
1132240 1861.5
1132250 1861.5
1132260 1866.4
1132270 1871.0
1132280 1871.0
1132290 1875.4
1132300 1880.3
1132310 1880.3
1132320 1886.6
1132330 1893.4
1132340 1893.4
1132350 1899.3
1132360 1905.6
1132370 1905.6
1132380 1911.8
1132390 1917.9
1132400 1917.9
1132410 1924.9
1132420 1930.2
1132430 1930.2
1132440 1934.4
1132450 1937.1
1132460 1937.1
1132470 1935.1
1132480 1940.0
1132490 1946.4
1132500 1946.4
1132510 1952.3
1132520 1958.1
1132530 1958.1
1132540 1963.7
1132550 1970.0
1132560 1970.0
1132570 1976.0
1132580 1981.5
1132590 1981.5
1132600 1986.8
1132610 1993.0
1132620 1993.0
1132630 1998.2
1132640 2003.2
1132650 2003.2
1132660 2007.4
1132670 2011.6
1132680 2011.6
1132690 2015.7
1132700 2019.8
1132710 2019.8
1132720 2023.8
1132730 2027.8
1132740 2031.0
1132750 2031.0
1132760 2033.7
1132770 2037.0
1132780 2037.0
1132790 2040.8
1132800 2044.6
1132810 2044.6
1132820 2048.5
1132830 2047.9
1132840 2047.9
1132850 2052.2
1132860 2057.6
1132870 2057.6
1132880 2062.7
1132890 2069.5
1132900 2069.5
1132910 2071.2
1132920 2075.7
1132930 2075.7
1132940 2082.8
1132950 2086.2
1132960 2086.2
1132970 2090.4
1132980 2095.7
1132990 2101.5
1133000 2101.5
1133010 2108.4
1133020 2116.0
1133030 2116.0
1133040 2122.2
1133050 2126.6
1133060 2126.6
1133070 2130.5
1133080 2134.3
1133090 2134.3
1133100 2136.8
1133110 2138.0
1133120 2138.0
1133130 2138.3
1133140 2138.5
1133150 2138.5
1133160 2139.4
1133170 2140.3
1133180 2140.3
1133190 2139.5
1133200 2140.8
1133210 2141.5
1133220 2141.5
1133230 2141.7
1133240 2142.5
1133250 2142.5
1133260 2143.7
1133270 2145.7
1133280 2145.7
1133290 2148.3
1133300 2151.2
1133310 2151.2
1133320 2155.2
1133330 2160.2
1133340 2160.2
1133350 2165.8
1133360 2171.8
1133370 2171.8
1133380 2178.0
1133390 2183.7
1133400 2183.7
1133410 2188.7
1133420 2193.6
1133430 2193.6
1133440 2198.6
1133450 2204.0
1133460 2209.7
1133470 2209.7
1133480 2215.5
1133490 2221.1
1133500 2221.1
1133510 2226.2
1133520 2230.8
1133530 2230.8
1133540 2234.4
1133550 2239.1
1133560 2239.1
1133570 2242.8
1133580 2246.5
1133590 2246.5
1133600 2247.4
1133610 2243.1
1133620 2243.1
1133630 2241.1
1133640 2242.8
1133650 2242.8
1133660 2245.3
1133670 2248.8
1133680 2248.8
1133690 2252.5
1133700 2256.4
1133710 2260.4
1133720 2260.4
1133730 2265.0
1133740 2270.1
1133750 2270.1
1133760 2275.2
1133770 2280.1
1133780 2280.1
1133790 2285.1
1133800 2290.8
1133810 2290.8
1133820 2296.7
1133830 2303.4
1133840 2303.4
1133850 2312.3
1133860 2320.5
1133870 2320.5
1133880 2328.1
1133890 2335.2
1133900 2335.2
1133910 2341.0
1133920 2348.7
1133930 2348.7
1133940 2357.4
1133950 2366.4
1133960 2375.6
1133970 2375.6
1133980 2385.0
1133990 2394.2
1134000 2394.2
1134010 2403.3
1134020 2411.4
1134030 2411.4
1134040 2418.6
1134050 2425.4
1134060 2425.4
1134070 2432.3
1134080 2439.2
1134090 2439.2
1134100 2446.1
1134110 2452.7
1134120 2452.7
1134130 2458.9
1134140 2465.0
1134150 2465.0
1134160 2471.2
1134170 2477.1
1134180 2482.1
1134190 2482.1
1134200 2483.9
1134210 2476.2
1134220 2476.2
1134230 2468.4
1134240 2459.4
1134250 2459.4
1134260 2450.8
1134270 2443.8
1134280 2444.6
1134290 2436.6
1134300 2429.3
1134310 2429.3
1134320 2422.2
1134330 2414.5
1134340 2414.5
1134350 2408.9
1134360 2404.3
1134370 2404.3
1134380 2399.5
1134390 2393.2
1134400 2393.2
1134410 2385.6
1134420 2377.5
1134430 2371.3
1134440 2371.3
1134450 2366.1
1134460 2361.6
1134470 2361.6
1134480 2358.1
1134490 2352.4
1134500 2352.4
1134510 2345.5
1134520 2342.0
1134530 2342.0
1134540 2339.9
1134550 2337.7
1134560 2337.7
1134570 2335.2
1134580 2332.9
1134590 2332.9
1134600 2333.1
1134610 2334.8
1134620 2334.8
1134630 2337.6
1134640 2341.9
1134650 2341.9
1134660 2342.2
1134670 2341.2
1134680 2338.1
1134690 2338.1
1134700 2334.5
1134710 2331.8
1134720 2331.8
1134730 2329.9
1134740 2326.9
1134750 2326.9
1134760 2323.5
1134770 2319.9
1134780 2319.9
1134790 2317.4
1134800 2316.0
1134810 2316.0
1134820 2312.6
1134830 2307.5
1134840 2307.5
1134850 2302.6
1134860 2299.1
1134870 2299.1
1134880 2295.1
1134890 2290.8
1134900 2290.8
1134910 2286.1
1134920 2281.6
1134930 2271.5
1134940 2271.5
1134950 2263.0
1134960 2254.8
1134970 2254.8
1134980 2252.3
1134990 2251.3
1135000 2253.6
1135010 2251.9
1135020 2250.8
1135030 2250.8
1135040 2249.0
1135050 2245.2
1135060 2245.2
1135070 2241.4
1135080 2236.8
1135090 2236.8
1135100 2232.1
1135110 2228.5
1135120 2228.5
1135130 2227.2
1135140 2225.7
1135150 2225.7
1135160 2224.4
1135170 2223.5
1135180 2220.8
1135190 2220.8
1135200 2219.2
1135210 2219.3
1135220 2219.3
1135230 2219.4
1135240 2219.4
1135250 2219.4
1135260 2218.7
1135270 2216.4
1135280 2216.4
1135290 2215.2
1135300 2220.1
1135310 2220.1
1135320 2224.2
1135330 2228.6
1135340 2228.6
1135350 2233.1
1135360 2235.6
1135370 2231.7
1135380 2234.7
1135390 2236.0
1135400 2235.3
1135410 2235.3
1135420 2235.6
1135430 2238.0
1135440 2238.0
1135450 2239.8
1135460 2240.8
1135470 2240.8
1135480 2241.8
1135490 2242.3
1135500 2242.3
1135510 2242.6
1135520 2243.6
1135530 2243.6
1135540 2245.4
1135550 2247.0
1135560 2247.0
1135570 2248.9
1135580 2250.7
1135590 2250.7
1135600 2252.5
1135610 2254.2
1135620 2254.2
1135630 2256.0
1135640 2258.3
1135650 2261.0
1135660 2261.0
1135670 2264.5
1135680 2269.5
1135690 2269.5
1135700 2272.3
1135710 2276.9
1135720 2276.9
1135730 2283.1
1135740 2289.8
1135750 2289.8
1135760 2293.3
1135770 2298.4
1135780 2298.4
1135790 2305.1
1135800 2310.2
1135810 2310.2
1135820 2316.6
1135830 2322.2
1135840 2322.2
1135850 2326.4
1135860 2330.4
1135870 2330.4
1135880 2333.8
1135890 2337.4
1135900 2341.5
1135910 2341.5
1135920 2345.9
1135930 2350.1
1135940 2350.1
1135950 2354.8
1135960 2359.7
1135970 2359.7
1135980 2365.1
1135990 2371.0
1136000 2371.0
1136010 2377.1
1136020 2383.3
1136030 2383.3
1136040 2389.4
1136050 2395.9
1136060 2395.9
1136070 2402.2
1136080 2408.7
1136090 2409.4
1136100 2415.9
1136110 2422.7
1136120 2422.7
1136130 2429.5
1136140 2436.4
1136150 2443.7
1136160 2443.7
1136170 2451.1
1136180 2458.6
1136190 2458.6
1136200 2466.5
1136210 2476.8
1136220 2476.8
1136230 2492.1
1136240 2501.9
1136250 2501.9
1136260 2512.1
1136270 2528.5
1136280 2528.5
1136290 2545.7
1136300 2559.0
1136310 2559.0
1136320 2577.5
1136330 2600.5
1136340 2600.5
1136350 2632.5
1136360 2644.9
1136370 2644.9
1136380 2653.8
1136390 2657.8
1136400 2655.7
1136410 2655.7
1136420 2650.4
1136430 2642.4
1136440 2642.4
1136450 2628.4
1136460 2541.1
1136470 2541.1
1136480 2541.1
1136490 2534.3
1136500 2534.3
1136510 2524.4
1136520 2514.1
1136530 2514.1
1136540 2501.8
1136550 2492.9
1136560 2492.9
1136570 2481.0
1136580 2472.2
1136590 2472.2
1136600 2468.0
1136610 2458.4
1136620 2452.2
1136630 2452.2
1136640 2444.9
1136650 2439.8
1136660 2439.8
1136670 2435.8
1136680 2431.6
1136690 2431.6
1136700 2425.9
1136710 2418.8
1136720 2418.8
1136730 2411.1
1136740 2402.4
1136750 2402.4
1136760 2391.9
1136770 2383.6
1136780 2383.6
1136790 2374.5
1136800 2365.5
1136810 2365.5
1136820 2355.0
1136830 2347.0
1136840 2347.0
1136850 2340.1
1136860 2333.4
1136870 2327.4
1136880 2327.4
1136890 2321.8
1136900 2316.0
1136910 2316.0
1136920 2310.1
1136930 2304.6
1136940 2304.6
1136950 2298.9
1136960 2293.0
1136970 2293.0
1136980 2287.6
1136990 2281.9
1137000 2281.9
1137010 2275.6
1137020 2270.0
1137030 2270.0
1137040 2264.6
1137050 2259.9
1137060 2259.9
1137070 2255.4
1137080 2251.6
1137090 2251.6
1137100 2248.6
1137110 2246.4
1137120 2244.6
1137130 2244.6
1137140 2241.9
1137150 2238.5
1137160 2238.5
1137170 2236.5
1137180 2235.2
1137190 2233.2
1137200 2231.6
1137210 2229.7
1137220 2229.7
1137230 2227.3
1137240 2224.3
1137250 2224.3
1137260 2221.2
1137270 2218.3
1137280 2218.3
1137290 2215.0
1137300 2211.8
1137310 2211.8
1137320 2210.3
1137330 2208.9
1137340 2208.9
1137350 2207.7
1137360 2207.0
1137370 2206.2
1137380 2206.2
1137390 2204.7
1137400 2202.6
1137410 2202.6
1137420 2200.3
1137430 2197.6
1137440 2197.6
1137450 2195.3
1137460 2192.2
1137470 2192.2
1137480 2188.6
1137490 2184.6
1137500 2184.6
1137510 2179.0
1137520 2170.1
1137530 2170.1
1137540 2162.6
1137550 2156.5
1137560 2152.7
1137570 2146.3
1137580 2140.4
1137590 2140.4
1137600 2133.7
1137610 2128.7
1137620 2125.0
1137630 2125.0
1137640 2121.2
1137650 2117.0
1137660 2117.0
1137670 2113.0
1137680 2109.2
1137690 2109.2
1137700 2105.2
1137710 2101.7
1137720 2101.7
1137730 2099.3
1137740 2096.7
1137750 2096.7
1137760 2094.3
1137770 2092.2
1137780 2092.2
1137790 2088.3
1137800 2085.0
1137810 2085.0
1137820 2081.6
1137830 2078.6
1137840 2075.3
1137850 2075.3
1137860 2071.8
1137870 2069.4
1137880 2069.4
1137890 2067.5
1137900 2064.2
1137910 2064.2
1137920 2056.5
1137930 2052.9
1137940 2052.9
1137950 2049.1
1137960 2046.1
1137970 2046.1
1137980 2043.8
1137990 2040.5
1138000 2040.5
1138010 2037.6
1138020 2036.0
1138030 2036.0
1138040 2034.1
1138050 2030.9
1138060 2030.9
1138070 2026.7
1138080 2021.7
1138090 2013.8
1138100 2013.8
1138110 2005.1
1138120 1998.8
1138130 1998.8
1138140 1996.4
1138150 1993.1
1138160 1993.1
1138170 1988.0
1138180 1982.9
1138190 1982.9
1138200 1981.3
1138210 1980.2
1138220 1980.2
1138230 1976.8
1138240 1973.9
1138250 1973.9
1138260 1970.1
1138270 1966.6
1138280 1966.6
1138290 1961.3
1138300 1958.7
1138310 1958.7
1138320 1956.6
1138330 1954.6
1138340 1953.0
1138350 1953.0
1138360 1951.4
1138370 1949.8
1138380 1949.8
1138390 1948.4
1138400 1946.8
1138410 1946.8
1138420 1945.0
1138430 1943.1
1138440 1943.1
1138450 1941.6
1138460 1940.0
1138470 1940.0
1138480 1938.6
1138490 1937.3
1138500 1937.3
1138510 1936.1
1138520 1935.2
1138530 1935.2
1138540 1934.2
1138550 1932.7
1138560 1932.7
1138570 1931.1
1138580 1929.6
1138590 1928.1
1138600 1928.1
1138610 1926.3
1138620 1925.3
1138630 1925.3
1138640 1924.8
1138650 1924.1
1138660 1924.5
1138670 1923.5
1138680 1922.3
1138690 1922.3
1138700 1921.5
1138710 1920.8
1138720 1920.8
1138730 1920.0
1138740 1919.0
1138750 1919.0
1138760 1918.5
1138770 1918.1
1138780 1918.1
1138790 1917.5
1138800 1916.7
1138810 1916.7
1138820 1915.9
1138830 1915.0
1138840 1914.2
1138850 1914.2
1138860 1913.6
1138870 1913.0
1138880 1913.0
1138890 1912.3
1138900 1911.6
1138910 1911.6
1138920 1911.0
1138930 1908.1
1138940 1908.1
1138950 1909.5
1138960 1908.9
1138970 1908.9
1138980 1909.5
1138990 1908.9
1139000 1908.9
1139010 1908.3
1139020 1905.8
1139030 1905.8
1139040 1904.6
1139050 1904.0
1139060 1903.4
1139070 1903.4
1139080 1903.5
1139090 1903.7
1139100 1903.7
1139110 1904.2
1139120 1904.7
1139130 1904.7
1139140 1904.6
1139150 1904.4
1139160 1904.4
1139170 1904.8
1139180 1905.9
1139190 1905.9
1139200 1903.4
1139210 1902.6
1139220 1902.6
1139230 1903.7
1139240 1904.7
1139250 1904.7
1139260 1906.2
1139270 1907.2
1139280 1907.2
1139290 1906.2
1139300 1904.4
1139310 1904.8
1139320 1904.8
1139330 1905.5
1139340 1905.2
1139350 1905.2
1139360 1903.4
1139370 1900.2
1139380 1900.2
1139390 1901.8
1139400 1901.7
1139410 1901.7
1139420 1900.7
1139430 1900.3
1139440 1900.3
1139450 1900.4
1139460 1899.2
1139470 1899.2
1139480 1896.6
1139490 1897.5
1139500 1897.5
1139510 1897.3
1139520 1896.1
1139530 1896.1
1139540 1896.9
1139550 1900.4
1139560 1902.1
1139570 1902.1
1139580 1903.4
1139590 1905.4
1139600 1905.4
1139610 1905.3
1139620 1904.0
1139630 1904.0
1139640 1904.6
1139650 1906.6
1139660 1906.6
1139670 1910.3
1139680 1911.3
1139690 1911.3
1139700 1908.8
1139710 1908.4
1139720 1908.4
1139730 1909.6
1139740 1909.6
1139750 1909.6
1139760 1915.7
1139770 1913.9
1139780 1913.9
1139790 1912.6
1139800 1911.9
1139810 1912.3
1139820 1912.3
1139830 1912.9
1139840 1911.7
1139850 1911.7
1139860 1911.2
1139870 1910.8
1139880 1910.8
1139890 1910.0
1139900 1909.8
1139910 1909.8
1139920 1909.4
1139930 1909.9
1139940 1909.9
1139950 1910.5
1139960 1912.2
1139970 1912.2
1139980 1913.7
1139990 1914.6
