1120000 1733.6
1120010 1733.6
1120020 1733.7
1120030 1733.7
1120040 1733.7
1120050 1733.6
1120060 1733.8
1120070 1733.8
1120080 1733.7
1120090 1734.0
1120100 1733.9
1120110 1733.9
1120120 1734.1
1120130 1734.1
1120140 1734.1
1120150 1734.2
1120160 1734.2
1120170 1734.2
1120180 1734.1
1120190 1734.1
1120200 1734.1
1120210 1734.7
1120220 1736.5
1120230 1736.5
1120240 1737.3
1120250 1739.8
1120260 1739.8
1120270 1742.2
1120280 1744.7
1120290 1744.7
1120300 1746.6
1120310 1748.7
1120320 1752.4
1120330 1752.4
1120340 1754.5
1120350 1757.0
1120360 1757.0
1120370 1760.2
1120380 1764.8
1120390 1764.8
1120400 1770.7
1120410 1776.3
1120420 1776.3
1120430 1782.5
1120440 1788.2
1120450 1788.2
1120460 1793.4
1120470 1798.2
1120480 1798.2
1120490 1803.0
1120500 1808.4
1120510 1808.4
1120520 1814.0
1120530 1818.1
1120540 1818.1
1120550 1822.4
1120560 1827.3
1120570 1832.3
1120580 1832.3
1120590 1836.4
1120600 1841.7
1120610 1841.7
1120620 1847.1
1120630 1851.3
1120640 1851.3
1120650 1853.3
1120660 1857.4
1120670 1857.4
1120680 1861.2
1120690 1864.6
1120700 1864.6
1120710 1868.2
1120720 1871.5
1120730 1871.5
1120740 1874.1
1120750 1876.7
1120760 1876.7
1120770 1879.8
1120780 1882.5
1120790 1882.5
1120800 1884.9
1120810 1887.7
1120820 1890.6
1120830 1890.6
1120840 1893.7
1120850 1896.3
1120860 1896.3
1120870 1899.5
1120880 1903.2
1120890 1903.2
1120900 1905.9
1120910 1909.3
1120920 1909.3
1120930 1915.5
1120940 1921.6
1120950 1921.6
1120960 1928.7
1120970 1937.2
1120980 1937.2
1120990 1947.4
1121000 1953.7
1121010 1953.7
1121020 1958.2
1121030 1961.7
1121040 1961.7
1121050 1964.7
1121060 1970.3
1121070 1975.8
1121080 1975.8
1121090 1982.4
1121100 1989.2
1121110 1989.2
1121120 1995.7
1121130 2003.0
1121140 2003.0
1121150 2013.2
1121160 2023.9
1121170 2023.9
1121180 2036.3
1121190 2045.0
1121200 2045.0
1121210 2054.5
1121220 2064.8
1121230 2064.8
1121240 2073.0
1121250 2081.8
1121260 2081.8
1121270 2089.4
1121280 2095.1
1121290 2095.1
1121300 2104.0
1121310 2113.9
1121320 2123.6
1121330 2123.6
1121340 2132.4
1121350 2134.8
1121360 2134.8
1121370 2141.3
1121380 2146.6
1121390 2146.6
1121400 2150.9
1121410 2153.6
1121420 2153.6
1121430 2157.5
1121440 2162.5
1121450 2162.5
1121460 2167.1
1121470 2169.0
1121480 2169.0
1121490 2170.4
1121500 2172.9
1121510 2172.9
1121520 2175.6
1121530 2180.6
1121540 2180.6
1121550 2185.8
1121560 2190.6
1121570 2195.0
1121580 2195.0
1121590 2202.9
1121600 2211.8
1121610 2211.8
1121620 2223.8
1121630 2235.1
1121640 2235.1
1121650 2245.6
1121660 2256.7
1121670 2256.7
1121680 2263.6
1121690 2259.5
1121700 2248.0
1121710 2246.3
1121720 2247.5
1121730 2247.5
1121740 2252.6
1121750 2258.5
1121760 2258.5
1121770 2264.2
1121780 2272.9
1121790 2283.4
1121800 2283.4
1121810 2286.8
1121820 2286.7
1121830 2286.7
1121840 2287.0
1121850 2288.3
1121860 2288.3
1121870 2291.1
1121880 2294.9
1121890 2294.9
1121900 2297.0
1121910 2299.9
1121920 2299.9
1121930 2301.9
1121940 2308.1
1121950 2308.1
1121960 2311.3
1121970 2316.2
1121980 2316.2
1121990 2318.4
1122000 2322.1
1122010 2322.1
1122020 2325.1
1122030 2326.6
1122040 2326.6
1122050 2318.1
1122060 2318.8
1122070 2319.2
1122080 2319.2
1122090 2318.1
1122100 2316.2
1122110 2316.2
1122120 2311.9
1122130 2305.9
1122140 2305.9
1122150 2303.1
1122160 2302.9
1122170 2302.9
1122180 2298.5
1122190 2293.3
1122200 2293.3
1122210 2286.6
1122220 2275.8
1122230 2275.8
1122240 2267.3
1122250 2260.1
1122260 2260.1
1122270 2252.1
1122280 2245.6
1122290 2241.1
1122300 2241.1
1122310 2236.4
1122320 2231.4
1122330 2231.4
1122340 2227.6
1122350 2225.0
1122360 2225.0
1122370 2222.9
1122380 2222.6
1122390 2222.6
1122400 2217.3
1122410 2213.5
1122420 2213.5
1122430 2204.9
1122440 2191.1
1122450 2191.1
1122460 2180.3
1122470 2171.4
1122480 2171.4
1122490 2166.0
1122500 2158.6
1122510 2158.6
1122520 2151.9
1122530 2146.5
1122540 2141.7
1122550 2141.7
1122560 2135.3
1122570 2133.7
1122580 2133.7
1122590 2129.7
1122600 2122.8
1122610 2122.8
1122620 2114.6
1122630 2105.9
1122640 2105.9
1122650 2098.4
1122660 2089.4
1122670 2089.4
1122680 2080.9
1122690 2073.1
1122700 2073.1
1122710 2062.7
1122720 2051.5
1122730 2051.5
1122740 2042.1
1122750 2033.7
1122760 2033.7
1122770 2031.4
1122780 2032.1
1122790 2030.8
1122800 2030.8
1122810 2025.4
1122820 2019.8
1122830 2019.8
1122840 2014.3
1122850 2007.9
1122860 2007.9
1122870 2000.0
1122880 1992.7
1122890 1992.7
1122900 1984.9
1122910 1978.7
1122920 1978.7
1122930 1975.2
1122940 1971.4
1122950 1971.4
1122960 1968.5
1122970 1966.3
1122980 1966.3
1122990 1964.4
1123000 1963.0
1123010 1963.0
1123020 1961.8
1123030 1960.1
1123040 1957.5
1123050 1957.5
1123060 1954.9
1123070 1953.6
1123080 1953.6
1123090 1952.2
1123100 1947.1
1123110 1947.1
1123120 1942.9
1123130 1938.5
1123140 1938.5
1123150 1932.0
1123160 1925.8
1123170 1925.8
1123180 1929.3
1123190 1935.6
1123200 1935.6
1123210 1937.2
1123220 1937.1
1123230 1937.1
1123240 1936.6
1123250 1934.7
1123260 1931.2
1123270 1931.2
1123280 1926.1
1123290 1920.7
1123300 1920.7
1123310 1917.8
1123320 1914.1
1123330 1914.1
1123340 1911.9
1123350 1912.6
1123360 1912.6
1123370 1912.1
1123380 1913.3
1123390 1913.3
1123400 1915.1
1123410 1915.9
1123420 1915.9
1123430 1911.5
1123440 1905.8
1123450 1900.6
1123460 1896.4
1123470 1891.6
1123480 1891.6
1123490 1886.3
1123500 1889.5
1123510 1895.4
1123520 1895.4
1123530 1900.3
1123540 1907.5
1123550 1907.5
1123560 1915.0
1123570 1922.7
1123580 1922.7
1123590 1931.1
1123600 1940.3
1123610 1940.3
1123620 1949.4
1123630 1958.6
1123640 1958.6
1123650 1966.3
1123660 1974.0
1123670 1974.0
1123680 1981.5
1123690 1991.4
1123700 1991.4
1123710 2005.5
1123720 2017.7
1123730 2017.7
1123740 2026.0
1123750 2029.7
1123760 2032.3
1123770 2032.3
1123780 2035.1
1123790 2038.4
1123800 2038.4
1123810 2038.4
1123820 2040.8
1123830 2040.8
1123840 2043.1
1123850 2044.0
1123860 2044.0
1123870 2044.7
1123880 2045.6
1123890 2045.6
1123900 2046.3
1123910 2046.3
1123920 2046.3
1123930 2047.1
1123940 2052.7
1123950 2052.7
1123960 2057.5
1123970 2059.9
1123980 2059.9
1123990 2062.0
1124000 2064.6
1124010 2066.9
1124020 2066.9
1124030 2066.7
1124040 2063.4
1124050 2063.4
1124060 2061.1
1124070 2060.8
1124080 2060.8
1124090 2061.5
1124100 2062.9
1124110 2062.9
1124120 2064.4
1124130 2066.1
1124140 2066.1
1124150 2067.5
1124160 2070.2
1124170 2070.2
1124180 2070.8
1124190 2072.0
1124200 2072.0
1124210 2073.6
1124220 2074.8
1124230 2074.8
1124240 2076.8
1124250 2078.2
1124260 2078.4
1124270 2078.4
1124280 2078.3
1124290 2078.8
1124300 2078.8
1124310 2078.7
1124320 2078.9
1124330 2078.9
1124340 2079.6
1124350 2080.1
1124360 2080.1
1124370 2081.1
1124380 2083.3
1124390 2083.3
1124400 2085.1
1124410 2085.8
1124420 2085.8
1124430 2086.2
1124440 2087.3
1124450 2087.3
1124460 2088.5
1124470 2089.1
1124480 2089.1
1124490 2089.2
1124500 2090.4
1124510 2097.3
1124520 2097.3
1124530 2098.7
1124540 2100.4
1124550 2100.4
1124560 2102.9
1124570 2104.6
1124580 2104.6
1124590 2105.4
1124600 2104.9
1124610 2104.9
1124620 2103.9
1124630 2103.0
1124640 2103.0
1124650 2100.7
1124660 2098.7
1124670 2098.7
1124680 2096.8
1124690 2094.2
1124700 2094.2
1124710 2090.7
1124720 2088.0
1124730 2085.0
1124740 2085.0
1124750 2081.5
1124760 2078.1
1124770 2078.1
1124780 2075.6
1124790 2072.5
1124800 2072.5
1124810 2069.8
1124820 2066.9
1124830 2066.9
1124840 2064.2
1124850 2060.6
1124860 2062.2
1124870 2059.1
1124880 2055.8
1124890 2055.8
1124900 2052.3
1124910 2048.4
1124920 2048.4
1124930 2046.0
1124940 2043.8
1124950 2043.8
1124960 2044.1
1124970 2046.4
1124980 2048.1
1124990 2048.1
1125000 2049.8
1125010 2051.4
1125020 2051.4
1125030 2053.9
1125040 2056.2
1125050 2056.2
1125060 2058.1
1125070 2059.5
1125080 2059.5
1125090 2060.6
1125100 2062.2
1125110 2062.2
1125120 2062.7
1125130 2063.3
1125140 2063.3
1125150 2064.2
1125160 2065.0
1125170 2065.0
1125180 2065.8
1125190 2065.7
1125200 2065.7
1125210 2067.3
1125220 2071.8
1125230 2072.3
1125240 2072.3
1125250 2072.9
1125260 2074.0
1125270 2074.0
1125280 2076.3
1125290 2078.6
1125300 2078.6
1125310 2080.6
1125320 2083.3
1125330 2083.3
1125340 2085.6
1125350 2087.3
1125360 2087.3
1125370 2089.6
1125380 2092.3
1125390 2092.3
1125400 2095.3
1125410 2099.6
1125420 2099.6
1125430 2105.2
1125440 2110.5
1125450 2110.5
1125460 2115.5
1125470 2121.0
1125480 2126.7
1125490 2126.7
1125500 2132.7
1125510 2138.5
1125520 2138.5
1125530 2146.3
1125540 2155.1
1125550 2155.1
1125560 2166.9
1125570 2178.6
1125580 2178.6
1125590 2184.0
1125600 2190.9
1125610 2190.9
1125620 2197.7
1125630 2201.7
1125640 2201.7
1125650 2204.4
1125660 2210.4
1125670 2210.4
1125680 2217.5
1125690 2224.3
1125700 2224.3
1125710 2230.2
1125720 2236.0
1125730 2242.1
1125740 2242.1
1125750 2247.9
1125760 2254.0
1125770 2254.0
1125780 2260.9
1125790 2287.6
1125800 2287.6
1125810 2309.7
1125820 2331.4
1125830 2331.4
1125840 2347.8
1125850 2354.6
1125860 2354.6
1125870 2359.0
1125880 2368.0
1125890 2368.0
1125900 2378.7
1125910 2388.0
1125920 2392.5
1125930 2400.7
1125940 2408.1
1125950 2408.1
1125960 2415.4
1125970 2422.4
1125980 2429.3
1125990 2429.3
1126000 2439.9
1126010 2456.5
1126020 2456.5
1126030 2467.3
1126040 2474.3
1126050 2474.3
1126060 2482.3
1126070 2497.6
1126080 2497.6
1126090 2514.6
1126100 2527.7
1126110 2527.7
1126120 2541.3
1126130 2563.1
1126140 2563.1
1126150 2586.2
1126160 2592.0
1126170 2592.0
1126180 2577.5
1126190 2579.0
1126200 2584.8
1126210 2584.8
1126220 2567.9
1126230 2552.0
1126240 2552.0
1126250 2542.4
1126260 2531.3
1126270 2531.3
1126280 2525.0
1126290 2507.0
1126300 2507.0
1126310 2494.2
1126320 2490.2
1126330 2490.2
1126340 2485.1
1126350 2489.8
1126360 2489.8
1126370 2516.2
1126380 2506.9
1126390 2506.9
1126400 2493.5
1126410 2480.9
1126420 2480.9
1126430 2477.7
1126440 2476.2
1126450 2466.9
1126460 2466.9
1126470 2475.5
1126480 2484.4
1126490 2484.4
1126500 2485.6
1126510 2484.3
1126520 2484.3
1126530 2485.9
1126540 2484.7
1126550 2484.7
1126560 2482.4
1126570 2478.0
1126580 2478.0
1126590 2471.9
1126600 2463.9
1126610 2463.9
1126620 2459.6
1126630 2467.9
1126640 2467.9
1126650 2467.6
1126660 2466.3
1126670 2466.3
1126680 2463.8
1126690 2460.6
1126700 2457.3
1126710 2457.3
1126720 2454.4
1126730 2453.1
1126740 2453.1
1126750 2451.0
1126760 2447.5
1126770 2447.5
1126780 2444.9
1126790 2442.3
1126800 2442.3
1126810 2441.3
1126820 2443.0
1126830 2443.0
1126840 2446.3
1126850 2450.5
1126860 2450.5
1126870 2454.0
1126880 2456.8
1126890 2456.8
1126900 2458.5
1126910 2459.5
1126920 2459.5
1126930 2460.9
1126940 2462.9
1126950 2465.4
1126960 2465.4
1126970 2466.2
1126980 2466.6
1126990 2471.6
1127000 2472.9
1127010 2472.4
1127020 2472.4
1127030 2473.3
1127040 2474.8
1127050 2474.8
1127060 2474.8
1127070 2475.3
1127080 2475.3
1127090 2478.2
1127100 2484.1
1127110 2484.1
1127120 2487.9
1127130 2491.6
1127140 2491.6
1127150 2494.1
1127160 2495.6
1127170 2495.6
1127180 2497.6
1127190 2499.7
1127200 2501.9
1127210 2501.9
1127220 2505.1
1127230 2509.3
1127240 2509.3
1127250 2513.2
1127260 2517.8
1127270 2517.8
1127280 2523.3
1127290 2529.4
1127300 2529.4
1127310 2534.8
1127320 2540.9
1127330 2540.9
1127340 2567.2
1127350 2582.8
1127360 2582.8
1127370 2604.6
1127380 2617.9
1127390 2617.9
1127400 2604.7
1127410 2586.6
1127420 2586.6
1127430 2557.2
1127440 2530.2
1127450 2517.6
1127460 2517.6
1127470 2510.0
1127480 2502.5
1127490 2502.5
1127500 2495.4
1127510 2488.8
1127520 2488.8
1127530 2482.1
1127540 2475.4
1127550 2475.4
1127560 2469.1
1127570 2462.5
1127580 2462.5
1127590 2455.8
1127600 2449.2
1127610 2449.2
1127620 2444.5
1127630 2441.6
1127640 2441.6
1127650 2441.0
1127660 2440.0
1127670 2437.1
1127680 2437.1
1127690 2432.5
1127700 2428.6
1127710 2428.6
1127720 2419.5
1127730 2410.5
1127740 2410.5
1127750 2404.1
1127760 2398.6
1127770 2398.6
1127780 2393.3
1127790 2390.7
1127800 2390.7
1127810 2390.0
1127820 2388.7
1127830 2388.7
1127840 2386.5
1127850 2383.6
1127860 2383.6
1127870 2380.3
1127880 2378.0
1127890 2378.0
1127900 2375.1
1127910 2371.3
1127920 2367.7
1127930 2367.7
1127940 2362.6
1127950 2356.3
1127960 2356.3
1127970 2350.2
1127980 2344.8
1127990 2344.8
1128000 2340.4
1128010 2337.6
1128020 2337.6
1128030 2336.1
1128040 2335.9
1128050 2335.9
1128060 2335.9
1128070 2335.9
1128080 2335.9
1128090 2336.0
1128100 2336.6
1128110 2336.6
1128120 2337.4
1128130 2337.3
1128140 2337.3
1128150 2336.6
1128160 2336.6
1128170 2337.8
1128180 2337.8
1128190 2337.8
1128200 2338.5
1128210 2338.5
1128220 2340.5
1128230 2342.5
1128240 2342.5
1128250 2343.7
1128260 2345.3
1128270 2345.3
1128280 2348.1
1128290 2351.9
1128300 2351.9
1128310 2356.8
1128320 2363.0
1128330 2363.0
1128340 2369.9
1128350 2380.8
1128360 2380.8
1128370 2386.2
1128380 2387.6
1128390 2387.6
1128400 2392.4
1128410 2401.5
1128420 2406.8
1128430 2406.8
1128440 2409.7
1128450 2415.4
1128460 2415.4
1128470 2419.3
1128480 2424.3
1128490 2424.3
1128500 2428.3
1128510 2432.4
1128520 2432.4
1128530 2438.4
1128540 2444.9
1128550 2444.9
1128560 2451.2
1128570 2455.8
1128580 2455.8
1128590 2458.5
1128600 2461.7
1128610 2461.7
1128620 2465.7
1128630 2471.2
1128640 2471.2
1128650 2477.2
1128660 2484.6
1128670 2492.1
1128680 2492.1
1128690 2515.2
1128700 2529.2
1128710 2529.2
1128720 2525.8
1128730 2520.6
1128740 2520.6
1128750 2515.0
1128760 2509.9
1128770 2511.9
1128780 2507.7
1128790 2506.2
1128800 2506.2
1128810 2504.4
1128820 2503.0
1128830 2503.0
1128840 2501.5
1128850 2499.0
1128860 2499.0
1128870 2495.7
1128880 2491.5
1128890 2483.8
1128900 2483.8
1128910 2472.2
1128920 2464.0
1128930 2464.0
1128940 2459.9
1128950 2455.3
1128960 2455.3
1128970 2452.1
1128980 2449.7
1128990 2449.7
1129000 2446.2
1129010 2442.2
1129020 2442.2
1129030 2438.8
1129040 2434.1
1129050 2434.1
1129060 2429.0
1129070 2422.5
1129080 2422.5
1129090 2418.1
1129100 2416.2
1129110 2416.2
1129120 2414.8
1129130 2414.3
1129140 2413.5
1129150 2413.5
1129160 2413.9
1129170 2414.5
1129180 2414.5
1129190 2415.0
1129200 2415.1
1129210 2415.1
1129220 2411.0
1129230 2403.4
1129240 2403.4
1129250 2403.5
1129260 2402.7
1129270 2402.7
1129280 2394.1
1129290 2365.5
1129300 2365.5
1129310 2318.9
1129320 2298.1
1129330 2298.1
1129340 2309.1
1129350 2313.4
1129360 2313.4
1129370 2312.2
1129380 2307.4
1129390 2296.3
1129400 2296.3
1129410 2282.4
1129420 2265.7
1129430 2265.7
1129440 2249.4
1129450 2242.6
1129460 2242.6
1129470 2237.9
1129480 2263.0
1129490 2263.0
1129500 2257.0
1129510 2254.3
1129520 2254.3
1129530 2255.9
1129540 2253.2
1129550 2253.2
1129560 2250.6
1129570 2245.1
1129580 2245.1
1129590 2244.9
1129600 2246.8
1129610 2246.8
1129620 2249.1
1129630 2249.9
1129640 2249.9
1129650 2249.9
1129660 2246.4
1129670 2238.8
1129680 2238.8
1129690 2230.4
1129700 2224.2
1129710 2224.2
1129720 2220.5
1129730 2219.1
1129740 2219.1
1129750 2217.1
1129760 2232.0
1129770 2232.0
1129780 2265.0
1129790 2272.5
1129800 2272.5
1129810 2253.4
1129820 2224.3
1129830 2224.3
1129840 2249.4
1129850 2227.9
1129860 2227.9
1129870 2217.2
1129880 2211.9
1129890 2206.7
1129900 2206.7
1129910 2203.5
1129920 2199.7
1129930 2199.7
1129940 2193.6
1129950 2187.2
1129960 2187.2
1129970 2181.0
1129980 2174.6
1129990 2174.6
1130000 2168.4
1130010 2162.4
1130020 2162.4
1130030 2156.1
1130040 2150.1
1130050 2150.1
1130060 2144.6
1130070 2138.8
1130080 2138.8
1130090 2132.6
1130100 2126.5
1130110 2126.5
1130120 2121.2
1130130 2116.3
1130140 2108.9
1130150 2108.9
1130160 2102.3
1130170 2098.2
1130180 2098.2
1130190 2089.7
1130200 2080.6
1130210 2080.6
1130220 2069.7
1130230 2059.6
1130240 2059.6
1130250 2047.5
1130260 2040.4
1130270 2040.4
1130280 2033.6
1130290 2026.7
1130300 2026.7
1130310 2021.5
1130320 2018.1
1130330 2018.1
1130340 2013.2
1130350 2006.6
1130360 1998.9
1130370 1998.9
1130380 1993.8
1130390 1989.2
1130400 1989.2
1130410 1985.7
1130420 1984.2
1130430 1984.2
1130440 1985.5
1130450 1986.8
1130460 1986.8
1130470 1989.2
1130480 1991.4
1130490 1991.4
1130500 1991.3
1130510 1988.9
1130520 1988.9
1130530 1984.8
1130540 1979.8
1130550 1979.8
1130560 1979.7
1130570 1974.2
1130580 1974.2
1130590 1968.7
1130600 1964.2
1130610 1959.6
1130620 1959.6
1130630 1957.1
1130640 1953.8
1130650 1953.8
1130660 1949.8
1130670 1944.5
1130680 1944.5
1130690 1940.3
1130700 1935.6
1130710 1935.6
1130720 1931.7
1130730 1928.2
1130740 1928.2
1130750 1926.3
1130760 1924.8
1130770 1924.8
1130780 1921.9
1130790 1919.5
1130800 1919.5
1130810 1917.4
1130820 1915.1
1130830 1915.1
1130840 1912.2
1130850 1910.3
1130860 1908.8
1130870 1908.8
1130880 1905.0
1130890 1900.8
1130900 1900.8
1130910 1895.3
1130920 1888.6
1130930 1888.6
1130940 1881.6
1130950 1874.5
1130960 1874.5
1130970 1866.6
1130980 1854.7
1130990 1854.7
1131000 1844.3
1131010 1837.9
1131020 1837.9
1131030 1831.2
1131040 1824.7
1131050 1824.7
1131060 1818.5
1131070 1811.4
1131080 1811.4
1131090 1804.7
1131100 1796.6
1131110 1788.6
1131120 1788.6
1131130 1782.4
1131140 1776.9
1131150 1776.9
1131160 1771.9
1131170 1767.6
1131180 1767.6
1131190 1764.0
1131200 1761.3
1131210 1761.3
1131220 1758.8
1131230 1757.0
1131240 1757.0
1131250 1754.7
1131260 1753.1
1131270 1753.1
1131280 1750.9
1131290 1747.1
1131300 1747.1
1131310 1739.9
1131320 1730.9
1131330 1730.9
1131340 1724.1
1131350 1719.5
1131360 1719.1
1131370 1719.1
1131380 1719.0
1131390 1719.1
1131400 1719.1
1131410 1719.3
1131420 1719.5
1131430 1719.5
1131440 1719.7
1131450 1719.9
1131460 1719.9
1131470 1719.9
1131480 1719.6
1131490 1719.6
1131500 1719.0
1131510 1716.1
1131520 1716.1
1131530 1715.8
1131540 1716.2
1131550 1716.2
1131560 1717.2
1131570 1717.4
1131580 1717.4
1131590 1717.9
1131600 1718.3
1131610 1719.1
1131620 1719.1
1131630 1719.6
1131640 1719.8
1131650 1719.8
1131660 1721.1
1131670 1722.1
1131680 1722.1
1131690 1722.9
1131700 1725.7
1131710 1725.7
1131720 1728.9
1131730 1731.7
1131740 1731.7
1131750 1733.3
1131760 1735.0
1131770 1735.0
1131780 1737.1
1131790 1739.7
1131800 1739.7
1131810 1741.5
1131820 1742.9
1131830 1746.1
1131840 1746.1
1131850 1747.9
1131860 1749.9
1131870 1749.9
1131880 1752.7
1131890 1756.4
1131900 1756.4
1131910 1760.5
1131920 1765.1
1131930 1765.1
1131940 1769.5
1131950 1773.5
1131960 1773.5
1131970 1776.6
1131980 1780.2
1131990 1780.2
1132000 1785.0
1132010 1794.0
1132020 1794.0
1132030 1800.7
1132040 1809.0
1132050 1809.0
1132060 1817.2
1132070 1827.6
1132080 1832.4
1132090 1832.4
1132100 1836.5
1132110 1841.5
1132120 1841.5
1132130 1847.0
1132140 1853.3
1132150 1853.3
1132160 1863.0
1132170 1869.1
1132180 1869.1
1132190 1874.5
1132200 1879.1
1132210 1879.1
1132220 1887.9
1132230 1896.8
1132240 1896.8
1132250 1898.5
1132260 1899.9
1132270 1899.9
1132280 1901.8
1132290 1904.1
1132300 1904.1
1132310 1906.8
1132320 1910.0
1132330 1914.1
1132340 1914.1
1132350 1919.7
1132360 1924.7
1132370 1924.7
1132380 1929.3
1132390 1933.8
1132400 1933.8
1132410 1938.7
1132420 1944.0
1132430 1944.0
1132440 1949.8
1132450 1957.7
1132460 1957.7
1132470 1965.1
1132480 1971.2
1132490 1971.2
1132500 1977.9
1132510 1981.6
1132520 1981.6
1132530 1983.7
1132540 1986.1
1132550 1986.1
1132560 1989.0
1132570 1991.7
1132580 1994.6
1132590 1994.6
1132600 1996.7
1132610 1999.1
1132620 1999.1
1132630 2002.2
1132640 2005.6
1132650 2005.6
1132660 2009.4
1132670 2014.9
1132680 2014.9
1132690 2021.5
1132700 2028.8
1132710 2028.8
1132720 2041.6
1132730 2049.3
1132740 2049.3
1132750 2054.5
1132760 2058.3
1132770 2058.3
1132780 2060.2
1132790 2061.5
1132800 2061.5
1132810 2061.6
1132820 2061.5
1132830 2065.1
1132840 2065.1
1132850 2066.7
1132860 2069.5
1132870 2069.5
1132880 2073.0
1132890 2077.1
1132900 2077.1
1132910 2081.4
1132920 2083.7
1132930 2083.7
1132940 2085.3
1132950 2087.4
1132960 2087.4
1132970 2088.9
1132980 2090.3
1132990 2090.3
1133000 2090.7
1133010 2091.2
1133020 2091.2
1133030 2092.6
1133040 2095.2
1133050 2099.5
1133060 2099.5
1133070 2105.3
1133080 2112.5
1133090 2112.5
1133100 2125.5
1133110 2133.5
1133120 2133.5
1133130 2138.9
1133140 2143.8
1133150 2143.8
1133160 2146.6
1133170 2148.3
1133180 2148.3
1133190 2151.6
1133200 2156.2
1133210 2156.2
1133220 2157.1
1133230 2157.7
1133240 2157.7
1133250 2161.9
1133260 2166.3
1133270 2166.3
1133280 2170.7
1133290 2172.4
1133300 2173.9
1133310 2173.9
1133320 2174.8
1133330 2175.5
1133340 2175.5
1133350 2177.7
1133360 2180.2
1133370 2180.2
1133380 2183.5
1133390 2188.2
1133400 2188.2
1133410 2191.8
1133420 2197.2
1133430 2197.2
1133440 2201.9
1133450 2204.9
1133460 2204.9
1133470 2205.5
1133480 2206.2
1133490 2206.2
1133500 2208.6
1133510 2212.9
1133520 2212.9
1133530 2218.5
1133540 2224.3
1133550 2229.6
1133560 2229.6
1133570 2234.4
1133580 2239.4
1133590 2239.4
1133600 2244.6
1133610 2248.8
1133620 2248.8
1133630 2253.6
1133640 2258.6
1133650 2258.6
1133660 2264.4
1133670 2269.6
1133680 2269.6
1133690 2274.3
1133700 2277.4
1133710 2277.4
1133720 2280.1
1133730 2283.8
1133740 2283.8
1133750 2287.4
1133760 2290.4
1133770 2290.4
1133780 2295.3
1133790 2300.7
1133800 2302.3
1133810 2302.3
1133820 2304.8
1133830 2309.3
1133840 2309.3
1133850 2317.4
1133860 2324.4
1133870 2324.4
1133880 2331.2
1133890 2336.7
1133900 2336.7
1133910 2341.9
1133920 2347.0
1133930 2347.0
1133940 2351.6
1133950 2357.7
1133960 2357.7
1133970 2364.9
1133980 2373.4
1133990 2373.4
1134000 2382.3
1134010 2391.0
1134020 2391.0
1134030 2400.1
1134040 2408.9
1134050 2417.4
1134060 2417.4
1134070 2425.6
1134080 2433.2
1134090 2433.2
1134100 2440.0
1134110 2446.8
1134120 2446.8
1134130 2453.7
1134140 2459.9
1134150 2459.9
1134160 2465.5
1134170 2472.2
1134180 2472.2
1134190 2477.7
1134200 2482.9
1134210 2482.9
1134220 2484.3
1134230 2471.4
1134240 2471.4
1134250 2457.0
1134260 2445.2
1134270 2434.2
1134280 2434.2
1134290 2421.2
1134300 2408.4
1134310 2408.4
1134320 2398.5
1134330 2390.6
1134340 2390.6
1134350 2382.6
1134360 2374.9
1134370 2374.9
1134380 2366.1
1134390 2359.1
1134400 2359.1
1134410 2353.7
1134420 2345.2
1134430 2345.2
1134440 2335.1
1134450 2326.3
1134460 2326.3
1134470 2318.3
1134480 2311.1
1134490 2311.1
1134500 2304.6
1134510 2298.6
1134520 2296.0
1134530 2302.9
1134540 2297.7
1134550 2290.3
1134560 2290.3
1134570 2282.8
1134580 2275.6
1134590 2275.6
1134600 2265.3
1134610 2256.4
1134620 2256.4
1134630 2249.7
1134640 2243.9
1134650 2243.9
1134660 2238.4
1134670 2232.5
1134680 2232.5
1134690 2226.8
1134700 2221.4
1134710 2221.4
1134720 2216.3
1134730 2212.1
1134740 2212.1
1134750 2207.7
1134760 2202.2
1134770 2197.1
1134780 2197.1
1134790 2192.7
1134800 2190.7
1134810 2190.7
1134820 2191.2
1134830 2190.7
1134840 2190.7
1134850 2186.7
1134860 2182.1
1134870 2182.1
1134880 2178.8
1134890 2178.2
1134900 2178.2
1134910 2175.4
1134920 2175.5
1134930 2175.5
1134940 2172.8
1134950 2167.2
1134960 2167.2
1134970 2161.2
1134980 2158.3
1134990 2158.3
1135000 2155.5
1135010 2152.6
1135020 2151.0
1135030 2151.0
1135040 2150.7
1135050 2149.9
1135060 2149.9
1135070 2149.5
1135080 2147.8
1135090 2147.8
1135100 2148.8
1135110 2150.4
1135120 2150.4
1135130 2152.9
1135140 2156.2
1135150 2156.2
1135160 2158.6
1135170 2159.7
1135180 2159.7
1135190 2160.2
1135200 2162.6
1135210 2162.6
1135220 2165.5
1135230 2166.0
1135240 2166.0
1135250 2167.6
1135260 2172.6
1135270 2176.2
1135280 2176.2
1135290 2179.4
1135300 2180.0
1135310 2180.0
1135320 2180.4
1135330 2181.4
1135340 2181.4
1135350 2182.7
1135360 2187.1
1135370 2187.1
1135380 2194.0
1135390 2201.9
1135400 2201.9
1135410 2208.0
1135420 2212.9
1135430 2212.9
1135440 2216.7
1135450 2221.5
1135460 2221.5
1135470 2223.6
1135480 2225.3
1135490 2225.3
1135500 2229.7
1135510 2233.0
1135520 2236.6
1135530 2236.6
1135540 2240.4
1135550 2243.0
1135560 2243.0
1135570 2243.8
1135580 2245.3
1135590 2245.3
1135600 2248.4
1135610 2251.1
1135620 2245.3
1135630 2247.2
1135640 2249.6
1135650 2249.6
1135660 2251.4
1135670 2256.7
1135680 2256.7
1135690 2264.0
1135700 2268.3
1135710 2268.3
1135720 2272.2
1135730 2276.1
1135740 2278.4
1135750 2278.4
1135760 2280.2
1135770 2282.0
1135780 2282.0
1135790 2285.3
1135800 2290.9
1135810 2290.9
1135820 2296.4
1135830 2301.4
1135840 2301.4
1135850 2306.9
1135860 2312.2
1135870 2312.2
1135880 2315.8
1135890 2317.9
1135900 2317.9
1135910 2320.4
1135920 2323.5
1135930 2323.5
1135940 2327.8
1135950 2331.4
1135960 2331.4
1135970 2336.3
1135980 2342.1
1135990 2351.5
1136000 2351.5
1136010 2358.2
1136020 2365.7
1136030 2365.7
1136040 2373.3
1136050 2387.0
1136060 2387.0
1136070 2413.9
1136080 2455.0
1136090 2455.0
1136100 2471.9
1136110 2478.8
1136120 2478.8
1136130 2483.1
1136140 2486.2
1136150 2486.2
1136160 2489.6
1136170 2491.6
1136180 2491.6
1136190 2492.6
1136200 2498.0
1136210 2498.0
1136220 2501.2
1136230 2503.7
1136240 2507.8
1136250 2507.8
1136260 2512.2
1136270 2516.3
1136280 2516.3
1136290 2521.1
1136300 2526.5
1136310 2526.5
1136320 2529.7
1136330 2532.1
1136340 2532.1
1136350 2548.2
1136360 2557.1
1136370 2557.1
1136380 2565.7
1136390 2571.2
1136400 2571.2
1136410 2575.0
1136420 2582.7
1136430 2582.7
1136440 2591.7
1136450 2597.5
1136460 2597.5
1136470 2601.7
1136480 2606.8
1136490 2610.7
1136500 2610.7
1136510 2613.5
1136520 2613.2
1136530 2613.2
1136540 2603.9
1136550 2589.3
1136560 2589.3
1136570 2561.6
1136580 2552.0
1136590 2552.0
1136600 2545.1
1136610 2537.7
1136620 2537.7
1136630 2530.8
1136640 2517.1
1136650 2517.1
1136660 2495.3
1136670 2474.3
1136680 2474.3
1136690 2458.8
1136700 2444.5
1136710 2444.5
1136720 2436.3
1136730 2426.2
1136740 2415.3
1136750 2415.3
1136760 2402.3
1136770 2394.8
1136780 2394.8
1136790 2390.7
1136800 2386.3
1136810 2386.3
1136820 2380.6
1136830 2374.6
1136840 2374.6
1136850 2369.4
1136860 2365.0
1136870 2365.0
1136880 2359.5
1136890 2352.8
1136900 2352.8
1136910 2346.6
1136920 2341.1
1136930 2341.1
1136940 2336.0
1136950 2330.5
1136960 2324.8
1136970 2324.8
1136980 2319.3
1136990 2315.5
1137000 2315.5
1137010 2311.4
1137020 2306.9
1137030 2306.9
1137040 2302.6
1137050 2297.1
1137060 2297.1
1137070 2291.7
1137080 2285.7
1137090 2285.7
1137100 2280.2
1137110 2274.9
1137120 2274.9
1137130 2271.4
1137140 2267.8
1137150 2267.8
1137160 2263.9
1137170 2261.3
1137180 2261.3
1137190 2259.5
1137200 2256.8
1137210 2254.4
1137220 2254.4
1137230 2249.8
1137240 2245.9
1137250 2245.9
1137260 2240.3
1137270 2241.0
1137280 2241.0
1137290 2241.4
1137300 2237.8
1137310 2237.8
1137320 2234.4
1137330 2233.9
1137340 2233.9
1137350 2231.1
1137360 2227.3
1137370 2227.3
1137380 2222.3
1137390 2218.1
1137400 2218.1
1137410 2214.8
1137420 2211.7
1137430 2211.7
1137440 2208.8
1137450 2200.3
1137460 2198.7
1137470 2198.7
1137480 2197.0
1137490 2194.8
1137500 2194.8
1137510 2192.1
1137520 2190.2
1137530 2190.2
1137540 2189.3
1137550 2187.7
1137560 2187.7
1137570 2185.9
1137580 2184.4
1137590 2184.4
1137600 2182.5
1137610 2180.5
1137620 2180.5
1137630 2178.3
1137640 2176.0
1137650 2176.0
1137660 2174.0
1137670 2172.6
1137680 2172.6
1137690 2170.9
1137700 2169.1
1137710 2167.1
1137720 2167.1
1137730 2164.5
1137740 2162.0
1137750 2162.0
1137760 2160.2
1137770 2159.3
1137780 2159.3
1137790 2158.5
1137800 2157.1
1137810 2155.1
1137820 2153.3
1137830 2154.1
1137840 2154.1
1137850 2157.1
1137860 2155.7
1137870 2155.7
1137880 2151.5
1137890 2146.9
1137900 2146.9
1137910 2142.4
1137920 2137.9
1137930 2137.9
1137940 2133.6
1137950 2130.4
1137960 2126.5
1137970 2126.5
1137980 2122.5
1137990 2119.1
1138000 2119.1
1138010 2115.6
1138020 2111.6
1138030 2111.6
1138040 2106.6
1138050 2103.4
1138060 2103.4
1138070 2100.8
1138080 2098.2
1138090 2098.2
1138100 2096.3
1138110 2095.1
1138120 2095.1
1138130 2094.4
1138140 2093.7
1138150 2093.7
1138160 2094.4
1138170 2093.8
1138180 2088.2
1138190 2088.2
1138200 2085.9
1138210 2083.6
1138220 2083.6
1138230 2082.6
1138240 2081.3
1138250 2081.3
1138260 2079.4
1138270 2076.4
1138280 2076.4
1138290 2072.4
1138300 2071.9
1138310 2071.9
1138320 2071.2
1138330 2071.7
1138340 2071.7
1138350 2072.6
1138360 2072.0
1138370 2072.0
1138380 2070.7
1138390 2069.4
1138400 2069.4
1138410 2068.6
1138420 2068.1
1138430 2066.7
1138440 2066.7
1138450 2065.7
1138460 2064.0
1138470 2064.0
1138480 2061.1
1138490 2057.6
1138500 2057.6
1138510 2055.7
1138520 2046.1
1138530 2046.1
1138540 2035.0
1138550 2025.0
1138560 2025.0
1138570 2019.7
1138580 2015.0
1138590 2015.0
1138600 2014.5
1138610 2014.3
1138620 2014.3
1138630 2013.0
1138640 2008.9
1138650 2008.9
1138660 2004.0
1138670 2000.3
1138680 1994.2
1138690 1994.2
1138700 1990.7
1138710 1989.5
1138720 1989.5
1138730 1987.6
1138740 1985.0
1138750 1985.0
1138760 1981.4
1138770 1978.6
1138780 1978.6
1138790 1976.0
1138800 1974.0
1138810 1974.0
1138820 1969.7
1138830 1966.1
1138840 1966.1
1138850 1963.9
1138860 1961.3
1138870 1961.3
1138880 1958.4
1138890 1955.1
1138900 1955.1
1138910 1945.8
1138920 1941.6
1138930 1939.9
1138940 1939.9
1138950 1938.1
1138960 1935.8
1138970 1935.8
1138980 1934.6
1138990 1932.5
1139000 1932.5
1139010 1930.7
1139020 1929.7
1139030 1929.7
1139040 1928.8
1139050 1927.5
1139060 1927.5
1139070 1926.1
1139080 1925.0
1139090 1925.0
1139100 1924.2
1139110 1923.2
1139120 1923.2
1139130 1922.9
1139140 1922.7
1139150 1922.7
1139160 1922.0
1139170 1919.4
1139180 1915.8
1139190 1915.8
1139200 1913.8
1139210 1912.1
1139220 1912.1
1139230 1909.9
1139240 1906.7
1139250 1906.7
1139260 1902.3
1139270 1898.2
1139280 1897.3
1139290 1892.8
1139300 1888.7
1139310 1888.7
1139320 1883.1
1139330 1876.1
1139340 1876.1
1139350 1870.2
1139360 1865.2
1139370 1865.2
1139380 1860.5
1139390 1855.9
1139400 1851.6
1139410 1851.6
1139420 1847.3
1139430 1843.0
1139440 1843.0
1139450 1838.9
1139460 1834.9
1139470 1834.9
1139480 1830.3
1139490 1825.9
1139500 1825.9
1139510 1824.1
1139520 1822.6
1139530 1822.6
1139540 1820.8
1139550 1819.4
1139560 1819.4
1139570 1817.7
1139580 1815.6
1139590 1815.6
1139600 1813.7
1139610 1811.7
1139620 1811.7
1139630 1809.0
1139640 1805.3
1139650 1803.0
1139660 1803.0
1139670 1803.0
1139680 1803.2
1139690 1803.2
1139700 1804.5
1139710 1805.5
1139720 1805.5
1139730 1804.5
1139740 1803.9
1139750 1803.9
1139760 1803.0
1139770 1802.0
1139780 1802.0
1139790 1799.7
1139800 1791.4
1139810 1791.4
1139820 1786.2
1139830 1783.4
1139840 1783.4
1139850 1782.8
1139860 1781.3
1139870 1781.3
1139880 1783.3
1139890 1790.2
1139900 1793.1
1139910 1793.1
1139920 1794.5
1139930 1794.3
1139940 1794.3
1139950 1792.0
1139960 1791.6
1139970 1791.6
1139980 1791.1
1139990 1790.1
