1120000 2100.8
1120010 2100.8
1120020 2108.0
1120030 2112.9
1120040 2112.9
1120050 2119.0
1120060 2127.1
1120070 2134.4
1120080 2134.4
1120090 2142.5
1120100 2150.7
1120110 2150.7
1120120 2159.9
1120130 2168.1
1120140 2168.1
1120150 2174.9
1120160 2182.3
1120170 2182.3
1120180 2189.3
1120190 2195.2
1120200 2195.2
1120210 2199.1
1120220 2199.8
1120230 2201.1
1120240 2199.6
1120250 2197.5
1120260 2197.5
1120270 2201.5
1120280 2207.6
1120290 2207.6
1120300 2213.1
1120310 2216.5
1120320 2218.6
1120330 2218.6
1120340 2220.2
1120350 2221.0
1120360 2221.0
1120370 2222.0
1120380 2223.5
1120390 2223.5
1120400 2225.1
1120410 2226.0
1120420 2226.0
1120430 2226.0
1120440 2227.9
1120450 2227.9
1120460 2231.1
1120470 2235.3
1120480 2235.3
1120490 2240.2
1120500 2245.2
1120510 2245.2
1120520 2249.6
1120530 2254.4
1120540 2254.4
1120550 2260.1
1120560 2265.9
1120570 2271.9
1120580 2268.0
1120590 2273.2
1120600 2278.7
1120610 2278.7
1120620 2284.6
1120630 2290.5
1120640 2290.5
1120650 2296.5
1120660 2302.7
1120670 2302.7
1120680 2309.1
1120690 2315.7
1120700 2315.7
1120710 2322.7
1120720 2329.4
1120730 2329.4
1120740 2336.3
1120750 2347.9
1120760 2347.9
1120770 2360.1
1120780 2368.0
1120790 2368.0
1120800 2380.8
1120810 2395.0
1120820 2399.6
1120830 2399.6
1120840 2404.4
1120850 2409.2
1120860 2409.2
1120870 2419.2
1120880 2433.8
1120890 2433.8
1120900 2448.7
1120910 2461.2
1120920 2461.2
1120930 2463.4
1120940 2471.9
1120950 2471.9
1120960 2484.3
1120970 2490.3
1120980 2490.3
1120990 2494.2
1121000 2497.9
1121010 2497.9
1121020 2503.2
1121030 2509.6
1121040 2509.6
1121050 2517.2
1121060 2525.2
1121070 2533.7
1121080 2533.7
1121090 2541.7
1121100 2549.8
1121110 2549.8
1121120 2557.5
1121130 2565.2
1121140 2565.2
1121150 2573.1
1121160 2580.8
1121170 2580.8
1121180 2588.3
1121190 2595.0
1121200 2595.0
1121210 2601.3
1121220 2607.7
1121230 2607.7
1121240 2614.2
1121250 2621.0
1121260 2621.0
1121270 2628.6
1121280 2632.9
1121290 2630.7
1121300 2630.7
1121310 2617.9
1121320 2609.3
1121330 2609.3
1121340 2601.2
1121350 2594.9
1121360 2594.9
1121370 2589.1
1121380 2580.7
1121390 2580.7
1121400 2572.0
1121410 2565.7
1121420 2565.7
1121430 2561.1
1121440 2555.8
1121450 2555.8
1121460 2550.9
1121470 2545.8
1121480 2545.8
1121490 2540.5
1121500 2533.9
1121510 2533.9
1121520 2528.4
1121530 2524.9
1121540 2522.6
1121550 2522.6
1121560 2519.4
1121570 2514.9
1121580 2514.9
1121590 2508.4
1121600 2503.6
1121610 2503.6
1121620 2497.7
1121630 2493.3
1121640 2493.3
1121650 2489.9
1121660 2488.6
1121670 2488.6
1121680 2487.0
1121690 2484.2
1121700 2484.2
1121710 2480.9
1121720 2477.2
1121730 2477.2
1121740 2477.4
1121750 2477.9
1121760 2477.9
1121770 2479.4
1121780 2480.6
1121790 2478.7
1121800 2478.7
1121810 2473.7
1121820 2468.9
1121830 2468.9
1121840 2467.8
1121850 2463.4
1121860 2463.4
1121870 2456.7
1121880 2454.4
1121890 2454.4
1121900 2452.3
1121910 2451.3
1121920 2451.3
1121930 2447.8
1121940 2442.8
1121950 2442.8
1121960 2438.2
1121970 2437.0
1121980 2438.5
1121990 2435.4
1122000 2430.9
1122010 2430.9
1122020 2425.7
1122030 2418.4
1122040 2410.7
1122050 2410.7
1122060 2404.0
1122070 2396.0
1122080 2396.0
1122090 2389.2
1122100 2383.8
1122110 2383.8
1122120 2378.0
1122130 2370.1
1122140 2370.1
1122150 2362.0
1122160 2355.0
1122170 2355.0
1122180 2347.6
1122190 2339.6
1122200 2339.6
1122210 2330.4
1122220 2321.4
1122230 2321.4
1122240 2316.1
1122250 2311.9
1122260 2311.9
1122270 2307.9
1122280 2305.2
1122290 2304.0
1122300 2304.0
1122310 2304.6
1122320 2305.7
1122330 2307.9
1122340 2307.5
1122350 2306.8
1122360 2306.8
1122370 2305.0
1122380 2303.1
1122390 2303.1
1122400 2301.0
1122410 2301.8
1122420 2301.8
1122430 2304.0
1122440 2306.7
1122450 2306.7
1122460 2308.3
1122470 2307.0
1122480 2307.0
1122490 2305.2
1122500 2305.0
1122510 2305.0
1122520 2307.7
1122530 2313.1
1122540 2316.7
1122550 2316.7
1122560 2318.8
1122570 2323.5
1122580 2323.5
1122590 2329.3
1122600 2335.4
1122610 2335.4
1122620 2341.4
1122630 2347.6
1122640 2347.6
1122650 2353.3
1122660 2359.8
1122670 2359.8
1122680 2369.3
1122690 2376.4
1122700 2376.4
1122710 2383.3
1122720 2393.3
1122730 2393.3
1122740 2415.9
1122750 2449.9
1122760 2449.9
1122770 2455.2
1122780 2455.8
1122790 2455.8
1122800 2455.8
1122810 2452.8
1122820 2445.3
1122830 2445.3
1122840 2436.1
1122850 2426.7
1122860 2426.7
1122870 2413.4
1122880 2405.9
1122890 2405.9
1122900 2392.7
1122910 2372.2
1122920 2372.2
1122930 2351.2
1122940 2335.6
1122950 2335.6
1122960 2321.9
1122970 2310.3
1122980 2310.3
1122990 2302.1
1123000 2293.5
1123010 2293.5
1123020 2283.4
1123030 2274.3
1123040 2266.2
1123050 2266.2
1123060 2259.7
1123070 2253.2
1123080 2253.2
1123090 2246.4
1123100 2233.5
1123110 2233.5
1123120 2222.6
1123130 2213.3
1123140 2213.3
1123150 2200.4
1123160 2188.4
1123170 2188.4
1123180 2180.3
1123190 2173.8
1123200 2173.8
1123210 2166.6
1123220 2158.1
1123230 2158.1
1123240 2152.2
1123250 2146.0
1123260 2146.0
1123270 2138.4
1123280 2130.6
1123290 2122.7
1123300 2122.7
1123310 2113.2
1123320 2101.6
1123330 2101.6
1123340 2092.0
1123350 2085.0
1123360 2085.0
1123370 2078.7
1123380 2070.8
1123390 2070.8
1123400 2064.7
1123410 2058.7
1123420 2058.7
1123430 2052.3
1123440 2046.0
1123450 2046.0
1123460 2039.5
1123470 2033.7
1123480 2033.7
1123490 2027.4
1123500 2021.7
1123510 2021.7
1123520 2016.3
1123530 2010.3
1123540 2004.1
1123550 2004.1
1123560 1998.1
1123570 1991.7
1123580 1991.7
1123590 1985.9
1123600 1981.0
1123610 1981.0
1123620 1976.7
1123630 1972.5
1123640 1972.5
1123650 1968.2
1123660 1963.8
1123670 1963.8
1123680 1959.0
1123690 1952.8
1123700 1952.8
1123710 1946.1
1123720 1940.1
1123730 1940.1
1123740 1932.8
1123750 1927.4
1123760 1927.4
1123770 1921.7
1123780 1915.9
1123790 1910.1
1123800 1910.1
1123810 1904.2
1123820 1898.6
1123830 1898.6
1123840 1893.1
1123850 1887.8
1123860 1887.8
1123870 1882.3
1123880 1877.2
1123890 1877.2
1123900 1872.6
1123910 1868.1
1123920 1868.1
1123930 1863.7
1123940 1859.4
1123950 1859.4
1123960 1855.0
1123970 1850.7
1123980 1850.7
1123990 1846.9
1124000 1843.2
1124010 1843.2
1124020 1839.8
1124030 1836.4
1124040 1832.6
1124050 1832.6
1124060 1829.2
1124070 1825.6
1124080 1825.6
1124090 1822.5
1124100 1819.5
1124110 1819.5
1124120 1816.3
1124130 1812.9
1124140 1812.9
1124150 1809.6
1124160 1806.5
1124170 1806.5
1124180 1803.3
1124190 1800.5
1124200 1800.5
1124210 1797.9
1124220 1795.5
1124230 1795.5
1124240 1792.6
1124250 1790.1
1124260 1790.1
1124270 1787.5
1124280 1785.5
1124290 1783.4
1124300 1783.4
1124310 1780.6
1124320 1777.9
1124330 1777.9
1124340 1773.7
1124350 1771.0
1124360 1771.0
1124370 1772.5
1124380 1777.0
1124390 1777.0
1124400 1780.6
1124410 1784.4
1124420 1784.4
1124430 1788.5
1124440 1793.1
1124450 1793.1
1124460 1795.6
1124470 1798.0
1124480 1798.0
1124490 1800.5
1124500 1802.9
1124510 1802.9
1124520 1805.6
1124530 1808.8
1124540 1812.2
1124550 1812.2
1124560 1814.9
1124570 1817.8
1124580 1817.8
1124590 1820.9
1124600 1823.5
1124610 1823.5
1124620 1826.4
1124630 1830.4
1124640 1830.4
1124650 1833.3
1124660 1835.3
1124670 1835.3
1124680 1838.0
1124690 1842.3
1124700 1842.3
1124710 1847.1
1124720 1852.2
1124730 1852.2
1124740 1858.1
1124750 1863.9
1124760 1863.9
1124770 1869.9
1124780 1876.4
1124790 1884.8
1124800 1884.8
1124810 1892.0
1124820 1899.3
1124830 1899.3
1124840 1906.8
1124850 1915.1
1124860 1915.1
1124870 1922.9
1124880 1931.3
1124890 1931.3
1124900 1938.8
1124910 1946.4
1124920 1946.4
1124930 1955.6
1124940 1963.2
1124950 1963.2
1124960 1972.0
1124970 1982.0
1124980 1982.0
1124990 1988.4
1125000 1992.4
1125010 1992.4
1125020 2000.0
1125030 2009.5
1125040 2018.1
1125050 2018.1
1125060 2029.4
1125070 2035.3
1125080 2035.3
1125090 2042.1
1125100 2050.3
1125110 2050.3
1125120 2059.0
1125130 2071.9
1125140 2071.9
1125150 2085.0
1125160 2094.3
1125170 2094.3
1125180 2103.8
1125190 2112.4
1125200 2112.4
1125210 2121.3
1125220 2128.1
1125230 2128.1
1125240 2134.9
1125250 2140.3
1125260 2140.3
1125270 2150.9
1125280 2160.9
1125290 2168.2
1125300 2168.2
1125310 2175.3
1125320 2184.3
1125330 2184.3
1125340 2193.2
1125350 2203.1
1125360 2203.1
1125370 2211.4
1125380 2220.0
1125390 2220.0
1125400 2229.9
1125410 2241.2
1125420 2241.2
1125430 2244.5
1125440 2247.3
1125450 2247.3
1125460 2250.9
1125470 2253.4
1125480 2253.4
1125490 2254.2
1125500 2256.8
1125510 2256.8
1125520 2255.9
1125530 2254.7
1125540 2254.5
1125550 2254.5
1125560 2252.4
1125570 2252.1
1125580 2252.1
1125590 2251.4
1125600 2245.6
1125610 2245.6
1125620 2238.2
1125630 2231.2
1125640 2231.2
1125650 2228.1
1125660 2225.4
1125670 2225.4
1125680 2225.8
1125690 2226.0
1125700 2226.0
1125710 2220.8
1125720 2218.0
1125730 2218.0
1125740 2216.9
1125750 2216.2
1125760 2216.2
1125770 2215.4
1125780 2214.6
1125790 2213.2
1125800 2213.2
1125810 2211.8
1125820 2210.3
1125830 2210.3
1125840 2209.6
1125850 2209.4
1125860 2216.4
1125870 2213.5
1125880 2208.7
1125890 2208.7
1125900 2203.5
1125910 2203.4
1125920 2203.4
1125930 2205.3
1125940 2207.6
1125950 2207.6
1125960 2211.4
1125970 2216.2
1125980 2216.2
1125990 2220.6
1126000 2224.8
1126010 2224.8
1126020 2229.2
1126030 2233.1
1126040 2237.4
1126050 2237.4
1126060 2241.6
1126070 2245.3
1126080 2245.3
1126090 2247.8
1126100 2249.1
1126110 2249.1
1126120 2251.5
1126130 2254.6
1126140 2254.6
1126150 2257.9
1126160 2261.2
1126170 2261.2
1126180 2264.8
1126190 2271.9
1126200 2271.9
1126210 2284.9
1126220 2292.2
1126230 2292.2
1126240 2310.8
1126250 2345.8
1126260 2369.5
1126270 2369.5
1126280 2367.2
1126290 2352.6
1126300 2352.6
1126310 2326.4
1126320 2302.5
1126330 2302.5
1126340 2299.1
1126350 2298.7
1126360 2298.7
1126370 2295.6
1126380 2290.9
1126390 2290.9
1126400 2287.7
1126410 2292.1
1126420 2292.1
1126430 2296.4
1126440 2295.8
1126450 2295.8
1126460 2295.2
1126470 2294.5
1126480 2294.5
1126490 2292.5
1126500 2289.2
1126510 2285.6
1126520 2285.6
1126530 2282.5
1126540 2278.8
1126550 2278.8
1126560 2279.0
1126570 2274.0
1126580 2274.0
1126590 2268.4
1126600 2263.8
1126610 2263.8
1126620 2262.0
1126630 2262.8
1126640 2262.8
1126650 2263.5
1126660 2264.3
1126670 2264.3
1126680 2265.2
1126690 2265.4
1126700 2265.4
1126710 2265.6
1126720 2265.7
1126730 2265.7
1126740 2265.2
1126750 2264.7
1126760 2264.0
1126770 2264.0
1126780 2263.0
1126790 2262.0
1126800 2262.0
1126810 2261.0
1126820 2260.1
1126830 2260.1
1126840 2259.9
1126850 2260.2
1126860 2260.2
1126870 2261.4
1126880 2263.0
1126890 2263.0
1126900 2263.5
1126910 2264.8
1126920 2270.8
1126930 2271.6
1126940 2273.3
1126950 2273.3
1126960 2276.2
1126970 2280.5
1126980 2280.5
1126990 2285.5
1127000 2290.0
1127010 2294.6
1127020 2294.6
1127030 2299.9
1127040 2305.6
1127050 2305.6
1127060 2311.7
1127070 2317.4
1127080 2317.4
1127090 2323.3
1127100 2329.5
1127110 2329.5
1127120 2336.5
1127130 2343.5
1127140 2343.5
1127150 2350.9
1127160 2358.5
1127170 2358.5
1127180 2370.8
1127190 2388.8
1127200 2388.8
1127210 2402.9
1127220 2416.3
1127230 2416.3
1127240 2418.0
1127250 2415.5
1127260 2423.4
1127270 2423.4
1127280 2436.5
1127290 2462.3
1127300 2462.3
1127310 2477.6
1127320 2492.3
1127330 2492.3
1127340 2499.4
1127350 2495.6
1127360 2495.6
1127370 2489.2
1127380 2482.8
1127390 2482.8
1127400 2476.0
1127410 2466.5
1127420 2466.5
1127430 2460.0
1127440 2457.8
1127450 2457.8
1127460 2456.2
1127470 2453.5
1127480 2453.5
1127490 2446.2
1127500 2430.1
1127510 2407.8
1127520 2407.8
1127530 2379.0
1127540 2369.2
1127550 2369.2
1127560 2361.2
1127570 2353.9
1127580 2353.9
1127590 2346.6
1127600 2338.7
1127610 2338.7
1127620 2331.0
1127630 2322.7
1127640 2322.7
1127650 2315.3
1127660 2308.1
1127670 2308.1
1127680 2301.0
1127690 2294.1
1127700 2294.1
1127710 2287.2
1127720 2281.8
1127730 2281.8
1127740 2276.1
1127750 2269.8
1127760 2263.9
1127770 2263.9
1127780 2257.9
1127790 2250.9
1127800 2250.9
1127810 2243.9
1127820 2237.2
1127830 2237.2
1127840 2230.9
1127850 2224.8
1127860 2224.8
1127870 2218.4
1127880 2212.2
1127890 2212.2
1127900 2207.2
1127910 2202.8
1127920 2202.8
1127930 2198.0
1127940 2192.9
1127950 2192.9
1127960 2186.9
1127970 2181.6
1127980 2181.6
1127990 2178.5
1128000 2172.9
1128010 2162.6
1128020 2162.6
1128030 2153.2
1128040 2147.2
1128050 2147.2
1128060 2141.9
1128070 2136.6
1128080 2136.6
1128090 2130.9
1128100 2123.5
1128110 2123.5
1128120 2117.2
1128130 2111.2
1128140 2111.2
1128150 2105.1
1128160 2098.8
1128170 2098.8
1128180 2092.9
1128190 2087.2
1128200 2087.2
1128210 2081.5
1128220 2075.8
1128230 2075.8
1128240 2070.2
1128250 2065.2
1128260 2060.9
1128270 2060.9
1128280 2058.3
1128290 2057.3
1128300 2057.3
1128310 2049.0
1128320 2040.2
1128330 2040.2
1128340 2027.6
1128350 2022.2
1128360 2022.2
1128370 2018.3
1128380 2014.5
1128390 2014.5
1128400 2010.4
1128410 2006.7
1128420 2006.7
1128430 2002.8
1128440 1999.0
1128450 1999.0
1128460 1995.9
1128470 1993.1
1128480 1993.1
1128490 1991.5
1128500 1991.3
1128510 1992.1
1128520 1992.1
1128530 1994.1
1128540 1995.1
1128550 1995.1
1128560 1995.7
1128570 1995.4
1128580 1995.4
1128590 1994.1
1128600 1992.2
1128610 1992.2
1128620 1989.3
1128630 1986.6
1128640 1986.6
1128650 1985.7
1128660 1985.1
1128670 1985.1
1128680 1982.2
1128690 1973.1
1128700 1972.2
1128710 1968.6
1128720 1967.7
1128730 1967.7
1128740 1968.0
1128750 1967.7
1128760 1968.7
1128770 1968.7
1128780 1972.9
1128790 1977.0
1128800 1977.0
1128810 1978.4
1128820 1978.2
1128830 1978.2
1128840 1975.1
1128850 1972.5
1128860 1972.5
1128870 1969.0
1128880 1966.6
1128890 1966.6
1128900 1965.5
1128910 1964.4
1128920 1964.4
1128930 1959.8
1128940 1957.6
1128950 1957.6
1128960 1951.1
1128970 1939.5
1128980 1939.5
1128990 1933.0
1129000 1928.0
1129010 1923.6
1129020 1923.6
1129030 1920.8
1129040 1919.4
1129050 1919.4
1129060 1924.1
1129070 1923.6
1129080 1923.6
1129090 1923.4
1129100 1924.7
1129110 1924.7
1129120 1926.1
1129130 1928.0
1129140 1928.0
1129150 1929.6
1129160 1930.9
1129170 1930.9
1129180 1933.4
1129190 1936.7
1129200 1936.7
1129210 1940.2
1129220 1943.7
1129230 1943.7
1129240 1946.8
1129250 1946.8
1129260 1947.1
1129270 1947.1
1129280 1947.4
1129290 1948.1
1129300 1948.1
1129310 1949.1
1129320 1949.6
1129330 1949.6
1129340 1949.8
1129350 1950.3
1129360 1950.3
1129370 1950.2
1129380 1949.8
1129390 1949.8
1129400 1948.5
1129410 1946.8
1129420 1949.5
1129430 1948.9
1129440 1947.4
1129450 1947.4
1129460 1945.3
1129470 1943.8
1129480 1943.8
1129490 1942.8
1129500 1942.1
1129510 1941.5
1129520 1941.5
1129530 1941.5
1129540 1941.7
1129550 1941.7
1129560 1941.4
1129570 1940.6
1129580 1940.6
1129590 1939.6
1129600 1938.7
1129610 1938.7
1129620 1938.4
1129630 1938.7
1129640 1938.7
1129650 1939.1
1129660 1939.8
1129670 1939.8
1129680 1940.3
1129690 1940.7
1129700 1940.7
1129710 1941.0
1129720 1940.9
1129730 1940.9
1129740 1940.9
1129750 1941.1
1129760 1942.3
1129770 1940.2
1129780 1938.0
1129790 1937.0
1129800 1937.0
1129810 1938.7
1129820 1939.9
1129830 1939.9
1129840 1939.3
1129850 1938.3
1129860 1938.3
1129870 1938.8
1129880 1940.0
1129890 1940.0
1129900 1940.4
1129910 1941.4
1129920 1941.4
1129930 1940.9
1129940 1939.8
1129950 1939.8
1129960 1938.7
1129970 1935.9
1129980 1935.9
1129990 1933.6
1130000 1933.9
1130010 1935.0
1130020 1935.0
1130030 1932.6
1130040 1927.8
1130050 1927.8
1130060 1924.6
1130070 1921.5
1130080 1921.5
1130090 1917.8
1130100 1913.7
1130110 1913.7
1130120 1918.8
1130130 1925.4
1130140 1925.4
1130150 1924.0
1130160 1920.8
1130170 1920.8
1130180 1916.3
1130190 1912.1
1130200 1912.1
1130210 1913.8
1130220 1920.4
1130230 1920.4
1130240 1921.4
1130250 1919.6
1130260 1917.2
1130270 1917.2
1130280 1914.2
1130290 1909.8
1130300 1909.8
1130310 1906.2
1130320 1900.8
1130330 1900.8
1130340 1897.1
1130350 1899.5
1130360 1899.5
1130370 1897.9
1130380 1887.5
1130390 1887.5
1130400 1873.0
1130410 1858.5
1130420 1858.5
1130430 1847.1
1130440 1839.0
1130450 1839.0
1130460 1828.3
1130470 1815.9
1130480 1802.1
1130490 1808.0
1130500 1796.4
1130510 1782.5
1130520 1782.5
1130530 1772.6
1130540 1763.0
1130550 1763.0
1130560 1754.9
1130570 1747.6
1130580 1747.6
1130590 1739.6
1130600 1731.5
1130610 1731.5
1130620 1722.7
1130630 1714.0
1130640 1714.0
1130650 1707.4
1130660 1701.7
1130670 1701.7
1130680 1695.6
1130690 1690.9
1130700 1690.9
1130710 1688.2
1130720 1684.8
1130730 1682.6
1130740 1682.6
1130750 1680.8
1130760 1677.5
1130770 1677.5
1130780 1673.5
1130790 1669.6
1130800 1669.6
1130810 1665.8
1130820 1662.5
1130830 1662.5
1130840 1659.5
1130850 1660.2
1130860 1660.2
1130870 1657.7
1130880 1656.6
1130890 1656.6
1130900 1654.2
1130910 1649.6
1130920 1649.6
1130930 1649.0
1130940 1650.2
1130950 1650.2
1130960 1651.0
1130970 1656.1
1130980 1663.2
1130990 1663.2
1131000 1666.2
1131010 1668.1
1131020 1668.1
1131030 1671.0
1131040 1671.9
1131050 1671.9
1131060 1674.4
1131070 1678.0
1131080 1678.0
1131090 1681.3
1131100 1685.6
1131110 1685.6
1131120 1691.8
1131130 1694.7
1131140 1694.7
1131150 1697.6
1131160 1704.0
1131170 1704.0
1131180 1708.7
1131190 1713.8
1131200 1713.8
1131210 1715.3
1131220 1720.1
1131230 1725.7
1131240 1725.7
1131250 1731.8
1131260 1737.1
1131270 1737.1
1131280 1744.7
1131290 1751.0
1131300 1751.0
1131310 1757.8
1131320 1764.3
1131330 1764.3
1131340 1771.8
1131350 1779.2
1131360 1779.2
1131370 1784.5
1131380 1788.2
1131390 1788.2
1131400 1792.9
1131410 1797.8
1131420 1797.8
1131430 1804.1
1131440 1811.9
1131450 1811.9
1131460 1819.7
1131470 1826.7
1131480 1833.9
1131490 1833.9
1131500 1837.3
1131510 1837.5
1131520 1837.5
1131530 1841.6
1131540 1849.7
1131550 1849.7
1131560 1854.2
1131570 1848.7
1131580 1848.7
1131590 1854.4
1131600 1859.9
1131610 1859.9
1131620 1864.5
1131630 1868.5
1131640 1868.5
1131650 1873.9
1131660 1881.7
1131670 1881.7
1131680 1890.4
1131690 1898.2
1131700 1898.2
1131710 1904.8
1131720 1910.4
1131730 1916.9
1131740 1916.9
1131750 1921.5
1131760 1925.4
1131770 1925.4
1131780 1928.7
1131790 1932.6
1131800 1932.6
1131810 1936.6
1131820 1941.3
1131830 1941.3
1131840 1946.1
1131850 1950.0
1131860 1950.0
1131870 1953.0
1131880 1954.9
1131890 1954.9
1131900 1956.3
1131910 1957.4
1131920 1957.4
1131930 1956.3
1131940 1957.5
1131950 1957.5
1131960 1958.4
1131970 1959.5
1131980 1960.8
1131990 1960.8
1132000 1961.6
1132010 1963.1
1132020 1963.1
1132030 1964.6
1132040 1965.9
1132050 1965.9
1132060 1966.4
1132070 1967.2
1132080 1967.2
1132090 1968.4
1132100 1969.5
1132110 1969.5
1132120 1969.8
1132130 1971.7
1132140 1971.7
1132150 1973.3
1132160 1975.3
1132170 1975.3
1132180 1978.8
1132190 1983.3
1132200 1983.3
1132210 1987.2
1132220 1989.3
1132230 1991.0
1132240 1991.0
1132250 1992.5
1132260 1993.9
1132270 1993.9
1132280 1994.2
1132290 1988.1
1132300 1988.1
1132310 1987.1
1132320 1986.4
1132330 1986.4
1132340 1986.0
1132350 1986.3
1132360 1986.3
1132370 1985.8
1132380 1985.1
1132390 1985.1
1132400 1984.9
1132410 1984.6
1132420 1984.6
1132430 1983.9
1132440 1982.4
1132450 1982.4
1132460 1980.7
1132470 1980.2
1132480 1982.1
1132490 1982.1
1132500 1983.2
1132510 1984.6
1132520 1984.6
1132530 1986.1
1132540 1986.0
1132550 1986.0
1132560 1984.4
1132570 1982.3
1132580 1982.3
1132590 1981.2
1132600 1982.0
1132610 1982.0
1132620 1985.2
1132630 1988.1
1132640 1988.1
1132650 1984.5
1132660 1985.6
1132670 1985.6
1132680 1986.4
1132690 1986.3
1132700 1986.3
1132710 1985.3
1132720 1980.1
1132730 1972.5
1132740 1972.5
1132750 1978.5
1132760 1987.8
1132770 1987.8
1132780 1990.6
1132790 1991.0
1132800 1991.0
1132810 1990.7
1132820 1989.4
1132830 1989.4
1132840 1991.6
1132850 1993.4
1132860 1993.4
1132870 1994.7
1132880 1996.5
1132890 1996.5
1132900 1998.2
1132910 1999.8
1132920 1999.8
1132930 2001.8
1132940 2003.9
1132950 2003.9
1132960 2005.3
1132970 2007.0
1132980 2008.2
1132990 2008.2
1133000 2009.6
1133010 2006.0
1133020 2006.0
1133030 2006.2
1133040 2006.2
1133050 2006.2
1133060 2008.2
1133070 2008.8
1133080 2008.8
1133090 2008.6
1133100 2006.5
1133110 2006.5
1133120 2007.0
1133130 2011.9
1133140 2011.9
1133150 2013.7
1133160 2014.4
1133170 2014.4
1133180 2013.5
1133190 2013.6
1133200 2013.6
1133210 2014.4
1133220 2014.5
1133230 2014.8
1133240 2014.8
1133250 2013.7
1133260 2013.8
1133270 2013.8
1133280 2014.8
1133290 2015.2
1133300 2015.2
1133310 2015.7
1133320 2014.5
1133330 2014.5
1133340 2013.8
1133350 2014.0
1133360 2014.0
1133370 2008.4
1133380 2009.0
1133390 2009.0
1133400 2010.1
1133410 2009.8
1133420 2009.8
1133430 2010.9
1133440 2012.6
1133450 2012.6
1133460 2014.1
1133470 2014.2
1133480 2013.0
1133490 2013.0
1133500 2014.0
1133510 2015.0
1133520 2015.0
1133530 2016.0
1133540 2016.8
1133550 2016.8
1133560 2018.5
1133570 2020.2
1133580 2020.2
1133590 2022.6
1133600 2024.1
1133610 2024.1
1133620 2024.4
1133630 2024.9
1133640 2024.9
1133650 2025.2
1133660 2025.0
1133670 2025.0
1133680 2024.9
1133690 2024.3
1133700 2024.3
1133710 2023.6
1133720 2024.0
1133730 2023.6
1133740 2019.1
1133750 2017.4
1133760 2014.8
1133770 2014.8
1133780 2013.6
1133790 2014.2
1133800 2014.2
1133810 2014.4
1133820 2015.6
1133830 2015.6
1133840 2016.0
1133850 2014.9
1133860 2014.9
1133870 2014.2
1133880 2015.6
1133890 2015.6
1133900 2017.1
1133910 2018.2
1133920 2018.2
1133930 2019.7
1133940 2020.6
1133950 2020.6
1133960 2021.5
1133970 2023.6
1133980 2024.0
1133990 2024.0
1134000 2025.5
1134010 2026.8
1134020 2026.8
1134030 2027.5
1134040 2029.5
1134050 2029.5
1134060 2032.5
1134070 2034.4
1134080 2034.4
1134090 2036.0
1134100 2027.7
1134110 2027.7
1134120 2029.9
1134130 2034.8
1134140 2034.8
1134150 2039.1
1134160 2043.0
1134170 2043.0
1134180 2044.9
1134190 2045.5
1134200 2045.2
1134210 2045.2
1134220 2044.8
1134230 2045.3
1134240 2045.3
1134250 2049.3
1134260 2053.4
1134270 2053.4
1134280 2056.9
1134290 2060.6
1134300 2060.6
1134310 2063.8
1134320 2066.4
1134330 2066.4
1134340 2069.9
1134350 2079.6
1134360 2079.6
1134370 2088.7
1134380 2098.0
1134390 2098.0
1134400 2107.7
1134410 2110.3
1134420 2110.3
1134430 2114.1
1134440 2113.0
1134450 2109.7
1134460 2102.2
1134470 2095.3
1134480 2087.5
1134490 2087.5
1134500 2085.5
1134510 2090.3
1134520 2090.3
1134530 2085.3
1134540 2077.9
1134550 2077.9
1134560 2071.3
1134570 2067.8
1134580 2067.8
1134590 2066.5
1134600 2069.4
1134610 2069.4
1134620 2072.1
1134630 2073.4
1134640 2073.4
1134650 2077.9
1134660 2082.2
1134670 2082.2
1134680 2086.6
1134690 2090.8
1134700 2091.4
1134710 2091.4
1134720 2088.0
1134730 2083.1
1134740 2083.1
1134750 2078.4
1134760 2078.3
1134770 2078.3
1134780 2084.2
1134790 2089.0
1134800 2089.0
1134810 2093.2
1134820 2095.6
1134830 2093.5
1134840 2094.3
1134850 2095.9
1134860 2095.9
1134870 2098.4
1134880 2101.5
1134890 2101.5
1134900 2104.5
1134910 2107.1
1134920 2107.1
1134930 2110.3
1134940 2114.3
1134950 2118.1
1134960 2118.1
1134970 2123.1
1134980 2128.7
1134990 2128.7
1135000 2133.9
1135010 2138.6
1135020 2138.6
1135030 2143.3
1135040 2147.3
1135050 2147.3
1135060 2151.6
1135070 2155.6
1135080 2155.6
1135090 2159.1
1135100 2162.1
1135110 2162.1
1135120 2164.9
1135130 2167.9
1135140 2167.9
1135150 2172.5
1135160 2177.0
1135170 2177.0
1135180 2182.2
1135190 2182.4
1135200 2186.6
1135210 2186.6
1135220 2189.8
1135230 2192.4
1135240 2192.4
1135250 2195.9
1135260 2201.0
1135270 2201.0
1135280 2205.5
1135290 2210.7
1135300 2210.7
1135310 2220.4
1135320 2232.7
1135330 2232.7
1135340 2234.0
1135350 2239.4
1135360 2239.4
1135370 2248.9
1135380 2248.1
1135390 2248.1
1135400 2252.0
1135410 2262.9
1135420 2262.9
1135430 2276.4
1135440 2283.3
1135450 2287.9
1135460 2287.9
1135470 2289.9
1135480 2289.7
1135490 2289.7
1135500 2290.3
1135510 2293.0
1135520 2293.0
1135530 2295.4
1135540 2297.9
1135550 2293.0
1135560 2295.7
1135570 2298.8
1135580 2298.8
1135590 2301.8
1135600 2304.5
1135610 2304.5
1135620 2306.7
1135630 2308.4
1135640 2308.4
1135650 2309.3
1135660 2309.2
1135670 2309.2
1135680 2309.0
1135690 2307.7
1135700 2303.5
1135710 2303.5
1135720 2298.8
1135730 2295.7
1135740 2295.7
1135750 2294.8
1135760 2294.7
1135770 2294.7
1135780 2293.3
1135790 2292.3
1135800 2292.3
1135810 2291.7
1135820 2291.2
1135830 2291.2
1135840 2290.8
1135850 2289.6
1135860 2289.6
1135870 2288.8
1135880 2288.4
1135890 2288.4
1135900 2288.2
1135910 2287.6
1135920 2291.0
1135930 2290.0
1135940 2285.4
1135950 2280.1
1135960 2280.1
1135970 2275.9
1135980 2271.0
1135990 2271.0
1136000 2264.9
1136010 2259.1
1136020 2259.1
1136030 2254.1
1136040 2249.2
1136050 2249.2
1136060 2244.3
1136070 2239.9
1136080 2239.9
1136090 2235.1
1136100 2230.4
1136110 2230.4
1136120 2226.5
1136130 2223.2
1136140 2223.2
1136150 2220.3
1136160 2217.6
1136170 2217.6
1136180 2215.1
1136190 2213.0
1136200 2210.7
1136210 2210.7
1136220 2209.2
1136230 2207.3
1136240 2207.3
1136250 2205.3
1136260 2203.4
1136270 2203.4
1136280 2202.0
1136290 2201.0
1136300 2201.0
1136310 2200.3
1136320 2199.8
1136330 2199.8
1136340 2199.2
1136350 2198.7
1136360 2198.7
1136370 2198.5
1136380 2197.3
1136390 2197.3
1136400 2196.0
1136410 2194.0
1136420 2194.0
1136430 2192.3
1136440 2191.7
1136450 2191.3
1136460 2191.3
1136470 2190.7
1136480 2190.2
1136490 2190.2
1136500 2190.0
1136510 2190.5
1136520 2190.5
1136530 2191.6
1136540 2192.4
1136550 2192.4
1136560 2192.9
1136570 2193.5
1136580 2193.5
1136590 2193.0
1136600 2190.8
1136610 2190.8
1136620 2188.2
1136630 2183.0
1136640 2183.0
1136650 2178.4
1136660 2179.4
1136670 2179.4
1136680 2180.9
1136690 2181.8
1136700 2185.6
1136710 2185.6
1136720 2184.6
1136730 2182.7
1136740 2182.7
1136750 2180.3
1136760 2177.6
1136770 2177.6
1136780 2174.3
1136790 2172.5
1136800 2172.5
1136810 2169.7
1136820 2168.9
1136830 2168.9
1136840 2166.5
1136850 2160.7
1136860 2160.7
1136870 2165.7
1136880 2172.3
1136890 2172.3
1136900 2175.0
1136910 2176.5
1136920 2176.5
1136930 2178.6
1136940 2180.9
1136950 2184.3
1136960 2184.3
1136970 2187.2
1136980 2188.8
1136990 2188.8
1137000 2189.0
1137010 2194.8
1137020 2194.8
1137030 2193.8
1137040 2192.4
1137050 2192.4
1137060 2190.1
1137070 2188.7
1137080 2188.7
1137090 2188.0
1137100 2187.2
1137110 2187.2
1137120 2186.5
1137130 2187.3
1137140 2187.3
1137150 2188.4
1137160 2189.2
1137170 2189.2
1137180 2190.8
1137190 2193.3
1137200 2195.7
1137210 2195.7
1137220 2198.2
1137230 2202.7
1137240 2202.7
1137250 2202.3
1137260 2213.4
1137270 2213.4
1137280 2230.8
1137290 2235.8
1137300 2235.8
1137310 2242.8
1137320 2248.8
1137330 2248.8
1137340 2241.1
1137350 2255.2
1137360 2255.2
1137370 2258.0
1137380 2264.3
1137390 2264.3
1137400 2261.2
1137410 2260.0
1137420 2259.1
1137430 2259.1
1137440 2255.9
1137450 2249.9
1137460 2249.9
1137470 2247.9
1137480 2243.9
1137490 2243.9
1137500 2245.4
1137510 2253.5
1137520 2253.5
1137530 2259.7
1137540 2264.3
1137550 2264.3
1137560 2266.4
1137570 2267.7
1137580 2267.7
1137590 2269.0
1137600 2268.7
1137610 2268.7
1137620 2268.3
1137630 2267.8
1137640 2267.8
1137650 2265.8
1137660 2264.3
1137670 2269.2
1137680 2269.2
1137690 2274.6
1137700 2274.6
1137710 2274.6
1137720 2276.4
1137730 2285.4
1137740 2285.4
1137750 2302.5
1137760 2302.6
1137770 2302.6
1137780 2298.9
1137790 2301.1
1137800 2301.1
1137810 2314.4
1137820 2324.4
1137830 2324.4
1137840 2332.1
1137850 2340.9
1137860 2340.9
1137870 2347.3
1137880 2344.0
1137890 2344.0
1137900 2336.3
1137910 2343.7
1137920 2352.6
1137930 2352.6
1137940 2360.6
1137950 2370.9
1137960 2370.9
1137970 2384.8
1137980 2407.6
1137990 2407.6
1138000 2408.7
1138010 2409.0
1138020 2409.0
1138030 2393.3
1138040 2378.0
1138050 2378.0
1138060 2371.7
1138070 2366.6
1138080 2366.6
1138090 2361.6
1138100 2356.7
1138110 2361.1
1138120 2355.4
1138130 2350.0
1138140 2350.0
1138150 2347.0
1138160 2345.7
1138170 2344.5
1138180 2344.5
1138190 2342.0
1138200 2338.5
1138210 2338.5
1138220 2333.9
1138230 2329.6
1138240 2329.6
1138250 2325.6
1138260 2322.6
1138270 2322.6
1138280 2320.5
1138290 2318.5
1138300 2318.5
1138310 2316.4
1138320 2314.7
1138330 2314.7
1138340 2313.2
1138350 2312.7
1138360 2312.7
1138370 2313.8
1138380 2315.6
1138390 2315.6
1138400 2317.4
1138410 2319.4
1138420 2321.6
1138430 2321.6
1138440 2324.3
1138450 2327.0
1138460 2327.0
1138470 2328.8
1138480 2337.1
1138490 2337.1
1138500 2338.6
1138510 2339.1
1138520 2339.1
1138530 2338.8
1138540 2337.8
1138550 2337.8
1138560 2339.4
1138570 2344.7
1138580 2344.7
1138590 2348.8
1138600 2361.4
1138610 2361.4
1138620 2378.2
1138630 2396.8
1138640 2396.8
1138650 2410.2
1138660 2420.2
1138670 2437.9
1138680 2437.9
1138690 2463.2
1138700 2467.8
1138710 2467.8
1138720 2462.5
1138730 2455.7
1138740 2455.7
1138750 2445.6
1138760 2438.1
1138770 2438.1
1138780 2428.4
1138790 2429.4
1138800 2429.4
1138810 2442.7
1138820 2451.3
1138830 2451.3
1138840 2452.5
1138850 2455.1
1138860 2455.1
1138870 2476.4
1138880 2495.5
1138890 2495.5
1138900 2491.0
1138910 2489.3
1138920 2488.2
1138930 2488.2
1138940 2479.0
1138950 2465.5
1138960 2465.5
1138970 2481.7
1138980 2501.4
1138990 2501.4
1139000 2505.5
1139010 2507.0
1139020 2507.0
1139030 2497.4
1139040 2498.5
1139050 2498.5
1139060 2503.6
1139070 2498.5
1139080 2498.5
1139090 2486.8
1139100 2473.6
1139110 2473.6
1139120 2461.8
1139130 2457.5
1139140 2457.5
1139150 2459.0
1139160 2461.5
1139170 2469.4
1139180 2469.4
1139190 2490.4
1139200 2507.4
1139210 2499.3
1139220 2512.3
1139230 2526.9
1139240 2526.9
1139250 2529.2
1139260 2525.7
1139270 2525.7
1139280 2498.2
1139290 2483.0
1139300 2483.0
1139310 2481.7
1139320 2477.3
1139330 2477.3
1139340 2461.8
1139350 2455.9
1139360 2455.9
1139370 2460.1
1139380 2462.5
1139390 2462.5
1139400 2457.0
1139410 2457.8
1139420 2469.7
1139430 2469.7
1139440 2489.1
1139450 2503.4
1139460 2503.4
1139470 2497.6
1139480 2479.0
1139490 2479.0
1139500 2470.6
1139510 2466.4
1139520 2466.4
1139530 2465.6
1139540 2464.3
1139550 2464.3
1139560 2459.0
1139570 2458.1
1139580 2450.6
1139590 2451.5
1139600 2451.9
1139610 2451.9
1139620 2452.6
1139630 2453.7
1139640 2453.7
1139650 2451.3
1139660 2452.1
1139670 2452.8
1139680 2452.8
1139690 2453.9
1139700 2457.0
1139710 2457.0
1139720 2461.6
1139730 2464.3
1139740 2464.3
1139750 2466.6
1139760 2472.0
1139770 2472.0
1139780 2477.1
1139790 2482.5
1139800 2482.5
1139810 2487.6
1139820 2492.4
1139830 2492.4
1139840 2498.6
1139850 2505.9
1139860 2505.9
1139870 2511.2
1139880 2518.0
1139890 2518.0
1139900 2525.5
1139910 2531.2
1139920 2534.4
1139930 2534.4
1139940 2529.2
1139950 2515.7
1139960 2515.7
1139970 2506.7
1139980 2499.3
1139990 2499.3
