1120000 1880.1
1120010 1880.1
1120020 1887.7
1120030 1897.3
1120040 1897.3
1120050 1908.3
1120060 1917.7
1120070 1917.7
1120080 1924.3
1120090 1932.5
1120100 1932.5
1120110 1941.9
1120120 1948.6
1120130 1948.6
1120140 1954.7
1120150 1965.0
1120160 1973.8
1120170 1977.2
1120180 1983.0
1120190 1991.4
1120200 1991.4
1120210 1999.8
1120220 2006.5
1120230 2006.5
1120240 2012.3
1120250 2018.2
1120260 2018.2
1120270 2025.8
1120280 2035.9
1120290 2035.9
1120300 2043.8
1120310 2052.1
1120320 2052.1
1120330 2059.2
1120340 2068.2
1120350 2068.2
1120360 2077.0
1120370 2083.5
1120380 2089.6
1120390 2089.6
1120400 2095.5
1120410 2101.3
1120420 2101.3
1120430 2107.5
1120440 2114.0
1120450 2114.0
1120460 2120.1
1120470 2127.1
1120480 2127.1
1120490 2134.4
1120500 2141.4
1120510 2141.4
1120520 2151.9
1120530 2159.0
1120540 2159.0
1120550 2168.6
1120560 2179.5
1120570 2179.5
1120580 2189.1
1120590 2197.1
1120600 2197.1
1120610 2204.2
1120620 2209.2
1120630 2214.3
1120640 2214.3
1120650 2219.3
1120660 2225.4
1120670 2225.4
1120680 2231.7
1120690 2238.4
1120700 2238.4
1120710 2245.2
1120720 2252.2
1120730 2252.2
1120740 2259.3
1120750 2266.5
1120760 2266.5
1120770 2273.5
1120780 2280.5
1120790 2280.5
1120800 2287.6
1120810 2295.5
1120820 2295.5
1120830 2303.6
1120840 2314.3
1120850 2314.3
1120860 2329.8
1120870 2352.4
1120880 2362.4
1120890 2362.4
1120900 2370.1
1120910 2376.3
1120920 2376.3
1120930 2380.8
1120940 2389.5
1120950 2389.5
1120960 2399.2
1120970 2396.7
1120980 2396.7
1120990 2394.4
1121000 2392.2
1121010 2392.2
1121020 2389.7
1121030 2388.0
1121040 2388.0
1121050 2387.4
1121060 2388.0
1121070 2388.0
1121080 2386.8
1121090 2385.6
1121100 2385.6
1121110 2386.9
1121120 2388.7
1121130 2389.1
1121140 2389.1
1121150 2397.5
1121160 2410.7
1121170 2410.7
1121180 2410.3
1121190 2408.1
1121200 2408.1
1121210 2407.0
1121220 2398.5
1121230 2398.5
1121240 2399.9
1121250 2400.4
1121260 2400.4
1121270 2403.0
1121280 2410.1
1121290 2410.1
1121300 2413.9
1121310 2412.8
1121320 2412.8
1121330 2421.0
1121340 2440.8
1121350 2440.8
1121360 2449.5
1121370 2447.1
1121380 2444.0
1121390 2444.0
1121400 2442.7
1121410 2443.3
1121420 2443.3
1121430 2446.5
1121440 2455.5
1121450 2455.5
1121460 2473.3
1121470 2477.6
1121480 2477.6
1121490 2491.9
1121500 2488.7
1121510 2488.7
1121520 2485.8
1121530 2483.9
1121540 2483.9
1121550 2486.8
1121560 2501.9
1121570 2493.8
1121580 2496.2
1121590 2497.5
1121600 2497.5
1121610 2503.5
1121620 2513.6
1121630 2522.4
1121640 2522.4
1121650 2529.5
1121660 2536.7
1121670 2536.7
1121680 2543.4
1121690 2546.0
1121700 2546.0
1121710 2542.4
1121720 2534.9
1121730 2534.9
1121740 2526.1
1121750 2518.7
1121760 2518.7
1121770 2510.3
1121780 2503.4
1121790 2503.4
1121800 2497.0
1121810 2490.9
1121820 2490.9
1121830 2485.2
1121840 2480.0
1121850 2480.0
1121860 2475.1
1121870 2470.8
1121880 2466.1
1121890 2466.1
1121900 2460.5
1121910 2456.5
1121920 2460.9
1121930 2458.0
1121940 2454.4
1121950 2454.4
1121960 2451.3
1121970 2449.2
1121980 2449.2
1121990 2449.1
1122000 2448.2
1122010 2448.2
1122020 2446.0
1122030 2443.2
1122040 2443.2
1122050 2440.4
1122060 2438.3
1122070 2438.3
1122080 2438.0
1122090 2437.5
1122100 2437.5
1122110 2437.2
1122120 2436.9
1122130 2436.5
1122140 2436.5
1122150 2435.5
1122160 2433.1
1122170 2433.1
1122180 2430.2
1122190 2429.9
1122200 2429.9
1122210 2429.3
1122220 2429.8
1122230 2429.8
1122240 2431.7
1122250 2433.1
1122260 2433.1
1122270 2441.2
1122280 2444.8
1122290 2444.8
1122300 2448.5
1122310 2452.6
1122320 2452.6
1122330 2457.6
1122340 2463.5
1122350 2463.5
1122360 2470.4
1122370 2478.2
1122380 2489.0
1122390 2489.0
1122400 2498.1
1122410 2503.2
1122420 2503.2
1122430 2497.0
1122440 2489.4
1122450 2489.4
1122460 2485.6
1122470 2483.5
1122480 2483.5
1122490 2481.7
1122500 2481.6
1122510 2481.6
1122520 2482.0
1122530 2481.9
1122540 2481.9
1122550 2481.3
1122560 2479.9
1122570 2479.9
1122580 2479.1
1122590 2477.5
1122600 2477.5
1122610 2473.9
1122620 2475.5
1122630 2471.1
1122640 2471.1
1122650 2466.0
1122660 2460.2
1122670 2460.2
1122680 2454.5
1122690 2449.8
1122700 2449.8
1122710 2444.5
1122720 2437.3
1122730 2437.3
1122740 2427.3
1122750 2420.1
1122760 2420.1
1122770 2414.4
1122780 2412.0
1122790 2412.0
1122800 2411.9
1122810 2406.3
1122820 2406.3
1122830 2398.8
1122840 2392.0
1122850 2392.0
1122860 2387.8
1122870 2387.4
1122880 2385.5
1122890 2385.5
1122900 2379.5
1122910 2379.9
1122920 2379.9
1122930 2381.5
1122940 2383.1
1122950 2383.1
1122960 2385.6
1122970 2382.1
1122980 2382.1
1122990 2383.6
1123000 2386.3
1123010 2386.3
1123020 2389.0
1123030 2391.9
1123040 2391.9
1123050 2396.0
1123060 2400.8
1123070 2400.8
1123080 2406.1
1123090 2410.5
1123100 2410.5
1123110 2414.2
1123120 2418.0
1123130 2421.5
1123140 2421.5
1123150 2421.9
1123160 2417.6
1123170 2417.6
1123180 2407.5
1123190 2393.2
1123200 2393.2
1123210 2378.1
1123220 2358.5
1123230 2358.5
1123240 2341.4
1123250 2321.7
1123260 2321.7
1123270 2301.2
1123280 2287.7
1123290 2287.7
1123300 2281.7
1123310 2274.9
1123320 2278.2
1123330 2269.2
1123340 2260.8
1123350 2252.4
1123360 2252.4
1123370 2242.6
1123380 2235.6
1123390 2235.6
1123400 2228.3
1123410 2218.8
1123420 2218.8
1123430 2209.0
1123440 2203.5
1123450 2203.5
1123460 2198.4
1123470 2192.7
1123480 2192.7
1123490 2185.1
1123500 2176.9
1123510 2176.9
1123520 2168.0
1123530 2154.4
1123540 2154.4
1123550 2137.7
1123560 2122.8
1123570 2122.8
1123580 2114.7
1123590 2104.0
1123600 2090.0
1123610 2090.0
1123620 2080.2
1123630 2069.8
1123640 2069.8
1123650 2059.7
1123660 2052.5
1123670 2052.5
1123680 2049.3
1123690 2039.6
1123700 2039.6
1123710 2032.5
1123720 2027.7
1123730 2027.7
1123740 2023.5
1123750 2019.1
1123760 2019.1
1123770 2014.7
1123780 2011.8
1123790 2011.8
1123800 2008.2
1123810 2002.3
1123820 2002.3
1123830 1996.4
1123840 1990.7
1123850 1983.8
1123860 1983.8
1123870 1978.0
1123880 1973.0
1123890 1973.0
1123900 1967.7
1123910 1961.2
1123920 1961.2
1123930 1954.1
1123940 1946.7
1123950 1946.7
1123960 1940.4
1123970 1934.7
1123980 1934.7
1123990 1932.2
1124000 1929.7
1124010 1929.7
1124020 1925.3
1124030 1928.7
1124040 1928.7
1124050 1926.1
1124060 1923.4
1124070 1923.4
1124080 1920.9
1124090 1919.0
1124100 1915.8
1124110 1915.8
1124120 1915.9
1124130 1918.7
1124140 1918.7
1124150 1922.7
1124160 1926.0
1124170 1926.0
1124180 1930.9
1124190 1939.6
1124200 1939.6
1124210 1947.1
1124220 1951.4
1124230 1951.4
1124240 1951.8
1124250 1950.3
1124260 1950.3
1124270 1948.7
1124280 1947.9
1124290 1947.9
1124300 1944.0
1124310 1935.9
1124320 1935.9
1124330 1923.4
1124340 1901.6
1124350 1882.1
1124360 1882.1
1124370 1874.0
1124380 1874.2
1124390 1874.2
1124400 1871.0
1124410 1872.3
1124420 1872.3
1124430 1876.0
1124440 1880.6
1124450 1880.6
1124460 1883.7
1124470 1885.0
1124480 1885.0
1124490 1888.8
1124500 1892.2
1124510 1892.2
1124520 1896.7
1124530 1902.9
1124540 1902.9
1124550 1908.9
1124560 1912.1
1124570 1912.1
1124580 1915.8
1124590 1922.5
1124600 1928.8
1124610 1928.8
1124620 1933.9
1124630 1937.7
1124640 1937.7
1124650 1942.0
1124660 1950.1
1124670 1950.1
1124680 1965.1
1124690 1975.9
1124700 1975.9
1124710 1984.6
1124720 1993.2
1124730 1996.1
1124740 2008.5
1124750 2019.3
1124760 2019.3
1124770 2036.1
1124780 2049.6
1124790 2049.6
1124800 2068.8
1124810 2080.2
1124820 2080.2
1124830 2085.9
1124840 2100.6
1124850 2133.4
1124860 2133.4
1124870 2144.0
1124880 2149.6
1124890 2149.6
1124900 2154.4
1124910 2162.1
1124920 2162.1
1124930 2166.1
1124940 2168.5
1124950 2168.5
1124960 2176.8
1124970 2192.9
1124980 2192.9
1124990 2203.1
1125000 2212.9
1125010 2212.9
1125020 2237.2
1125030 2256.4
1125040 2256.4
1125050 2266.9
1125060 2277.8
1125070 2277.8
1125080 2285.2
1125090 2300.1
1125100 2309.5
1125110 2309.5
1125120 2315.4
1125130 2319.1
1125140 2319.1
1125150 2323.9
1125160 2328.9
1125170 2328.9
1125180 2333.7
1125190 2337.0
1125200 2337.0
1125210 2338.0
1125220 2339.0
1125230 2339.0
1125240 2341.6
1125250 2342.0
1125260 2342.0
1125270 2339.0
1125280 2332.3
1125290 2332.3
1125300 2326.1
1125310 2327.1
1125320 2327.1
1125330 2331.6
1125340 2327.6
1125350 2318.8
1125360 2318.8
1125370 2313.5
1125380 2318.4
1125390 2318.4
1125400 2318.0
1125410 2310.8
1125420 2310.8
1125430 2308.9
1125440 2341.0
1125450 2341.0
1125460 2342.0
1125470 2351.3
1125480 2351.3
1125490 2359.9
1125500 2362.0
1125510 2362.0
1125520 2358.5
1125530 2362.3
1125540 2362.3
1125550 2363.3
1125560 2366.7
1125570 2366.7
1125580 2366.1
1125590 2363.8
1125600 2363.0
1125610 2363.0
1125620 2362.7
1125630 2363.2
1125640 2363.2
1125650 2363.0
1125660 2362.6
1125670 2362.6
1125680 2360.2
1125690 2362.1
1125700 2362.1
1125710 2364.2
1125720 2364.2
1125730 2364.2
1125740 2361.7
1125750 2359.1
1125760 2359.1
1125770 2355.5
1125780 2351.5
1125790 2354.2
1125800 2349.3
1125810 2345.6
1125820 2345.6
1125830 2342.1
1125840 2339.0
1125850 2335.9
1125860 2335.9
1125870 2333.5
1125880 2335.4
1125890 2335.4
1125900 2339.0
1125910 2342.2
1125920 2342.2
1125930 2342.8
1125940 2343.0
1125950 2343.0
1125960 2341.6
1125970 2340.6
1125980 2340.6
1125990 2338.4
1126000 2336.5
1126010 2336.5
1126020 2333.2
1126030 2328.6
1126040 2328.6
1126050 2324.2
1126060 2321.7
1126070 2321.7
1126080 2321.8
1126090 2321.9
1126100 2322.1
1126110 2322.1
1126120 2324.8
1126130 2330.3
1126140 2330.3
1126150 2332.7
1126160 2335.5
1126170 2335.5
1126180 2337.6
1126190 2339.9
1126200 2339.9
1126210 2342.6
1126220 2343.0
1126230 2343.0
1126240 2339.5
1126250 2335.0
1126260 2335.0
1126270 2332.0
1126280 2332.4
1126290 2332.4
1126300 2333.6
1126310 2334.2
1126320 2335.3
1126330 2335.3
1126340 2336.5
1126350 2337.6
1126360 2337.6
1126370 2338.1
1126380 2342.2
1126390 2342.2
1126400 2344.9
1126410 2347.5
1126420 2347.5
1126430 2350.4
1126440 2353.9
1126450 2353.9
1126460 2357.0
1126470 2360.1
1126480 2360.1
1126490 2363.5
1126500 2369.3
1126510 2369.3
1126520 2375.6
1126530 2382.3
1126540 2382.3
1126550 2389.1
1126560 2392.5
1126570 2399.4
1126580 2399.4
1126590 2406.7
1126600 2414.5
1126610 2414.5
1126620 2424.1
1126630 2433.5
1126640 2433.5
1126650 2442.4
1126660 2450.5
1126670 2450.5
1126680 2457.5
1126690 2462.8
1126700 2462.8
1126710 2466.3
1126720 2469.7
1126730 2469.7
1126740 2472.8
1126750 2475.8
1126760 2475.8
1126770 2478.5
1126780 2481.2
1126790 2481.2
1126800 2481.8
1126810 2477.4
1126820 2474.0
1126830 2474.0
1126840 2469.7
1126850 2461.6
1126860 2460.1
1126870 2453.0
1126880 2446.4
1126890 2446.4
1126900 2441.8
1126910 2438.6
1126920 2438.6
1126930 2436.7
1126940 2433.3
1126950 2433.3
1126960 2428.0
1126970 2422.4
1126980 2422.4
1126990 2416.7
1127000 2412.7
1127010 2412.7
1127020 2409.2
1127030 2405.0
1127040 2405.0
1127050 2400.1
1127060 2396.7
1127070 2393.2
1127080 2393.2
1127090 2389.6
1127100 2386.1
1127110 2386.1
1127120 2382.5
1127130 2378.5
1127140 2378.5
1127150 2373.5
1127160 2368.1
1127170 2368.1
1127180 2363.5
1127190 2359.3
1127200 2359.3
1127210 2357.3
1127220 2351.2
1127230 2351.2
1127240 2345.9
1127250 2341.9
1127260 2341.9
1127270 2340.3
1127280 2338.5
1127290 2338.5
1127300 2336.0
1127310 2332.7
1127320 2328.6
1127330 2328.6
1127340 2327.4
1127350 2327.8
1127360 2327.8
1127370 2327.5
1127380 2327.4
1127390 2327.4
1127400 2326.2
1127410 2324.3
1127420 2324.3
1127430 2321.9
1127440 2322.8
1127450 2322.8
1127460 2323.6
1127470 2324.8
1127480 2324.8
1127490 2327.5
1127500 2331.1
1127510 2331.1
1127520 2331.6
1127530 2330.9
1127540 2330.9
1127550 2332.4
1127560 2333.4
1127570 2330.2
1127580 2330.2
1127590 2328.7
1127600 2325.8
1127610 2325.8
1127620 2321.3
1127630 2317.4
1127640 2317.4
1127650 2315.6
1127660 2313.6
1127670 2313.6
1127680 2310.5
1127690 2307.3
1127700 2307.3
1127710 2307.0
1127720 2308.3
1127730 2308.3
1127740 2309.2
1127750 2309.7
1127760 2309.7
1127770 2309.7
1127780 2309.7
1127790 2309.7
1127800 2309.5
1127810 2309.5
1127820 2309.5
1127830 2309.5
1127840 2307.9
1127850 2303.6
1127860 2303.6
1127870 2295.2
1127880 2285.3
1127890 2285.3
1127900 2280.4
1127910 2277.4
1127920 2277.4
1127930 2280.7
1127940 2277.1
1127950 2277.1
1127960 2277.5
1127970 2279.0
1127980 2279.0
1127990 2278.0
1128000 2275.1
1128010 2275.1
1128020 2271.0
1128030 2268.7
1128040 2268.7
1128050 2268.2
1128060 2268.1
1128070 2265.8
1128080 2265.8
1128090 2262.6
1128100 2258.1
1128110 2258.1
1128120 2252.9
1128130 2249.5
1128140 2249.5
1128150 2243.9
1128160 2235.9
1128170 2235.9
1128180 2228.6
1128190 2219.9
1128200 2219.9
1128210 2209.6
1128220 2198.2
1128230 2198.2
1128240 2185.9
1128250 2176.5
1128260 2176.5
1128270 2169.4
1128280 2168.2
1128290 2168.2
1128300 2164.1
1128310 2159.2
1128320 2156.3
1128330 2156.3
1128340 2155.4
1128350 2155.2
1128360 2155.2
1128370 2154.0
1128380 2152.6
1128390 2152.6
1128400 2148.9
1128410 2144.3
1128420 2144.3
1128430 2140.3
1128440 2136.0
1128450 2136.0
1128460 2131.7
1128470 2129.3
1128480 2129.3
1128490 2127.0
1128500 2126.3
1128510 2126.3
1128520 2126.8
1128530 2130.0
1128540 2130.0
1128550 2131.6
1128560 2130.9
1128570 2130.2
1128580 2130.2
1128590 2130.8
1128600 2132.2
1128610 2132.2
1128620 2134.7
1128630 2134.7
1128640 2138.6
1128650 2135.8
1128660 2133.7
1128670 2133.7
1128680 2132.9
1128690 2131.3
1128700 2131.3
1128710 2125.9
1128720 2128.0
1128730 2128.0
1128740 2137.8
1128750 2144.1
1128760 2144.1
1128770 2147.0
1128780 2148.4
1128790 2148.4
1128800 2149.6
1128810 2150.1
1128820 2146.5
1128830 2146.5
1128840 2147.4
1128850 2151.6
1128860 2151.6
1128870 2154.1
1128880 2156.3
1128890 2156.3
1128900 2159.5
1128910 2161.7
1128920 2161.7
1128930 2164.0
1128940 2166.0
1128950 2166.0
1128960 2167.8
1128970 2170.2
1128980 2170.2
1128990 2171.1
1129000 2171.6
1129010 2171.6
1129020 2170.2
1129030 2164.9
1129040 2158.4
1129050 2158.4
1129060 2152.3
1129070 2146.6
1129080 2146.6
1129090 2141.6
1129100 2136.8
1129110 2136.8
1129120 2132.3
1129130 2128.3
1129140 2128.3
1129150 2124.1
1129160 2119.5
1129170 2119.5
1129180 2115.0
1129190 2110.1
1129200 2110.1
1129210 2105.0
1129220 2099.9
1129230 2099.9
1129240 2094.7
1129250 2089.6
1129260 2089.6
1129270 2085.2
1129280 2080.9
1129290 2076.4
1129300 2076.4
1129310 2071.9
1129320 2067.7
1129330 2067.7
1129340 2063.6
1129350 2059.3
1129360 2059.3
1129370 2055.6
1129380 2051.9
1129390 2051.9
1129400 2048.0
1129410 2045.1
1129420 2045.1
1129430 2042.1
1129440 2038.3
1129450 2038.3
1129460 2034.9
1129470 2031.7
1129480 2031.7
1129490 2028.8
1129500 2026.1
1129510 2026.1
1129520 2023.9
1129530 2021.9
1129540 2020.2
1129550 2020.2
1129560 2018.7
1129570 2016.8
1129580 2016.8
1129590 2014.8
1129600 2013.5
1129610 2013.5
1129620 2012.3
1129630 2011.1
1129640 2011.1
1129650 2010.3
1129660 2010.2
1129670 2010.2
1129680 2010.9
1129690 2011.6
1129700 2011.6
1129710 2009.3
1129720 2008.4
1129730 2008.4
1129740 2007.0
1129750 2005.9
1129760 2005.9
1129770 2005.0
1129780 2003.9
1129790 2003.0
1129800 2003.0
1129810 2002.9
1129820 2003.8
1129830 2003.8
1129840 2004.8
1129850 2005.7
1129860 2005.7
1129870 2006.6
1129880 2006.5
1129890 2006.5
1129900 2005.8
1129910 2003.1
1129920 2003.1
1129930 1999.3
1129940 1994.8
1129950 1994.8
1129960 1989.6
1129970 1985.8
1129980 1985.8
1129990 1982.3
1130000 1978.2
1130010 1978.2
1130020 1974.2
1130030 1971.2
1130040 1969.2
1130050 1969.2
1130060 1967.8
1130070 1968.7
1130080 1968.7
1130090 1967.6
1130100 1966.0
1130110 1966.0
1130120 1964.4
1130130 1962.5
1130140 1962.5
1130150 1960.1
1130160 1958.7
1130170 1958.7
1130180 1958.7
1130190 1959.1
1130200 1959.1
1130210 1959.6
1130220 1958.6
1130230 1958.6
1130240 1957.7
1130250 1958.2
1130260 1958.2
1130270 1957.9
1130280 1956.8
1130290 1956.4
1130300 1956.4
1130310 1954.4
1130320 1950.1
1130330 1950.1
1130340 1945.5
1130350 1939.8
1130360 1939.8
1130370 1934.3
1130380 1929.5
1130390 1929.5
1130400 1923.9
1130410 1916.3
1130420 1916.3
1130430 1911.6
1130440 1904.0
1130450 1904.0
1130460 1897.3
1130470 1890.9
1130480 1890.9
1130490 1885.2
1130500 1879.2
1130510 1879.2
1130520 1873.5
1130530 1868.4
1130540 1864.1
1130550 1864.1
1130560 1860.1
1130570 1855.7
1130580 1855.7
1130590 1851.2
1130600 1847.2
1130610 1847.2
1130620 1843.8
1130630 1841.6
1130640 1841.6
1130650 1839.5
1130660 1843.4
1130670 1843.4
1130680 1847.6
1130690 1848.4
1130700 1848.4
1130710 1846.7
1130720 1844.6
1130730 1844.6
1130740 1842.4
1130750 1838.8
1130760 1838.8
1130770 1834.8
1130780 1830.4
1130790 1823.8
1130800 1823.8
1130810 1818.3
1130820 1813.3
1130830 1813.3
1130840 1809.7
1130850 1806.3
1130860 1806.3
1130870 1803.6
1130880 1799.0
1130890 1799.0
1130900 1793.5
1130910 1785.9
1130920 1785.9
1130930 1778.0
1130940 1766.6
1130950 1766.6
1130960 1756.4
1130970 1754.9
1130980 1754.9
1130990 1754.1
1131000 1755.2
1131010 1755.2
1131020 1754.3
1131030 1750.2
1131040 1744.6
1131050 1744.6
1131060 1742.7
1131070 1741.7
1131080 1741.7
1131090 1737.0
1131100 1729.9
1131110 1729.9
1131120 1723.3
1131130 1715.0
1131140 1715.0
1131150 1709.8
1131160 1701.7
1131170 1701.7
1131180 1693.8
1131190 1687.5
1131200 1687.5
1131210 1682.0
1131220 1677.0
1131230 1677.0
1131240 1674.6
1131250 1671.9
1131260 1671.9
1131270 1671.6
1131280 1676.3
1131290 1683.1
1131300 1683.1
1131310 1688.6
1131320 1689.8
1131330 1689.8
1131340 1690.4
1131350 1692.4
1131360 1692.4
1131370 1694.8
1131380 1695.4
1131390 1695.4
1131400 1694.9
1131410 1694.8
1131420 1694.8
1131430 1695.8
1131440 1695.9
1131450 1695.9
1131460 1695.7
1131470 1696.6
1131480 1696.6
1131490 1694.5
1131500 1691.6
1131510 1702.4
1131520 1702.4
1131530 1714.0
1131540 1719.9
1131550 1719.9
1131560 1725.5
1131570 1731.9
1131580 1731.9
1131590 1739.3
1131600 1745.7
1131610 1745.7
1131620 1752.2
1131630 1758.8
1131640 1758.8
1131650 1764.9
1131660 1770.7
1131670 1770.7
1131680 1775.8
1131690 1781.4
1131700 1781.4
1131710 1786.4
1131720 1790.9
1131730 1790.9
1131740 1791.4
1131750 1791.9
1131760 1798.7
1131770 1798.7
1131780 1804.1
1131790 1808.8
1131800 1808.8
1131810 1813.2
1131820 1817.1
1131830 1817.1
1131840 1822.7
1131850 1828.0
1131860 1828.0
1131870 1837.3
1131880 1844.5
1131890 1844.5
1131900 1851.4
1131910 1857.2
1131920 1857.2
1131930 1862.3
1131940 1868.9
1131950 1868.9
1131960 1875.7
1131970 1882.9
1131980 1882.9
1131990 1886.4
1132000 1889.8
1132010 1893.1
1132020 1893.1
1132030 1896.8
1132040 1901.1
1132050 1901.1
1132060 1904.3
1132070 1907.0
1132080 1907.0
1132090 1909.4
1132100 1911.2
1132110 1911.2
1132120 1912.1
1132130 1913.7
1132140 1913.7
1132150 1914.8
1132160 1917.0
1132170 1917.0
1132180 1918.5
1132190 1921.8
1132200 1921.8
1132210 1925.3
1132220 1924.6
1132230 1926.7
1132240 1925.8
1132250 1922.2
1132260 1915.0
1132270 1915.0
1132280 1908.4
1132290 1903.6
1132300 1903.6
1132310 1899.6
1132320 1896.2
1132330 1896.2
1132340 1892.6
1132350 1889.2
1132360 1889.2
1132370 1886.6
1132380 1885.5
1132390 1885.5
1132400 1884.5
1132410 1884.3
1132420 1884.3
1132430 1884.6
1132440 1886.6
1132450 1886.6
1132460 1888.0
1132470 1888.7
1132480 1888.7
1132490 1893.0
1132500 1899.5
1132510 1904.4
1132520 1904.4
1132530 1906.5
1132540 1912.1
1132550 1912.1
1132560 1921.2
1132570 1928.2
1132580 1928.2
1132590 1936.5
1132600 1943.8
1132610 1943.8
1132620 1951.5
1132630 1955.8
1132640 1955.8
1132650 1958.1
1132660 1957.1
1132670 1957.1
1132680 1956.0
1132690 1957.3
1132700 1957.3
1132710 1957.4
1132720 1956.3
1132730 1956.3
1132740 1956.3
1132750 1955.1
1132760 1954.7
1132770 1954.7
1132780 1956.3
1132790 1957.0
1132800 1957.0
1132810 1957.1
1132820 1957.4
1132830 1957.4
1132840 1957.6
1132850 1956.4
1132860 1956.4
1132870 1954.7
1132880 1953.1
1132890 1953.1
1132900 1951.4
1132910 1950.3
1132920 1950.3
1132930 1947.8
1132940 1945.7
1132950 1948.6
1132960 1948.6
1132970 1949.4
1132980 1949.4
1132990 1949.4
1133000 1948.7
1133010 1947.7
1133020 1947.7
1133030 1945.8
1133040 1942.5
1133050 1942.5
1133060 1941.4
1133070 1940.7
1133080 1940.7
1133090 1941.1
1133100 1940.5
1133110 1940.5
1133120 1940.2
1133130 1941.2
1133140 1941.2
1133150 1940.9
1133160 1939.8
1133170 1939.8
1133180 1938.2
1133190 1937.7
1133200 1937.7
1133210 1938.4
1133220 1938.8
1133230 1938.8
1133240 1938.0
1133250 1934.5
1133260 1930.0
1133270 1930.0
1133280 1929.1
1133290 1930.5
1133300 1930.5
1133310 1933.2
1133320 1934.6
1133330 1934.6
1133340 1935.5
1133350 1935.7
1133360 1935.7
1133370 1935.5
1133380 1934.9
1133390 1934.9
1133400 1935.4
1133410 1936.9
1133420 1936.9
1133430 1936.4
1133440 1936.0
1133450 1936.0
1133460 1935.0
1133470 1934.1
1133480 1934.1
1133490 1933.6
1133500 1933.2
1133510 1932.5
1133520 1932.5
1133530 1931.5
1133540 1930.9
1133550 1930.9
1133560 1930.2
1133570 1929.3
1133580 1929.3
1133590 1928.4
1133600 1927.8
1133610 1927.8
1133620 1927.1
1133630 1926.4
1133640 1926.4
1133650 1925.7
1133660 1925.2
1133670 1927.4
1133680 1927.2
1133690 1927.2
1133700 1927.2
1133710 1926.7
1133720 1926.4
1133730 1926.5
1133740 1926.5
1133750 1926.3
1133760 1926.5
1133770 1926.5
1133780 1926.5
1133790 1926.5
1133800 1926.5
1133810 1926.7
1133820 1927.2
1133830 1927.2
1133840 1927.3
1133850 1927.7
1133860 1927.7
1133870 1928.0
1133880 1928.1
1133890 1928.1
1133900 1928.3
1133910 1928.2
1133920 1928.2
1133930 1928.1
1133940 1928.3
1133950 1928.3
1133960 1928.3
1133970 1928.5
1133980 1928.6
1133990 1928.6
1134000 1928.5
1134010 1927.8
1134020 1927.8
1134030 1927.2
1134040 1927.9
1134050 1927.9
1134060 1928.1
1134070 1928.5
1134080 1928.5
1134090 1929.0
1134100 1929.5
1134110 1929.5
1134120 1930.0
1134130 1930.6
1134140 1930.6
1134150 1931.0
1134160 1931.4
1134170 1931.4
1134180 1931.8
1134190 1932.2
1134200 1932.2
1134210 1932.5
1134220 1932.7
1134230 1933.1
1134240 1933.1
1134250 1933.5
1134260 1933.8
1134270 1933.8
1134280 1933.8
1134290 1933.7
1134300 1933.7
1134310 1933.3
1134320 1933.7
1134330 1933.7
1134340 1935.5
1134350 1939.0
1134360 1939.0
1134370 1943.2
1134380 1947.5
1134390 1947.5
1134400 1951.6
1134410 1954.3
1134420 1954.3
1134430 1952.6
1134440 1949.4
1134450 1949.4
1134460 1947.5
1134470 1945.3
1134480 1945.9
1134490 1945.9
1134500 1945.7
1134510 1944.1
1134520 1944.1
1134530 1943.4
1134540 1942.8
1134550 1942.8
1134560 1942.5
1134570 1943.8
1134580 1943.8
1134590 1945.4
1134600 1946.0
1134610 1946.0
1134620 1945.1
1134630 1943.4
1134640 1943.4
1134650 1942.8
1134660 1942.9
1134670 1942.9
1134680 1943.1
1134690 1942.9
1134700 1942.9
1134710 1942.4
1134720 1943.1
1134730 1943.5
1134740 1943.5
1134750 1943.8
1134760 1944.7
1134770 1944.7
1134780 1945.8
1134790 1946.2
1134800 1946.2
1134810 1947.2
1134820 1948.0
1134830 1948.0
1134840 1948.8
1134850 1950.0
1134860 1950.0
1134870 1951.0
1134880 1952.1
1134890 1952.1
1134900 1953.2
1134910 1954.6
1134920 1954.6
1134930 1956.1
1134940 1958.4
1134950 1958.4
1134960 1960.6
1134970 1963.6
1134980 1967.8
1134990 1967.8
1135000 1972.5
1135010 1977.4
1135020 1977.4
1135030 1981.6
1135040 1985.2
1135050 1985.2
1135060 1990.0
1135070 1994.9
1135080 1994.9
1135090 1997.4
1135100 2000.0
1135110 2000.0
1135120 2005.0
1135130 2008.3
1135140 2008.3
1135150 2013.1
1135160 2019.1
1135170 2019.1
1135180 2025.3
1135190 2030.7
1135200 2030.7
1135210 2034.7
1135220 2038.4
1135230 2044.1
1135240 2044.1
1135250 2049.5
1135260 2054.9
1135270 2054.9
1135280 2061.5
1135290 2069.4
1135300 2069.4
1135310 2077.2
1135320 2083.8
1135330 2083.8
1135340 2089.4
1135350 2095.5
1135360 2095.5
1135370 2102.4
1135380 2109.5
1135390 2109.5
1135400 2116.6
1135410 2123.2
1135420 2123.2
1135430 2129.6
1135440 2135.9
1135450 2135.9
1135460 2141.9
1135470 2145.6
1135480 2147.5
1135490 2149.1
1135500 2151.0
1135510 2151.9
1135520 2151.9
1135530 2153.8
1135540 2156.5
1135550 2156.5
1135560 2160.2
1135570 2164.3
1135580 2164.3
1135590 2168.1
1135600 2172.3
1135610 2172.3
1135620 2177.5
1135630 2182.6
1135640 2182.6
1135650 2187.7
1135660 2192.7
1135670 2192.7
1135680 2198.0
1135690 2203.5
1135700 2203.5
1135710 2209.1
1135720 2214.6
1135730 2220.2
1135740 2220.2
1135750 2226.2
1135760 2232.9
1135770 2232.9
1135780 2240.3
1135790 2248.2
1135800 2248.2
1135810 2256.3
1135820 2264.3
1135830 2264.3
1135840 2272.4
1135850 2277.6
1135860 2277.6
1135870 2283.4
1135880 2289.3
1135890 2289.3
1135900 2294.3
1135910 2297.6
1135920 2297.6
1135930 2301.2
1135940 2304.7
1135950 2304.7
1135960 2307.4
1135970 2308.2
1135980 2308.2
1135990 2308.2
1136000 2307.1
1136010 2304.9
1136020 2304.9
1136030 2304.0
1136040 2303.1
1136050 2303.1
1136060 2301.8
1136070 2300.8
1136080 2300.8
1136090 2299.3
1136100 2297.8
1136110 2297.8
1136120 2295.7
1136130 2295.3
1136140 2295.3
1136150 2295.4
1136160 2296.0
1136170 2296.0
1136180 2296.4
1136190 2295.3
1136200 2295.5
1136210 2295.5
1136220 2298.5
1136230 2302.8
1136240 2302.8
1136250 2307.4
1136260 2308.4
1136270 2308.4
1136280 2308.4
1136290 2307.2
1136300 2307.2
1136310 2306.5
1136320 2306.7
1136330 2306.7
1136340 2306.8
1136350 2306.9
1136360 2306.9
1136370 2307.2
1136380 2307.6
1136390 2307.6
1136400 2308.0
1136410 2308.6
1136420 2308.6
1136430 2309.3
1136440 2309.9
1136450 2311.5
1136460 2311.5
1136470 2312.9
1136480 2314.7
1136490 2314.7
1136500 2317.4
1136510 2320.8
1136520 2320.8
1136530 2323.4
1136540 2325.8
1136550 2325.8
1136560 2328.4
1136570 2329.6
1136580 2329.0
1136590 2329.8
1136600 2332.0
1136610 2332.0
1136620 2333.0
1136630 2331.9
1136640 2331.9
1136650 2333.2
1136660 2334.5
1136670 2334.5
1136680 2333.8
1136690 2333.2
1136700 2335.0
1136710 2335.0
1136720 2338.0
1136730 2339.6
1136740 2339.6
1136750 2339.6
1136760 2340.4
1136770 2340.4
1136780 2341.5
1136790 2343.5
1136800 2343.5
1136810 2348.2
1136820 2353.1
1136830 2353.1
1136840 2355.6
1136850 2358.8
1136860 2358.8
1136870 2363.2
1136880 2367.3
1136890 2367.3
1136900 2370.9
1136910 2373.3
1136920 2373.3
1136930 2374.6
1136940 2375.7
1136950 2377.6
1136960 2377.6
1136970 2379.0
1136980 2379.2
1136990 2379.2
1137000 2379.3
1137010 2379.0
1137020 2379.0
1137030 2378.0
1137040 2376.4
1137050 2376.4
1137060 2375.5
1137070 2375.7
1137080 2375.7
1137090 2376.0
1137100 2375.1
1137110 2375.1
1137120 2373.6
1137130 2372.1
1137140 2372.1
1137150 2371.6
1137160 2370.8
1137170 2370.8
1137180 2369.3
1137190 2367.1
1137200 2364.4
1137210 2364.4
1137220 2361.9
1137230 2360.1
1137240 2360.1
1137250 2358.9
1137260 2359.0
1137270 2359.0
1137280 2359.7
1137290 2359.0
1137300 2359.0
1137310 2358.8
1137320 2363.6
1137330 2363.6
1137340 2365.7
1137350 2367.3
1137360 2367.3
1137370 2371.1
1137380 2373.0
1137390 2373.0
1137400 2372.9
1137410 2375.4
1137420 2375.4
1137430 2379.0
1137440 2383.0
1137450 2387.4
1137460 2387.4
1137470 2392.4
1137480 2397.7
1137490 2397.7
1137500 2403.1
1137510 2408.9
1137520 2408.9
1137530 2415.2
1137540 2421.6
1137550 2421.6
1137560 2428.2
1137570 2434.8
1137580 2434.8
1137590 2441.4
1137600 2447.8
1137610 2447.8
1137620 2455.3
1137630 2474.2
1137640 2474.2
1137650 2482.9
1137660 2490.1
1137670 2490.1
1137680 2494.4
1137690 2503.3
1137700 2516.7
1137710 2516.7
1137720 2519.1
1137730 2516.5
1137740 2516.5
1137750 2514.4
1137760 2511.9
1137770 2511.9
1137780 2508.5
1137790 2504.3
1137800 2504.3
1137810 2499.2
1137820 2494.3
1137830 2494.3
1137840 2491.6
1137850 2489.6
1137860 2489.6
1137870 2488.0
1137880 2487.8
1137890 2487.8
1137900 2488.1
1137910 2487.7
1137920 2487.7
1137930 2487.0
1137940 2487.0
1137950 2487.3
1137960 2487.3
1137970 2487.5
1137980 2488.2
1137990 2488.2
1138000 2489.2
1138010 2490.5
1138020 2490.5
1138030 2491.9
1138040 2493.3
1138050 2486.9
1138060 2487.5
1138070 2487.8
1138080 2487.8
1138090 2487.9
1138100 2487.9
1138110 2487.9
1138120 2487.6
1138130 2487.1
1138140 2487.1
1138150 2486.2
1138160 2486.3
1138170 2487.4
1138180 2487.4
1138190 2488.9
1138200 2489.5
1138210 2489.5
1138220 2489.2
1138230 2488.7
1138240 2488.7
1138250 2487.7
1138260 2486.6
1138270 2486.6
1138280 2485.3
1138290 2483.5
1138300 2483.5
1138310 2481.0
1138320 2476.5
1138330 2476.5
1138340 2474.6
1138350 2475.8
1138360 2475.8
1138370 2476.7
1138380 2476.4
1138390 2476.4
1138400 2475.3
1138410 2470.2
1138420 2468.5
1138430 2468.5
1138440 2465.0
1138450 2463.0
1138460 2463.0
1138470 2463.3
1138480 2463.3
1138490 2463.3
1138500 2463.7
1138510 2464.3
1138520 2464.3
1138530 2465.1
1138540 2464.9
1138550 2464.9
1138560 2465.3
1138570 2467.8
1138580 2467.8
1138590 2476.4
1138600 2480.6
1138610 2480.6
1138620 2481.5
1138630 2477.4
1138640 2477.4
1138650 2479.0
1138660 2485.2
1138670 2489.0
1138680 2489.0
1138690 2492.0
1138700 2496.2
1138710 2496.2
1138720 2499.4
1138730 2497.4
1138740 2497.4
1138750 2497.4
1138760 2499.3
1138770 2499.3
1138780 2493.0
1138790 2495.1
1138800 2495.1
1138810 2487.3
1138820 2483.1
1138830 2483.1
1138840 2484.0
1138850 2478.9
1138860 2478.9
1138870 2472.6
1138880 2467.7
1138890 2467.7
1138900 2466.9
1138910 2474.1
1138920 2473.5
1138930 2473.5
1138940 2468.3
1138950 2463.4
1138960 2463.4
1138970 2461.4
1138980 2457.9
1138990 2457.9
1139000 2454.7
1139010 2447.6
1139020 2447.6
1139030 2440.5
1139040 2446.3
1139050 2446.3
1139060 2449.6
1139070 2446.2
1139080 2446.2
1139090 2443.2
1139100 2438.1
1139110 2438.1
1139120 2429.1
1139130 2425.3
1139140 2425.3
1139150 2413.8
1139160 2408.0
1139170 2402.5
1139180 2402.5
1139190 2399.6
1139200 2392.2
1139210 2392.2
1139220 2392.5
1139230 2389.9
1139240 2389.9
1139250 2383.7
1139260 2375.9
1139270 2375.9
1139280 2348.6
1139290 2336.6
1139300 2336.6
1139310 2328.4
1139320 2322.2
1139330 2322.2
1139340 2317.1
1139350 2310.2
1139360 2310.2
1139370 2304.6
1139380 2300.0
1139390 2300.0
1139400 2295.0
1139410 2289.9
1139420 2285.0
1139430 2285.0
1139440 2279.8
1139450 2274.6
1139460 2274.6
1139470 2269.3
1139480 2263.9
1139490 2263.9
1139500 2258.6
1139510 2253.4
1139520 2250.0
1139530 2244.9
1139540 2239.9
1139550 2239.9
1139560 2234.9
1139570 2230.0
1139580 2230.0
1139590 2225.0
1139600 2220.2
1139610 2220.2
1139620 2215.3
1139630 2210.4
1139640 2210.4
1139650 2205.9
1139660 2201.5
1139670 2197.4
1139680 2197.4
1139690 2193.9
1139700 2190.5
1139710 2190.5
1139720 2187.7
1139730 2185.7
1139740 2185.7
1139750 2183.7
1139760 2182.2
1139770 2182.2
1139780 2181.6
1139790 2179.7
1139800 2179.7
1139810 2177.1
1139820 2175.8
1139830 2175.8
1139840 2174.4
1139850 2172.2
1139860 2172.2
1139870 2170.0
1139880 2168.1
1139890 2166.3
1139900 2164.3
1139910 2162.4
1139920 2160.3
1139930 2160.3
1139940 2157.3
1139950 2152.6
1139960 2152.6
1139970 2146.3
1139980 2139.8
1139990 2139.8
