1120000 2087.4
1120010 2087.4
1120020 2094.6
1120030 2102.0
1120040 2102.0
1120050 2109.9
1120060 2117.8
1120070 2117.8
1120080 2121.0
1120090 2126.6
1120100 2126.6
1120110 2134.6
1120120 2143.3
1120130 2143.3
1120140 2150.0
1120150 2156.2
1120160 2156.2
1120170 2162.9
1120180 2174.8
1120190 2174.8
1120200 2185.9
1120210 2192.9
1120220 2198.1
1120230 2198.1
1120240 2199.3
1120250 2203.3
1120260 2203.3
1120270 2207.5
1120280 2211.1
1120290 2211.1
1120300 2214.3
1120310 2215.4
1120320 2215.4
1120330 2215.5
1120340 2215.4
1120350 2215.4
1120360 2213.1
1120370 2210.5
1120380 2210.5
1120390 2208.4
1120400 2205.9
1120410 2205.9
1120420 2206.0
1120430 2203.9
1120440 2203.9
1120450 2206.1
1120460 2209.8
1120470 2214.7
1120480 2214.7
1120490 2220.4
1120500 2225.6
1120510 2225.6
1120520 2230.0
1120530 2234.4
1120540 2234.4
1120550 2239.1
1120560 2244.3
1120570 2244.3
1120580 2250.2
1120590 2256.4
1120600 2256.4
1120610 2262.7
1120620 2269.0
1120630 2269.0
1120640 2275.1
1120650 2281.0
1120660 2281.0
1120670 2286.5
1120680 2292.0
1120690 2292.0
1120700 2298.3
1120710 2304.5
1120720 2311.4
1120730 2311.4
1120740 2320.8
1120750 2334.4
1120760 2334.4
1120770 2345.8
1120780 2342.5
1120790 2342.5
1120800 2346.2
1120810 2363.2
1120820 2363.2
1120830 2372.5
1120840 2382.0
1120850 2382.0
1120860 2387.8
1120870 2395.9
1120880 2395.9
1120890 2413.5
1120900 2424.7
1120910 2424.7
1120920 2431.7
1120930 2436.6
1120940 2436.6
1120950 2441.2
1120960 2448.8
1120970 2457.1
1120980 2457.1
1120990 2462.1
1121000 2468.4
1121010 2468.4
1121020 2478.3
1121030 2493.8
1121040 2493.8
1121050 2500.2
1121060 2511.6
1121070 2511.6
1121080 2519.3
1121090 2525.9
1121100 2525.9
1121110 2532.7
1121120 2539.4
1121130 2533.8
1121140 2543.1
1121150 2552.6
1121160 2552.6
1121170 2560.4
1121180 2567.8
1121190 2567.8
1121200 2575.3
1121210 2583.4
1121220 2591.8
1121230 2591.8
1121240 2600.5
1121250 2609.0
1121260 2609.0
1121270 2617.3
1121280 2622.9
1121290 2622.9
1121300 2630.0
1121310 2633.3
1121320 2633.3
1121330 2618.9
1121340 2603.6
1121350 2603.6
1121360 2594.4
1121370 2587.1
1121380 2587.1
1121390 2580.4
1121400 2574.0
1121410 2574.0
1121420 2567.4
1121430 2559.4
1121440 2559.4
1121450 2553.6
1121460 2548.7
1121470 2543.8
1121480 2546.6
1121490 2541.5
1121500 2537.9
1121510 2537.9
1121520 2533.8
1121530 2530.3
1121540 2530.3
1121550 2526.7
1121560 2522.7
1121570 2522.7
1121580 2519.5
1121590 2518.2
1121600 2518.2
1121610 2519.9
1121620 2520.9
1121630 2520.9
1121640 2521.6
1121650 2523.6
1121660 2523.6
1121670 2524.1
1121680 2518.5
1121690 2518.5
1121700 2513.2
1121710 2509.3
1121720 2503.0
1121730 2503.0
1121740 2498.1
1121750 2499.4
1121760 2499.4
1121770 2499.5
1121780 2495.4
1121790 2495.4
1121800 2492.8
1121810 2493.7
1121820 2493.7
1121830 2499.8
1121840 2496.8
1121850 2496.8
1121860 2490.9
1121870 2488.0
1121880 2488.0
1121890 2485.0
1121900 2478.1
1121910 2478.1
1121920 2472.3
1121930 2467.8
1121940 2467.8
1121950 2461.4
1121960 2453.8
1121970 2446.7
1121980 2446.7
1121990 2444.5
1122000 2436.9
1122010 2436.9
1122020 2428.9
1122030 2425.7
1122040 2425.7
1122050 2417.8
1122060 2408.8
1122070 2408.8
1122080 2401.2
1122090 2390.1
1122100 2390.1
1122110 2381.0
1122120 2373.6
1122130 2373.6
1122140 2367.0
1122150 2361.1
1122160 2361.1
1122170 2356.4
1122180 2350.8
1122190 2350.8
1122200 2347.1
1122210 2340.0
1122220 2331.9
1122230 2331.9
1122240 2325.1
1122250 2320.7
1122260 2320.7
1122270 2317.8
1122280 2315.8
1122290 2315.8
1122300 2317.3
1122310 2318.9
1122320 2318.9
1122330 2318.3
1122340 2317.7
1122350 2317.7
1122360 2315.8
1122370 2313.3
1122380 2313.3
1122390 2312.8
1122400 2311.7
1122410 2311.7
1122420 2310.4
1122430 2309.6
1122440 2309.6
1122450 2309.5
1122460 2311.6
1122470 2312.6
1122480 2312.6
1122490 2312.6
1122500 2312.3
1122510 2312.3
1122520 2313.3
1122530 2317.3
1122540 2317.3
1122550 2320.8
1122560 2324.3
1122570 2324.3
1122580 2328.4
1122590 2333.6
1122600 2333.6
1122610 2339.5
1122620 2345.7
1122630 2345.7
1122640 2352.3
1122650 2359.4
1122660 2359.4
1122670 2367.1
1122680 2377.9
1122690 2377.9
1122700 2389.8
1122710 2400.9
1122720 2414.0
1122730 2414.0
1122740 2425.6
1122750 2431.2
1122760 2431.2
1122770 2435.9
1122780 2444.2
1122790 2444.2
1122800 2448.0
1122810 2443.3
1122820 2443.3
1122830 2443.4
1122840 2434.3
1122850 2434.3
1122860 2430.0
1122870 2420.8
1122880 2416.3
1122890 2404.4
1122900 2397.0
1122910 2397.0
1122920 2387.3
1122930 2372.8
1122940 2372.8
1122950 2354.2
1122960 2332.2
1122970 2314.1
1122980 2314.1
1122990 2304.4
1123000 2296.3
1123010 2296.3
1123020 2288.6
1123030 2282.3
1123040 2282.3
1123050 2275.8
1123060 2264.3
1123070 2264.3
1123080 2254.3
1123090 2244.8
1123100 2244.8
1123110 2237.7
1123120 2229.6
1123130 2229.6
1123140 2218.3
1123150 2202.2
1123160 2202.2
1123170 2189.5
1123180 2181.2
1123190 2181.2
1123200 2173.8
1123210 2167.2
1123220 2159.8
1123230 2159.8
1123240 2149.9
1123250 2142.4
1123260 2142.4
1123270 2134.9
1123280 2125.6
1123290 2125.6
1123300 2118.3
1123310 2111.9
1123320 2111.9
1123330 2104.5
1123340 2096.1
1123350 2096.1
1123360 2087.8
1123370 2075.2
1123380 2075.2
1123390 2066.5
1123400 2059.6
1123410 2059.6
1123420 2053.1
1123430 2047.1
1123440 2047.1
1123450 2041.3
1123460 2035.5
1123470 2029.8
1123480 2029.8
1123490 2023.9
1123500 2019.3
1123510 2019.3
1123520 2014.5
1123530 2008.8
1123540 2008.8
1123550 2003.3
1123560 1998.2
1123570 1998.2
1123580 1993.3
1123590 1983.7
1123600 1983.7
1123610 1978.6
1123620 1973.0
1123630 1973.0
1123640 1967.1
1123650 1959.9
1123660 1959.9
1123670 1953.1
1123680 1946.8
1123690 1946.8
1123700 1941.0
1123710 1936.2
1123720 1932.1
1123730 1932.1
1123740 1928.6
1123750 1924.5
1123760 1924.5
1123770 1919.8
1123780 1914.5
1123790 1914.5
1123800 1909.1
1123810 1904.0
1123820 1904.0
1123830 1899.2
1123840 1895.1
1123850 1895.1
1123860 1890.1
1123870 1885.6
1123880 1885.6
1123890 1881.2
1123900 1876.9
1123910 1876.9
1123920 1872.4
1123930 1868.0
1123940 1868.0
1123950 1863.6
1123960 1859.5
1123970 1855.2
1123980 1855.2
1123990 1850.9
1124000 1847.3
1124010 1847.3
1124020 1843.5
1124030 1840.2
1124040 1840.2
1124050 1836.5
1124060 1833.2
1124070 1833.2
1124080 1829.8
1124090 1826.3
1124100 1826.3
1124110 1822.8
1124120 1819.7
1124130 1819.7
1124140 1816.6
1124150 1813.9
1124160 1813.9
1124170 1810.9
1124180 1808.2
1124190 1808.2
1124200 1805.0
1124210 1801.7
1124220 1799.0
1124230 1799.0
1124240 1796.1
1124250 1793.5
1124260 1793.5
1124270 1790.6
1124280 1787.6
1124290 1788.1
1124300 1785.5
1124310 1783.5
1124320 1783.5
1124330 1781.6
1124340 1780.8
1124350 1780.8
1124360 1783.8
1124370 1786.8
1124380 1786.8
1124390 1789.1
1124400 1791.0
1124410 1791.0
1124420 1793.4
1124430 1795.8
1124440 1795.8
1124450 1798.6
1124460 1801.8
1124470 1805.5
1124480 1805.5
1124490 1808.8
1124500 1812.3
1124510 1812.3
1124520 1815.7
1124530 1819.4
1124540 1819.4
1124550 1823.2
1124560 1827.1
1124570 1827.1
1124580 1830.8
1124590 1834.7
1124600 1834.7
1124610 1838.6
1124620 1842.6
1124630 1842.6
1124640 1848.4
1124650 1852.6
1124660 1852.6
1124670 1857.1
1124680 1861.5
1124690 1865.9
1124700 1865.9
1124710 1870.7
1124720 1875.8
1124730 1875.8
1124740 1880.7
1124750 1885.7
1124760 1885.7
1124770 1890.5
1124780 1896.3
1124790 1896.3
1124800 1902.3
1124810 1908.4
1124820 1908.4
1124830 1914.3
1124840 1920.8
1124850 1920.8
1124860 1929.8
1124870 1941.6
1124880 1941.6
1124890 1952.7
1124900 1962.7
1124910 1962.7
1124920 1971.0
1124930 1978.4
1124940 1986.1
1124950 1986.1
1124960 1992.4
1124970 2001.3
1124980 2001.3
1124990 2014.1
1125000 2025.2
1125010 2025.2
1125020 2032.6
1125030 2038.7
1125040 2038.7
1125050 2044.9
1125060 2051.9
1125070 2051.9
1125080 2059.1
1125090 2065.5
1125100 2065.5
1125110 2072.0
1125120 2078.8
1125130 2078.8
1125140 2086.4
1125150 2095.4
1125160 2095.4
1125170 2104.3
1125180 2111.9
1125190 2119.1
1125200 2119.1
1125210 2127.4
1125220 2140.2
1125230 2140.2
1125240 2152.1
1125250 2162.4
1125260 2162.4
1125270 2176.4
1125280 2193.9
1125290 2193.9
1125300 2208.6
1125310 2216.5
1125320 2216.5
1125330 2223.4
1125340 2230.3
1125350 2241.2
1125360 2247.6
1125370 2253.5
1125380 2253.5
1125390 2263.0
1125400 2274.0
1125410 2274.0
1125420 2282.1
1125430 2282.8
1125440 2282.5
1125450 2282.5
1125460 2280.5
1125470 2278.2
1125480 2278.2
1125490 2275.3
1125500 2274.4
1125510 2274.4
1125520 2273.5
1125530 2273.0
1125540 2273.0
1125550 2272.4
1125560 2271.4
1125570 2271.4
1125580 2269.0
1125590 2265.8
1125600 2265.8
1125610 2261.7
1125620 2257.3
1125630 2257.3
1125640 2255.2
1125650 2251.6
1125660 2251.6
1125670 2247.4
1125680 2243.9
1125690 2246.7
1125700 2246.7
1125710 2247.0
1125720 2245.2
1125730 2245.2
1125740 2242.9
1125750 2242.3
1125760 2242.3
1125770 2243.0
1125780 2243.6
1125790 2243.6
1125800 2244.8
1125810 2248.3
1125820 2248.3
1125830 2251.3
1125840 2252.9
1125850 2252.9
1125860 2253.8
1125870 2257.2
1125880 2257.2
1125890 2255.8
1125900 2254.3
1125910 2254.3
1125920 2253.2
1125930 2248.0
1125940 2242.8
1125950 2242.8
1125960 2244.2
1125970 2254.5
1125980 2254.5
1125990 2270.2
1126000 2272.0
1126010 2272.0
1126020 2264.9
1126030 2274.9
1126040 2274.9
1126050 2280.2
1126060 2290.0
1126070 2290.0
1126080 2289.9
1126090 2290.4
1126100 2290.4
1126110 2291.6
1126120 2293.4
1126130 2293.4
1126140 2294.8
1126150 2296.4
1126160 2296.4
1126170 2299.6
1126180 2303.0
1126190 2311.0
1126200 2311.0
1126210 2321.1
1126220 2360.8
1126230 2360.8
1126240 2383.7
1126250 2386.2
1126260 2386.2
1126270 2383.3
1126280 2371.7
1126290 2371.7
1126300 2360.4
1126310 2358.9
1126320 2358.9
1126330 2356.8
1126340 2353.7
1126350 2353.7
1126360 2345.6
1126370 2333.7
1126380 2333.7
1126390 2325.7
1126400 2325.7
1126410 2339.1
1126420 2339.5
1126430 2345.0
1126440 2344.6
1126450 2344.6
1126460 2338.9
1126470 2335.3
1126480 2335.3
1126490 2331.6
1126500 2331.4
1126510 2331.4
1126520 2332.0
1126530 2331.1
1126540 2331.1
1126550 2323.7
1126560 2309.0
1126570 2309.0
1126580 2299.3
1126590 2294.4
1126600 2294.4
1126610 2291.7
1126620 2291.4
1126630 2291.4
1126640 2293.1
1126650 2294.6
1126660 2294.6
1126670 2296.1
1126680 2297.1
1126690 2297.5
1126700 2297.5
1126710 2297.8
1126720 2297.0
1126730 2297.0
1126740 2296.6
1126750 2296.0
1126760 2296.0
1126770 2301.6
1126780 2300.3
1126790 2300.3
1126800 2298.9
1126810 2297.3
1126820 2297.3
1126830 2295.7
1126840 2295.1
1126850 2295.1
1126860 2296.2
1126870 2298.1
1126880 2298.1
1126890 2300.1
1126900 2301.9
1126910 2301.9
1126920 2303.6
1126930 2305.5
1126940 2306.3
1126950 2306.3
1126960 2306.1
1126970 2304.9
1126980 2304.9
1126990 2304.8
1127000 2310.9
1127010 2310.9
1127020 2317.7
1127030 2325.1
1127040 2325.1
1127050 2330.9
1127060 2336.5
1127070 2336.5
1127080 2347.3
1127090 2354.6
1127100 2354.6
1127110 2360.3
1127120 2371.8
1127130 2371.8
1127140 2378.6
1127150 2377.4
1127160 2377.4
1127170 2388.0
1127180 2401.6
1127190 2400.4
1127200 2400.4
1127210 2403.1
1127220 2412.4
1127230 2412.4
1127240 2426.9
1127250 2440.6
1127260 2440.6
1127270 2454.4
1127280 2459.9
1127290 2459.9
1127300 2465.6
1127310 2472.8
1127320 2472.8
1127330 2471.2
1127340 2461.6
1127350 2461.6
1127360 2452.6
1127370 2444.4
1127380 2444.4
1127390 2437.5
1127400 2431.5
1127410 2431.5
1127420 2425.9
1127430 2421.3
1127440 2416.8
1127450 2416.8
1127460 2413.1
1127470 2409.2
1127480 2404.6
1127490 2401.0
1127500 2400.5
1127510 2400.5
1127520 2400.8
1127530 2395.3
1127540 2395.3
1127550 2388.3
1127560 2380.0
1127570 2380.0
1127580 2369.7
1127590 2358.4
1127600 2358.4
1127610 2343.8
1127620 2330.7
1127630 2330.7
1127640 2319.3
1127650 2310.5
1127660 2310.5
1127670 2300.3
1127680 2294.3
1127690 2288.1
1127700 2288.1
1127710 2278.1
1127720 2268.4
1127730 2268.4
1127740 2259.6
1127750 2253.4
1127760 2253.4
1127770 2247.2
1127780 2240.9
1127790 2240.9
1127800 2235.0
1127810 2228.7
1127820 2228.7
1127830 2222.7
1127840 2214.1
1127850 2214.1
1127860 2208.3
1127870 2202.2
1127880 2202.2
1127890 2196.3
1127900 2190.6
1127910 2190.6
1127920 2184.9
1127930 2178.9
1127940 2173.2
1127950 2173.2
1127960 2166.8
1127970 2160.9
1127980 2160.9
1127990 2156.0
1128000 2152.4
1128010 2152.4
1128020 2149.1
1128030 2145.0
1128040 2145.0
1128050 2139.6
1128060 2131.3
1128070 2131.3
1128080 2125.7
1128090 2121.1
1128100 2121.1
1128110 2115.2
1128120 2108.7
1128130 2108.7
1128140 2102.6
1128150 2096.4
1128160 2096.4
1128170 2089.6
1128180 2084.6
1128190 2074.6
1128200 2074.6
1128210 2065.1
1128220 2058.6
1128230 2058.6
1128240 2053.0
1128250 2047.3
1128260 2047.3
1128270 2042.6
1128280 2038.6
1128290 2038.6
1128300 2034.7
1128310 2030.7
1128320 2030.7
1128330 2026.2
1128340 2022.4
1128350 2022.4
1128360 2018.4
1128370 2014.3
1128380 2014.3
1128390 2010.3
1128400 2006.4
1128410 2006.4
1128420 2002.5
1128430 1998.8
1128440 1995.3
1128450 1995.3
1128460 1991.9
1128470 1988.9
1128480 1988.9
1128490 1986.0
1128500 1983.3
1128510 1983.3
1128520 1980.8
1128530 1978.9
1128540 1978.9
1128550 1977.1
1128560 1976.4
1128570 1976.4
1128580 1976.3
1128590 1975.0
1128600 1975.0
1128610 1974.2
1128620 1973.6
1128630 1973.6
1128640 1972.9
1128650 1972.2
1128660 1972.2
1128670 1970.9
1128680 1968.9
1128690 1969.1
1128700 1969.1
1128710 1969.4
1128720 1969.3
1128730 1969.3
1128740 1969.6
1128750 1970.0
1128760 1970.0
1128770 1969.7
1128780 1969.8
1128790 1969.8
1128800 1969.3
1128810 1969.0
1128820 1969.0
1128830 1969.6
1128840 1970.0
1128850 1970.0
1128860 1970.5
1128870 1970.7
1128880 1970.7
1128890 1971.7
1128900 1972.1
1128910 1975.0
1128920 1975.0
1128930 1972.8
1128940 1969.1
1128950 1969.1
1128960 1966.7
1128970 1963.5
1128980 1963.5
1128990 1959.6
1129000 1957.7
1129010 1957.7
1129020 1958.0
1129030 1958.5
1129040 1958.5
1129050 1958.4
1129060 1959.4
1129070 1959.4
1129080 1970.1
1129090 1980.3
1129100 1980.3
1129110 1979.6
1129120 1978.6
1129130 1978.6
1129140 1975.7
1129150 1969.0
1129160 1967.2
1129170 1967.2
1129180 1966.2
1129190 1965.5
1129200 1965.5
1129210 1963.6
1129220 1962.3
1129230 1962.3
1129240 1961.4
1129250 1961.5
1129260 1964.6
1129270 1965.0
1129280 1965.8
1129290 1965.8
1129300 1966.3
1129310 1966.3
1129320 1966.3
1129330 1965.7
1129340 1964.7
1129350 1964.7
1129360 1963.9
1129370 1963.7
1129380 1963.7
1129390 1962.8
1129400 1962.0
1129410 1961.9
1129420 1961.9
1129430 1961.5
1129440 1960.8
1129450 1960.8
1129460 1958.8
1129470 1956.4
1129480 1956.4
1129490 1954.2
1129500 1952.3
1129510 1952.3
1129520 1949.9
1129530 1947.6
1129540 1947.6
1129550 1945.2
1129560 1944.1
1129570 1944.1
1129580 1944.2
1129590 1943.9
1129600 1943.9
1129610 1943.4
1129620 1943.5
1129630 1943.5
1129640 1943.1
1129650 1942.5
1129660 1941.7
1129670 1941.7
1129680 1940.8
1129690 1940.2
1129700 1940.2
1129710 1939.3
1129720 1938.1
1129730 1938.1
1129740 1936.3
1129750 1935.2
1129760 1935.2
1129770 1934.3
1129780 1933.7
1129790 1933.7
1129800 1933.0
1129810 1932.7
1129820 1932.7
1129830 1932.4
1129840 1931.7
1129850 1931.7
1129860 1931.7
1129870 1932.6
1129880 1932.6
1129890 1933.8
1129900 1935.2
1129910 1936.6
1129920 1936.6
1129930 1936.7
1129940 1935.6
1129950 1935.6
1129960 1934.8
1129970 1934.7
1129980 1931.5
1129990 1932.0
1130000 1933.5
1130010 1933.5
1130020 1935.9
1130030 1940.6
1130040 1940.6
1130050 1946.2
1130060 1948.1
1130070 1948.1
1130080 1948.9
1130090 1948.6
1130100 1948.6
1130110 1949.1
1130120 1952.2
1130130 1952.2
1130140 1951.3
1130150 1951.3
1130160 1951.8
1130170 1951.8
1130180 1950.1
1130190 1946.7
1130200 1946.7
1130210 1944.8
1130220 1943.4
1130230 1943.4
1130240 1941.1
1130250 1938.0
1130260 1938.0
1130270 1935.8
1130280 1931.2
1130290 1931.2
1130300 1929.9
1130310 1925.6
1130320 1925.6
1130330 1925.1
1130340 1926.0
1130350 1926.0
1130360 1922.7
1130370 1915.6
1130380 1915.6
1130390 1910.6
1130400 1907.3
1130410 1900.5
1130420 1900.5
1130430 1892.3
1130440 1886.2
1130450 1886.2
1130460 1877.7
1130470 1856.0
1130480 1856.0
1130490 1828.9
1130500 1816.4
1130510 1816.4
1130520 1805.0
1130530 1794.5
1130540 1794.5
1130550 1786.2
1130560 1775.1
1130570 1775.1
1130580 1765.1
1130590 1757.6
1130600 1757.6
1130610 1750.7
1130620 1744.8
1130630 1744.8
1130640 1739.9
1130650 1734.2
1130660 1730.9
1130670 1730.9
1130680 1727.1
1130690 1722.9
1130700 1727.9
1130710 1723.3
1130720 1717.8
1130730 1717.8
1130740 1712.2
1130750 1706.4
1130760 1706.4
1130770 1700.7
1130780 1695.1
1130790 1695.1
1130800 1690.0
1130810 1685.7
1130820 1685.7
1130830 1681.9
1130840 1677.8
1130850 1677.8
1130860 1673.6
1130870 1670.1
1130880 1670.1
1130890 1666.7
1130900 1663.0
1130910 1659.8
1130920 1659.8
1130930 1655.1
1130940 1651.5
1130950 1651.5
1130960 1653.0
1130970 1653.8
1130980 1653.8
1130990 1654.1
1131000 1654.4
1131010 1654.4
1131020 1655.6
1131030 1659.8
1131040 1659.8
1131050 1663.6
1131060 1664.4
1131070 1664.4
1131080 1668.5
1131090 1671.4
1131100 1671.4
1131110 1675.2
1131120 1680.2
1131130 1680.2
1131140 1687.4
1131150 1693.2
1131160 1697.4
1131170 1697.4
1131180 1701.6
1131190 1706.2
1131200 1706.2
1131210 1710.7
1131220 1714.1
1131230 1714.1
1131240 1718.5
1131250 1722.9
1131260 1722.9
1131270 1727.6
1131280 1732.0
1131290 1732.0
1131300 1736.0
1131310 1739.6
1131320 1739.6
1131330 1741.8
1131340 1744.3
1131350 1744.3
1131360 1748.5
1131370 1752.7
1131380 1752.7
1131390 1757.5
1131400 1764.2
1131410 1772.3
1131420 1769.1
1131430 1777.3
1131440 1786.1
1131450 1786.1
1131460 1794.0
1131470 1797.4
1131480 1797.4
1131490 1797.4
1131500 1790.9
1131510 1790.9
1131520 1783.2
1131530 1794.0
1131540 1794.0
1131550 1802.4
1131560 1807.9
1131570 1807.9
1131580 1814.6
1131590 1823.2
1131600 1823.2
1131610 1832.0
1131620 1838.8
1131630 1838.8
1131640 1847.1
1131650 1856.1
1131660 1864.8
1131670 1864.8
1131680 1868.4
1131690 1875.2
1131700 1875.2
1131710 1882.4
1131720 1892.0
1131730 1892.0
1131740 1902.2
1131750 1908.3
1131760 1908.3
1131770 1914.2
1131780 1919.7
1131790 1919.7
1131800 1925.1
1131810 1930.7
1131820 1930.7
1131830 1936.2
1131840 1939.2
1131850 1939.2
1131860 1941.4
1131870 1943.5
1131880 1943.5
1131890 1945.2
1131900 1946.6
1131910 1948.0
1131920 1948.0
1131930 1949.1
1131940 1950.6
1131950 1950.6
1131960 1952.2
1131970 1953.0
1131980 1953.0
1131990 1953.9
1132000 1954.9
1132010 1954.9
1132020 1955.9
1132030 1956.5
1132040 1956.5
1132050 1956.9
1132060 1957.1
1132070 1957.1
1132080 1957.2
1132090 1957.3
1132100 1957.3
1132110 1957.3
1132120 1959.0
1132130 1959.0
1132140 1957.5
1132150 1959.2
1132160 1962.7
1132170 1962.7
1132180 1967.0
1132190 1970.6
1132200 1970.6
1132210 1972.6
1132220 1972.6
1132230 1972.6
1132240 1970.8
1132250 1969.3
1132260 1969.3
1132270 1968.8
1132280 1969.8
1132290 1969.8
1132300 1970.2
1132310 1970.0
1132320 1970.0
1132330 1969.5
1132340 1969.6
1132350 1969.6
1132360 1969.9
1132370 1970.4
1132380 1970.9
1132390 1970.9
1132400 1970.5
1132410 1970.1
1132420 1970.1
1132430 1968.8
1132440 1967.1
1132450 1967.1
1132460 1968.0
1132470 1968.9
1132480 1968.9
1132490 1970.0
1132500 1968.5
1132510 1968.5
1132520 1968.3
1132530 1968.1
1132540 1968.1
1132550 1968.3
1132560 1967.8
1132570 1967.8
1132580 1966.6
1132590 1965.1
1132600 1965.1
1132610 1964.8
1132620 1964.8
1132630 1964.8
1132640 1964.8
1132650 1965.4
1132660 1966.0
1132670 1966.0
1132680 1965.9
1132690 1965.1
1132700 1965.1
1132710 1963.5
1132720 1958.8
1132730 1958.8
1132740 1964.6
1132750 1970.6
1132760 1970.6
1132770 1972.0
1132780 1970.5
1132790 1970.5
1132800 1971.1
1132810 1974.7
1132820 1974.7
1132830 1975.8
1132840 1976.6
1132850 1976.6
1132860 1972.0
1132870 1972.4
1132880 1972.5
1132890 1972.5
1132900 1972.7
1132910 1974.1
1132920 1974.1
1132930 1974.9
1132940 1975.2
1132950 1975.2
1132960 1975.6
1132970 1976.1
1132980 1976.1
1132990 1977.0
1133000 1977.5
1133010 1977.5
1133020 1978.1
1133030 1978.9
1133040 1978.9
1133050 1980.0
1133060 1980.7
1133070 1980.7
1133080 1980.7
1133090 1979.4
1133100 1979.4
1133110 1979.3
1133120 1981.7
1133130 1980.8
1133140 1980.8
1133150 1983.3
1133160 1984.7
1133170 1984.7
1133180 1984.2
1133190 1983.8
1133200 1983.8
1133210 1985.4
1133220 1980.6
1133230 1980.6
1133240 1981.1
1133250 1981.5
1133260 1981.5
1133270 1982.0
1133280 1982.0
1133290 1982.0
1133300 1980.6
1133310 1980.6
1133320 1980.6
1133330 1982.0
1133340 1982.5
1133350 1982.5
1133360 1982.6
1133370 1984.0
1133380 1985.6
1133390 1985.6
1133400 1986.7
1133410 1988.2
1133420 1988.2
1133430 1989.1
1133440 1990.1
1133450 1990.1
1133460 1990.4
1133470 1990.5
1133480 1990.5
1133490 1991.2
1133500 1990.5
1133510 1990.5
1133520 1991.7
1133530 1993.5
1133540 1993.5
1133550 1994.9
1133560 1995.5
1133570 1995.5
1133580 1991.6
1133590 1993.2
1133600 1993.2
1133610 1993.5
1133620 1993.7
1133630 1994.4
1133640 1994.4
1133650 1994.0
1133660 1993.7
1133670 1993.7
1133680 1993.4
1133690 1991.9
1133700 1991.9
1133710 1992.2
1133720 1992.9
1133730 1992.9
1133740 1993.7
1133750 1993.6
1133760 1993.6
1133770 1993.0
1133780 1991.6
1133790 1991.6
1133800 1991.3
1133810 1990.4
1133820 1990.4
1133830 1989.9
1133840 1989.7
1133850 1989.7
1133860 1989.6
1133870 1990.2
1133880 1990.3
1133890 1990.3
1133900 1991.6
1133910 1993.8
1133920 1993.8
1133930 1994.3
1133940 1994.2
1133950 1989.7
1133960 1990.8
1133970 1992.9
1133980 1992.9
1133990 1994.5
1134000 1995.0
1134010 1995.0
1134020 1997.4
1134030 1998.8
1134040 1998.8
1134050 1999.9
1134060 2001.7
1134070 2001.7
1134080 2003.4
1134090 2003.1
1134100 2003.1
1134110 2003.3
1134120 2007.2
1134130 2012.2
1134140 2012.2
1134150 2014.8
1134160 2017.0
1134170 2017.0
1134180 2017.3
1134190 2014.5
1134200 2014.5
1134210 2013.4
1134220 2014.0
1134230 2014.0
1134240 2014.0
1134250 2016.5
1134260 2016.5
1134270 2020.3
1134280 2023.1
1134290 2023.1
1134300 2024.7
1134310 2018.3
1134320 2018.3
1134330 2020.4
1134340 2023.1
1134350 2023.1
1134360 2025.1
1134370 2026.9
1134380 2028.0
1134390 2028.0
1134400 2029.2
1134410 2029.4
1134420 2029.4
1134430 2030.6
1134440 2033.4
1134450 2033.4
1134460 2036.1
1134470 2039.5
1134480 2039.5
1134490 2041.7
1134500 2042.4
1134510 2042.4
1134520 2041.9
1134530 2043.6
1134540 2043.6
1134550 2045.0
1134560 2046.2
1134570 2046.2
1134580 2044.5
1134590 2040.6
1134600 2040.6
1134610 2040.4
1134620 2041.7
1134630 2046.1
1134640 2046.1
1134650 2053.2
1134660 2059.1
1134670 2054.1
1134680 2057.3
1134690 2058.8
1134700 2058.8
1134710 2056.1
1134720 2059.8
1134730 2059.8
1134740 2065.8
1134750 2070.2
1134760 2070.2
1134770 2074.4
1134780 2074.8
1134790 2074.8
1134800 2075.0
1134810 2075.7
1134820 2075.7
1134830 2077.3
1134840 2080.1
1134850 2080.1
1134860 2081.8
1134870 2083.5
1134880 2086.6
1134890 2086.6
1134900 2089.4
1134910 2091.8
1134920 2091.8
1134930 2095.4
1134940 2099.6
1134950 2099.6
1134960 2104.4
1134970 2109.4
1134980 2109.4
1134990 2113.6
1135000 2118.1
1135010 2118.1
1135020 2122.2
1135030 2120.5
1135040 2120.5
1135050 2122.7
1135060 2125.5
1135070 2125.5
1135080 2128.1
1135090 2130.2
1135100 2130.2
1135110 2133.2
1135120 2136.6
1135130 2140.1
1135140 2140.1
1135150 2143.1
1135160 2147.0
1135170 2147.0
1135180 2151.2
1135190 2155.8
1135200 2155.8
1135210 2159.2
1135220 2161.4
1135230 2161.4
1135240 2164.8
1135250 2168.3
1135260 2168.3
1135270 2172.3
1135280 2177.2
1135290 2177.2
1135300 2182.4
1135310 2188.0
1135320 2188.0
1135330 2193.5
1135340 2199.0
1135350 2199.0
1135360 2203.3
1135370 2205.7
1135380 2209.8
1135390 2209.8
1135400 2210.6
1135410 2219.1
1135420 2219.1
1135430 2228.8
1135440 2237.7
1135450 2237.7
1135460 2252.2
1135470 2267.1
1135480 2267.1
1135490 2272.6
1135500 2274.6
1135510 2274.6
1135520 2274.4
1135530 2275.3
1135540 2275.3
1135550 2275.7
1135560 2276.1
1135570 2276.1
1135580 2277.1
1135590 2278.5
1135600 2280.2
1135610 2280.2
1135620 2282.1
1135630 2284.3
1135640 2284.3
1135650 2286.3
1135660 2288.0
1135670 2288.0
1135680 2288.9
1135690 2289.9
1135700 2289.9
1135710 2291.4
1135720 2292.1
1135730 2292.1
1135740 2291.9
1135750 2290.9
1135760 2288.4
1135770 2287.6
1135780 2286.3
1135790 2286.3
1135800 2285.6
1135810 2285.6
1135820 2285.6
1135830 2286.1
1135840 2288.0
1135850 2289.9
1135860 2289.9
1135870 2291.2
1135880 2292.5
1135890 2292.5
1135900 2294.4
1135910 2296.7
1135920 2296.7
1135930 2298.4
1135940 2299.3
1135950 2299.3
1135960 2299.0
1135970 2297.0
1135980 2297.0
1135990 2293.3
1136000 2285.9
1136010 2285.9
1136020 2276.8
1136030 2268.6
1136040 2268.6
1136050 2261.0
1136060 2254.2
1136070 2254.2
1136080 2247.7
1136090 2241.8
1136100 2236.6
1136110 2236.6
1136120 2231.5
1136130 2228.3
1136140 2228.3
1136150 2224.2
1136160 2219.9
1136170 2219.9
1136180 2216.1
1136190 2212.9
1136200 2212.9
1136210 2210.5
1136220 2208.5
1136230 2208.5
1136240 2207.0
1136250 2205.9
1136260 2205.9
1136270 2204.8
1136280 2203.3
1136290 2203.3
1136300 2201.4
1136310 2199.8
1136320 2199.8
1136330 2197.6
1136340 2195.0
1136350 2193.9
1136360 2193.9
1136370 2193.3
1136380 2192.4
1136390 2192.4
1136400 2191.7
1136410 2191.7
1136420 2191.7
1136430 2192.6
1136440 2192.7
1136450 2192.7
1136460 2192.7
1136470 2192.7
1136480 2192.7
1136490 2193.2
1136500 2193.2
1136510 2193.2
1136520 2193.0
1136530 2191.6
1136540 2191.6
1136550 2190.5
1136560 2191.0
1136570 2191.0
1136580 2193.7
1136590 2195.4
1136600 2195.7
1136610 2195.7
1136620 2196.0
1136630 2197.0
1136640 2197.0
1136650 2198.3
1136660 2200.1
1136670 2200.1
1136680 2202.2
1136690 2204.4
1136700 2204.4
1136710 2206.2
1136720 2207.2
1136730 2207.2
1136740 2207.4
1136750 2205.4
1136760 2205.4
1136770 2200.5
1136780 2197.3
1136790 2197.3
1136800 2198.0
1136810 2200.4
1136820 2200.4
1136830 2195.3
1136840 2187.7
1136850 2187.1
1136860 2191.5
1136870 2196.4
1136880 2203.4
1136890 2203.4
1136900 2211.2
1136910 2224.1
1136920 2224.1
1136930 2233.6
1136940 2236.2
1136950 2236.2
1136960 2236.9
1136970 2238.4
1136980 2238.4
1136990 2241.2
1137000 2244.2
1137010 2244.2
1137020 2245.8
1137030 2249.0
1137040 2249.0
1137050 2252.5
1137060 2254.3
1137070 2254.3
1137080 2254.8
1137090 2254.6
1137100 2253.4
1137110 2253.4
1137120 2247.1
1137130 2240.2
1137140 2240.2
1137150 2243.2
1137160 2258.9
1137170 2258.9
1137180 2267.0
1137190 2270.8
1137200 2270.8
1137210 2270.2
1137220 2279.2
1137230 2279.2
1137240 2284.7
1137250 2288.7
1137260 2288.7
1137270 2290.9
1137280 2289.9
1137290 2289.9
1137300 2286.8
1137310 2286.0
1137320 2286.0
1137330 2286.8
1137340 2288.2
1137350 2289.2
1137360 2289.2
1137370 2289.5
1137380 2288.0
1137390 2288.0
1137400 2286.4
1137410 2285.6
1137420 2285.6
1137430 2285.3
1137440 2284.1
1137450 2284.1
1137460 2282.3
1137470 2281.1
1137480 2281.1
1137490 2280.7
1137500 2281.9
1137510 2281.9
1137520 2283.7
1137530 2285.3
1137540 2285.3
1137550 2285.6
1137560 2288.4
1137570 2288.4
1137580 2291.3
1137590 2300.9
1137600 2306.3
1137610 2306.3
1137620 2308.9
1137630 2310.8
1137640 2310.8
1137650 2313.1
1137660 2320.9
1137670 2320.9
1137680 2328.4
1137690 2334.0
1137700 2334.0
1137710 2346.7
1137720 2344.3
1137730 2344.3
1137740 2338.4
1137750 2341.7
1137760 2341.7
1137770 2348.7
1137780 2356.0
1137790 2356.0
1137800 2358.0
1137810 2365.0
1137820 2365.0
1137830 2378.0
1137840 2400.2
1137850 2429.4
1137860 2429.4
1137870 2453.8
1137880 2464.3
1137890 2464.3
1137900 2469.6
1137910 2471.6
1137920 2471.6
1137930 2474.0
1137940 2476.0
1137950 2476.0
1137960 2486.6
1137970 2479.5
1137980 2479.5
1137990 2467.1
1138000 2467.6
1138010 2467.6
1138020 2462.8
1138030 2468.5
1138040 2468.5
1138050 2461.9
1138060 2451.3
1138070 2451.3
1138080 2443.4
1138090 2437.5
1138100 2430.9
1138110 2430.9
1138120 2419.2
1138130 2405.5
1138140 2405.5
1138150 2400.0
1138160 2398.6
1138170 2398.6
1138180 2388.3
1138190 2367.7
1138200 2367.7
1138210 2360.4
1138220 2360.2
1138230 2360.2
1138240 2359.9
1138250 2358.4
1138260 2358.4
1138270 2355.5
1138280 2351.9
1138290 2351.9
1138300 2349.2
1138310 2346.5
1138320 2351.9
1138330 2348.8
1138340 2349.6
1138350 2350.7
1138360 2350.7
1138370 2351.9
1138380 2353.1
1138390 2353.1
1138400 2354.2
1138410 2355.5
1138420 2355.5
1138430 2358.1
1138440 2361.4
1138450 2361.4
1138460 2364.9
1138470 2367.4
1138480 2367.4
1138490 2369.9
1138500 2372.2
1138510 2372.2
1138520 2372.7
1138530 2372.1
1138540 2372.1
1138550 2372.3
1138560 2395.2
1138570 2395.2
1138580 2432.5
1138590 2464.5
1138600 2487.0
1138610 2487.0
1138620 2482.8
1138630 2469.1
1138640 2469.1
1138650 2487.2
1138660 2493.3
1138670 2493.3
1138680 2490.0
1138690 2506.1
1138700 2506.1
1138710 2517.4
1138720 2517.2
1138730 2517.2
1138740 2513.1
1138750 2489.9
1138760 2489.9
1138770 2484.1
1138780 2475.5
1138790 2475.5
1138800 2497.9
1138810 2524.3
1138820 2533.9
1138830 2533.9
1138840 2518.7
1138850 2519.1
1138860 2519.1
1138870 2522.0
1138880 2527.6
1138890 2527.6
1138900 2539.6
1138910 2546.2
1138920 2546.2
1138930 2533.5
1138940 2542.4
1138950 2542.4
1138960 2553.3
1138970 2551.1
1138980 2551.1
1138990 2549.2
1139000 2554.0
1139010 2554.0
1139020 2561.9
1139030 2570.4
1139040 2570.4
1139050 2577.0
1139060 2590.0
1139070 2593.3
1139080 2593.3
1139090 2592.0
1139100 2576.3
1139110 2576.3
1139120 2548.6
1139130 2527.3
1139140 2527.3
1139150 2516.3
1139160 2511.1
1139170 2511.1
1139180 2524.3
1139190 2534.4
1139200 2534.4
1139210 2535.5
1139220 2527.2
1139230 2527.2
1139240 2515.7
1139250 2502.0
1139260 2502.0
1139270 2493.6
1139280 2485.3
1139290 2485.3
1139300 2480.9
1139310 2477.0
1139320 2477.1
1139330 2477.1
1139340 2486.2
1139350 2494.8
1139360 2494.8
1139370 2484.9
1139380 2471.1
1139390 2471.1
1139400 2453.2
1139410 2444.1
1139420 2444.1
1139430 2433.7
1139440 2429.5
1139450 2429.5
1139460 2427.0
1139470 2423.1
1139480 2423.1
1139490 2427.6
1139500 2435.2
1139510 2435.2
1139520 2424.8
1139530 2422.1
1139540 2422.1
1139550 2417.3
1139560 2416.8
1139570 2414.5
1139580 2414.5
1139590 2414.8
1139600 2415.6
1139610 2415.6
1139620 2416.0
1139630 2415.3
1139640 2415.3
1139650 2414.9
1139660 2416.9
1139670 2416.9
1139680 2418.3
1139690 2419.4
1139700 2419.4
1139710 2422.6
1139720 2427.9
1139730 2427.9
1139740 2436.0
1139750 2443.7
1139760 2443.7
1139770 2451.7
1139780 2459.8
1139790 2459.8
1139800 2459.7
1139810 2459.6
1139820 2462.1
1139830 2462.1
1139840 2466.2
1139850 2472.8
1139860 2472.8
1139870 2480.2
1139880 2486.2
1139890 2486.2
1139900 2493.0
1139910 2500.0
1139920 2500.0
1139930 2504.1
1139940 2501.3
1139950 2501.3
1139960 2494.4
1139970 2487.6
1139980 2487.6
1139990 2485.1
