1120000 1684.2
1120010 1684.2
1120020 1686.7
1120030 1688.2
1120040 1688.2
1120050 1690.0
1120060 1691.9
1120070 1691.9
1120080 1694.5
1120090 1697.0
1120100 1697.0
1120110 1697.3
1120120 1698.6
1120130 1701.7
1120140 1701.7
1120150 1705.5
1120160 1712.7
1120170 1712.7
1120180 1715.7
1120190 1723.4
1120200 1723.4
1120210 1722.2
1120220 1722.0
1120230 1722.0
1120240 1726.5
1120250 1730.3
1120260 1730.3
1120270 1737.5
1120280 1744.1
1120290 1744.1
1120300 1748.4
1120310 1750.9
1120320 1750.9
1120330 1750.3
1120340 1748.6
1120350 1748.6
1120360 1746.9
1120370 1745.8
1120380 1749.5
1120390 1749.5
1120400 1758.5
1120410 1763.9
1120420 1763.9
1120430 1769.2
1120440 1771.5
1120450 1771.5
1120460 1771.6
1120470 1772.7
1120480 1772.7
1120490 1774.5
1120500 1777.7
1120510 1777.7
1120520 1781.4
1120530 1787.4
1120540 1791.2
1120550 1797.5
1120560 1799.5
1120570 1799.5
1120580 1801.8
1120590 1803.5
1120600 1803.5
1120610 1807.5
1120620 1812.7
1120630 1811.6
1120640 1811.6
1120650 1808.0
1120660 1803.8
1120670 1803.8
1120680 1800.3
1120690 1796.6
1120700 1796.6
1120710 1793.2
1120720 1792.6
1120730 1792.6
1120740 1797.2
1120750 1803.7
1120760 1803.7
1120770 1811.5
1120780 1819.2
1120790 1819.2
1120800 1827.4
1120810 1836.7
1120820 1836.7
1120830 1844.5
1120840 1851.3
1120850 1851.3
1120860 1857.3
1120870 1860.2
1120880 1861.8
1120890 1866.4
1120900 1866.0
1120910 1867.0
1120920 1867.0
1120930 1869.8
1120940 1873.4
1120950 1873.4
1120960 1877.7
1120970 1879.5
1120980 1879.5
1120990 1882.1
1121000 1884.0
1121010 1884.0
1121020 1885.4
1121030 1883.3
1121040 1883.3
1121050 1876.9
1121060 1870.7
1121070 1870.7
1121080 1864.3
1121090 1866.0
1121100 1866.0
1121110 1873.9
1121120 1881.5
1121130 1888.4
1121140 1888.4
1121150 1894.1
1121160 1897.7
1121170 1897.7
1121180 1896.3
1121190 1895.4
1121200 1895.4
1121210 1896.3
1121220 1898.4
1121230 1898.4
1121240 1904.8
1121250 1907.5
1121260 1907.5
1121270 1908.3
1121280 1910.9
1121290 1910.9
1121300 1912.2
1121310 1912.0
1121320 1912.0
1121330 1913.8
1121340 1914.6
1121350 1914.6
1121360 1913.1
1121370 1914.4
1121380 1915.1
1121390 1915.1
1121400 1912.6
1121410 1909.2
1121420 1909.2
1121430 1904.4
1121440 1894.6
1121450 1894.6
1121460 1885.0
1121470 1880.2
1121480 1880.2
1121490 1877.8
1121500 1876.3
1121510 1876.3
1121520 1875.1
1121530 1875.0
1121540 1875.0
1121550 1875.2
1121560 1876.0
1121570 1876.0
1121580 1874.5
1121590 1879.8
1121600 1879.8
1121610 1881.3
1121620 1881.1
1121630 1880.8
1121640 1880.8
1121650 1880.3
1121660 1880.0
1121670 1880.0
1121680 1879.9
1121690 1879.1
1121700 1879.1
1121710 1876.5
1121720 1876.1
1121730 1876.1
1121740 1874.5
1121750 1873.3
1121760 1873.3
1121770 1871.7
1121780 1870.6
1121790 1870.6
1121800 1868.3
1121810 1866.3
1121820 1866.3
1121830 1865.0
1121840 1864.3
1121850 1864.3
1121860 1861.6
1121870 1859.8
1121880 1860.1
1121890 1860.1
1121900 1868.0
1121910 1873.0
1121920 1873.0
1121930 1871.5
1121940 1879.1
1121950 1879.1
1121960 1875.9
1121970 1874.2
1121980 1874.2
1121990 1872.7
1122000 1877.4
1122010 1877.4
1122020 1887.1
1122030 1893.8
1122040 1893.8
1122050 1900.7
1122060 1907.9
1122070 1907.9
1122080 1916.0
1122090 1924.5
1122100 1924.5
1122110 1935.0
1122120 1945.2
1122130 1957.9
1122140 1957.9
1122150 1972.7
1122160 1987.2
1122170 1987.2
1122180 1994.1
1122190 2000.3
1122200 2000.3
1122210 2008.6
1122220 2015.7
1122230 2015.7
1122240 2024.9
1122250 2037.4
1122260 2037.4
1122270 2044.6
1122280 2050.3
1122290 2062.0
1122300 2066.3
1122310 2070.1
1122320 2070.1
1122330 2073.1
1122340 2074.8
1122350 2074.8
1122360 2073.3
1122370 2072.7
1122380 2067.6
1122390 2067.6
1122400 2065.6
1122410 2065.5
1122420 2065.5
1122430 2062.2
1122440 2059.2
1122450 2059.2
1122460 2056.9
1122470 2056.5
1122480 2056.5
1122490 2055.9
1122500 2055.8
1122510 2055.8
1122520 2058.1
1122530 2059.2
1122540 2059.2
1122550 2056.9
1122560 2046.6
1122570 2046.6
1122580 2032.4
1122590 2025.2
1122600 2025.2
1122610 2022.5
1122620 2018.6
1122630 2014.2
1122640 2020.6
1122650 2016.5
1122660 2012.3
1122670 2012.3
1122680 2007.5
1122690 2003.1
1122700 2003.1
1122710 1999.8
1122720 1996.4
1122730 1996.4
1122740 1990.8
1122750 1983.3
1122760 1983.3
1122770 1985.3
1122780 1996.7
1122790 1996.7
1122800 2006.3
1122810 2016.1
1122820 2016.1
1122830 2029.1
1122840 2048.2
1122850 2048.2
1122860 2065.6
1122870 2066.9
1122880 2076.9
1122890 2076.9
1122900 2080.1
1122910 2085.6
1122920 2085.6
1122930 2087.8
1122940 2087.5
1122950 2087.5
1122960 2084.2
1122970 2078.6
1122980 2078.6
1122990 2089.7
1123000 2082.2
1123010 2082.2
1123020 2085.6
1123030 2104.3
1123040 2104.3
1123050 2119.6
1123060 2129.6
1123070 2129.6
1123080 2138.1
1123090 2145.9
1123100 2145.9
1123110 2153.3
1123120 2160.8
1123130 2168.4
1123140 2168.4
1123150 2176.0
1123160 2185.0
1123170 2185.0
1123180 2194.4
1123190 2203.0
1123200 2203.0
1123210 2207.0
1123220 2210.8
1123230 2210.8
1123240 2216.3
1123250 2223.9
1123260 2223.9
1123270 2229.5
1123280 2233.2
1123290 2233.2
1123300 2240.9
1123310 2246.8
1123320 2246.8
1123330 2252.3
1123340 2267.9
1123350 2267.9
1123360 2270.6
1123370 2272.1
1123380 2275.1
1123390 2275.1
1123400 2276.1
1123410 2275.2
1123420 2275.2
1123430 2274.0
1123440 2271.9
1123450 2271.9
1123460 2267.4
1123470 2260.3
1123480 2260.3
1123490 2253.7
1123500 2244.0
1123510 2244.0
1123520 2231.6
1123530 2220.2
1123540 2220.2
1123550 2211.4
1123560 2204.1
1123570 2204.1
1123580 2195.9
1123590 2185.7
1123600 2185.7
1123610 2176.5
1123620 2166.4
1123630 2166.3
1123640 2166.3
1123650 2173.5
1123660 2175.8
1123670 2175.8
1123680 2176.7
1123690 2178.3
1123700 2178.3
1123710 2171.4
1123720 2164.7
1123730 2164.7
1123740 2156.7
1123750 2151.0
1123760 2151.0
1123770 2148.8
1123780 2145.1
1123790 2145.1
1123800 2142.4
1123810 2143.4
1123820 2143.4
1123830 2140.6
1123840 2132.3
1123850 2132.3
1123860 2122.4
1123870 2113.0
1123880 2100.6
1123890 2100.6
1123900 2085.8
1123910 2071.6
1123920 2071.6
1123930 2062.6
1123940 2051.6
1123950 2051.6
1123960 2039.2
1123970 2032.8
1123980 2032.8
1123990 2027.7
1124000 2025.2
1124010 2025.2
1124020 2022.5
1124030 2017.1
1124040 2007.7
1124050 2004.9
1124060 2002.5
1124070 2002.5
1124080 1995.2
1124090 1987.1
1124100 1987.1
1124110 1983.0
1124120 1977.2
1124130 1970.8
1124140 1970.8
1124150 1963.4
1124160 1953.2
1124170 1953.2
1124180 1944.0
1124190 1937.4
1124200 1937.4
1124210 1931.1
1124220 1920.9
1124230 1920.9
1124240 1912.9
1124250 1908.5
1124260 1908.5
1124270 1901.7
1124280 1893.4
1124290 1893.4
1124300 1886.7
1124310 1878.5
1124320 1878.5
1124330 1868.0
1124340 1859.6
1124350 1859.6
1124360 1853.0
1124370 1848.6
1124380 1845.6
1124390 1845.6
1124400 1834.8
1124410 1832.0
1124420 1832.0
1124430 1825.6
1124440 1820.4
1124450 1820.4
1124460 1815.6
1124470 1810.3
1124480 1810.3
1124490 1804.1
1124500 1796.6
1124510 1796.6
1124520 1790.7
1124530 1784.5
1124540 1784.5
1124550 1778.7
1124560 1772.9
1124570 1772.9
1124580 1766.7
1124590 1760.2
1124600 1760.2
1124610 1753.5
1124620 1747.8
1124630 1743.3
1124640 1743.3
1124650 1738.5
1124660 1732.9
1124670 1732.9
1124680 1726.9
1124690 1721.3
1124700 1721.3
1124710 1716.0
1124720 1711.5
1124730 1711.5
1124740 1707.0
1124750 1699.3
1124760 1699.3
1124770 1695.0
1124780 1690.9
1124790 1690.9
1124800 1686.8
1124810 1680.9
1124820 1680.9
1124830 1673.6
1124840 1668.0
1124850 1668.0
1124860 1663.9
1124870 1657.6
1124880 1651.4
1124890 1651.4
1124900 1646.7
1124910 1641.5
1124920 1641.5
1124930 1637.8
1124940 1635.5
1124950 1635.5
1124960 1634.0
1124970 1633.4
1124980 1633.4
1124990 1633.9
1125000 1635.0
1125010 1635.0
1125020 1639.1
1125030 1643.6
1125040 1643.6
1125050 1645.0
1125060 1646.7
1125070 1646.7
1125080 1649.1
1125090 1653.0
1125100 1660.0
1125110 1664.9
1125120 1666.9
1125130 1667.9
1125140 1667.9
1125150 1668.6
1125160 1669.1
1125170 1669.1
1125180 1672.9
1125190 1679.9
1125200 1679.9
1125210 1687.6
1125220 1693.6
1125230 1693.6
1125240 1700.9
1125250 1711.1
1125260 1711.1
1125270 1717.6
1125280 1732.9
1125290 1732.9
1125300 1753.2
1125310 1768.5
1125320 1768.5
1125330 1777.5
1125340 1785.0
1125350 1785.0
1125360 1794.7
1125370 1803.5
1125380 1811.4
1125390 1811.4
1125400 1820.0
1125410 1828.5
1125420 1828.5
1125430 1836.2
1125440 1843.8
1125450 1843.8
1125460 1852.4
1125470 1857.2
1125480 1857.2
1125490 1861.5
1125500 1863.7
1125510 1863.7
1125520 1864.1
1125530 1864.1
1125540 1864.1
1125550 1865.0
1125560 1865.5
1125570 1865.5
1125580 1864.6
1125590 1863.7
1125600 1863.7
1125610 1861.9
1125620 1860.4
1125630 1858.5
1125640 1858.5
1125650 1857.0
1125660 1856.4
1125670 1856.4
1125680 1856.4
1125690 1855.6
1125700 1855.6
1125710 1854.3
1125720 1851.9
1125730 1851.9
1125740 1848.7
1125750 1849.3
1125760 1849.3
1125770 1849.8
1125780 1847.9
1125790 1847.9
1125800 1844.6
1125810 1845.5
1125820 1845.5
1125830 1845.9
1125840 1846.0
1125850 1846.0
1125860 1845.1
1125870 1844.9
1125880 1844.7
1125890 1844.7
1125900 1845.9
1125910 1848.2
1125920 1848.2
1125930 1850.5
1125940 1851.8
1125950 1851.8
1125960 1856.3
1125970 1861.4
1125980 1861.4
1125990 1864.2
1126000 1863.1
1126010 1863.1
1126020 1863.1
1126030 1865.8
1126040 1865.8
1126050 1868.9
1126060 1873.0
1126070 1873.0
1126080 1877.1
1126090 1880.2
1126100 1880.2
1126110 1882.8
1126120 1885.4
1126130 1886.4
1126140 1886.4
1126150 1885.8
1126160 1885.1
1126170 1890.0
1126180 1889.3
1126190 1887.3
1126200 1887.3
1126210 1885.0
1126220 1883.3
1126230 1883.3
1126240 1881.8
1126250 1880.1
1126260 1880.1
1126270 1879.3
1126280 1879.8
1126290 1879.8
1126300 1880.4
1126310 1879.7
1126320 1879.7
1126330 1878.1
1126340 1879.0
1126350 1879.0
1126360 1880.3
1126370 1880.7
1126380 1881.2
1126390 1881.2
1126400 1882.3
1126410 1883.3
1126420 1883.3
1126430 1884.8
1126440 1886.8
1126450 1886.8
1126460 1888.2
1126470 1888.8
1126480 1888.8
1126490 1889.7
1126500 1892.0
1126510 1892.0
1126520 1899.6
1126530 1902.4
1126540 1902.4
1126550 1905.9
1126560 1910.5
1126570 1910.5
1126580 1916.9
1126590 1921.9
1126600 1921.9
1126610 1925.3
1126620 1928.5
1126630 1932.0
1126640 1932.0
1126650 1935.0
1126660 1939.2
1126670 1939.2
1126680 1943.6
1126690 1947.5
1126700 1947.5
1126710 1950.9
1126720 1953.9
1126730 1953.9
1126740 1957.9
1126750 1961.7
1126760 1961.7
1126770 1965.9
1126780 1971.3
1126790 1971.3
1126800 1975.9
1126810 1980.9
1126820 1980.9
1126830 1985.4
1126840 1990.1
1126850 1990.1
1126860 1995.3
1126870 2000.4
1126880 2012.0
1126890 2012.0
1126900 2020.1
1126910 2025.5
1126920 2025.5
1126930 2026.7
1126940 2030.0
1126950 2030.0
1126960 2033.1
1126970 2036.6
1126980 2036.6
1126990 2054.1
1127000 2063.6
1127010 2063.6
1127020 2067.8
1127030 2066.9
1127040 2066.9
1127050 2066.9
1127060 2069.1
1127070 2069.1
1127080 2070.7
1127090 2075.0
1127100 2075.0
1127110 2077.6
1127120 2080.9
1127130 2083.3
1127140 2083.3
1127150 2083.3
1127160 2082.2
1127170 2082.2
1127180 2082.6
1127190 2081.2
1127200 2081.2
1127210 2073.6
1127220 2066.1
1127230 2087.1
1127240 2073.4
1127250 2076.1
1127260 2076.1
1127270 2090.6
1127280 2107.7
1127290 2107.7
1127300 2114.3
1127310 2114.9
1127320 2114.9
1127330 2118.1
1127340 2120.3
1127350 2120.3
1127360 2124.9
1127370 2129.2
1127380 2133.8
1127390 2133.8
1127400 2136.6
1127410 2142.1
1127420 2142.1
1127430 2152.1
1127440 2161.2
1127450 2161.2
1127460 2169.8
1127470 2176.9
1127480 2176.9
1127490 2185.0
1127500 2191.4
1127510 2191.4
1127520 2196.9
1127530 2200.2
1127540 2200.2
1127550 2203.7
1127560 2207.3
1127570 2207.3
1127580 2211.2
1127590 2226.7
1127600 2226.7
1127610 2228.2
1127620 2231.6
1127630 2238.3
1127640 2238.3
1127650 2243.5
1127660 2244.9
1127670 2244.9
1127680 2239.3
1127690 2235.0
1127700 2235.0
1127710 2229.1
1127720 2223.1
1127730 2223.1
1127740 2216.9
1127750 2210.1
1127760 2210.1
1127770 2201.0
1127780 2192.0
1127790 2192.0
1127800 2184.8
1127810 2178.4
1127820 2178.4
1127830 2172.1
1127840 2166.3
1127850 2166.3
1127860 2160.2
1127870 2153.9
1127880 2149.5
1127890 2149.5
1127900 2145.8
1127910 2141.0
1127920 2141.0
1127930 2135.6
1127940 2133.4
1127950 2133.4
1127960 2126.4
1127970 2119.5
1127980 2119.5
1127990 2112.6
1128000 2104.4
1128010 2104.4
1128020 2097.3
1128030 2089.4
1128040 2089.4
1128050 2082.1
1128060 2075.6
1128070 2075.6
1128080 2067.8
1128090 2058.2
1128100 2058.2
1128110 2048.9
1128120 2036.8
1128130 2034.0
1128140 2034.0
1128150 2029.9
1128160 2025.8
1128170 2025.8
1128180 2017.7
1128190 2017.0
1128200 2017.0
1128210 2016.0
1128220 2011.0
1128230 2011.0
1128240 2003.6
1128250 1996.5
1128260 1996.5
1128270 1985.5
1128280 1977.1
1128290 1977.1
1128300 1978.9
1128310 1972.6
1128320 1972.6
1128330 1965.6
1128340 1956.9
1128350 1956.9
1128360 1948.6
1128370 1941.8
1128380 1936.0
1128390 1936.0
1128400 1934.9
1128410 1931.7
1128420 1931.7
1128430 1930.1
1128440 1933.1
1128450 1933.1
1128460 1928.2
1128470 1923.5
1128480 1923.5
1128490 1924.3
1128500 1922.0
1128510 1922.0
1128520 1916.2
1128530 1909.0
1128540 1909.0
1128550 1902.8
1128560 1897.0
1128570 1897.0
1128580 1891.2
1128590 1883.1
1128600 1883.1
1128610 1873.7
1128620 1865.8
1128630 1860.8
1128640 1860.8
1128650 1853.2
1128660 1845.2
1128670 1845.2
1128680 1832.5
1128690 1816.1
1128700 1816.1
1128710 1807.0
1128720 1799.3
1128730 1799.3
1128740 1791.1
1128750 1784.7
1128760 1784.7
1128770 1779.5
1128780 1778.0
1128790 1778.0
1128800 1776.6
1128810 1777.1
1128820 1777.1
1128830 1772.5
1128840 1763.8
1128850 1763.8
1128860 1755.7
1128870 1749.8
1128880 1744.1
1128890 1744.1
1128900 1737.6
1128910 1730.5
1128920 1730.5
1128930 1724.7
1128940 1720.4
1128950 1720.4
1128960 1716.9
1128970 1712.9
1128980 1712.9
1128990 1708.6
1129000 1703.9
1129010 1705.8
1129020 1703.1
1129030 1698.9
1129040 1698.9
1129050 1693.6
1129060 1688.0
1129070 1688.0
1129080 1682.8
1129090 1678.1
1129100 1678.1
1129110 1673.3
1129120 1669.0
1129130 1664.7
1129140 1664.7
1129150 1661.0
1129160 1657.1
1129170 1657.1
1129180 1652.7
1129190 1648.6
1129200 1648.6
1129210 1643.8
1129220 1639.3
1129230 1639.3
1129240 1634.8
1129250 1630.1
1129260 1630.1
1129270 1625.9
1129280 1622.3
1129290 1622.3
1129300 1619.0
1129310 1615.9
1129320 1615.9
1129330 1613.4
1129340 1611.1
1129350 1611.1
1129360 1609.6
1129370 1611.0
1129380 1609.9
1129390 1609.9
1129400 1609.1
1129410 1608.5
1129420 1608.5
1129430 1607.2
1129440 1605.3
1129450 1605.3
1129460 1603.9
1129470 1603.1
1129480 1603.1
1129490 1601.9
1129500 1600.6
1129510 1600.6
1129520 1598.9
1129530 1596.9
1129540 1596.9
1129550 1595.1
1129560 1594.7
1129570 1594.7
1129580 1593.5
1129590 1592.3
1129600 1592.3
1129610 1591.3
1129620 1590.0
1129630 1587.9
1129640 1587.9
1129650 1582.8
1129660 1580.0
1129670 1580.0
1129680 1583.1
1129690 1583.7
1129700 1583.7
1129710 1582.3
1129720 1581.3
1129730 1582.8
1129740 1581.7
1129750 1580.2
1129760 1580.2
1129770 1576.7
1129780 1569.2
1129790 1569.2
1129800 1562.2
1129810 1555.6
1129820 1555.6
1129830 1551.4
1129840 1550.9
1129850 1550.9
1129860 1550.5
1129870 1550.6
1129880 1550.7
1129890 1550.7
1129900 1550.8
1129910 1552.3
1129920 1552.3
1129930 1553.1
1129940 1553.4
1129950 1553.4
1129960 1554.0
1129970 1555.4
1129980 1555.4
1129990 1560.4
1130000 1565.6
1130010 1565.6
1130020 1570.2
1130030 1573.6
1130040 1573.6
1130050 1579.0
1130060 1583.0
1130070 1583.0
1130080 1584.6
1130090 1585.0
1130100 1585.0
1130110 1587.4
1130120 1591.0
1130130 1595.4
1130140 1595.4
1130150 1599.8
1130160 1603.4
1130170 1603.4
1130180 1608.1
1130190 1612.9
1130200 1612.9
1130210 1616.7
1130220 1620.3
1130230 1620.3
1130240 1624.4
1130250 1629.5
1130260 1629.5
1130270 1634.5
1130280 1639.2
1130290 1639.2
1130300 1644.2
1130310 1649.2
1130320 1649.2
1130330 1654.1
1130340 1659.2
1130350 1659.2
1130360 1664.3
1130370 1669.4
1130380 1674.2
1130390 1674.2
1130400 1679.2
1130410 1683.8
1130420 1683.8
1130430 1688.2
1130440 1692.8
1130450 1688.4
1130460 1694.1
1130470 1699.7
1130480 1699.7
1130490 1705.2
1130500 1711.2
1130510 1711.2
1130520 1718.5
1130530 1725.8
1130540 1725.8
1130550 1732.8
1130560 1740.1
1130570 1740.1
1130580 1747.9
1130590 1756.6
1130600 1756.6
1130610 1769.9
1130620 1781.8
1130630 1790.8
1130640 1790.8
1130650 1799.1
1130660 1807.1
1130670 1807.1
1130680 1815.8
1130690 1824.9
1130700 1824.9
1130710 1831.8
1130720 1834.0
1130730 1834.0
1130740 1835.9
1130750 1838.9
1130760 1838.9
1130770 1843.5
1130780 1847.5
1130790 1847.5
1130800 1847.5
1130810 1849.5
1130820 1849.5
1130830 1859.7
1130840 1870.6
1130850 1870.6
1130860 1885.1
1130870 1898.3
1130880 1910.3
1130890 1910.3
1130900 1925.9
1130910 1952.5
1130920 1952.5
1130930 1962.0
1130940 1965.8
1130950 1965.8
1130960 1966.7
1130970 1968.4
1130980 1968.4
1130990 1971.3
1131000 1974.6
1131010 1974.6
1131020 1979.0
1131030 1984.8
1131040 1984.8
1131050 1989.8
1131060 1991.8
1131070 1991.8
1131080 1993.7
1131090 1996.0
1131100 1996.0
1131110 1999.2
1131120 2002.4
1131130 2006.6
1131140 2006.6
1131150 2010.7
1131160 2013.5
1131170 2010.2
1131180 2013.4
1131190 2015.8
1131200 2015.8
1131210 2018.4
1131220 2020.3
1131230 2020.3
1131240 2021.5
1131250 2023.1
1131260 2023.1
1131270 2024.6
1131280 2025.7
1131290 2025.7
1131300 2026.5
1131310 2027.2
1131320 2027.2
1131330 2027.4
1131340 2026.7
1131350 2026.7
1131360 2025.7
1131370 2025.4
1131380 2024.7
1131390 2024.7
1131400 2023.2
1131410 2021.0
1131420 2021.0
1131430 2018.0
1131440 2015.3
1131450 2015.3
1131460 2013.5
1131470 2012.9
1131480 2012.9
1131490 2012.8
1131500 2013.0
1131510 2013.0
1131520 2013.0
1131530 2008.8
1131540 2008.8
1131550 2007.3
1131560 2006.3
1131570 2006.3
1131580 2010.6
1131590 2013.2
1131600 2013.2
1131610 2014.5
1131620 2017.1
1131630 2021.5
1131640 2021.5
1131650 2025.4
1131660 2028.0
1131670 2028.0
1131680 2029.6
1131690 2030.4
1131700 2030.4
1131710 2031.5
1131720 2032.2
1131730 2032.2
1131740 2032.8
1131750 2033.5
1131760 2033.5
1131770 2034.6
1131780 2036.2
1131790 2036.2
1131800 2038.7
1131810 2042.4
1131820 2042.4
1131830 2046.0
1131840 2050.0
1131850 2050.0
1131860 2054.6
1131870 2059.4
1131880 2063.8
1131890 2066.7
1131900 2069.7
1131910 2072.8
1131920 2072.8
1131930 2076.8
1131940 2080.3
1131950 2080.3
1131960 2083.8
1131970 2086.6
1131980 2086.6
1131990 2089.3
1132000 2091.8
1132010 2091.8
1132020 2094.4
1132030 2097.6
1132040 2097.6
1132050 2101.4
1132060 2105.1
1132070 2105.1
1132080 2108.7
1132090 2111.1
1132100 2111.1
1132110 2113.6
1132120 2117.1
1132130 2119.7
1132140 2119.7
1132150 2120.8
1132160 2122.0
1132170 2122.0
1132180 2123.8
1132190 2126.1
1132200 2126.1
1132210 2128.8
1132220 2131.7
1132230 2131.7
1132240 2134.7
1132250 2138.4
1132260 2138.4
1132270 2141.0
1132280 2137.9
1132290 2137.9
1132300 2135.2
1132310 2135.5
1132320 2135.5
1132330 2136.1
1132340 2136.8
1132350 2136.8
1132360 2138.0
1132370 2139.7
1132380 2141.7
1132390 2141.7
1132400 2144.0
1132410 2147.2
1132420 2147.2
1132430 2151.7
1132440 2156.2
1132450 2156.2
1132460 2160.1
1132470 2162.4
1132480 2162.4
1132490 2163.6
1132500 2166.2
1132510 2166.2
1132520 2171.0
1132530 2176.6
1132540 2176.6
1132550 2180.9
1132560 2181.9
1132570 2181.9
1132580 2183.2
1132590 2186.9
1132600 2186.9
1132610 2192.9
1132620 2199.3
1132630 2204.0
1132640 2204.0
1132650 2211.4
1132660 2218.6
1132670 2218.6
1132680 2222.4
1132690 2225.8
1132700 2225.8
1132710 2230.2
1132720 2235.2
1132730 2235.2
1132740 2240.0
1132750 2245.1
1132760 2245.1
1132770 2249.7
1132780 2255.4
1132790 2255.4
1132800 2261.7
1132810 2268.3
1132820 2268.3
1132830 2274.8
1132840 2281.3
1132850 2281.3
1132860 2288.4
1132870 2295.5
1132880 2302.6
1132890 2302.6
1132900 2310.1
1132910 2315.8
1132920 2315.8
1132930 2320.7
1132940 2326.4
1132950 2326.4
1132960 2333.1
1132970 2339.3
1132980 2339.3
1132990 2346.5
1133000 2352.9
1133010 2352.9
1133020 2358.7
1133030 2372.0
1133040 2372.0
1133050 2388.3
1133060 2398.8
1133070 2398.8
1133080 2406.1
1133090 2415.8
1133100 2415.8
1133110 2424.3
1133120 2432.2
1133130 2440.7
1133140 2440.7
1133150 2448.0
1133160 2455.6
1133170 2455.6
1133180 2463.3
1133190 2470.4
1133200 2470.4
1133210 2477.7
1133220 2484.9
1133230 2484.9
1133240 2491.7
1133250 2500.2
1133260 2500.2
1133270 2507.1
1133280 2514.2
1133290 2514.2
1133300 2521.2
1133310 2528.3
1133320 2528.3
1133330 2533.7
1133340 2541.0
1133350 2541.0
1133360 2548.5
1133370 2555.5
1133380 2562.8
1133390 2562.8
1133400 2569.6
1133410 2577.2
1133420 2577.2
1133430 2585.5
1133440 2592.4
1133450 2592.4
1133460 2596.9
1133470 2592.4
1133480 2592.4
1133490 2581.3
1133500 2568.2
1133510 2568.2
1133520 2559.0
1133530 2549.5
1133540 2549.5
1133550 2545.1
1133560 2548.9
1133570 2548.9
1133580 2532.9
1133590 2519.5
1133600 2519.5
1133610 2521.9
1133620 2522.5
1133630 2523.6
1133640 2523.6
1133650 2509.5
1133660 2491.1
1133670 2491.1
1133680 2487.8
1133690 2459.5
1133700 2459.5
1133710 2444.2
1133720 2438.2
1133730 2438.2
1133740 2435.0
1133750 2431.7
1133760 2431.7
1133770 2428.0
1133780 2423.6
1133790 2423.6
1133800 2418.7
1133810 2413.8
1133820 2413.8
1133830 2409.3
1133840 2404.0
1133850 2404.0
1133860 2399.9
1133870 2394.8
1133880 2389.2
1133890 2389.2
1133900 2383.6
1133910 2378.3
1133920 2378.3
1133930 2373.3
1133940 2368.9
1133950 2368.9
1133960 2365.8
1133970 2363.6
1133980 2363.6
1133990 2360.7
1134000 2357.5
1134010 2357.5
1134020 2354.3
1134030 2350.7
1134040 2350.7
1134050 2342.3
1134060 2339.2
1134070 2339.2
1134080 2337.1
1134090 2334.6
1134100 2334.6
1134110 2332.1
1134120 2329.8
1134130 2327.4
1134140 2327.4
1134150 2324.3
1134160 2321.5
1134170 2321.5
1134180 2319.5
1134190 2316.0
1134200 2316.0
1134210 2313.2
1134220 2310.0
1134230 2310.0
1134240 2307.0
1134250 2303.7
1134260 2303.7
1134270 2300.5
1134280 2297.0
1134290 2297.0
1134300 2293.3
1134310 2290.0
1134320 2290.0
1134330 2288.7
1134340 2288.5
1134350 2288.5
1134360 2287.7
1134370 2285.5
1134380 2281.4
1134390 2281.4
1134400 2278.4
1134410 2278.4
1134420 2275.4
1134430 2276.4
1134440 2279.2
1134450 2279.2
1134460 2280.6
1134470 2279.9
1134480 2279.9
1134490 2278.3
1134500 2277.4
1134510 2277.4
1134520 2277.2
1134530 2278.2
1134540 2278.2
1134550 2277.1
1134560 2277.7
1134570 2277.7
1134580 2277.3
1134590 2276.7
1134600 2276.7
1134610 2276.5
1134620 2275.9
1134630 2276.1
1134640 2276.1
1134650 2276.2
1134660 2277.1
1134670 2277.1
1134680 2276.3
1134690 2277.7
1134700 2277.7
1134710 2283.2
1134720 2286.2
1134730 2286.2
1134740 2288.9
1134750 2291.7
1134760 2291.7
1134770 2293.8
1134780 2292.0
1134790 2292.0
1134800 2295.5
1134810 2301.2
1134820 2301.2
1134830 2307.7
1134840 2312.8
1134850 2312.8
1134860 2318.1
1134870 2324.3
1134880 2331.1
1134890 2331.1
1134900 2336.7
1134910 2340.0
1134920 2340.0
1134930 2343.8
1134940 2347.1
1134950 2347.1
1134960 2351.5
1134970 2356.7
1134980 2356.7
1134990 2363.1
1135000 2370.3
1135010 2370.3
1135020 2379.1
1135030 2387.0
1135040 2387.0
1135050 2391.5
1135060 2394.2
1135070 2394.2
1135080 2398.4
1135090 2403.9
1135100 2403.9
1135110 2409.9
1135120 2416.2
1135130 2422.5
1135140 2420.4
1135150 2426.3
1135160 2431.2
1135170 2431.2
1135180 2434.8
1135190 2438.0
1135200 2438.0
1135210 2440.3
1135220 2435.6
1135230 2435.6
1135240 2428.1
1135250 2420.3
1135260 2420.3
1135270 2411.9
1135280 2404.4
1135290 2404.4
1135300 2397.1
1135310 2390.3
1135320 2390.3
1135330 2383.5
1135340 2377.3
1135350 2377.3
1135360 2371.9
1135370 2367.2
1135380 2362.5
1135390 2362.5
1135400 2357.4
1135410 2352.7
1135420 2352.7
1135430 2349.2
1135440 2346.2
1135450 2346.2
1135460 2343.6
1135470 2342.3
1135480 2342.3
1135490 2341.5
1135500 2340.2
1135510 2338.4
1135520 2336.5
1135530 2333.4
1135540 2333.4
1135550 2329.5
1135560 2325.3
1135570 2325.3
1135580 2320.5
1135590 2315.5
1135600 2315.5
1135610 2310.2
1135620 2306.6
1135630 2304.6
1135640 2304.6
1135650 2304.1
1135660 2303.9
1135670 2303.9
1135680 2303.8
1135690 2304.4
1135700 2304.4
1135710 2304.9
1135720 2304.9
1135730 2304.9
1135740 2303.7
1135750 2301.8
1135760 2301.8
1135770 2300.4
1135780 2298.0
1135790 2298.0
1135800 2294.5
1135810 2289.0
1135820 2289.0
1135830 2284.2
1135840 2279.2
1135850 2279.2
1135860 2273.7
1135870 2267.4
1135880 2260.7
1135890 2260.7
1135900 2258.4
1135910 2257.1
1135920 2257.1
1135930 2254.8
1135940 2252.6
1135950 2252.6
1135960 2250.8
1135970 2249.2
1135980 2249.2
1135990 2248.8
1136000 2249.2
1136010 2249.2
1136020 2249.5
1136030 2245.4
1136040 2245.4
1136050 2241.2
1136060 2240.0
1136070 2240.0
1136080 2239.7
1136090 2240.2
1136100 2240.2
1136110 2241.0
1136120 2240.8
1136130 2240.9
1136140 2240.9
1136150 2241.6
1136160 2244.4
1136170 2244.4
1136180 2248.9
1136190 2252.6
1136200 2252.6
1136210 2252.5
1136220 2252.4
1136230 2252.4
1136240 2254.6
1136250 2254.2
1136260 2254.2
1136270 2253.3
1136280 2252.5
1136290 2252.5
1136300 2254.6
1136310 2257.9
1136320 2257.9
1136330 2261.3
1136340 2263.8
1136350 2263.8
1136360 2265.2
1136370 2267.8
1136380 2268.9
1136390 2268.9
1136400 2272.1
1136410 2273.9
1136420 2273.9
1136430 2274.5
1136440 2272.9
1136450 2272.9
1136460 2271.3
1136470 2269.3
1136480 2269.3
1136490 2268.2
1136500 2268.0
1136510 2268.0
1136520 2265.8
1136530 2263.3
1136540 2263.3
1136550 2261.2
1136560 2258.2
1136570 2258.2
1136580 2258.6
1136590 2260.8
1136600 2257.9
1136610 2258.6
1136620 2257.4
1136630 2255.9
1136640 2255.9
1136650 2255.4
1136660 2253.2
1136670 2253.2
1136680 2250.1
1136690 2247.7
1136700 2247.7
1136710 2247.9
1136720 2247.7
1136730 2247.7
1136740 2247.4
1136750 2246.7
1136760 2246.7
1136770 2244.6
1136780 2242.0
1136790 2242.0
1136800 2237.9
1136810 2232.0
1136820 2232.0
1136830 2228.6
1136840 2229.3
1136850 2229.3
1136860 2229.6
1136870 2228.2
1136880 2226.2
1136890 2226.2
1136900 2224.2
1136910 2221.9
1136920 2221.9
1136930 2218.7
1136940 2214.9
1136950 2214.9
1136960 2210.1
1136970 2202.6
1136980 2202.6
1136990 2192.3
1137000 2180.0
1137010 2180.0
1137020 2170.6
1137030 2163.7
1137040 2163.7
1137050 2158.1
1137060 2152.6
1137070 2152.6
1137080 2148.4
1137090 2144.7
1137100 2144.7
1137110 2140.7
1137120 2136.0
1137130 2131.2
1137140 2131.2
1137150 2125.3
1137160 2119.4
1137170 2119.4
1137180 2113.9
1137190 2108.9
1137200 2108.9
1137210 2104.4
1137220 2101.0
1137230 2101.0
1137240 2097.4
1137250 2093.8
1137260 2093.8
1137270 2090.4
1137280 2087.0
1137290 2087.0
1137300 2082.9
1137310 2077.5
1137320 2077.5
1137330 2071.2
1137340 2062.3
1137350 2062.3
1137360 2054.1
1137370 2046.0
1137380 2038.6
1137390 2038.6
1137400 2034.0
1137410 2030.6
1137420 2030.6
1137430 2027.4
1137440 2023.2
1137450 2023.2
1137460 2017.5
1137470 2013.6
1137480 2013.6
1137490 2011.4
1137500 2012.1
1137510 2012.1
1137520 2013.6
1137530 2013.7
1137540 2013.7
1137550 2016.9
1137560 2021.7
1137570 2021.7
1137580 2024.3
1137590 2026.2
1137600 2026.2
1137610 2025.9
1137620 2022.3
1137630 2017.8
1137640 2017.8
1137650 2010.3
1137660 2002.8
1137670 2002.8
1137680 1997.1
1137690 1990.9
1137700 1997.7
1137710 1990.8
1137720 1985.9
1137730 1985.9
1137740 1974.6
1137750 1963.4
1137760 1963.4
1137770 1956.8
1137780 1951.2
1137790 1951.2
1137800 1948.6
1137810 1946.1
1137820 1946.1
1137830 1944.6
1137840 1937.1
1137850 1937.1
1137860 1930.0
1137870 1925.2
1137880 1921.5
1137890 1921.5
1137900 1917.7
1137910 1913.3
1137920 1913.3
1137930 1908.4
1137940 1902.1
1137950 1902.1
1137960 1897.1
1137970 1892.5
1137980 1892.5
1137990 1888.8
1138000 1885.1
1138010 1885.1
1138020 1880.4
1138030 1876.1
1138040 1876.1
1138050 1870.2
1138060 1862.7
1138070 1862.4
1138080 1860.6
1138090 1859.6
1138100 1859.6
1138110 1858.7
1138120 1858.1
1138130 1857.0
1138140 1857.0
1138150 1855.6
1138160 1854.0
1138170 1854.0
1138180 1853.8
1138190 1854.4
1138200 1854.4
1138210 1856.5
1138220 1858.8
1138230 1858.8
1138240 1861.2
1138250 1863.2
1138260 1863.2
1138270 1865.3
1138280 1868.6
1138290 1868.6
1138300 1871.7
1138310 1873.8
1138320 1873.8
1138330 1876.9
1138340 1881.0
1138350 1881.0
1138360 1884.5
1138370 1886.8
1138380 1888.3
1138390 1888.3
1138400 1889.7
1138410 1892.8
1138420 1892.8
1138430 1896.7
1138440 1906.9
1138450 1906.9
1138460 1914.6
1138470 1926.1
1138480 1926.1
1138490 1932.1
1138500 1934.7
1138510 1934.7
1138520 1936.5
1138530 1938.8
1138540 1938.8
1138550 1942.4
1138560 1946.3
1138570 1946.3
1138580 1950.1
1138590 1954.4
1138600 1954.4
1138610 1958.3
1138620 1961.5
1138630 1964.5
1138640 1964.5
1138650 1967.9
1138660 1972.5
1138670 1972.5
1138680 1977.6
1138690 1982.7
1138700 1982.7
1138710 1988.4
1138720 1992.3
1138730 1992.3
1138740 2002.2
1138750 2014.2
1138760 2014.2
1138770 2030.9
1138780 2050.6
1138790 2050.6
1138800 2068.8
1138810 2072.5
1138820 2072.5
1138830 2071.9
1138840 2069.1
1138850 2069.1
1138860 2066.1
1138870 2063.1
1138880 2063.3
1138890 2063.3
1138900 2063.2
1138910 2062.9
1138920 2062.9
1138930 2060.6
1138940 2054.8
1138950 2054.8
1138960 2054.5
1138970 2055.0
1138980 2055.0
1138990 2057.1
1139000 2054.9
1139010 2054.9
1139020 2049.0
1139030 2045.7
1139040 2045.7
1139050 2050.0
1139060 2057.6
1139070 2057.6
1139080 2063.1
1139090 2065.6
1139100 2065.6
1139110 2068.6
1139120 2072.0
1139130 2076.8
1139140 2076.8
1139150 2081.7
1139160 2086.1
1139170 2087.1
1139180 2092.8
1139190 2097.9
1139200 2097.9
1139210 2102.8
1139220 2107.7
1139230 2107.7
1139240 2112.6
1139250 2116.6
1139260 2116.6
1139270 2119.8
1139280 2127.0
1139290 2127.0
1139300 2137.5
1139310 2147.2
1139320 2147.2
1139330 2155.2
1139340 2159.8
1139350 2159.8
1139360 2163.2
1139370 2168.1
1139380 2170.5
1139390 2170.5
1139400 2172.4
1139410 2178.2
1139420 2178.2
1139430 2184.0
1139440 2188.6
1139450 2188.6
1139460 2192.8
1139470 2195.4
1139480 2195.4
1139490 2196.8
1139500 2200.3
1139510 2200.3
1139520 2205.8
1139530 2210.7
1139540 2217.6
1139550 2222.2
1139560 2226.9
1139570 2226.9
1139580 2227.5
1139590 2233.4
1139600 2233.4
1139610 2239.3
1139620 2239.5
1139630 2242.4
1139640 2242.4
1139650 2244.0
1139660 2244.6
1139670 2244.6
1139680 2245.8
1139690 2249.5
1139700 2249.5
1139710 2254.6
1139720 2260.3
1139730 2260.3
1139740 2266.2
1139750 2272.0
1139760 2272.0
1139770 2278.0
1139780 2284.2
1139790 2284.2
1139800 2290.6
1139810 2297.2
1139820 2297.2
1139830 2303.8
1139840 2310.5
1139850 2310.5
1139860 2317.2
1139870 2324.2
1139880 2334.3
1139890 2334.3
1139900 2350.9
1139910 2370.4
1139920 2370.4
1139930 2376.4
1139940 2391.8
1139950 2391.8
1139960 2415.6
1139970 2447.8
1139980 2447.8
1139990 2465.0
