1120000 1625.8
1120010 1625.8
1120020 1627.0
1120030 1628.3
1120040 1628.3
1120050 1630.6
1120060 1631.1
1120070 1633.2
1120080 1633.2
1120090 1634.8
1120100 1636.7
1120110 1636.7
1120120 1637.1
1120130 1640.4
1120140 1640.4
1120150 1642.5
1120160 1643.8
1120170 1643.8
1120180 1644.6
1120190 1646.0
1120200 1646.0
1120210 1647.4
1120220 1652.7
1120230 1652.7
1120240 1656.5
1120250 1660.6
1120260 1660.6
1120270 1663.7
1120280 1666.7
1120290 1666.7
1120300 1669.6
1120310 1673.6
1120320 1676.1
1120330 1676.1
1120340 1678.8
1120350 1682.5
1120360 1682.5
1120370 1685.5
1120380 1683.9
1120390 1683.9
1120400 1677.3
1120410 1674.2
1120420 1674.2
1120430 1676.0
1120440 1678.3
1120450 1678.3
1120460 1683.9
1120470 1686.2
1120480 1686.2
1120490 1691.0
1120500 1697.1
1120510 1697.1
1120520 1702.4
1120530 1704.1
1120540 1704.1
1120550 1706.4
1120560 1712.6
1120570 1714.7
1120580 1714.7
1120590 1717.4
1120600 1719.2
1120610 1719.2
1120620 1720.2
1120630 1720.7
1120640 1720.7
1120650 1722.8
1120660 1725.0
1120670 1725.0
1120680 1727.5
1120690 1730.3
1120700 1730.3
1120710 1732.7
1120720 1735.3
1120730 1735.3
1120740 1737.5
1120750 1740.4
1120760 1740.4
1120770 1742.5
1120780 1744.5
1120790 1744.5
1120800 1746.3
1120810 1748.3
1120820 1750.6
1120830 1750.6
1120840 1752.1
1120850 1754.3
1120860 1754.3
1120870 1755.3
1120880 1756.2
1120890 1756.2
1120900 1757.6
1120910 1763.3
1120920 1763.3
1120930 1764.3
1120940 1764.3
1120950 1764.3
1120960 1759.2
1120970 1754.7
1120980 1754.7
1120990 1750.2
1121000 1746.0
1121010 1746.0
1121020 1741.3
1121030 1745.2
1121040 1745.2
1121050 1753.9
1121060 1761.5
1121070 1761.5
1121080 1768.6
1121090 1770.5
1121100 1769.4
1121110 1769.4
1121120 1767.3
1121130 1764.2
1121140 1764.2
1121150 1764.9
1121160 1771.0
1121170 1771.0
1121180 1773.8
1121190 1772.3
1121200 1772.3
1121210 1769.5
1121220 1763.7
1121230 1763.7
1121240 1759.9
1121250 1760.8
1121260 1766.4
1121270 1766.9
1121280 1767.3
1121290 1767.3
1121300 1769.0
1121310 1767.4
1121320 1767.4
1121330 1762.0
1121340 1764.7
1121350 1770.5
1121360 1770.5
1121370 1774.8
1121380 1776.6
1121390 1776.6
1121400 1778.3
1121410 1779.7
1121420 1779.7
1121430 1781.3
1121440 1782.9
1121450 1782.9
1121460 1783.7
1121470 1783.7
1121480 1783.7
1121490 1779.2
1121500 1773.6
1121510 1773.6
1121520 1770.0
1121530 1770.2
1121540 1770.2
1121550 1769.3
1121560 1765.9
1121570 1765.9
1121580 1766.3
1121590 1766.3
1121600 1766.9
1121610 1771.7
1121620 1776.2
1121630 1780.1
1121640 1780.1
1121650 1780.7
1121660 1779.1
1121670 1779.1
1121680 1778.2
1121690 1776.6
1121700 1776.6
1121710 1775.9
1121720 1774.6
1121730 1774.6
1121740 1773.2
1121750 1772.4
1121760 1772.4
1121770 1770.8
1121780 1766.9
1121790 1766.9
1121800 1763.6
1121810 1760.2
1121820 1760.2
1121830 1756.4
1121840 1755.5
1121850 1754.1
1121860 1754.1
1121870 1751.8
1121880 1751.3
1121890 1751.3
1121900 1751.5
1121910 1750.9
1121920 1750.9
1121930 1750.3
1121940 1749.8
1121950 1749.8
1121960 1755.6
1121970 1757.4
1121980 1757.4
1121990 1759.1
1122000 1759.6
1122010 1759.6
1122020 1760.7
1122030 1766.4
1122040 1766.4
1122050 1773.0
1122060 1778.2
1122070 1778.2
1122080 1783.4
1122090 1789.9
1122100 1803.5
1122110 1803.5
1122120 1816.9
1122130 1822.9
1122140 1822.9
1122150 1825.1
1122160 1823.0
1122170 1823.0
1122180 1817.9
1122190 1813.6
1122200 1813.6
1122210 1812.0
1122220 1816.5
1122230 1816.5
1122240 1817.8
1122250 1820.2
1122260 1820.2
1122270 1820.9
1122280 1819.8
1122290 1819.8
1122300 1819.7
1122310 1826.2
1122320 1826.2
1122330 1827.6
1122340 1827.5
1122350 1826.9
1122360 1826.9
1122370 1828.3
1122380 1829.3
1122390 1829.3
1122400 1830.0
1122410 1830.7
1122420 1830.7
1122430 1830.6
1122440 1838.1
1122450 1838.1
1122460 1849.2
1122470 1855.4
1122480 1855.4
1122490 1860.6
1122500 1868.1
1122510 1868.1
1122520 1873.2
1122530 1874.7
1122540 1874.7
1122550 1875.6
1122560 1878.0
1122570 1878.0
1122580 1877.0
1122590 1875.5
1122600 1869.8
1122610 1869.8
1122620 1861.4
1122630 1856.3
1122640 1856.3
1122650 1853.3
1122660 1851.3
1122670 1859.4
1122680 1858.0
1122690 1849.2
1122700 1849.2
1122710 1839.3
1122720 1831.2
1122730 1831.2
1122740 1823.1
1122750 1817.5
1122760 1817.5
1122770 1823.3
1122780 1831.1
1122790 1831.1
1122800 1846.5
1122810 1860.3
1122820 1860.3
1122830 1869.3
1122840 1876.5
1122850 1884.0
1122860 1884.0
1122870 1889.0
1122880 1887.1
1122890 1887.1
1122900 1886.0
1122910 1886.7
1122920 1886.7
1122930 1884.0
1122940 1881.9
1122950 1881.9
1122960 1879.8
1122970 1874.8
1122980 1874.8
1122990 1869.5
1123000 1880.0
1123010 1880.0
1123020 1900.4
1123030 1914.3
1123040 1914.3
1123050 1923.7
1123060 1932.0
1123070 1932.0
1123080 1938.0
1123090 1942.2
1123100 1948.9
1123110 1948.9
1123120 1955.3
1123130 1959.8
1123140 1959.8
1123150 1963.4
1123160 1969.8
1123170 1969.8
1123180 1977.0
1123190 1984.9
1123200 1984.9
1123210 1993.7
1123220 1999.8
1123230 1999.8
1123240 2004.7
1123250 2009.7
1123260 2009.7
1123270 2013.4
1123280 2018.8
1123290 2018.8
1123300 2023.9
1123310 2029.9
1123320 2029.9
1123330 2034.0
1123340 2038.9
1123350 2044.7
1123360 2044.7
1123370 2062.5
1123380 2065.3
1123390 2065.3
1123400 2067.5
1123410 2069.1
1123420 2069.1
1123430 2072.4
1123440 2072.7
1123450 2072.7
1123460 2072.4
1123470 2075.8
1123480 2075.8
1123490 2076.9
1123500 2073.0
1123510 2073.0
1123520 2068.3
1123530 2058.9
1123540 2058.9
1123550 2043.3
1123560 2028.6
1123570 2028.6
1123580 2016.3
1123590 2005.0
1123600 1992.8
1123610 1992.8
1123620 1977.5
1123630 1964.8
1123640 1964.8
1123650 1945.4
1123660 1935.9
1123670 1935.9
1123680 1924.6
1123690 1906.0
1123700 1906.0
1123710 1896.1
1123720 1907.7
1123730 1907.7
1123740 1920.9
1123750 1932.7
1123760 1932.7
1123770 1948.4
1123780 1973.6
1123790 1973.6
1123800 1998.1
1123810 2009.8
1123820 2009.8
1123830 2016.8
1123840 2020.2
1123850 2022.6
1123860 2022.6
1123870 2022.5
1123880 2023.2
1123890 2023.2
1123900 2020.3
1123910 2013.6
1123920 2013.6
1123930 2010.6
1123940 2011.0
1123950 2011.0
1123960 2003.5
1123970 1997.0
1123980 1997.0
1123990 1994.5
1124000 1987.8
1124010 1987.8
1124020 1983.3
1124030 1969.0
1124040 1969.0
1124050 1972.2
1124060 1984.9
1124070 1995.2
1124080 2007.4
1124090 2018.8
1124100 2030.6
1124110 2030.6
1124120 2035.9
1124130 2039.1
1124140 2039.1
1124150 2038.0
1124160 2033.9
1124170 2033.9
1124180 2023.2
1124190 2031.1
1124200 2031.1
1124210 2043.6
1124220 2047.7
1124230 2047.7
1124240 2046.6
1124250 2044.4
1124260 2044.4
1124270 2039.4
1124280 2027.4
1124290 2027.4
1124300 2020.7
1124310 2012.7
1124320 2012.7
1124330 2006.4
1124340 2001.8
1124350 1997.4
1124360 1997.4
1124370 1993.3
1124380 1989.0
1124390 1989.0
1124400 1982.3
1124410 1973.1
1124420 1973.1
1124430 1963.8
1124440 1959.1
1124450 1959.1
1124460 1950.2
1124470 1939.3
1124480 1939.3
1124490 1929.4
1124500 1916.4
1124510 1916.4
1124520 1909.2
1124530 1908.2
1124540 1908.2
1124550 1904.2
1124560 1898.8
1124570 1898.8
1124580 1892.5
1124590 1886.7
1124600 1884.6
1124610 1884.6
1124620 1884.2
1124630 1883.4
1124640 1883.4
1124650 1880.7
1124660 1880.8
1124670 1880.8
1124680 1881.5
1124690 1881.8
1124700 1881.8
1124710 1879.6
1124720 1874.1
1124730 1874.1
1124740 1873.0
1124750 1871.1
1124760 1871.1
1124770 1866.3
1124780 1845.0
1124790 1845.0
1124800 1837.1
1124810 1825.6
1124820 1825.6
1124830 1810.5
1124840 1797.6
1124850 1786.8
1124860 1786.8
1124870 1777.7
1124880 1763.6
1124890 1763.6
1124900 1748.6
1124910 1737.5
1124920 1737.5
1124930 1727.5
1124940 1719.6
1124950 1719.6
1124960 1712.3
1124970 1705.0
1124980 1705.0
1124990 1697.5
1125000 1691.2
1125010 1691.2
1125020 1685.6
1125030 1679.9
1125040 1679.9
1125050 1674.6
1125060 1669.7
1125070 1669.7
1125080 1666.1
1125090 1660.7
1125100 1654.5
1125110 1654.5
1125120 1650.6
1125130 1642.3
1125140 1642.3
1125150 1638.5
1125160 1633.9
1125170 1633.9
1125180 1629.1
1125190 1624.9
1125200 1624.9
1125210 1620.8
1125220 1614.6
1125230 1614.6
1125240 1608.3
1125250 1603.3
1125260 1603.3
1125270 1597.7
1125280 1595.2
1125290 1595.2
1125300 1596.3
1125310 1596.0
1125320 1596.0
1125330 1599.6
1125340 1603.4
1125350 1608.4
1125360 1608.4
1125370 1611.0
1125380 1613.8
1125390 1613.8
1125400 1619.3
1125410 1625.4
1125420 1625.4
1125430 1631.1
1125440 1636.1
1125450 1636.1
1125460 1638.7
1125470 1643.5
1125480 1643.5
1125490 1678.5
1125500 1687.8
1125510 1687.8
1125520 1699.2
1125530 1705.3
1125540 1705.3
1125550 1713.8
1125560 1724.8
1125570 1724.8
1125580 1737.3
1125590 1749.4
1125600 1755.1
1125610 1755.1
1125620 1760.0
1125630 1759.4
1125640 1759.4
1125650 1759.1
1125660 1758.2
1125670 1758.2
1125680 1756.3
1125690 1754.0
1125700 1754.0
1125710 1753.3
1125720 1751.3
1125730 1751.3
1125740 1748.7
1125750 1745.9
1125760 1745.9
1125770 1742.4
1125780 1739.1
1125790 1739.1
1125800 1739.7
1125810 1741.2
1125820 1741.2
1125830 1741.2
1125840 1746.7
1125850 1747.5
1125860 1747.5
1125870 1748.5
1125880 1748.9
1125890 1748.9
1125900 1748.2
1125910 1747.8
1125920 1747.8
1125930 1746.9
1125940 1747.6
1125950 1747.6
1125960 1745.1
1125970 1743.8
1125980 1743.8
1125990 1741.8
1126000 1742.9
1126010 1742.9
1126020 1744.1
1126030 1745.2
1126040 1745.2
1126050 1747.4
1126060 1749.2
1126070 1749.2
1126080 1750.4
1126090 1752.1
1126100 1754.6
1126110 1754.6
1126120 1756.7
1126130 1759.0
1126140 1759.0
1126150 1760.4
1126160 1761.5
1126170 1761.5
1126180 1763.3
1126190 1769.0
1126200 1769.0
1126210 1768.5
1126220 1767.2
1126230 1767.2
1126240 1766.4
1126250 1766.5
1126260 1766.5
1126270 1768.4
1126280 1770.9
1126290 1770.9
1126300 1771.6
1126310 1770.8
1126320 1770.8
1126330 1767.7
1126340 1766.5
1126350 1768.5
1126360 1768.5
1126370 1770.4
1126380 1772.0
1126390 1772.0
1126400 1773.5
1126410 1774.4
1126420 1774.4
1126430 1776.7
1126440 1777.4
1126450 1777.4
1126460 1779.1
1126470 1779.7
1126480 1779.7
1126490 1779.7
1126500 1779.7
1126510 1779.7
1126520 1780.8
1126530 1782.2
1126540 1782.2
1126550 1787.6
1126560 1789.0
1126570 1789.0
1126580 1790.7
1126590 1793.6
1126600 1796.3
1126610 1796.3
1126620 1798.9
1126630 1802.4
1126640 1802.4
1126650 1806.1
1126660 1810.1
1126670 1810.1
1126680 1812.8
1126690 1814.0
1126700 1814.0
1126710 1815.2
1126720 1818.4
1126730 1818.4
1126740 1822.5
1126750 1826.3
1126760 1826.3
1126770 1829.4
1126780 1831.4
1126790 1831.4
1126800 1834.9
1126810 1838.0
1126820 1838.0
1126830 1840.8
1126840 1842.9
1126850 1844.2
1126860 1844.2
1126870 1845.4
1126880 1846.5
1126890 1846.5
1126900 1853.5
1126910 1855.3
1126920 1855.3
1126930 1857.4
1126940 1859.8
1126950 1859.8
1126960 1862.5
1126970 1865.1
1126980 1865.1
1126990 1867.3
1127000 1869.2
1127010 1869.2
1127020 1869.7
1127030 1868.3
1127040 1868.3
1127050 1866.0
1127060 1866.1
1127070 1866.1
1127080 1873.0
1127090 1881.6
1127100 1887.6
1127110 1887.6
1127120 1889.7
1127130 1892.8
1127140 1892.8
1127150 1899.9
1127160 1907.1
1127170 1907.1
1127180 1913.7
1127190 1917.8
1127200 1917.8
1127210 1915.9
1127220 1910.8
1127230 1910.8
1127240 1917.2
1127250 1928.1
1127260 1926.1
1127270 1936.0
1127280 1948.9
1127290 1948.9
1127300 1957.3
1127310 1964.2
1127320 1964.2
1127330 1969.2
1127340 1973.6
1127350 1979.0
1127360 1979.0
1127370 1983.9
1127380 1988.5
1127390 1988.5
1127400 1993.0
1127410 1996.6
1127420 1996.6
1127430 2001.9
1127440 2004.0
1127450 2004.0
1127460 2006.8
1127470 2010.1
1127480 2010.1
1127490 2014.0
1127500 2019.8
1127510 2019.8
1127520 2025.8
1127530 2028.6
1127540 2028.6
1127550 2032.0
1127560 2034.8
1127570 2034.8
1127580 2037.2
1127590 2040.3
1127600 2050.2
1127610 2050.2
1127620 2057.7
1127630 2059.1
1127640 2059.1
1127650 2059.7
1127660 2059.6
1127670 2059.6
1127680 2059.3
1127690 2057.8
1127700 2057.8
1127710 2056.4
1127720 2060.0
1127730 2060.0
1127740 2058.9
1127750 2055.3
1127760 2055.3
1127770 2048.1
1127780 2040.0
1127790 2040.0
1127800 2033.6
1127810 2031.7
1127820 2031.7
1127830 2029.1
1127840 2023.6
1127850 2017.1
1127860 2017.1
1127870 2008.7
1127880 2002.2
1127890 2002.2
1127900 2004.6
1127910 2003.5
1127920 2003.5
1127930 2007.8
1127940 2010.5
1127950 2010.5
1127960 2005.4
1127970 2010.2
1127980 2010.2
1127990 2002.2
1128000 1994.7
1128010 1994.7
1128020 1985.9
1128030 1980.6
1128040 1980.6
1128050 1976.1
1128060 1971.7
1128070 1971.7
1128080 1969.3
1128090 1967.4
1128100 1966.2
1128110 1966.2
1128120 1962.5
1128130 1954.9
1128140 1954.9
1128150 1947.2
1128160 1942.1
1128170 1942.1
1128180 1936.3
1128190 1929.6
1128200 1929.6
1128210 1921.2
1128220 1913.8
1128230 1913.8
1128240 1906.0
1128250 1899.9
1128260 1899.9
1128270 1898.0
1128280 1892.6
1128290 1892.6
1128300 1884.6
1128310 1875.0
1128320 1875.0
1128330 1876.1
1128340 1864.1
1128350 1856.0
1128360 1856.0
1128370 1848.9
1128380 1841.0
1128390 1841.0
1128400 1833.2
1128410 1824.6
1128420 1824.6
1128430 1816.0
1128440 1807.5
1128450 1807.5
1128460 1800.0
1128470 1793.0
1128480 1793.0
1128490 1785.4
1128500 1777.4
1128510 1777.4
1128520 1769.1
1128530 1761.9
1128540 1761.9
1128550 1755.9
1128560 1751.5
1128570 1751.5
1128580 1749.1
1128590 1746.8
1128600 1743.2
1128610 1743.2
1128620 1738.1
1128630 1733.4
1128640 1733.4
1128650 1728.8
1128660 1724.0
1128670 1724.0
1128680 1719.1
1128690 1717.0
1128700 1717.0
1128710 1712.4
1128720 1707.2
1128730 1707.2
1128740 1700.7
1128750 1694.6
1128760 1694.6
1128770 1688.6
1128780 1683.2
1128790 1683.2
1128800 1678.1
1128810 1672.9
1128820 1672.9
1128830 1668.0
1128840 1663.5
1128850 1663.5
1128860 1659.0
1128870 1654.8
1128880 1651.0
1128890 1651.0
1128900 1647.9
1128910 1644.4
1128920 1644.4
1128930 1640.8
1128940 1637.2
1128950 1637.2
1128960 1633.6
1128970 1629.3
1128980 1629.3
1128990 1625.3
1129000 1621.0
1129010 1621.0
1129020 1616.8
1129030 1612.9
1129040 1614.3
1129050 1611.7
1129060 1610.3
1129070 1610.3
1129080 1608.0
1129090 1606.1
1129100 1606.1
1129110 1604.1
1129120 1601.3
1129130 1598.9
1129140 1598.9
1129150 1596.5
1129160 1593.9
1129170 1593.9
1129180 1591.5
1129190 1589.6
1129200 1589.6
1129210 1587.0
1129220 1584.4
1129230 1584.4
1129240 1582.3
1129250 1579.9
1129260 1579.9
1129270 1577.7
1129280 1575.3
1129290 1575.3
1129300 1570.0
1129310 1563.4
1129320 1563.4
1129330 1558.4
1129340 1554.5
1129350 1554.5
1129360 1549.3
1129370 1544.2
1129380 1542.2
1129390 1542.2
1129400 1541.9
1129410 1540.0
1129420 1540.0
1129430 1538.9
1129440 1537.9
1129450 1537.9
1129460 1536.3
1129470 1535.6
1129480 1535.6
1129490 1535.8
1129500 1535.8
1129510 1535.8
1129520 1536.1
1129530 1536.7
1129540 1536.7
1129550 1536.8
1129560 1536.3
1129570 1536.3
1129580 1534.8
1129590 1534.7
1129600 1534.7
1129610 1535.8
1129620 1537.0
1129630 1538.2
1129640 1538.2
1129650 1539.4
1129660 1541.8
1129670 1541.8
1129680 1544.5
1129690 1545.5
1129700 1545.5
1129710 1547.1
1129720 1548.6
1129730 1548.6
1129740 1550.7
1129750 1552.9
1129760 1550.8
1129770 1553.7
1129780 1558.5
1129790 1558.5
1129800 1562.8
1129810 1565.9
1129820 1565.9
1129830 1570.5
1129840 1575.7
1129850 1575.7
1129860 1582.0
1129870 1586.5
1129880 1589.9
1129890 1589.9
1129900 1594.4
1129910 1600.5
1129920 1600.5
1129930 1612.6
1129940 1630.6
1129950 1630.6
1129960 1644.4
1129970 1658.3
1129980 1658.3
1129990 1679.3
1130000 1689.7
1130010 1689.7
1130020 1691.8
1130030 1693.1
1130040 1693.1
1130050 1694.4
1130060 1696.3
1130070 1696.3
1130080 1698.6
1130090 1696.5
1130100 1696.5
1130110 1699.3
1130120 1697.3
1130130 1702.7
1130140 1702.7
1130150 1708.0
1130160 1712.8
1130170 1712.8
1130180 1717.7
1130190 1721.8
1130200 1721.8
1130210 1725.7
1130220 1730.0
1130230 1730.0
1130240 1735.3
1130250 1740.3
1130260 1740.3
1130270 1745.8
1130280 1752.2
1130290 1752.2
1130300 1756.8
1130310 1761.8
1130320 1761.8
1130330 1762.8
1130340 1767.5
1130350 1767.5
1130360 1772.2
1130370 1778.0
1130380 1784.5
1130390 1784.5
1130400 1791.3
1130410 1798.3
1130420 1798.3
1130430 1804.7
1130440 1810.8
1130450 1810.8
1130460 1816.3
1130470 1821.9
1130480 1818.1
1130490 1823.1
1130500 1833.8
1130510 1833.8
1130520 1847.8
1130530 1855.4
1130540 1855.4
1130550 1871.2
1130560 1888.3
1130570 1888.3
1130580 1904.4
1130590 1927.4
1130600 1927.4
1130610 1948.3
1130620 1965.6
1130630 1978.8
1130640 1978.8
1130650 1991.3
1130660 2009.5
1130670 2009.5
1130680 2016.9
1130690 2023.1
1130700 2023.1
1130710 2026.4
1130720 2031.3
1130730 2031.3
1130740 2037.1
1130750 2039.5
1130760 2039.5
1130770 2041.8
1130780 2048.1
1130790 2048.1
1130800 2055.3
1130810 2058.2
1130820 2058.2
1130830 2059.6
1130840 2055.2
1130850 2055.2
1130860 2055.3
1130870 2056.5
1130880 2060.2
1130890 2060.2
1130900 2062.5
1130910 2063.1
1130920 2063.1
1130930 2066.5
1130940 2068.7
1130950 2068.7
1130960 2068.9
1130970 2068.9
1130980 2068.9
1130990 2070.3
1131000 2073.2
1131010 2073.2
1131020 2075.6
1131030 2077.2
1131040 2077.2
1131050 2080.8
1131060 2080.4
1131070 2080.4
1131080 2080.5
1131090 2078.6
1131100 2078.6
1131110 2077.8
1131120 2079.8
1131130 2083.0
1131140 2083.0
1131150 2084.2
1131160 2085.0
1131170 2085.0
1131180 2086.2
1131190 2088.2
1131200 2084.7
1131210 2088.5
1131220 2088.3
1131230 2088.3
1131240 2087.8
1131250 2089.0
1131260 2089.0
1131270 2091.3
1131280 2091.8
1131290 2091.8
1131300 2092.4
1131310 2092.6
1131320 2092.6
1131330 2090.5
1131340 2089.8
1131350 2089.8
1131360 2087.7
1131370 2084.6
1131380 2083.5
1131390 2083.5
1131400 2084.4
1131410 2085.6
1131420 2085.6
1131430 2084.9
1131440 2083.7
1131450 2083.7
1131460 2084.3
1131470 2084.3
1131480 2084.3
1131490 2082.9
1131500 2084.4
1131510 2084.4
1131520 2084.5
1131530 2082.8
1131540 2082.8
1131550 2079.4
1131560 2072.8
1131570 2072.8
1131580 2069.3
1131590 2067.6
1131600 2067.6
1131610 2068.0
1131620 2069.8
1131630 2070.6
1131640 2070.6
1131650 2068.8
1131660 2065.8
1131670 2065.8
1131680 2063.6
1131690 2064.7
1131700 2064.7
1131710 2065.6
1131720 2065.9
1131730 2065.9
1131740 2066.0
1131750 2066.9
1131760 2066.9
1131770 2066.5
1131780 2063.6
1131790 2063.6
1131800 2060.7
1131810 2058.6
1131820 2058.6
1131830 2056.9
1131840 2055.3
1131850 2055.3
1131860 2055.8
1131870 2054.6
1131880 2054.7
1131890 2054.7
1131900 2059.0
1131910 2061.9
1131920 2056.8
1131930 2059.4
1131940 2062.6
1131950 2062.6
1131960 2065.7
1131970 2067.4
1131980 2067.4
1131990 2069.8
1132000 2073.1
1132010 2073.1
1132020 2076.6
1132030 2080.1
1132040 2080.1
1132050 2083.0
1132060 2087.4
1132070 2087.4
1132080 2090.9
1132090 2094.4
1132100 2094.4
1132110 2099.1
1132120 2101.7
1132130 2104.6
1132140 2104.6
1132150 2107.5
1132160 2111.1
1132170 2111.1
1132180 2115.0
1132190 2117.4
1132200 2117.4
1132210 2118.4
1132220 2118.4
1132230 2118.4
1132240 2115.0
1132250 2122.6
1132260 2122.6
1132270 2126.7
1132280 2127.1
1132290 2127.1
1132300 2126.5
1132310 2129.3
1132320 2129.3
1132330 2133.3
1132340 2136.0
1132350 2136.0
1132360 2139.2
1132370 2141.9
1132380 2145.3
1132390 2145.3
1132400 2149.3
1132410 2152.1
1132420 2152.1
1132430 2154.5
1132440 2156.6
1132450 2156.6
1132460 2158.9
1132470 2162.7
1132480 2162.7
1132490 2165.9
1132500 2168.4
1132510 2168.4
1132520 2171.1
1132530 2175.4
1132540 2175.4
1132550 2179.0
1132560 2184.0
1132570 2184.0
1132580 2191.1
1132590 2197.5
1132600 2197.5
1132610 2204.7
1132620 2212.4
1132630 2219.1
1132640 2218.7
1132650 2223.6
1132660 2228.6
1132670 2228.6
1132680 2232.5
1132690 2235.0
1132700 2235.0
1132710 2235.9
1132720 2238.3
1132730 2238.3
1132740 2242.6
1132750 2247.3
1132760 2247.3
1132770 2252.1
1132780 2256.1
1132790 2256.1
1132800 2260.9
1132810 2266.4
1132820 2266.4
1132830 2272.4
1132840 2279.4
1132850 2279.4
1132860 2286.6
1132870 2294.2
1132880 2302.3
1132890 2302.3
1132900 2309.9
1132910 2317.2
1132920 2317.2
1132930 2324.0
1132940 2329.6
1132950 2329.6
1132960 2336.3
1132970 2342.7
1132980 2342.7
1132990 2348.1
1133000 2358.7
1133010 2358.7
1133020 2366.5
1133030 2373.8
1133040 2373.8
1133050 2381.3
1133060 2388.8
1133070 2388.8
1133080 2396.4
1133090 2404.5
1133100 2404.5
1133110 2412.6
1133120 2420.8
1133130 2428.0
1133140 2428.0
1133150 2432.4
1133160 2429.2
1133170 2429.2
1133180 2423.0
1133190 2420.3
1133200 2420.3
1133210 2417.5
1133220 2418.7
1133230 2418.7
1133240 2421.3
1133250 2423.4
1133260 2423.4
1133270 2425.9
1133280 2428.5
1133290 2428.5
1133300 2429.5
1133310 2429.0
1133320 2429.0
1133330 2426.7
1133340 2423.6
1133350 2423.6
1133360 2432.2
1133370 2430.2
1133380 2438.0
1133390 2438.0
1133400 2451.2
1133410 2461.7
1133420 2461.7
1133430 2457.1
1133440 2450.2
1133450 2450.2
1133460 2446.6
1133470 2449.2
1133480 2449.2
1133490 2452.1
1133500 2453.3
1133510 2453.3
1133520 2453.1
1133530 2456.6
1133540 2456.6
1133550 2460.1
1133560 2458.0
1133570 2458.0
1133580 2462.4
1133590 2473.4
1133600 2473.4
1133610 2493.3
1133620 2504.8
1133630 2513.8
1133640 2513.8
1133650 2522.3
1133660 2532.3
1133670 2532.3
1133680 2536.9
1133690 2529.7
1133700 2529.7
1133710 2539.6
1133720 2562.2
1133730 2562.2
1133740 2572.8
1133750 2573.8
1133760 2573.8
1133770 2578.0
1133780 2586.3
1133790 2586.3
1133800 2594.8
1133810 2604.7
1133820 2604.7
1133830 2615.7
1133840 2622.1
1133850 2622.1
1133860 2620.3
1133870 2613.7
1133880 2593.5
1133890 2593.5
1133900 2571.2
1133910 2557.7
1133920 2557.7
1133930 2554.9
1133940 2543.3
1133950 2543.3
1133960 2535.2
1133970 2523.8
1133980 2523.8
1133990 2515.2
1134000 2512.5
1134010 2512.5
1134020 2518.8
1134030 2529.7
1134040 2529.7
1134050 2535.2
1134060 2541.4
1134070 2541.4
1134080 2522.5
1134090 2524.0
1134100 2524.0
1134110 2525.8
1134120 2527.3
1134130 2524.3
1134140 2524.3
1134150 2519.6
1134160 2515.1
1134170 2515.1
1134180 2510.7
1134190 2506.5
1134200 2506.5
1134210 2500.8
1134220 2495.0
1134230 2495.0
1134240 2487.5
1134250 2481.8
1134260 2481.8
1134270 2477.1
1134280 2470.6
1134290 2470.6
1134300 2462.1
1134310 2449.9
1134320 2449.9
1134330 2453.1
1134340 2441.0
1134350 2441.0
1134360 2426.9
1134370 2416.8
1134380 2412.6
1134390 2412.6
1134400 2412.4
1134410 2410.5
1134420 2410.5
1134430 2405.2
1134440 2393.6
1134450 2385.2
1134460 2383.5
1134470 2379.9
1134480 2379.9
1134490 2375.8
1134500 2375.4
1134510 2375.4
1134520 2376.3
1134530 2376.6
1134540 2376.6
1134550 2378.2
1134560 2379.4
1134570 2379.4
1134580 2376.6
1134590 2374.7
1134600 2374.7
1134610 2372.8
1134620 2366.6
1134630 2360.4
1134640 2360.4
1134650 2357.3
1134660 2355.2
1134670 2355.2
1134680 2354.1
1134690 2352.3
1134700 2352.3
1134710 2350.3
1134720 2349.4
1134730 2349.4
1134740 2348.2
1134750 2346.4
1134760 2346.4
1134770 2347.2
1134780 2349.2
1134790 2349.2
1134800 2350.4
1134810 2349.0
1134820 2349.0
1134830 2351.4
1134840 2354.7
1134850 2354.7
1134860 2356.2
1134870 2356.8
1134880 2357.9
1134890 2357.9
1134900 2359.8
1134910 2362.2
1134920 2362.2
1134930 2367.1
1134940 2370.5
1134950 2370.5
1134960 2374.1
1134970 2378.7
1134980 2378.7
1134990 2384.3
1135000 2390.6
1135010 2390.6
1135020 2397.4
1135030 2402.5
1135040 2402.5
1135050 2409.7
1135060 2417.8
1135070 2417.8
1135080 2423.6
1135090 2427.1
1135100 2427.1
1135110 2429.7
1135120 2431.4
1135130 2429.9
1135140 2429.9
1135150 2427.4
1135160 2421.6
1135170 2420.0
1135180 2415.3
1135190 2412.3
1135200 2412.3
1135210 2410.4
1135220 2407.1
1135230 2407.1
1135240 2401.6
1135250 2394.4
1135260 2394.4
1135270 2388.1
1135280 2383.1
1135290 2383.1
1135300 2376.7
1135310 2369.8
1135320 2369.8
1135330 2366.8
1135340 2364.3
1135350 2364.3
1135360 2361.1
1135370 2355.3
1135380 2348.1
1135390 2348.1
1135400 2343.2
1135410 2339.6
1135420 2339.6
1135430 2335.8
1135440 2332.2
1135450 2332.2
1135460 2328.9
1135470 2325.9
1135480 2325.9
1135490 2323.9
1135500 2322.1
1135510 2322.1
1135520 2321.4
1135530 2320.7
1135540 2320.2
1135550 2319.7
1135560 2319.7
1135570 2319.7
1135580 2318.7
1135590 2316.8
1135600 2316.8
1135610 2313.6
1135620 2310.8
1135630 2308.6
1135640 2308.6
1135650 2307.7
1135660 2305.8
1135670 2305.8
1135680 2303.4
1135690 2303.7
1135700 2303.7
1135710 2304.5
1135720 2303.4
1135730 2303.4
1135740 2302.9
1135750 2301.2
1135760 2301.2
1135770 2299.8
1135780 2298.6
1135790 2298.6
1135800 2296.8
1135810 2298.1
1135820 2298.1
1135830 2296.4
1135840 2296.0
1135850 2296.0
1135860 2296.7
1135870 2296.6
1135880 2295.8
1135890 2295.8
1135900 2296.4
1135910 2298.8
1135920 2298.8
1135930 2300.4
1135940 2301.4
1135950 2301.4
1135960 2302.8
1135970 2304.5
1135980 2304.5
1135990 2304.6
1136000 2307.0
1136010 2307.0
1136020 2311.9
1136030 2317.3
1136040 2317.3
1136050 2322.2
1136060 2327.0
1136070 2327.0
1136080 2329.8
1136090 2332.1
1136100 2332.1
1136110 2334.5
1136120 2335.9
1136130 2332.2
1136140 2332.2
1136150 2333.4
1136160 2338.3
1136170 2338.3
1136180 2340.2
1136190 2337.6
1136200 2337.6
1136210 2335.4
1136220 2332.9
1136230 2332.9
1136240 2335.8
1136250 2338.5
1136260 2338.5
1136270 2336.2
1136280 2336.8
1136290 2336.8
1136300 2336.9
1136310 2334.0
1136320 2334.0
1136330 2333.2
1136340 2334.8
1136350 2334.8
1136360 2335.4
1136370 2335.6
1136380 2334.2
1136390 2334.2
1136400 2332.5
1136410 2332.1
1136420 2332.1
1136430 2332.7
1136440 2333.3
1136450 2333.3
1136460 2332.5
1136470 2333.9
1136480 2333.9
1136490 2336.3
1136500 2336.8
1136510 2336.8
1136520 2337.6
1136530 2338.2
1136540 2338.2
1136550 2337.8
1136560 2337.1
1136570 2337.1
1136580 2335.6
1136590 2333.1
1136600 2333.1
1136610 2331.5
1136620 2330.5
1136630 2328.8
1136640 2328.8
1136650 2328.5
1136660 2327.3
1136670 2327.3
1136680 2324.5
1136690 2321.0
1136700 2321.0
1136710 2318.4
1136720 2317.5
1136730 2317.5
1136740 2316.6
1136750 2314.3
1136760 2314.3
1136770 2311.9
1136780 2308.3
1136790 2308.3
1136800 2304.1
1136810 2299.9
1136820 2299.9
1136830 2297.4
1136840 2295.2
1136850 2295.2
1136860 2291.7
1136870 2287.4
1136880 2284.7
1136890 2284.7
1136900 2282.2
1136910 2278.6
1136920 2278.6
1136930 2273.3
1136940 2268.9
1136950 2268.9
1136960 2263.8
1136970 2259.1
1136980 2259.1
1136990 2253.6
1137000 2246.0
1137010 2246.0
1137020 2240.1
1137030 2227.4
1137040 2227.4
1137050 2215.4
1137060 2207.4
1137070 2207.4
1137080 2200.3
1137090 2194.3
1137100 2194.3
1137110 2190.0
1137120 2185.1
1137130 2177.5
1137140 2177.5
1137150 2168.3
1137160 2157.5
1137170 2157.5
1137180 2148.5
1137190 2143.2
1137200 2143.2
1137210 2137.0
1137220 2124.0
1137230 2124.0
1137240 2114.3
1137250 2106.7
1137260 2106.7
1137270 2099.9
1137280 2094.5
1137290 2094.5
1137300 2089.1
1137310 2083.7
1137320 2083.7
1137330 2077.9
1137340 2072.2
1137350 2072.2
1137360 2066.6
1137370 2059.8
1137380 2054.3
1137390 2054.3
1137400 2048.6
1137410 2042.5
1137420 2042.5
1137430 2036.6
1137440 2030.8
1137450 2030.8
1137460 2025.1
1137470 2019.9
1137480 2019.9
1137490 2014.8
1137500 2009.9
1137510 2009.9
1137520 2005.2
1137530 2000.6
1137540 2000.6
1137550 1996.5
1137560 1992.8
1137570 1992.8
1137580 1989.1
1137590 1986.2
1137600 1986.2
1137610 1985.5
1137620 1981.8
1137630 1981.6
1137640 1981.6
1137650 1979.8
1137660 1976.4
1137670 1976.4
1137680 1972.6
1137690 1966.8
1137700 1966.8
1137710 1960.0
1137720 1954.9
1137730 1955.4
1137740 1950.4
1137750 1946.1
1137760 1946.1
1137770 1942.2
1137780 1938.9
1137790 1938.9
1137800 1935.5
1137810 1931.9
1137820 1931.9
1137830 1929.0
1137840 1922.2
1137850 1922.2
1137860 1910.2
1137870 1899.4
1137880 1890.0
1137890 1890.0
1137900 1880.1
1137910 1873.9
1137920 1873.9
1137930 1875.4
1137940 1876.1
1137950 1876.1
1137960 1877.2
1137970 1874.4
1137980 1874.4
1137990 1866.2
1138000 1860.6
1138010 1860.6
1138020 1862.4
1138030 1865.7
1138040 1865.7
1138050 1862.9
1138060 1860.6
1138070 1860.6
1138080 1860.0
1138090 1860.3
1138100 1850.8
1138110 1850.4
1138120 1853.6
1138130 1851.1
1138140 1851.1
1138150 1847.2
1138160 1844.2
1138170 1844.2
1138180 1840.6
1138190 1835.7
1138200 1835.7
1138210 1831.4
1138220 1828.2
1138230 1828.2
1138240 1823.1
1138250 1819.6
1138260 1819.6
1138270 1816.5
1138280 1813.7
1138290 1813.7
1138300 1811.4
1138310 1809.2
1138320 1809.2
1138330 1807.0
1138340 1804.9
1138350 1804.9
1138360 1802.4
1138370 1799.9
1138380 1797.7
1138390 1797.7
1138400 1794.2
1138410 1792.3
1138420 1792.3
1138430 1793.2
1138440 1797.6
1138450 1797.6
1138460 1803.9
1138470 1811.9
1138480 1811.9
1138490 1813.1
1138500 1816.1
1138510 1816.1
1138520 1819.8
1138530 1823.0
1138540 1823.0
1138550 1824.6
1138560 1825.6
1138570 1825.6
1138580 1827.6
1138590 1829.6
1138600 1829.6
1138610 1832.3
1138620 1835.4
1138630 1839.2
1138640 1839.2
1138650 1842.3
1138660 1845.1
1138670 1845.1
1138680 1848.5
1138690 1852.0
1138700 1852.0
1138710 1856.0
1138720 1860.2
1138730 1860.2
1138740 1864.1
1138750 1867.7
1138760 1867.7
1138770 1870.6
1138780 1871.3
1138790 1871.3
1138800 1867.1
1138810 1862.2
1138820 1862.2
1138830 1875.0
1138840 1876.1
1138850 1876.1
1138860 1874.6
1138870 1878.1
1138880 1889.5
1138890 1889.5
1138900 1900.6
1138910 1908.6
1138920 1908.6
1138930 1915.6
1138940 1922.3
1138950 1922.3
1138960 1930.0
1138970 1938.0
1138980 1938.0
1138990 1946.1
1139000 1955.4
1139010 1955.4
1139020 1967.2
1139030 1978.1
1139040 1978.1
1139050 1989.3
1139060 2001.4
1139070 2001.4
1139080 2011.5
1139090 2020.1
1139100 2020.1
1139110 2027.9
1139120 2035.2
1139130 2041.1
1139140 2041.1
1139150 2045.9
1139160 2049.6
1139170 2049.6
1139180 2053.1
1139190 2055.6
1139200 2057.8
1139210 2061.2
1139220 2064.7
1139230 2064.7
1139240 2069.3
1139250 2072.4
1139260 2072.4
1139270 2076.4
1139280 2082.6
1139290 2082.6
1139300 2090.6
1139310 2098.8
1139320 2098.8
1139330 2107.3
1139340 2117.4
1139350 2117.4
1139360 2126.7
1139370 2130.1
1139380 2132.7
1139390 2132.7
1139400 2135.6
1139410 2138.8
1139420 2138.8
1139430 2143.8
1139440 2149.3
1139450 2149.3
1139460 2154.4
1139470 2159.4
1139480 2159.4
1139490 2164.7
1139500 2170.2
1139510 2170.2
1139520 2175.7
1139530 2179.9
1139540 2179.9
1139550 2183.1
1139560 2186.1
1139570 2189.8
1139580 2193.0
1139590 2196.7
1139600 2196.7
1139610 2201.2
1139620 2205.9
1139630 2210.7
1139640 2210.7
1139650 2215.7
1139660 2216.4
1139670 2216.4
1139680 2213.2
1139690 2207.8
1139700 2207.8
1139710 2207.1
1139720 2207.5
1139730 2207.5
1139740 2206.5
1139750 2205.5
1139760 2205.5
1139770 2205.1
1139780 2202.9
1139790 2202.9
1139800 2204.2
1139810 2205.2
1139820 2205.2
1139830 2206.5
1139840 2208.3
1139850 2208.3
1139860 2212.5
1139870 2217.7
1139880 2223.0
1139890 2223.0
1139900 2227.7
1139910 2232.8
1139920 2232.8
1139930 2236.2
1139940 2237.2
1139950 2237.2
1139960 2237.6
1139970 2238.5
1139980 2238.5
1139990 2240.9
