1120000 1561.5
1120010 1561.5
1120020 1562.4
1120030 1562.5
1120040 1562.5
1120050 1562.7
1120060 1562.2
1120070 1561.5
1120080 1561.5
1120090 1561.9
1120100 1561.5
1120110 1561.5
1120120 1561.0
1120130 1560.4
1120140 1560.4
1120150 1560.1
1120160 1560.8
1120170 1560.8
1120180 1562.0
1120190 1561.8
1120200 1561.8
1120210 1561.9
1120220 1561.9
1120230 1561.9
1120240 1563.5
1120250 1564.8
1120260 1564.8
1120270 1563.7
1120280 1563.2
1120290 1563.2
1120300 1563.0
1120310 1562.7
1120320 1561.3
1120330 1561.3
1120340 1558.3
1120350 1557.8
1120360 1557.8
1120370 1557.9
1120380 1557.2
1120390 1557.2
1120400 1556.2
1120410 1557.4
1120420 1557.4
1120430 1557.6
1120440 1557.3
1120450 1557.3
1120460 1556.8
1120470 1556.7
1120480 1556.7
1120490 1556.1
1120500 1555.1
1120510 1555.1
1120520 1554.7
1120530 1554.1
1120540 1554.1
1120550 1552.8
1120560 1552.5
1120570 1552.5
1120580 1556.1
1120590 1557.6
1120600 1558.7
1120610 1558.7
1120620 1559.0
1120630 1558.8
1120640 1558.8
1120650 1559.2
1120660 1561.0
1120670 1561.0
1120680 1563.8
1120690 1567.0
1120700 1567.0
1120710 1569.1
1120720 1572.4
1120730 1572.4
1120740 1573.0
1120750 1574.1
1120760 1574.1
1120770 1575.2
1120780 1576.3
1120790 1576.3
1120800 1577.2
1120810 1578.8
1120820 1578.8
1120830 1580.7
1120840 1582.3
1120850 1582.8
1120860 1582.8
1120870 1585.6
1120880 1587.9
1120890 1587.9
1120900 1589.3
1120910 1590.3
1120920 1590.3
1120930 1591.1
1120940 1591.5
1120950 1591.5
1120960 1592.0
1120970 1591.9
1120980 1591.9
1120990 1593.0
1121000 1593.0
1121010 1593.0
1121020 1592.2
1121030 1591.3
1121040 1591.3
1121050 1590.5
1121060 1591.4
1121070 1593.1
1121080 1594.8
1121090 1596.0
1121100 1595.9
1121110 1595.9
1121120 1596.1
1121130 1596.4
1121140 1596.4
1121150 1597.2
1121160 1597.6
1121170 1597.6
1121180 1598.7
1121190 1599.0
1121200 1599.0
1121210 1598.1
1121220 1598.3
1121230 1598.3
1121240 1598.3
1121250 1598.6
1121260 1598.6
1121270 1597.6
1121280 1597.0
1121290 1597.0
1121300 1597.5
1121310 1597.2
1121320 1597.2
1121330 1598.4
1121340 1600.9
1121350 1601.8
1121360 1601.8
1121370 1604.3
1121380 1605.9
1121390 1605.9
1121400 1606.2
1121410 1605.8
1121420 1609.2
1121430 1608.5
1121440 1607.7
1121450 1607.7
1121460 1608.2
1121470 1606.0
1121480 1606.0
1121490 1604.7
1121500 1604.8
1121510 1604.8
1121520 1604.4
1121530 1605.5
1121540 1605.5
1121550 1605.8
1121560 1604.6
1121570 1604.6
1121580 1602.9
1121590 1601.4
1121600 1599.7
1121610 1599.7
1121620 1598.1
1121630 1596.9
1121640 1596.9
1121650 1595.4
1121660 1593.7
1121670 1593.7
1121680 1591.7
1121690 1589.3
1121700 1589.3
1121710 1587.0
1121720 1585.6
1121730 1585.6
1121740 1586.8
1121750 1588.3
1121760 1588.3
1121770 1594.0
1121780 1591.0
1121790 1591.0
1121800 1589.8
1121810 1590.7
1121820 1590.7
1121830 1592.8
1121840 1593.6
1121850 1592.3
1121860 1592.3
1121870 1591.7
1121880 1590.7
1121890 1590.7
1121900 1592.1
1121910 1593.5
1121920 1593.5
1121930 1595.4
1121940 1596.3
1121950 1596.3
1121960 1596.5
1121970 1596.3
1121980 1596.3
1121990 1595.8
1122000 1593.3
1122010 1593.3
1122020 1593.3
1122030 1592.3
1122040 1592.3
1122050 1590.6
1122060 1588.8
1122070 1588.8
1122080 1586.1
1122090 1585.7
1122100 1585.6
1122110 1585.6
1122120 1589.3
1122130 1589.4
1122140 1589.4
1122150 1588.7
1122160 1589.6
1122170 1589.6
1122180 1593.2
1122190 1597.1
1122200 1597.1
1122210 1600.1
1122220 1601.2
1122230 1601.2
1122240 1599.8
1122250 1595.8
1122260 1595.8
1122270 1594.2
1122280 1594.4
1122290 1594.4
1122300 1594.5
1122310 1594.8
1122320 1594.8
1122330 1594.3
1122340 1594.0
1122350 1593.4
1122360 1593.4
1122370 1590.9
1122380 1586.0
1122390 1586.0
1122400 1580.8
1122410 1576.4
1122420 1576.4
1122430 1573.8
1122440 1573.0
1122450 1573.0
1122460 1572.6
1122470 1574.4
1122480 1574.4
1122490 1573.2
1122500 1572.8
1122510 1572.8
1122520 1573.6
1122530 1574.9
1122540 1574.9
1122550 1575.5
1122560 1576.5
1122570 1576.5
1122580 1576.0
1122590 1575.4
1122600 1576.8
1122610 1576.8
1122620 1578.0
1122630 1576.7
1122640 1576.7
1122650 1576.0
1122660 1576.6
1122670 1576.6
1122680 1575.8
1122690 1573.8
1122700 1573.8
1122710 1570.9
1122720 1568.1
1122730 1568.1
1122740 1566.8
1122750 1568.8
1122760 1568.8
1122770 1571.3
1122780 1571.1
1122790 1571.1
1122800 1569.6
1122810 1567.7
1122820 1570.4
1122830 1567.9
1122840 1565.9
1122850 1565.5
1122860 1565.5
1122870 1565.1
1122880 1564.5
1122890 1564.5
1122900 1563.7
1122910 1563.0
1122920 1563.0
1122930 1562.0
1122940 1561.3
1122950 1561.3
1122960 1561.8
1122970 1562.8
1122980 1562.8
1122990 1563.8
1123000 1565.5
1123010 1565.5
1123020 1566.1
1123030 1565.7
1123040 1565.7
1123050 1565.4
1123060 1564.5
1123070 1564.5
1123080 1562.9
1123090 1559.0
1123100 1555.3
1123110 1555.3
1123120 1551.6
1123130 1551.8
1123140 1551.8
1123150 1552.1
1123160 1552.0
1123170 1556.1
1123180 1557.9
1123190 1556.4
1123200 1556.4
1123210 1555.0
1123220 1553.8
1123230 1553.8
1123240 1552.8
1123250 1553.1
1123260 1553.1
1123270 1553.0
1123280 1552.6
1123290 1552.6
1123300 1551.3
1123310 1549.3
1123320 1549.3
1123330 1548.2
1123340 1547.5
1123350 1546.7
1123360 1546.7
1123370 1546.7
1123380 1545.8
1123390 1545.8
1123400 1545.5
1123410 1545.8
1123420 1545.8
1123430 1546.7
1123440 1547.0
1123450 1547.0
1123460 1547.0
1123470 1546.9
1123480 1546.9
1123490 1546.1
1123500 1544.1
1123510 1544.1
1123520 1543.3
1123530 1546.6
1123540 1546.6
1123550 1545.7
1123560 1544.8
1123570 1544.8
1123580 1544.5
1123590 1543.7
1123600 1543.3
1123610 1543.3
1123620 1545.3
1123630 1545.6
1123640 1545.6
1123650 1546.1
1123660 1547.1
1123670 1547.1
1123680 1547.5
1123690 1548.1
1123700 1548.1
1123710 1548.8
1123720 1548.0
1123730 1548.0
1123740 1544.7
1123750 1543.6
1123760 1543.6
1123770 1545.5
1123780 1544.0
1123790 1544.0
1123800 1540.8
1123810 1538.4
1123820 1538.4
1123830 1537.0
1123840 1535.9
1123850 1533.9
1123860 1533.9
1123870 1531.7
1123880 1535.1
1123890 1535.1
1123900 1535.7
1123910 1535.0
1123920 1535.0
1123930 1535.1
1123940 1534.9
1123950 1534.9
1123960 1533.3
1123970 1532.2
1123980 1532.2
1123990 1530.3
1124000 1529.9
1124010 1529.9
1124020 1528.6
1124030 1527.9
1124040 1527.9
1124050 1522.2
1124060 1517.4
1124070 1517.4
1124080 1519.2
1124090 1521.0
1124100 1521.0
1124110 1523.3
1124120 1523.8
1124130 1521.9
1124140 1521.9
1124150 1519.8
1124160 1522.5
1124170 1522.5
1124180 1525.4
1124190 1524.2
1124200 1524.2
1124210 1522.3
1124220 1520.5
1124230 1523.4
1124240 1522.5
1124250 1519.3
1124260 1519.3
1124270 1517.4
1124280 1516.9
1124290 1516.9
1124300 1518.8
1124310 1521.0
1124320 1521.0
1124330 1521.1
1124340 1521.1
1124350 1521.1
1124360 1521.7
1124370 1521.4
1124380 1520.2
1124390 1520.2
1124400 1519.5
1124410 1519.2
1124420 1519.2
1124430 1517.7
1124440 1517.9
1124450 1517.9
1124460 1517.9
1124470 1518.4
1124480 1518.4
1124490 1518.0
1124500 1518.3
1124510 1518.3
1124520 1518.7
1124530 1517.4
1124540 1517.4
1124550 1517.3
1124560 1516.9
1124570 1516.9
1124580 1517.4
1124590 1515.1
1124600 1515.1
1124610 1513.7
1124620 1512.8
1124630 1510.9
1124640 1510.9
1124650 1509.3
1124660 1507.8
1124670 1507.8
1124680 1506.1
1124690 1504.8
1124700 1504.8
1124710 1502.0
1124720 1499.3
1124730 1499.3
1124740 1495.1
1124750 1493.7
1124760 1493.7
1124770 1493.1
1124780 1493.1
1124790 1493.1
1124800 1492.8
1124810 1492.9
1124820 1492.9
1124830 1493.4
1124840 1493.0
1124850 1493.0
1124860 1492.8
1124870 1492.4
1124880 1492.2
1124890 1492.2
1124900 1491.8
1124910 1491.6
1124920 1491.6
1124930 1491.7
1124940 1495.5
1124950 1495.5
1124960 1496.9
1124970 1498.0
1124980 1498.0
1124990 1500.7
1125000 1504.0
1125010 1504.0
1125020 1507.5
1125030 1509.7
1125040 1509.7
1125050 1510.6
1125060 1510.8
1125070 1510.8
1125080 1510.7
1125090 1510.4
1125100 1510.4
1125110 1510.0
1125120 1510.3
1125130 1510.6
1125140 1510.6
1125150 1510.8
1125160 1510.8
1125170 1510.8
1125180 1511.8
1125190 1511.6
1125200 1511.6
1125210 1510.8
1125220 1510.5
1125230 1510.5
1125240 1510.9
1125250 1510.8
1125260 1510.8
1125270 1510.3
1125280 1510.1
1125290 1512.9
1125300 1512.9
1125310 1513.2
1125320 1513.2
1125330 1513.8
1125340 1514.6
1125350 1514.6
1125360 1513.7
1125370 1513.4
1125380 1513.1
1125390 1513.1
1125400 1512.3
1125410 1513.2
1125420 1513.2
1125430 1515.1
1125440 1517.6
1125450 1517.6
1125460 1519.4
1125470 1520.6
1125480 1520.6
1125490 1518.8
1125500 1519.0
1125510 1519.0
1125520 1519.6
1125530 1519.4
1125540 1519.4
1125550 1521.3
1125560 1521.2
1125570 1521.2
1125580 1521.4
1125590 1521.4
1125600 1521.4
1125610 1525.3
1125620 1525.9
1125630 1525.1
1125640 1529.8
1125650 1531.5
1125660 1532.7
1125670 1532.7
1125680 1535.9
1125690 1539.1
1125700 1539.1
1125710 1537.5
1125720 1533.7
1125730 1533.7
1125740 1529.3
1125750 1521.8
1125760 1521.8
1125770 1512.6
1125780 1510.1
1125790 1510.1
1125800 1516.3
1125810 1526.7
1125820 1526.7
1125830 1537.4
1125840 1547.6
1125850 1547.6
1125860 1553.2
1125870 1555.9
1125880 1557.4
1125890 1557.4
1125900 1558.7
1125910 1559.6
1125920 1559.6
1125930 1560.8
1125940 1562.4
1125950 1562.4
1125960 1564.7
1125970 1567.3
1125980 1567.3
1125990 1569.5
1126000 1576.6
1126010 1576.6
1126020 1579.8
1126030 1583.1
1126040 1583.1
1126050 1586.8
1126060 1590.7
1126070 1590.7
1126080 1594.1
1126090 1597.5
1126100 1597.5
1126110 1602.9
1126120 1609.4
1126130 1612.4
1126140 1612.4
1126150 1614.1
1126160 1615.3
1126170 1615.3
1126180 1616.7
1126190 1618.6
1126200 1618.6
1126210 1619.4
1126220 1619.6
1126230 1619.6
1126240 1620.2
1126250 1620.5
1126260 1620.5
1126270 1620.1
1126280 1619.7
1126290 1619.7
1126300 1619.2
1126310 1618.7
1126320 1618.7
1126330 1618.2
1126340 1617.9
1126350 1619.5
1126360 1620.3
1126370 1620.5
1126380 1621.2
1126390 1621.2
1126400 1622.1
1126410 1622.6
1126420 1622.6
1126430 1623.5
1126440 1624.8
1126450 1624.8
1126460 1626.6
1126470 1628.9
1126480 1628.9
1126490 1630.3
1126500 1631.1
1126510 1631.1
1126520 1633.1
1126530 1635.4
1126540 1635.4
1126550 1638.0
1126560 1640.8
1126570 1640.8
1126580 1643.4
1126590 1646.3
1126600 1646.3
1126610 1648.3
1126620 1649.7
1126630 1651.3
1126640 1651.3
1126650 1651.7
1126660 1649.6
1126670 1649.6
1126680 1647.1
1126690 1644.5
1126700 1644.5
1126710 1648.2
1126720 1646.3
1126730 1646.3
1126740 1644.7
1126750 1642.7
1126760 1642.7
1126770 1643.7
1126780 1643.9
1126790 1643.9
1126800 1644.3
1126810 1646.3
1126820 1646.3
1126830 1647.1
1126840 1647.8
1126850 1647.8
1126860 1647.1
1126870 1645.9
1126880 1646.0
1126890 1646.0
1126900 1646.1
1126910 1646.8
1126920 1646.8
1126930 1648.0
1126940 1648.7
1126950 1648.7
1126960 1648.8
1126970 1649.1
1126980 1649.1
1126990 1650.0
1127000 1650.9
1127010 1650.9
1127020 1651.4
1127030 1651.6
1127040 1651.6
1127050 1652.9
1127060 1655.9
1127070 1655.9
1127080 1657.1
1127090 1658.1
1127100 1658.1
1127110 1658.8
1127120 1659.1
1127130 1659.3
1127140 1659.3
1127150 1660.2
1127160 1661.4
1127170 1661.4
1127180 1662.8
1127190 1664.2
1127200 1664.2
1127210 1665.7
1127220 1667.6
1127230 1667.6
1127240 1669.1
1127250 1671.4
1127260 1671.4
1127270 1673.9
1127280 1675.6
1127290 1675.6
1127300 1676.0
1127310 1676.6
1127320 1676.6
1127330 1676.5
1127340 1678.3
1127350 1678.3
1127360 1679.8
1127370 1680.2
1127380 1682.3
1127390 1682.3
1127400 1684.2
1127410 1685.7
1127420 1691.3
1127430 1692.5
1127440 1693.5
1127450 1693.5
1127460 1693.4
1127470 1694.1
1127480 1694.1
1127490 1696.0
1127500 1698.0
1127510 1698.0
1127520 1698.7
1127530 1699.4
1127540 1699.4
1127550 1699.6
1127560 1702.1
1127570 1702.1
1127580 1704.3
1127590 1706.7
1127600 1706.7
1127610 1708.8
1127620 1710.4
1127630 1711.9
1127640 1711.9
1127650 1711.9
1127660 1714.5
1127670 1714.5
1127680 1715.1
1127690 1716.2
1127700 1716.2
1127710 1719.2
1127720 1720.1
1127730 1720.1
1127740 1719.9
1127750 1719.6
1127760 1719.6
1127770 1719.4
1127780 1723.8
1127790 1723.8
1127800 1723.0
1127810 1722.5
1127820 1722.5
1127830 1722.4
1127840 1721.5
1127850 1721.5
1127860 1721.0
1127870 1719.7
1127880 1719.6
1127890 1719.6
1127900 1718.7
1127910 1717.7
1127920 1717.7
1127930 1716.3
1127940 1715.0
1127950 1715.0
1127960 1715.2
1127970 1713.3
1127980 1713.3
1127990 1713.2
1128000 1711.9
1128010 1711.9
1128020 1709.6
1128030 1708.9
1128040 1708.9
1128050 1708.4
1128060 1706.1
1128070 1706.1
1128080 1700.2
1128090 1699.7
1128100 1699.7
1128110 1698.5
1128120 1693.9
1128130 1699.5
1128140 1694.0
1128150 1688.9
1128160 1683.7
1128170 1683.7
1128180 1687.4
1128190 1685.2
1128200 1685.2
1128210 1681.6
1128220 1675.8
1128230 1675.8
1128240 1669.1
1128250 1663.3
1128260 1663.3
1128270 1662.3
1128280 1664.8
1128290 1664.8
1128300 1668.3
1128310 1672.2
1128320 1672.2
1128330 1676.7
1128340 1680.1
1128350 1680.1
1128360 1684.9
1128370 1687.6
1128380 1687.6
1128390 1684.3
1128400 1681.0
1128410 1677.7
1128420 1677.7
1128430 1672.5
1128440 1666.7
1128450 1666.7
1128460 1661.0
1128470 1655.6
1128480 1655.6
1128490 1650.2
1128500 1644.3
1128510 1644.3
1128520 1638.2
1128530 1632.2
1128540 1632.2
1128550 1626.8
1128560 1621.4
1128570 1621.4
1128580 1616.1
1128590 1611.6
1128600 1611.6
1128610 1608.2
1128620 1606.0
1128630 1606.0
1128640 1605.0
1128650 1604.4
1128660 1602.0
1128670 1602.0
1128680 1598.9
1128690 1595.5
1128700 1595.5
1128710 1592.4
1128720 1588.0
1128730 1588.0
1128740 1583.6
1128750 1581.3
1128760 1581.3
1128770 1579.5
1128780 1577.1
1128790 1577.1
1128800 1575.8
1128810 1574.6
1128820 1574.6
1128830 1573.1
1128840 1571.0
1128850 1572.3
1128860 1570.3
1128870 1568.0
1128880 1568.0
1128890 1565.3
1128900 1562.5
1128910 1557.6
1128920 1557.6
1128930 1550.7
1128940 1544.4
1128950 1544.4
1128960 1539.3
1128970 1534.1
1128980 1534.1
1128990 1528.3
1129000 1522.2
1129010 1522.2
1129020 1515.9
1129030 1513.3
1129040 1513.3
1129050 1513.8
1129060 1518.7
1129070 1518.7
1129080 1521.5
1129090 1524.4
1129100 1524.4
1129110 1530.4
1129120 1533.8
1129130 1533.8
1129140 1535.5
1129150 1538.5
1129160 1542.8
1129170 1542.8
1129180 1548.9
1129190 1556.3
1129200 1554.3
1129210 1560.0
1129220 1563.3
1129230 1563.3
1129240 1566.1
1129250 1567.9
1129260 1567.9
1129270 1570.0
1129280 1572.6
1129290 1572.6
1129300 1575.9
1129310 1578.9
1129320 1578.9
1129330 1582.1
1129340 1585.0
1129350 1585.0
1129360 1588.1
1129370 1591.4
1129380 1591.4
1129390 1595.3
1129400 1598.7
1129410 1601.4
1129420 1601.4
1129430 1604.6
1129440 1607.8
1129450 1607.8
1129460 1610.9
1129470 1614.3
1129480 1614.3
1129490 1618.0
1129500 1622.1
1129510 1622.1
1129520 1626.3
1129530 1630.0
1129540 1630.0
1129550 1633.4
1129560 1634.1
1129570 1634.1
1129580 1640.1
1129590 1646.0
1129600 1646.0
1129610 1652.1
1129620 1660.1
1129630 1660.1
1129640 1667.8
1129650 1675.7
1129660 1686.5
1129670 1686.5
1129680 1697.9
1129690 1706.1
1129700 1706.1
1129710 1715.0
1129720 1730.1
1129730 1730.1
1129740 1740.9
1129750 1749.4
1129760 1749.4
1129770 1757.3
1129780 1765.5
1129790 1765.5
1129800 1772.8
1129810 1779.1
1129820 1779.1
1129830 1786.0
1129840 1792.3
1129850 1792.3
1129860 1799.4
1129870 1806.3
1129880 1806.3
1129890 1812.9
1129900 1819.7
1129910 1826.7
1129920 1828.7
1129930 1836.9
1129940 1845.5
1129950 1845.5
1129960 1855.0
1129970 1863.4
1129980 1863.4
1129990 1873.0
1130000 1879.8
1130010 1879.8
1130020 1887.5
1130030 1897.1
1130040 1897.1
1130050 1906.5
1130060 1910.0
1130070 1910.0
1130080 1912.3
1130090 1917.3
1130100 1917.3
1130110 1925.2
1130120 1932.2
1130130 1932.2
1130140 1939.9
1130150 1945.2
1130160 1947.9
1130170 1947.9
1130180 1948.9
1130190 1956.0
1130200 1956.0
1130210 1963.7
1130220 1972.2
1130230 1972.2
1130240 1985.3
1130250 1997.0
1130260 1997.0
1130270 2007.4
1130280 2015.3
1130290 2015.3
1130300 2024.5
1130310 2033.9
1130320 2033.9
1130330 2043.5
1130340 2053.7
1130350 2053.7
1130360 2063.0
1130370 2068.9
1130380 2068.9
1130390 2075.6
1130400 2084.3
1130410 2094.0
1130420 2094.0
1130430 2105.1
1130440 2116.3
1130450 2116.3
1130460 2124.5
1130470 2128.2
1130480 2128.2
1130490 2132.4
1130500 2133.7
1130510 2133.7
1130520 2136.6
1130530 2136.9
1130540 2136.9
1130550 2141.0
1130560 2142.1
1130570 2142.1
1130580 2143.7
1130590 2143.8
1130600 2143.8
1130610 2141.4
1130620 2140.2
1130630 2140.2
1130640 2142.8
1130650 2141.2
1130660 2141.1
1130670 2141.1
1130680 2143.5
1130690 2145.1
1130700 2145.1
1130710 2148.3
1130720 2150.5
1130730 2150.5
1130740 2153.7
1130750 2155.9
1130760 2155.9
1130770 2159.9
1130780 2161.9
1130790 2161.9
1130800 2162.4
1130810 2162.9
1130820 2162.9
1130830 2164.9
1130840 2166.1
1130850 2166.1
1130860 2169.4
1130870 2174.4
1130880 2174.4
1130890 2177.1
1130900 2177.7
1130910 2177.3
1130920 2177.3
1130930 2178.3
1130940 2180.1
1130950 2180.1
1130960 2181.4
1130970 2182.9
1130980 2182.9
1130990 2182.7
1131000 2182.1
1131010 2182.1
1131020 2180.0
1131030 2181.2
1131040 2181.2
1131050 2183.1
1131060 2183.0
1131070 2183.0
1131080 2184.9
1131090 2188.2
1131100 2188.2
1131110 2193.3
1131120 2196.5
1131130 2196.5
1131140 2199.3
1131150 2203.1
1131160 2205.3
1131170 2205.3
1131180 2208.2
1131190 2211.8
1131200 2211.8
1131210 2214.1
1131220 2218.0
1131230 2218.0
1131240 2220.4
1131250 2222.8
1131260 2222.8
1131270 2226.2
1131280 2227.4
1131290 2227.4
1131300 2226.2
1131310 2228.5
1131320 2228.5
1131330 2229.3
1131340 2231.0
1131350 2231.0
1131360 2232.4
1131370 2235.6
1131380 2235.6
1131390 2239.5
1131400 2241.0
1131410 2241.7
1131420 2241.7
1131430 2244.8
1131440 2245.7
1131450 2245.7
1131460 2248.0
1131470 2251.9
1131480 2251.9
1131490 2252.9
1131500 2254.6
1131510 2254.6
1131520 2254.8
1131530 2255.0
1131540 2255.0
1131550 2256.9
1131560 2260.5
1131570 2260.5
1131580 2262.8
1131590 2264.6
1131600 2264.6
1131610 2266.1
1131620 2269.3
1131630 2269.3
1131640 2271.9
1131650 2270.0
1131660 2269.1
1131670 2269.1
1131680 2271.4
1131690 2270.2
1131700 2270.2
1131710 2269.9
1131720 2266.4
1131730 2266.4
1131740 2266.2
1131750 2266.9
1131760 2266.9
1131770 2262.1
1131780 2256.9
1131790 2256.9
1131800 2257.6
1131810 2258.4
1131820 2258.4
1131830 2258.5
1131840 2253.9
1131850 2253.9
1131860 2251.5
1131870 2250.1
1131880 2250.1
1131890 2248.8
1131900 2248.8
1131910 2245.8
1131920 2245.8
1131930 2241.6
1131940 2243.4
1131950 2243.4
1131960 2247.6
1131970 2250.9
1131980 2250.9
1131990 2259.0
1132000 2265.6
1132010 2265.6
1132020 2264.6
1132030 2267.8
1132040 2267.8
1132050 2266.8
1132060 2262.1
1132070 2262.1
1132080 2253.0
1132090 2252.0
1132100 2252.0
1132110 2248.8
1132120 2239.2
1132130 2239.2
1132140 2235.2
1132150 2232.4
1132160 2228.7
1132170 2228.7
1132180 2226.2
1132190 2226.2
1132200 2226.2
1132210 2226.2
1132220 2226.2
1132230 2226.2
1132240 2226.2
1132250 2226.7
1132260 2226.7
1132270 2228.8
1132280 2229.5
1132290 2229.5
1132300 2228.8
1132310 2228.9
1132320 2228.9
1132330 2229.6
1132340 2230.9
1132350 2230.9
1132360 2234.7
1132370 2240.4
1132380 2240.4
1132390 2245.2
1132400 2248.9
1132410 2253.4
1132420 2253.4
1132430 2257.3
1132440 2256.8
1132450 2256.8
1132460 2257.6
1132470 2258.3
1132480 2258.3
1132490 2259.1
1132500 2259.5
1132510 2259.5
1132520 2259.5
1132530 2259.4
1132540 2259.4
1132550 2260.4
1132560 2263.7
1132570 2263.7
1132580 2267.3
1132590 2270.7
1132600 2270.7
1132610 2273.5
1132620 2276.3
1132630 2276.3
1132640 2280.4
1132650 2284.9
1132660 2289.2
1132670 2289.2
1132680 2293.4
1132690 2295.7
1132700 2295.7
1132710 2294.1
1132720 2290.7
1132730 2290.7
1132740 2287.8
1132750 2283.7
1132760 2283.7
1132770 2278.3
1132780 2276.4
1132790 2276.4
1132800 2282.1
1132810 2277.9
1132820 2277.9
1132830 2272.9
1132840 2268.7
1132850 2268.7
1132860 2264.0
1132870 2259.3
1132880 2259.3
1132890 2254.1
1132900 2248.0
1132910 2248.0
1132920 2241.1
1132930 2234.5
1132940 2228.6
1132950 2228.6
1132960 2224.7
1132970 2225.5
1132980 2225.5
1132990 2220.7
1133000 2213.0
1133010 2213.0
1133020 2209.9
1133030 2206.9
1133040 2206.9
1133050 2209.1
1133060 2207.7
1133070 2207.7
1133080 2206.8
1133090 2205.2
1133100 2205.2
1133110 2200.7
1133120 2193.2
1133130 2193.2
1133140 2186.5
1133150 2179.8
1133160 2181.9
1133170 2180.6
1133180 2177.1
1133190 2171.2
1133200 2171.2
1133210 2173.2
1133220 2174.3
1133230 2174.3
1133240 2174.1
1133250 2176.2
1133260 2176.2
1133270 2178.3
1133280 2178.5
1133290 2178.5
1133300 2179.2
1133310 2178.8
1133320 2178.8
1133330 2182.2
1133340 2187.2
1133350 2187.2
1133360 2190.4
1133370 2191.0
1133380 2191.0
1133390 2190.3
1133400 2188.3
1133410 2188.3
1133420 2186.5
1133430 2183.9
1133440 2181.9
1133450 2181.9
1133460 2181.8
1133470 2182.4
1133480 2182.4
1133490 2184.2
1133500 2186.0
1133510 2186.0
1133520 2185.0
1133530 2185.0
1133540 2185.0
1133550 2184.6
1133560 2184.4
1133570 2184.4
1133580 2184.4
1133590 2184.3
1133600 2184.3
1133610 2184.5
1133620 2184.7
1133630 2184.7
1133640 2185.4
1133650 2186.6
1133660 2186.6
1133670 2187.7
1133680 2188.2
1133690 2187.9
1133700 2187.9
1133710 2189.2
1133720 2190.7
1133730 2190.7
1133740 2190.8
1133750 2192.6
1133760 2192.6
1133770 2195.9
1133780 2198.9
1133790 2198.9
1133800 2201.0
1133810 2201.5
1133820 2201.5
1133830 2202.1
1133840 2203.3
1133850 2203.3
1133860 2204.5
1133870 2205.6
1133880 2205.6
1133890 2211.8
1133900 2212.5
1133910 2212.5
1133920 2213.0
1133930 2214.0
1133940 2214.2
1133950 2214.2
1133960 2214.1
1133970 2213.3
1133980 2213.3
1133990 2212.0
1134000 2211.3
1134010 2211.3
1134020 2211.8
1134030 2211.7
1134040 2211.7
1134050 2210.6
1134060 2208.6
1134070 2208.6
1134080 2207.7
1134090 2207.5
1134100 2207.5
1134110 2207.0
1134120 2206.6
1134130 2206.6
1134140 2206.7
1134150 2207.3
1134160 2207.3
1134170 2207.2
1134180 2207.9
1134190 2208.5
1134200 2208.5
1134210 2208.7
1134220 2208.4
1134230 2208.4
1134240 2208.1
1134250 2210.8
1134260 2210.8
1134270 2210.4
1134280 2209.6
1134290 2209.6
1134300 2209.3
1134310 2209.5
1134320 2209.5
1134330 2209.4
1134340 2209.2
1134350 2209.2
1134360 2209.9
1134370 2209.9
1134380 2209.9
1134390 2210.2
1134400 2210.8
1134410 2210.8
1134420 2211.4
1134430 2212.6
1134440 2215.9
1134450 2215.9
1134460 2219.5
1134470 2221.3
1134480 2221.3
1134490 2222.1
1134500 2221.9
1134510 2221.9
1134520 2221.7
1134530 2222.0
1134540 2222.0
1134550 2221.7
1134560 2220.5
1134570 2220.5
1134580 2220.4
1134590 2221.6
1134600 2221.6
1134610 2221.2
1134620 2222.3
1134630 2222.3
1134640 2223.9
1134650 2225.0
1134660 2225.0
1134670 2225.6
1134680 2226.7
1134690 2227.7
1134700 2227.7
1134710 2229.3
1134720 2230.7
1134730 2230.7
1134740 2232.2
1134750 2234.2
1134760 2234.2
1134770 2237.8
1134780 2241.0
1134790 2241.0
1134800 2243.4
1134810 2246.4
1134820 2246.4
1134830 2249.0
1134840 2250.9
1134850 2250.9
1134860 2253.7
1134870 2256.2
1134880 2256.2
1134890 2258.1
1134900 2259.8
1134910 2259.8
1134920 2260.2
1134930 2260.5
1134940 2263.1
1134950 2263.1
1134960 2266.0
1134970 2274.0
1134980 2274.0
1134990 2278.8
1135000 2282.1
1135010 2282.1
1135020 2283.7
1135030 2285.6
1135040 2285.6
1135050 2289.0
1135060 2293.1
1135070 2293.1
1135080 2298.0
1135090 2302.5
1135100 2302.5
1135110 2305.8
1135120 2308.7
1135130 2308.7
1135140 2313.5
1135150 2318.3
1135160 2318.3
1135170 2322.0
1135180 2324.8
1135190 2326.8
1135200 2326.8
1135210 2327.7
1135220 2327.6
1135230 2327.6
1135240 2329.9
1135250 2332.3
1135260 2332.3
1135270 2335.7
1135280 2337.5
1135290 2337.5
1135300 2338.2
1135310 2340.0
1135320 2340.0
1135330 2343.1
1135340 2348.6
1135350 2348.6
1135360 2352.8
1135370 2357.2
1135380 2357.2
1135390 2361.5
1135400 2366.5
1135410 2366.5
1135420 2372.4
1135430 2378.4
1135440 2384.4
1135450 2384.4
1135460 2391.3
1135470 2397.7
1135480 2397.7
1135490 2403.9
1135500 2409.8
1135510 2409.8
1135520 2416.0
1135530 2425.0
1135540 2425.0
1135550 2433.2
1135560 2436.9
1135570 2436.9
1135580 2427.8
1135590 2418.4
1135600 2418.4
1135610 2412.9
1135620 2407.5
1135630 2407.5
1135640 2402.7
1135650 2398.0
1135660 2398.0
1135670 2392.6
1135680 2388.2
1135690 2384.7
1135700 2387.5
1135710 2383.6
1135720 2379.9
1135730 2379.9
1135740 2376.4
1135750 2370.7
1135760 2370.7
1135770 2363.5
1135780 2354.3
1135790 2354.3
1135800 2348.9
1135810 2345.3
1135820 2345.3
1135830 2340.9
1135840 2338.8
1135850 2338.8
1135860 2338.5
1135870 2338.1
1135880 2338.1
1135890 2335.1
1135900 2326.8
1135910 2326.8
1135920 2317.9
1135930 2316.7
1135940 2315.2
1135950 2315.2
1135960 2313.2
1135970 2310.8
1135980 2310.8
1135990 2310.8
1136000 2309.7
1136010 2309.7
1136020 2304.0
1136030 2290.7
1136040 2290.7
1136050 2278.5
1136060 2266.8
1136070 2272.1
1136080 2274.5
1136090 2282.4
1136100 2282.4
1136110 2288.5
1136120 2295.9
1136130 2295.9
1136140 2305.7
1136150 2317.6
1136160 2317.6
1136170 2326.9
1136180 2325.2
1136190 2332.3
1136200 2332.3
1136210 2338.4
1136220 2341.5
1136230 2341.5
1136240 2343.3
1136250 2342.0
1136260 2342.0
1136270 2340.0
1136280 2346.0
1136290 2346.0
1136300 2351.1
1136310 2350.5
1136320 2350.5
1136330 2355.1
1136340 2360.3
1136350 2360.3
1136360 2362.0
1136370 2362.1
1136380 2362.1
1136390 2361.1
1136400 2357.9
1136410 2357.9
1136420 2364.8
1136430 2384.1
1136440 2392.4
1136450 2392.4
1136460 2394.7
1136470 2391.6
1136480 2391.6
1136490 2382.2
1136500 2372.6
1136510 2372.6
1136520 2365.2
1136530 2358.3
1136540 2358.3
1136550 2350.2
1136560 2340.8
1136570 2340.8
1136580 2333.4
1136590 2325.2
1136600 2325.2
1136610 2319.5
1136620 2314.9
1136630 2314.9
1136640 2309.1
1136650 2303.4
1136660 2303.4
1136670 2297.2
1136680 2290.2
1136690 2282.9
1136700 2282.9
1136710 2277.7
1136720 2271.7
1136730 2271.7
1136740 2264.4
1136750 2256.1
1136760 2256.1
1136770 2246.3
1136780 2238.0
1136790 2238.0
1136800 2228.9
1136810 2222.9
1136820 2222.9
1136830 2217.2
1136840 2211.4
1136850 2211.4
1136860 2206.4
1136870 2202.9
1136880 2202.9
1136890 2198.6
1136900 2193.7
1136910 2193.7
1136920 2189.0
1136930 2183.2
1136940 2177.1
1136950 2177.1
1136960 2171.3
1136970 2165.1
1136980 2165.1
1136990 2159.2
1137000 2154.5
1137010 2154.5
1137020 2152.6
1137030 2150.0
1137040 2150.0
1137050 2147.1
1137060 2143.3
1137070 2143.3
1137080 2137.6
1137090 2129.5
1137100 2129.5
1137110 2119.6
1137120 2110.4
1137130 2110.4
1137140 2107.7
1137150 2107.9
1137160 2103.5
1137170 2105.3
1137180 2103.8
1137190 2102.0
1137200 2102.0
1137210 2099.7
1137220 2096.4
1137230 2096.4
1137240 2096.4
1137250 2098.2
1137260 2098.2
1137270 2099.7
1137280 2098.4
1137290 2098.4
1137300 2094.1
1137310 2092.2
1137320 2092.2
1137330 2094.3
1137340 2094.4
1137350 2094.4
1137360 2094.0
1137370 2092.7
1137380 2092.7
1137390 2091.7
1137400 2091.6
1137410 2091.6
1137420 2091.7
1137430 2091.0
1137440 2090.3
1137450 2090.3
1137460 2090.1
1137470 2090.4
1137480 2090.4
1137490 2090.4
1137500 2089.7
1137510 2089.7
1137520 2089.0
1137530 2086.4
1137540 2086.4
1137550 2085.1
1137560 2082.6
1137570 2082.6
1137580 2080.2
1137590 2079.3
1137600 2079.3
1137610 2078.2
1137620 2073.2
1137630 2073.2
1137640 2070.1
1137650 2071.2
1137660 2071.2
1137670 2070.5
1137680 2068.5
1137690 2065.5
1137700 2065.5
1137710 2062.3
1137720 2058.8
1137730 2058.8
1137740 2055.0
1137750 2051.8
1137760 2051.8
1137770 2051.2
1137780 2050.0
1137790 2050.0
1137800 2048.0
1137810 2044.4
1137820 2044.4
1137830 2038.6
1137840 2033.2
1137850 2033.2
1137860 2028.4
1137870 2024.6
1137880 2024.6
1137890 2021.7
1137900 2017.4
1137910 2017.4
1137920 2016.8
1137930 2015.6
1137940 2013.1
1137950 2013.1
1137960 2010.6
1137970 2008.5
1137980 2008.5
1137990 2005.6
1138000 2004.6
1138010 2004.6
1138020 2004.1
1138030 2003.1
1138040 2003.1
1138050 2001.1
1138060 1997.9
1138070 1997.9
1138080 1995.2
1138090 1991.7
1138100 1991.7
1138110 1985.3
1138120 1979.3
1138130 1979.3
1138140 1975.3
1138150 1971.2
1138160 1971.2
1138170 1967.3
1138180 1962.9
1138190 1962.9
1138200 1959.0
1138210 1954.2
1138220 1950.7
1138230 1950.7
1138240 1948.7
1138250 1946.2
1138260 1940.6
1138270 1938.3
1138280 1933.4
1138290 1933.4
1138300 1927.3
1138310 1922.9
1138320 1922.9
1138330 1920.6
1138340 1917.4
1138350 1917.4
1138360 1913.4
1138370 1909.2
1138380 1909.2
1138390 1905.4
1138400 1901.7
1138410 1901.7
1138420 1897.2
1138430 1892.5
1138440 1892.5
1138450 1884.5
1138460 1876.5
1138470 1870.0
1138480 1870.0
1138490 1868.1
1138500 1869.9
1138510 1869.9
1138520 1867.0
1138530 1861.7
1138540 1861.7
1138550 1856.6
1138560 1852.2
1138570 1852.2
1138580 1847.3
1138590 1841.7
1138600 1841.7
1138610 1836.6
1138620 1830.8
1138630 1827.9
1138640 1822.7
1138650 1814.2
1138660 1814.2
1138670 1805.3
1138680 1802.7
1138690 1802.7
1138700 1807.2
1138710 1808.1
1138720 1805.8
1138730 1805.8
1138740 1802.2
1138750 1797.8
1138760 1797.8
1138770 1795.1
1138780 1792.8
1138790 1792.8
1138800 1790.9
1138810 1788.3
1138820 1788.3
1138830 1784.9
1138840 1783.1
1138850 1783.1
1138860 1781.4
1138870 1779.9
1138880 1779.9
1138890 1777.8
1138900 1775.9
1138910 1775.9
1138920 1773.9
1138930 1771.1
1138940 1771.1
1138950 1768.2
1138960 1765.8
1138970 1762.7
1138980 1762.7
1138990 1759.1
1139000 1754.3
1139010 1754.3
1139020 1751.1
1139030 1746.4
1139040 1746.4
1139050 1739.5
1139060 1737.1
1139070 1737.1
1139080 1740.9
1139090 1746.2
1139100 1746.2
1139110 1750.4
1139120 1754.5
1139130 1754.5
1139140 1758.0
1139150 1761.2
1139160 1761.2
1139170 1764.2
1139180 1767.4
1139190 1767.4
1139200 1772.6
1139210 1777.9
1139220 1782.5
1139230 1782.5
1139240 1786.9
1139250 1792.3
1139260 1792.3
1139270 1795.7
1139280 1798.5
1139290 1798.5
1139300 1801.3
1139310 1802.1
1139320 1802.1
1139330 1803.7
1139340 1808.0
1139350 1808.0
1139360 1812.4
1139370 1822.9
1139380 1822.9
1139390 1826.1
1139400 1827.9
1139410 1827.9
1139420 1832.9
1139430 1840.1
1139440 1840.1
1139450 1848.1
1139460 1857.2
1139470 1867.3
1139480 1867.3
1139490 1873.5
1139500 1877.4
1139510 1877.4
1139520 1885.5
1139530 1896.9
1139540 1896.9
1139550 1907.4
1139560 1917.0
1139570 1917.0
1139580 1924.5
1139590 1932.0
1139600 1932.0
1139610 1942.3
1139620 1955.5
1139630 1955.5
1139640 1965.3
1139650 1973.9
1139660 1973.9
1139670 1974.6
1139680 1974.4
1139690 1974.4
1139700 1985.2
1139710 1994.1
1139720 1995.3
1139730 2007.4
1139740 2005.2
1139750 2002.5
1139760 2002.5
1139770 2006.2
1139780 2013.4
1139790 2013.4
1139800 2021.9
1139810 2031.5
1139820 2031.5
1139830 2041.5
1139840 2048.4
1139850 2048.4
1139860 2054.5
1139870 2060.7
1139880 2060.7
1139890 2065.7
1139900 2069.9
1139910 2069.9
1139920 2073.8
1139930 2078.0
1139940 2078.0
1139950 2082.9
1139960 2089.3
1139970 2098.4
1139980 2098.4
1139990 2106.0
