1120000 1563.6
1120010 1563.6
1120020 1562.2
1120030 1561.5
1120040 1561.5
1120050 1561.5
1120060 1561.5
1120070 1561.3
1120080 1561.3
1120090 1561.7
1120100 1561.2
1120110 1561.2
1120120 1560.9
1120130 1561.0
1120140 1561.0
1120150 1560.5
1120160 1560.8
1120170 1560.8
1120180 1561.2
1120190 1562.0
1120200 1562.0
1120210 1562.1
1120220 1562.2
1120230 1562.2
1120240 1564.3
1120250 1564.7
1120260 1564.7
1120270 1564.0
1120280 1563.2
1120290 1562.9
1120300 1562.9
1120310 1562.7
1120320 1562.2
1120330 1562.2
1120340 1560.7
1120350 1558.1
1120360 1558.1
1120370 1557.2
1120380 1557.5
1120390 1557.5
1120400 1559.2
1120410 1559.0
1120420 1559.0
1120430 1558.6
1120440 1557.8
1120450 1557.8
1120460 1557.7
1120470 1557.6
1120480 1557.6
1120490 1556.7
1120500 1556.1
1120510 1556.1
1120520 1555.1
1120530 1554.2
1120540 1553.3
1120550 1553.3
1120560 1551.7
1120570 1552.9
1120580 1552.9
1120590 1556.6
1120600 1558.0
1120610 1558.0
1120620 1557.9
1120630 1557.7
1120640 1557.7
1120650 1557.7
1120660 1558.3
1120670 1558.3
1120680 1560.3
1120690 1562.8
1120700 1562.8
1120710 1566.4
1120720 1567.9
1120730 1567.9
1120740 1568.5
1120750 1569.7
1120760 1569.7
1120770 1570.5
1120780 1571.8
1120790 1573.1
1120800 1573.1
1120810 1574.4
1120820 1576.1
1120830 1576.1
1120840 1579.6
1120850 1581.4
1120860 1581.4
1120870 1584.2
1120880 1586.6
1120890 1586.6
1120900 1587.8
1120910 1588.4
1120920 1588.4
1120930 1588.5
1120940 1589.1
1120950 1589.1
1120960 1588.9
1120970 1590.9
1120980 1590.9
1120990 1591.1
1121000 1590.2
1121010 1590.2
1121020 1590.0
1121030 1588.7
1121040 1588.3
1121050 1588.3
1121060 1589.2
1121070 1590.6
1121080 1590.6
1121090 1591.2
1121100 1591.0
1121110 1591.0
1121120 1591.5
1121130 1591.5
1121140 1591.5
1121150 1592.2
1121160 1593.1
1121170 1593.1
1121180 1594.1
1121190 1596.4
1121200 1596.4
1121210 1595.3
1121220 1595.7
1121230 1595.7
1121240 1596.2
1121250 1595.9
1121260 1595.9
1121270 1595.1
1121280 1594.6
1121290 1595.0
1121300 1595.0
1121310 1596.0
1121320 1598.0
1121330 1598.0
1121340 1598.5
1121350 1599.8
1121360 1599.8
1121370 1602.5
1121380 1602.9
1121390 1602.9
1121400 1603.2
1121410 1602.8
1121420 1602.8
1121430 1602.3
1121440 1601.8
1121450 1601.8
1121460 1600.3
1121470 1599.5
1121480 1599.5
1121490 1599.6
1121500 1599.2
1121510 1599.2
1121520 1599.7
1121530 1600.3
1121540 1603.2
1121550 1603.2
1121560 1601.8
1121570 1600.1
1121580 1600.1
1121590 1598.9
1121600 1597.3
1121610 1597.3
1121620 1595.9
1121630 1595.0
1121640 1595.0
1121650 1594.1
1121660 1591.7
1121670 1591.7
1121680 1590.0
1121690 1587.6
1121700 1587.6
1121710 1586.1
1121720 1584.1
1121730 1584.1
1121740 1582.6
1121750 1582.3
1121760 1582.3
1121770 1582.8
1121780 1582.9
1121790 1582.8
1121800 1582.8
1121810 1582.1
1121820 1581.7
1121830 1581.7
1121840 1581.8
1121850 1581.7
1121860 1581.7
1121870 1582.5
1121880 1584.1
1121890 1587.2
1121900 1588.8
1121910 1590.6
1121920 1590.6
1121930 1592.1
1121940 1593.1
1121950 1593.1
1121960 1593.9
1121970 1594.0
1121980 1594.0
1121990 1593.5
1122000 1592.0
1122010 1592.0
1122020 1590.2
1122030 1589.2
1122040 1589.2
1122050 1587.0
1122060 1585.2
1122070 1583.4
1122080 1583.4
1122090 1582.0
1122100 1581.9
1122110 1581.9
1122120 1582.1
1122130 1581.3
1122140 1581.3
1122150 1579.1
1122160 1577.3
1122170 1577.3
1122180 1581.2
1122190 1585.3
1122200 1585.3
1122210 1588.3
1122220 1590.8
1122230 1590.8
1122240 1595.8
1122250 1591.1
1122260 1591.1
1122270 1587.9
1122280 1587.1
1122290 1587.1
1122300 1587.3
1122310 1587.4
1122320 1587.7
1122330 1587.7
1122340 1588.0
1122350 1587.8
1122360 1587.8
1122370 1586.8
1122380 1584.9
1122390 1584.9
1122400 1579.4
1122410 1572.9
1122420 1572.9
1122430 1569.4
1122440 1568.4
1122450 1568.4
1122460 1568.3
1122470 1567.1
1122480 1567.1
1122490 1567.9
1122500 1567.8
1122510 1567.8
1122520 1568.5
1122530 1569.4
1122540 1569.4
1122550 1569.3
1122560 1568.1
1122570 1568.3
1122580 1568.3
1122590 1570.3
1122600 1574.4
1122610 1574.4
1122620 1575.4
1122630 1574.0
1122640 1574.0
1122650 1573.0
1122660 1572.3
1122670 1572.3
1122680 1569.8
1122690 1567.1
1122700 1567.1
1122710 1566.6
1122720 1564.8
1122730 1564.8
1122740 1564.6
1122750 1565.5
1122760 1565.5
1122770 1568.2
1122780 1567.6
1122790 1567.6
1122800 1566.8
1122810 1564.9
1122820 1563.0
1122830 1563.0
1122840 1560.9
1122850 1559.6
1122860 1559.6
1122870 1558.8
1122880 1558.3
1122890 1558.3
1122900 1558.0
1122910 1557.0
1122920 1557.0
1122930 1556.3
1122940 1555.9
1122950 1558.4
1122960 1558.6
1122970 1559.6
1122980 1559.6
1122990 1560.8
1123000 1562.4
1123010 1562.4
1123020 1562.4
1123030 1562.1
1123040 1562.1
1123050 1561.8
1123060 1560.6
1123070 1559.7
1123080 1559.7
1123090 1555.6
1123100 1552.3
1123110 1552.3
1123120 1550.4
1123130 1548.6
1123140 1548.6
1123150 1549.5
1123160 1549.4
1123170 1549.4
1123180 1552.1
1123190 1551.3
1123200 1551.3
1123210 1550.2
1123220 1548.4
1123230 1548.4
1123240 1547.2
1123250 1546.8
1123260 1546.8
1123270 1545.8
1123280 1545.5
1123290 1545.5
1123300 1548.3
1123310 1546.4
1123320 1545.1
1123330 1545.1
1123340 1544.5
1123350 1543.5
1123360 1543.5
1123370 1543.6
1123380 1543.3
1123390 1543.3
1123400 1542.3
1123410 1542.2
1123420 1542.2
1123430 1542.7
1123440 1542.6
1123450 1542.6
1123460 1542.5
1123470 1543.3
1123480 1543.3
1123490 1542.4
1123500 1540.5
1123510 1540.5
1123520 1539.6
1123530 1538.7
1123540 1538.7
1123550 1537.7
1123560 1537.0
1123570 1536.9
1123580 1536.9
1123590 1536.7
1123600 1537.2
1123610 1537.2
1123620 1538.6
1123630 1539.0
1123640 1539.0
1123650 1543.0
1123660 1544.5
1123670 1544.5
1123680 1544.2
1123690 1544.0
1123700 1544.0
1123710 1544.7
1123720 1544.5
1123730 1544.5
1123740 1542.9
1123750 1541.2
1123760 1541.2
1123770 1541.8
1123780 1541.1
1123790 1541.1
1123800 1538.0
1123810 1534.9
1123820 1532.9
1123830 1532.9
1123840 1531.9
1123850 1530.5
1123860 1530.5
1123870 1528.5
1123880 1527.1
1123890 1527.1
1123900 1526.3
1123910 1525.6
1123920 1525.6
1123930 1525.7
1123940 1525.7
1123950 1525.7
1123960 1524.9
1123970 1523.4
1123980 1523.4
1123990 1522.0
1124000 1525.1
1124010 1525.1
1124020 1524.3
1124030 1523.0
1124040 1523.0
1124050 1519.1
1124060 1515.7
1124070 1517.3
1124080 1517.3
1124090 1519.1
1124100 1521.2
1124110 1521.2
1124120 1521.2
1124130 1518.8
1124140 1518.8
1124150 1516.2
1124160 1519.7
1124170 1519.7
1124180 1521.1
1124190 1520.9
1124200 1520.9
1124210 1519.9
1124220 1518.1
1124230 1518.1
1124240 1516.7
1124250 1514.3
1124260 1514.3
1124270 1511.5
1124280 1509.0
1124290 1509.0
1124300 1508.3
1124310 1509.3
1124320 1509.3
1124330 1509.3
1124340 1508.7
1124350 1509.6
1124360 1515.5
1124370 1515.2
1124380 1514.1
1124390 1514.1
1124400 1513.7
1124410 1513.3
1124420 1513.3
1124430 1511.9
1124440 1511.5
1124450 1511.5
1124460 1511.7
1124470 1512.1
1124480 1512.1
1124490 1512.0
1124500 1512.2
1124510 1512.2
1124520 1512.1
1124530 1512.0
1124540 1512.0
1124550 1512.0
1124560 1512.0
1124570 1510.8
1124580 1510.8
1124590 1505.8
1124600 1503.1
1124610 1503.1
1124620 1499.9
1124630 1498.0
1124640 1498.0
1124650 1496.4
1124660 1497.1
1124670 1497.1
1124680 1496.9
1124690 1496.1
1124700 1496.1
1124710 1497.3
1124720 1495.3
1124730 1495.3
1124740 1494.1
1124750 1493.4
1124760 1493.4
1124770 1494.4
1124780 1494.1
1124790 1494.1
1124800 1494.4
1124810 1496.6
1124820 1497.6
1124830 1497.6
1124840 1497.0
1124850 1496.8
1124860 1496.8
1124870 1495.8
1124880 1495.3
1124890 1495.3
1124900 1494.4
1124910 1492.5
1124920 1492.5
1124930 1491.4
1124940 1491.3
1124950 1491.3
1124960 1491.3
1124970 1491.3
1124980 1491.3
1124990 1491.8
1125000 1491.7
1125010 1491.7
1125020 1492.2
1125030 1494.0
1125040 1494.0
1125050 1496.3
1125060 1504.1
1125070 1505.4
1125080 1505.4
1125090 1506.1
1125100 1506.5
1125110 1506.5
1125120 1506.6
1125130 1506.2
1125140 1506.2
1125150 1506.4
1125160 1506.8
1125170 1506.8
1125180 1507.7
1125190 1507.9
1125200 1507.9
1125210 1507.1
1125220 1507.1
1125230 1507.1
1125240 1507.5
1125250 1507.5
1125260 1507.5
1125270 1507.4
1125280 1507.5
1125290 1507.5
1125300 1507.8
1125310 1507.7
1125320 1507.5
1125330 1507.5
1125340 1508.0
1125350 1508.1
1125360 1508.1
1125370 1508.5
1125380 1508.4
1125390 1508.4
1125400 1507.0
1125410 1508.2
1125420 1510.5
1125430 1511.9
1125440 1513.2
1125450 1513.2
1125460 1515.5
1125470 1517.6
1125480 1517.6
1125490 1515.3
1125500 1514.6
1125510 1514.6
1125520 1515.1
1125530 1515.6
1125540 1515.6
1125550 1516.7
1125560 1516.6
1125570 1516.6
1125580 1517.4
1125590 1519.9
1125600 1524.2
1125610 1524.2
1125620 1522.9
1125630 1521.5
1125640 1521.5
1125650 1523.4
1125660 1526.3
1125670 1526.3
1125680 1528.2
1125690 1528.8
1125700 1528.8
1125710 1525.8
1125720 1515.5
1125730 1515.5
1125740 1509.7
1125750 1508.1
1125760 1508.1
1125770 1509.7
1125780 1512.3
1125790 1512.3
1125800 1521.0
1125810 1530.4
1125820 1530.4
1125830 1538.9
1125840 1545.5
1125850 1548.9
1125860 1548.9
1125870 1551.5
1125880 1553.9
1125890 1553.9
1125900 1556.0
1125910 1557.1
1125920 1557.1
1125930 1558.1
1125940 1559.4
1125950 1559.4
1125960 1561.0
1125970 1563.0
1125980 1563.0
1125990 1565.2
1126000 1567.5
1126010 1567.5
1126020 1570.3
1126030 1573.1
1126040 1573.1
1126050 1576.0
1126060 1578.7
1126070 1578.7
1126080 1582.3
1126090 1585.8
1126100 1588.8
1126110 1588.8
1126120 1602.3
1126130 1608.4
1126140 1608.4
1126150 1611.5
1126160 1612.2
1126170 1612.2
1126180 1613.0
1126190 1616.1
1126200 1616.1
1126210 1617.3
1126220 1617.7
1126230 1617.7
1126240 1618.6
1126250 1619.4
1126260 1619.4
1126270 1619.0
1126280 1618.8
1126290 1618.8
1126300 1618.5
1126310 1618.2
1126320 1618.2
1126330 1617.8
1126340 1617.7
1126350 1617.4
1126360 1617.4
1126370 1617.3
1126380 1617.2
1126390 1617.2
1126400 1617.3
1126410 1617.9
1126420 1617.9
1126430 1617.8
1126440 1618.5
1126450 1618.5
1126460 1619.4
1126470 1620.3
1126480 1624.3
1126490 1625.3
1126500 1626.3
1126510 1626.3
1126520 1627.8
1126530 1630.1
1126540 1630.1
1126550 1631.7
1126560 1633.4
1126570 1633.4
1126580 1635.7
1126590 1638.0
1126600 1640.0
1126610 1640.0
1126620 1641.3
1126630 1642.8
1126640 1642.8
1126650 1643.0
1126660 1641.6
1126670 1641.6
1126680 1640.1
1126690 1637.9
1126700 1637.9
1126710 1637.2
1126720 1637.3
1126730 1637.3
1126740 1636.7
1126750 1636.2
1126760 1636.2
1126770 1637.8
1126780 1638.1
1126790 1638.1
1126800 1639.4
1126810 1640.7
1126820 1640.7
1126830 1644.1
1126840 1644.6
1126850 1644.4
1126860 1644.4
1126870 1643.1
1126880 1643.2
1126890 1643.2
1126900 1643.6
1126910 1643.9
1126920 1643.9
1126930 1644.5
1126940 1645.6
1126950 1645.6
1126960 1645.7
1126970 1646.6
1126980 1646.6
1126990 1648.3
1127000 1648.9
1127010 1648.9
1127020 1649.6
1127030 1650.4
1127040 1650.4
1127050 1651.9
1127060 1653.4
1127070 1653.4
1127080 1654.2
1127090 1654.6
1127100 1654.8
1127110 1654.8
1127120 1654.6
1127130 1654.5
1127140 1654.5
1127150 1654.4
1127160 1654.8
1127170 1654.8
1127180 1655.8
1127190 1660.4
1127200 1660.4
1127210 1661.8
1127220 1663.5
1127230 1663.5
1127240 1665.1
1127250 1667.5
1127260 1667.5
1127270 1669.6
1127280 1670.6
1127290 1670.6
1127300 1671.5
1127310 1671.9
1127320 1671.9
1127330 1671.9
1127340 1673.9
1127350 1674.6
1127360 1674.6
1127370 1675.0
1127380 1677.0
1127390 1677.0
1127400 1678.7
1127410 1680.2
1127420 1680.2
1127430 1681.4
1127440 1681.6
1127450 1681.6
1127460 1681.2
1127470 1683.0
1127480 1683.0
1127490 1685.1
1127500 1685.6
1127510 1685.6
1127520 1685.3
1127530 1685.9
1127540 1685.9
1127550 1693.0
1127560 1695.1
1127570 1695.1
1127580 1697.2
1127590 1699.3
1127600 1700.8
1127610 1700.8
1127620 1702.0
1127630 1703.1
1127640 1703.1
1127650 1704.8
1127660 1706.6
1127670 1706.6
1127680 1707.2
1127690 1709.9
1127700 1709.9
1127710 1713.3
1127720 1714.6
1127730 1714.6
1127740 1714.9
1127750 1715.2
1127760 1715.2
1127770 1715.3
1127780 1714.8
1127790 1714.8
1127800 1714.0
1127810 1712.8
1127820 1712.8
1127830 1712.2
1127840 1710.4
1127850 1709.8
1127860 1709.8
1127870 1709.0
1127880 1708.5
1127890 1708.5
1127900 1713.1
1127910 1712.6
1127920 1712.6
1127930 1710.6
1127940 1708.8
1127950 1708.8
1127960 1709.0
1127970 1707.2
1127980 1707.2
1127990 1707.0
1128000 1704.9
1128010 1704.9
1128020 1703.3
1128030 1703.3
1128040 1703.3
1128050 1701.8
1128060 1700.0
1128070 1700.0
1128080 1695.5
1128090 1694.8
1128100 1695.0
1128110 1695.0
1128120 1689.6
1128130 1684.2
1128140 1684.2
1128150 1679.1
1128160 1674.4
1128170 1674.4
1128180 1678.4
1128190 1678.0
1128200 1678.0
1128210 1671.9
1128220 1665.5
1128230 1665.5
1128240 1659.6
1128250 1654.4
1128260 1659.1
1128270 1658.5
1128280 1661.3
1128290 1661.3
1128300 1665.0
1128310 1669.7
1128320 1669.7
1128330 1672.1
1128340 1675.1
1128350 1680.0
1128360 1680.0
1128370 1684.4
1128380 1682.6
1128390 1682.6
1128400 1679.5
1128410 1676.1
1128420 1676.1
1128430 1671.5
1128440 1665.7
1128450 1665.7
1128460 1659.9
1128470 1654.6
1128480 1654.6
1128490 1650.0
1128500 1645.7
1128510 1645.7
1128520 1640.3
1128530 1634.7
1128540 1634.7
1128550 1629.2
1128560 1623.7
1128570 1623.7
1128580 1618.6
1128590 1614.4
1128600 1609.6
1128610 1609.6
1128620 1603.0
1128630 1600.1
1128640 1600.1
1128650 1598.5
1128660 1596.8
1128670 1596.8
1128680 1595.2
1128690 1593.7
1128700 1593.7
1128710 1592.0
1128720 1588.9
1128730 1588.9
1128740 1583.4
1128750 1579.0
1128760 1579.0
1128770 1577.1
1128780 1575.7
1128790 1575.7
1128800 1573.0
1128810 1571.7
1128820 1571.7
1128830 1570.6
1128840 1569.2
1128850 1567.7
1128860 1567.7
1128870 1565.5
1128880 1563.4
1128890 1563.4
1128900 1561.6
1128910 1559.4
1128920 1559.4
1128930 1557.1
1128940 1554.0
1128950 1554.0
1128960 1550.5
1128970 1539.7
1128980 1539.7
1128990 1535.0
1129000 1525.7
1129010 1525.7
1129020 1517.4
1129030 1513.3
1129040 1513.3
1129050 1513.5
1129060 1518.2
1129070 1518.2
1129080 1521.0
1129090 1524.4
1129100 1529.4
1129110 1529.4
1129120 1533.6
1129130 1535.7
1129140 1535.7
1129150 1539.6
1129160 1544.7
1129170 1544.7
1129180 1552.2
1129190 1558.3
1129200 1558.3
1129210 1562.2
1129220 1565.4
1129230 1565.4
1129240 1568.3
1129250 1571.2
1129260 1571.2
1129270 1574.0
1129280 1576.6
1129290 1576.6
1129300 1579.1
1129310 1582.2
1129320 1582.2
1129330 1583.5
1129340 1586.7
1129350 1590.0
1129360 1590.0
1129370 1593.3
1129380 1596.9
1129390 1596.9
1129400 1600.5
1129410 1604.2
1129420 1604.2
1129430 1607.4
1129440 1610.4
1129450 1610.4
1129460 1613.8
1129470 1617.1
1129480 1617.1
1129490 1620.6
1129500 1624.4
1129510 1624.4
1129520 1628.9
1129530 1633.3
1129540 1633.3
1129550 1637.4
1129560 1641.2
1129570 1641.2
1129580 1646.1
1129590 1651.7
1129600 1658.9
1129610 1658.9
1129620 1667.4
1129630 1675.4
1129640 1675.4
1129650 1685.8
1129660 1696.8
1129670 1696.8
1129680 1708.4
1129690 1713.8
1129700 1713.8
1129710 1722.5
1129720 1733.6
1129730 1733.6
1129740 1741.7
1129750 1749.2
1129760 1749.2
1129770 1758.0
1129780 1766.3
1129790 1766.3
1129800 1772.5
1129810 1778.4
1129820 1778.4
1129830 1784.4
1129840 1790.6
1129850 1790.6
1129860 1797.4
1129870 1803.4
1129880 1810.1
1129890 1810.1
1129900 1817.3
1129910 1824.1
1129920 1824.1
1129930 1831.2
1129940 1839.0
1129950 1839.0
1129960 1846.1
1129970 1854.3
1129980 1854.3
1129990 1864.3
1130000 1871.5
1130010 1871.5
1130020 1879.1
1130030 1890.8
1130040 1890.8
1130050 1908.3
1130060 1917.0
1130070 1917.0
1130080 1920.9
1130090 1924.7
1130100 1924.7
1130110 1930.5
1130120 1937.6
1130130 1945.2
1130140 1945.2
1130150 1952.2
1130160 1957.4
1130170 1957.4
1130180 1958.2
1130190 1961.1
1130200 1961.1
1130210 1967.7
1130220 1976.8
1130230 1976.8
1130240 1986.8
1130250 1997.4
1130260 1997.4
1130270 2011.3
1130280 2022.4
1130290 2022.4
1130300 2032.7
1130310 2049.0
1130320 2049.0
1130330 2059.3
1130340 2065.2
1130350 2065.2
1130360 2071.3
1130370 2077.5
1130380 2085.0
1130390 2085.0
1130400 2093.1
1130410 2097.1
1130420 2097.1
1130430 2109.7
1130440 2119.6
1130450 2119.6
1130460 2125.3
1130470 2130.6
1130480 2130.6
1130490 2135.0
1130500 2137.4
1130510 2137.4
1130520 2138.5
1130530 2140.5
1130540 2140.5
1130550 2143.4
1130560 2144.1
1130570 2144.1
1130580 2146.0
1130590 2145.1
1130600 2145.1
1130610 2141.5
1130620 2140.4
1130630 2141.0
1130640 2141.0
1130650 2141.8
1130660 2144.2
1130670 2144.2
1130680 2147.2
1130690 2147.6
1130700 2147.6
1130710 2150.6
1130720 2153.6
1130730 2153.6
1130740 2153.0
1130750 2151.9
1130760 2151.9
1130770 2158.6
1130780 2160.1
1130790 2160.1
1130800 2161.0
1130810 2162.3
1130820 2162.3
1130830 2163.9
1130840 2165.9
1130850 2165.9
1130860 2168.4
1130870 2172.8
1130880 2175.2
1130890 2175.2
1130900 2175.0
1130910 2176.3
1130920 2176.3
1130930 2176.8
1130940 2178.9
1130950 2178.9
1130960 2180.5
1130970 2181.8
1130980 2181.8
1130990 2180.6
1131000 2179.5
1131010 2179.5
1131020 2177.5
1131030 2177.8
1131040 2177.8
1131050 2179.5
1131060 2181.6
1131070 2181.6
1131080 2185.4
1131090 2189.6
1131100 2189.6
1131110 2195.6
1131120 2198.8
1131130 2201.3
1131140 2201.3
1131150 2205.1
1131160 2207.9
1131170 2207.9
1131180 2211.2
1131190 2214.7
1131200 2214.7
1131210 2216.7
1131220 2220.2
1131230 2220.2
1131240 2223.0
1131250 2225.8
1131260 2225.8
1131270 2229.0
1131280 2228.5
1131290 2228.5
1131300 2228.4
1131310 2230.2
1131320 2230.2
1131330 2231.1
1131340 2233.8
1131350 2233.8
1131360 2237.6
1131370 2240.6
1131380 2243.4
1131390 2243.4
1131400 2246.6
1131410 2248.5
1131420 2248.5
1131430 2252.3
1131440 2254.0
1131450 2254.0
1131460 2252.9
1131470 2255.2
1131480 2255.2
1131490 2254.9
1131500 2255.8
1131510 2255.8
1131520 2256.9
1131530 2259.3
1131540 2259.3
1131550 2259.6
1131560 2262.3
1131570 2262.3
1131580 2264.7
1131590 2267.7
1131600 2267.7
1131610 2270.3
1131620 2271.7
1131630 2273.7
1131640 2273.7
1131650 2271.8
1131660 2270.8
1131670 2270.8
1131680 2273.6
1131690 2271.3
1131700 2271.3
1131710 2270.2
1131720 2269.3
1131730 2269.3
1131740 2267.9
1131750 2267.5
1131760 2267.5
1131770 2261.9
1131780 2258.9
1131790 2258.9
1131800 2261.6
1131810 2263.7
1131820 2263.7
1131830 2261.3
1131840 2256.7
1131850 2255.7
1131860 2253.2
1131870 2250.5
1131880 2250.1
1131890 2250.1
1131900 2250.3
1131910 2246.9
1131920 2246.9
1131930 2242.8
1131940 2245.0
1131950 2245.0
1131960 2248.9
1131970 2252.9
1131980 2252.9
1131990 2265.8
1132000 2271.5
1132010 2271.5
1132020 2269.4
1132030 2269.0
1132040 2269.0
1132050 2265.0
1132060 2259.6
1132070 2259.6
1132080 2253.8
1132090 2251.1
1132100 2251.1
1132110 2246.6
1132120 2243.2
1132130 2241.5
1132140 2241.5
1132150 2237.8
1132160 2232.0
1132170 2232.0
1132180 2227.1
1132190 2226.2
1132200 2226.2
1132210 2226.2
1132220 2226.2
1132230 2226.2
1132240 2226.2
1132250 2226.5
1132260 2226.5
1132270 2228.8
1132280 2229.5
1132290 2229.5
1132300 2229.1
1132310 2230.0
1132320 2230.0
1132330 2230.8
1132340 2232.9
1132350 2232.9
1132360 2237.9
1132370 2243.5
1132380 2248.3
1132390 2248.3
1132400 2251.9
1132410 2255.9
1132420 2255.9
1132430 2259.7
1132440 2262.6
1132450 2262.6
1132460 2264.8
1132470 2265.6
1132480 2265.6
1132490 2265.7
1132500 2265.8
1132510 2265.8
1132520 2266.5
1132530 2266.8
1132540 2266.8
1132550 2268.2
1132560 2271.4
1132570 2267.5
1132580 2271.1
1132590 2275.0
1132600 2275.0
1132610 2278.3
1132620 2281.1
1132630 2284.7
1132640 2284.7
1132650 2289.0
1132660 2292.6
1132670 2292.6
1132680 2294.8
1132690 2292.2
1132700 2292.2
1132710 2285.6
1132720 2281.4
1132730 2281.4
1132740 2279.2
1132750 2275.9
1132760 2275.9
1132770 2271.6
1132780 2268.2
1132790 2268.2
1132800 2265.3
1132810 2262.9
1132820 2262.9
1132830 2260.7
1132840 2257.4
1132850 2257.4
1132860 2253.7
1132870 2251.8
1132880 2248.4
1132890 2248.4
1132900 2244.7
1132910 2240.2
1132920 2240.2
1132930 2234.5
1132940 2227.3
1132950 2227.3
1132960 2221.4
1132970 2219.0
1132980 2219.0
1132990 2214.8
1133000 2208.0
1133010 2208.0
1133020 2204.7
1133030 2201.9
1133040 2201.9
1133050 2205.0
1133060 2203.5
1133070 2203.5
1133080 2201.1
1133090 2199.8
1133100 2199.8
1133110 2196.0
1133120 2189.4
1133130 2182.8
1133140 2182.8
1133150 2177.3
1133160 2172.2
1133170 2172.2
1133180 2171.0
1133190 2166.6
1133200 2166.6
1133210 2162.7
1133220 2165.6
1133230 2165.6
1133240 2165.8
1133250 2164.4
1133260 2164.4
1133270 2163.1
1133280 2162.8
1133290 2169.9
1133300 2170.9
1133310 2172.0
1133320 2172.0
1133330 2175.1
1133340 2177.7
1133350 2177.7
1133360 2179.3
1133370 2181.8
1133380 2184.3
1133390 2184.3
1133400 2185.6
1133410 2185.4
1133420 2185.4
1133430 2183.8
1133440 2181.6
1133450 2181.6
1133460 2181.0
1133470 2182.3
1133480 2182.3
1133490 2184.1
1133500 2184.7
1133510 2184.7
1133520 2184.5
1133530 2184.1
1133540 2184.1
1133550 2182.9
1133560 2182.5
1133570 2182.5
1133580 2182.4
1133590 2182.4
1133600 2182.4
1133610 2182.3
1133620 2182.3
1133630 2182.2
1133640 2182.2
1133650 2184.3
1133660 2185.3
1133670 2185.3
1133680 2185.7
1133690 2185.3
1133700 2185.3
1133710 2185.3
1133720 2186.4
1133730 2186.4
1133740 2188.1
1133750 2190.5
1133760 2190.5
1133770 2193.0
1133780 2195.4
1133790 2195.4
1133800 2197.1
1133810 2197.1
1133820 2197.1
1133830 2197.3
1133840 2199.2
1133850 2199.2
1133860 2200.7
1133870 2201.6
1133880 2203.2
1133890 2203.2
1133900 2204.7
1133910 2205.9
1133920 2205.9
1133930 2207.0
1133940 2207.6
1133950 2207.6
1133960 2207.7
1133970 2207.7
1133980 2207.7
1133990 2207.8
1134000 2208.5
1134010 2209.3
1134020 2209.8
1134030 2209.6
1134040 2209.6
1134050 2208.6
1134060 2207.0
1134070 2207.0
1134080 2205.8
1134090 2205.3
1134100 2205.3
1134110 2204.5
1134120 2203.8
1134130 2204.5
1134140 2204.5
1134150 2204.9
1134160 2205.1
1134170 2205.1
1134180 2205.7
1134190 2205.9
1134200 2205.9
1134210 2206.4
1134220 2206.1
1134230 2206.1
1134240 2205.9
1134250 2205.7
1134260 2205.7
1134270 2205.8
1134280 2205.9
1134290 2205.9
1134300 2206.2
1134310 2206.5
1134320 2206.5
1134330 2207.0
1134340 2207.7
1134350 2207.7
1134360 2208.9
1134370 2210.2
1134380 2209.2
1134390 2209.2
1134400 2211.3
1134410 2213.2
1134420 2213.2
1134430 2215.0
1134440 2218.4
1134450 2218.4
1134460 2221.0
1134470 2222.9
1134480 2222.9
1134490 2223.8
1134500 2224.2
1134510 2224.2
1134520 2224.0
1134530 2223.4
1134540 2223.4
1134550 2222.2
1134560 2221.6
1134570 2221.6
1134580 2221.5
1134590 2221.8
1134600 2221.8
1134610 2223.4
1134620 2225.0
1134630 2225.0
1134640 2226.7
1134650 2228.3
1134660 2229.0
1134670 2229.0
1134680 2228.8
1134690 2228.3
1134700 2228.3
1134710 2229.4
1134720 2229.7
1134730 2229.7
1134740 2231.7
1134750 2234.0
1134760 2234.0
1134770 2238.0
1134780 2241.2
1134790 2241.2
1134800 2243.1
1134810 2244.9
1134820 2244.9
1134830 2246.7
1134840 2249.3
1134850 2249.3
1134860 2252.1
1134870 2254.6
1134880 2254.6
1134890 2256.9
1134900 2258.1
1134910 2258.0
1134920 2258.0
1134930 2259.1
1134940 2261.6
1134950 2261.6
1134960 2263.8
1134970 2266.7
1134980 2266.7
1134990 2270.9
1135000 2274.9
1135010 2274.9
1135020 2279.3
1135030 2283.1
1135040 2283.1
1135050 2287.0
1135060 2292.0
1135070 2292.0
1135080 2297.0
1135090 2301.2
1135100 2301.8
1135110 2305.8
1135120 2309.8
1135130 2309.8
1135140 2312.9
1135150 2316.9
1135160 2320.2
1135170 2320.2
1135180 2322.8
1135190 2323.7
1135200 2323.7
1135210 2323.9
1135220 2324.9
1135230 2324.9
1135240 2328.1
1135250 2330.1
1135260 2330.1
1135270 2332.9
1135280 2336.0
1135290 2336.0
1135300 2338.0
1135310 2339.8
1135320 2339.8
1135330 2341.8
1135340 2344.5
1135350 2344.5
1135360 2347.8
1135370 2351.4
1135380 2351.4
1135390 2354.9
1135400 2358.9
1135410 2364.9
1135420 2364.9
1135430 2371.7
1135440 2376.7
1135450 2376.7
1135460 2380.3
1135470 2390.9
1135480 2390.9
1135490 2397.2
1135500 2403.6
1135510 2403.6
1135520 2409.9
1135530 2418.4
1135540 2418.4
1135550 2426.6
1135560 2428.4
1135570 2428.4
1135580 2421.2
1135590 2414.6
1135600 2414.6
1135610 2409.2
1135620 2403.8
1135630 2403.8
1135640 2399.0
1135650 2393.9
1135660 2388.8
1135670 2388.8
1135680 2386.2
1135690 2382.7
1135700 2382.7
1135710 2380.6
1135720 2377.5
1135730 2377.5
1135740 2369.7
1135750 2361.0
1135760 2361.0
1135770 2352.3
1135780 2346.5
1135790 2346.5
1135800 2341.2
1135810 2332.9
1135820 2332.9
1135830 2334.6
1135840 2332.5
1135850 2332.5
1135860 2331.1
1135870 2329.9
1135880 2329.9
1135890 2329.8
1135900 2323.0
1135910 2310.5
1135920 2310.5
1135930 2301.9
1135940 2299.1
1135950 2299.1
1135960 2298.2
1135970 2297.6
1135980 2297.6
1135990 2295.6
1136000 2295.5
1136010 2295.5
1136020 2295.3
1136030 2287.3
1136040 2287.3
1136050 2275.5
1136060 2263.3
1136070 2263.3
1136080 2252.9
1136090 2256.3
1136100 2256.3
1136110 2266.7
1136120 2277.7
1136130 2277.7
1136140 2288.3
1136150 2297.5
1136160 2299.1
1136170 2299.1
1136180 2300.8
1136190 2310.7
1136200 2323.7
1136210 2326.5
1136220 2330.4
1136230 2330.4
1136240 2325.7
1136250 2324.7
1136260 2324.7
1136270 2323.2
1136280 2331.4
1136290 2331.4
1136300 2338.5
1136310 2339.4
1136320 2339.4
1136330 2345.3
1136340 2349.1
1136350 2349.1
1136360 2349.2
1136370 2349.1
1136380 2349.1
1136390 2347.7
1136400 2349.4
1136410 2358.5
1136420 2358.5
1136430 2368.0
1136440 2372.7
1136450 2372.7
1136460 2376.0
1136470 2379.4
1136480 2379.4
1136490 2382.1
1136500 2380.4
1136510 2380.4
1136520 2374.4
1136530 2366.4
1136540 2366.4
1136550 2355.3
1136560 2344.0
1136570 2344.0
1136580 2337.4
1136590 2331.4
1136600 2331.4
1136610 2325.8
1136620 2318.1
1136630 2318.1
1136640 2312.2
1136650 2305.7
1136660 2297.7
1136670 2297.7
1136680 2289.6
1136690 2282.0
1136700 2282.0
1136710 2275.0
1136720 2268.3
1136730 2268.3
1136740 2260.7
1136750 2252.6
1136760 2252.6
1136770 2245.3
1136780 2241.8
1136790 2241.8
1136800 2237.7
1136810 2229.8
1136820 2229.8
1136830 2222.5
1136840 2216.0
1136850 2216.0
1136860 2209.5
1136870 2203.4
1136880 2203.4
1136890 2198.6
1136900 2192.6
1136910 2187.8
1136920 2187.8
1136930 2185.6
1136940 2180.4
1136950 2180.4
1136960 2175.4
1136970 2170.1
1136980 2170.1
1136990 2164.4
1137000 2158.7
1137010 2158.7
1137020 2155.5
1137030 2153.7
1137040 2153.7
1137050 2149.1
1137060 2140.7
1137070 2140.7
1137080 2133.8
1137090 2122.1
1137100 2122.1
1137110 2112.3
1137120 2112.3
1137130 2112.3
1137140 2114.3
1137150 2114.7
1137160 2117.5
1137170 2117.5
1137180 2116.4
1137190 2114.0
1137200 2114.0
1137210 2110.0
1137220 2108.0
1137230 2108.0
1137240 2109.2
1137250 2109.9
1137260 2109.9
1137270 2107.7
1137280 2101.7
1137290 2100.5
1137300 2096.3
1137310 2097.9
1137320 2097.9
1137330 2099.8
1137340 2099.6
1137350 2099.6
1137360 2099.0
1137370 2097.5
1137380 2097.5
1137390 2096.0
1137400 2095.7
1137410 2095.8
1137420 2095.8
1137430 2095.3
1137440 2094.3
1137450 2094.3
1137460 2093.7
1137470 2093.5
1137480 2093.5
1137490 2093.2
1137500 2092.3
1137510 2092.3
1137520 2091.2
1137530 2089.8
1137540 2089.8
1137550 2087.9
1137560 2086.5
1137570 2086.5
1137580 2085.5
1137590 2083.0
1137600 2083.0
1137610 2079.6
1137620 2079.5
1137630 2079.5
1137640 2080.5
1137650 2080.6
1137660 2075.5
1137670 2075.5
1137680 2073.8
1137690 2070.7
1137700 2070.7
1137710 2067.1
1137720 2063.1
1137730 2063.1
1137740 2058.7
1137750 2055.7
1137760 2055.7
1137770 2055.1
1137780 2053.3
1137790 2053.3
1137800 2050.8
1137810 2047.8
1137820 2047.8
1137830 2042.2
1137840 2036.1
1137850 2036.1
1137860 2031.0
1137870 2026.8
1137880 2026.8
1137890 2023.7
1137900 2022.7
1137910 2021.9
1137920 2021.9
1137930 2020.1
1137940 2017.9
1137950 2017.9
1137960 2015.8
1137970 2012.4
1137980 2012.4
1137990 2010.7
1138000 2010.8
1138010 2010.8
1138020 2009.4
1138030 2005.6
1138040 2005.6
1138050 2003.8
1138060 2001.4
1138070 2001.4
1138080 1998.5
1138090 1993.6
1138100 1993.6
1138110 1987.3
1138120 1982.6
1138130 1982.6
1138140 1979.7
1138150 1976.4
1138160 1971.8
1138170 1971.8
1138180 1966.4
1138190 1963.3
1138200 1963.3
1138210 1958.5
1138220 1955.2
1138230 1955.2
1138240 1952.9
1138250 1949.3
1138260 1949.3
1138270 1944.4
1138280 1939.7
1138290 1939.7
1138300 1934.7
1138310 1927.7
1138320 1927.7
1138330 1920.4
1138340 1914.1
1138350 1914.1
1138360 1909.4
1138370 1905.7
1138380 1905.7
1138390 1904.7
1138400 1898.5
1138410 1892.9
1138420 1892.9
1138430 1888.4
1138440 1881.3
1138450 1881.3
1138460 1878.7
1138470 1878.4
1138480 1878.4
1138490 1877.8
1138500 1875.6
1138510 1875.6
1138520 1871.5
1138530 1866.3
1138540 1866.3
1138550 1861.5
1138560 1857.1
1138570 1857.1
1138580 1851.7
1138590 1845.6
1138600 1845.6
1138610 1838.6
1138620 1830.5
1138630 1830.5
1138640 1823.5
1138650 1815.3
1138660 1815.0
1138670 1815.0
1138680 1817.7
1138690 1819.5
1138700 1819.5
1138710 1817.5
1138720 1814.0
1138730 1814.0
1138740 1810.4
1138750 1807.5
1138760 1802.9
1138770 1799.8
1138780 1796.3
1138790 1796.3
1138800 1794.2
1138810 1791.0
1138820 1791.0
1138830 1787.7
1138840 1786.3
1138850 1786.3
1138860 1784.4
1138870 1782.5
1138880 1782.5
1138890 1780.6
1138900 1778.8
1138910 1776.8
1138920 1776.8
1138930 1774.4
1138940 1770.9
1138950 1770.9
1138960 1766.8
1138970 1764.2
1138980 1764.2
1138990 1760.9
1139000 1756.6
1139010 1756.6
1139020 1752.0
1139030 1747.6
1139040 1747.6
1139050 1742.7
1139060 1737.3
1139070 1737.3
1139080 1733.8
1139090 1734.0
1139100 1734.0
1139110 1736.7
1139120 1740.5
1139130 1747.2
1139140 1750.5
1139150 1753.9
1139160 1757.2
1139170 1757.2
1139180 1761.8
1139190 1766.8
1139200 1766.8
1139210 1771.4
1139220 1776.1
1139230 1776.1
1139240 1782.7
1139250 1787.0
1139260 1787.0
1139270 1791.3
1139280 1794.3
1139290 1794.3
1139300 1796.0
1139310 1796.0
1139320 1796.0
1139330 1798.2
1139340 1802.2
1139350 1802.2
1139360 1805.9
1139370 1810.1
1139380 1810.1
1139390 1815.6
1139400 1820.6
1139410 1825.1
1139420 1825.1
1139430 1830.7
1139440 1836.3
1139450 1836.3
1139460 1843.0
1139470 1851.5
1139480 1851.5
1139490 1861.6
1139500 1873.4
1139510 1873.4
1139520 1885.9
1139530 1896.7
1139540 1896.7
1139550 1906.2
1139560 1913.3
1139570 1913.3
1139580 1919.8
1139590 1927.6
1139600 1927.6
1139610 1937.3
1139620 1948.0
1139630 1948.0
1139640 1955.0
1139650 1963.3
1139660 1962.5
1139670 1962.5
1139680 1961.0
1139690 1970.2
1139700 1970.2
1139710 1979.9
1139720 1982.3
1139730 1982.3
1139740 1988.3
1139750 1996.6
1139760 1996.6
1139770 2004.5
1139780 2010.9
1139790 2010.9
1139800 2017.9
1139810 2026.9
1139820 2026.9
1139830 2036.7
1139840 2046.3
1139850 2046.3
1139860 2052.3
1139870 2058.1
1139880 2058.1
1139890 2063.3
1139900 2068.4
1139910 2073.3
1139920 2073.3
1139930 2078.3
1139940 2082.9
1139950 2082.9
1139960 2087.6
1139970 2093.2
1139980 2093.2
1139990 2099.3
