1120000 1563.7
1120010 1563.7
1120020 1563.7
1120030 1563.4
1120040 1563.4
1120050 1563.2
1120060 1562.9
1120070 1562.9
1120080 1562.6
1120090 1562.2
1120100 1562.2
1120110 1562.0
1120120 1562.0
1120130 1561.7
1120140 1561.7
1120150 1560.6
1120160 1559.9
1120170 1559.9
1120180 1560.7
1120190 1561.5
1120200 1561.5
1120210 1561.7
1120220 1561.7
1120230 1561.7
1120240 1563.5
1120250 1563.4
1120260 1563.4
1120270 1562.9
1120280 1562.4
1120290 1562.4
1120300 1561.9
1120310 1560.3
1120320 1560.3
1120330 1559.1
1120340 1558.7
1120350 1558.7
1120360 1558.4
1120370 1557.2
1120380 1556.4
1120390 1556.4
1120400 1555.8
1120410 1554.9
1120420 1554.9
1120430 1554.5
1120440 1554.2
1120450 1554.2
1120460 1554.4
1120470 1554.7
1120480 1554.7
1120490 1554.8
1120500 1554.9
1120510 1554.9
1120520 1554.7
1120530 1553.7
1120540 1553.7
1120550 1552.4
1120560 1554.1
1120570 1554.1
1120580 1558.3
1120590 1558.6
1120600 1560.6
1120610 1562.4
1120620 1563.0
1120630 1565.2
1120640 1565.2
1120650 1567.7
1120660 1569.3
1120670 1569.3
1120680 1570.7
1120690 1572.2
1120700 1572.2
1120710 1573.5
1120720 1574.6
1120730 1574.6
1120740 1575.2
1120750 1576.2
1120760 1576.2
1120770 1577.6
1120780 1579.0
1120790 1579.0
1120800 1580.0
1120810 1581.6
1120820 1581.6
1120830 1583.1
1120840 1584.5
1120850 1584.5
1120860 1585.4
1120870 1587.3
1120880 1590.0
1120890 1590.0
1120900 1591.4
1120910 1592.0
1120920 1592.0
1120930 1593.3
1120940 1594.0
1120950 1596.8
1120960 1597.1
1120970 1597.4
1120980 1597.4
1120990 1597.7
1121000 1597.8
1121010 1597.8
1121020 1596.9
1121030 1596.2
1121040 1596.2
1121050 1595.3
1121060 1595.8
1121070 1595.8
1121080 1597.3
1121090 1598.7
1121100 1598.7
1121110 1598.7
1121120 1598.9
1121130 1599.3
1121140 1599.3
1121150 1599.5
1121160 1599.6
1121170 1599.6
1121180 1600.4
1121190 1600.8
1121200 1600.8
1121210 1600.6
1121220 1601.2
1121230 1601.2
1121240 1600.8
1121250 1600.7
1121260 1600.7
1121270 1600.0
1121280 1599.9
1121290 1599.9
1121300 1602.4
1121310 1601.5
1121320 1601.5
1121330 1601.0
1121340 1604.8
1121350 1604.8
1121360 1606.8
1121370 1607.9
1121380 1609.5
1121390 1609.5
1121400 1610.5
1121410 1612.3
1121420 1612.3
1121430 1611.8
1121440 1611.1
1121450 1611.1
1121460 1611.0
1121470 1608.3
1121480 1608.3
1121490 1607.7
1121500 1607.7
1121510 1607.7
1121520 1607.4
1121530 1608.2
1121540 1608.2
1121550 1608.1
1121560 1607.4
1121570 1607.4
1121580 1605.9
1121590 1603.8
1121600 1603.8
1121610 1601.6
1121620 1600.5
1121630 1599.6
1121640 1599.6
1121650 1599.9
1121660 1597.7
1121670 1597.7
1121680 1594.8
1121690 1593.1
1121700 1593.1
1121710 1593.2
1121720 1594.4
1121730 1594.4
1121740 1596.6
1121750 1600.0
1121760 1600.0
1121770 1599.2
1121780 1594.9
1121790 1594.9
1121800 1594.0
1121810 1595.3
1121820 1595.3
1121830 1598.0
1121840 1599.3
1121850 1599.3
1121860 1597.7
1121870 1597.2
1121880 1595.7
1121890 1595.7
1121900 1597.3
1121910 1596.9
1121920 1596.9
1121930 1598.5
1121940 1599.3
1121950 1599.3
1121960 1599.4
1121970 1598.2
1121980 1598.2
1121990 1597.5
1122000 1598.3
1122010 1598.3
1122020 1598.9
1122030 1598.3
1122040 1598.3
1122050 1596.0
1122060 1594.9
1122070 1594.9
1122080 1594.1
1122090 1594.0
1122100 1594.0
1122110 1593.6
1122120 1593.9
1122130 1593.5
1122140 1593.5
1122150 1593.1
1122160 1595.7
1122170 1595.7
1122180 1597.7
1122190 1600.9
1122200 1600.9
1122210 1603.9
1122220 1604.3
1122230 1604.3
1122240 1603.3
1122250 1601.7
1122260 1601.7
1122270 1602.0
1122280 1602.9
1122290 1602.9
1122300 1603.5
1122310 1605.7
1122320 1605.7
1122330 1604.8
1122340 1601.1
1122350 1606.2
1122360 1601.4
1122370 1596.5
1122380 1591.7
1122390 1591.7
1122400 1588.4
1122410 1585.9
1122420 1585.9
1122430 1585.5
1122440 1585.3
1122450 1585.3
1122460 1583.6
1122470 1580.2
1122480 1580.2
1122490 1576.6
1122500 1575.9
1122510 1575.9
1122520 1576.2
1122530 1577.7
1122540 1577.7
1122550 1578.8
1122560 1579.9
1122570 1579.9
1122580 1580.7
1122590 1581.2
1122600 1581.2
1122610 1580.9
1122620 1580.7
1122630 1580.7
1122640 1579.7
1122650 1579.3
1122660 1578.9
1122670 1578.9
1122680 1578.3
1122690 1578.0
1122700 1581.2
1122710 1579.4
1122720 1574.5
1122730 1574.5
1122740 1572.5
1122750 1572.7
1122760 1572.7
1122770 1577.6
1122780 1577.0
1122790 1577.0
1122800 1575.0
1122810 1572.8
1122820 1572.8
1122830 1571.0
1122840 1570.3
1122850 1570.3
1122860 1569.3
1122870 1568.6
1122880 1568.6
1122890 1567.8
1122900 1566.7
1122910 1566.4
1122920 1566.4
1122930 1565.2
1122940 1564.5
1122950 1564.5
1122960 1565.1
1122970 1565.8
1122980 1565.8
1122990 1566.8
1123000 1568.8
1123010 1568.8
1123020 1569.6
1123030 1569.3
1123040 1569.3
1123050 1571.8
1123060 1571.3
1123070 1571.3
1123080 1569.9
1123090 1566.8
1123100 1566.8
1123110 1558.6
1123120 1557.3
1123130 1557.3
1123140 1557.7
1123150 1557.0
1123160 1560.1
1123170 1560.1
1123180 1561.0
1123190 1559.3
1123200 1559.3
1123210 1558.0
1123220 1556.8
1123230 1556.8
1123240 1556.5
1123250 1557.1
1123260 1557.1
1123270 1556.9
1123280 1556.6
1123290 1556.6
1123300 1554.1
1123310 1552.8
1123320 1552.8
1123330 1551.2
1123340 1551.3
1123350 1551.3
1123360 1550.4
1123370 1549.7
1123380 1549.7
1123390 1549.1
1123400 1553.0
1123410 1553.3
1123420 1553.3
1123430 1554.2
1123440 1555.5
1123450 1555.5
1123460 1555.3
1123470 1553.6
1123480 1553.6
1123490 1553.5
1123500 1552.1
1123510 1552.1
1123520 1550.9
1123530 1550.6
1123540 1550.6
1123550 1549.9
1123560 1549.2
1123570 1549.2
1123580 1548.8
1123590 1547.5
1123600 1547.5
1123610 1546.4
1123620 1547.7
1123630 1547.7
1123640 1549.4
1123650 1549.7
1123660 1549.8
1123670 1549.8
1123680 1550.3
1123690 1551.1
1123700 1551.1
1123710 1551.8
1123720 1550.1
1123730 1550.1
1123740 1546.9
1123750 1550.8
1123760 1550.8
1123770 1550.2
1123780 1548.0
1123790 1548.0
1123800 1546.8
1123810 1546.6
1123820 1546.6
1123830 1545.4
1123840 1543.0
1123850 1543.0
1123860 1540.9
1123870 1540.1
1123880 1540.1
1123890 1540.4
1123900 1540.5
1123910 1540.2
1123920 1540.2
1123930 1540.7
1123940 1539.8
1123950 1539.8
1123960 1538.0
1123970 1537.1
1123980 1537.1
1123990 1535.7
1124000 1534.1
1124010 1534.1
1124020 1533.0
1124030 1532.0
1124040 1532.0
1124050 1526.5
1124060 1520.7
1124070 1520.7
1124080 1521.9
1124090 1524.5
1124100 1524.5
1124110 1529.3
1124120 1529.3
1124130 1529.3
1124140 1529.9
1124150 1527.5
1124160 1528.9
1124170 1528.9
1124180 1529.6
1124190 1527.6
1124200 1527.6
1124210 1527.4
1124220 1528.8
1124230 1528.8
1124240 1526.7
1124250 1524.2
1124260 1524.2
1124270 1523.5
1124280 1522.9
1124290 1522.9
1124300 1523.9
1124310 1526.6
1124320 1526.6
1124330 1527.4
1124340 1527.5
1124350 1527.5
1124360 1527.9
1124370 1527.7
1124380 1527.7
1124390 1526.6
1124400 1525.2
1124410 1524.6
1124420 1524.6
1124430 1523.6
1124440 1524.5
1124450 1524.5
1124460 1531.2
1124470 1531.5
1124480 1531.5
1124490 1531.0
1124500 1531.2
1124510 1531.2
1124520 1530.5
1124530 1529.0
1124540 1529.0
1124550 1527.5
1124560 1524.5
1124570 1524.5
1124580 1522.2
1124590 1520.3
1124600 1520.3
1124610 1519.2
1124620 1518.3
1124630 1518.3
1124640 1516.8
1124650 1515.4
1124660 1513.3
1124670 1513.3
1124680 1512.1
1124690 1512.1
1124700 1512.1
1124710 1509.0
1124720 1507.1
1124730 1507.1
1124740 1500.6
1124750 1496.6
1124760 1496.6
1124770 1495.0
1124780 1493.8
1124790 1493.8
1124800 1494.8
1124810 1504.9
1124820 1504.9
1124830 1501.7
1124840 1499.4
1124850 1499.4
1124860 1500.4
1124870 1503.1
1124880 1503.1
1124890 1504.1
1124900 1504.7
1124910 1503.3
1124920 1503.3
1124930 1502.6
1124940 1505.7
1124950 1505.7
1124960 1508.1
1124970 1506.9
1124980 1506.9
1124990 1509.5
1125000 1512.9
1125010 1512.9
1125020 1514.3
1125030 1514.4
1125040 1514.4
1125050 1515.1
1125060 1515.2
1125070 1515.2
1125080 1514.6
1125090 1513.8
1125100 1513.8
1125110 1513.1
1125120 1513.0
1125130 1513.0
1125140 1513.9
1125150 1515.1
1125160 1517.7
1125170 1517.7
1125180 1518.0
1125190 1518.9
1125200 1518.9
1125210 1519.0
1125220 1518.0
1125230 1518.0
1125240 1517.1
1125250 1517.2
1125260 1517.2
1125270 1516.7
1125280 1515.9
1125290 1515.9
1125300 1515.7
1125310 1516.2
1125320 1516.2
1125330 1516.6
1125340 1517.5
1125350 1517.5
1125360 1517.1
1125370 1516.8
1125380 1516.8
1125390 1516.6
1125400 1516.1
1125410 1516.3
1125420 1516.3
1125430 1518.3
1125440 1521.6
1125450 1521.6
1125460 1523.0
1125470 1523.2
1125480 1523.2
1125490 1522.3
1125500 1523.1
1125510 1523.1
1125520 1528.5
1125530 1527.5
1125540 1527.5
1125550 1529.8
1125560 1530.5
1125570 1530.5
1125580 1530.6
1125590 1529.6
1125600 1529.6
1125610 1532.3
1125620 1535.8
1125630 1535.8
1125640 1534.9
1125650 1535.9
1125660 1537.1
1125670 1537.1
1125680 1538.9
1125690 1539.1
1125700 1539.1
1125710 1535.7
1125720 1533.9
1125730 1533.9
1125740 1534.2
1125750 1529.2
1125760 1529.2
1125770 1513.4
1125780 1510.6
1125790 1510.6
1125800 1515.8
1125810 1526.7
1125820 1526.7
1125830 1537.4
1125840 1548.3
1125850 1548.3
1125860 1555.9
1125870 1560.4
1125880 1560.4
1125890 1561.8
1125900 1563.2
1125910 1564.7
1125920 1564.7
1125930 1567.1
1125940 1569.3
1125950 1569.3
1125960 1571.5
1125970 1574.5
1125980 1574.5
1125990 1577.8
1126000 1581.1
1126010 1581.1
1126020 1585.0
1126030 1589.0
1126040 1589.0
1126050 1593.8
1126060 1599.2
1126070 1599.2
1126080 1603.7
1126090 1606.7
1126100 1606.7
1126110 1608.1
1126120 1610.2
1126130 1610.2
1126140 1612.6
1126150 1614.6
1126160 1616.1
1126170 1616.1
1126180 1616.7
1126190 1618.1
1126200 1618.1
1126210 1619.2
1126220 1619.9
1126230 1619.7
1126240 1620.1
1126250 1620.1
1126260 1620.1
1126270 1620.0
1126280 1620.3
1126290 1620.3
1126300 1620.5
1126310 1620.8
1126320 1620.8
1126330 1621.5
1126340 1622.5
1126350 1622.5
1126360 1623.2
1126370 1624.0
1126380 1624.0
1126390 1624.9
1126400 1626.1
1126410 1626.1
1126420 1627.3
1126430 1628.7
1126440 1630.3
1126450 1630.3
1126460 1631.8
1126470 1633.6
1126480 1633.6
1126490 1635.2
1126500 1636.3
1126510 1636.3
1126520 1638.8
1126530 1641.6
1126540 1641.6
1126550 1645.0
1126560 1648.1
1126570 1648.1
1126580 1659.0
1126590 1661.0
1126600 1661.0
1126610 1662.1
1126620 1662.9
1126630 1662.9
1126640 1663.9
1126650 1666.2
1126660 1666.2
1126670 1665.5
1126680 1659.6
1126690 1654.5
1126700 1654.5
1126710 1651.5
1126720 1649.2
1126730 1649.2
1126740 1647.7
1126750 1646.2
1126760 1646.2
1126770 1646.6
1126780 1646.8
1126790 1646.8
1126800 1647.3
1126810 1649.2
1126820 1649.2
1126830 1650.6
1126840 1651.0
1126850 1651.0
1126860 1649.6
1126870 1649.0
1126880 1649.0
1126890 1649.0
1126900 1648.6
1126910 1648.6
1126920 1649.2
1126930 1650.7
1126940 1654.8
1126950 1654.8
1126960 1655.1
1126970 1653.7
1126980 1653.7
1126990 1653.5
1127000 1654.5
1127010 1654.5
1127020 1654.9
1127030 1655.4
1127040 1655.4
1127050 1656.6
1127060 1658.4
1127070 1658.4
1127080 1659.9
1127090 1660.9
1127100 1660.9
1127110 1661.3
1127120 1661.3
1127130 1661.3
1127140 1661.7
1127150 1663.5
1127160 1663.5
1127170 1665.5
1127180 1667.3
1127190 1668.9
1127200 1668.9
1127210 1669.6
1127220 1671.7
1127230 1671.7
1127240 1673.7
1127250 1675.9
1127260 1675.9
1127270 1678.0
1127280 1680.5
1127290 1685.4
1127300 1686.8
1127310 1686.6
1127320 1686.6
1127330 1687.7
1127340 1688.9
1127350 1688.9
1127360 1690.8
1127370 1691.2
1127380 1691.2
1127390 1693.6
1127400 1695.7
1127410 1695.7
1127420 1697.3
1127430 1698.5
1127440 1699.5
1127450 1699.5
1127460 1699.7
1127470 1700.8
1127480 1700.8
1127490 1701.9
1127500 1703.9
1127510 1703.9
1127520 1705.7
1127530 1707.1
1127540 1707.1
1127550 1706.7
1127560 1708.9
1127570 1708.9
1127580 1711.6
1127590 1714.2
1127600 1714.2
1127610 1716.6
1127620 1718.1
1127630 1718.1
1127640 1719.5
1127650 1727.9
1127660 1727.9
1127670 1729.6
1127680 1729.9
1127690 1729.4
1127700 1729.4
1127710 1729.7
1127720 1729.5
1127730 1729.5
1127740 1729.2
1127750 1729.2
1127760 1729.2
1127770 1728.8
1127780 1729.0
1127790 1729.0
1127800 1728.5
1127810 1728.1
1127820 1728.1
1127830 1727.9
1127840 1727.2
1127850 1727.2
1127860 1726.5
1127870 1725.7
1127880 1725.7
1127890 1725.3
1127900 1724.9
1127910 1724.9
1127920 1723.9
1127930 1722.5
1127940 1721.3
1127950 1721.3
1127960 1721.0
1127970 1718.9
1127980 1718.9
1127990 1719.6
1128000 1718.2
1128010 1724.2
1128020 1723.3
1128030 1721.0
1128040 1721.0
1128050 1719.1
1128060 1716.2
1128070 1716.2
1128080 1709.6
1128090 1710.2
1128100 1710.2
1128110 1709.7
1128120 1704.6
1128130 1704.6
1128140 1698.7
1128150 1692.8
1128160 1692.8
1128170 1690.4
1128180 1693.9
1128190 1690.8
1128200 1690.8
1128210 1684.3
1128220 1677.2
1128230 1677.2
1128240 1671.0
1128250 1666.8
1128260 1666.8
1128270 1666.7
1128280 1669.7
1128290 1669.7
1128300 1671.4
1128310 1675.8
1128320 1675.8
1128330 1680.0
1128340 1685.0
1128350 1685.0
1128360 1694.4
1128370 1692.7
1128380 1692.7
1128390 1689.4
1128400 1685.3
1128410 1685.3
1128420 1680.0
1128430 1672.9
1128440 1666.2
1128450 1666.2
1128460 1660.2
1128470 1654.6
1128480 1654.6
1128490 1649.4
1128500 1643.7
1128510 1643.7
1128520 1638.1
1128530 1631.8
1128540 1631.8
1128550 1626.2
1128560 1621.4
1128570 1621.4
1128580 1617.7
1128590 1615.0
1128600 1615.0
1128610 1613.2
1128620 1611.8
1128630 1611.8
1128640 1610.9
1128650 1607.4
1128660 1607.4
1128670 1602.8
1128680 1599.1
1128690 1595.8
1128700 1595.8
1128710 1591.8
1128720 1590.0
1128730 1590.0
1128740 1587.8
1128750 1585.8
1128760 1585.8
1128770 1583.7
1128780 1582.0
1128790 1582.0
1128800 1580.0
1128810 1578.0
1128820 1578.0
1128830 1575.7
1128840 1573.4
1128850 1573.4
1128860 1571.0
1128870 1568.4
1128880 1568.4
1128890 1565.7
1128900 1562.4
1128910 1562.4
1128920 1556.5
1128930 1549.8
1128940 1544.0
1128950 1544.0
1128960 1538.8
1128970 1533.1
1128980 1533.1
1128990 1525.9
1129000 1519.3
1129010 1519.3
1129020 1515.1
1129030 1513.6
1129040 1513.6
1129050 1514.2
1129060 1518.6
1129070 1518.6
1129080 1521.7
1129090 1523.3
1129100 1523.3
1129110 1529.2
1129120 1533.1
1129130 1533.1
1129140 1534.8
1129150 1537.6
1129160 1537.6
1129170 1540.4
1129180 1544.7
1129190 1551.4
1129200 1551.4
1129210 1558.3
1129220 1561.7
1129230 1561.7
1129240 1563.8
1129250 1566.1
1129260 1566.1
1129270 1568.6
1129280 1571.6
1129290 1571.6
1129300 1574.5
1129310 1577.1
1129320 1577.1
1129330 1580.3
1129340 1583.6
1129350 1583.6
1129360 1586.6
1129370 1590.0
1129380 1590.0
1129390 1592.9
1129400 1595.7
1129410 1595.7
1129420 1598.9
1129430 1599.2
1129440 1602.2
1129450 1602.2
1129460 1605.6
1129470 1608.0
1129480 1608.0
1129490 1611.3
1129500 1615.0
1129510 1615.0
1129520 1618.2
1129530 1621.4
1129540 1621.4
1129550 1625.3
1129560 1630.7
1129570 1630.7
1129580 1635.9
1129590 1641.7
1129600 1641.7
1129610 1648.6
1129620 1656.4
1129630 1656.4
1129640 1664.2
1129650 1672.1
1129660 1672.1
1129670 1679.3
1129680 1690.1
1129690 1698.1
1129700 1698.1
1129710 1705.1
1129720 1717.7
1129730 1717.7
1129740 1734.6
1129750 1743.9
1129760 1743.9
1129770 1752.7
1129780 1762.6
1129790 1759.4
1129800 1769.9
1129810 1778.3
1129820 1778.3
1129830 1787.3
1129840 1794.9
1129850 1794.9
1129860 1802.6
1129870 1809.3
1129880 1809.3
1129890 1815.1
1129900 1821.5
1129910 1821.5
1129920 1828.9
1129930 1835.8
1129940 1843.6
1129950 1843.6
1129960 1853.0
1129970 1862.1
1129980 1862.1
1129990 1869.6
1130000 1876.5
1130010 1876.5
1130020 1883.6
1130030 1892.9
1130040 1892.9
1130050 1900.0
1130060 1903.0
1130070 1903.0
1130080 1904.1
1130090 1910.2
1130100 1910.2
1130110 1918.7
1130120 1926.5
1130130 1926.5
1130140 1932.6
1130150 1927.3
1130160 1927.3
1130170 1932.9
1130180 1941.5
1130190 1950.7
1130200 1950.7
1130210 1959.3
1130220 1970.4
1130230 1970.4
1130240 1982.6
1130250 1994.4
1130260 1994.4
1130270 2001.3
1130280 2008.0
1130290 2008.0
1130300 2016.0
1130310 2026.6
1130320 2026.6
1130330 2038.0
1130340 2046.9
1130350 2046.9
1130360 2056.3
1130370 2063.5
1130380 2063.5
1130390 2071.4
1130400 2081.0
1130410 2081.0
1130420 2091.9
1130430 2101.4
1130440 2113.7
1130450 2113.7
1130460 2121.9
1130470 2124.9
1130480 2124.9
1130490 2129.9
1130500 2131.7
1130510 2130.3
1130520 2133.2
1130530 2136.2
1130540 2136.2
1130550 2138.6
1130560 2137.8
1130570 2137.8
1130580 2139.0
1130590 2139.0
1130600 2139.0
1130610 2139.5
1130620 2141.6
1130630 2141.6
1130640 2142.9
1130650 2141.0
1130660 2141.0
1130670 2140.8
1130680 2142.3
1130690 2144.2
1130700 2144.2
1130710 2147.6
1130720 2149.4
1130730 2149.4
1130740 2152.2
1130750 2156.1
1130760 2156.1
1130770 2160.1
1130780 2162.6
1130790 2162.6
1130800 2163.8
1130810 2163.4
1130820 2163.4
1130830 2164.7
1130840 2166.0
1130850 2166.0
1130860 2169.6
1130870 2177.6
1130880 2177.6
1130890 2180.5
1130900 2181.5
1130910 2181.5
1130920 2182.0
1130930 2181.6
1130940 2181.6
1130950 2180.8
1130960 2181.4
1130970 2183.1
1130980 2183.1
1130990 2183.8
1131000 2182.7
1131010 2182.7
1131020 2180.6
1131030 2182.2
1131040 2182.2
1131050 2185.5
1131060 2186.2
1131070 2186.2
1131080 2186.7
1131090 2188.8
1131100 2188.8
1131110 2192.8
1131120 2196.0
1131130 2196.0
1131140 2197.5
1131150 2201.6
1131160 2201.6
1131170 2203.1
1131180 2205.1
1131190 2205.1
1131200 2209.6
1131210 2211.9
1131220 2214.3
1131230 2211.5
1131240 2215.1
1131250 2217.5
1131260 2217.5
1131270 2220.7
1131280 2222.8
1131290 2222.8
1131300 2223.4
1131310 2224.0
1131320 2224.0
1131330 2225.3
1131340 2227.4
1131350 2227.4
1131360 2230.6
1131370 2232.5
1131380 2232.5
1131390 2235.7
1131400 2238.0
1131410 2238.0
1131420 2239.3
1131430 2241.1
1131440 2241.1
1131450 2242.9
1131460 2245.4
1131470 2248.9
1131480 2248.9
1131490 2250.8
1131500 2252.8
1131510 2252.8
1131520 2253.7
1131530 2253.3
1131540 2253.3
1131550 2256.4
1131560 2258.1
1131570 2258.1
1131580 2260.9
1131590 2260.2
1131600 2260.2
1131610 2260.2
1131620 2263.2
1131630 2263.2
1131640 2265.5
1131650 2266.7
1131660 2266.7
1131670 2265.9
1131680 2266.4
1131690 2266.4
1131700 2268.8
1131710 2268.8
1131720 2266.0
1131730 2266.0
1131740 2265.1
1131750 2266.2
1131760 2266.2
1131770 2262.4
1131780 2257.0
1131790 2257.0
1131800 2256.4
1131810 2256.7
1131820 2256.7
1131830 2256.1
1131840 2250.9
1131850 2250.9
1131860 2249.7
1131870 2250.0
1131880 2250.0
1131890 2247.6
1131900 2246.7
1131910 2246.7
1131920 2244.7
1131930 2240.2
1131940 2240.2
1131950 2238.4
1131960 2241.1
1131970 2244.1
1131980 2244.1
1131990 2249.4
1132000 2254.5
1132010 2254.5
1132020 2255.0
1132030 2255.2
1132040 2255.2
1132050 2255.8
1132060 2252.0
1132070 2252.0
1132080 2250.1
1132090 2249.2
1132100 2249.2
1132110 2246.3
1132120 2238.0
1132130 2238.0
1132140 2235.2
1132150 2232.6
1132160 2232.6
1132170 2228.6
1132180 2226.3
1132190 2226.3
1132200 2226.2
1132210 2226.2
1132220 2226.2
1132230 2226.2
1132240 2226.2
1132250 2227.2
1132260 2227.2
1132270 2228.8
1132280 2229.0
1132290 2229.0
1132300 2228.5
1132310 2227.3
1132320 2227.3
1132330 2227.4
1132340 2227.9
1132350 2227.9
1132360 2230.4
1132370 2233.5
1132380 2233.5
1132390 2238.5
1132400 2244.2
1132410 2244.2
1132420 2248.9
1132430 2252.9
1132440 2252.9
1132450 2255.5
1132460 2256.6
1132470 2256.8
1132480 2256.8
1132490 2257.4
1132500 2257.4
1132510 2257.4
1132520 2256.7
1132530 2256.0
1132540 2256.0
1132550 2257.0
1132560 2260.1
1132570 2260.1
1132580 2263.3
1132590 2266.2
1132600 2266.2
1132610 2269.3
1132620 2272.8
1132630 2272.8
1132640 2276.3
1132650 2280.6
1132660 2280.6
1132670 2282.5
1132680 2287.5
1132690 2287.5
1132700 2292.0
1132710 2295.9
1132720 2299.3
1132730 2299.3
1132740 2300.8
1132750 2297.6
1132760 2297.6
1132770 2296.0
1132780 2294.5
1132790 2294.5
1132800 2289.5
1132810 2283.8
1132820 2283.8
1132830 2280.1
1132840 2275.4
1132850 2275.4
1132860 2269.6
1132870 2262.8
1132880 2262.8
1132890 2256.3
1132900 2250.7
1132910 2250.7
1132920 2245.0
1132930 2239.1
1132940 2239.1
1132950 2233.6
1132960 2231.1
1132970 2231.0
1132980 2231.0
1132990 2225.9
1133000 2218.7
1133010 2218.7
1133020 2214.8
1133030 2218.4
1133040 2218.4
1133050 2216.9
1133060 2214.0
1133070 2214.0
1133080 2211.0
1133090 2206.4
1133100 2206.4
1133110 2201.3
1133120 2195.7
1133130 2195.7
1133140 2188.9
1133150 2185.9
1133160 2185.9
1133170 2184.8
1133180 2178.9
1133190 2178.9
1133200 2176.1
1133210 2178.8
1133220 2179.2
1133230 2179.2
1133240 2178.9
1133250 2181.0
1133260 2181.0
1133270 2182.8
1133280 2182.9
1133290 2182.9
1133300 2183.1
1133310 2183.3
1133320 2183.3
1133330 2186.2
1133340 2190.3
1133350 2190.3
1133360 2192.2
1133370 2191.4
1133380 2191.4
1133390 2191.1
1133400 2188.5
1133410 2188.5
1133420 2186.7
1133430 2185.1
1133440 2185.1
1133450 2184.7
1133460 2185.2
1133470 2185.9
1133480 2185.9
1133490 2186.0
1133500 2185.7
1133510 2185.7
1133520 2185.8
1133530 2186.7
1133540 2186.7
1133550 2186.8
1133560 2186.7
1133570 2186.7
1133580 2186.0
1133590 2185.6
1133600 2185.6
1133610 2185.9
1133620 2186.4
1133630 2186.4
1133640 2187.9
1133650 2189.5
1133660 2189.5
1133670 2191.1
1133680 2191.4
1133690 2191.4
1133700 2191.0
1133710 2193.3
1133720 2196.1
1133730 2196.1
1133740 2196.9
1133750 2197.0
1133760 2205.5
1133770 2207.2
1133780 2207.8
1133790 2207.8
1133800 2209.3
1133810 2211.7
1133820 2211.7
1133830 2214.5
1133840 2216.0
1133850 2216.0
1133860 2215.4
1133870 2216.9
1133880 2216.9
1133890 2217.7
1133900 2217.8
1133910 2217.8
1133920 2217.8
1133930 2219.0
1133940 2219.0
1133950 2219.2
1133960 2218.8
1133970 2217.7
1133980 2217.7
1133990 2216.3
1134000 2215.3
1134010 2215.3
1134020 2214.9
1134030 2214.8
1134040 2214.8
1134050 2213.3
1134060 2211.7
1134070 2211.7
1134080 2211.2
1134090 2210.6
1134100 2210.6
1134110 2210.4
1134120 2214.2
1134130 2214.2
1134140 2213.2
1134150 2212.9
1134160 2212.9
1134170 2213.1
1134180 2213.4
1134190 2213.4
1134200 2214.3
1134210 2214.7
1134220 2214.4
1134230 2214.4
1134240 2213.9
1134250 2213.8
1134260 2213.8
1134270 2213.4
1134280 2212.2
1134290 2212.2
1134300 2212.1
1134310 2212.1
1134320 2212.1
1134330 2211.7
1134340 2211.0
1134350 2211.0
1134360 2211.8
1134370 2212.4
1134380 2212.4
1134390 2212.4
1134400 2214.2
1134410 2214.2
1134420 2215.7
1134430 2216.1
1134440 2216.1
1134450 2215.2
1134460 2215.7
1134470 2218.0
1134480 2217.6
1134490 2216.9
1134500 2216.5
1134510 2216.5
1134520 2217.5
1134530 2218.5
1134540 2218.5
1134550 2218.9
1134560 2218.3
1134570 2218.3
1134580 2219.2
1134590 2220.2
1134600 2220.2
1134610 2221.1
1134620 2222.6
1134630 2222.6
1134640 2224.1
1134650 2225.6
1134660 2225.6
1134670 2226.6
1134680 2227.6
1134690 2227.6
1134700 2228.4
1134710 2229.3
1134720 2230.8
1134730 2230.8
1134740 2232.8
1134750 2235.5
1134760 2235.5
1134770 2238.8
1134780 2242.1
1134790 2242.1
1134800 2246.0
1134810 2249.9
1134820 2249.9
1134830 2252.2
1134840 2253.7
1134850 2254.8
1134860 2257.5
1134870 2260.4
1134880 2260.4
1134890 2261.6
1134900 2262.6
1134910 2262.6
1134920 2264.2
1134930 2265.3
1134940 2265.3
1134950 2268.4
1134960 2272.9
1134970 2277.6
1134980 2277.6
1134990 2281.9
1135000 2285.0
1135010 2285.0
1135020 2286.3
1135030 2288.7
1135040 2288.7
1135050 2291.1
1135060 2293.8
1135070 2293.8
1135080 2297.5
1135090 2301.6
1135100 2301.6
1135110 2305.8
1135120 2309.7
1135130 2309.7
1135140 2314.1
1135150 2318.8
1135160 2318.8
1135170 2323.3
1135180 2326.3
1135190 2326.3
1135200 2329.8
1135210 2333.4
1135220 2334.5
1135230 2334.5
1135240 2335.5
1135250 2335.1
1135260 2335.1
1135270 2336.9
1135280 2340.0
1135290 2340.0
1135300 2342.8
1135310 2344.4
1135320 2344.4
1135330 2347.1
1135340 2351.1
1135350 2351.1
1135360 2355.1
1135370 2359.4
1135380 2359.4
1135390 2363.9
1135400 2368.9
1135410 2368.9
1135420 2374.6
1135430 2380.5
1135440 2380.5
1135450 2386.5
1135460 2393.1
1135470 2399.6
1135480 2399.6
1135490 2405.9
1135500 2412.7
1135510 2412.7
1135520 2419.6
1135530 2428.1
1135540 2428.1
1135550 2437.6
1135560 2442.5
1135570 2446.3
1135580 2440.4
1135590 2432.9
1135600 2432.9
1135610 2423.8
1135620 2418.3
1135630 2418.3
1135640 2411.9
1135650 2405.8
1135660 2405.8
1135670 2399.8
1135680 2395.4
1135690 2395.4
1135700 2391.5
1135710 2386.9
1135720 2381.6
1135730 2381.6
1135740 2377.1
1135750 2372.2
1135760 2372.2
1135770 2364.3
1135780 2359.8
1135790 2359.8
1135800 2357.1
1135810 2350.8
1135820 2350.8
1135830 2347.5
1135840 2344.8
1135850 2344.8
1135860 2344.7
1135870 2345.2
1135880 2345.2
1135890 2341.6
1135900 2336.3
1135910 2336.3
1135920 2335.1
1135930 2336.8
1135940 2350.7
1135950 2353.2
1135960 2351.0
1135970 2344.2
1135980 2344.2
1135990 2331.8
1136000 2317.5
1136010 2317.5
1136020 2306.6
1136030 2295.5
1136040 2295.5
1136050 2284.1
1136060 2283.0
1136070 2283.0
1136080 2292.1
1136090 2298.5
1136100 2298.5
1136110 2303.7
1136120 2310.4
1136130 2310.4
1136140 2319.9
1136150 2332.1
1136160 2332.1
1136170 2339.8
1136180 2337.5
1136190 2337.5
1136200 2341.1
1136210 2347.2
1136220 2347.2
1136230 2349.1
1136240 2353.5
1136250 2354.9
1136260 2354.9
1136270 2355.3
1136280 2358.4
1136290 2358.4
1136300 2377.3
1136310 2376.5
1136320 2376.5
1136330 2378.2
1136340 2382.9
1136350 2382.9
1136360 2387.7
1136370 2389.7
1136380 2389.7
1136390 2390.2
1136400 2386.8
1136410 2386.8
1136420 2385.6
1136430 2391.1
1136440 2391.1
1136450 2399.6
1136460 2396.5
1136470 2396.5
1136480 2387.4
1136490 2378.1
1136500 2369.1
1136510 2369.1
1136520 2361.0
1136530 2353.8
1136540 2353.8
1136550 2347.3
1136560 2341.0
1136570 2341.0
1136580 2335.3
1136590 2328.3
1136600 2328.3
1136610 2317.3
1136620 2309.0
1136630 2309.0
1136640 2304.4
1136650 2298.2
1136660 2298.2
1136670 2287.6
1136680 2282.0
1136690 2282.0
1136700 2276.2
1136710 2270.3
1136720 2270.3
1136730 2264.8
1136740 2260.7
1136750 2254.5
1136760 2254.5
1136770 2243.8
1136780 2233.5
1136790 2233.5
1136800 2226.3
1136810 2220.7
1136820 2220.7
1136830 2214.9
1136840 2208.6
1136850 2208.6
1136860 2203.4
1136870 2198.3
1136880 2198.3
1136890 2194.0
1136900 2188.9
1136910 2188.9
1136920 2184.3
1136930 2179.1
1136940 2179.1
1136950 2173.6
1136960 2167.8
1136970 2167.8
1136980 2161.9
1136990 2156.0
1137000 2150.3
1137010 2150.3
1137020 2146.3
1137030 2136.9
1137040 2136.9
1137050 2132.9
1137060 2130.9
1137070 2130.9
1137080 2128.9
1137090 2124.6
1137100 2124.6
1137110 2118.7
1137120 2112.4
1137130 2112.4
1137140 2106.6
1137150 2100.8
1137160 2100.8
1137170 2098.0
1137180 2096.6
1137190 2096.6
1137200 2095.9
1137210 2094.3
1137220 2094.3
1137230 2092.0
1137240 2089.9
1137250 2090.6
1137260 2090.6
1137270 2093.8
1137280 2094.7
1137290 2094.7
1137300 2092.8
1137310 2088.9
1137320 2088.9
1137330 2087.9
1137340 2089.2
1137350 2089.2
1137360 2089.5
1137370 2088.6
1137380 2088.6
1137390 2087.6
1137400 2083.9
1137410 2083.9
1137420 2084.2
1137430 2083.9
1137440 2083.9
1137450 2084.2
1137460 2084.7
1137470 2084.7
1137480 2085.1
1137490 2085.2
1137500 2084.8
1137510 2084.8
1137520 2084.3
1137530 2083.7
1137540 2083.7
1137550 2082.7
1137560 2080.8
1137570 2080.8
1137580 2078.1
1137590 2076.3
1137600 2076.3
1137610 2076.0
1137620 2072.2
1137630 2072.2
1137640 2066.1
1137650 2065.5
1137660 2065.5
1137670 2065.4
1137680 2063.5
1137690 2063.5
1137700 2060.3
1137710 2057.0
1137720 2057.0
1137730 2053.8
1137740 2050.6
1137750 2047.1
1137760 2047.1
1137770 2040.8
1137780 2040.2
1137790 2040.2
1137800 2038.2
1137810 2034.8
1137820 2034.8
1137830 2030.4
1137840 2025.8
1137850 2025.8
1137860 2021.5
1137870 2018.4
1137880 2018.4
1137890 2016.5
1137900 2015.2
1137910 2015.2
1137920 2013.8
1137930 2011.3
1137940 2011.3
1137950 2008.6
1137960 2006.8
1137970 2006.8
1137980 2005.4
1137990 2003.2
1138000 2001.9
1138010 2001.9
1138020 2001.9
1138030 2001.2
1138040 2001.2
1138050 1998.2
1138060 1992.9
1138070 1992.9
1138080 1988.9
1138090 1987.3
1138100 1987.3
1138110 1983.4
1138120 1978.7
1138130 1975.5
1138140 1971.0
1138150 1966.0
1138160 1966.0
1138170 1960.2
1138180 1954.9
1138190 1954.9
1138200 1951.1
1138210 1948.1
1138220 1948.1
1138230 1944.2
1138240 1939.1
1138250 1934.4
1138260 1934.4
1138270 1932.2
1138280 1929.2
1138290 1929.2
1138300 1923.2
1138310 1917.8
1138320 1917.8
1138330 1914.7
1138340 1911.6
1138350 1911.6
1138360 1908.9
1138370 1905.1
1138380 1905.1
1138390 1901.6
1138400 1898.4
1138410 1898.4
1138420 1894.4
1138430 1889.3
1138440 1889.3
1138450 1883.8
1138460 1877.7
1138470 1877.7
1138480 1870.1
1138490 1861.2
1138500 1853.8
1138510 1853.8
1138520 1854.7
1138530 1851.5
1138540 1851.5
1138550 1847.4
1138560 1842.4
1138570 1842.4
1138580 1836.0
1138590 1830.8
1138600 1830.8
1138610 1827.2
1138620 1823.2
1138630 1823.2
1138640 1818.8
1138650 1812.8
1138660 1812.8
1138670 1804.4
1138680 1798.1
1138690 1798.1
1138700 1800.8
1138710 1803.1
1138720 1803.1
1138730 1801.3
1138740 1798.4
1138750 1794.7
1138760 1794.7
1138770 1791.7
1138780 1789.8
1138790 1789.8
1138800 1788.0
1138810 1785.7
1138820 1785.7
1138830 1782.7
1138840 1780.1
1138850 1780.1
1138860 1778.8
1138870 1773.1
1138880 1773.1
1138890 1770.4
1138900 1767.2
1138910 1767.2
1138920 1764.4
1138930 1760.9
1138940 1760.9
1138950 1756.9
1138960 1754.3
1138970 1754.3
1138980 1753.0
1138990 1752.3
1139000 1751.1
1139010 1751.1
1139020 1749.3
1139030 1745.2
1139040 1745.2
1139050 1739.0
1139060 1739.9
1139070 1739.9
1139080 1744.8
1139090 1750.7
1139100 1750.7
1139110 1755.0
1139120 1760.4
1139130 1760.4
1139140 1765.1
1139150 1768.4
1139160 1768.4
1139170 1772.1
1139180 1774.7
1139190 1774.7
1139200 1778.7
1139210 1784.4
1139220 1784.4
1139230 1788.8
1139240 1797.2
1139250 1800.4
1139260 1800.4
1139270 1803.5
1139280 1807.1
1139290 1807.1
1139300 1810.1
1139310 1812.8
1139320 1812.8
1139330 1814.1
1139340 1818.0
1139350 1818.0
1139360 1823.0
1139370 1828.3
1139380 1828.3
1139390 1832.1
1139400 1834.4
1139410 1834.4
1139420 1838.0
1139430 1842.8
1139440 1842.8
1139450 1850.4
1139460 1860.0
1139470 1860.0
1139480 1869.1
1139490 1878.3
1139500 1886.0
1139510 1886.0
1139520 1889.3
1139530 1895.2
1139540 1895.2
1139550 1904.9
1139560 1915.7
1139570 1915.7
1139580 1925.0
1139590 1934.6
1139600 1931.7
1139610 1939.3
1139620 1948.9
1139630 1948.9
1139640 1967.8
1139650 1981.1
1139660 1981.1
1139670 1990.9
1139680 1997.1
1139690 1997.1
1139700 2002.8
1139710 2008.9
1139720 2008.9
1139730 2013.7
1139740 2014.0
1139750 2013.9
1139760 2013.9
1139770 2014.9
1139780 2015.5
1139790 2015.5
1139800 2021.9
1139810 2035.5
1139820 2035.5
1139830 2044.1
1139840 2052.2
1139850 2052.2
1139860 2056.6
1139870 2062.4
1139880 2062.4
1139890 2069.6
1139900 2074.9
1139910 2074.9
1139920 2079.2
1139930 2082.6
1139940 2082.6
1139950 2086.1
1139960 2092.0
1139970 2099.9
1139980 2108.2
1139990 2113.5
