1120000 1772.6
1120010 1771.9
1120020 1771.9
1120030 1771.2
1120040 1770.2
1120050 1770.2
1120060 1769.4
1120070 1768.6
1120080 1768.6
1120090 1767.8
1120100 1766.8
1120110 1766.8
1120120 1765.7
1120130 1764.5
1120140 1764.5
1120150 1763.6
1120160 1762.5
1120170 1762.5
1120180 1761.4
1120190 1760.4
1120200 1760.4
1120210 1759.6
1120220 1758.7
1120230 1758.7
1120240 1757.9
1120250 1757.0
1120260 1756.2
1120270 1756.2
1120280 1755.5
1120290 1754.5
1120300 1754.5
1120310 1752.7
1120320 1752.1
1120330 1751.7
1120340 1750.8
1120350 1749.6
1120360 1749.6
1120370 1748.7
1120380 1747.9
1120390 1747.9
1120400 1747.0
1120410 1746.1
1120420 1746.1
1120430 1745.4
1120440 1744.7
1120450 1744.7
1120460 1744.1
1120470 1743.5
1120480 1743.5
1120490 1744.6
1120500 1745.3
1120510 1746.0
1120520 1746.0
1120530 1745.6
1120540 1745.4
1120550 1745.4
1120560 1745.3
1120570 1744.9
1120580 1744.9
1120590 1743.6
1120600 1742.2
1120610 1742.2
1120620 1740.8
1120630 1738.9
1120640 1738.9
1120650 1737.4
1120660 1736.3
1120670 1736.3
1120680 1736.4
1120690 1734.4
1120700 1734.4
1120710 1733.0
1120720 1731.1
1120730 1731.1
1120740 1729.6
1120750 1728.7
1120760 1727.1
1120770 1727.1
1120780 1724.4
1120790 1722.2
1120800 1722.2
1120810 1720.1
1120820 1718.5
1120830 1718.5
1120840 1716.5
1120850 1715.0
1120860 1715.0
1120870 1713.4
1120880 1711.1
1120890 1711.1
1120900 1708.5
1120910 1705.9
1120920 1705.9
1120930 1703.5
1120940 1701.8
1120950 1701.8
1120960 1700.0
1120970 1697.3
1120980 1697.3
1120990 1693.5
1121000 1690.0
1121010 1686.2
1121020 1691.6
1121030 1688.0
1121040 1684.4
1121050 1684.4
1121060 1680.8
1121070 1675.6
1121080 1675.6
1121090 1670.5
1121100 1667.2
1121110 1667.2
1121120 1663.3
1121130 1658.3
1121140 1658.3
1121150 1652.3
1121160 1646.8
1121170 1646.8
1121180 1643.3
1121190 1641.5
1121200 1641.5
1121210 1640.8
1121220 1641.0
1121230 1641.0
1121240 1640.1
1121250 1638.0
1121260 1635.7
1121270 1635.7
1121280 1631.7
1121290 1628.5
1121300 1628.5
1121310 1627.8
1121320 1626.1
1121330 1626.1
1121340 1623.8
1121350 1622.3
1121360 1622.3
1121370 1621.3
1121380 1622.9
1121390 1622.9
1121400 1616.1
1121410 1609.7
1121420 1609.7
1121430 1607.9
1121440 1606.4
1121450 1606.4
1121460 1600.6
1121470 1596.5
1121480 1596.5
1121490 1593.5
1121500 1597.5
1121510 1599.0
1121520 1599.0
1121530 1586.8
1121540 1590.2
1121550 1590.2
1121560 1601.1
1121570 1608.8
1121580 1608.8
1121590 1616.0
1121600 1624.0
1121610 1624.0
1121620 1629.7
1121630 1632.3
1121640 1632.3
1121650 1635.7
1121660 1639.7
1121670 1639.7
1121680 1642.4
1121690 1647.4
1121700 1647.4
1121710 1651.0
1121720 1655.6
1121730 1655.8
1121740 1656.3
1121750 1656.5
1121760 1656.3
1121770 1656.3
1121780 1657.8
1121790 1655.4
1121800 1655.4
1121810 1656.1
1121820 1656.0
1121830 1656.0
1121840 1653.7
1121850 1653.5
1121860 1653.5
1121870 1652.9
1121880 1657.4
1121890 1657.4
1121900 1662.0
1121910 1666.3
1121920 1666.3
1121930 1663.4
1121940 1664.2
1121950 1664.2
1121960 1662.4
1121970 1665.1
1121980 1665.1
1121990 1669.9
1122000 1676.0
1122010 1676.1
1122020 1676.1
1122030 1675.5
1122040 1674.7
1122050 1674.7
1122060 1674.1
1122070 1674.0
1122080 1670.7
1122090 1670.9
1122100 1671.7
1122110 1671.7
1122120 1672.3
1122130 1672.7
1122140 1672.7
1122150 1672.2
1122160 1673.6
1122170 1673.6
1122180 1672.1
1122190 1668.9
1122200 1668.9
1122210 1663.6
1122220 1657.9
1122230 1657.9
1122240 1659.9
1122250 1668.4
1122260 1668.4
1122270 1674.1
1122280 1677.6
1122290 1679.7
1122300 1679.7
1122310 1679.2
1122320 1678.9
1122330 1678.9
1122340 1678.6
1122350 1678.9
1122360 1678.9
1122370 1680.2
1122380 1680.8
1122390 1680.8
1122400 1679.9
1122410 1680.2
1122420 1680.2
1122430 1680.9
1122440 1682.6
1122450 1682.6
1122460 1682.4
1122470 1681.8
1122480 1681.8
1122490 1681.6
1122500 1681.5
1122510 1681.5
1122520 1681.8
1122530 1682.1
1122540 1682.9
1122550 1682.9
1122560 1683.9
1122570 1684.5
1122580 1684.5
1122590 1684.5
1122600 1686.6
1122610 1686.6
1122620 1689.4
1122630 1691.0
1122640 1691.0
1122650 1691.8
1122660 1693.0
1122670 1693.0
1122680 1694.3
1122690 1695.7
1122700 1695.7
1122710 1697.1
1122720 1698.2
1122730 1698.2
1122740 1698.9
1122750 1699.4
1122760 1699.4
1122770 1699.1
1122780 1693.9
1122790 1691.0
1122800 1691.0
1122810 1688.3
1122820 1687.6
1122830 1687.6
1122840 1684.7
1122850 1679.6
1122860 1679.6
1122870 1676.0
1122880 1673.9
1122890 1673.9
1122900 1671.1
1122910 1666.5
1122920 1666.5
1122930 1669.2
1122940 1673.8
1122950 1673.8
1122960 1673.3
1122970 1679.0
1122980 1679.0
1122990 1685.7
1123000 1692.5
1123010 1692.5
1123020 1698.9
1123030 1701.6
1123040 1702.0
1123050 1702.0
1123060 1704.8
1123070 1707.6
1123080 1707.6
1123090 1709.5
1123100 1710.3
1123110 1710.3
1123120 1710.9
1123130 1707.7
1123140 1707.7
1123150 1707.8
1123160 1708.1
1123170 1708.1
1123180 1708.2
1123190 1708.4
1123200 1708.4
1123210 1708.0
1123220 1706.3
1123230 1706.3
1123240 1703.8
1123250 1699.9
1123260 1699.9
1123270 1697.0
1123280 1695.9
1123290 1695.5
1123300 1695.5
1123310 1696.1
1123320 1696.2
1123330 1696.2
1123340 1695.9
1123350 1695.6
1123360 1695.6
1123370 1695.5
1123380 1695.0
1123390 1695.0
1123400 1694.3
1123410 1693.4
1123420 1693.4
1123430 1693.0
1123440 1691.9
1123450 1691.9
1123460 1689.9
1123470 1688.8
1123480 1683.7
1123490 1682.9
1123500 1678.4
1123510 1678.4
1123520 1674.4
1123530 1672.1
1123540 1669.3
1123550 1669.3
1123560 1669.4
1123570 1665.0
1123580 1665.0
1123590 1658.8
1123600 1651.6
1123610 1651.6
1123620 1644.5
1123630 1636.7
1123640 1636.7
1123650 1627.8
1123660 1620.0
1123670 1620.0
1123680 1619.8
1123690 1623.8
1123700 1623.8
1123710 1628.6
1123720 1633.7
1123730 1633.7
1123740 1638.3
1123750 1645.2
1123760 1645.2
1123770 1651.6
1123780 1658.6
1123790 1665.6
1123800 1665.6
1123810 1671.8
1123820 1678.2
1123830 1676.4
1123840 1680.5
1123850 1682.9
1123860 1682.9
1123870 1684.3
1123880 1685.2
1123890 1685.2
1123900 1686.6
1123910 1687.9
1123920 1687.9
1123930 1691.4
1123940 1695.2
1123950 1695.2
1123960 1697.2
1123970 1696.7
1123980 1696.7
1123990 1694.4
1124000 1692.0
1124010 1692.0
1124020 1690.2
1124030 1688.0
1124040 1685.0
1124050 1685.0
1124060 1682.8
1124070 1683.8
1124080 1683.8
1124090 1685.0
1124100 1684.8
1124110 1684.8
1124120 1681.6
1124130 1675.7
1124140 1675.7
1124150 1673.3
1124160 1671.9
1124170 1671.9
1124180 1669.6
1124190 1662.4
1124200 1662.4
1124210 1665.4
1124220 1667.0
1124230 1667.0
1124240 1667.3
1124250 1667.2
1124260 1667.2
1124270 1667.6
1124280 1668.2
1124290 1668.2
1124300 1669.6
1124310 1670.2
1124320 1670.9
1124330 1670.9
1124340 1670.6
1124350 1670.2
1124360 1670.2
1124370 1667.5
1124380 1667.1
1124390 1667.1
1124400 1666.2
1124410 1668.4
1124420 1668.4
1124430 1668.9
1124440 1668.4
1124450 1668.4
1124460 1667.9
1124470 1669.3
1124480 1669.3
1124490 1669.2
1124500 1668.4
1124510 1668.4
1124520 1667.1
1124530 1666.5
1124540 1660.6
1124550 1663.4
1124560 1666.5
1124570 1667.3
1124580 1667.3
1124590 1666.4
1124600 1665.5
1124610 1665.5
1124620 1664.9
1124630 1664.0
1124640 1664.0
1124650 1663.2
1124660 1661.6
1124670 1661.6
1124680 1660.6
1124690 1660.6
1124700 1660.6
1124710 1661.0
1124720 1660.8
1124730 1660.8
1124740 1660.6
1124750 1658.4
1124760 1658.4
1124770 1655.8
1124780 1655.3
1124790 1655.3
1124800 1655.4
1124810 1654.9
1124820 1654.3
1124830 1654.3
1124840 1653.6
1124850 1653.3
1124860 1653.3
1124870 1653.1
1124880 1652.9
1124890 1647.8
1124900 1647.7
1124910 1647.2
1124920 1647.2
1124930 1646.1
1124940 1645.3
1124950 1645.3
1124960 1644.0
1124970 1641.0
1124980 1641.0
1124990 1638.5
1125000 1636.9
1125010 1636.9
1125020 1634.8
1125030 1630.1
1125040 1630.1
1125050 1627.0
1125060 1632.6
1125070 1636.3
1125080 1636.3
1125090 1638.3
1125100 1639.2
1125110 1639.2
1125120 1639.7
1125130 1639.6
1125140 1639.6
1125150 1639.8
1125160 1640.3
1125170 1640.3
1125180 1637.9
1125190 1634.6
1125200 1634.6
1125210 1636.1
1125220 1636.1
1125230 1636.1
1125240 1635.8
1125250 1629.0
1125260 1629.0
1125270 1627.9
1125280 1627.7
1125290 1627.7
1125300 1627.0
1125310 1625.0
1125320 1623.4
1125330 1623.4
1125340 1623.4
1125350 1622.6
1125360 1622.6
1125370 1619.6
1125380 1619.3
1125390 1619.3
1125400 1619.0
1125410 1615.9
1125420 1615.9
1125430 1612.9
1125440 1612.2
1125450 1612.2
1125460 1611.0
1125470 1609.1
1125480 1609.1
1125490 1607.7
1125500 1606.8
1125510 1606.8
1125520 1604.4
1125530 1602.0
1125540 1602.0
1125550 1598.7
1125560 1598.3
1125570 1601.1
1125580 1601.1
1125590 1600.8
1125600 1594.0
1125610 1594.0
1125620 1598.5
1125630 1601.9
1125640 1601.9
1125650 1601.2
1125660 1594.9
1125670 1594.9
1125680 1589.6
1125690 1585.7
1125700 1585.7
1125710 1581.7
1125720 1579.3
1125730 1579.3
1125740 1577.6
1125750 1578.0
1125760 1578.0
1125770 1578.4
1125780 1577.3
1125790 1577.3
1125800 1575.4
1125810 1575.0
1125820 1576.0
1125830 1576.0
1125840 1577.9
1125850 1578.2
1125860 1578.2
1125870 1578.4
1125880 1579.4
1125890 1579.4
1125900 1580.3
1125910 1580.4
1125920 1580.4
1125930 1578.8
1125940 1576.6
1125950 1575.2
1125960 1576.1
1125970 1578.2
1125980 1578.2
1125990 1578.2
1126000 1575.8
1126010 1575.8
1126020 1573.1
1126030 1569.4
1126040 1569.4
1126050 1566.3
1126060 1566.6
1126070 1566.7
1126080 1566.7
1126090 1566.5
1126100 1565.8
1126110 1565.8
1126120 1564.0
1126130 1561.4
1126140 1561.4
1126150 1558.2
1126160 1556.1
1126170 1556.1
1126180 1554.9
1126190 1553.7
1126200 1553.7
1126210 1552.3
1126220 1550.6
1126230 1550.6
1126240 1548.4
1126250 1543.7
1126260 1543.7
1126270 1539.9
1126280 1539.5
1126290 1539.5
1126300 1537.1
1126310 1530.8
1126320 1530.8
1126330 1527.4
1126340 1525.6
1126350 1524.6
1126360 1524.6
1126370 1523.0
1126380 1522.5
1126390 1522.5
1126400 1523.7
1126410 1524.1
1126420 1524.1
1126430 1523.9
1126440 1524.5
1126450 1524.5
1126460 1525.0
1126470 1525.2
1126480 1525.2
1126490 1525.7
1126500 1524.3
1126510 1524.3
1126520 1522.4
1126530 1521.1
1126540 1521.1
1126550 1518.9
1126560 1514.3
1126570 1514.3
1126580 1514.8
1126590 1515.4
1126600 1513.8
1126610 1513.8
1126620 1512.2
1126630 1510.8
1126640 1510.8
1126650 1509.5
1126660 1506.8
1126670 1506.8
1126680 1505.3
1126690 1503.8
1126700 1503.8
1126710 1502.5
1126720 1501.0
1126730 1501.0
1126740 1498.3
1126750 1492.6
1126760 1492.6
1126770 1489.3
1126780 1492.7
1126790 1492.7
1126800 1495.1
1126810 1494.0
1126820 1494.0
1126830 1492.2
1126840 1490.3
1126850 1489.1
1126860 1489.1
1126870 1488.0
1126880 1487.4
1126890 1487.4
1126900 1487.1
1126910 1486.7
1126920 1486.7
1126930 1486.2
1126940 1485.6
1126950 1485.6
1126960 1485.1
1126970 1484.5
1126980 1484.5
1126990 1483.4
1127000 1481.1
1127010 1481.1
1127020 1467.9
1127030 1464.6
1127040 1464.6
1127050 1463.3
1127060 1462.8
1127070 1462.8
1127080 1462.9
1127090 1463.1
1127100 1464.0
1127110 1464.0
1127120 1464.4
1127130 1463.5
1127140 1463.5
1127150 1462.3
1127160 1461.5
1127170 1461.5
1127180 1461.2
1127190 1461.0
1127200 1461.0
1127210 1460.8
1127220 1460.7
1127230 1460.7
1127240 1460.6
1127250 1460.6
1127260 1460.6
1127270 1460.5
1127280 1460.2
1127290 1460.2
1127300 1459.7
1127310 1459.7
1127320 1459.7
1127330 1459.7
1127340 1459.7
1127350 1459.5
1127360 1459.5
1127370 1459.5
1127380 1459.5
1127390 1459.5
1127400 1459.2
1127410 1459.0
1127420 1459.0
1127430 1458.7
1127440 1457.9
1127450 1457.9
1127460 1457.6
1127470 1458.3
1127480 1458.3
1127490 1458.8
1127500 1460.9
1127510 1460.9
1127520 1461.4
1127530 1461.3
1127540 1461.3
1127550 1461.1
1127560 1461.0
1127570 1461.0
1127580 1460.8
1127590 1460.8
1127600 1460.7
1127610 1460.7
1127620 1460.3
1127630 1460.0
1127640 1460.0
1127650 1458.7
1127660 1456.8
1127670 1456.8
1127680 1456.2
1127690 1456.0
1127700 1456.0
1127710 1455.8
1127720 1455.7
1127730 1456.0
1127740 1455.7
1127750 1455.6
1127760 1455.6
1127770 1455.5
1127780 1455.4
1127790 1455.4
1127800 1455.5
1127810 1456.2
1127820 1456.2
1127830 1458.4
1127840 1463.4
1127850 1469.1
1127860 1469.1
1127870 1471.1
1127880 1471.7
1127890 1471.7
1127900 1471.8
1127910 1472.2
1127920 1472.2
1127930 1472.4
1127940 1472.9
1127950 1472.9
1127960 1473.0
1127970 1473.2
1127980 1473.2
1127990 1473.3
1128000 1473.2
1128010 1473.2
1128020 1473.3
1128030 1473.5
1128040 1473.5
1128050 1474.0
1128060 1474.5
1128070 1474.5
1128080 1474.8
1128090 1476.4
1128100 1476.6
1128110 1476.6
1128120 1476.2
1128130 1476.2
1128140 1476.2
1128150 1476.1
1128160 1476.5
1128170 1476.5
1128180 1476.6
1128190 1476.8
1128200 1476.8
1128210 1476.8
1128220 1477.0
1128230 1477.0
1128240 1476.9
1128250 1477.0
1128260 1477.0
1128270 1477.3
1128280 1477.4
1128290 1477.4
1128300 1477.5
1128310 1477.7
1128320 1477.7
1128330 1477.7
1128340 1477.7
1128350 1477.5
1128360 1477.5
1128370 1477.5
1128380 1477.1
1128390 1477.1
1128400 1476.8
1128410 1476.6
1128420 1476.6
1128430 1476.2
1128440 1475.8
1128450 1477.0
1128460 1476.4
1128470 1476.1
1128480 1476.1
1128490 1475.4
1128500 1474.5
1128510 1474.5
1128520 1473.7
1128530 1473.8
1128540 1473.8
1128550 1476.1
1128560 1478.9
1128570 1478.9
1128580 1483.0
1128590 1487.3
1128600 1487.3
1128610 1490.9
1128620 1492.9
1128630 1494.3
1128640 1494.3
1128650 1495.2
1128660 1495.6
1128670 1495.6
1128680 1495.6
1128690 1496.0
1128700 1496.0
1128710 1496.8
1128720 1498.8
1128730 1498.8
1128740 1499.9
1128750 1499.7
1128760 1499.7
1128770 1497.9
1128780 1496.1
1128790 1496.1
1128800 1498.6
1128810 1497.0
1128820 1497.0
1128830 1496.2
1128840 1496.3
1128850 1496.3
1128860 1496.5
1128870 1495.0
1128880 1492.4
1128890 1492.4
1128900 1489.5
1128910 1482.6
1128920 1482.6
1128930 1479.1
1128940 1477.4
1128950 1477.4
1128960 1478.3
1128970 1465.5
1128980 1465.5
1128990 1467.4
1129000 1472.1
1129010 1472.1
1129020 1482.7
1129030 1490.6
1129040 1490.6
1129050 1495.9
1129060 1499.2
1129070 1499.2
1129080 1502.8
1129090 1507.4
1129100 1507.4
1129110 1512.5
1129120 1516.6
1129130 1517.7
1129140 1517.7
1129150 1518.6
1129160 1521.7
1129170 1521.7
1129180 1524.0
1129190 1525.9
1129200 1525.9
1129210 1527.1
1129220 1528.2
1129230 1528.2
1129240 1529.9
1129250 1532.7
1129260 1532.7
1129270 1536.4
1129280 1539.7
1129290 1539.7
1129300 1543.0
1129310 1546.7
1129320 1546.7
1129330 1550.6
1129340 1554.9
1129350 1554.9
1129360 1560.0
1129370 1565.3
1129380 1571.0
1129390 1571.0
1129400 1576.8
1129410 1582.4
1129420 1582.4
1129430 1587.8
1129440 1593.5
1129450 1593.5
1129460 1599.5
1129470 1605.3
1129480 1605.3
1129490 1611.2
1129500 1617.2
1129510 1617.2
1129520 1627.4
1129530 1633.5
1129540 1633.5
1129550 1639.0
1129560 1645.3
1129570 1645.3
1129580 1650.3
1129590 1655.1
1129600 1655.1
1129610 1660.3
1129620 1665.7
1129630 1670.6
1129640 1670.6
1129650 1675.1
1129660 1680.1
1129670 1680.1
1129680 1686.0
1129690 1693.1
1129700 1693.1
1129710 1700.7
1129720 1708.1
1129730 1708.1
1129740 1714.3
1129750 1723.4
1129760 1723.4
1129770 1735.9
1129780 1744.4
1129790 1744.4
1129800 1752.5
1129810 1760.0
1129820 1760.0
1129830 1762.9
1129840 1766.4
1129850 1766.4
1129860 1770.1
1129870 1774.2
1129880 1784.6
1129890 1784.6
1129900 1790.3
1129910 1800.4
1129920 1800.4
1129930 1802.4
1129940 1799.6
1129950 1799.6
1129960 1803.5
1129970 1809.1
1129980 1809.1
1129990 1815.1
1130000 1820.4
1130010 1820.4
1130020 1824.6
1130030 1828.8
1130040 1828.8
1130050 1832.9
1130060 1836.9
1130070 1836.9
1130080 1841.8
1130090 1848.1
1130100 1848.1
1130110 1854.7
1130120 1863.5
1130130 1874.4
1130140 1874.4
1130150 1883.8
1130160 1889.5
1130170 1889.5
1130180 1892.2
1130190 1892.3
1130200 1892.3
1130210 1885.9
1130220 1882.3
1130230 1889.2
1130240 1893.9
1130250 1904.8
1130260 1904.8
1130270 1916.0
1130280 1922.9
1130290 1922.9
1130300 1924.4
1130310 1927.7
1130320 1927.7
1130330 1929.2
1130340 1921.1
1130350 1921.1
1130360 1923.0
1130370 1932.9
1130380 1946.6
1130390 1946.6
1130400 1951.7
1130410 1956.7
1130420 1956.7
1130430 1958.8
1130440 1960.0
1130450 1960.0
1130460 1961.6
1130470 1963.4
1130480 1963.4
1130490 1964.7
1130500 1966.5
1130510 1966.5
1130520 1967.7
1130530 1970.5
1130540 1970.5
1130550 1973.3
1130560 1974.4
1130570 1974.4
1130580 1974.6
1130590 1972.0
1130600 1972.0
1130610 1974.3
1130620 1976.5
1130630 1978.4
1130640 1978.4
1130650 1980.1
1130660 1981.8
1130670 1981.8
1130680 1983.4
1130690 1985.5
1130700 1985.5
1130710 1987.4
1130720 1989.1
1130730 1989.1
1130740 1991.5
1130750 1994.0
1130760 1994.0
1130770 1996.0
1130780 1997.3
1130790 1997.3
1130800 1997.4
1130810 1997.1
1130820 1997.1
1130830 1997.8
1130840 1998.8
1130850 1998.8
1130860 1999.3
1130870 2001.1
1130880 2001.1
1130890 2002.9
1130900 2003.5
1130910 2003.6
1130920 2003.6
1130930 2003.6
1130940 2003.6
1130950 2003.6
1130960 2004.2
1130970 2005.1
1130980 2005.1
1130990 2006.0
1131000 2006.9
1131010 2006.9
1131020 2008.5
1131030 2009.8
1131040 2009.8
1131050 2012.8
1131060 2016.9
1131070 2016.9
1131080 2020.1
1131090 2024.0
1131100 2024.0
1131110 2028.6
1131120 2033.3
1131130 2033.3
1131140 2038.2
1131150 2042.6
1131160 2046.8
1131170 2046.8
1131180 2051.0
1131190 2055.1
1131200 2055.1
1131210 2060.0
1131220 2065.9
1131230 2065.9
1131240 2071.5
1131250 2076.1
1131260 2076.1
1131270 2080.0
1131280 2085.1
1131290 2085.1
1131300 2090.7
1131310 2097.1
1131320 2097.1
1131330 2101.6
1131340 2106.0
1131350 2106.0
1131360 2111.4
1131370 2118.3
1131380 2118.3
1131390 2124.3
1131400 2131.0
1131410 2139.6
1131420 2139.6
1131430 2148.6
1131440 2156.7
1131450 2156.7
1131460 2165.8
1131470 2175.2
1131480 2175.2
1131490 2181.8
1131500 2187.6
1131510 2187.6
1131520 2194.6
1131530 2201.9
1131540 2201.9
1131550 2209.5
1131560 2215.7
1131570 2215.7
1131580 2220.6
1131590 2223.0
1131600 2223.0
1131610 2225.8
1131620 2229.7
1131630 2229.7
1131640 2231.4
1131650 2228.8
1131660 2224.2
1131670 2235.8
1131680 2227.9
1131690 2224.7
1131700 2224.7
1131710 2222.7
1131720 2216.8
1131730 2216.8
1131740 2208.4
1131750 2200.6
1131760 2200.6
1131770 2193.9
1131780 2188.3
1131790 2188.3
1131800 2182.5
1131810 2178.4
1131820 2178.4
1131830 2173.1
1131840 2166.8
1131850 2166.8
1131860 2163.7
1131870 2154.8
1131880 2154.8
1131890 2154.1
1131900 2151.0
1131910 2150.8
1131920 2150.8
1131930 2150.6
1131940 2153.1
1131950 2153.1
1131960 2158.7
1131970 2161.3
1131980 2161.3
1131990 2162.7
1132000 2164.6
1132010 2164.6
1132020 2165.3
1132030 2173.0
1132040 2173.0
1132050 2161.4
1132060 2144.1
1132070 2144.1
1132080 2137.6
1132090 2127.2
1132100 2127.2
1132110 2116.4
1132120 2110.4
1132130 2110.4
1132140 2105.8
1132150 2098.3
1132160 2081.2
1132170 2081.2
1132180 2070.6
1132190 2062.1
1132200 2062.1
1132210 2026.9
1132220 2036.5
1132230 2036.5
1132240 2034.9
1132250 2019.3
1132260 2019.3
1132270 1995.6
1132280 1989.5
1132290 1989.5
1132300 1987.5
1132310 1985.2
1132320 1985.2
1132330 1983.8
1132340 1987.5
1132350 1987.5
1132360 1988.8
1132370 1992.9
1132380 1992.9
1132390 2003.3
1132400 2008.8
1132410 2008.7
1132420 2008.7
1132430 2006.7
1132440 2014.5
1132450 2014.5
1132460 2027.9
1132470 2035.8
1132480 2035.8
1132490 2042.6
1132500 2047.9
1132510 2047.9
1132520 2050.6
1132530 2047.4
1132540 2047.4
1132550 2039.6
1132560 2034.3
1132570 2034.3
1132580 2031.0
1132590 2034.2
1132600 2034.2
1132610 2030.8
1132620 2034.8
1132630 2034.8
1132640 2035.5
1132650 2036.9
1132660 2039.5
1132670 2039.5
1132680 2029.5
1132690 2021.5
1132700 2021.5
1132710 2021.3
1132720 2016.9
1132730 2016.9
1132740 2008.6
1132750 2006.3
1132760 2006.3
1132770 1994.3
1132780 1986.8
1132790 1986.8
1132800 1977.6
1132810 1972.0
1132820 1972.0
1132830 1967.7
1132840 1965.8
1132850 1965.8
1132860 1965.4
1132870 1965.1
1132880 1965.1
1132890 1964.3
1132900 1963.2
1132910 1961.6
1132920 1961.6
1132930 1955.1
1132940 1932.6
1132950 1932.6
1132960 1911.3
1132970 1908.7
1132980 1908.7
1132990 1904.2
1133000 1902.4
1133010 1902.4
1133020 1901.3
1133030 1902.1
1133040 1902.1
1133050 1900.9
1133060 1901.4
1133070 1901.4
1133080 1907.3
1133090 1914.7
1133100 1914.7
1133110 1917.5
1133120 1926.2
1133130 1926.2
1133140 1931.9
1133150 1943.2
1133160 1943.2
1133170 1954.0
1133180 1961.9
1133190 1967.9
1133200 1967.9
1133210 1972.3
1133220 1976.2
1133230 1976.2
1133240 1979.6
1133250 1983.6
1133260 1983.6
1133270 1990.8
1133280 2003.1
1133290 2003.1
1133300 2011.9
1133310 2016.8
1133320 2016.8
1133330 2022.2
1133340 2026.7
1133350 2026.7
1133360 2028.5
1133370 2027.7
1133380 2027.7
1133390 2028.3
1133400 2027.1
1133410 2027.1
1133420 2027.4
1133430 2031.3
1133440 2035.4
1133450 2035.4
1133460 2039.1
1133470 2046.6
1133480 2049.5
1133490 2053.7
1133500 2055.9
1133510 2055.9
1133520 2056.2
1133530 2056.7
1133540 2056.7
1133550 2058.5
1133560 2060.7
1133570 2060.7
1133580 2064.4
1133590 2068.6
1133600 2068.6
1133610 2073.0
1133620 2077.6
1133630 2077.6
1133640 2080.2
1133650 2084.7
1133660 2084.7
1133670 2091.3
1133680 2100.9
1133690 2115.0
1133700 2115.0
1133710 2127.4
1133720 2141.6
1133730 2141.6
1133740 2153.8
1133750 2162.5
1133760 2162.5
1133770 2172.4
1133780 2181.9
1133790 2181.9
1133800 2189.2
1133810 2193.4
1133820 2193.4
1133830 2195.2
1133840 2200.2
1133850 2200.2
1133860 2208.2
1133870 2214.4
1133880 2214.4
1133890 2220.6
1133900 2226.3
1133910 2226.3
1133920 2233.6
1133930 2240.5
1133940 2244.6
1133950 2244.6
1133960 2250.0
1133970 2254.0
1133980 2254.0
1133990 2257.3
1134000 2259.9
1134010 2259.9
1134020 2262.8
1134030 2265.7
1134040 2265.7
1134050 2269.7
1134060 2272.7
1134070 2272.7
1134080 2275.4
1134090 2278.5
1134100 2278.5
1134110 2281.3
1134120 2286.6
1134130 2286.6
1134140 2291.2
1134150 2296.4
1134160 2296.4
1134170 2300.4
1134180 2303.1
1134190 2305.7
1134200 2305.4
1134210 2307.9
1134220 2309.7
1134230 2309.7
1134240 2311.8
1134250 2314.8
1134260 2314.8
1134270 2317.3
1134280 2317.6
1134290 2317.6
1134300 2317.7
1134310 2318.3
1134320 2318.3
1134330 2318.1
1134340 2317.9
1134350 2317.9
1134360 2318.1
1134370 2318.4
1134380 2318.4
1134390 2319.2
1134400 2320.4
1134410 2320.4
1134420 2322.1
1134430 2323.5
1134440 2324.8
1134450 2324.8
1134460 2327.4
1134470 2329.8
1134480 2329.8
1134490 2333.5
1134500 2337.2
1134510 2337.2
1134520 2341.9
1134530 2346.9
1134540 2346.9
1134550 2352.6
1134560 2358.9
1134570 2361.8
1134580 2367.8
1134590 2374.2
1134600 2374.2
1134610 2380.9
1134620 2387.8
1134630 2387.8
1134640 2394.3
1134650 2400.3
1134660 2400.3
1134670 2405.7
1134680 2411.0
1134690 2415.6
1134700 2415.6
1134710 2419.6
1134720 2422.1
1134730 2422.1
1134740 2418.7
1134750 2407.7
1134760 2407.7
1134770 2397.9
1134780 2389.8
1134790 2389.8
1134800 2381.3
1134810 2372.0
1134820 2372.0
1134830 2365.0
1134840 2357.6
1134850 2357.6
1134860 2351.1
1134870 2344.7
1134880 2344.7
1134890 2338.6
1134900 2332.5
1134910 2332.5
1134920 2327.6
1134930 2322.6
1134940 2318.4
1134950 2318.4
1134960 2314.0
1134970 2308.1
1134980 2308.1
1134990 2303.2
1135000 2300.4
1135010 2300.4
1135020 2297.5
1135030 2293.8
1135040 2293.8
1135050 2289.9
1135060 2285.1
1135070 2285.1
1135080 2280.5
1135090 2276.8
1135100 2276.8
1135110 2273.7
1135120 2271.7
1135130 2271.7
1135140 2268.3
1135150 2264.7
1135160 2264.7
1135170 2260.6
1135180 2258.1
1135190 2257.4
1135200 2257.4
1135210 2256.3
1135220 2254.5
1135230 2254.5
1135240 2251.4
1135250 2248.0
1135260 2248.0
1135270 2246.6
1135280 2244.0
1135290 2239.3
1135300 2236.9
1135310 2234.8
1135320 2234.8
1135330 2233.2
1135340 2232.4
1135350 2232.4
1135360 2230.9
1135370 2228.8
1135380 2228.8
1135390 2226.9
1135400 2225.3
1135410 2225.3
1135420 2223.2
1135430 2219.9
1135440 2217.0
1135450 2217.0
1135460 2214.7
1135470 2211.8
1135480 2211.8
1135490 2209.5
1135500 2208.1
1135510 2208.1
1135520 2206.5
1135530 2204.8
1135540 2204.8
1135550 2204.5
1135560 2203.7
1135570 2203.7
1135580 2202.0
1135590 2201.9
1135600 2201.9
1135610 2205.0
1135620 2208.8
1135630 2208.8
1135640 2210.4
1135650 2212.1
1135660 2211.3
1135670 2213.4
1135680 2213.3
1135690 2213.3
1135700 2212.2
1135710 2211.2
1135720 2212.5
1135730 2212.5
1135740 2217.2
1135750 2218.8
1135760 2218.8
1135770 2219.9
1135780 2218.6
1135790 2218.6
1135800 2216.4
1135810 2216.6
1135820 2216.6
1135830 2215.3
1135840 2213.3
1135850 2213.3
1135860 2211.5
1135870 2209.9
1135880 2209.9
1135890 2209.4
1135900 2207.9
1135910 2207.9
1135920 2206.4
1135930 2204.9
1135940 2204.9
1135950 2200.7
1135960 2188.4
1135970 2177.1
1135980 2177.1
1135990 2171.0
1136000 2166.1
1136010 2166.1
1136020 2157.7
1136030 2152.3
1136040 2152.3
1136050 2146.3
1136060 2142.5
1136070 2142.5
1136080 2138.2
1136090 2137.2
1136100 2137.2
1136110 2136.6
1136120 2135.5
1136130 2135.5
1136140 2134.5
1136150 2133.6
1136160 2133.6
1136170 2129.5
1136180 2125.3
1136190 2125.3
1136200 2117.5
1136210 2117.5
1136220 2115.7
1136230 2115.7
1136240 2111.1
1136250 2101.0
1136260 2101.0
1136270 2092.1
1136280 2084.3
1136290 2084.3
1136300 2076.9
1136310 2069.5
1136320 2069.5
1136330 2061.3
1136340 2054.3
1136350 2054.3
1136360 2048.5
1136370 2043.6
1136380 2043.6
1136390 2040.4
1136400 2035.7
1136410 2035.7
1136420 2030.2
1136430 2024.7
1136440 2024.7
1136450 2021.0
1136460 2014.9
1136470 2009.0
1136480 2009.0
1136490 2002.6
1136500 1995.4
1136510 1995.4
1136520 1990.2
1136530 1986.9
1136540 1986.9
1136550 1983.6
1136560 1980.9
1136570 1980.9
1136580 1978.1
1136590 1975.6
1136600 1975.6
1136610 1973.8
1136620 1972.3
1136630 1972.3
1136640 1971.2
1136650 1970.6
1136660 1970.6
1136670 1970.1
1136680 1969.3
1136690 1969.3
1136700 1968.0
1136710 1965.9
1136720 1962.3
1136730 1962.3
1136740 1958.9
1136750 1955.7
1136760 1955.7
1136770 1952.8
1136780 1954.3
1136790 1954.3
1136800 1955.2
1136810 1954.9
1136820 1954.9
1136830 1956.2
1136840 1958.3
1136850 1958.3
1136860 1958.9
1136870 1958.7
1136880 1958.7
1136890 1959.8
1136900 1961.9
1136910 1961.9
1136920 1962.2
1136930 1962.2
1136940 1962.2
1136950 1962.3
1136960 1962.4
1136970 1962.8
1136980 1962.8
1136990 1964.0
1137000 1966.0
1137010 1966.0
1137020 1968.6
1137030 1971.7
1137040 1971.7
1137050 1974.9
1137060 1978.0
1137070 1978.0
1137080 1981.8
1137090 1985.2
1137100 1985.2
1137110 1988.7
1137120 1995.1
1137130 1995.1
1137140 1999.0
1137150 2002.2
1137160 2002.2
1137170 2005.4
1137180 2008.7
1137190 2008.7
1137200 2012.7
1137210 2017.4
1137220 2023.0
1137230 2023.0
1137240 2029.7
1137250 2037.8
1137260 2037.8
1137270 2044.9
1137280 2049.0
1137290 2049.0
1137300 2050.7
1137310 2058.4
1137320 2058.4
1137330 2067.1
1137340 2076.0
1137350 2076.0
1137360 2085.2
1137370 2094.6
1137380 2094.6
1137390 2104.0
1137400 2113.1
1137410 2113.1
1137420 2122.0
1137430 2131.1
1137440 2131.1
1137450 2141.1
1137460 2151.1
1137470 2159.7
1137480 2159.7
1137490 2172.3
1137500 2178.6
1137510 2178.6
1137520 2184.8
1137530 2190.5
1137540 2190.5
1137550 2195.6
1137560 2199.9
1137570 2199.9
1137580 2203.0
1137590 2206.0
1137600 2206.0
1137610 2209.0
1137620 2210.3
1137630 2210.3
1137640 2208.5
1137650 2205.4
1137660 2205.4
1137670 2203.5
1137680 2202.5
1137690 2202.5
1137700 2200.4
1137710 2195.6
1137720 2190.4
1137730 2190.4
1137740 2186.4
1137750 2186.0
1137760 2186.0
1137770 2186.9
1137780 2185.1
1137790 2185.1
1137800 2181.8
1137810 2179.2
1137820 2179.2
1137830 2177.3
1137840 2172.4
1137850 2172.3
1137860 2165.7
1137870 2158.2
1137880 2158.2
1137890 2150.7
1137900 2144.5
1137910 2144.5
1137920 2141.3
1137930 2137.9
1137940 2137.9
1137950 2134.6
1137960 2131.0
1137970 2127.7
1137980 2127.7
1137990 2124.5
1138000 2121.0
1138010 2121.0
1138020 2116.3
1138030 2110.0
1138040 2110.0
1138050 2104.4
1138060 2098.5
1138070 2098.5
1138080 2092.6
1138090 2088.2
1138100 2088.2
1138110 2083.6
1138120 2079.3
1138130 2079.3
1138140 2074.8
1138150 2069.1
1138160 2069.1
1138170 2064.5
1138180 2061.3
1138190 2061.3
1138200 2052.6
1138210 2042.5
1138220 2047.8
1138230 2034.5
1138240 2024.9
1138250 2016.5
1138260 2016.5
1138270 2009.3
1138280 2003.2
1138290 2003.2
1138300 1996.5
1138310 1990.3
1138320 1990.3
1138330 1984.8
1138340 1979.4
1138350 1979.4
1138360 1974.7
1138370 1969.3
1138380 1969.3
1138390 1964.2
1138400 1959.0
1138410 1959.0
1138420 1953.9
1138430 1948.7
1138440 1948.7
1138450 1944.4
1138460 1938.8
1138470 1938.8
1138480 1933.0
1138490 1928.7
1138500 1924.7
1138510 1924.7
1138520 1921.3
1138530 1919.1
1138540 1919.1
1138550 1917.0
1138560 1914.5
1138570 1914.5
1138580 1911.5
1138590 1905.9
1138600 1905.9
1138610 1901.7
1138620 1898.4
1138630 1898.4
1138640 1895.2
1138650 1891.3
1138660 1891.3
1138670 1888.3
1138680 1885.2
1138690 1885.2
1138700 1880.2
1138710 1872.6
1138720 1872.6
1138730 1865.8
1138740 1861.1
1138750 1857.9
1138760 1857.9
1138770 1854.5
1138780 1850.7
1138790 1850.7
1138800 1846.7
1138810 1842.2
1138820 1842.2
1138830 1838.6
1138840 1834.8
1138850 1834.8
1138860 1831.6
1138870 1827.6
1138880 1827.6
1138890 1825.6
1138900 1825.7
1138910 1825.7
1138920 1828.6
1138930 1830.2
1138940 1830.2
1138950 1827.0
1138960 1828.5
1138970 1828.5
1138980 1827.8
1138990 1824.9
1139000 1820.8
1139010 1820.8
1139020 1815.8
1139030 1809.8
1139040 1809.8
1139050 1799.1
1139060 1790.4
1139070 1790.4
1139080 1783.3
1139090 1776.1
1139100 1776.1
1139110 1768.8
1139120 1764.6
1139130 1764.6
1139140 1762.9
1139150 1759.5
1139160 1759.5
1139170 1754.5
1139180 1749.4
1139190 1749.4
1139200 1745.4
1139210 1741.0
1139220 1741.0
1139230 1737.9
1139240 1734.1
1139250 1729.1
1139260 1729.1
1139270 1724.8
1139280 1720.2
1139290 1720.2
1139300 1715.7
1139310 1712.5
1139320 1711.7
1139330 1709.0
1139340 1706.0
1139350 1706.0
1139360 1703.4
1139370 1700.7
1139380 1700.7
1139390 1697.7
1139400 1695.0
1139410 1695.0
1139420 1692.8
1139430 1690.8
1139440 1690.8
1139450 1688.9
1139460 1687.6
1139470 1687.6
1139480 1686.3
1139490 1685.0
1139500 1683.8
1139510 1683.8
1139520 1683.0
1139530 1684.1
1139540 1684.1
1139550 1686.1
1139560 1687.5
1139570 1687.5
1139580 1688.7
1139590 1688.7
1139600 1688.7
1139610 1687.9
1139620 1685.4
1139630 1685.4
1139640 1682.1
1139650 1678.7
1139660 1678.7
1139670 1676.3
1139680 1674.7
1139690 1673.6
1139700 1670.2
1139710 1665.4
1139720 1665.4
1139730 1661.7
1139740 1660.2
1139750 1659.2
1139760 1659.2
1139770 1657.6
1139780 1656.4
1139790 1656.4
1139800 1656.5
1139810 1658.4
1139820 1658.4
1139830 1662.2
1139840 1664.5
1139850 1664.5
1139860 1665.9
1139870 1670.9
1139880 1670.9
1139890 1677.9
1139900 1682.6
1139910 1682.6
1139920 1685.9
1139930 1689.2
1139940 1689.2
1139950 1692.2
1139960 1695.6
1139970 1695.6
1139980 1699.8
1139990 1704.6
