1120000 1779.6
1120010 1780.0
1120020 1778.8
1120030 1778.8
1120040 1775.3
1120050 1771.9
1120060 1771.9
1120070 1769.3
1120080 1766.4
1120090 1766.4
1120100 1763.9
1120110 1759.9
1120120 1759.9
1120130 1757.4
1120140 1756.9
1120150 1756.9
1120160 1756.7
1120170 1756.0
1120180 1756.0
1120190 1754.3
1120200 1753.1
1120210 1753.1
1120220 1751.6
1120230 1746.3
1120240 1746.3
1120250 1744.2
1120260 1743.1
1120270 1741.2
1120280 1741.2
1120290 1738.2
1120300 1736.0
1120310 1736.0
1120320 1734.1
1120330 1731.2
1120340 1731.2
1120350 1728.5
1120360 1725.9
1120370 1725.9
1120380 1726.4
1120390 1726.2
1120400 1726.2
1120410 1725.4
1120420 1724.6
1120430 1724.6
1120440 1722.9
1120450 1720.0
1120460 1720.0
1120470 1717.9
1120480 1715.9
1120490 1715.9
1120500 1714.9
1120510 1714.3
1120520 1713.9
1120530 1713.9
1120540 1713.7
1120550 1711.7
1120560 1711.7
1120570 1710.5
1120580 1705.0
1120590 1705.0
1120600 1703.6
1120610 1702.3
1120620 1702.3
1120630 1702.0
1120640 1701.1
1120650 1701.1
1120660 1699.6
1120670 1698.0
1120680 1698.0
1120690 1696.4
1120700 1695.0
1120710 1695.0
1120720 1692.7
1120730 1689.4
1120740 1689.4
1120750 1685.1
1120760 1683.4
1120770 1683.7
1120780 1683.7
1120790 1682.3
1120800 1680.1
1120810 1680.1
1120820 1678.0
1120830 1676.7
1120840 1676.7
1120850 1675.0
1120860 1673.3
1120870 1673.3
1120880 1672.0
1120890 1670.0
1120900 1670.0
1120910 1668.5
1120920 1666.8
1120930 1658.6
1120940 1656.9
1120950 1655.1
1120960 1655.1
1120970 1653.6
1120980 1651.9
1120990 1651.9
1121000 1651.3
1121010 1650.8
1121020 1649.5
1121030 1649.5
1121040 1646.8
1121050 1644.2
1121060 1644.2
1121070 1642.4
1121080 1640.4
1121090 1640.4
1121100 1637.7
1121110 1633.3
1121120 1633.3
1121130 1633.1
1121140 1633.7
1121150 1633.7
1121160 1632.9
1121170 1631.9
1121180 1631.9
1121190 1631.4
1121200 1630.3
1121210 1630.3
1121220 1628.8
1121230 1628.0
1121240 1628.0
1121250 1627.4
1121260 1626.7
1121270 1625.1
1121280 1618.1
1121290 1617.1
1121300 1619.0
1121310 1619.0
1121320 1619.6
1121330 1618.7
1121340 1618.7
1121350 1616.8
1121360 1616.5
1121370 1616.5
1121380 1615.1
1121390 1610.5
1121400 1610.5
1121410 1606.6
1121420 1603.8
1121430 1603.8
1121440 1601.0
1121450 1597.2
1121460 1597.2
1121470 1592.4
1121480 1589.2
1121490 1589.2
1121500 1592.2
1121510 1598.0
1121520 1600.8
1121530 1600.8
1121540 1597.5
1121550 1594.1
1121560 1594.1
1121570 1590.9
1121580 1592.7
1121590 1592.7
1121600 1594.3
1121610 1588.0
1121620 1588.0
1121630 1561.5
1121640 1555.0
1121650 1555.0
1121660 1559.3
1121670 1575.5
1121680 1575.5
1121690 1580.5
1121700 1585.6
1121710 1585.6
1121720 1590.6
1121730 1592.2
1121740 1592.2
1121750 1595.0
1121760 1592.3
1121770 1588.4
1121780 1588.4
1121790 1587.2
1121800 1587.8
1121810 1587.8
1121820 1589.1
1121830 1592.6
1121840 1592.6
1121850 1594.7
1121860 1596.4
1121870 1596.4
1121880 1598.3
1121890 1599.3
1121900 1599.3
1121910 1600.1
1121920 1598.4
1121930 1598.4
1121940 1601.4
1121950 1602.1
1121960 1602.1
1121970 1601.4
1121980 1599.7
1121990 1599.7
1122000 1599.0
1122010 1600.5
1122020 1600.5
1122030 1602.1
1122040 1602.8
1122050 1603.4
1122060 1603.4
1122070 1603.7
1122080 1602.2
1122090 1602.2
1122100 1602.9
1122110 1603.1
1122120 1603.1
1122130 1605.0
1122140 1605.6
1122150 1605.6
1122160 1605.5
1122170 1606.9
1122180 1606.9
1122190 1607.7
1122200 1604.6
1122210 1604.6
1122220 1598.6
1122230 1600.5
1122240 1600.5
1122250 1604.8
1122260 1607.3
1122270 1607.3
1122280 1611.2
1122290 1614.4
1122300 1616.6
1122310 1616.6
1122320 1617.7
1122330 1612.2
1122340 1612.2
1122350 1611.9
1122360 1611.6
1122370 1611.6
1122380 1610.9
1122390 1609.0
1122400 1609.0
1122410 1612.6
1122420 1614.0
1122430 1614.0
1122440 1615.6
1122450 1617.9
1122460 1617.9
1122470 1619.6
1122480 1619.9
1122490 1619.9
1122500 1617.9
1122510 1615.3
1122520 1615.3
1122530 1618.2
1122540 1619.3
1122550 1618.9
1122560 1618.9
1122570 1621.2
1122580 1623.1
1122590 1623.1
1122600 1623.4
1122610 1622.9
1122620 1622.9
1122630 1622.6
1122640 1622.0
1122650 1622.0
1122660 1621.9
1122670 1622.6
1122680 1616.9
1122690 1618.0
1122700 1619.0
1122710 1619.0
1122720 1618.1
1122730 1615.5
1122740 1615.5
1122750 1613.6
1122760 1610.8
1122770 1610.8
1122780 1609.8
1122790 1608.9
1122800 1609.0
1122810 1609.0
1122820 1610.5
1122830 1611.6
1122840 1611.6
1122850 1608.8
1122860 1605.9
1122870 1605.9
1122880 1610.3
1122890 1614.0
1122900 1614.0
1122910 1613.8
1122920 1608.6
1122930 1608.6
1122940 1604.2
1122950 1610.7
1122960 1610.7
1122970 1617.5
1122980 1618.2
1122990 1618.2
1123000 1618.3
1123010 1618.8
1123020 1618.8
1123030 1616.8
1123040 1608.7
1123050 1613.4
1123060 1613.4
1123070 1615.9
1123080 1616.4
1123090 1616.4
1123100 1616.5
1123110 1616.6
1123120 1616.6
1123130 1616.6
1123140 1616.4
1123150 1616.4
1123160 1615.9
1123170 1614.6
1123180 1614.6
1123190 1614.2
1123200 1615.4
1123210 1615.4
1123220 1614.8
1123230 1612.7
1123240 1612.7
1123250 1610.7
1123260 1612.4
1123270 1612.4
1123280 1612.9
1123290 1610.8
1123300 1607.8
1123310 1607.8
1123320 1608.4
1123330 1608.9
1123340 1608.9
1123350 1609.4
1123360 1608.4
1123370 1608.4
1123380 1606.2
1123390 1600.4
1123400 1600.4
1123410 1599.6
1123420 1598.4
1123430 1598.4
1123440 1598.9
1123450 1598.8
1123460 1598.8
1123470 1597.6
1123480 1598.7
1123490 1598.7
1123500 1599.6
1123510 1600.5
1123520 1600.5
1123530 1599.3
1123540 1597.0
1123550 1599.4
1123560 1599.4
1123570 1601.5
1123580 1602.3
1123590 1602.3
1123600 1602.3
1123610 1600.6
1123620 1600.6
1123630 1599.2
1123640 1601.0
1123650 1601.0
1123660 1599.9
1123670 1593.4
1123680 1593.4
1123690 1586.0
1123700 1579.5
1123710 1579.5
1123720 1572.3
1123730 1577.2
1123740 1573.7
1123750 1586.4
1123760 1595.6
1123770 1595.6
1123780 1594.6
1123790 1598.3
1123800 1600.5
1123810 1600.5
1123820 1602.2
1123830 1602.3
1123840 1602.3
1123850 1602.0
1123860 1604.6
1123870 1604.6
1123880 1605.4
1123890 1605.0
1123900 1605.0
1123910 1605.2
1123920 1603.9
1123930 1603.9
1123940 1603.0
1123950 1603.5
1123960 1603.5
1123970 1604.3
1123980 1604.2
1123990 1604.2
1124000 1604.2
1124010 1604.4
1124020 1604.4
1124030 1604.5
1124040 1604.1
1124050 1604.2
1124060 1604.2
1124070 1608.8
1124080 1612.9
1124090 1608.7
1124100 1612.2
1124110 1615.2
1124120 1615.2
1124130 1615.0
1124140 1607.9
1124150 1607.9
1124160 1599.4
1124170 1592.2
1124180 1592.2
1124190 1586.0
1124200 1581.7
1124210 1581.7
1124220 1578.6
1124230 1574.2
1124240 1574.2
1124250 1570.9
1124260 1571.3
1124270 1571.3
1124280 1571.7
1124290 1570.8
1124300 1570.8
1124310 1570.5
1124320 1570.8
1124330 1571.1
1124340 1571.1
1124350 1571.3
1124360 1570.6
1124370 1570.6
1124380 1570.1
1124390 1571.8
1124400 1571.8
1124410 1572.5
1124420 1571.9
1124430 1571.9
1124440 1572.2
1124450 1569.4
1124460 1569.4
1124470 1570.8
1124480 1571.4
1124490 1571.4
1124500 1571.0
1124510 1572.0
1124520 1572.0
1124530 1573.0
1124540 1572.5
1124550 1572.5
1124560 1572.7
1124570 1573.2
1124580 1573.8
1124590 1573.8
1124600 1574.0
1124610 1573.3
1124620 1573.3
1124630 1573.6
1124640 1574.9
1124650 1574.9
1124660 1575.5
1124670 1575.7
1124680 1575.7
1124690 1575.4
1124700 1575.4
1124710 1575.4
1124720 1575.6
1124730 1574.9
1124740 1574.9
1124750 1574.9
1124760 1575.8
1124770 1575.8
1124780 1576.5
1124790 1576.7
1124800 1573.1
1124810 1572.1
1124820 1571.3
1124830 1570.4
1124840 1570.4
1124850 1569.8
1124860 1570.7
1124870 1570.7
1124880 1571.1
1124890 1570.8
1124900 1570.8
1124910 1571.2
1124920 1572.0
1124930 1572.0
1124940 1572.0
1124950 1571.5
1124960 1571.5
1124970 1570.0
1124980 1568.8
1124990 1568.8
1125000 1568.5
1125010 1568.0
1125020 1568.0
1125030 1566.3
1125040 1564.6
1125050 1564.6
1125060 1563.1
1125070 1563.5
1125080 1561.5
1125090 1561.5
1125100 1557.5
1125110 1561.3
1125120 1561.3
1125130 1564.3
1125140 1564.9
1125150 1561.8
1125160 1560.5
1125170 1559.5
1125180 1559.5
1125190 1558.8
1125200 1557.8
1125210 1557.8
1125220 1556.6
1125230 1554.9
1125240 1554.9
1125250 1554.2
1125260 1553.6
1125270 1553.6
1125280 1552.5
1125290 1552.1
1125300 1552.1
1125310 1549.3
1125320 1545.9
1125330 1546.8
1125340 1546.8
1125350 1546.5
1125360 1544.6
1125370 1544.6
1125380 1542.2
1125390 1541.6
1125400 1541.6
1125410 1542.1
1125420 1542.4
1125430 1542.4
1125440 1542.2
1125450 1541.9
1125460 1541.9
1125470 1541.0
1125480 1539.2
1125490 1539.2
1125500 1537.2
1125510 1532.6
1125520 1532.6
1125530 1531.2
1125540 1529.0
1125550 1529.0
1125560 1528.2
1125570 1528.5
1125580 1528.6
1125590 1528.6
1125600 1528.9
1125610 1528.9
1125620 1528.9
1125630 1529.0
1125640 1529.8
1125650 1529.8
1125660 1530.7
1125670 1531.6
1125680 1531.6
1125690 1532.8
1125700 1535.3
1125710 1535.3
1125720 1535.9
1125730 1535.8
1125740 1535.8
1125750 1536.6
1125760 1537.7
1125770 1537.7
1125780 1537.9
1125790 1537.4
1125800 1537.4
1125810 1537.2
1125820 1539.1
1125830 1540.3
1125840 1540.3
1125850 1540.1
1125860 1536.7
1125870 1536.7
1125880 1537.6
1125890 1538.5
1125900 1538.5
1125910 1539.0
1125920 1541.0
1125930 1541.0
1125940 1542.4
1125950 1542.9
1125960 1542.9
1125970 1541.0
1125980 1541.7
1125990 1541.7
1126000 1542.3
1126010 1542.2
1126020 1542.2
1126030 1542.6
1126040 1542.1
1126050 1542.1
1126060 1541.6
1126070 1541.2
1126080 1540.4
1126090 1540.4
1126100 1539.2
1126110 1537.6
1126120 1537.6
1126130 1536.4
1126140 1534.2
1126150 1534.2
1126160 1532.5
1126170 1532.4
1126180 1532.4
1126190 1531.4
1126200 1530.6
1126210 1530.1
1126220 1529.0
1126230 1526.2
1126240 1526.2
1126250 1522.7
1126260 1519.5
1126270 1519.5
1126280 1516.5
1126290 1513.4
1126300 1513.4
1126310 1510.1
1126320 1507.3
1126330 1505.6
1126340 1505.6
1126350 1505.6
1126360 1504.5
1126370 1504.5
1126380 1503.4
1126390 1502.8
1126400 1502.8
1126410 1502.3
1126420 1501.8
1126430 1501.8
1126440 1500.3
1126450 1496.9
1126460 1496.9
1126470 1494.1
1126480 1493.1
1126490 1493.1
1126500 1492.6
1126510 1492.2
1126520 1492.2
1126530 1492.0
1126540 1490.5
1126550 1490.5
1126560 1489.4
1126570 1488.1
1126580 1488.1
1126590 1487.1
1126600 1485.4
1126610 1482.7
1126620 1482.7
1126630 1479.3
1126640 1476.5
1126650 1476.5
1126660 1475.8
1126670 1475.3
1126680 1475.3
1126690 1474.9
1126700 1474.5
1126710 1474.5
1126720 1473.9
1126730 1473.0
1126740 1473.0
1126750 1472.5
1126760 1472.0
1126770 1472.0
1126780 1471.4
1126790 1470.8
1126800 1470.8
1126810 1470.2
1126820 1469.7
1126830 1469.7
1126840 1469.3
1126850 1468.8
1126860 1468.0
1126870 1468.0
1126880 1466.3
1126890 1466.0
1126900 1466.0
1126910 1466.0
1126920 1466.0
1126930 1466.0
1126940 1466.0
1126950 1465.8
1126960 1465.8
1126970 1465.4
1126980 1465.0
1126990 1465.0
1127000 1464.5
1127010 1463.7
1127020 1463.7
1127030 1463.0
1127040 1462.6
1127050 1462.6
1127060 1462.6
1127070 1462.9
1127080 1462.9
1127090 1462.9
1127100 1462.8
1127110 1462.7
1127120 1462.7
1127130 1462.7
1127140 1462.6
1127150 1462.6
1127160 1461.9
1127170 1461.6
1127180 1461.6
1127190 1462.2
1127200 1465.5
1127210 1465.5
1127220 1470.3
1127230 1474.7
1127240 1474.7
1127250 1479.5
1127260 1481.9
1127270 1481.9
1127280 1489.9
1127290 1492.8
1127300 1492.8
1127310 1496.3
1127320 1498.7
1127330 1498.7
1127340 1501.0
1127350 1502.2
1127360 1503.3
1127370 1503.3
1127380 1504.0
1127390 1503.7
1127400 1503.7
1127410 1505.6
1127420 1507.4
1127430 1507.4
1127440 1509.1
1127450 1509.1
1127460 1509.1
1127470 1506.8
1127480 1503.2
1127490 1503.2
1127500 1499.2
1127510 1495.9
1127520 1495.9
1127530 1493.1
1127540 1491.8
1127550 1491.8
1127560 1489.8
1127570 1488.1
1127580 1488.1
1127590 1486.8
1127600 1485.3
1127610 1484.1
1127620 1484.1
1127630 1482.8
1127640 1484.0
1127650 1484.0
1127660 1483.4
1127670 1482.3
1127680 1482.3
1127690 1481.9
1127700 1481.2
1127710 1481.2
1127720 1481.2
1127730 1482.1
1127740 1482.1
1127750 1483.1
1127760 1484.4
1127770 1484.4
1127780 1485.1
1127790 1485.4
1127800 1485.4
1127810 1485.6
1127820 1486.1
1127830 1486.1
1127840 1486.8
1127850 1487.2
1127860 1487.5
1127870 1487.5
1127880 1487.6
1127890 1488.0
1127900 1488.0
1127910 1489.0
1127920 1490.0
1127930 1490.0
1127940 1490.8
1127950 1491.6
1127960 1491.6
1127970 1492.3
1127980 1493.0
1127990 1494.5
1128000 1495.1
1128010 1495.8
1128020 1495.8
1128030 1496.2
1128040 1497.2
1128050 1497.2
1128060 1497.8
1128070 1498.4
1128080 1498.4
1128090 1499.2
1128100 1499.8
1128110 1500.4
1128120 1500.4
1128130 1501.2
1128140 1502.1
1128150 1502.1
1128160 1502.1
1128170 1502.3
1128180 1502.3
1128190 1502.5
1128200 1502.5
1128210 1502.5
1128220 1502.3
1128230 1501.8
1128240 1501.8
1128250 1501.5
1128260 1501.3
1128270 1501.3
1128280 1501.5
1128290 1501.8
1128300 1501.8
1128310 1501.7
1128320 1501.5
1128330 1501.5
1128340 1501.6
1128350 1502.9
1128360 1502.3
1128370 1502.3
1128380 1502.3
1128390 1503.0
1128400 1503.0
1128410 1503.8
1128420 1505.1
1128430 1505.1
1128440 1506.7
1128450 1508.2
1128460 1508.2
1128470 1509.7
1128480 1510.5
1128490 1510.5
1128500 1510.8
1128510 1512.9
1128520 1512.9
1128530 1515.6
1128540 1517.1
1128550 1517.1
1128560 1517.8
1128570 1518.3
1128580 1518.3
1128590 1518.6
1128600 1518.5
1128610 1517.0
1128620 1517.0
1128630 1516.8
1128640 1518.8
1128650 1518.8
1128660 1519.3
1128670 1520.0
1128680 1520.0
1128690 1520.4
1128700 1521.5
1128710 1523.7
1128720 1525.5
1128730 1527.1
1128740 1527.1
1128750 1529.2
1128760 1530.9
1128770 1530.9
1128780 1527.8
1128790 1522.2
1128800 1522.2
1128810 1516.0
1128820 1509.7
1128830 1509.7
1128840 1504.5
1128850 1501.5
1128860 1499.1
1128870 1499.1
1128880 1496.3
1128890 1497.5
1128900 1497.5
1128910 1502.0
1128920 1500.2
1128930 1500.2
1128940 1499.2
1128950 1493.2
1128960 1493.2
1128970 1483.4
1128980 1477.9
1128990 1477.9
1129000 1472.7
1129010 1477.6
1129020 1477.6
1129030 1492.1
1129040 1502.8
1129050 1502.8
1129060 1510.7
1129070 1517.4
1129080 1517.4
1129090 1522.3
1129100 1527.1
1129110 1527.1
1129120 1531.8
1129130 1536.4
1129140 1539.1
1129150 1539.1
1129160 1542.8
1129170 1546.5
1129180 1546.5
1129190 1550.3
1129200 1554.7
1129210 1554.7
1129220 1558.8
1129230 1562.9
1129240 1562.9
1129250 1567.5
1129260 1572.4
1129270 1572.4
1129280 1577.5
1129290 1582.9
1129300 1582.9
1129310 1588.5
1129320 1594.0
1129330 1594.0
1129340 1599.2
1129350 1604.8
1129360 1604.8
1129370 1611.3
1129380 1617.9
1129390 1624.4
1129400 1624.4
1129410 1631.3
1129420 1643.0
1129430 1643.0
1129440 1650.4
1129450 1658.2
1129460 1658.2
1129470 1669.0
1129480 1680.7
1129490 1680.7
1129500 1690.4
1129510 1698.5
1129520 1698.5
1129530 1706.2
1129540 1713.3
1129550 1713.3
1129560 1720.7
1129570 1733.5
1129580 1733.5
1129590 1747.0
1129600 1758.7
1129610 1758.7
1129620 1766.9
1129630 1774.3
1129640 1781.9
1129650 1781.9
1129660 1787.4
1129670 1792.9
1129680 1792.9
1129690 1799.9
1129700 1807.8
1129710 1807.8
1129720 1815.3
1129730 1819.7
1129740 1819.7
1129750 1821.6
1129760 1825.0
1129770 1825.0
1129780 1833.9
1129790 1840.2
1129800 1840.2
1129810 1846.7
1129820 1853.2
1129830 1853.2
1129840 1860.1
1129850 1867.3
1129860 1867.3
1129870 1874.6
1129880 1884.7
1129890 1891.4
1129900 1891.4
1129910 1896.4
1129920 1902.1
1129930 1902.1
1129940 1907.5
1129950 1912.4
1129960 1912.4
1129970 1917.5
1129980 1923.7
1129990 1923.7
1130000 1930.9
1130010 1936.2
1130020 1936.2
1130030 1939.5
1130040 1943.9
1130050 1943.9
1130060 1943.6
1130070 1941.9
1130080 1941.9
1130090 1939.5
1130100 1937.1
1130110 1937.1
1130120 1938.0
1130130 1942.3
1130140 1956.3
1130150 1956.3
1130160 1963.6
1130170 1965.9
1130180 1965.9
1130190 1968.3
1130200 1971.1
1130210 1971.1
1130220 1974.4
1130230 1978.7
1130240 1978.7
1130250 1981.5
1130260 1983.9
1130270 1983.9
1130280 1986.7
1130290 1989.2
1130300 1989.2
1130310 1991.2
1130320 1992.8
1130330 1992.8
1130340 1993.0
1130350 1991.6
1130360 1991.6
1130370 1988.1
1130380 1986.3
1130390 1985.6
1130400 1985.6
1130410 1985.3
1130420 1986.6
1130430 1986.6
1130440 1989.5
1130450 1992.8
1130460 1992.8
1130470 1995.4
1130480 1998.6
1130490 1998.6
1130500 2009.7
1130510 2016.8
1130520 2016.8
1130530 2022.5
1130540 2024.9
1130550 2024.9
1130560 2025.1
1130570 2025.5
1130580 2025.5
1130590 2023.7
1130600 2020.3
1130610 2020.3
1130620 2018.5
1130630 2015.7
1130640 2011.0
1130650 2011.0
1130660 2007.8
1130670 2006.0
1130680 2006.0
1130690 2004.8
1130700 2004.4
1130710 2004.4
1130720 2002.8
1130730 2002.0
1130740 2002.0
1130750 2001.9
1130760 2003.3
1130770 2003.3
1130780 2004.8
1130790 2006.2
1130800 2006.2
1130810 2009.2
1130820 2011.3
1130830 2011.3
1130840 2013.7
1130850 2015.1
1130860 2017.5
1130870 2019.4
1130880 2020.2
1130890 2020.8
1130900 2020.8
1130910 2022.0
1130920 2023.6
1130930 2023.6
1130940 2025.6
1130950 2027.7
1130960 2027.7
1130970 2030.2
1130980 2034.1
1130990 2034.1
1131000 2038.5
1131010 2043.2
1131020 2043.2
1131030 2048.2
1131040 2051.2
1131050 2051.2
1131060 2053.8
1131070 2057.7
1131080 2057.7
1131090 2061.5
1131100 2065.4
1131110 2065.4
1131120 2069.7
1131130 2073.7
1131140 2076.3
1131150 2076.3
1131160 2078.9
1131170 2082.1
1131180 2082.1
1131190 2085.0
1131200 2088.6
1131210 2088.6
1131220 2096.2
1131230 2099.9
1131240 2099.9
1131250 2103.5
1131260 2107.9
1131270 2107.9
1131280 2112.5
1131290 2117.5
1131300 2117.5
1131310 2124.2
1131320 2131.7
1131330 2131.7
1131340 2137.1
1131350 2142.8
1131360 2142.8
1131370 2149.6
1131380 2155.8
1131390 2162.4
1131400 2162.4
1131410 2168.1
1131420 2174.0
1131430 2174.0
1131440 2180.4
1131450 2189.4
1131460 2189.4
1131470 2198.7
1131480 2204.4
1131490 2204.4
1131500 2209.5
1131510 2216.0
1131520 2216.0
1131530 2222.7
1131540 2229.1
1131550 2229.1
1131560 2237.0
1131570 2250.2
1131580 2251.8
1131590 2261.0
1131600 2271.7
1131610 2271.7
1131620 2282.7
1131630 2294.0
1131640 2302.7
1131650 2302.7
1131660 2311.3
1131670 2319.1
1131680 2319.1
1131690 2326.4
1131700 2332.3
1131710 2332.3
1131720 2335.1
1131730 2335.9
1131740 2335.9
1131750 2340.6
1131760 2342.9
1131770 2342.9
1131780 2343.5
1131790 2344.1
1131800 2344.1
1131810 2345.1
1131820 2345.9
1131830 2345.9
1131840 2345.8
1131850 2344.3
1131860 2344.3
1131870 2342.0
1131880 2339.5
1131890 2339.5
1131900 2338.6
1131910 2337.4
1131920 2335.4
1131930 2335.4
1131940 2332.2
1131950 2330.3
1131960 2330.3
1131970 2328.2
1131980 2327.0
1131990 2327.0
1132000 2325.8
1132010 2324.8
1132020 2324.8
1132030 2322.8
1132040 2320.1
1132050 2320.1
1132060 2315.5
1132070 2308.3
1132080 2308.3
1132090 2301.8
1132100 2296.0
1132110 2296.0
1132120 2290.8
1132130 2285.3
1132140 2285.3
1132150 2275.9
1132160 2265.5
1132170 2255.5
1132180 2255.5
1132190 2248.5
1132200 2244.4
1132210 2244.4
1132220 2240.5
1132230 2242.3
1132240 2242.3
1132250 2242.1
1132260 2244.1
1132270 2244.1
1132280 2249.2
1132290 2254.2
1132300 2262.9
1132310 2256.9
1132320 2247.6
1132330 2247.6
1132340 2238.9
1132350 2233.3
1132360 2233.3
1132370 2230.8
1132380 2227.1
1132390 2227.1
1132400 2226.2
1132410 2230.9
1132420 2231.1
1132430 2231.1
1132440 2225.9
1132450 2219.5
1132460 2219.5
1132470 2213.7
1132480 2206.5
1132490 2206.5
1132500 2200.3
1132510 2196.7
1132520 2196.7
1132530 2191.3
1132540 2188.9
1132550 2188.9
1132560 2188.6
1132570 2188.8
1132580 2188.8
1132590 2187.9
1132600 2186.3
1132610 2186.3
1132620 2185.9
1132630 2185.3
1132640 2185.3
1132650 2182.4
1132660 2182.7
1132670 2180.6
1132680 2180.6
1132690 2177.2
1132700 2173.7
1132710 2173.7
1132720 2171.0
1132730 2168.5
1132740 2168.5
1132750 2163.8
1132760 2162.3
1132770 2162.3
1132780 2160.8
1132790 2159.4
1132800 2159.4
1132810 2155.6
1132820 2152.1
1132830 2152.1
1132840 2147.4
1132850 2141.8
1132860 2141.8
1132870 2136.6
1132880 2130.6
1132890 2130.6
1132900 2122.0
1132910 2113.1
1132920 2101.5
1132930 2101.5
1132940 2090.1
1132950 2074.2
1132960 2074.2
1132970 2064.2
1132980 2053.2
1132990 2053.2
1133000 2045.1
1133010 2044.0
1133020 2061.4
1133030 2062.1
1133040 2060.0
1133050 2060.0
1133060 2060.1
1133070 2060.3
1133080 2060.3
1133090 2057.2
1133100 2052.1
1133110 2052.1
1133120 2048.5
1133130 2045.4
1133140 2045.4
1133150 2041.1
1133160 2036.4
1133170 2035.5
1133180 2035.5
1133190 2042.0
1133200 2049.0
1133210 2049.0
1133220 2058.0
1133230 2063.4
1133240 2063.4
1133250 2067.1
1133260 2067.8
1133270 2067.8
1133280 2072.6
1133290 2076.3
1133300 2076.3
1133310 2078.9
1133320 2082.3
1133330 2082.3
1133340 2087.0
1133350 2090.9
1133360 2090.9
1133370 2097.0
1133380 2104.5
1133390 2104.5
1133400 2105.8
1133410 2106.9
1133420 2108.1
1133430 2108.1
1133440 2110.4
1133450 2112.4
1133460 2112.4
1133470 2112.8
1133480 2115.5
1133490 2115.5
1133500 2120.1
1133510 2123.6
1133520 2123.6
1133530 2125.1
1133540 2124.6
1133550 2124.6
1133560 2125.3
1133570 2127.4
1133580 2127.4
1133590 2131.8
1133600 2135.7
1133610 2135.7
1133620 2144.6
1133630 2149.1
1133640 2149.1
1133650 2154.3
1133660 2156.8
1133670 2159.3
1133680 2159.3
1133690 2163.4
1133700 2166.1
1133710 2166.1
1133720 2168.0
1133730 2170.3
1133740 2172.5
1133750 2173.7
1133760 2172.5
1133770 2172.5
1133780 2170.4
1133790 2173.4
1133800 2173.4
1133810 2178.5
1133820 2181.2
1133830 2181.2
1133840 2182.3
1133850 2182.1
1133860 2182.1
1133870 2182.4
1133880 2184.7
1133890 2184.7
1133900 2189.2
1133910 2194.7
1133920 2201.3
1133930 2201.3
1133940 2208.9
1133950 2216.0
1133960 2216.0
1133970 2220.7
1133980 2226.1
1133990 2226.1
1134000 2230.2
1134010 2233.0
1134020 2233.0
1134030 2236.2
1134040 2238.2
1134050 2238.2
1134060 2237.1
1134070 2231.9
1134080 2231.9
1134090 2230.1
1134100 2231.0
1134110 2230.2
1134120 2231.6
1134130 2237.3
1134140 2237.3
1134150 2245.3
1134160 2254.4
1134170 2262.3
1134180 2262.3
1134190 2272.1
1134200 2284.6
1134210 2284.6
1134220 2290.2
1134230 2293.2
1134240 2293.2
1134250 2297.0
1134260 2301.9
1134270 2301.9
1134280 2306.9
1134290 2311.4
1134300 2311.4
1134310 2315.7
1134320 2322.2
1134330 2322.2
1134340 2331.2
1134350 2336.0
1134360 2336.0
1134370 2340.6
1134380 2344.0
1134390 2344.0
1134400 2347.2
1134410 2352.6
1134420 2352.6
1134430 2355.5
1134440 2359.0
1134450 2362.7
1134460 2362.7
1134470 2365.8
1134480 2369.5
1134490 2369.5
1134500 2370.7
1134510 2370.1
1134520 2370.1
1134530 2369.7
1134540 2369.0
1134550 2369.0
1134560 2367.2
1134570 2366.0
1134580 2366.0
1134590 2368.0
1134600 2371.3
1134610 2371.3
1134620 2374.0
1134630 2375.2
1134640 2375.2
1134650 2377.1
1134660 2378.9
1134670 2378.9
1134680 2381.3
1134690 2383.6
1134700 2386.2
1134710 2386.2
1134720 2389.0
1134730 2391.5
1134740 2391.5
1134750 2393.2
1134760 2393.9
1134770 2393.9
1134780 2394.3
1134790 2394.8
1134800 2394.8
1134810 2394.9
1134820 2394.6
1134830 2392.9
1134840 2391.2
1134850 2385.8
1134860 2385.8
1134870 2377.9
1134880 2369.0
1134890 2369.0
1134900 2360.3
1134910 2351.3
1134920 2351.3
1134930 2341.2
1134940 2333.7
1134950 2325.0
1134960 2325.0
1134970 2317.0
1134980 2307.9
1134990 2307.9
1135000 2298.8
1135010 2291.2
1135020 2291.2
1135030 2285.2
1135040 2279.6
1135050 2279.6
1135060 2268.3
1135070 2254.4
1135080 2254.4
1135090 2239.1
1135100 2230.1
1135110 2230.1
1135120 2224.0
1135130 2217.6
1135140 2217.6
1135150 2214.0
1135160 2210.5
1135170 2210.5
1135180 2206.1
1135190 2201.9
1135200 2195.8
1135210 2195.8
1135220 2191.9
1135230 2187.5
1135240 2187.5
1135250 2183.3
1135260 2179.9
1135270 2179.9
1135280 2176.9
1135290 2174.0
1135300 2174.0
1135310 2171.5
1135320 2169.2
1135330 2169.2
1135340 2167.1
1135350 2165.3
1135360 2165.3
1135370 2163.7
1135380 2162.4
1135390 2162.4
1135400 2160.9
1135410 2159.5
1135420 2159.5
1135430 2158.3
1135440 2157.3
1135450 2156.2
1135460 2156.2
1135470 2155.1
1135480 2154.1
1135490 2154.1
1135500 2153.2
1135510 2152.4
1135520 2152.4
1135530 2151.5
1135540 2150.6
1135550 2150.6
1135560 2150.1
1135570 2149.5
1135580 2149.5
1135590 2148.9
1135600 2148.4
1135610 2148.4
1135620 2147.9
1135630 2147.4
1135640 2147.4
1135650 2147.0
1135660 2147.5
1135670 2147.5
1135680 2152.8
1135690 2159.1
1135700 2163.3
1135710 2163.3
1135720 2165.9
1135730 2167.2
1135740 2167.2
1135750 2167.6
1135760 2163.2
1135770 2163.2
1135780 2143.0
1135790 2135.3
1135800 2135.3
1135810 2129.5
1135820 2124.4
1135830 2124.4
1135840 2119.6
1135850 2114.7
1135860 2114.7
1135870 2109.6
1135880 2105.8
1135890 2105.8
1135900 2103.3
1135910 2102.6
1135920 2102.6
1135930 2097.9
1135940 2097.3
1135950 2100.1
1135960 2100.1
1135970 2103.1
1135980 2106.3
1135990 2106.3
1136000 2103.7
1136010 2098.8
1136020 2098.8
1136030 2100.1
1136040 2102.1
1136050 2102.1
1136060 2100.1
1136070 2098.9
1136080 2098.9
1136090 2096.7
1136100 2094.3
1136110 2094.3
1136120 2094.3
1136130 2093.4
1136140 2093.4
1136150 2088.1
1136160 2080.7
1136170 2080.7
1136180 2076.2
1136190 2073.2
1136200 2067.4
1136210 2067.4
1136220 2061.9
1136230 2056.6
1136240 2056.6
1136250 2051.7
1136260 2046.7
1136270 2046.7
1136280 2041.2
1136290 2031.2
1136300 2031.2
1136310 2024.7
1136320 2018.7
1136330 2018.7
1136340 2013.1
1136350 2007.0
1136360 2007.0
1136370 2003.7
1136380 2002.5
1136390 2002.5
1136400 2001.1
1136410 1999.2
1136420 1999.2
1136430 1997.1
1136440 1994.0
1136450 1990.3
1136460 1990.3
1136470 1986.8
1136480 1987.8
1136490 1987.8
1136500 1988.4
1136510 1988.8
1136520 1988.8
1136530 1987.2
1136540 1985.8
1136550 1985.8
1136560 1983.9
1136570 1981.9
1136580 1981.9
1136590 1979.1
1136600 1976.7
1136610 1976.7
1136620 1975.7
1136630 1975.7
1136640 1975.7
1136650 1975.9
1136660 1979.1
1136670 1979.1
1136680 1978.1
1136690 1976.5
1136700 1976.5
1136710 1976.5
1136720 1977.7
1136730 1979.0
1136740 1979.0
1136750 1981.9
1136760 1985.7
1136770 1985.7
1136780 1988.4
1136790 1991.0
1136800 1991.0
1136810 1993.9
1136820 1997.0
1136830 1997.0
1136840 1999.3
1136850 2001.5
1136860 2001.5
1136870 2003.2
1136880 2004.2
1136890 2004.2
1136900 2005.4
1136910 2006.9
1136920 2006.9
1136930 2007.4
1136940 2007.9
1136950 2009.5
1136960 2009.5
1136970 2017.7
1136980 2026.9
1136990 2026.9
1137000 2032.0
1137010 2035.1
1137020 2038.6
1137030 2040.5
1137040 2044.2
1137050 2044.2
1137060 2048.6
1137070 2053.0
1137080 2053.0
1137090 2057.1
1137100 2061.5
1137110 2061.5
1137120 2068.2
1137130 2075.4
1137140 2075.4
1137150 2083.4
1137160 2091.6
1137170 2091.6
1137180 2097.9
1137190 2103.1
1137200 2108.4
1137210 2108.4
1137220 2113.6
1137230 2119.6
1137240 2119.6
1137250 2125.9
1137260 2133.6
1137270 2133.6
1137280 2140.3
1137290 2145.4
1137300 2145.4
1137310 2155.1
1137320 2163.0
1137330 2163.0
1137340 2170.0
1137350 2175.4
1137360 2175.4
1137370 2181.3
1137380 2188.5
1137390 2194.3
1137400 2200.4
1137410 2205.4
1137420 2205.4
1137430 2209.7
1137440 2213.0
1137450 2213.0
1137460 2213.5
1137470 2209.9
1137480 2205.0
1137490 2205.0
1137500 2200.0
1137510 2196.1
1137520 2196.1
1137530 2192.4
1137540 2188.1
1137550 2188.1
1137560 2183.4
1137570 2180.2
1137580 2180.2
1137590 2178.7
1137600 2176.6
1137610 2176.6
1137620 2172.9
1137630 2168.9
1137640 2168.9
1137650 2166.3
1137660 2164.3
1137670 2164.3
1137680 2160.7
1137690 2158.5
1137700 2158.5
1137710 2156.1
1137720 2152.4
1137730 2149.0
1137740 2149.0
1137750 2142.2
1137760 2140.9
1137770 2140.9
1137780 2141.7
1137790 2141.7
1137800 2141.7
1137810 2140.7
1137820 2138.6
1137830 2138.6
1137840 2135.4
1137850 2132.7
1137860 2132.7
1137870 2131.0
1137880 2129.5
1137890 2129.5
1137900 2127.3
1137910 2124.2
1137920 2124.2
1137930 2120.7
1137940 2116.1
1137950 2116.1
1137960 2110.4
1137970 2104.1
1137980 2102.2
1137990 2102.2
1138000 2101.4
1138010 2093.4
1138020 2093.4
1138030 2085.4
1138040 2077.3
1138050 2077.3
1138060 2070.4
1138070 2065.4
1138080 2065.4
1138090 2060.6
1138100 2058.7
1138110 2058.7
1138120 2051.5
1138130 2049.6
1138140 2049.6
1138150 2046.0
1138160 2043.4
1138170 2043.4
1138180 2041.2
1138190 2037.7
1138200 2037.7
1138210 2032.9
1138220 2026.5
1138230 2020.5
1138240 2020.5
1138250 2015.0
1138260 2010.3
1138270 2010.3
1138280 2006.2
1138290 2002.0
1138300 2002.0
1138310 1997.3
1138320 1991.1
1138330 1991.1
1138340 1981.7
1138350 1971.8
1138360 1971.8
1138370 1963.3
1138380 1955.5
1138390 1955.5
1138400 1948.1
1138410 1941.0
1138420 1941.0
1138430 1933.7
1138440 1926.5
1138450 1926.5
1138460 1922.1
1138470 1917.5
1138480 1914.3
1138490 1912.4
1138500 1908.7
1138510 1904.6
1138520 1904.6
1138530 1901.1
1138540 1897.1
1138550 1897.1
1138560 1894.0
1138570 1891.6
1138580 1891.6
1138590 1888.0
1138600 1885.0
1138610 1885.0
1138620 1882.1
1138630 1877.1
1138640 1877.1
1138650 1870.5
1138660 1864.3
1138670 1864.3
1138680 1859.5
1138690 1855.4
1138700 1855.4
1138710 1850.9
1138720 1846.7
1138730 1842.4
1138740 1842.4
1138750 1837.4
1138760 1831.8
1138770 1831.8
1138780 1825.7
1138790 1818.6
1138800 1818.6
1138810 1811.6
1138820 1806.6
1138830 1806.6
1138840 1801.5
1138850 1794.0
1138860 1798.2
1138870 1792.1
1138880 1787.0
1138890 1787.0
1138900 1781.0
1138910 1774.5
1138920 1774.5
1138930 1768.5
1138940 1764.6
1138950 1764.6
1138960 1762.3
1138970 1760.4
1138980 1759.7
1138990 1759.7
1139000 1759.5
1139010 1759.4
1139020 1759.4
1139030 1759.0
1139040 1756.9
1139050 1756.9
1139060 1752.9
1139070 1747.3
1139080 1747.3
1139090 1744.1
1139100 1741.3
1139110 1741.3
1139120 1738.5
1139130 1735.9
1139140 1735.9
1139150 1733.1
1139160 1730.0
1139170 1730.0
1139180 1726.8
1139190 1723.7
1139200 1723.7
1139210 1720.8
1139220 1717.7
1139230 1715.8
1139240 1715.8
1139250 1713.6
1139260 1711.7
1139270 1711.7
1139280 1709.6
1139290 1708.1
1139300 1708.1
1139310 1706.5
1139320 1704.7
1139330 1704.7
1139340 1703.0
1139350 1701.3
1139360 1701.3
1139370 1699.9
1139380 1698.3
1139390 1698.3
1139400 1696.3
1139410 1694.4
1139420 1694.4
1139430 1692.7
1139440 1691.0
1139450 1691.0
1139460 1689.5
1139470 1688.1
1139480 1687.1
1139490 1687.1
1139500 1686.0
1139510 1684.8
1139520 1684.8
1139530 1683.6
1139540 1682.2
1139550 1682.2
1139560 1680.9
1139570 1679.3
1139580 1679.3
1139590 1675.9
1139600 1673.0
1139610 1673.0
1139620 1669.7
1139630 1667.3
1139640 1667.3
1139650 1666.3
1139660 1667.7
1139670 1667.7
1139680 1671.9
1139690 1677.5
1139700 1677.5
1139710 1682.3
1139720 1687.4
1139730 1691.0
1139740 1691.0
1139750 1698.1
1139760 1703.1
1139770 1703.1
1139780 1706.7
1139790 1710.5
1139800 1710.5
1139810 1714.0
1139820 1717.1
1139830 1717.1
1139840 1720.6
1139850 1723.8
1139860 1723.8
1139870 1726.8
1139880 1729.5
1139890 1729.5
1139900 1732.8
1139910 1735.5
1139920 1735.5
1139930 1738.0
1139940 1741.2
1139950 1741.2
1139960 1748.4
1139970 1751.1
1139980 1756.6
1139990 1756.6
