1120000 1776.7
1120010 1775.6
1120020 1774.3
1120030 1774.3
1120040 1773.4
1120050 1772.9
1120060 1772.9
1120070 1772.2
1120080 1771.2
1120090 1771.2
1120100 1770.4
1120110 1769.9
1120120 1769.9
1120130 1769.3
1120140 1768.9
1120150 1767.6
1120160 1767.3
1120170 1766.5
1120180 1766.5
1120190 1766.2
1120200 1766.1
1120210 1765.7
1120220 1765.7
1120230 1766.0
1120240 1765.7
1120250 1765.7
1120260 1764.8
1120270 1764.7
1120280 1764.7
1120290 1764.3
1120300 1764.5
1120310 1764.5
1120320 1764.6
1120330 1762.7
1120340 1762.7
1120350 1761.2
1120360 1760.4
1120370 1760.4
1120380 1759.5
1120390 1758.5
1120400 1758.5
1120410 1756.1
1120420 1750.3
1120430 1750.3
1120440 1744.6
1120450 1738.6
1120460 1733.7
1120470 1733.7
1120480 1729.6
1120490 1727.4
1120500 1728.1
1120510 1725.1
1120520 1724.7
1120530 1724.7
1120540 1724.2
1120550 1722.6
1120560 1722.6
1120570 1720.7
1120580 1719.1
1120590 1719.1
1120600 1718.8
1120610 1718.2
1120620 1718.2
1120630 1715.5
1120640 1713.4
1120650 1713.4
1120660 1712.6
1120670 1711.5
1120680 1711.5
1120690 1710.5
1120700 1710.5
1120710 1710.3
1120720 1710.3
1120730 1708.3
1120740 1708.4
1120750 1708.4
1120760 1706.0
1120770 1705.4
1120780 1705.4
1120790 1705.4
1120800 1704.7
1120810 1704.7
1120820 1703.4
1120830 1702.2
1120840 1702.2
1120850 1696.0
1120860 1694.5
1120870 1694.5
1120880 1692.3
1120890 1691.4
1120900 1691.4
1120910 1690.2
1120920 1688.6
1120930 1688.6
1120940 1687.2
1120950 1687.0
1120960 1687.8
1120970 1687.8
1120980 1689.6
1120990 1692.5
1121000 1692.5
1121010 1695.6
1121020 1694.2
1121030 1694.2
1121040 1691.9
1121050 1690.6
1121060 1690.6
1121070 1690.0
1121080 1688.6
1121090 1688.6
1121100 1684.2
1121110 1678.8
1121120 1678.8
1121130 1679.2
1121140 1680.1
1121150 1680.1
1121160 1678.5
1121170 1677.0
1121180 1677.0
1121190 1675.5
1121200 1671.4
1121210 1669.9
1121220 1669.9
1121230 1669.6
1121240 1668.1
1121250 1668.1
1121260 1666.6
1121270 1665.1
1121280 1665.1
1121290 1661.4
1121300 1655.0
1121310 1655.0
1121320 1648.9
1121330 1643.1
1121340 1643.1
1121350 1637.8
1121360 1632.4
1121370 1632.4
1121380 1627.5
1121390 1622.7
1121400 1622.7
1121410 1618.1
1121420 1613.9
1121430 1613.9
1121440 1610.1
1121450 1606.8
1121460 1602.2
1121470 1602.2
1121480 1594.2
1121490 1588.5
1121500 1588.5
1121510 1587.8
1121520 1593.3
1121530 1593.3
1121540 1599.9
1121550 1603.8
1121560 1603.8
1121570 1612.5
1121580 1620.8
1121590 1620.8
1121600 1629.9
1121610 1636.3
1121620 1636.3
1121630 1639.8
1121640 1640.0
1121650 1640.0
1121660 1638.0
1121670 1638.2
1121680 1638.2
1121690 1639.8
1121700 1642.1
1121710 1645.7
1121720 1645.7
1121730 1649.9
1121740 1654.5
1121750 1654.5
1121760 1661.1
1121770 1669.8
1121780 1669.8
1121790 1675.6
1121800 1679.3
1121810 1679.3
1121820 1683.5
1121830 1686.0
1121840 1686.0
1121850 1689.5
1121860 1693.9
1121870 1693.9
1121880 1699.0
1121890 1702.4
1121900 1696.6
1121910 1699.0
1121920 1697.7
1121930 1697.7
1121940 1693.4
1121950 1688.9
1121960 1685.3
1121970 1685.3
1121980 1682.4
1121990 1681.8
1122000 1681.8
1122010 1682.9
1122020 1684.1
1122030 1684.1
1122040 1684.8
1122050 1686.0
1122060 1686.0
1122070 1686.8
1122080 1686.0
1122090 1686.0
1122100 1686.6
1122110 1688.1
1122120 1688.1
1122130 1690.1
1122140 1692.7
1122150 1692.7
1122160 1695.5
1122170 1697.0
1122180 1697.0
1122190 1697.3
1122200 1697.2
1122210 1697.2
1122220 1697.9
1122230 1701.5
1122240 1704.0
1122250 1699.0
1122260 1700.7
1122270 1703.8
1122280 1703.8
1122290 1706.5
1122300 1709.9
1122310 1709.9
1122320 1709.4
1122330 1709.7
1122340 1709.7
1122350 1710.6
1122360 1712.3
1122370 1712.3
1122380 1714.2
1122390 1716.1
1122400 1716.1
1122410 1717.4
1122420 1718.1
1122430 1718.1
1122440 1716.6
1122450 1712.5
1122460 1712.5
1122470 1710.8
1122480 1709.5
1122490 1709.3
1122500 1709.3
1122510 1710.6
1122520 1710.8
1122530 1710.8
1122540 1710.7
1122550 1710.9
1122560 1710.9
1122570 1709.9
1122580 1709.0
1122590 1709.0
1122600 1706.5
1122610 1706.0
1122620 1706.0
1122630 1705.6
1122640 1706.6
1122650 1706.6
1122660 1707.4
1122670 1706.9
1122680 1706.9
1122690 1705.9
1122700 1704.9
1122710 1704.9
1122720 1705.6
1122730 1706.1
1122740 1705.7
1122750 1705.7
1122760 1705.8
1122770 1705.5
1122780 1705.5
1122790 1704.3
1122800 1702.5
1122810 1702.5
1122820 1702.2
1122830 1701.4
1122840 1701.4
1122850 1699.8
1122860 1698.2
1122870 1698.2
1122880 1697.8
1122890 1702.6
1122900 1702.6
1122910 1708.4
1122920 1712.0
1122930 1712.0
1122940 1715.4
1122950 1714.4
1122960 1714.4
1122970 1717.8
1122980 1720.0
1122990 1721.6
1123000 1721.6
1123010 1721.8
1123020 1722.6
1123030 1722.6
1123040 1723.1
1123050 1724.9
1123060 1724.9
1123070 1727.2
1123080 1729.3
1123090 1729.3
1123100 1731.1
1123110 1731.2
1123120 1731.2
1123130 1729.1
1123140 1729.9
1123150 1729.9
1123160 1734.9
1123170 1739.6
1123180 1739.6
1123190 1742.0
1123200 1743.4
1123210 1743.4
1123220 1744.4
1123230 1744.9
1123240 1745.6
1123250 1745.6
1123260 1746.7
1123270 1747.3
1123280 1747.3
1123290 1748.5
1123300 1747.6
1123310 1747.6
1123320 1749.1
1123330 1749.3
1123340 1749.3
1123350 1748.1
1123360 1745.9
1123370 1745.9
1123380 1743.6
1123390 1740.2
1123400 1740.2
1123410 1738.1
1123420 1736.3
1123430 1736.3
1123440 1733.9
1123450 1731.9
1123460 1731.9
1123470 1729.4
1123480 1726.4
1123490 1723.5
1123500 1723.5
1123510 1720.6
1123520 1714.6
1123530 1714.6
1123540 1700.9
1123550 1690.9
1123560 1690.9
1123570 1684.1
1123580 1677.1
1123590 1677.1
1123600 1670.2
1123610 1663.6
1123620 1663.6
1123630 1657.4
1123640 1651.0
1123650 1649.4
1123660 1642.7
1123670 1635.3
1123680 1635.3
1123690 1628.1
1123700 1626.0
1123710 1626.0
1123720 1631.6
1123730 1637.6
1123740 1644.4
1123750 1644.4
1123760 1651.7
1123770 1659.5
1123780 1659.5
1123790 1667.2
1123800 1674.9
1123810 1674.9
1123820 1682.8
1123830 1692.3
1123840 1692.3
1123850 1704.6
1123860 1715.4
1123870 1715.4
1123880 1720.8
1123890 1724.2
1123900 1724.2
1123910 1726.2
1123920 1724.5
1123930 1724.5
1123940 1725.1
1123950 1727.8
1123960 1727.8
1123970 1729.3
1123980 1731.1
1123990 1731.1
1124000 1732.0
1124010 1726.6
1124020 1725.4
1124030 1725.4
1124040 1724.4
1124050 1724.0
1124060 1724.0
1124070 1723.5
1124080 1726.9
1124090 1726.9
1124100 1726.6
1124110 1726.2
1124120 1726.2
1124130 1724.5
1124140 1725.8
1124150 1725.8
1124160 1730.3
1124170 1730.9
1124180 1730.9
1124190 1731.2
1124200 1732.2
1124210 1732.2
1124220 1733.7
1124230 1734.5
1124240 1734.5
1124250 1733.1
1124260 1731.2
1124270 1730.3
1124280 1730.3
1124290 1729.5
1124300 1728.4
1124310 1728.4
1124320 1727.5
1124330 1726.5
1124340 1726.5
1124350 1724.6
1124360 1718.8
1124370 1718.8
1124380 1722.3
1124390 1721.7
1124400 1721.7
1124410 1719.5
1124420 1720.6
1124430 1720.6
1124440 1722.0
1124450 1723.8
1124460 1723.8
1124470 1726.5
1124480 1727.7
1124490 1727.7
1124500 1727.1
1124510 1726.1
1124520 1725.9
1124530 1725.9
1124540 1726.4
1124550 1727.6
1124560 1727.6
1124570 1729.6
1124580 1730.6
1124590 1730.6
1124600 1730.5
1124610 1729.4
1124620 1729.4
1124630 1729.4
1124640 1729.5
1124650 1729.5
1124660 1728.9
1124670 1726.3
1124680 1726.3
1124690 1725.3
1124700 1725.2
1124710 1718.2
1124720 1717.3
1124730 1715.9
1124740 1715.9
1124750 1714.2
1124760 1711.3
1124770 1711.4
1124780 1711.4
1124790 1710.8
1124800 1711.2
1124810 1711.2
1124820 1712.0
1124830 1712.6
1124840 1712.6
1124850 1712.9
1124860 1713.7
1124870 1713.7
1124880 1713.5
1124890 1713.7
1124900 1713.7
1124910 1712.5
1124920 1708.6
1124930 1708.6
1124940 1706.5
1124950 1704.3
1124960 1704.3
1124970 1697.4
1124980 1693.2
1124990 1693.2
1125000 1689.7
1125010 1685.1
1125020 1676.9
1125030 1676.9
1125040 1673.4
1125050 1680.5
1125060 1675.4
1125070 1680.9
1125080 1687.9
1125090 1687.9
1125100 1694.9
1125110 1697.4
1125120 1697.4
1125130 1698.6
1125140 1698.2
1125150 1698.2
1125160 1697.2
1125170 1698.9
1125180 1698.9
1125190 1698.5
1125200 1696.3
1125210 1696.3
1125220 1699.3
1125230 1701.0
1125240 1701.0
1125250 1699.5
1125260 1697.4
1125270 1696.0
1125280 1696.0
1125290 1694.8
1125300 1691.8
1125310 1691.8
1125320 1687.1
1125330 1685.6
1125340 1685.6
1125350 1684.8
1125360 1682.0
1125370 1682.0
1125380 1678.7
1125390 1674.2
1125400 1674.2
1125410 1677.2
1125420 1672.8
1125430 1672.8
1125440 1672.4
1125450 1669.9
1125460 1669.9
1125470 1666.4
1125480 1663.2
1125490 1663.2
1125500 1658.8
1125510 1654.3
1125520 1650.8
1125530 1650.8
1125540 1647.7
1125550 1645.4
1125560 1645.4
1125570 1644.8
1125580 1641.6
1125590 1641.6
1125600 1640.7
1125610 1641.1
1125620 1641.1
1125630 1640.5
1125640 1639.3
1125650 1639.3
1125660 1637.9
1125670 1634.6
1125680 1634.6
1125690 1630.6
1125700 1627.6
1125710 1627.6
1125720 1624.7
1125730 1621.9
1125740 1621.9
1125750 1619.5
1125760 1616.2
1125770 1611.0
1125780 1611.0
1125790 1610.4
1125800 1607.2
1125810 1607.2
1125820 1601.5
1125830 1597.9
1125840 1597.9
1125850 1595.3
1125860 1592.6
1125870 1592.6
1125880 1592.4
1125890 1593.5
1125900 1593.5
1125910 1596.1
1125920 1598.5
1125930 1598.5
1125940 1598.5
1125950 1598.0
1125960 1598.0
1125970 1600.5
1125980 1602.1
1125990 1602.1
1126000 1602.0
1126010 1601.1
1126020 1601.1
1126030 1600.8
1126040 1599.8
1126050 1597.7
1126060 1597.7
1126070 1597.8
1126080 1598.0
1126090 1598.0
1126100 1593.4
1126110 1588.0
1126120 1588.0
1126130 1584.5
1126140 1588.0
1126150 1588.0
1126160 1589.6
1126170 1592.3
1126180 1592.3
1126190 1594.3
1126200 1593.8
1126210 1593.8
1126220 1594.7
1126230 1594.9
1126240 1594.9
1126250 1590.7
1126260 1585.9
1126270 1585.9
1126280 1584.7
1126290 1584.8
1126300 1583.7
1126310 1583.7
1126320 1582.0
1126330 1581.5
1126340 1581.5
1126350 1580.4
1126360 1578.6
1126370 1578.6
1126380 1575.9
1126390 1568.1
1126400 1568.1
1126410 1558.7
1126420 1554.1
1126430 1554.1
1126440 1550.6
1126450 1552.3
1126460 1552.3
1126470 1555.9
1126480 1550.9
1126490 1550.9
1126500 1548.6
1126510 1549.5
1126520 1549.5
1126530 1549.1
1126540 1546.5
1126550 1542.7
1126560 1542.7
1126570 1540.1
1126580 1538.7
1126590 1538.7
1126600 1536.4
1126610 1535.9
1126620 1535.9
1126630 1536.2
1126640 1533.7
1126650 1533.7
1126660 1528.9
1126670 1529.5
1126680 1529.5
1126690 1527.5
1126700 1525.6
1126710 1525.6
1126720 1523.3
1126730 1521.0
1126740 1521.0
1126750 1518.8
1126760 1517.6
1126770 1517.6
1126780 1516.0
1126790 1513.0
1126800 1510.3
1126810 1510.3
1126820 1508.7
1126830 1506.7
1126840 1505.3
1126850 1503.1
1126860 1501.2
1126870 1501.2
1126880 1499.6
1126890 1498.0
1126900 1498.0
1126910 1496.1
1126920 1494.1
1126930 1494.1
1126940 1492.7
1126950 1491.6
1126960 1491.6
1126970 1490.8
1126980 1489.9
1126990 1489.9
1127000 1488.8
1127010 1487.7
1127020 1487.7
1127030 1486.5
1127040 1485.4
1127050 1484.5
1127060 1484.5
1127070 1483.7
1127080 1482.8
1127090 1482.8
1127100 1482.2
1127110 1481.3
1127120 1481.3
1127130 1480.7
1127140 1480.1
1127150 1480.1
1127160 1480.0
1127170 1479.9
1127180 1479.9
1127190 1478.4
1127200 1478.1
1127210 1478.1
1127220 1477.8
1127230 1476.9
1127240 1476.9
1127250 1476.2
1127260 1475.7
1127270 1475.7
1127280 1475.3
1127290 1474.2
1127300 1471.8
1127310 1471.8
1127320 1467.1
1127330 1463.2
1127340 1463.2
1127350 1459.9
1127360 1458.9
1127370 1458.9
1127380 1458.9
1127390 1458.9
1127400 1458.9
1127410 1459.3
1127420 1458.5
1127430 1458.5
1127440 1458.2
1127450 1458.1
1127460 1458.1
1127470 1458.7
1127480 1459.6
1127490 1459.6
1127500 1458.9
1127510 1459.0
1127520 1459.0
1127530 1461.1
1127540 1463.4
1127550 1458.5
1127560 1458.5
1127570 1458.2
1127580 1460.5
1127590 1460.5
1127600 1463.1
1127610 1461.7
1127620 1461.7
1127630 1460.2
1127640 1458.7
1127650 1458.7
1127660 1457.8
1127670 1457.5
1127680 1457.5
1127690 1457.3
1127700 1457.0
1127710 1457.0
1127720 1456.7
1127730 1456.6
1127740 1456.6
1127750 1456.5
1127760 1456.4
1127770 1456.4
1127780 1456.3
1127790 1456.1
1127800 1454.8
1127810 1454.8
1127820 1452.5
1127830 1459.1
1127840 1459.1
1127850 1465.1
1127860 1464.7
1127870 1464.7
1127880 1464.1
1127890 1463.9
1127900 1463.9
1127910 1464.5
1127920 1465.2
1127930 1465.2
1127940 1465.6
1127950 1465.9
1127960 1465.9
1127970 1466.0
1127980 1465.6
1127990 1465.6
1128000 1465.5
1128010 1465.3
1128020 1465.3
1128030 1465.8
1128040 1466.1
1128050 1466.1
1128060 1465.8
1128070 1465.6
1128080 1465.1
1128090 1465.1
1128100 1464.8
1128110 1464.8
1128120 1464.8
1128130 1464.8
1128140 1465.0
1128150 1465.0
1128160 1465.4
1128170 1465.8
1128180 1465.8
1128190 1466.1
1128200 1466.2
1128210 1466.2
1128220 1466.3
1128230 1466.5
1128240 1466.5
1128250 1466.9
1128260 1468.3
1128270 1468.3
1128280 1468.5
1128290 1468.4
1128300 1468.4
1128310 1468.4
1128320 1468.3
1128330 1468.4
1128340 1468.4
1128350 1468.3
1128360 1468.3
1128370 1468.3
1128380 1468.3
1128390 1468.2
1128400 1468.2
1128410 1468.1
1128420 1467.9
1128430 1467.9
1128440 1467.6
1128450 1467.1
1128460 1467.1
1128470 1466.5
1128480 1466.0
1128490 1466.0
1128500 1465.5
1128510 1465.3
1128520 1465.3
1128530 1464.9
1128540 1464.7
1128550 1464.7
1128560 1464.4
1128570 1465.0
1128580 1467.8
1128590 1467.8
1128600 1470.8
1128610 1474.0
1128620 1476.0
1128630 1479.1
1128640 1481.6
1128650 1481.6
1128660 1483.7
1128670 1485.6
1128680 1485.6
1128690 1487.3
1128700 1488.8
1128710 1488.8
1128720 1490.2
1128730 1491.1
1128740 1491.1
1128750 1491.7
1128760 1491.8
1128770 1491.8
1128780 1488.3
1128790 1479.8
1128800 1479.8
1128810 1472.8
1128820 1467.4
1128830 1462.1
1128840 1462.1
1128850 1459.5
1128860 1456.9
1128870 1456.9
1128880 1459.4
1128890 1463.6
1128900 1463.6
1128910 1471.6
1128920 1475.4
1128930 1475.4
1128940 1479.0
1128950 1483.6
1128960 1483.6
1128970 1489.0
1128980 1496.7
1128990 1496.7
1129000 1500.3
1129010 1501.6
1129020 1501.6
1129030 1503.8
1129040 1503.5
1129050 1503.5
1129060 1500.0
1129070 1497.0
1129080 1493.6
1129090 1493.6
1129100 1490.3
1129110 1493.6
1129120 1493.6
1129130 1493.2
1129140 1494.0
1129150 1494.0
1129160 1497.6
1129170 1502.8
1129180 1502.8
1129190 1505.0
1129200 1505.4
1129210 1505.4
1129220 1506.1
1129230 1507.5
1129240 1507.5
1129250 1509.8
1129260 1512.7
1129270 1512.7
1129280 1516.0
1129290 1520.0
1129300 1520.0
1129310 1524.3
1129320 1527.4
1129330 1532.1
1129340 1532.1
1129350 1534.8
1129360 1538.0
1129370 1538.0
1129380 1541.9
1129390 1546.2
1129400 1546.2
1129410 1550.7
1129420 1554.9
1129430 1554.9
1129440 1559.5
1129450 1564.0
1129460 1564.0
1129470 1568.4
1129480 1572.3
1129490 1572.3
1129500 1576.6
1129510 1580.8
1129520 1580.8
1129530 1585.2
1129540 1589.6
1129550 1589.6
1129560 1593.1
1129570 1596.8
1129580 1601.1
1129590 1601.1
1129600 1605.3
1129610 1609.6
1129620 1609.6
1129630 1614.0
1129640 1618.2
1129650 1618.2
1129660 1622.4
1129670 1626.7
1129680 1626.7
1129690 1636.4
1129700 1641.3
1129710 1641.3
1129720 1646.6
1129730 1652.5
1129740 1652.5
1129750 1657.6
1129760 1664.3
1129770 1664.3
1129780 1670.8
1129790 1676.4
1129800 1676.4
1129810 1680.5
1129820 1684.6
1129830 1690.0
1129840 1690.0
1129850 1697.0
1129860 1707.0
1129870 1707.0
1129880 1715.4
1129890 1726.0
1129900 1726.0
1129910 1733.6
1129920 1739.7
1129930 1739.7
1129940 1742.6
1129950 1741.1
1129960 1741.1
1129970 1742.0
1129980 1744.2
1129990 1744.2
1130000 1746.4
1130010 1753.3
1130020 1753.3
1130030 1765.8
1130040 1775.1
1130050 1780.5
1130060 1789.2
1130070 1796.6
1130080 1803.6
1130090 1803.6
1130100 1808.2
1130110 1811.6
1130120 1811.6
1130130 1811.3
1130140 1810.2
1130150 1810.2
1130160 1807.5
1130170 1808.7
1130180 1808.7
1130190 1816.3
1130200 1824.1
1130210 1824.1
1130220 1831.8
1130230 1839.8
1130240 1839.8
1130250 1849.8
1130260 1860.5
1130270 1860.5
1130280 1873.3
1130290 1886.1
1130300 1886.1
1130310 1899.2
1130320 1912.4
1130330 1912.4
1130340 1927.6
1130350 1939.3
1130360 1948.1
1130370 1948.1
1130380 1959.3
1130390 1973.1
1130400 1973.1
1130410 1982.2
1130420 1986.3
1130430 1986.3
1130440 1986.8
1130450 1986.1
1130460 1986.1
1130470 1987.4
1130480 1989.8
1130490 1989.8
1130500 1992.2
1130510 1993.0
1130520 1993.0
1130530 1991.8
1130540 1992.0
1130550 1992.0
1130560 1993.5
1130570 1993.1
1130580 1993.1
1130590 1992.2
1130600 1991.6
1130610 1993.4
1130620 1993.4
1130630 1995.9
1130640 1997.7
1130650 1997.7
1130660 1998.6
1130670 1999.4
1130680 1999.4
1130690 2001.2
1130700 2003.0
1130710 2003.0
1130720 2004.4
1130730 2004.7
1130740 2004.7
1130750 2004.5
1130760 2004.4
1130770 2003.9
1130780 2003.9
1130790 2005.1
1130800 2005.1
1130810 2006.8
1130820 2008.3
1130830 2008.3
1130840 2009.4
1130850 2009.1
1130860 2009.4
1130870 2009.4
1130880 2010.7
1130890 2012.0
1130900 2012.0
1130910 2012.2
1130920 2011.3
1130930 2011.3
1130940 2010.2
1130950 2009.4
1130960 2009.4
1130970 2010.1
1130980 2011.7
1130990 2011.7
1131000 2012.9
1131010 2014.5
1131020 2014.5
1131030 2015.4
1131040 2015.7
1131050 2015.7
1131060 2016.2
1131070 2017.0
1131080 2017.0
1131090 2018.2
1131100 2020.2
1131110 2023.6
1131120 2023.6
1131130 2028.5
1131140 2033.1
1131150 2033.1
1131160 2038.3
1131170 2042.6
1131180 2042.6
1131190 2046.4
1131200 2049.9
1131210 2049.9
1131220 2053.7
1131230 2057.8
1131240 2057.8
1131250 2062.3
1131260 2066.2
1131270 2066.2
1131280 2070.6
1131290 2075.1
1131300 2075.1
1131310 2079.6
1131320 2084.4
1131330 2084.4
1131340 2090.3
1131350 2095.5
1131360 2100.6
1131370 2100.6
1131380 2105.0
1131390 2110.2
1131400 2110.2
1131410 2116.3
1131420 2121.6
1131430 2121.6
1131440 2127.6
1131450 2134.0
1131460 2134.0
1131470 2140.4
1131480 2145.4
1131490 2147.0
1131500 2150.3
1131510 2153.2
1131520 2153.2
1131530 2157.0
1131540 2160.0
1131550 2160.0
1131560 2160.0
1131570 2159.4
1131580 2159.4
1131590 2159.2
1131600 2155.4
1131610 2152.6
1131620 2152.6
1131630 2153.6
1131640 2150.0
1131650 2150.0
1131660 2141.5
1131670 2138.5
1131680 2138.5
1131690 2133.3
1131700 2124.4
1131710 2124.4
1131720 2121.9
1131730 2120.7
1131740 2120.7
1131750 2119.0
1131760 2115.6
1131770 2115.6
1131780 2107.9
1131790 2096.8
1131800 2096.8
1131810 2094.9
1131820 2093.5
1131830 2093.5
1131840 2078.1
1131850 2073.2
1131860 2073.4
1131870 2073.4
1131880 2074.9
1131890 2068.9
1131900 2068.9
1131910 2066.5
1131920 2077.4
1131930 2077.4
1131940 2078.6
1131950 2068.9
1131960 2068.9
1131970 2053.9
1131980 2043.2
1131990 2043.2
1132000 2036.0
1132010 2031.9
1132020 2031.9
1132030 2029.7
1132040 2019.5
1132050 2019.5
1132060 2012.7
1132070 2008.3
1132080 2008.3
1132090 1994.5
1132100 1987.6
1132110 1977.7
1132120 1977.7
1132130 1972.7
1132140 1965.1
1132150 1965.1
1132160 1962.1
1132170 1958.3
1132180 1958.3
1132190 1945.4
1132200 1939.4
1132210 1946.9
1132220 1942.1
1132230 1942.5
1132240 1942.5
1132250 1940.8
1132260 1939.5
1132270 1939.5
1132280 1938.7
1132290 1937.9
1132300 1937.9
1132310 1933.8
1132320 1931.1
1132330 1931.1
1132340 1929.0
1132350 1922.8
1132360 1922.8
1132370 1917.3
1132380 1917.0
1132390 1918.4
1132400 1918.4
1132410 1915.5
1132420 1911.4
1132430 1911.4
1132440 1907.1
1132450 1902.0
1132460 1902.0
1132470 1897.4
1132480 1892.9
1132490 1892.9
1132500 1888.0
1132510 1883.0
1132520 1883.0
1132530 1877.7
1132540 1872.5
1132550 1872.5
1132560 1867.5
1132570 1866.4
1132580 1866.4
1132590 1862.8
1132600 1859.0
1132610 1859.0
1132620 1856.5
1132630 1854.0
1132640 1851.4
1132650 1851.4
1132660 1847.9
1132670 1844.7
1132680 1844.7
1132690 1842.5
1132700 1840.5
1132710 1840.5
1132720 1839.2
1132730 1839.1
1132740 1839.1
1132750 1840.1
1132760 1838.7
1132770 1838.7
1132780 1839.4
1132790 1839.8
1132800 1839.8
1132810 1840.6
1132820 1842.3
1132830 1842.3
1132840 1847.0
1132850 1847.9
1132860 1847.9
1132870 1847.1
1132880 1845.4
1132890 1845.7
1132900 1845.7
1132910 1845.9
1132920 1843.2
1132930 1850.4
1132940 1847.3
1132950 1842.5
1132960 1842.5
1132970 1840.4
1132980 1839.0
1132990 1839.0
1133000 1835.2
1133010 1833.9
1133020 1833.9
1133030 1831.3
1133040 1837.0
1133050 1837.0
1133060 1840.2
1133070 1839.8
1133080 1839.8
1133090 1842.1
1133100 1845.0
1133110 1845.0
1133120 1848.8
1133130 1852.6
1133140 1855.4
1133150 1855.4
1133160 1856.7
1133170 1857.7
1133180 1857.7
1133190 1858.4
1133200 1859.6
1133210 1859.6
1133220 1862.5
1133230 1867.3
1133240 1867.3
1133250 1872.5
1133260 1878.4
1133270 1878.4
1133280 1883.7
1133290 1903.7
1133300 1903.7
1133310 1903.2
1133320 1907.2
1133330 1907.2
1133340 1921.0
1133350 1930.8
1133360 1930.8
1133370 1937.9
1133380 1951.1
1133390 1958.8
1133400 1958.8
1133410 1966.6
1133420 1976.3
1133430 1976.3
1133440 1979.8
1133450 1984.2
1133460 1984.2
1133470 1994.6
1133480 2004.4
1133490 2004.4
1133500 2012.2
1133510 2018.7
1133520 2018.7
1133530 2024.1
1133540 2029.0
1133550 2029.0
1133560 2032.9
1133570 2037.7
1133580 2037.7
1133590 2044.6
1133600 2055.0
1133610 2055.0
1133620 2068.7
1133630 2077.6
1133640 2085.3
1133650 2085.3
1133660 2091.1
1133670 2099.5
1133680 2099.5
1133690 2110.3
1133700 2124.4
1133710 2124.4
1133720 2137.1
1133730 2147.3
1133740 2147.3
1133750 2153.8
1133760 2159.2
1133770 2159.2
1133780 2162.5
1133790 2165.6
1133800 2165.6
1133810 2171.2
1133820 2176.6
1133830 2176.6
1133840 2182.6
1133850 2189.3
1133860 2189.3
1133870 2196.2
1133880 2203.6
1133890 2211.6
1133900 2211.6
1133910 2220.3
1133920 2230.7
1133930 2230.7
1133940 2242.8
1133950 2250.7
1133960 2250.7
1133970 2257.3
1133980 2263.1
1133990 2263.1
1134000 2268.2
1134010 2272.9
1134020 2275.7
1134030 2275.3
1134040 2275.7
1134050 2275.7
1134060 2277.7
1134070 2279.7
1134080 2279.7
1134090 2281.7
1134100 2283.1
1134110 2283.1
1134120 2282.2
1134130 2281.3
1134140 2282.0
1134150 2282.0
1134160 2283.3
1134170 2285.1
1134180 2285.1
1134190 2288.1
1134200 2292.3
1134210 2292.3
1134220 2296.2
1134230 2300.3
1134240 2300.3
1134250 2304.8
1134260 2309.2
1134270 2309.2
1134280 2313.1
1134290 2315.4
1134300 2315.4
1134310 2317.5
1134320 2320.0
1134330 2320.0
1134340 2321.7
1134350 2323.1
1134360 2323.1
1134370 2325.5
1134380 2327.7
1134390 2330.6
1134400 2330.6
1134410 2333.4
1134420 2337.8
1134430 2337.8
1134440 2343.0
1134450 2347.9
1134460 2347.9
1134470 2352.5
1134480 2355.9
1134490 2355.9
1134500 2358.2
1134510 2359.5
1134520 2359.5
1134530 2362.7
1134540 2367.1
1134550 2367.1
1134560 2373.0
1134570 2379.8
1134580 2379.8
1134590 2386.7
1134600 2392.6
1134610 2392.6
1134620 2398.4
1134630 2404.4
1134640 2404.4
1134650 2410.1
1134660 2415.1
1134670 2419.4
1134680 2419.4
1134690 2423.1
1134700 2426.0
1134710 2426.0
1134720 2427.1
1134730 2421.0
1134740 2420.5
1134750 2412.8
1134760 2406.8
1134770 2406.8
1134780 2400.7
1134790 2394.7
1134800 2394.7
1134810 2390.7
1134820 2385.8
1134830 2385.8
1134840 2382.8
1134850 2378.9
1134860 2378.9
1134870 2374.3
1134880 2368.8
1134890 2368.8
1134900 2365.8
1134910 2362.5
1134920 2358.7
1134930 2358.7
1134940 2354.9
1134950 2351.5
1134960 2351.5
1134970 2349.4
1134980 2346.9
1134990 2346.9
1135000 2342.1
1135010 2337.6
1135020 2337.6
1135030 2333.9
1135040 2329.5
1135050 2329.5
1135060 2326.5
1135070 2322.1
1135080 2322.1
1135090 2319.5
1135100 2314.5
1135110 2308.2
1135120 2303.7
1135130 2301.3
1135140 2301.3
1135150 2298.1
1135160 2294.0
1135170 2293.5
1135180 2293.5
1135190 2291.7
1135200 2287.1
1135210 2287.1
1135220 2281.8
1135230 2279.0
1135240 2279.0
1135250 2276.0
1135260 2273.0
1135270 2273.0
1135280 2270.8
1135290 2268.7
1135300 2268.7
1135310 2268.2
1135320 2267.4
1135330 2267.4
1135340 2265.4
1135350 2263.8
1135360 2263.8
1135370 2261.6
1135380 2257.6
1135390 2257.6
1135400 2252.8
1135410 2249.5
1135420 2246.6
1135430 2246.6
1135440 2243.8
1135450 2241.1
1135460 2241.1
1135470 2234.2
1135480 2232.0
1135490 2232.0
1135500 2231.0
1135510 2230.4
1135520 2230.4
1135530 2229.5
1135540 2229.3
1135550 2229.3
1135560 2230.2
1135570 2230.1
1135580 2230.1
1135590 2228.6
1135600 2227.7
1135610 2227.7
1135620 2227.7
1135630 2226.3
1135640 2226.3
1135650 2224.3
1135660 2221.5
1135670 2218.9
1135680 2218.9
1135690 2217.3
1135700 2215.7
1135710 2215.7
1135720 2215.4
1135730 2215.2
1135740 2215.2
1135750 2215.3
1135760 2215.6
1135770 2215.6
1135780 2215.3
1135790 2215.8
1135800 2215.8
1135810 2217.0
1135820 2217.6
1135830 2217.6
1135840 2216.8
1135850 2217.7
1135860 2217.7
1135870 2220.1
1135880 2221.6
1135890 2221.6
1135900 2222.0
1135910 2221.8
1135920 2221.4
1135930 2221.4
1135940 2223.7
1135950 2225.4
1135960 2225.4
1135970 2223.0
1135980 2220.1
1135990 2220.1
1136000 2220.1
1136010 2220.5
1136020 2220.5
1136030 2220.4
1136040 2219.4
1136050 2219.4
1136060 2219.8
1136070 2219.1
1136080 2219.1
1136090 2215.4
1136100 2205.7
1136110 2205.7
1136120 2193.6
1136130 2170.5
1136140 2170.5
1136150 2156.9
1136160 2150.1
1136170 2142.1
1136180 2142.1
1136190 2134.9
1136200 2126.9
1136210 2126.9
1136220 2120.0
1136230 2115.2
1136240 2115.2
1136250 2111.0
1136260 2102.5
1136270 2102.5
1136280 2093.8
1136290 2087.8
1136300 2087.8
1136310 2081.3
1136320 2075.7
1136330 2075.7
1136340 2069.6
1136350 2063.1
1136360 2063.1
1136370 2056.5
1136380 2051.3
1136390 2051.3
1136400 2045.9
1136410 2041.0
1136420 2036.7
1136430 2036.7
1136440 2032.1
1136450 2027.2
1136460 2027.2
1136470 2022.6
1136480 2018.1
1136490 2018.1
1136500 2014.5
1136510 2011.0
1136520 2011.0
1136530 2005.1
1136540 1998.8
1136550 1998.8
1136560 1994.2
1136570 1990.7
1136580 1990.7
1136590 1984.8
1136600 1978.8
1136610 1978.8
1136620 1973.1
1136630 1969.1
1136640 1969.1
1136650 1966.2
1136660 1963.3
1136670 1960.7
1136680 1960.7
1136690 1958.4
1136700 1956.9
1136710 1956.9
1136720 1955.6
1136730 1954.6
1136740 1954.6
1136750 1953.8
1136760 1952.4
1136770 1952.4
1136780 1951.3
1136790 1950.6
1136800 1950.6
1136810 1949.6
1136820 1948.1
1136830 1948.1
1136840 1944.7
1136850 1938.6
1136860 1938.6
1136870 1930.7
1136880 1931.6
1136890 1931.6
1136900 1939.6
1136910 1943.2
1136920 1943.3
1136930 1945.5
1136940 1944.4
1136950 1942.8
1136960 1942.8
1136970 1943.4
1136980 1945.5
1136990 1945.5
1137000 1947.9
1137010 1950.5
1137020 1950.5
1137030 1953.2
1137040 1955.8
1137050 1955.8
1137060 1958.5
1137070 1961.4
1137080 1961.4
1137090 1963.8
1137100 1966.5
1137110 1966.5
1137120 1969.6
1137130 1972.2
1137140 1972.2
1137150 1974.7
1137160 1976.1
1137170 1976.1
1137180 1975.8
1137190 1978.3
1137200 1985.2
1137210 1985.2
1137220 1992.1
1137230 1998.0
1137240 1998.0
1137250 2001.8
1137260 2003.3
1137270 2003.3
1137280 2005.7
1137290 2012.3
1137300 2017.7
1137310 2025.5
1137320 2034.5
1137330 2034.5
1137340 2042.3
1137350 2051.2
1137360 2051.2
1137370 2060.4
1137380 2068.7
1137390 2068.7
1137400 2074.1
1137410 2077.7
1137420 2077.7
1137430 2079.9
1137440 2086.4
1137450 2095.9
1137460 2095.9
1137470 2103.7
1137480 2105.9
1137490 2105.9
1137500 2109.7
1137510 2118.5
1137520 2118.5
1137530 2130.4
1137540 2143.3
1137550 2143.3
1137560 2156.3
1137570 2167.6
1137580 2167.6
1137590 2176.8
1137600 2183.3
1137610 2183.3
1137620 2188.7
1137630 2193.5
1137640 2193.5
1137650 2197.6
1137660 2204.0
1137670 2204.0
1137680 2207.2
1137690 2209.4
1137700 2210.7
1137710 2210.7
1137720 2208.6
1137730 2203.3
1137740 2203.3
1137750 2199.7
1137760 2197.6
1137770 2197.6
1137780 2197.3
1137790 2196.7
1137800 2196.7
1137810 2194.9
1137820 2192.5
1137830 2192.5
1137840 2188.8
1137850 2184.5
1137860 2184.5
1137870 2181.2
1137880 2177.2
1137890 2177.2
1137900 2170.4
1137910 2163.3
1137920 2163.3
1137930 2156.2
1137940 2149.7
1137950 2143.2
1137960 2143.2
1137970 2135.9
1137980 2130.3
1137990 2130.3
1138000 2127.1
1138010 2125.0
1138020 2125.0
1138030 2116.2
1138040 2114.4
1138050 2114.4
1138060 2113.0
1138070 2110.3
1138080 2110.3
1138090 2107.0
1138100 2104.8
1138110 2104.8
1138120 2103.7
1138130 2102.0
1138140 2102.0
1138150 2098.0
1138160 2091.2
1138170 2091.2
1138180 2084.4
1138190 2078.2
1138200 2072.5
1138210 2072.5
1138220 2065.4
1138230 2057.0
1138240 2057.0
1138250 2049.5
1138260 2043.4
1138270 2043.4
1138280 2034.6
1138290 2024.9
1138300 2024.9
1138310 2015.9
1138320 2008.6
1138330 2008.6
1138340 2001.3
1138350 1993.4
1138360 1993.4
1138370 1989.1
1138380 1985.9
1138390 1985.9
1138400 1978.8
1138410 1974.8
1138420 1974.8
1138430 1971.0
1138440 1967.2
1138450 1963.4
1138460 1963.4
1138470 1958.9
1138480 1954.3
1138490 1954.3
1138500 1948.6
1138510 1943.2
1138520 1943.2
1138530 1939.8
1138540 1936.3
1138550 1936.3
1138560 1932.9
1138570 1929.6
1138580 1929.6
1138590 1926.1
1138600 1922.3
1138610 1922.3
1138620 1918.0
1138630 1913.8
1138640 1913.8
1138650 1910.0
1138660 1906.6
1138670 1906.6
1138680 1903.1
1138690 1899.5
1138700 1895.3
1138710 1895.3
1138720 1891.6
1138730 1888.4
1138740 1888.4
1138750 1884.8
1138760 1881.2
1138770 1878.6
1138780 1874.5
1138790 1871.5
1138800 1871.5
1138810 1869.8
1138820 1868.8
1138830 1868.8
1138840 1866.1
1138850 1860.4
1138860 1860.4
1138870 1854.1
1138880 1850.8
1138890 1850.8
1138900 1853.7
1138910 1853.2
1138920 1853.2
1138930 1851.1
1138940 1847.9
1138950 1844.3
1138960 1844.3
1138970 1843.2
1138980 1841.6
1138990 1841.6
1139000 1838.2
1139010 1834.0
1139020 1834.0
1139030 1829.2
1139040 1824.5
1139050 1824.5
1139060 1820.3
1139070 1816.5
1139080 1816.5
1139090 1811.8
1139100 1807.1
1139110 1807.1
1139120 1802.8
1139130 1796.5
1139140 1796.5
1139150 1791.6
1139160 1785.9
1139170 1785.9
1139180 1780.3
1139190 1773.6
1139200 1766.1
1139210 1766.1
1139220 1759.3
1139230 1753.9
1139240 1753.9
1139250 1749.0
1139260 1743.3
1139270 1743.3
1139280 1738.3
1139290 1733.9
1139300 1733.9
1139310 1729.7
1139320 1725.5
1139330 1725.5
1139340 1721.4
1139350 1717.9
1139360 1717.9
1139370 1715.0
1139380 1711.5
1139390 1711.5
1139400 1706.3
1139410 1700.4
1139420 1700.4
1139430 1695.7
1139440 1692.6
1139450 1689.8
1139460 1689.8
1139470 1687.5
1139480 1685.3
1139490 1685.3
1139500 1681.2
1139510 1678.5
1139520 1678.5
1139530 1676.5
1139540 1674.7
1139550 1674.7
1139560 1673.6
1139570 1672.1
1139580 1672.1
1139590 1670.9
1139600 1670.2
1139610 1670.2
1139620 1670.4
1139630 1671.6
1139640 1671.6
1139650 1672.3
1139660 1672.9
1139670 1672.9
1139680 1672.5
1139690 1671.5
1139700 1671.5
1139710 1670.9
1139720 1670.6
1139730 1670.6
1139740 1670.6
1139750 1669.3
1139760 1666.4
1139770 1666.4
1139780 1663.3
1139790 1660.9
1139800 1660.9
1139810 1659.9
1139820 1658.7
1139830 1658.7
1139840 1658.8
1139850 1658.6
1139860 1658.6
1139870 1652.1
1139880 1650.0
1139890 1650.0
1139900 1653.7
1139910 1660.4
1139920 1660.4
1139930 1666.8
1139940 1671.2
1139950 1671.2
1139960 1675.4
1139970 1679.5
1139980 1683.6
1139990 1683.6
