1120000 1887.1
1120010 1883.2
1120020 1883.2
1120030 1882.3
1120040 1882.9
1120050 1882.9
1120060 1879.0
1120070 1877.8
1120080 1877.8
1120090 1873.5
1120100 1868.0
1120110 1868.0
1120120 1864.2
1120130 1861.0
1120140 1861.0
1120150 1860.0
1120160 1857.6
1120170 1857.6
1120180 1859.1
1120190 1858.2
1120200 1854.4
1120210 1854.4
1120220 1847.4
1120230 1841.0
1120240 1841.0
1120250 1833.7
1120260 1829.0
1120270 1829.0
1120280 1825.6
1120290 1822.9
1120300 1822.9
1120310 1826.5
1120320 1832.2
1120330 1832.2
1120340 1836.6
1120350 1841.7
1120360 1841.7
1120370 1842.1
1120380 1838.5
1120390 1838.5
1120400 1841.1
1120410 1844.7
1120420 1844.7
1120430 1848.7
1120440 1851.3
1120450 1854.0
1120460 1854.0
1120470 1859.4
1120480 1866.4
1120490 1866.4
1120500 1872.2
1120510 1878.2
1120520 1878.2
1120530 1884.1
1120540 1887.4
1120550 1887.4
1120560 1887.9
1120570 1889.1
1120580 1889.1
1120590 1892.1
1120600 1892.1
1120610 1892.1
1120620 1891.1
1120630 1893.2
1120640 1893.2
1120650 1893.7
1120660 1893.5
1120670 1893.5
1120680 1894.3
1120690 1891.3
1120700 1883.2
1120710 1883.2
1120720 1874.5
1120730 1867.5
1120740 1867.5
1120750 1858.6
1120760 1839.5
1120770 1839.5
1120780 1825.5
1120790 1816.4
1120800 1816.4
1120810 1808.5
1120820 1802.3
1120830 1802.3
1120840 1796.0
1120850 1789.5
1120860 1789.5
1120870 1784.4
1120880 1777.8
1120890 1777.8
1120900 1770.5
1120910 1764.3
1120920 1764.3
1120930 1757.7
1120940 1751.6
1120950 1750.4
1120960 1743.8
1120970 1737.3
1120980 1730.5
1120990 1730.5
1121000 1723.5
1121010 1715.2
1121020 1715.2
1121030 1708.2
1121040 1701.8
1121050 1701.8
1121060 1695.9
1121070 1689.9
1121080 1689.9
1121090 1684.0
1121100 1678.1
1121110 1678.1
1121120 1672.7
1121130 1667.4
1121140 1667.4
1121150 1662.9
1121160 1658.5
1121170 1658.5
1121180 1653.4
1121190 1647.8
1121200 1647.8
1121210 1642.4
1121220 1635.4
1121230 1632.0
1121240 1632.0
1121250 1627.7
1121260 1624.0
1121270 1624.0
1121280 1630.4
1121290 1639.3
1121300 1639.2
1121310 1647.1
1121320 1654.9
1121330 1654.9
1121340 1662.3
1121350 1668.6
1121360 1668.6
1121370 1672.5
1121380 1675.3
1121390 1675.3
1121400 1679.6
1121410 1683.2
1121420 1683.2
1121430 1684.7
1121440 1684.8
1121450 1684.8
1121460 1686.6
1121470 1690.1
1121480 1694.3
1121490 1694.3
1121500 1699.8
1121510 1705.5
1121520 1705.5
1121530 1710.7
1121540 1715.5
1121550 1715.5
1121560 1721.6
1121570 1727.6
1121580 1727.6
1121590 1733.6
1121600 1739.2
1121610 1739.2
1121620 1745.0
1121630 1751.3
1121640 1751.3
1121650 1760.8
1121660 1765.3
1121670 1765.3
1121680 1770.9
1121690 1776.3
1121700 1776.3
1121710 1780.9
1121720 1784.9
1121730 1788.8
1121740 1788.8
1121750 1792.6
1121760 1797.4
1121770 1797.4
1121780 1802.3
1121790 1806.7
1121800 1806.7
1121810 1811.0
1121820 1815.0
1121830 1815.0
1121840 1818.9
1121850 1822.2
1121860 1822.2
1121870 1823.0
1121880 1823.9
1121890 1823.9
1121900 1826.4
1121910 1827.2
1121920 1827.2
1121930 1830.9
1121940 1834.4
1121950 1834.4
1121960 1835.3
1121970 1837.8
1121980 1843.4
1121990 1843.4
1122000 1842.8
1122010 1847.1
1122020 1847.1
1122030 1849.5
1122040 1851.0
1122050 1851.0
1122060 1851.3
1122070 1851.0
1122080 1851.0
1122090 1851.0
1122100 1854.9
1122110 1854.9
1122120 1859.3
1122130 1865.1
1122140 1865.1
1122150 1869.6
1122160 1870.4
1122170 1870.4
1122180 1870.9
1122190 1871.8
1122200 1871.8
1122210 1875.4
1122220 1879.2
1122230 1880.0
1122240 1880.0
1122250 1880.0
1122260 1880.0
1122270 1880.0
1122280 1879.9
1122290 1879.8
1122300 1879.8
1122310 1879.8
1122320 1880.4
1122330 1880.4
1122340 1881.2
1122350 1875.8
1122360 1875.8
1122370 1875.6
1122380 1876.8
1122390 1876.8
1122400 1877.9
1122410 1878.9
1122420 1878.9
1122430 1879.7
1122440 1880.3
1122450 1880.3
1122460 1880.7
1122470 1880.9
1122480 1880.9
1122490 1880.9
1122500 1881.3
1122510 1881.3
1122520 1881.3
1122530 1882.2
1122540 1883.6
1122550 1883.6
1122560 1885.1
1122570 1885.8
1122580 1885.8
1122590 1885.6
1122600 1886.1
1122610 1886.1
1122620 1887.1
1122630 1888.1
1122640 1888.1
1122650 1889.3
1122660 1891.0
1122670 1891.0
1122680 1892.8
1122690 1895.0
1122700 1891.0
1122710 1890.0
1122720 1889.1
1122730 1889.1
1122740 1887.2
1122750 1884.0
1122760 1879.6
1122770 1879.6
1122780 1874.9
1122790 1872.3
1122800 1872.3
1122810 1871.6
1122820 1870.5
1122830 1870.5
1122840 1866.2
1122850 1867.3
1122860 1867.3
1122870 1868.4
1122880 1866.0
1122890 1866.0
1122900 1862.1
1122910 1860.8
1122920 1860.8
1122930 1865.6
1122940 1871.8
1122950 1871.8
1122960 1877.4
1122970 1883.8
1122980 1883.8
1122990 1889.1
1123000 1890.7
1123010 1892.1
1123020 1892.1
1123030 1892.2
1123040 1891.9
1123050 1891.9
1123060 1889.5
1123070 1890.9
1123080 1890.9
1123090 1890.8
1123100 1892.8
1123110 1892.8
1123120 1896.9
1123130 1900.2
1123140 1900.2
1123150 1902.7
1123160 1901.7
1123170 1901.7
1123180 1896.7
1123190 1894.2
1123200 1894.2
1123210 1895.0
1123220 1893.6
1123230 1893.6
1123240 1891.7
1123250 1888.8
1123260 1885.9
1123270 1885.9
1123280 1884.7
1123290 1886.9
1123300 1886.9
1123310 1891.2
1123320 1895.0
1123330 1895.0
1123340 1899.0
1123350 1902.2
1123360 1902.2
1123370 1903.7
1123380 1903.4
1123390 1903.4
1123400 1900.2
1123410 1892.5
1123420 1892.5
1123430 1888.0
1123440 1883.0
1123450 1883.0
1123460 1878.4
1123470 1875.6
1123480 1875.6
1123490 1873.0
1123500 1867.7
1123510 1860.6
1123520 1860.6
1123530 1847.5
1123540 1833.0
1123550 1833.0
1123560 1820.1
1123570 1810.0
1123580 1810.0
1123590 1804.0
1123600 1799.2
1123610 1799.2
1123620 1794.4
1123630 1787.2
1123640 1787.2
1123650 1778.6
1123660 1771.4
1123670 1771.4
1123680 1765.5
1123690 1759.4
1123700 1759.4
1123710 1752.2
1123720 1746.2
1123730 1746.2
1123740 1740.8
1123750 1735.8
1123760 1723.7
1123770 1723.7
1123780 1717.2
1123790 1711.5
1123800 1711.5
1123810 1706.2
1123820 1700.4
1123830 1700.4
1123840 1694.8
1123850 1688.9
1123860 1688.9
1123870 1684.4
1123880 1680.3
1123890 1680.3
1123900 1675.6
1123910 1676.1
1123920 1676.1
1123930 1678.9
1123940 1685.8
1123950 1685.8
1123960 1691.5
1123970 1698.4
1123980 1698.4
1123990 1705.4
1124000 1713.2
1124010 1713.2
1124020 1720.7
1124030 1729.6
1124040 1739.6
1124050 1739.6
1124060 1747.2
1124070 1754.6
1124080 1754.6
1124090 1761.1
1124100 1767.3
1124110 1767.4
1124120 1774.0
1124130 1780.5
1124140 1780.5
1124150 1786.9
1124160 1793.5
1124170 1793.5
1124180 1800.5
1124190 1808.1
1124200 1808.1
1124210 1815.6
1124220 1822.5
1124230 1822.5
1124240 1827.7
1124250 1834.1
1124260 1834.1
1124270 1841.1
1124280 1848.1
1124290 1857.5
1124300 1857.5
1124310 1867.4
1124320 1877.4
1124330 1877.4
1124340 1887.5
1124350 1897.7
1124360 1897.7
1124370 1909.3
1124380 1915.2
1124390 1915.2
1124400 1919.7
1124410 1925.0
1124420 1925.0
1124430 1931.4
1124440 1939.6
1124450 1939.6
1124460 1947.0
1124470 1951.9
1124480 1951.9
1124490 1955.5
1124500 1957.3
1124510 1957.3
1124520 1957.8
1124530 1957.2
1124540 1957.1
1124550 1957.1
1124560 1959.2
1124570 1961.9
1124580 1961.9
1124590 1964.3
1124600 1965.8
1124610 1965.8
1124620 1965.9
1124630 1962.3
1124640 1962.3
1124650 1956.9
1124660 1952.9
1124670 1952.9
1124680 1949.0
1124690 1945.3
1124700 1945.3
1124710 1942.6
1124720 1940.6
1124730 1940.6
1124740 1937.2
1124750 1932.7
1124760 1932.7
1124770 1929.7
1124780 1926.0
1124790 1920.7
1124800 1920.7
1124810 1916.7
1124820 1909.7
1124830 1909.7
1124840 1910.7
1124850 1909.0
1124860 1909.0
1124870 1906.9
1124880 1904.7
1124890 1904.7
1124900 1901.6
1124910 1898.6
1124920 1898.6
1124930 1896.8
1124940 1892.3
1124950 1892.3
1124960 1891.3
1124970 1894.3
1124980 1894.3
1124990 1901.4
1125000 1906.6
1125010 1906.6
1125020 1910.8
1125030 1915.5
1125040 1920.2
1125050 1920.2
1125060 1924.2
1125070 1928.0
1125080 1928.0
1125090 1930.2
1125100 1931.4
1125110 1931.4
1125120 1931.1
1125130 1930.3
1125140 1930.3
1125150 1930.8
1125160 1932.2
1125170 1928.9
1125180 1929.6
1125190 1930.5
1125200 1930.5
1125210 1928.7
1125220 1926.4
1125230 1926.4
1125240 1923.3
1125250 1918.6
1125260 1918.6
1125270 1914.6
1125280 1912.9
1125290 1910.6
1125300 1910.6
1125310 1905.1
1125320 1897.8
1125330 1897.8
1125340 1890.7
1125350 1884.1
1125360 1884.1
1125370 1878.2
1125380 1873.7
1125390 1873.7
1125400 1871.3
1125410 1869.1
1125420 1869.1
1125430 1868.6
1125440 1868.5
1125450 1868.5
1125460 1867.8
1125470 1865.7
1125480 1865.7
1125490 1863.6
1125500 1861.5
1125510 1861.5
1125520 1859.2
1125530 1851.3
1125540 1851.3
1125550 1847.7
1125560 1845.6
1125570 1843.9
1125580 1843.9
1125590 1841.7
1125600 1839.5
1125610 1839.5
1125620 1836.9
1125630 1835.2
1125640 1835.2
1125650 1832.9
1125660 1830.2
1125670 1830.2
1125680 1827.5
1125690 1823.7
1125700 1823.7
1125710 1820.2
1125720 1816.1
1125730 1816.1
1125740 1811.5
1125750 1806.7
1125760 1806.7
1125770 1802.7
1125780 1799.2
1125790 1799.2
1125800 1795.8
1125810 1792.0
1125820 1787.9
1125830 1787.9
1125840 1784.8
1125850 1784.5
1125860 1784.5
1125870 1784.8
1125880 1779.3
1125890 1779.3
1125900 1777.3
1125910 1775.0
1125920 1775.0
1125930 1773.1
1125940 1771.1
1125950 1771.1
1125960 1768.0
1125970 1765.2
1125980 1765.2
1125990 1763.4
1126000 1763.3
1126010 1763.3
1126020 1763.7
1126030 1765.0
1126040 1765.0
1126050 1766.2
1126060 1767.7
1126070 1769.0
1126080 1769.0
1126090 1770.0
1126100 1770.5
1126110 1770.5
1126120 1770.7
1126130 1770.4
1126140 1770.4
1126150 1768.0
1126160 1764.8
1126170 1764.8
1126180 1766.1
1126190 1768.6
1126200 1768.6
1126210 1768.6
1126220 1767.2
1126230 1767.2
1126240 1769.4
1126250 1774.7
1126260 1774.7
1126270 1776.7
1126280 1778.0
1126290 1778.0
1126300 1781.4
1126310 1783.4
1126320 1782.6
1126330 1782.6
1126340 1781.0
1126350 1780.1
1126360 1780.1
1126370 1778.3
1126380 1773.2
1126390 1773.2
1126400 1768.8
1126410 1766.8
1126420 1766.8
1126430 1767.8
1126440 1768.1
1126450 1768.1
1126460 1766.7
1126470 1764.8
1126480 1764.8
1126490 1760.8
1126500 1756.7
1126510 1756.7
1126520 1751.5
1126530 1749.9
1126540 1749.9
1126550 1749.1
1126560 1749.2
1126570 1750.5
1126580 1750.5
1126590 1744.0
1126600 1744.4
1126610 1744.4
1126620 1744.7
1126630 1740.1
1126640 1740.1
1126650 1736.1
1126660 1732.3
1126670 1732.3
1126680 1727.9
1126690 1724.3
1126700 1724.3
1126710 1720.3
1126720 1717.1
1126730 1717.1
1126740 1713.9
1126750 1712.3
1126760 1712.3
1126770 1710.2
1126780 1707.7
1126790 1707.7
1126800 1705.1
1126810 1702.5
1126820 1700.4
1126830 1700.4
1126840 1698.4
1126850 1695.0
1126860 1695.0
1126870 1691.4
1126880 1688.2
1126890 1688.2
1126900 1685.5
1126910 1681.9
1126920 1681.9
1126930 1677.6
1126940 1673.2
1126950 1669.7
1126960 1665.4
1126970 1663.0
1126980 1663.0
1126990 1662.2
1127000 1660.3
1127010 1660.3
1127020 1657.9
1127030 1654.7
1127040 1654.7
1127050 1650.6
1127060 1647.7
1127070 1647.0
1127080 1647.0
1127090 1645.1
1127100 1640.9
1127110 1640.9
1127120 1636.8
1127130 1636.6
1127140 1636.6
1127150 1636.2
1127160 1634.1
1127170 1634.1
1127180 1630.6
1127190 1625.0
1127200 1625.0
1127210 1620.0
1127220 1616.4
1127230 1616.4
1127240 1613.4
1127250 1612.0
1127260 1612.0
1127270 1611.4
1127280 1608.5
1127290 1608.5
1127300 1602.4
1127310 1599.8
1127320 1599.8
1127330 1597.3
1127340 1595.0
1127350 1592.4
1127360 1592.4
1127370 1589.6
1127380 1585.1
1127390 1585.1
1127400 1582.0
1127410 1578.7
1127420 1578.7
1127430 1573.6
1127440 1569.4
1127450 1569.4
1127460 1564.7
1127470 1556.2
1127480 1556.2
1127490 1550.6
1127500 1549.4
1127510 1549.4
1127520 1541.6
1127530 1538.9
1127540 1538.9
1127550 1542.1
1127560 1543.2
1127570 1543.2
1127580 1541.3
1127590 1537.9
1127600 1535.0
1127610 1535.0
1127620 1532.7
1127630 1529.4
1127640 1529.4
1127650 1526.5
1127660 1520.9
1127670 1520.9
1127680 1521.3
1127690 1522.2
1127700 1522.2
1127710 1521.2
1127720 1519.0
1127730 1519.0
1127740 1516.8
1127750 1518.0
1127760 1518.0
1127770 1518.1
1127780 1517.8
1127790 1517.8
1127800 1517.2
1127810 1516.1
1127820 1516.1
1127830 1512.0
1127840 1506.5
1127850 1505.1
1127860 1505.1
1127870 1505.8
1127880 1505.0
1127890 1505.0
1127900 1503.7
1127910 1502.4
1127920 1502.4
1127930 1500.9
1127940 1497.6
1127950 1497.6
1127960 1494.8
1127970 1489.6
1127980 1489.6
1127990 1490.8
1128000 1490.8
1128010 1488.8
1128020 1489.3
1128030 1488.7
1128040 1488.7
1128050 1488.9
1128060 1490.4
1128070 1490.4
1128080 1491.3
1128090 1491.4
1128100 1490.2
1128110 1490.2
1128120 1487.4
1128130 1485.2
1128140 1485.2
1128150 1483.1
1128160 1480.3
1128170 1480.3
1128180 1477.2
1128190 1474.8
1128200 1474.8
1128210 1473.5
1128220 1472.6
1128230 1472.6
1128240 1472.1
1128250 1471.7
1128260 1471.7
1128270 1471.6
1128280 1472.0
1128290 1472.0
1128300 1471.9
1128310 1471.8
1128320 1471.8
1128330 1471.7
1128340 1471.8
1128350 1471.6
1128360 1471.6
1128370 1471.4
1128380 1471.5
1128390 1471.5
1128400 1471.2
1128410 1471.4
1128420 1471.4
1128430 1471.8
1128440 1471.6
1128450 1471.6
1128460 1470.9
1128470 1468.6
1128480 1468.6
1128490 1464.7
1128500 1460.3
1128510 1460.3
1128520 1454.7
1128530 1450.8
1128540 1450.8
1128550 1449.8
1128560 1448.9
1128570 1448.9
1128580 1448.4
1128590 1448.1
1128600 1447.6
1128610 1447.6
1128620 1446.5
1128630 1445.7
1128640 1445.7
1128650 1445.3
1128660 1445.4
1128670 1445.4
1128680 1445.1
1128690 1444.4
1128700 1444.4
1128710 1443.5
1128720 1442.5
1128730 1442.4
1128740 1442.3
1128750 1442.3
1128760 1442.3
1128770 1442.2
1128780 1442.2
1128790 1442.2
1128800 1442.0
1128810 1441.6
1128820 1441.6
1128830 1441.0
1128840 1441.4
1128850 1440.5
1128860 1440.5
1128870 1439.5
1128880 1439.5
1128890 1439.5
1128900 1439.7
1128910 1439.9
1128920 1439.9
1128930 1438.6
1128940 1437.7
1128950 1437.7
1128960 1439.6
1128970 1439.8
1128980 1439.8
1128990 1440.1
1129000 1439.9
1129010 1439.9
1129020 1440.6
1129030 1443.1
1129040 1443.1
1129050 1445.7
1129060 1447.8
1129070 1447.8
1129080 1448.8
1129090 1449.3
1129100 1449.3
1129110 1452.3
1129120 1453.4
1129130 1453.6
1129140 1453.6
1129150 1454.0
1129160 1454.4
1129170 1454.4
1129180 1454.8
1129190 1455.5
1129200 1455.5
1129210 1456.4
1129220 1456.9
1129230 1456.9
1129240 1457.4
1129250 1458.4
1129260 1458.4
1129270 1459.6
1129280 1462.0
1129290 1462.0
1129300 1466.1
1129310 1469.7
1129320 1469.7
1129330 1471.5
1129340 1470.9
1129350 1470.9
1129360 1469.4
1129370 1469.7
1129380 1470.5
1129390 1470.5
1129400 1471.6
1129410 1472.8
1129420 1472.8
1129430 1474.1
1129440 1477.2
1129450 1477.2
1129460 1477.9
1129470 1477.7
1129480 1477.7
1129490 1477.8
1129500 1478.3
1129510 1478.3
1129520 1479.9
1129530 1481.5
1129540 1481.5
1129550 1482.6
1129560 1483.7
1129570 1483.7
1129580 1485.4
1129590 1486.8
1129600 1486.8
1129610 1487.8
1129620 1488.7
1129630 1490.1
1129640 1490.1
1129650 1492.0
1129660 1494.1
1129670 1494.1
1129680 1496.5
1129690 1499.4
1129700 1499.4
1129710 1502.2
1129720 1505.4
1129730 1505.4
1129740 1508.7
1129750 1512.3
1129760 1512.3
1129770 1515.4
1129780 1518.4
1129790 1518.4
1129800 1525.1
1129810 1528.2
1129820 1528.2
1129830 1531.1
1129840 1534.8
1129850 1534.8
1129860 1539.6
1129870 1544.3
1129880 1548.2
1129890 1548.2
1129900 1551.8
1129910 1556.2
1129920 1556.2
1129930 1561.3
1129940 1566.7
1129950 1566.7
1129960 1572.2
1129970 1577.4
1129980 1577.4
1129990 1582.1
1130000 1587.9
1130010 1587.9
1130020 1593.4
1130030 1600.9
1130040 1600.9
1130050 1610.7
1130060 1621.6
1130070 1621.6
1130080 1628.9
1130090 1631.8
1130100 1631.8
1130110 1637.4
1130120 1634.9
1130130 1640.6
1130140 1640.6
1130150 1650.4
1130160 1670.4
1130170 1670.4
1130180 1680.0
1130190 1684.5
1130200 1684.5
1130210 1689.5
1130220 1700.3
1130230 1700.3
1130240 1710.5
1130250 1719.5
1130260 1719.5
1130270 1735.5
1130280 1754.7
1130290 1754.7
1130300 1767.8
1130310 1776.4
1130320 1776.4
1130330 1782.7
1130340 1788.6
1130350 1788.6
1130360 1796.0
1130370 1802.9
1130380 1809.5
1130390 1809.5
1130400 1817.2
1130410 1824.3
1130420 1824.3
1130430 1831.4
1130440 1839.1
1130450 1839.1
1130460 1847.5
1130470 1855.3
1130480 1855.3
1130490 1863.5
1130500 1873.8
1130510 1873.8
1130520 1891.8
1130530 1908.2
1130540 1908.2
1130550 1919.8
1130560 1926.6
1130570 1926.6
1130580 1930.2
1130590 1929.5
1130600 1929.5
1130610 1931.6
1130620 1934.1
1130630 1934.1
1130640 1937.9
1130650 1942.7
1130660 1948.9
1130670 1948.9
1130680 1956.6
1130690 1965.3
1130700 1965.3
1130710 1975.4
1130720 1980.5
1130730 1980.5
1130740 1983.1
1130750 1987.5
1130760 1987.5
1130770 1990.2
1130780 1991.8
1130790 1991.8
1130800 1994.4
1130810 2001.8
1130820 2001.8
1130830 2007.8
1130840 2013.0
1130850 2013.0
1130860 2019.2
1130870 2023.5
1130880 2023.6
1130890 2026.6
1130900 2030.7
1130910 2033.4
1130920 2033.4
1130930 2034.7
1130940 2034.2
1130950 2034.2
1130960 2037.2
1130970 2038.2
1130980 2038.2
1130990 2041.9
1131000 2048.0
1131010 2048.0
1131020 2053.8
1131030 2057.1
1131040 2057.1
1131050 2058.2
1131060 2060.5
1131070 2060.5
1131080 2063.8
1131090 2065.9
1131100 2065.9
1131110 2064.7
1131120 2062.7
1131130 2062.7
1131140 2062.7
1131150 2062.0
1131160 2062.0
1131170 2062.0
1131180 2062.6
1131190 2062.9
1131200 2062.9
1131210 2062.7
1131220 2063.5
1131230 2063.5
1131240 2060.7
1131250 2056.6
1131260 2056.6
1131270 2054.4
1131280 2051.8
1131290 2051.8
1131300 2048.8
1131310 2043.9
1131320 2043.9
1131330 2040.9
1131340 2038.7
1131350 2038.7
1131360 2034.7
1131370 2033.2
1131380 2033.2
1131390 2030.1
1131400 2024.0
1131410 2015.7
1131420 2015.7
1131430 2009.4
1131440 2004.1
1131450 2004.1
1131460 1996.9
1131470 1993.6
1131480 1993.6
1131490 1987.9
1131500 1979.9
1131510 1979.9
1131520 1975.3
1131530 1968.6
1131540 1968.6
1131550 1958.1
1131560 1946.1
1131570 1946.1
1131580 1927.7
1131590 1916.6
1131600 1929.4
1131610 1917.7
1131620 1909.5
1131630 1909.5
1131640 1902.0
1131650 1894.6
1131660 1886.7
1131670 1886.7
1131680 1875.0
1131690 1862.9
1131700 1862.9
1131710 1850.9
1131720 1842.8
1131730 1842.8
1131740 1836.7
1131750 1832.1
1131760 1832.1
1131770 1830.9
1131780 1828.1
1131790 1828.1
1131800 1826.3
1131810 1826.6
1131820 1826.6
1131830 1823.0
1131840 1816.3
1131850 1816.3
1131860 1809.3
1131870 1802.2
1131880 1802.2
1131890 1795.6
1131900 1790.0
1131910 1785.0
1131920 1785.0
1131930 1781.5
1131940 1779.0
1131950 1779.0
1131960 1780.5
1131970 1777.0
1131980 1777.0
1131990 1774.6
1132000 1772.2
1132010 1772.2
1132020 1770.0
1132030 1769.0
1132040 1769.0
1132050 1768.7
1132060 1766.9
1132070 1766.9
1132080 1764.5
1132090 1760.8
1132100 1760.8
1132110 1758.2
1132120 1755.7
1132130 1755.7
1132140 1753.0
1132150 1750.0
1132160 1746.9
1132170 1746.9
1132180 1744.6
1132190 1741.3
1132200 1741.3
1132210 1737.7
1132220 1734.2
1132230 1734.2
1132240 1731.1
1132250 1729.1
1132260 1729.1
1132270 1727.0
1132280 1725.0
1132290 1725.0
1132300 1723.0
1132310 1722.4
1132320 1726.1
1132330 1724.7
1132340 1722.3
1132350 1722.3
1132360 1720.8
1132370 1719.8
1132380 1719.8
1132390 1718.9
1132400 1718.6
1132410 1718.8
1132420 1718.8
1132430 1718.0
1132440 1717.3
1132450 1717.3
1132460 1717.7
1132470 1717.4
1132480 1717.4
1132490 1717.4
1132500 1717.3
1132510 1717.3
1132520 1716.9
1132530 1717.4
1132540 1717.4
1132550 1721.3
1132560 1724.8
1132570 1724.8
1132580 1728.0
1132590 1731.6
1132600 1731.6
1132610 1735.3
1132620 1737.5
1132630 1737.5
1132640 1740.0
1132650 1742.3
1132660 1742.3
1132670 1745.4
1132680 1745.9
1132690 1750.0
1132700 1750.0
1132710 1754.4
1132720 1758.7
1132730 1758.7
1132740 1763.3
1132750 1767.9
1132760 1767.9
1132770 1774.8
1132780 1780.9
1132790 1780.9
1132800 1786.3
1132810 1791.0
1132820 1791.0
1132830 1796.3
1132840 1801.2
1132850 1801.2
1132860 1806.7
1132870 1812.0
1132880 1812.0
1132890 1816.6
1132900 1821.3
1132910 1821.3
1132920 1826.0
1132930 1830.6
1132940 1834.4
1132950 1834.4
1132960 1837.8
1132970 1841.5
1132980 1841.5
1132990 1844.2
1133000 1848.0
1133010 1848.0
1133020 1853.5
1133030 1859.6
1133040 1856.4
1133050 1862.1
1133060 1868.3
1133070 1868.3
1133080 1874.0
1133090 1879.7
1133100 1879.7
1133110 1886.3
1133120 1893.9
1133130 1893.9
1133140 1900.2
1133150 1906.1
1133160 1906.1
1133170 1909.5
1133180 1913.4
1133190 1918.4
1133200 1918.4
1133210 1922.3
1133220 1926.2
1133230 1926.2
1133240 1931.2
1133250 1936.7
1133260 1936.7
1133270 1940.0
1133280 1945.3
1133290 1945.3
1133300 1951.9
1133310 1961.6
1133320 1961.6
1133330 1971.1
1133340 1977.9
1133350 1977.9
1133360 1977.2
1133370 1983.4
1133380 1983.4
1133390 1980.9
1133400 1979.2
1133410 1979.2
1133420 1989.8
1133430 2000.8
1133440 2008.8
1133450 2008.8
1133460 2018.5
1133470 2024.4
1133480 2024.4
1133490 2028.2
1133500 2034.4
1133510 2034.4
1133520 2041.4
1133530 2050.2
1133540 2050.2
1133550 2059.5
1133560 2066.2
1133570 2066.2
1133580 2071.1
1133590 2075.5
1133600 2075.5
1133610 2080.8
1133620 2085.9
1133630 2085.9
1133640 2091.3
1133650 2096.7
1133660 2096.7
1133670 2104.4
1133680 2112.8
1133690 2119.6
1133700 2119.6
1133710 2124.8
1133720 2130.9
1133730 2130.9
1133740 2134.8
1133750 2139.3
1133760 2139.3
1133770 2144.8
1133780 2151.0
1133790 2151.0
1133800 2156.2
1133810 2162.8
1133820 2162.8
1133830 2170.9
1133840 2177.6
1133850 2177.6
1133860 2182.2
1133870 2186.0
1133880 2186.0
1133890 2191.1
1133900 2195.3
1133910 2195.3
1133920 2202.5
1133930 2207.7
1133940 2214.4
1133950 2214.4
1133960 2221.6
1133970 2228.4
1133980 2228.4
1133990 2232.3
1134000 2235.3
1134010 2235.3
1134020 2236.9
1134030 2240.2
1134040 2240.2
1134050 2240.6
1134060 2242.9
1134070 2242.9
1134080 2245.9
1134090 2249.6
1134100 2249.6
1134110 2253.3
1134120 2258.1
1134130 2259.2
1134140 2264.1
1134150 2269.3
1134160 2269.3
1134170 2275.1
1134180 2280.4
1134190 2280.4
1134200 2285.7
1134210 2291.7
1134220 2297.8
1134230 2297.8
1134240 2304.3
1134250 2311.1
1134260 2311.1
1134270 2318.2
1134280 2328.9
1134290 2328.9
1134300 2370.0
1134310 2421.7
1134320 2421.7
1134330 2443.5
1134340 2457.2
1134350 2457.2
1134360 2466.8
1134370 2475.0
1134380 2475.0
1134390 2482.8
1134400 2494.9
1134410 2494.9
1134420 2507.6
1134430 2520.8
1134440 2520.8
1134450 2530.1
1134460 2534.3
1134470 2528.5
1134480 2528.5
1134490 2507.5
1134500 2494.0
1134510 2494.0
1134520 2476.2
1134530 2453.8
1134540 2453.8
1134550 2423.9
1134560 2394.9
1134570 2394.9
1134580 2376.5
1134590 2367.6
1134600 2367.6
1134610 2360.1
1134620 2353.6
1134630 2353.6
1134640 2346.5
1134650 2332.7
1134660 2332.7
1134670 2318.5
1134680 2295.6
1134690 2295.6
1134700 2272.6
1134710 2256.0
1134720 2247.5
1134730 2247.5
1134740 2241.1
1134750 2235.1
1134760 2235.1
1134770 2229.8
1134780 2225.9
1134790 2225.9
1134800 2222.8
1134810 2219.6
1134820 2219.6
1134830 2217.1
1134840 2213.2
1134850 2213.2
1134860 2211.0
1134870 2208.1
1134880 2208.1
1134890 2206.1
1134900 2206.6
1134910 2206.6
1134920 2205.4
1134930 2203.5
1134940 2203.5
1134950 2199.2
1134960 2196.3
1134970 2198.7
1134980 2198.7
1134990 2196.0
1135000 2190.8
1135010 2190.8
1135020 2180.3
1135030 2172.8
1135040 2172.8
1135050 2166.9
1135060 2162.8
1135070 2162.8
1135080 2153.8
1135090 2146.7
1135100 2146.7
1135110 2142.5
1135120 2138.9
1135130 2138.9
1135140 2134.9
1135150 2130.6
1135160 2130.6
1135170 2126.8
1135180 2123.9
1135190 2123.9
1135200 2121.0
1135210 2115.9
1135220 2109.9
1135230 2109.9
1135240 2105.6
1135250 2102.5
1135260 2102.5
1135270 2099.0
1135280 2093.0
1135290 2093.0
1135300 2085.6
1135310 2080.1
1135320 2080.1
1135330 2078.1
1135340 2077.0
1135350 2077.0
1135360 2075.1
1135370 2073.2
1135380 2073.2
1135390 2074.0
1135400 2076.9
1135410 2076.9
1135420 2079.8
1135430 2081.6
1135440 2081.6
1135450 2081.5
1135460 2080.6
1135470 2079.2
1135480 2079.2
1135490 2077.8
1135500 2079.4
1135510 2079.4
1135520 2080.7
1135530 2082.5
1135540 2082.5
1135550 2083.4
1135560 2084.6
1135570 2084.6
1135580 2092.2
1135590 2090.8
1135600 2090.8
1135610 2089.1
1135620 2089.1
1135630 2089.1
1135640 2088.3
1135650 2086.0
1135660 2086.0
1135670 2085.4
1135680 2085.3
1135690 2085.3
1135700 2085.4
1135710 2086.8
1135720 2088.0
1135730 2088.0
1135740 2089.3
1135750 2090.7
1135760 2090.7
1135770 2091.8
1135780 2091.8
1135790 2091.8
1135800 2091.6
1135810 2091.7
1135820 2091.7
1135830 2092.0
1135840 2092.6
1135850 2092.6
1135860 2092.7
1135870 2092.2
1135880 2092.2
1135890 2091.3
1135900 2090.4
1135910 2090.4
1135920 2090.3
1135930 2091.3
1135940 2091.3
1135950 2098.8
1135960 2099.3
1135970 2098.6
1135980 2098.6
1135990 2096.7
1136000 2093.8
1136010 2093.8
1136020 2094.6
1136030 2100.3
1136040 2100.3
1136050 2100.4
1136060 2100.3
1136070 2100.3
1136080 2103.5
1136090 2123.2
1136100 2123.2
1136110 2149.2
1136120 2158.8
1136130 2158.8
1136140 2163.5
1136150 2164.1
1136160 2164.1
1136170 2162.2
1136180 2158.8
1136190 2158.8
1136200 2149.8
1136210 2142.2
1136220 2142.2
1136230 2133.1
1136240 2117.8
1136250 2106.3
1136260 2106.3
1136270 2097.9
1136280 2091.8
1136290 2091.8
1136300 2083.4
1136310 2077.5
1136320 2077.5
1136330 2062.3
1136340 2053.4
1136350 2053.4
1136360 2047.5
1136370 2040.2
1136380 2040.2
1136390 2033.9
1136400 2027.3
1136410 2027.3
1136420 2018.5
1136430 2009.9
1136440 2009.9
1136450 2002.2
1136460 1993.8
1136470 1993.8
1136480 1985.5
1136490 1978.2
1136500 1971.1
1136510 1971.1
1136520 1964.7
1136530 1958.9
1136540 1958.9
1136550 1952.8
1136560 1945.7
1136570 1945.7
1136580 1938.9
1136590 1932.8
1136600 1932.8
1136610 1927.1
1136620 1922.2
1136630 1922.2
1136640 1918.4
1136650 1915.3
1136660 1915.3
1136670 1911.8
1136680 1909.1
1136690 1909.1
1136700 1905.0
1136710 1899.9
1136720 1899.9
1136730 1894.1
1136740 1890.0
1136750 1888.2
1136760 1888.2
1136770 1887.2
1136780 1887.0
1136790 1887.0
1136800 1886.5
1136810 1885.0
1136820 1885.0
1136830 1884.7
1136840 1886.1
1136850 1886.1
1136860 1887.3
1136870 1888.0
1136880 1888.0
1136890 1887.9
1136900 1887.7
1136910 1887.7
1136920 1887.5
1136930 1886.0
1136940 1886.0
1136950 1883.4
1136960 1879.8
1136970 1879.8
1136980 1883.0
1136990 1887.3
1137000 1892.9
1137010 1892.9
1137020 1897.2
1137030 1898.9
1137040 1899.6
1137050 1900.9
1137060 1902.2
1137070 1902.2
1137080 1904.2
1137090 1906.5
1137100 1906.5
1137110 1908.7
1137120 1910.5
1137130 1910.5
1137140 1912.4
1137150 1914.1
1137160 1914.1
1137170 1916.0
1137180 1918.8
1137190 1918.8
1137200 1922.2
1137210 1926.7
1137220 1926.7
1137230 1931.3
1137240 1934.4
1137250 1937.1
1137260 1937.1
1137270 1939.8
1137280 1943.7
1137290 1943.7
1137300 1948.9
1137310 1955.8
1137320 1955.8
1137330 1961.8
1137340 1966.2
1137350 1966.2
1137360 1970.7
1137370 1975.6
1137380 1975.6
1137390 1980.8
1137400 1987.6
1137410 1984.5
1137420 1990.6
1137430 1994.9
1137440 1994.9
1137450 2000.0
1137460 2006.5
1137470 2006.5
1137480 2012.8
1137490 2018.8
1137500 2024.7
1137510 2024.7
1137520 2030.8
1137530 2036.1
1137540 2036.1
1137550 2039.4
1137560 2041.2
1137570 2041.2
1137580 2043.1
1137590 2044.8
1137600 2044.8
1137610 2046.1
1137620 2047.7
1137630 2047.7
1137640 2049.0
1137650 2049.3
1137660 2049.3
1137670 2050.7
1137680 2052.9
1137690 2052.9
1137700 2055.2
1137710 2058.3
1137720 2058.3
1137730 2063.0
1137740 2065.9
1137750 2069.7
1137760 2069.7
1137770 2074.4
1137780 2081.8
1137790 2081.8
1137800 2088.2
1137810 2094.4
1137820 2094.4
1137830 2101.4
1137840 2109.4
1137850 2109.4
1137860 2117.9
1137870 2126.6
1137880 2126.6
1137890 2133.2
1137900 2138.3
1137910 2138.3
1137920 2144.4
1137930 2151.1
1137940 2151.1
1137950 2157.1
1137960 2163.6
1137970 2163.6
1137980 2170.4
1137990 2176.1
1138000 2176.1
1138010 2180.7
1138020 2185.0
1138030 2189.1
1138040 2189.1
1138050 2192.4
1138060 2194.7
1138070 2194.7
1138080 2195.5
1138090 2194.4
1138100 2194.4
1138110 2191.1
1138120 2186.2
1138130 2186.2
1138140 2177.3
1138150 2173.0
1138160 2173.0
1138170 2169.8
1138180 2166.1
1138190 2166.1
1138200 2161.8
1138210 2157.9
1138220 2157.9
1138230 2153.4
1138240 2146.8
1138250 2146.8
1138260 2140.7
1138270 2133.8
1138280 2122.9
1138290 2122.9
1138300 2115.4
1138310 2109.4
1138320 2109.4
1138330 2104.3
1138340 2103.0
1138350 2103.0
1138360 2101.3
1138370 2096.6
1138380 2096.6
1138390 2091.8
1138400 2087.2
1138410 2087.2
1138420 2083.0
1138430 2079.6
1138440 2079.6
1138450 2076.2
1138460 2071.6
1138470 2071.6
1138480 2065.9
1138490 2061.0
1138500 2061.0
1138510 2053.5
1138520 2049.2
1138530 2044.7
1138540 2044.7
1138550 2040.0
1138560 2035.0
1138570 2035.0
1138580 2030.3
1138590 2024.9
1138600 2024.9
1138610 2018.4
1138620 2012.6
1138630 2012.6
1138640 2007.5
1138650 2002.7
1138660 2002.7
1138670 1997.5
1138680 1992.6
1138690 1992.6
1138700 1987.5
1138710 1984.0
1138720 1984.0
1138730 1981.0
1138740 1978.0
1138750 1978.0
1138760 1975.5
1138770 1971.8
1138780 1968.0
1138790 1968.0
1138800 1963.8
1138810 1959.8
1138820 1959.8
1138830 1955.7
1138840 1952.0
1138850 1952.0
1138860 1948.2
1138870 1943.0
1138880 1940.4
1138890 1934.1
1138900 1928.0
1138910 1928.0
1138920 1923.3
1138930 1920.1
1138940 1920.1
1138950 1917.5
1138960 1913.7
1138970 1913.7
1138980 1910.7
1138990 1906.8
1139000 1906.8
1139010 1902.2
1139020 1897.4
1139030 1892.8
1139040 1892.8
1139050 1889.0
1139060 1885.5
1139070 1885.5
1139080 1883.6
1139090 1882.2
1139100 1882.2
1139110 1879.7
1139120 1877.4
1139130 1877.4
1139140 1874.4
1139150 1869.8
1139160 1869.8
1139170 1863.1
1139180 1856.1
1139190 1856.1
1139200 1851.2
1139210 1849.3
1139220 1849.3
1139230 1846.5
1139240 1842.9
1139250 1837.4
1139260 1834.4
1139270 1829.1
1139280 1824.1
1139290 1824.1
1139300 1819.2
1139310 1815.4
1139320 1815.4
1139330 1810.3
1139340 1801.3
1139350 1801.3
1139360 1793.4
1139370 1790.1
1139380 1790.1
1139390 1785.4
1139400 1779.3
1139410 1779.3
1139420 1773.1
1139430 1768.3
1139440 1768.3
1139450 1763.9
1139460 1759.9
1139470 1759.9
1139480 1754.8
1139490 1748.5
1139500 1748.5
1139510 1743.9
1139520 1739.3
1139530 1733.9
1139540 1733.9
1139550 1728.7
1139560 1722.8
1139570 1722.8
1139580 1717.4
1139590 1715.1
1139600 1715.1
1139610 1709.5
1139620 1708.1
1139630 1708.1
1139640 1705.6
1139650 1702.9
1139660 1702.9
1139670 1699.1
1139680 1693.1
1139690 1693.1
1139700 1686.1
1139710 1679.4
1139720 1679.4
1139730 1672.4
1139740 1666.5
1139750 1666.5
1139760 1661.7
1139770 1657.0
1139780 1654.0
1139790 1654.0
1139800 1651.8
1139810 1649.6
1139820 1649.6
1139830 1647.4
1139840 1645.2
1139850 1645.2
1139860 1642.8
1139870 1640.1
1139880 1640.1
1139890 1637.7
1139900 1635.4
1139910 1635.4
1139920 1633.3
1139930 1631.9
1139940 1631.9
1139950 1631.0
1139960 1629.5
1139970 1629.5
1139980 1626.4
1139990 1623.2
