1120000 2003.9
1120010 1996.2
1120020 1990.5
1120030 1990.5
1120040 1986.9
1120050 1984.2
1120060 1984.2
1120070 1981.7
1120080 1978.3
1120090 1978.3
1120100 1975.6
1120110 1971.5
1120120 1971.5
1120130 1967.0
1120140 1965.8
1120150 1965.8
1120160 1960.5
1120170 1954.2
1120180 1947.4
1120190 1947.4
1120200 1939.9
1120210 1933.4
1120220 1933.4
1120230 1928.5
1120240 1921.8
1120250 1921.8
1120260 1911.7
1120270 1901.0
1120280 1901.0
1120290 1896.9
1120300 1900.0
1120310 1900.0
1120320 1906.2
1120330 1911.9
1120340 1911.9
1120350 1914.2
1120360 1915.9
1120370 1915.9
1120380 1918.5
1120390 1921.3
1120400 1921.3
1120410 1924.6
1120420 1928.3
1120430 1931.0
1120440 1931.0
1120450 1933.3
1120460 1934.7
1120470 1934.7
1120480 1935.5
1120490 1928.2
1120500 1928.2
1120510 1926.4
1120520 1924.0
1120530 1924.0
1120540 1922.8
1120550 1920.8
1120560 1920.8
1120570 1918.4
1120580 1916.2
1120590 1916.2
1120600 1914.7
1120610 1913.0
1120620 1913.0
1120630 1910.4
1120640 1908.7
1120650 1908.7
1120660 1907.2
1120670 1905.1
1120680 1905.4
1120690 1905.4
1120700 1907.0
1120710 1907.5
1120720 1907.5
1120730 1905.3
1120740 1905.9
1120750 1905.9
1120760 1907.0
1120770 1906.3
1120780 1906.3
1120790 1903.6
1120800 1899.3
1120810 1899.3
1120820 1894.8
1120830 1891.4
1120840 1891.4
1120850 1887.0
1120860 1884.1
1120870 1884.1
1120880 1881.9
1120890 1879.7
1120900 1879.7
1120910 1877.7
1120920 1875.3
1120930 1875.3
1120940 1873.5
1120950 1871.9
1120960 1869.4
1120970 1869.4
1120980 1867.1
1120990 1864.3
1121000 1864.3
1121010 1861.5
1121020 1858.3
1121030 1858.3
1121040 1854.7
1121050 1850.8
1121060 1850.8
1121070 1846.5
1121080 1841.0
1121090 1841.0
1121100 1834.7
1121110 1830.0
1121120 1830.0
1121130 1827.2
1121140 1823.9
1121150 1823.9
1121160 1819.8
1121170 1816.0
1121180 1820.5
1121190 1815.7
1121200 1810.4
1121210 1805.0
1121220 1805.0
1121230 1801.4
1121240 1795.4
1121250 1795.4
1121260 1787.2
1121270 1782.4
1121280 1782.4
1121290 1782.5
1121300 1784.5
1121310 1784.5
1121320 1785.0
1121330 1784.9
1121340 1784.9
1121350 1786.3
1121360 1789.4
1121370 1789.4
1121380 1792.3
1121390 1795.8
1121400 1795.8
1121410 1789.2
1121420 1788.2
1121430 1788.2
1121440 1795.8
1121450 1799.1
1121460 1802.9
1121470 1802.9
1121480 1807.6
1121490 1806.1
1121500 1806.1
1121510 1797.4
1121520 1784.1
1121530 1782.2
1121540 1773.0
1121550 1772.5
1121560 1772.5
1121570 1777.1
1121580 1781.3
1121590 1781.3
1121600 1788.0
1121610 1796.1
1121620 1796.1
1121630 1803.8
1121640 1806.5
1121650 1806.5
1121660 1810.0
1121670 1814.6
1121680 1814.6
1121690 1821.9
1121700 1830.2
1121710 1836.3
1121720 1836.3
1121730 1841.0
1121740 1844.5
1121750 1844.5
1121760 1848.2
1121770 1852.4
1121780 1852.4
1121790 1856.6
1121800 1861.2
1121810 1861.2
1121820 1867.7
1121830 1870.7
1121840 1870.7
1121850 1873.7
1121860 1877.3
1121870 1877.3
1121880 1880.7
1121890 1888.2
1121900 1888.2
1121910 1892.3
1121920 1896.7
1121930 1896.7
1121940 1901.1
1121950 1906.0
1121960 1906.0
1121970 1911.0
1121980 1914.6
1121990 1916.9
1122000 1916.9
1122010 1918.7
1122020 1920.5
1122030 1920.5
1122040 1922.6
1122050 1924.9
1122060 1924.9
1122070 1925.6
1122080 1926.3
1122090 1926.3
1122100 1927.5
1122110 1930.0
1122120 1930.0
1122130 1932.2
1122140 1933.3
1122150 1933.3
1122160 1934.2
1122170 1936.0
1122180 1936.0
1122190 1938.1
1122200 1939.9
1122210 1939.9
1122220 1938.6
1122230 1935.5
1122240 1933.2
1122250 1933.2
1122260 1934.3
1122270 1936.1
1122280 1936.1
1122290 1938.2
1122300 1941.5
1122310 1941.5
1122320 1946.0
1122330 1950.7
1122340 1950.7
1122350 1953.8
1122360 1958.2
1122370 1958.2
1122380 1963.6
1122390 1969.5
1122400 1969.5
1122410 1974.5
1122420 1978.2
1122430 1978.2
1122440 1981.4
1122450 1985.1
1122460 1985.1
1122470 1988.8
1122480 1990.7
1122490 1992.4
1122500 1992.4
1122510 1995.6
1122520 1996.9
1122530 1996.9
1122540 1997.3
1122550 1997.5
1122560 1997.5
1122570 1999.3
1122580 2001.4
1122590 2003.9
1122600 2006.8
1122610 2008.6
1122620 2008.6
1122630 2008.5
1122640 2007.6
1122650 2007.6
1122660 2008.4
1122670 2010.1
1122680 2010.1
1122690 2013.9
1122700 2016.2
1122710 2016.2
1122720 2016.4
1122730 2019.0
1122740 2020.4
1122750 2020.4
1122760 2021.8
1122770 2023.4
1122780 2023.4
1122790 2024.6
1122800 2026.6
1122810 2026.6
1122820 2027.4
1122830 2026.7
1122840 2026.7
1122850 2028.6
1122860 2032.5
1122870 2032.5
1122880 2034.4
1122890 2033.6
1122900 2033.6
1122910 2030.0
1122920 2025.6
1122930 2025.6
1122940 2022.7
1122950 2022.1
1122960 2022.1
1122970 2020.6
1122980 2020.9
1122990 2022.6
1123000 2022.6
1123010 2024.3
1123020 2020.5
1123030 2020.5
1123040 2014.4
1123050 2008.5
1123060 2008.5
1123070 2002.5
1123080 1996.5
1123090 1996.5
1123100 1990.1
1123110 1985.5
1123120 1985.5
1123130 1980.9
1123140 1977.6
1123150 1977.6
1123160 1973.7
1123170 1969.1
1123180 1969.1
1123190 1963.0
1123200 1956.3
1123210 1956.3
1123220 1951.0
1123230 1944.7
1123240 1944.7
1123250 1939.7
1123260 1936.0
1123270 1932.7
1123280 1932.7
1123290 1928.1
1123300 1925.1
1123310 1925.1
1123320 1921.1
1123330 1917.6
1123340 1917.6
1123350 1914.2
1123360 1911.4
1123370 1911.4
1123380 1908.8
1123390 1906.1
1123400 1906.1
1123410 1903.1
1123420 1899.8
1123430 1899.8
1123440 1896.3
1123450 1894.8
1123460 1894.8
1123470 1894.7
1123480 1896.2
1123490 1896.2
1123500 1899.1
1123510 1899.4
1123520 1895.7
1123530 1895.7
1123540 1891.6
1123550 1887.6
1123560 1887.6
1123570 1883.1
1123580 1878.3
1123590 1878.3
1123600 1882.8
1123610 1889.2
1123620 1889.2
1123630 1891.5
1123640 1886.2
1123650 1886.2
1123660 1884.0
1123670 1878.9
1123680 1878.9
1123690 1871.7
1123700 1867.0
1123710 1867.0
1123720 1868.9
1123730 1874.5
1123740 1874.5
1123750 1876.7
1123760 1875.2
1123770 1876.8
1123780 1876.8
1123790 1880.3
1123800 1884.1
1123810 1884.1
1123820 1885.5
1123830 1886.0
1123840 1886.0
1123850 1885.6
1123860 1882.4
1123870 1882.4
1123880 1877.6
1123890 1876.3
1123900 1876.3
1123910 1878.7
1123920 1875.3
1123930 1875.3
1123940 1871.7
1123950 1871.4
1123960 1871.4
1123970 1873.1
1123980 1871.0
1123990 1871.0
1124000 1860.6
1124010 1852.1
1124020 1845.6
1124030 1845.6
1124040 1845.7
1124050 1850.3
1124060 1850.3
1124070 1856.0
1124080 1863.1
1124090 1863.1
1124100 1871.9
1124110 1879.7
1124120 1879.7
1124130 1883.1
1124140 1883.8
1124150 1883.8
1124160 1884.3
1124170 1881.5
1124180 1881.5
1124190 1873.3
1124200 1876.3
1124210 1876.3
1124220 1883.3
1124230 1885.9
1124240 1885.9
1124250 1887.0
1124260 1886.7
1124270 1886.7
1124280 1885.6
1124290 1886.3
1124300 1887.7
1124310 1887.7
1124320 1888.8
1124330 1887.7
1124340 1887.7
1124350 1883.8
1124360 1885.0
1124370 1885.0
1124380 1884.1
1124390 1883.0
1124400 1883.0
1124410 1880.4
1124420 1884.8
1124430 1884.8
1124440 1889.4
1124450 1889.9
1124460 1889.9
1124470 1888.0
1124480 1891.0
1124490 1891.0
1124500 1893.1
1124510 1893.8
1124520 1893.8
1124530 1894.8
1124540 1895.9
1124550 1896.7
1124560 1896.7
1124570 1896.2
1124580 1896.5
1124590 1896.5
1124600 1896.6
1124610 1890.2
1124620 1890.2
1124630 1881.8
1124640 1881.1
1124650 1881.1
1124660 1889.8
1124670 1896.3
1124680 1896.3
1124690 1894.2
1124700 1881.6
1124710 1881.6
1124720 1881.5
1124730 1890.3
1124740 1890.3
1124750 1891.2
1124760 1891.4
1124770 1891.4
1124780 1894.8
1124790 1898.5
1124800 1900.9
1124810 1900.9
1124820 1902.3
1124830 1904.3
1124840 1904.3
1124850 1905.9
1124860 1906.4
1124870 1906.4
1124880 1908.8
1124890 1912.3
1124900 1912.3
1124910 1914.6
1124920 1917.3
1124930 1917.3
1124940 1920.7
1124950 1924.0
1124960 1924.0
1124970 1926.6
1124980 1928.2
1124990 1928.2
1125000 1929.4
1125010 1931.7
1125020 1931.7
1125030 1933.0
1125040 1932.5
1125050 1926.6
1125060 1920.5
1125070 1914.5
1125080 1911.3
1125090 1911.3
1125100 1913.1
1125110 1918.0
1125120 1918.0
1125130 1922.5
1125140 1923.7
1125150 1923.7
1125160 1923.5
1125170 1925.5
1125180 1925.5
1125190 1928.5
1125200 1931.8
1125210 1931.8
1125220 1933.6
1125230 1936.4
1125240 1936.4
1125250 1939.0
1125260 1939.2
1125270 1939.2
1125280 1940.3
1125290 1941.4
1125300 1941.4
1125310 1942.5
1125320 1944.4
1125330 1947.4
1125340 1947.4
1125350 1951.3
1125360 1953.3
1125370 1953.3
1125380 1955.2
1125390 1957.8
1125400 1957.8
1125410 1959.4
1125420 1961.3
1125430 1961.3
1125440 1964.4
1125450 1968.6
1125460 1968.6
1125470 1973.4
1125480 1977.4
1125490 1977.4
1125500 1981.9
1125510 1986.4
1125520 1986.4
1125530 1991.6
1125540 1996.9
1125550 1996.9
1125560 2001.1
1125570 2007.6
1125580 2015.3
1125590 2015.3
1125600 2022.6
1125610 2029.2
1125620 2029.2
1125630 2035.9
1125640 2041.2
1125650 2041.2
1125660 2043.1
1125670 2043.3
1125680 2043.3
1125690 2041.9
1125700 2039.9
1125710 2039.9
1125720 2038.9
1125730 2036.7
1125740 2036.7
1125750 2034.1
1125760 2033.2
1125770 2033.2
1125780 2031.1
1125790 2028.2
1125800 2028.2
1125810 2026.0
1125820 2023.6
1125830 2020.9
1125840 2020.9
1125850 2019.0
1125860 2017.7
1125870 2017.7
1125880 2016.6
1125890 2015.8
1125900 2015.8
1125910 2015.8
1125920 2015.7
1125930 2015.7
1125940 2017.0
1125950 2018.6
1125960 2018.6
1125970 2020.5
1125980 2022.8
1125990 2022.8
1126000 2024.9
1126010 2026.2
1126020 2026.2
1126030 2026.3
1126040 2025.5
1126050 2025.5
1126060 2024.2
1126070 2025.1
1126080 2025.3
1126090 2025.3
1126100 2024.8
1126110 2023.7
1126120 2030.2
1126130 2027.9
1126140 2023.1
1126150 2023.1
1126160 2018.2
1126170 2013.0
1126180 2013.0
1126190 2007.6
1126200 2002.6
1126210 2002.6
1126220 1999.1
1126230 1996.1
1126240 1996.1
1126250 1992.6
1126260 1989.5
1126270 1989.5
1126280 1987.2
1126290 1986.2
1126300 1986.2
1126310 1986.0
1126320 1985.7
1126330 1985.7
1126340 1985.5
1126350 1985.0
1126360 1983.9
1126370 1983.9
1126380 1978.7
1126390 1971.9
1126400 1971.9
1126410 1966.5
1126420 1962.7
1126430 1962.7
1126440 1960.2
1126450 1957.9
1126460 1957.9
1126470 1959.0
1126480 1957.5
1126490 1957.5
1126500 1956.3
1126510 1955.1
1126520 1955.1
1126530 1953.5
1126540 1951.8
1126550 1951.8
1126560 1949.9
1126570 1948.4
1126580 1948.4
1126590 1947.4
1126600 1946.4
1126610 1945.6
1126620 1945.6
1126630 1944.7
1126640 1943.8
1126650 1943.8
1126660 1940.7
1126670 1934.2
1126680 1934.2
1126690 1927.8
1126700 1921.7
1126710 1921.7
1126720 1919.1
1126730 1914.9
1126740 1914.9
1126750 1908.1
1126760 1899.9
1126770 1899.9
1126780 1892.6
1126790 1886.7
1126800 1886.7
1126810 1880.9
1126820 1874.4
1126830 1875.8
1126840 1868.3
1126850 1864.8
1126860 1864.5
1126870 1864.5
1126880 1863.6
1126890 1860.6
1126900 1860.6
1126910 1858.4
1126920 1856.1
1126930 1856.1
1126940 1852.6
1126950 1851.2
1126960 1851.2
1126970 1851.2
1126980 1850.6
1126990 1850.6
1127000 1849.6
1127010 1849.2
1127020 1849.2
1127030 1849.5
1127040 1850.7
1127050 1850.7
1127060 1850.7
1127070 1848.5
1127080 1848.5
1127090 1846.3
1127100 1843.9
1127110 1841.9
1127120 1841.9
1127130 1839.8
1127140 1838.6
1127150 1838.6
1127160 1837.0
1127170 1835.6
1127180 1831.4
1127190 1829.7
1127200 1828.7
1127210 1828.7
1127220 1827.8
1127230 1826.5
1127240 1826.5
1127250 1824.4
1127260 1820.4
1127270 1820.4
1127280 1816.5
1127290 1813.2
1127300 1813.2
1127310 1810.9
1127320 1808.9
1127330 1808.9
1127340 1806.8
1127350 1803.8
1127360 1803.8
1127370 1801.9
1127380 1801.1
1127390 1800.2
1127400 1800.2
1127410 1796.9
1127420 1795.6
1127430 1795.6
1127440 1795.2
1127450 1794.8
1127460 1794.8
1127470 1792.8
1127480 1790.8
1127490 1790.8
1127500 1787.7
1127510 1784.5
1127520 1784.5
1127530 1781.4
1127540 1783.0
1127550 1783.0
1127560 1779.0
1127570 1773.2
1127580 1773.2
1127590 1767.2
1127600 1763.7
1127610 1763.7
1127620 1760.8
1127630 1758.8
1127640 1757.0
1127650 1757.0
1127660 1755.6
1127670 1752.6
1127680 1752.6
1127690 1749.3
1127700 1749.0
1127710 1749.0
1127720 1748.9
1127730 1745.7
1127740 1745.7
1127750 1740.6
1127760 1735.2
1127770 1735.2
1127780 1729.1
1127790 1723.9
1127800 1723.9
1127810 1718.8
1127820 1712.9
1127830 1712.9
1127840 1708.1
1127850 1706.0
1127860 1706.0
1127870 1705.7
1127880 1704.9
1127890 1704.1
1127900 1702.4
1127910 1703.6
1127920 1702.9
1127930 1702.9
1127940 1702.6
1127950 1701.7
1127960 1701.7
1127970 1699.9
1127980 1697.5
1127990 1697.5
1128000 1695.2
1128010 1693.7
1128020 1693.7
1128030 1692.3
1128040 1688.7
1128050 1688.7
1128060 1683.3
1128070 1679.8
1128080 1679.8
1128090 1677.5
1128100 1674.7
1128110 1674.7
1128120 1671.7
1128130 1668.1
1128140 1667.0
1128150 1667.0
1128160 1667.2
1128170 1666.5
1128180 1666.5
1128190 1666.7
1128200 1668.3
1128210 1668.3
1128220 1668.9
1128230 1665.0
1128240 1665.0
1128250 1658.0
1128260 1657.1
1128270 1657.1
1128280 1656.4
1128290 1655.6
1128300 1655.6
1128310 1654.1
1128320 1652.7
1128330 1652.7
1128340 1651.5
1128350 1649.2
1128360 1649.2
1128370 1648.3
1128380 1647.4
1128390 1646.3
1128400 1646.3
1128410 1644.6
1128420 1643.2
1128430 1643.2
1128440 1640.8
1128450 1640.3
1128460 1640.3
1128470 1638.4
1128480 1635.8
1128490 1635.8
1128500 1634.8
1128510 1633.7
1128520 1633.7
1128530 1633.2
1128540 1632.5
1128550 1632.5
1128560 1632.2
1128570 1631.9
1128580 1631.9
1128590 1631.2
1128600 1630.4
1128610 1630.8
1128620 1629.9
1128630 1629.6
1128640 1629.6
1128650 1627.7
1128660 1627.1
1128670 1628.2
1128680 1628.2
1128690 1628.9
1128700 1628.8
1128710 1628.8
1128720 1629.9
1128730 1632.9
1128740 1632.9
1128750 1634.0
1128760 1634.2
1128770 1634.2
1128780 1633.9
1128790 1632.0
1128800 1632.0
1128810 1626.4
1128820 1621.6
1128830 1621.6
1128840 1616.6
1128850 1613.4
1128860 1613.4
1128870 1610.2
1128880 1604.1
1128890 1604.1
1128900 1596.2
1128910 1589.0
1128920 1585.6
1128930 1585.6
1128940 1588.1
1128950 1590.9
1128960 1590.9
1128970 1581.7
1128980 1582.2
1128990 1582.2
1129000 1584.0
1129010 1587.7
1129020 1587.7
1129030 1589.9
1129040 1589.5
1129050 1589.5
1129060 1588.0
1129070 1586.0
1129080 1586.0
1129090 1583.8
1129100 1582.2
1129110 1582.2
1129120 1580.6
1129130 1578.8
1129140 1578.8
1129150 1576.8
1129160 1575.2
1129170 1573.6
1129180 1573.6
1129190 1572.0
1129200 1571.2
1129210 1571.2
1129220 1569.8
1129230 1568.1
1129240 1568.1
1129250 1566.7
1129260 1565.4
1129270 1565.4
1129280 1565.1
1129290 1565.3
1129300 1565.3
1129310 1565.5
1129320 1565.1
1129330 1565.1
1129340 1563.8
1129350 1560.2
1129360 1560.2
1129370 1556.0
1129380 1552.0
1129390 1552.0
1129400 1548.8
1129410 1546.2
1129420 1543.6
1129430 1543.6
1129440 1541.7
1129450 1540.0
1129460 1540.0
1129470 1539.6
1129480 1538.2
1129490 1538.2
1129500 1536.5
1129510 1534.1
1129520 1534.1
1129530 1531.0
1129540 1527.6
1129550 1527.6
1129560 1523.8
1129570 1519.4
1129580 1519.4
1129590 1513.7
1129600 1507.9
1129610 1507.9
1129620 1502.9
1129630 1498.8
1129640 1498.8
1129650 1495.7
1129660 1493.6
1129670 1493.6
1129680 1488.8
1129690 1486.5
1129700 1484.0
1129710 1484.0
1129720 1480.8
1129730 1476.5
1129740 1476.5
1129750 1471.9
1129760 1470.0
1129770 1470.0
1129780 1468.7
1129790 1466.2
1129800 1466.2
1129810 1463.8
1129820 1461.8
1129830 1461.8
1129840 1458.7
1129850 1456.7
1129860 1456.7
1129870 1455.2
1129880 1454.3
1129890 1454.3
1129900 1453.1
1129910 1453.1
1129920 1453.1
1129930 1451.4
1129940 1449.2
1129950 1449.4
1129960 1449.4
1129970 1450.4
1129980 1451.5
1129990 1451.5
1130000 1450.6
1130010 1450.1
1130020 1450.1
1130030 1450.0
1130040 1444.2
1130050 1444.2
1130060 1439.9
1130070 1435.8
1130080 1435.8
1130090 1427.5
1130100 1420.8
1130110 1420.8
1130120 1426.5
1130130 1432.4
1130140 1432.4
1130150 1433.3
1130160 1434.8
1130170 1434.8
1130180 1435.9
1130190 1437.7
1130200 1440.0
1130210 1440.0
1130220 1443.5
1130230 1445.8
1130240 1445.8
1130250 1449.4
1130260 1452.4
1130270 1452.4
1130280 1453.6
1130290 1454.7
1130300 1454.7
1130310 1455.5
1130320 1456.1
1130330 1456.1
1130340 1457.1
1130350 1458.9
1130360 1458.9
1130370 1463.2
1130380 1469.0
1130390 1469.0
1130400 1479.0
1130410 1483.8
1130420 1483.8
1130430 1485.8
1130440 1488.9
1130450 1492.6
1130460 1492.6
1130470 1495.9
1130480 1498.4
1130490 1498.4
1130500 1500.3
1130510 1501.1
1130520 1501.1
1130530 1502.6
1130540 1503.9
1130550 1503.9
1130560 1505.4
1130570 1508.0
1130580 1508.0
1130590 1510.7
1130600 1511.8
1130610 1511.8
1130620 1509.7
1130630 1507.6
1130640 1507.6
1130650 1505.7
1130660 1504.6
1130670 1504.6
1130680 1502.2
1130690 1502.7
1130700 1503.4
1130710 1503.4
1130720 1502.6
1130730 1502.0
1130740 1502.0
1130750 1504.0
1130760 1509.2
1130770 1509.2
1130780 1509.7
1130790 1512.1
1130800 1512.1
1130810 1513.0
1130820 1514.3
1130830 1514.3
1130840 1515.8
1130850 1515.2
1130860 1515.2
1130870 1514.3
1130880 1513.6
1130890 1513.6
1130900 1511.3
1130910 1509.9
1130920 1509.9
1130930 1509.7
1130940 1508.8
1130950 1508.8
1130960 1509.0
1130970 1509.9
1130980 1511.9
1130990 1511.9
1131000 1514.2
1131010 1517.3
1131020 1517.3
1131030 1521.6
1131040 1527.5
1131050 1527.5
1131060 1532.2
1131070 1536.4
1131080 1536.4
1131090 1538.9
1131100 1541.5
1131110 1541.5
1131120 1538.4
1131130 1542.1
1131140 1542.1
1131150 1548.3
1131160 1556.4
1131170 1556.4
1131180 1562.1
1131190 1565.5
1131200 1565.5
1131210 1568.8
1131220 1572.3
1131230 1576.8
1131240 1576.8
1131250 1580.6
1131260 1583.8
1131270 1583.8
1131280 1587.2
1131290 1590.1
1131300 1590.1
1131310 1593.3
1131320 1596.1
1131330 1596.1
1131340 1599.2
1131350 1602.6
1131360 1602.6
1131370 1606.0
1131380 1608.5
1131390 1608.5
1131400 1611.1
1131410 1614.5
1131420 1614.5
1131430 1618.1
1131440 1621.5
1131450 1621.5
1131460 1624.4
1131470 1626.9
1131480 1634.7
1131490 1634.7
1131500 1638.8
1131510 1643.5
1131520 1643.5
1131530 1646.9
1131540 1649.1
1131550 1649.1
1131560 1648.7
1131570 1647.7
1131580 1647.7
1131590 1645.6
1131600 1647.3
1131610 1647.3
1131620 1650.0
1131630 1650.8
1131640 1650.8
1131650 1652.2
1131660 1654.9
1131670 1654.9
1131680 1657.7
1131690 1660.6
1131700 1660.6
1131710 1664.0
1131720 1666.2
1131730 1667.2
1131740 1667.2
1131750 1669.8
1131760 1672.0
1131770 1672.0
1131780 1674.2
1131790 1677.5
1131800 1677.5
1131810 1681.7
1131820 1687.7
1131830 1687.7
1131840 1693.2
1131850 1698.0
1131860 1698.0
1131870 1700.1
1131880 1701.3
1131890 1701.3
1131900 1702.0
1131910 1703.0
1131920 1703.0
1131930 1706.9
1131940 1710.5
1131950 1710.5
1131960 1714.8
1131970 1720.1
1131980 1720.1
1131990 1725.8
1132000 1731.9
1132010 1738.4
1132020 1738.4
1132030 1744.4
1132040 1750.4
1132050 1750.4
1132060 1755.9
1132070 1761.3
1132080 1761.3
1132090 1766.6
1132100 1772.5
1132110 1772.5
1132120 1776.6
1132130 1781.0
1132140 1781.0
1132150 1786.6
1132160 1791.8
1132170 1791.8
1132180 1796.7
1132190 1799.0
1132200 1792.0
1132210 1794.2
1132220 1799.3
1132230 1799.3
1132240 1803.1
1132250 1807.8
1132260 1812.9
1132270 1812.9
1132280 1818.4
1132290 1825.6
1132300 1825.6
1132310 1832.4
1132320 1839.0
1132330 1839.0
1132340 1845.0
1132350 1849.6
1132360 1849.6
1132370 1852.9
1132380 1855.7
1132390 1855.7
1132400 1858.6
1132410 1862.1
1132420 1862.1
1132430 1865.5
1132440 1867.7
1132450 1867.7
1132460 1869.5
1132470 1872.9
1132480 1872.9
1132490 1878.6
1132500 1884.0
1132510 1889.9
1132520 1889.9
1132530 1895.7
1132540 1900.9
1132550 1900.9
1132560 1900.0
1132570 1900.2
1132580 1900.2
1132590 1896.6
1132600 1892.1
1132610 1892.1
1132620 1889.5
1132630 1888.8
1132640 1888.8
1132650 1889.6
1132660 1894.9
1132670 1894.9
1132680 1897.1
1132690 1896.5
1132700 1896.5
1132710 1898.2
1132720 1904.3
1132730 1904.3
1132740 1909.3
1132750 1914.9
1132760 1919.4
1132770 1919.4
1132780 1922.4
1132790 1925.2
1132800 1925.2
1132810 1928.9
1132820 1935.5
1132830 1935.5
1132840 1943.2
1132850 1949.3
1132860 1949.3
1132870 1954.1
1132880 1960.0
1132890 1960.0
1132900 1966.2
1132910 1972.0
1132920 1971.3
1132930 1977.3
1132940 1984.8
1132950 1984.8
1132960 1990.6
1132970 1995.8
1132980 1995.8
1132990 2001.5
1133000 2007.1
1133010 2011.7
1133020 2011.7
1133030 2018.1
1133040 2023.6
1133050 2023.6
1133060 2028.8
1133070 2033.4
1133080 2033.4
1133090 2038.4
1133100 2043.6
1133110 2043.6
1133120 2047.5
1133130 2052.5
1133140 2052.5
1133150 2057.5
1133160 2062.2
1133170 2062.2
1133180 2067.0
1133190 2072.5
1133200 2072.5
1133210 2076.6
1133220 2079.0
1133230 2079.0
1133240 2082.2
1133250 2085.3
1133260 2085.3
1133270 2091.3
1133280 2098.1
1133290 2106.1
1133300 2106.1
1133310 2113.1
1133320 2120.7
1133330 2120.7
1133340 2125.0
1133350 2127.9
1133360 2127.9
1133370 2130.9
1133380 2132.7
1133390 2132.7
1133400 2133.4
1133410 2134.4
1133420 2134.4
1133430 2135.7
1133440 2136.8
1133450 2136.8
1133460 2137.2
1133470 2137.6
1133480 2137.6
1133490 2139.6
1133500 2141.1
1133510 2141.1
1133520 2142.2
1133530 2143.7
1133540 2145.0
1133550 2145.0
1133560 2146.7
1133570 2148.1
1133580 2148.1
1133590 2149.3
1133600 2150.1
1133610 2150.1
1133620 2151.1
1133630 2152.3
1133640 2152.3
1133650 2152.7
1133660 2153.6
1133670 2153.6
1133680 2154.5
1133690 2155.3
1133700 2155.3
1133710 2155.7
1133720 2155.6
1133730 2155.6
1133740 2155.3
1133750 2154.9
1133760 2154.9
1133770 2155.0
1133780 2155.0
1133790 2155.5
1133800 2155.5
1133810 2158.4
1133820 2164.4
1133830 2164.4
1133840 2171.2
1133850 2178.3
1133860 2178.3
1133870 2186.3
1133880 2194.7
1133890 2194.7
1133900 2199.5
1133910 2202.8
1133920 2202.8
1133930 2205.2
1133940 2207.2
1133950 2207.2
1133960 2209.1
1133970 2210.8
1133980 2210.8
1133990 2213.6
1134000 2216.1
1134010 2217.0
1134020 2220.4
1134030 2223.1
1134040 2225.0
1134050 2225.0
1134060 2225.6
1134070 2225.1
1134080 2225.1
1134090 2223.5
1134100 2222.1
1134110 2222.1
1134120 2220.4
1134130 2218.4
1134140 2218.4
1134150 2215.4
1134160 2210.7
1134170 2210.7
1134180 2206.5
1134190 2204.3
1134200 2204.3
1134210 2202.6
1134220 2201.2
1134230 2201.2
1134240 2199.4
1134250 2197.4
1134260 2197.4
1134270 2195.7
1134280 2193.2
1134290 2193.2
1134300 2190.1
1134310 2187.8
1134320 2183.7
1134330 2183.7
1134340 2181.5
1134350 2180.3
1134360 2180.3
1134370 2178.4
1134380 2174.8
1134390 2174.8
1134400 2171.2
1134410 2167.2
1134420 2167.2
1134430 2164.8
1134440 2163.1
1134450 2163.1
1134460 2161.7
1134470 2159.1
1134480 2159.1
1134490 2157.7
1134500 2156.8
1134510 2156.8
1134520 2155.1
1134530 2153.7
1134540 2153.7
1134550 2153.3
1134560 2152.7
1134570 2152.4
1134580 2152.4
1134590 2153.2
1134600 2153.7
1134610 2153.7
1134620 2153.8
1134630 2154.8
1134640 2154.8
1134650 2155.8
1134660 2155.9
1134670 2155.9
1134680 2157.1
1134690 2159.0
1134700 2159.0
1134710 2162.5
1134720 2168.0
1134730 2168.0
1134740 2175.2
1134750 2179.7
1134760 2179.7
1134770 2183.4
1134780 2187.5
1134790 2187.5
1134800 2192.2
1134810 2197.4
1134820 2203.7
1134830 2203.7
1134840 2212.2
1134850 2219.0
1134860 2219.0
1134870 2224.9
1134880 2231.7
1134890 2231.7
1134900 2239.7
1134910 2248.8
1134920 2248.8
1134930 2255.9
1134940 2262.3
1134950 2262.3
1134960 2268.7
1134970 2275.5
1134980 2275.5
1134990 2282.5
1135000 2289.4
1135010 2289.4
1135020 2297.0
1135030 2305.0
1135040 2305.0
1135050 2312.3
1135060 2320.5
1135070 2328.4
1135080 2328.4
1135090 2335.1
1135100 2346.1
1135110 2346.1
1135120 2350.1
1135130 2354.1
1135140 2354.1
1135150 2358.0
1135160 2357.8
1135170 2357.8
1135180 2354.8
1135190 2350.5
1135200 2350.5
1135210 2347.1
1135220 2344.1
1135230 2344.1
1135240 2341.8
1135250 2337.8
1135260 2337.8
1135270 2333.0
1135280 2327.5
1135290 2327.5
1135300 2321.9
1135310 2314.2
1135320 2301.4
1135330 2301.4
1135340 2290.2
1135350 2279.1
1135360 2279.1
1135370 2268.4
1135380 2258.3
1135390 2258.3
1135400 2248.1
1135410 2239.2
1135420 2239.2
1135430 2232.6
1135440 2220.5
1135450 2220.5
1135460 2186.4
1135470 2157.6
1135480 2157.6
1135490 2147.0
1135500 2138.9
1135510 2138.9
1135520 2132.3
1135530 2126.0
1135540 2126.0
1135550 2119.1
1135560 2112.1
1135570 2112.1
1135580 2104.5
1135590 2097.1
1135600 2090.3
1135610 2090.3
1135620 2084.4
1135630 2078.7
1135640 2078.7
1135650 2073.7
1135660 2069.1
1135670 2069.1
1135680 2065.2
1135690 2061.2
1135700 2061.2
1135710 2056.0
1135720 2051.9
1135730 2051.9
1135740 2047.5
1135750 2042.6
1135760 2042.6
1135770 2037.5
1135780 2032.7
1135790 2032.7
1135800 2028.3
1135810 2023.6
1135820 2023.6
1135830 2013.4
1135840 2008.6
1135850 2004.3
1135860 2004.3
1135870 2000.7
1135880 1997.7
1135890 1997.7
1135900 1995.5
1135910 1994.2
1135920 1994.2
1135930 1994.6
1135940 1995.8
1135950 1995.8
1135960 1995.1
1135970 1992.1
1135980 1992.1
1135990 1988.5
1136000 1986.3
1136010 1986.3
1136020 1987.2
1136030 1986.5
1136040 1986.5
1136050 1984.3
1136060 1981.6
1136070 1981.6
1136080 1979.9
1136090 1979.6
1136100 1981.2
1136110 1981.2
1136120 1983.9
1136130 1985.6
1136140 1985.6
1136150 1983.1
1136160 1978.4
1136170 1978.4
1136180 1977.9
1136190 1982.4
1136200 1982.4
1136210 1978.9
1136220 1973.2
1136230 1973.2
1136240 1967.5
1136250 1963.3
1136260 1963.3
1136270 1960.1
1136280 1957.9
1136290 1957.9
1136300 1954.9
1136310 1952.2
1136320 1952.2
1136330 1949.4
1136340 1944.3
1136350 1938.5
1136360 1938.5
1136370 1932.4
1136380 1926.9
1136390 1926.9
1136400 1920.7
1136410 1914.7
1136420 1914.7
1136430 1908.9
1136440 1903.4
1136450 1903.4
1136460 1898.4
1136470 1894.0
1136480 1894.0
1136490 1889.1
1136500 1883.9
1136510 1883.9
1136520 1877.5
1136530 1869.9
1136540 1869.9
1136550 1862.0
1136560 1857.9
1136570 1857.9
1136580 1851.0
1136590 1845.1
1136600 1840.2
1136610 1840.2
1136620 1836.3
1136630 1832.4
1136640 1832.4
1136650 1828.0
1136660 1823.0
1136670 1823.0
1136680 1817.6
1136690 1812.2
1136700 1812.2
1136710 1807.1
1136720 1802.6
1136730 1802.6
1136740 1799.2
1136750 1796.3
1136760 1796.3
1136770 1793.9
1136780 1791.5
1136790 1791.5
1136800 1789.5
1136810 1787.6
1136820 1787.6
1136830 1787.4
1136840 1788.2
1136850 1788.2
1136860 1788.4
1136870 1787.7
1136880 1787.9
1136890 1787.9
1136900 1788.5
1136910 1788.8
1136920 1788.8
1136930 1790.8
1136940 1788.3
1136950 1788.3
1136960 1776.8
1136970 1775.8
1136980 1775.8
1136990 1779.0
1137000 1783.8
1137010 1783.8
1137020 1788.7
1137030 1793.4
1137040 1793.4
1137050 1797.4
1137060 1801.1
1137070 1801.1
1137080 1805.3
1137090 1809.2
1137100 1809.2
1137110 1812.9
1137120 1816.6
1137130 1820.6
1137140 1820.6
1137150 1824.8
1137160 1829.7
1137170 1829.7
1137180 1834.2
1137190 1840.0
1137200 1840.0
1137210 1845.9
1137220 1851.4
1137230 1851.4
1137240 1857.8
1137250 1863.4
1137260 1863.4
1137270 1868.3
1137280 1873.4
1137290 1875.8
1137300 1883.1
1137310 1890.3
1137320 1890.3
1137330 1896.7
1137340 1902.7
1137350 1902.7
1137360 1909.3
1137370 1916.4
1137380 1921.8
1137390 1921.8
1137400 1928.5
1137410 1935.0
1137420 1935.0
1137430 1940.4
1137440 1946.4
1137450 1946.4
1137460 1951.6
1137470 1956.4
1137480 1956.4
1137490 1960.1
1137500 1964.4
1137510 1964.4
1137520 1969.0
1137530 1973.4
1137540 1973.4
1137550 1978.2
1137560 1983.3
1137570 1983.3
1137580 1988.9
1137590 1994.1
1137600 1994.1
1137610 2000.0
1137620 2006.1
1137630 2012.4
1137640 2012.4
1137650 2020.9
1137660 2027.1
1137670 2027.1
1137680 2034.8
1137690 2042.6
1137700 2042.6
1137710 2051.0
1137720 2056.7
1137730 2056.7
1137740 2060.0
1137750 2064.9
1137760 2064.9
1137770 2071.2
1137780 2077.0
1137790 2077.0
1137800 2080.0
1137810 2081.7
1137820 2081.7
1137830 2085.4
1137840 2089.5
1137850 2089.5
1137860 2094.6
1137870 2099.9
1137880 2099.9
1137890 2104.5
1137900 2107.1
1137910 2110.1
1137920 2110.1
1137930 2113.9
1137940 2117.3
1137950 2117.3
1137960 2120.7
1137970 2124.9
1137980 2124.9
1137990 2129.0
1138000 2134.2
1138010 2134.2
1138020 2138.9
1138030 2146.9
1138040 2146.9
1138050 2154.3
1138060 2161.2
1138070 2161.2
1138080 2168.1
1138090 2175.2
1138100 2175.2
1138110 2182.5
1138120 2189.3
1138130 2189.3
1138140 2196.0
1138150 2203.3
1138160 2211.1
1138170 2211.1
1138180 2218.8
1138190 2226.2
1138200 2226.2
1138210 2232.3
1138220 2237.0
1138230 2237.0
1138240 2241.0
1138250 2246.6
1138260 2246.6
1138270 2253.9
1138280 2259.6
1138290 2259.6
1138300 2265.3
1138310 2271.2
1138320 2271.2
1138330 2276.5
1138340 2281.5
1138350 2281.5
1138360 2285.0
1138370 2279.6
1138380 2279.6
1138390 2264.5
1138400 2256.7
1138410 2253.2
1138420 2253.2
1138430 2249.3
1138440 2243.3
1138450 2243.3
1138460 2237.6
1138470 2231.4
1138480 2231.4
1138490 2225.4
1138500 2220.9
1138510 2220.9
1138520 2216.8
1138530 2213.0
1138540 2213.0
1138550 2209.5
1138560 2204.3
1138570 2204.3
1138580 2198.4
1138590 2192.3
1138600 2192.3
1138610 2185.7
1138620 2179.0
1138630 2179.0
1138640 2172.6
1138650 2166.4
1138660 2159.9
1138670 2159.9
1138680 2153.5
1138690 2148.0
1138700 2148.0
1138710 2142.5
1138720 2137.1
1138730 2137.1
1138740 2131.7
1138750 2126.8
1138760 2124.2
1138770 2119.0
1138780 2113.2
1138790 2113.2
1138800 2107.4
1138810 2100.5
1138820 2100.5
1138830 2092.8
1138840 2087.3
1138850 2087.3
1138860 2082.8
1138870 2078.6
1138880 2078.6
1138890 2074.9
1138900 2071.0
1138910 2066.4
1138920 2066.4
1138930 2061.6
1138940 2057.7
1138950 2057.7
1138960 2053.9
1138970 2049.8
1138980 2049.8
1138990 2045.2
1139000 2040.1
1139010 2040.1
1139020 2033.7
1139030 2024.4
1139040 2024.4
1139050 2016.6
1139060 2009.8
1139070 2009.8
1139080 2003.3
1139090 1996.5
1139100 1996.5
1139110 1988.9
1139120 1981.9
1139130 1978.9
1139140 1974.5
1139150 1969.8
1139160 1969.8
1139170 1963.9
1139180 1956.7
1139190 1948.6
1139200 1948.6
1139210 1943.4
1139220 1942.1
1139230 1942.1
1139240 1941.2
1139250 1939.9
1139260 1939.9
1139270 1937.2
1139280 1931.7
1139290 1931.7
1139300 1925.1
1139310 1920.1
1139320 1920.1
1139330 1916.4
1139340 1913.8
1139350 1913.8
1139360 1911.3
1139370 1909.2
1139380 1909.2
1139390 1905.7
1139400 1899.1
1139410 1899.1
1139420 1894.0
1139430 1889.4
1139440 1884.0
1139450 1884.0
1139460 1880.2
1139470 1878.3
1139480 1878.3
1139490 1879.3
1139500 1874.1
1139510 1874.1
1139520 1875.0
1139530 1878.2
1139540 1878.2
1139550 1881.2
1139560 1879.2
1139570 1879.2
1139580 1877.0
1139590 1876.9
1139600 1876.9
1139610 1875.0
1139620 1871.9
1139630 1871.9
1139640 1870.3
1139650 1868.7
1139660 1868.7
1139670 1869.2
1139680 1872.3
1139690 1872.8
1139700 1872.8
1139710 1871.7
1139720 1870.8
1139730 1870.8
1139740 1869.2
1139750 1865.9
1139760 1865.9
1139770 1864.9
1139780 1863.6
1139790 1863.6
1139800 1861.3
1139810 1859.9
1139820 1859.9
1139830 1858.7
1139840 1857.9
1139850 1857.9
1139860 1853.3
1139870 1853.4
1139880 1853.4
1139890 1855.0
1139900 1857.5
1139910 1857.5
1139920 1858.8
1139930 1860.0
1139940 1861.3
1139950 1861.3
1139960 1862.5
1139970 1863.7
1139980 1863.7
1139990 1864.9
