1120000 2526.1
1120010 2526.1
1120020 2519.1
1120030 2517.8
1120040 2517.8
1120050 2513.5
1120060 2516.1
1120070 2516.1
1120080 2515.9
1120090 2521.3
1120100 2521.3
1120110 2528.3
1120120 2539.2
1120130 2544.0
1120140 2544.0
1120150 2529.9
1120160 2536.6
1120170 2536.6
1120180 2542.6
1120190 2549.0
1120200 2549.0
1120210 2550.4
1120220 2552.8
1120230 2552.8
1120240 2555.2
1120250 2558.0
1120260 2558.0
1120270 2556.1
1120280 2551.7
1120290 2551.7
1120300 2557.3
1120310 2554.6
1120320 2554.6
1120330 2552.5
1120340 2550.0
1120350 2550.0
1120360 2549.7
1120370 2549.4
1120380 2551.8
1120390 2551.8
1120400 2567.0
1120410 2570.3
1120420 2570.3
1120430 2572.8
1120440 2567.6
1120450 2567.6
1120460 2561.6
1120470 2560.6
1120480 2560.6
1120490 2558.9
1120500 2550.4
1120510 2550.4
1120520 2546.6
1120530 2544.3
1120540 2544.3
1120550 2541.8
1120560 2540.6
1120570 2540.6
1120580 2539.6
1120590 2538.9
1120600 2538.9
1120610 2538.4
1120620 2536.0
1120630 2534.2
1120640 2534.2
1120650 2534.6
1120660 2533.1
1120670 2533.1
1120680 2532.7
1120690 2530.7
1120700 2530.7
1120710 2525.6
1120720 2524.4
1120730 2524.4
1120740 2525.0
1120750 2529.0
1120760 2529.0
1120770 2532.8
1120780 2533.7
1120790 2533.7
1120800 2533.8
1120810 2533.1
1120820 2533.1
1120830 2532.7
1120840 2535.5
1120850 2533.1
1120860 2539.0
1120870 2548.9
1120880 2548.9
1120890 2555.8
1120900 2552.8
1120910 2552.9
1120920 2552.9
1120930 2558.8
1120940 2562.0
1120950 2562.0
1120960 2565.8
1120970 2567.1
1120980 2567.1
1120990 2567.8
1121000 2568.9
1121010 2568.9
1121020 2568.7
1121030 2567.1
1121040 2567.1
1121050 2564.4
1121060 2564.1
1121070 2564.1
1121080 2564.1
1121090 2566.4
1121100 2566.4
1121110 2560.2
1121120 2551.7
1121130 2551.7
1121140 2536.4
1121150 2514.5
1121160 2499.5
1121170 2499.5
1121180 2488.1
1121190 2488.6
1121200 2479.0
1121210 2484.2
1121220 2478.7
1121230 2478.7
1121240 2476.2
1121250 2480.1
1121260 2480.1
1121270 2483.7
1121280 2487.9
1121290 2487.9
1121300 2492.5
1121310 2497.5
1121320 2497.5
1121330 2502.8
1121340 2506.1
1121350 2506.1
1121360 2512.8
1121370 2518.6
1121380 2518.6
1121390 2523.2
1121400 2526.3
1121410 2529.1
1121420 2529.1
1121430 2532.9
1121440 2535.1
1121450 2535.1
1121460 2535.6
1121470 2541.1
1121480 2541.1
1121490 2542.1
1121500 2540.1
1121510 2540.1
1121520 2534.7
1121530 2529.3
1121540 2529.3
1121550 2536.7
1121560 2530.6
1121570 2530.6
1121580 2516.5
1121590 2501.4
1121600 2501.4
1121610 2487.9
1121620 2473.8
1121630 2473.8
1121640 2462.0
1121650 2448.0
1121660 2448.0
1121670 2410.4
1121680 2381.7
1121690 2358.4
1121700 2358.4
1121710 2344.8
1121720 2338.5
1121730 2338.5
1121740 2332.8
1121750 2327.3
1121760 2327.3
1121770 2321.2
1121780 2314.4
1121790 2314.4
1121800 2307.2
1121810 2299.5
1121820 2299.5
1121830 2291.8
1121840 2284.6
1121850 2284.6
1121860 2278.8
1121870 2276.4
1121880 2276.4
1121890 2274.2
1121900 2276.3
1121910 2276.3
1121920 2275.9
1121930 2275.1
1121940 2276.1
1121950 2276.1
1121960 2278.8
1121970 2279.8
1121980 2279.8
1121990 2281.6
1122000 2283.0
1122010 2283.0
1122020 2284.0
1122030 2284.3
1122040 2284.3
1122050 2283.2
1122060 2281.6
1122070 2281.6
1122080 2280.6
1122090 2280.1
1122100 2280.1
1122110 2279.0
1122120 2278.1
1122130 2278.1
1122140 2275.8
1122150 2276.3
1122160 2276.3
1122170 2275.1
1122180 2273.1
1122190 2273.1
1122200 2270.4
1122210 2268.7
1122220 2267.1
1122230 2267.1
1122240 2263.1
1122250 2265.9
1122260 2265.9
1122270 2264.5
1122280 2262.8
1122290 2262.8
1122300 2261.5
1122310 2260.3
1122320 2260.3
1122330 2260.0
1122340 2257.0
1122350 2257.0
1122360 2256.4
1122370 2253.9
1122380 2253.9
1122390 2247.7
1122400 2239.3
1122410 2239.3
1122420 2234.3
1122430 2230.5
1122440 2230.5
1122450 2227.1
1122460 2225.6
1122470 2224.1
1122480 2224.1
1122490 2222.9
1122500 2226.8
1122510 2226.8
1122520 2230.3
1122530 2232.7
1122540 2232.7
1122550 2234.2
1122560 2234.7
1122570 2234.7
1122580 2233.3
1122590 2233.0
1122600 2234.2
1122610 2232.4
1122620 2230.6
1122630 2230.6
1122640 2228.5
1122650 2226.0
1122660 2226.0
1122670 2221.5
1122680 2220.8
1122690 2220.8
1122700 2220.6
1122710 2216.8
1122720 2213.7
1122730 2213.7
1122740 2214.2
1122750 2214.7
1122760 2214.7
1122770 2215.1
1122780 2215.4
1122790 2215.4
1122800 2211.8
1122810 2207.5
1122820 2207.5
1122830 2206.1
1122840 2204.4
1122850 2204.4
1122860 2202.4
1122870 2200.7
1122880 2200.7
1122890 2198.2
1122900 2196.2
1122910 2196.2
1122920 2193.4
1122930 2187.9
1122940 2187.9
1122950 2180.0
1122960 2173.2
1122970 2173.2
1122980 2168.1
1122990 2167.0
1123000 2166.8
1123010 2166.8
1123020 2165.9
1123030 2159.5
1123040 2159.5
1123050 2157.9
1123060 2157.0
1123070 2157.0
1123080 2155.6
1123090 2157.0
1123100 2157.0
1123110 2158.6
1123120 2159.2
1123130 2159.2
1123140 2157.7
1123150 2156.5
1123160 2156.5
1123170 2156.4
1123180 2157.7
1123190 2157.7
1123200 2159.3
1123210 2161.3
1123220 2161.3
1123230 2161.4
1123240 2160.3
1123250 2159.3
1123260 2159.3
1123270 2158.0
1123280 2155.7
1123290 2155.7
1123300 2154.7
1123310 2155.2
1123320 2155.2
1123330 2155.4
1123340 2154.3
1123350 2154.3
1123360 2151.3
1123370 2147.8
1123380 2147.8
1123390 2146.7
1123400 2146.1
1123410 2146.1
1123420 2145.5
1123430 2142.9
1123440 2142.9
1123450 2143.2
1123460 2142.6
1123470 2142.6
1123480 2140.0
1123490 2139.2
1123500 2138.9
1123510 2138.9
1123520 2135.9
1123530 2133.2
1123540 2133.2
1123550 2132.7
1123560 2134.8
1123570 2134.8
1123580 2138.7
1123590 2142.5
1123600 2142.5
1123610 2145.5
1123620 2149.1
1123630 2149.1
1123640 2152.0
1123650 2153.9
1123660 2161.5
1123670 2162.6
1123680 2163.8
1123690 2163.8
1123700 2165.9
1123710 2166.0
1123720 2166.0
1123730 2168.4
1123740 2168.4
1123750 2168.4
1123760 2172.2
1123770 2175.0
1123780 2177.0
1123790 2177.0
1123800 2173.7
1123810 2169.5
1123820 2169.5
1123830 2173.0
1123840 2175.5
1123850 2175.5
1123860 2174.1
1123870 2174.3
1123880 2174.3
1123890 2174.0
1123900 2175.1
1123910 2175.1
1123920 2177.1
1123930 2180.1
1123940 2180.1
1123950 2183.9
1123960 2187.4
1123970 2187.4
1123980 2191.4
1123990 2194.0
1124000 2194.0
1124010 2199.3
1124020 2196.7
1124030 2198.5
1124040 2198.5
1124050 2200.8
1124060 2201.7
1124070 2201.7
1124080 2203.6
1124090 2205.4
1124100 2205.4
1124110 2207.0
1124120 2210.7
1124130 2210.7
1124140 2212.9
1124150 2214.0
1124160 2214.0
1124170 2214.1
1124180 2215.1
1124190 2215.1
1124200 2217.7
1124210 2219.7
1124220 2219.7
1124230 2221.3
1124240 2223.3
1124250 2223.3
1124260 2226.2
1124270 2229.1
1124280 2232.2
1124290 2232.2
1124300 2235.7
1124310 2239.6
1124320 2239.6
1124330 2244.0
1124340 2249.0
1124350 2249.0
1124360 2253.4
1124370 2259.6
1124380 2259.6
1124390 2264.5
1124400 2270.3
1124410 2270.3
1124420 2276.2
1124430 2282.4
1124440 2282.4
1124450 2289.0
1124460 2293.7
1124470 2293.7
1124480 2297.0
1124490 2301.0
1124500 2301.0
1124510 2305.6
1124520 2310.3
1124530 2310.3
1124540 2315.0
1124550 2318.8
1124560 2322.1
1124570 2322.1
1124580 2323.6
1124590 2319.4
1124600 2319.4
1124610 2312.9
1124620 2307.7
1124630 2307.7
1124640 2302.9
1124650 2298.6
1124660 2298.6
1124670 2294.6
1124680 2290.5
1124690 2290.5
1124700 2285.1
1124710 2278.3
1124720 2274.8
1124730 2268.1
1124740 2262.1
1124750 2262.1
1124760 2258.0
1124770 2255.4
1124780 2255.4
1124790 2252.6
1124800 2248.7
1124810 2245.2
1124820 2245.2
1124830 2242.2
1124840 2238.6
1124850 2238.6
1124860 2235.4
1124870 2231.8
1124880 2231.8
1124890 2227.8
1124900 2224.9
1124910 2224.9
1124920 2222.3
1124930 2218.9
1124940 2218.9
1124950 2215.4
1124960 2212.1
1124970 2212.1
1124980 2208.8
1124990 2205.2
1125000 2205.2
1125010 2202.2
1125020 2199.6
1125030 2199.6
1125040 2198.3
1125050 2197.9
1125060 2196.6
1125070 2192.5
1125080 2191.6
1125090 2190.0
1125100 2190.0
1125110 2188.3
1125120 2186.3
1125130 2186.3
1125140 2183.3
1125150 2181.6
1125160 2181.6
1125170 2179.7
1125180 2178.1
1125190 2178.1
1125200 2176.7
1125210 2174.8
1125220 2174.8
1125230 2172.6
1125240 2170.7
1125250 2170.7
1125260 2169.3
1125270 2167.6
1125280 2167.6
1125290 2165.2
1125300 2162.8
1125310 2162.8
1125320 2159.9
1125330 2158.0
1125340 2156.6
1125350 2156.6
1125360 2155.8
1125370 2155.5
1125380 2155.5
1125390 2155.1
1125400 2154.7
1125410 2154.7
1125420 2152.6
1125430 2150.2
1125440 2150.2
1125450 2150.4
1125460 2149.1
1125470 2149.1
1125480 2147.1
1125490 2142.9
1125500 2142.9
1125510 2137.3
1125520 2133.3
1125530 2133.3
1125540 2131.2
1125550 2126.1
1125560 2126.1
1125570 2117.5
1125580 2112.3
1125590 2115.5
1125600 2115.5
1125610 2117.8
1125620 2117.5
1125630 2117.5
1125640 2115.8
1125650 2112.2
1125660 2112.2
1125670 2106.1
1125680 2102.1
1125690 2102.1
1125700 2103.1
1125710 2104.2
1125720 2104.2
1125730 2102.2
1125740 2102.4
1125750 2102.4
1125760 2100.5
1125770 2095.5
1125780 2095.7
1125790 2090.6
1125800 2088.4
1125810 2088.4
1125820 2086.8
1125830 2080.1
1125840 2077.0
1125850 2077.0
1125860 2080.2
1125870 2083.9
1125880 2083.9
1125890 2085.1
1125900 2085.4
1125910 2085.4
1125920 2084.2
1125930 2084.0
1125940 2084.0
1125950 2085.2
1125960 2083.6
1125970 2083.6
1125980 2080.2
1125990 2076.9
1126000 2076.9
1126010 2077.1
1126020 2077.1
1126030 2077.1
1126040 2076.8
1126050 2075.6
1126060 2075.6
1126070 2074.1
1126080 2073.0
1126090 2073.0
1126100 2071.6
1126110 2070.7
1126120 2070.9
1126130 2066.1
1126140 2066.2
1126150 2064.5
1126160 2064.5
1126170 2060.4
1126180 2054.7
1126190 2054.7
1126200 2049.2
1126210 2043.8
1126220 2043.8
1126230 2037.6
1126240 2031.2
1126250 2031.2
1126260 2025.2
1126270 2020.4
1126280 2020.4
1126290 2016.0
1126300 2011.0
1126310 2011.0
1126320 2006.3
1126330 2002.0
1126340 2002.0
1126350 1998.1
1126360 1994.5
1126370 1991.5
1126380 1991.5
1126390 1988.0
1126400 1984.9
1126410 1984.9
1126420 1982.6
1126430 1979.1
1126440 1979.1
1126450 1974.1
1126460 1969.9
1126470 1969.9
1126480 1968.0
1126490 1964.4
1126500 1964.4
1126510 1963.1
1126520 1959.3
1126530 1959.3
1126540 1955.7
1126550 1952.6
1126560 1952.6
1126570 1949.8
1126580 1946.0
1126590 1946.0
1126600 1942.2
1126610 1938.6
1126620 1935.2
1126630 1935.2
1126640 1932.2
1126650 1929.5
1126660 1929.5
1126670 1925.9
1126680 1922.5
1126690 1922.5
1126700 1921.2
1126710 1918.1
1126720 1918.1
1126730 1914.4
1126740 1910.5
1126750 1910.5
1126760 1907.1
1126770 1903.9
1126780 1903.9
1126790 1900.9
1126800 1898.2
1126810 1898.2
1126820 1895.9
1126830 1894.1
1126840 1894.7
1126850 1893.2
1126860 1891.7
1126870 1891.7
1126880 1889.1
1126890 1885.1
1126900 1881.8
1126910 1881.8
1126920 1878.8
1126930 1875.2
1126940 1875.2
1126950 1872.1
1126960 1868.9
1126970 1868.9
1126980 1865.8
1126990 1862.2
1127000 1862.2
1127010 1858.2
1127020 1853.5
1127030 1853.5
1127040 1848.1
1127050 1842.9
1127060 1842.9
1127070 1837.8
1127080 1832.1
1127090 1832.1
1127100 1826.1
1127110 1820.0
1127120 1820.0
1127130 1814.5
1127140 1809.2
1127150 1805.2
1127160 1805.2
1127170 1801.4
1127180 1797.5
1127190 1797.5
1127200 1795.3
1127210 1792.9
1127220 1792.9
1127230 1790.3
1127240 1788.4
1127250 1788.4
1127260 1786.4
1127270 1784.8
1127280 1784.8
1127290 1784.6
1127300 1784.0
1127310 1784.0
1127320 1782.3
1127330 1781.2
1127340 1781.2
1127350 1779.6
1127360 1778.5
1127370 1778.5
1127380 1777.7
1127390 1777.6
1127400 1778.4
1127410 1778.4
1127420 1779.7
1127430 1782.1
1127440 1782.1
1127450 1783.4
1127460 1783.7
1127470 1783.7
1127480 1785.0
1127490 1786.7
1127500 1786.7
1127510 1787.5
1127520 1787.5
1127530 1787.5
1127540 1787.7
1127550 1786.2
1127560 1786.2
1127570 1786.5
1127580 1789.2
1127590 1789.2
1127600 1791.9
1127610 1792.7
1127620 1792.7
1127630 1791.6
1127640 1789.7
1127650 1789.7
1127660 1786.8
1127670 1783.6
1127680 1779.4
1127690 1779.4
1127700 1775.0
1127710 1771.5
1127720 1771.5
1127730 1769.0
1127740 1767.0
1127750 1767.0
1127760 1765.6
1127770 1766.1
1127780 1766.1
1127790 1765.4
1127800 1763.3
1127810 1763.3
1127820 1760.4
1127830 1758.9
1127840 1758.9
1127850 1759.9
1127860 1760.4
1127870 1760.4
1127880 1759.0
1127890 1756.5
1127900 1756.5
1127910 1753.5
1127920 1752.2
1127930 1750.9
1127940 1750.9
1127950 1749.2
1127960 1749.7
1127970 1749.7
1127980 1750.2
1127990 1750.0
1128000 1750.0
1128010 1748.8
1128020 1745.3
1128030 1745.3
1128040 1739.8
1128050 1733.4
1128060 1733.4
1128070 1726.6
1128080 1721.6
1128090 1721.6
1128100 1718.4
1128110 1723.4
1128120 1723.4
1128130 1724.4
1128140 1723.5
1128150 1723.5
1128160 1718.9
1128170 1716.0
1128180 1718.9
1128190 1718.9
1128200 1719.7
1128210 1718.8
1128220 1718.8
1128230 1718.0
1128240 1717.2
1128250 1717.2
1128260 1717.0
1128270 1714.6
1128280 1714.6
1128290 1715.0
1128300 1714.7
1128310 1714.7
1128320 1713.3
1128330 1711.8
1128340 1711.8
1128350 1711.0
1128360 1711.0
1128370 1711.0
1128380 1710.9
1128390 1712.3
1128400 1712.3
1128410 1712.6
1128420 1712.5
1128430 1712.5
1128440 1711.4
1128450 1705.4
1128460 1705.5
1128470 1705.5
1128480 1708.2
1128490 1710.7
1128500 1710.7
1128510 1711.7
1128520 1710.9
1128530 1710.9
1128540 1709.8
1128550 1708.4
1128560 1708.4
1128570 1706.3
1128580 1703.7
1128590 1703.7
1128600 1701.1
1128610 1699.9
1128620 1695.7
1128630 1694.2
1128640 1693.2
1128650 1693.2
1128660 1693.1
1128670 1693.1
1128680 1693.1
1128690 1692.5
1128700 1690.9
1128710 1690.0
1128720 1690.0
1128730 1689.8
1128740 1689.5
1128750 1689.5
1128760 1688.5
1128770 1686.0
1128780 1686.0
1128790 1681.9
1128800 1680.4
1128810 1680.4
1128820 1682.4
1128830 1682.4
1128840 1682.4
1128850 1681.2
1128860 1680.3
1128870 1680.3
1128880 1679.1
1128890 1676.5
1128900 1676.5
1128910 1675.7
1128920 1677.4
1128930 1677.4
1128940 1682.2
1128950 1690.2
1128960 1700.0
1128970 1700.0
1128980 1695.8
1128990 1696.7
1129000 1696.7
1129010 1694.3
1129020 1689.3
1129030 1689.3
1129040 1686.5
1129050 1686.6
1129060 1686.6
1129070 1687.2
1129080 1686.4
1129090 1686.4
1129100 1684.7
1129110 1681.9
1129120 1681.9
1129130 1677.9
1129140 1671.5
1129150 1671.5
1129160 1661.0
1129170 1651.0
1129180 1651.0
1129190 1644.3
1129200 1638.5
1129210 1638.5
1129220 1632.8
1129230 1627.0
1129240 1621.6
1129250 1621.6
1129260 1615.4
1129270 1610.3
1129280 1610.3
1129290 1607.3
1129300 1604.2
1129310 1604.2
1129320 1601.4
1129330 1597.2
1129340 1596.6
1129350 1594.2
1129360 1593.4
1129370 1593.4
1129380 1589.6
1129390 1584.1
1129400 1584.1
1129410 1578.6
1129420 1572.5
1129430 1572.5
1129440 1565.4
1129450 1558.9
1129460 1558.9
1129470 1552.7
1129480 1547.2
1129490 1541.6
1129500 1541.6
1129510 1536.0
1129520 1529.8
1129530 1529.8
1129540 1523.5
1129550 1518.0
1129560 1518.0
1129570 1513.3
1129580 1508.8
1129590 1508.8
1129600 1505.1
1129610 1502.0
1129620 1502.0
1129630 1499.6
1129640 1498.5
1129650 1498.5
1129660 1497.8
1129670 1497.8
1129680 1497.8
1129690 1497.1
1129700 1493.3
1129710 1493.3
1129720 1491.6
1129730 1486.8
1129740 1483.2
1129750 1483.2
1129760 1481.0
1129770 1480.0
1129780 1480.0
1129790 1479.4
1129800 1478.2
1129810 1478.2
1129820 1476.5
1129830 1476.9
1129840 1476.9
1129850 1477.0
1129860 1473.7
1129870 1473.7
1129880 1472.2
1129890 1469.9
1129900 1469.9
1129910 1468.4
1129920 1468.6
1129930 1468.6
1129940 1469.1
1129950 1470.6
1129960 1470.6
1129970 1474.1
1129980 1476.4
1129990 1476.4
1130000 1478.9
1130010 1483.7
1130020 1487.0
1130030 1487.0
1130040 1488.8
1130050 1489.1
1130060 1481.4
1130070 1480.5
1130080 1478.5
1130090 1478.5
1130100 1471.0
1130110 1470.7
1130120 1470.7
1130130 1478.4
1130140 1484.5
1130150 1484.5
1130160 1488.1
1130170 1489.7
1130180 1489.7
1130190 1490.4
1130200 1490.2
1130210 1490.2
1130220 1490.1
1130230 1489.2
1130240 1489.2
1130250 1490.7
1130260 1494.2
1130270 1497.0
1130280 1497.0
1130290 1499.1
1130300 1502.5
1130310 1502.5
1130320 1505.3
1130330 1508.1
1130340 1508.1
1130350 1510.7
1130360 1511.1
1130370 1511.1
1130380 1506.4
1130390 1500.9
1130400 1500.9
1130410 1496.4
1130420 1480.2
1130430 1480.2
1130440 1484.4
1130450 1490.3
1130460 1490.3
1130470 1494.8
1130480 1497.5
1130490 1497.5
1130500 1496.2
1130510 1493.1
1130520 1490.0
1130530 1490.0
1130540 1487.7
1130550 1486.2
1130560 1486.2
1130570 1484.8
1130580 1483.7
1130590 1483.7
1130600 1482.1
1130610 1479.8
1130620 1479.8
1130630 1476.6
1130640 1473.6
1130650 1473.6
1130660 1470.9
1130670 1468.6
1130680 1468.6
1130690 1468.4
1130700 1468.6
1130710 1468.6
1130720 1468.3
1130730 1465.9
1130740 1465.9
1130750 1459.9
1130760 1452.9
1130770 1452.9
1130780 1446.0
1130790 1440.9
1130800 1435.3
1130810 1435.3
1130820 1432.8
1130830 1433.1
1130840 1433.1
1130850 1432.2
1130860 1431.2
1130870 1431.2
1130880 1430.5
1130890 1430.9
1130900 1430.9
1130910 1431.4
1130920 1431.8
1130930 1431.8
1130940 1432.1
1130950 1431.9
1130960 1431.9
1130970 1431.4
1130980 1430.3
1130990 1430.3
1131000 1427.2
1131010 1423.1
1131020 1423.1
1131030 1419.1
1131040 1415.2
1131050 1411.7
1131060 1411.7
1131070 1405.7
1131080 1399.9
1131090 1399.9
1131100 1398.1
1131110 1395.9
1131120 1395.9
1131130 1397.0
1131140 1404.2
1131150 1404.2
1131160 1422.2
1131170 1435.2
1131180 1435.2
1131190 1445.9
1131200 1455.2
1131210 1455.2
1131220 1460.6
1131230 1464.9
1131240 1464.9
1131250 1467.3
1131260 1469.3
1131270 1469.3
1131280 1470.5
1131290 1472.7
1131300 1476.2
1131310 1476.2
1131320 1480.6
1131330 1486.0
1131340 1486.0
1131350 1491.2
1131360 1497.5
1131370 1497.5
1131380 1503.8
1131390 1510.3
1131400 1510.3
1131410 1516.8
1131420 1523.7
1131430 1523.7
1131440 1531.0
1131450 1536.2
1131460 1536.2
1131470 1537.4
1131480 1538.6
1131490 1538.6
1131500 1539.4
1131510 1540.2
1131520 1540.2
1131530 1540.9
1131540 1540.9
1131550 1541.5
1131560 1541.5
1131570 1542.5
1131580 1543.4
1131590 1543.4
1131600 1546.4
1131610 1549.7
1131620 1549.7
1131630 1553.2
1131640 1556.7
1131650 1556.7
1131660 1559.9
1131670 1562.7
1131680 1562.7
1131690 1566.7
1131700 1571.5
1131710 1571.5
1131720 1575.9
1131730 1578.7
1131740 1578.7
1131750 1581.3
1131760 1583.1
1131770 1583.1
1131780 1582.9
1131790 1580.9
1131800 1580.9
1131810 1585.1
1131820 1594.2
1131830 1601.7
1131840 1601.7
1131850 1608.5
1131860 1613.6
1131870 1613.6
1131880 1620.8
1131890 1627.2
1131900 1627.2
1131910 1633.3
1131920 1639.6
1131930 1639.6
1131940 1646.8
1131950 1654.3
1131960 1654.3
1131970 1666.3
1131980 1682.9
1131990 1682.9
1132000 1691.5
1132010 1699.6
1132020 1699.6
1132030 1706.6
1132040 1713.0
1132050 1713.0
1132060 1719.6
1132070 1726.5
1132080 1734.8
1132090 1734.8
1132100 1742.6
1132110 1751.1
1132120 1751.1
1132130 1760.0
1132140 1767.8
1132150 1767.8
1132160 1774.8
1132170 1781.4
1132180 1781.4
1132190 1788.9
1132200 1795.6
1132210 1795.6
1132220 1801.3
1132230 1805.5
1132240 1805.5
1132250 1809.9
1132260 1814.0
1132270 1814.0
1132280 1819.0
1132290 1824.5
1132300 1824.5
1132310 1829.7
1132320 1833.9
1132330 1838.3
1132340 1838.3
1132350 1843.8
1132360 1849.7
1132370 1849.7
1132380 1856.1
1132390 1863.1
1132400 1863.1
1132410 1869.8
1132420 1875.8
1132430 1875.8
1132440 1881.6
1132450 1888.1
1132460 1888.1
1132470 1894.2
1132480 1900.0
1132490 1900.0
1132500 1905.3
1132510 1911.2
1132520 1911.2
1132530 1917.9
1132540 1924.9
1132550 1924.9
1132560 1931.3
1132570 1936.6
1132580 1939.8
1132590 1944.4
1132600 1947.8
1132610 1950.1
1132620 1950.1
1132630 1952.4
1132640 1953.7
1132650 1953.7
1132660 1954.9
1132670 1957.0
1132680 1957.0
1132690 1957.7
1132700 1954.9
1132710 1954.9
1132720 1950.8
1132730 1945.2
1132740 1945.2
1132750 1937.4
1132760 1929.0
1132770 1929.0
1132780 1921.0
1132790 1915.8
1132800 1915.8
1132810 1914.5
1132820 1913.9
1132830 1913.9
1132840 1911.7
1132850 1908.4
1132860 1907.9
1132870 1907.9
1132880 1908.0
1132890 1910.5
1132900 1910.5
1132910 1912.0
1132920 1914.5
1132930 1914.5
1132940 1925.5
1132950 1934.5
1132960 1934.5
1132970 1952.0
1132980 1965.0
1132990 1965.0
1133000 1977.7
1133010 1989.5
1133020 1989.5
1133030 1994.9
1133040 1999.7
1133050 1999.7
1133060 2001.2
1133070 2002.4
1133080 2002.4
1133090 2002.0
1133100 1999.8
1133110 1997.5
1133120 1997.5
1133130 1995.4
1133140 1993.4
1133150 1993.4
1133160 1990.2
1133170 1990.1
1133180 1990.1
1133190 1996.2
1133200 2000.2
1133210 2000.2
1133220 2002.3
1133230 2000.1
1133240 2000.1
1133250 2001.4
1133260 2004.0
1133270 2004.0
1133280 2005.7
1133290 2005.0
1133300 2013.9
1133310 2015.9
1133320 2018.6
1133330 2018.6
1133340 2019.9
1133350 2019.8
1133360 2019.8
1133370 2018.8
1133380 2016.8
1133390 2013.9
1133400 2013.9
1133410 2011.5
1133420 2009.1
1133430 2009.1
1133440 2006.2
1133450 2003.0
1133460 2003.0
1133470 1999.0
1133480 1994.8
1133490 1994.8
1133500 1988.8
1133510 1992.0
1133520 1992.0
1133530 1997.6
1133540 2002.4
1133550 2002.4
1133560 2009.7
1133570 2018.0
1133580 2018.0
1133590 2026.8
1133600 2036.7
1133610 2036.7
1133620 2047.3
1133630 2052.8
1133640 2056.5
1133650 2056.5
1133660 2062.0
1133670 2064.0
1133680 2064.0
1133690 2066.6
1133700 2070.3
1133710 2070.3
1133720 2073.7
1133730 2077.1
1133740 2077.1
1133750 2080.2
1133760 2083.6
1133770 2083.6
1133780 2087.5
1133790 2091.8
1133800 2091.8
1133810 2096.3
1133820 2101.1
1133830 2101.1
1133840 2106.1
1133850 2110.5
1133860 2110.5
1133870 2115.3
1133880 2120.4
1133890 2125.5
1133900 2125.5
1133910 2131.0
1133920 2136.7
1133930 2136.7
1133940 2142.1
1133950 2147.8
1133960 2147.8
1133970 2153.8
1133980 2163.8
1133990 2163.8
1134000 2174.7
1134010 2182.2
1134020 2182.2
1134030 2190.7
1134040 2196.4
1134050 2196.4
1134060 2202.0
1134070 2206.9
1134080 2206.9
1134090 2212.6
1134100 2219.7
1134110 2219.7
1134120 2225.6
1134130 2232.0
1134140 2232.0
1134150 2238.2
1134160 2245.6
1134170 2253.3
1134180 2253.3
1134190 2260.6
1134200 2268.1
1134210 2268.1
1134220 2274.8
1134230 2280.9
1134240 2280.9
1134250 2288.2
1134260 2295.8
1134270 2295.8
1134280 2302.5
1134290 2309.0
1134300 2309.0
1134310 2315.5
1134320 2322.2
1134330 2322.2
1134340 2328.5
1134350 2332.7
1134360 2332.7
1134370 2336.1
1134380 2338.7
1134390 2339.4
1134400 2341.0
1134410 2341.7
1134420 2341.5
1134430 2341.5
1134440 2341.3
1134450 2339.6
1134460 2339.6
1134470 2333.5
1134480 2325.5
1134490 2325.5
1134500 2319.7
1134510 2317.2
1134520 2317.2
1134530 2316.9
1134540 2315.5
1134550 2315.5
1134560 2312.4
1134570 2306.8
1134580 2306.8
1134590 2300.1
1134600 2290.0
1134610 2290.0
1134620 2284.3
1134630 2282.1
1134640 2282.1
1134650 2282.6
1134660 2278.7
1134670 2274.8
1134680 2274.8
1134690 2270.6
1134700 2265.9
1134710 2265.9
1134720 2262.4
1134730 2261.2
1134740 2261.2
1134750 2253.3
1134760 2252.1
1134770 2252.1
1134780 2250.2
1134790 2248.5
1134800 2248.5
1134810 2246.0
1134820 2242.2
1134830 2242.2
1134840 2238.7
1134850 2235.3
1134860 2235.3
1134870 2232.4
1134880 2229.9
1134890 2229.9
1134900 2228.0
1134910 2227.1
1134920 2227.1
1134930 2225.5
1134940 2223.8
1134950 2221.6
1134960 2221.6
1134970 2221.3
1134980 2218.4
1134990 2218.4
1135000 2213.0
1135010 2207.5
1135020 2207.5
1135030 2203.1
1135040 2198.5
1135050 2198.5
1135060 2190.1
1135070 2182.7
1135080 2182.7
1135090 2177.2
1135100 2171.5
1135110 2171.5
1135120 2167.7
1135130 2163.4
1135140 2163.4
1135150 2159.2
1135160 2154.6
1135170 2154.6
1135180 2148.9
1135190 2143.3
1135200 2139.0
1135210 2139.0
1135220 2135.8
1135230 2132.9
1135240 2132.9
1135250 2130.1
1135260 2128.1
1135270 2128.1
1135280 2126.9
1135290 2126.6
1135300 2126.6
1135310 2126.2
1135320 2124.2
1135330 2124.2
1135340 2121.1
1135350 2118.2
1135360 2118.2
1135370 2114.8
1135380 2110.6
1135390 2110.6
1135400 2107.0
1135410 2105.1
1135420 2105.1
1135430 2103.0
1135440 2100.8
1135450 2098.9
1135460 2098.9
1135470 2097.8
1135480 2096.9
1135490 2096.9
1135500 2096.4
1135510 2095.7
1135520 2095.7
1135530 2095.1
1135540 2094.0
1135550 2094.0
1135560 2092.1
1135570 2089.4
1135580 2089.4
1135590 2086.2
1135600 2083.5
1135610 2083.5
1135620 2080.7
1135630 2077.1
1135640 2077.1
1135650 2075.5
1135660 2075.3
1135670 2075.3
1135680 2074.8
1135690 2075.2
1135700 2074.4
1135710 2074.4
1135720 2073.5
1135730 2073.2
1135740 2073.2
1135750 2072.5
1135760 2070.9
1135770 2070.9
1135780 2069.8
1135790 2070.8
1135800 2070.8
1135810 2072.4
1135820 2074.9
1135830 2074.9
1135840 2077.0
1135850 2075.8
1135860 2075.8
1135870 2076.2
1135880 2075.7
1135890 2075.7
1135900 2074.3
1135910 2075.4
1135920 2075.4
1135930 2077.6
1135940 2079.1
1135950 2079.1
1135960 2079.4
1135970 2079.1
1135980 2079.9
1135990 2079.9
1136000 2081.0
1136010 2082.0
1136020 2082.0
1136030 2082.9
1136040 2083.7
1136050 2083.7
1136060 2084.8
1136070 2086.3
1136080 2086.3
1136090 2087.9
1136100 2088.7
1136110 2088.7
1136120 2089.3
1136130 2090.2
1136140 2090.2
1136150 2091.3
1136160 2093.7
1136170 2093.7
1136180 2096.1
1136190 2098.0
1136200 2098.0
1136210 2093.1
1136220 2093.2
1136230 2093.5
1136240 2093.5
1136250 2094.4
1136260 2095.1
1136270 2095.1
1136280 2094.9
1136290 2094.1
1136300 2094.1
1136310 2092.3
1136320 2089.9
1136330 2089.9
1136340 2089.4
1136350 2090.9
1136360 2090.9
1136370 2091.1
1136380 2091.1
1136390 2091.1
1136400 2092.2
1136410 2092.6
1136420 2092.6
1136430 2092.2
1136440 2092.5
1136450 2092.5
1136460 2093.9
1136470 2094.4
1136480 2094.1
1136490 2094.1
1136500 2092.9
1136510 2090.1
1136520 2090.1
1136530 2086.1
1136540 2081.1
1136550 2081.1
1136560 2073.6
1136570 2065.5
1136580 2066.7
1136590 2060.4
1136600 2049.1
1136610 2049.1
1136620 2032.4
1136630 2022.4
1136640 2022.4
1136650 2013.1
1136660 2003.7
1136670 2003.7
1136680 1993.5
1136690 1983.2
1136700 1983.2
1136710 1968.2
1136720 1953.1
1136730 1953.1
1136740 1945.2
1136750 1937.7
1136760 1930.1
1136770 1930.1
1136780 1923.7
1136790 1918.6
1136800 1918.6
1136810 1912.6
1136820 1904.7
1136830 1904.7
1136840 1891.0
1136850 1878.6
1136860 1878.6
1136870 1870.2
1136880 1861.8
1136890 1861.8
1136900 1854.2
1136910 1848.7
1136920 1848.7
1136930 1842.6
1136940 1832.3
1136950 1832.3
1136960 1824.4
1136970 1819.2
1136980 1819.2
1136990 1815.5
1137000 1809.6
1137010 1804.8
1137020 1804.8
1137030 1804.0
1137040 1801.4
1137050 1801.4
1137060 1797.7
1137070 1789.4
1137080 1789.4
1137090 1783.4
1137100 1778.8
1137110 1778.8
1137120 1773.1
1137130 1761.4
1137140 1761.4
1137150 1750.1
1137160 1743.4
1137170 1743.4
1137180 1737.3
1137190 1731.2
1137200 1731.2
1137210 1725.8
1137220 1721.5
1137230 1721.5
1137240 1717.6
1137250 1713.9
1137260 1710.5
1137270 1710.5
1137280 1707.1
1137290 1704.0
1137300 1704.0
1137310 1692.7
1137320 1684.4
1137330 1684.4
1137340 1675.1
1137350 1663.0
1137360 1663.0
1137370 1652.9
1137380 1644.4
1137390 1644.4
1137400 1636.8
1137410 1630.1
1137420 1630.1
1137430 1626.0
1137440 1622.8
1137450 1622.8
1137460 1617.9
1137470 1608.4
1137480 1608.4
1137490 1593.0
1137500 1577.7
1137510 1577.7
1137520 1571.1
1137530 1587.2
1137540 1600.3
1137550 1600.3
1137560 1607.7
1137570 1613.3
1137580 1613.3
1137590 1620.4
1137600 1627.1
1137610 1627.1
1137620 1632.4
1137630 1638.5
1137640 1638.5
1137650 1645.8
1137660 1652.3
1137670 1653.4
1137680 1658.3
1137690 1663.5
1137700 1663.5
1137710 1668.6
1137720 1673.2
1137730 1673.2
1137740 1678.7
1137750 1685.3
1137760 1685.3
1137770 1694.0
1137780 1702.8
1137790 1711.8
1137800 1711.8
1137810 1719.8
1137820 1724.9
1137830 1724.9
1137840 1730.2
1137850 1735.7
1137860 1735.7
1137870 1742.3
1137880 1748.8
1137890 1748.8
1137900 1754.9
1137910 1761.2
1137920 1761.2
1137930 1768.1
1137940 1774.5
1137950 1774.5
1137960 1779.3
1137970 1782.5
1137980 1782.5
1137990 1788.8
1138000 1798.0
1138010 1798.0
1138020 1806.3
1138030 1814.3
1138040 1833.3
1138050 1833.3
1138060 1849.1
1138070 1856.3
1138080 1856.3
1138090 1862.5
1138100 1865.4
1138110 1865.4
1138120 1861.4
1138130 1861.3
1138140 1861.3
1138150 1871.4
1138160 1881.7
1138170 1881.7
1138180 1890.1
1138190 1898.5
1138200 1898.5
1138210 1905.8
1138220 1913.0
1138230 1913.0
1138240 1920.3
1138250 1927.7
1138260 1927.7
1138270 1935.3
1138280 1943.3
1138290 1943.3
1138300 1951.8
1138310 1960.3
1138320 1968.7
1138330 1968.7
1138340 1977.3
1138350 1986.4
1138360 1986.4
1138370 1997.1
1138380 2009.1
1138390 2009.1
1138400 2020.0
1138410 2028.0
1138420 2028.0
1138430 2036.5
1138440 2044.3
1138450 2044.3
1138460 2050.3
1138470 2055.4
1138480 2055.4
1138490 2058.9
1138500 2060.4
1138510 2060.4
1138520 2060.3
1138530 2063.4
1138540 2063.4
1138550 2070.5
1138560 2082.7
1138570 2095.7
1138580 2095.7
1138590 2103.3
1138600 2103.7
1138610 2103.7
1138620 2104.8
1138630 2112.2
1138640 2112.2
1138650 2134.5
1138660 2152.2
1138670 2152.2
1138680 2158.9
1138690 2159.5
1138700 2159.5
1138710 2155.6
1138720 2152.7
1138730 2152.7
1138740 2151.6
1138750 2152.4
1138760 2152.4
1138770 2152.9
1138780 2158.2
1138790 2158.2
1138800 2158.3
1138810 2159.8
1138820 2162.2
1138830 2162.2
1138840 2167.0
1138850 2171.5
1138860 2171.5
1138870 2176.3
1138880 2183.3
1138890 2183.3
1138900 2189.9
1138910 2195.5
1138920 2195.5
1138930 2200.8
1138940 2206.4
1138950 2206.4
1138960 2212.0
1138970 2217.0
1138980 2217.0
1138990 2221.4
1139000 2225.5
1139010 2225.5
1139020 2228.3
1139030 2230.6
1139040 2230.6
1139050 2232.4
1139060 2232.9
1139070 2232.9
1139080 2231.6
1139090 2228.5
1139100 2223.5
1139110 2223.5
1139120 2217.1
1139130 2210.1
1139140 2205.7
1139150 2198.1
1139160 2190.8
1139170 2190.8
1139180 2184.4
1139190 2178.1
1139200 2178.1
1139210 2172.1
1139220 2165.7
1139230 2165.7
1139240 2160.5
1139250 2155.7
1139260 2155.7
1139270 2151.1
1139280 2145.7
1139290 2145.7
1139300 2140.8
1139310 2136.5
1139320 2136.5
1139330 2132.2
1139340 2129.5
1139350 2127.4
1139360 2127.4
1139370 2124.0
1139380 2120.4
1139390 2120.4
1139400 2117.0
1139410 2112.8
1139420 2112.8
1139430 2109.0
1139440 2104.8
1139450 2104.8
1139460 2100.5
1139470 2097.4
1139480 2097.4
1139490 2094.9
1139500 2091.6
1139510 2090.3
1139520 2085.5
1139530 2081.1
1139540 2081.1
1139550 2077.4
1139560 2074.7
1139570 2074.7
1139580 2073.0
1139590 2070.3
1139600 2066.8
1139610 2066.8
1139620 2063.2
1139630 2060.1
1139640 2060.1
1139650 2057.0
1139660 2053.3
1139670 2053.3
1139680 2049.5
1139690 2046.0
1139700 2046.0
1139710 2040.7
1139720 2035.4
1139730 2035.4
1139740 2030.7
1139750 2025.9
1139760 2025.9
1139770 2021.6
1139780 2016.4
1139790 2016.4
1139800 2010.6
1139810 2004.0
1139820 2004.0
1139830 1996.7
1139840 1989.6
1139850 1984.2
1139860 1984.2
1139870 1979.0
1139880 1972.0
1139890 1972.0
1139900 1965.9
1139910 1960.1
1139920 1960.1
1139930 1956.4
1139940 1953.1
1139950 1953.1
1139960 1949.6
1139970 1945.2
1139980 1945.2
1139990 1940.5
