1120000 2041.8
1120010 2044.8
1120020 2050.6
1120030 2053.4
1120040 2058.5
1120050 2062.5
1120060 2062.5
1120070 2066.1
1120080 2070.2
1120090 2070.2
1120100 2074.5
1120110 2079.3
1120120 2079.3
1120130 2084.0
1120140 2088.3
1120150 2088.3
1120160 2092.9
1120170 2097.9
1120180 2097.9
1120190 2102.0
1120200 2106.3
1120210 2111.2
1120220 2111.2
1120230 2116.5
1120240 2122.4
1120250 2122.4
1120260 2128.2
1120270 2133.8
1120280 2133.8
1120290 2139.0
1120300 2144.8
1120310 2144.8
1120320 2155.3
1120330 2171.0
1120340 2171.0
1120350 2183.0
1120360 2199.1
1120370 2199.1
1120380 2221.3
1120390 2229.1
1120400 2229.1
1120410 2241.5
1120420 2257.6
1120430 2257.6
1120440 2272.7
1120450 2282.4
1120460 2296.5
1120470 2296.5
1120480 2313.7
1120490 2322.9
1120500 2322.9
1120510 2333.7
1120520 2346.8
1120530 2346.8
1120540 2360.5
1120550 2368.1
1120560 2368.1
1120570 2362.7
1120580 2357.0
1120590 2357.0
1120600 2354.9
1120610 2353.7
1120620 2353.7
1120630 2353.0
1120640 2353.8
1120650 2353.8
1120660 2354.2
1120670 2356.8
1120680 2356.8
1120690 2360.7
1120700 2367.2
1120710 2382.9
1120720 2382.9
1120730 2397.4
1120740 2401.3
1120750 2401.3
1120760 2404.4
1120770 2405.5
1120780 2405.5
1120790 2405.4
1120800 2404.7
1120810 2404.7
1120820 2402.9
1120830 2400.7
1120840 2400.7
1120850 2394.8
1120860 2379.3
1120870 2379.3
1120880 2351.1
1120890 2326.9
1120900 2326.9
1120910 2280.6
1120920 2239.9
1120930 2239.9
1120940 2211.4
1120950 2195.2
1120960 2195.2
1120970 2179.3
1120980 2163.6
1120990 2155.4
1121000 2155.4
1121010 2148.6
1121020 2142.1
1121030 2142.1
1121040 2136.3
1121050 2130.1
1121060 2130.1
1121070 2123.7
1121080 2114.9
1121090 2114.9
1121100 2108.2
1121110 2101.7
1121120 2101.7
1121130 2095.2
1121140 2088.7
1121150 2088.7
1121160 2081.8
1121170 2074.8
1121180 2074.8
1121190 2067.8
1121200 2061.0
1121210 2061.0
1121220 2054.5
1121230 2048.2
1121240 2041.8
1121250 2041.8
1121260 2035.6
1121270 2029.6
1121280 2029.6
1121290 2023.9
1121300 2018.2
1121310 2018.2
1121320 2012.4
1121330 2006.7
1121340 2006.7
1121350 2000.7
1121360 1994.9
1121370 1994.9
1121380 1989.0
1121390 1982.6
1121400 1982.6
1121410 1976.0
1121420 1969.6
1121430 1969.3
1121440 1963.7
1121450 1958.5
1121460 1958.5
1121470 1953.9
1121480 1948.8
1121490 1948.8
1121500 1944.2
1121510 1939.4
1121520 1934.5
1121530 1934.5
1121540 1928.6
1121550 1922.3
1121560 1922.3
1121570 1915.3
1121580 1909.6
1121590 1909.6
1121600 1903.9
1121610 1898.0
1121620 1898.0
1121630 1893.5
1121640 1890.3
1121650 1890.3
1121660 1887.9
1121670 1885.9
1121680 1885.9
1121690 1884.3
1121700 1882.4
1121710 1882.4
1121720 1879.5
1121730 1876.5
1121740 1876.5
1121750 1873.7
1121760 1871.4
1121770 1868.7
1121780 1869.9
1121790 1867.3
1121800 1864.7
1121810 1864.7
1121820 1862.0
1121830 1859.0
1121840 1859.0
1121850 1856.5
1121860 1854.4
1121870 1854.4
1121880 1853.0
1121890 1851.2
1121900 1851.2
1121910 1849.0
1121920 1847.8
1121930 1847.8
1121940 1846.9
1121950 1846.5
1121960 1846.5
1121970 1846.1
1121980 1846.0
1121990 1846.0
1122000 1845.8
1122010 1845.1
1122020 1845.1
1122030 1844.4
1122040 1844.6
1122050 1846.5
1122060 1846.5
1122070 1847.5
1122080 1845.4
1122090 1845.4
1122100 1841.9
1122110 1839.1
1122120 1839.1
1122130 1842.6
1122140 1842.7
1122150 1842.7
1122160 1843.4
1122170 1838.7
1122180 1838.7
1122190 1838.5
1122200 1843.6
1122210 1843.6
1122220 1847.2
1122230 1849.6
1122240 1849.6
1122250 1849.3
1122260 1841.0
1122270 1841.0
1122280 1831.0
1122290 1821.1
1122300 1811.2
1122310 1811.2
1122320 1797.5
1122330 1779.7
1122340 1779.7
1122350 1769.6
1122360 1765.4
1122370 1765.4
1122380 1759.0
1122390 1755.1
1122400 1755.1
1122410 1761.7
1122420 1770.9
1122430 1770.9
1122440 1784.6
1122450 1799.9
1122460 1799.9
1122470 1803.4
1122480 1812.5
1122490 1812.5
1122500 1814.4
1122510 1816.3
1122520 1816.3
1122530 1817.9
1122540 1814.3
1122550 1808.8
1122560 1808.8
1122570 1808.7
1122580 1805.6
1122590 1805.6
1122600 1804.6
1122610 1799.6
1122620 1799.6
1122630 1793.8
1122640 1789.0
1122650 1789.0
1122660 1793.1
1122670 1801.9
1122680 1801.9
1122690 1809.1
1122700 1808.4
1122710 1808.4
1122720 1805.8
1122730 1807.7
1122740 1807.7
1122750 1809.7
1122760 1807.8
1122770 1807.8
1122780 1804.1
1122790 1802.3
1122800 1802.3
1122810 1800.5
1122820 1798.0
1122830 1806.8
1122840 1806.8
1122850 1800.7
1122860 1802.7
1122870 1802.7
1122880 1800.6
1122890 1793.8
1122900 1793.8
1122910 1788.1
1122920 1782.9
1122930 1782.9
1122940 1789.9
1122950 1798.1
1122960 1798.1
1122970 1803.9
1122980 1811.8
1122990 1811.8
1123000 1814.3
1123010 1814.7
1123020 1814.7
1123030 1814.6
1123040 1811.4
1123050 1811.4
1123060 1803.1
1123070 1789.7
1123080 1777.2
1123090 1777.2
1123100 1780.9
1123110 1786.8
1123120 1786.8
1123130 1792.7
1123140 1799.3
1123150 1799.3
1123160 1814.5
1123170 1827.4
1123180 1827.4
1123190 1833.9
1123200 1848.6
1123210 1848.6
1123220 1866.0
1123230 1881.1
1123240 1881.1
1123250 1895.7
1123260 1910.4
1123270 1910.4
1123280 1914.0
1123290 1914.4
1123300 1914.4
1123310 1916.2
1123320 1922.2
1123330 1922.2
1123340 1931.6
1123350 1940.3
1123360 1944.7
1123370 1944.7
1123380 1949.2
1123390 1954.2
1123400 1954.2
1123410 1958.0
1123420 1963.0
1123430 1963.0
1123440 1967.4
1123450 1970.9
1123460 1970.9
1123470 1972.8
1123480 1973.4
1123490 1973.4
1123500 1972.9
1123510 1974.0
1123520 1974.0
1123530 1977.4
1123540 1978.9
1123550 1978.9
1123560 1977.9
1123570 1978.3
1123580 1978.3
1123590 1979.9
1123600 1981.5
1123610 1983.2
1123620 1983.2
1123630 1984.8
1123640 1988.3
1123650 1988.3
1123660 1991.0
1123670 1993.9
1123680 1993.9
1123690 1996.0
1123700 1997.7
1123710 1997.7
1123720 1999.5
1123730 2001.2
1123740 2001.2
1123750 2003.2
1123760 2005.1
1123770 2005.1
1123780 2007.0
1123790 2009.0
1123800 2009.0
1123810 2012.9
1123820 2015.6
1123830 2015.6
1123840 2017.1
1123850 2020.5
1123860 2023.5
1123870 2023.5
1123880 2026.5
1123890 2037.9
1123900 2037.9
1123910 2045.3
1123920 2051.6
1123930 2051.6
1123940 2059.6
1123950 2065.7
1123960 2065.7
1123970 2071.7
1123980 2076.1
1123990 2076.1
1124000 2080.4
1124010 2084.6
1124020 2084.6
1124030 2087.4
1124040 2092.5
1124050 2092.5
1124060 2092.6
1124070 2090.8
1124080 2090.8
1124090 2091.2
1124100 2081.0
1124110 2081.0
1124120 2077.1
1124130 2084.3
1124140 2078.6
1124150 2078.6
1124160 2070.5
1124170 2071.3
1124180 2071.3
1124190 2077.8
1124200 2086.3
1124210 2086.3
1124220 2094.1
1124230 2095.3
1124240 2112.4
1124250 2119.4
1124260 2123.1
1124270 2123.1
1124280 2122.8
1124290 2116.4
1124300 2116.4
1124310 2111.5
1124320 2114.4
1124330 2114.4
1124340 2117.3
1124350 2122.5
1124360 2122.5
1124370 2127.5
1124380 2131.4
1124390 2134.6
1124400 2134.6
1124410 2136.9
1124420 2141.0
1124430 2141.0
1124440 2145.5
1124450 2151.1
1124460 2151.1
1124470 2156.6
1124480 2160.0
1124490 2160.0
1124500 2162.7
1124510 2165.2
1124520 2165.2
1124530 2167.6
1124540 2169.2
1124550 2169.2
1124560 2172.2
1124570 2174.4
1124580 2174.4
1124590 2178.1
1124600 2184.1
1124610 2184.1
1124620 2188.1
1124630 2192.3
1124640 2192.3
1124650 2195.9
1124660 2200.5
1124670 2204.3
1124680 2204.3
1124690 2207.3
1124700 2210.4
1124710 2210.4
1124720 2214.2
1124730 2218.7
1124740 2218.7
1124750 2223.8
1124760 2230.3
1124770 2230.3
1124780 2234.8
1124790 2240.1
1124800 2240.1
1124810 2245.3
1124820 2249.1
1124830 2249.1
1124840 2252.5
1124850 2258.5
1124860 2258.5
1124870 2264.8
1124880 2272.0
1124890 2272.0
1124900 2284.9
1124910 2296.0
1124920 2306.6
1124930 2306.6
1124940 2320.7
1124950 2334.4
1124960 2334.4
1124970 2343.4
1124980 2349.4
1124990 2349.4
1125000 2356.1
1125010 2361.8
1125020 2361.8
1125030 2363.5
1125040 2359.4
1125050 2359.4
1125060 2358.5
1125070 2353.9
1125080 2353.9
1125090 2338.8
1125100 2332.3
1125110 2332.3
1125120 2329.5
1125130 2327.7
1125140 2327.7
1125150 2322.8
1125160 2315.8
1125170 2311.9
1125180 2311.9
1125190 2304.4
1125200 2294.3
1125210 2294.3
1125220 2285.4
1125230 2277.8
1125240 2277.8
1125250 2269.2
1125260 2260.6
1125270 2260.6
1125280 2252.2
1125290 2246.1
1125300 2243.9
1125310 2240.8
1125320 2245.0
1125330 2245.0
1125340 2246.2
1125350 2247.1
1125360 2247.1
1125370 2249.4
1125380 2252.4
1125390 2252.4
1125400 2252.3
1125410 2250.7
1125420 2250.7
1125430 2249.9
1125440 2250.5
1125450 2250.0
1125460 2250.0
1125470 2249.6
1125480 2248.6
1125490 2248.6
1125500 2248.2
1125510 2244.5
1125520 2244.5
1125530 2238.0
1125540 2232.9
1125550 2232.9
1125560 2225.7
1125570 2219.3
1125580 2219.3
1125590 2216.2
1125600 2212.1
1125610 2212.1
1125620 2210.4
1125630 2207.8
1125640 2207.8
1125650 2205.1
1125660 2206.2
1125670 2206.2
1125680 2204.9
1125690 2199.7
1125700 2193.9
1125710 2193.9
1125720 2190.3
1125730 2189.6
1125740 2189.6
1125750 2190.8
1125760 2190.0
1125770 2190.0
1125780 2189.7
1125790 2187.1
1125800 2187.1
1125810 2187.1
1125820 2188.3
1125830 2188.3
1125840 2185.1
1125850 2180.8
1125860 2180.8
1125870 2175.7
1125880 2169.7
1125890 2169.7
1125900 2165.5
1125910 2162.4
1125920 2162.4
1125930 2159.6
1125940 2157.1
1125950 2157.1
1125960 2156.4
1125970 2157.5
1125980 2157.9
1125990 2157.9
1126000 2156.4
1126010 2155.0
1126020 2155.0
1126030 2152.5
1126040 2149.7
1126050 2149.7
1126060 2146.1
1126070 2141.2
1126080 2141.2
1126090 2135.7
1126100 2129.0
1126110 2129.0
1126120 2121.4
1126130 2115.7
1126140 2115.7
1126150 2113.4
1126160 2110.3
1126170 2110.3
1126180 2103.9
1126190 2094.4
1126200 2094.4
1126210 2085.0
1126220 2076.9
1126230 2069.0
1126240 2069.0
1126250 2061.5
1126260 2054.5
1126270 2054.5
1126280 2048.3
1126290 2042.1
1126300 2042.1
1126310 2035.8
1126320 2029.1
1126330 2029.1
1126340 2022.1
1126350 2015.1
1126360 2015.1
1126370 2009.9
1126380 2003.2
1126390 2003.2
1126400 1998.3
1126410 1996.0
1126420 1996.0
1126430 1988.9
1126440 1979.8
1126450 1979.8
1126460 1971.3
1126470 1963.9
1126480 1957.9
1126490 1957.9
1126500 1951.8
1126510 1945.4
1126520 1945.4
1126530 1940.0
1126540 1935.9
1126550 1935.9
1126560 1932.5
1126570 1930.3
1126580 1930.3
1126590 1927.9
1126600 1925.1
1126610 1925.1
1126620 1921.8
1126630 1917.3
1126640 1917.3
1126650 1915.0
1126660 1913.1
1126670 1913.1
1126680 1911.8
1126690 1910.8
1126700 1910.8
1126710 1910.2
1126720 1907.8
1126730 1907.8
1126740 1910.4
1126750 1911.9
1126760 1909.9
1126770 1909.9
1126780 1902.9
1126790 1896.3
1126800 1896.3
1126810 1889.7
1126820 1883.0
1126830 1883.0
1126840 1877.1
1126850 1871.6
1126860 1871.6
1126870 1864.7
1126880 1859.1
1126890 1859.1
1126900 1854.2
1126910 1850.5
1126920 1850.5
1126930 1847.7
1126940 1843.1
1126950 1843.1
1126960 1836.6
1126970 1829.6
1126980 1829.6
1126990 1824.4
1127000 1819.6
1127010 1813.9
1127020 1813.9
1127030 1808.6
1127040 1804.2
1127050 1804.2
1127060 1799.6
1127070 1795.2
1127080 1792.9
1127090 1788.8
1127100 1784.5
1127110 1784.5
1127120 1781.6
1127130 1778.6
1127140 1778.6
1127150 1775.2
1127160 1769.4
1127170 1769.4
1127180 1763.9
1127190 1757.1
1127200 1757.1
1127210 1748.5
1127220 1739.6
1127230 1739.6
1127240 1730.9
1127250 1728.4
1127260 1728.4
1127270 1730.3
1127280 1728.4
1127290 1724.1
1127300 1724.1
1127310 1720.7
1127320 1716.8
1127330 1716.8
1127340 1712.8
1127350 1710.7
1127360 1710.7
1127370 1709.4
1127380 1705.6
1127390 1705.6
1127400 1700.7
1127410 1696.0
1127420 1696.0
1127430 1691.8
1127440 1687.5
1127450 1687.5
1127460 1685.8
1127470 1684.9
1127480 1684.9
1127490 1689.5
1127500 1695.5
1127510 1695.5
1127520 1701.6
1127530 1709.5
1127540 1716.8
1127550 1716.8
1127560 1723.8
1127570 1729.9
1127580 1729.9
1127590 1735.0
1127600 1739.5
1127610 1739.5
1127620 1744.7
1127630 1750.4
1127640 1750.4
1127650 1757.5
1127660 1763.8
1127670 1763.8
1127680 1764.3
1127690 1761.2
1127700 1761.2
1127710 1761.9
1127720 1763.0
1127730 1763.0
1127740 1764.2
1127750 1765.0
1127760 1765.0
1127770 1764.8
1127780 1763.2
1127790 1760.6
1127800 1760.6
1127810 1760.0
1127820 1761.6
1127830 1761.6
1127840 1763.2
1127850 1763.1
1127860 1763.1
1127870 1761.3
1127880 1757.6
1127890 1757.6
1127900 1754.6
1127910 1752.5
1127920 1752.5
1127930 1750.3
1127940 1748.9
1127950 1748.9
1127960 1747.7
1127970 1746.5
1127980 1746.5
1127990 1745.7
1128000 1746.8
1128010 1746.8
1128020 1748.5
1128030 1750.1
1128040 1750.1
1128050 1752.0
1128060 1755.0
1128070 1755.6
1128080 1755.6
1128090 1759.6
1128100 1765.6
1128110 1765.6
1128120 1770.3
1128130 1774.6
1128140 1774.6
1128150 1776.5
1128160 1777.8
1128170 1777.8
1128180 1779.9
1128190 1782.3
1128200 1782.3
1128210 1783.8
1128220 1784.2
1128230 1784.2
1128240 1783.6
1128250 1782.3
1128260 1782.3
1128270 1783.3
1128280 1784.9
1128290 1784.9
1128300 1784.4
1128310 1779.6
1128320 1772.6
1128330 1772.6
1128340 1765.4
1128350 1758.1
1128360 1758.1
1128370 1751.4
1128380 1747.1
1128390 1747.1
1128400 1742.9
1128410 1738.1
1128420 1738.1
1128430 1733.4
1128440 1728.0
1128450 1728.0
1128460 1722.7
1128470 1719.0
1128480 1719.0
1128490 1716.1
1128500 1713.6
1128510 1716.7
1128520 1714.2
1128530 1712.7
1128540 1712.7
1128550 1711.7
1128560 1710.6
1128570 1710.6
1128580 1707.1
1128590 1701.5
1128600 1694.7
1128610 1694.7
1128620 1688.1
1128630 1681.8
1128640 1681.8
1128650 1675.0
1128660 1669.1
1128670 1669.1
1128680 1664.1
1128690 1659.1
1128700 1659.1
1128710 1652.7
1128720 1644.9
1128730 1644.9
1128740 1646.7
1128750 1655.2
1128760 1655.2
1128770 1660.7
1128780 1663.9
1128790 1663.9
1128800 1667.1
1128810 1671.0
1128820 1671.0
1128830 1675.4
1128840 1680.5
1128850 1685.7
1128860 1683.8
1128870 1688.6
1128880 1693.7
1128890 1693.7
1128900 1698.4
1128910 1703.1
1128920 1703.1
1128930 1708.1
1128940 1713.7
1128950 1713.7
1128960 1719.2
1128970 1725.1
1128980 1725.1
1128990 1730.4
1129000 1735.1
1129010 1735.1
1129020 1740.2
1129030 1744.7
1129040 1744.7
1129050 1749.2
1129060 1753.6
1129070 1753.6
1129080 1756.9
1129090 1759.9
1129100 1762.7
1129110 1762.7
1129120 1764.9
1129130 1765.9
1129140 1765.9
1129150 1766.4
1129160 1766.5
1129170 1766.5
1129180 1766.7
1129190 1767.5
1129200 1767.5
1129210 1768.2
1129220 1768.5
1129230 1768.5
1129240 1771.9
1129250 1774.1
1129260 1774.1
1129270 1774.8
1129280 1775.1
1129290 1775.1
1129300 1777.7
1129310 1781.7
1129320 1781.7
1129330 1784.8
1129340 1785.2
1129350 1785.2
1129360 1785.2
1129370 1787.5
1129380 1789.2
1129390 1789.2
1129400 1791.5
1129410 1793.6
1129420 1793.6
1129430 1794.0
1129440 1793.9
1129450 1793.9
1129460 1793.9
1129470 1794.2
1129480 1794.2
1129490 1794.7
1129500 1795.9
1129510 1795.9
1129520 1797.6
1129530 1798.8
1129540 1798.8
1129550 1800.2
1129560 1802.0
1129570 1802.0
1129580 1800.9
1129590 1802.9
1129600 1802.9
1129610 1804.5
1129620 1805.5
1129630 1805.9
1129640 1805.9
1129650 1805.5
1129660 1804.1
1129670 1804.1
1129680 1801.9
1129690 1799.2
1129700 1799.2
1129710 1796.3
1129720 1793.4
1129730 1793.4
1129740 1790.8
1129750 1787.2
1129760 1787.2
1129770 1781.7
1129780 1776.8
1129790 1776.8
1129800 1773.5
1129810 1771.7
1129820 1771.7
1129830 1769.1
1129840 1765.8
1129850 1765.8
1129860 1763.2
1129870 1759.8
1129880 1759.8
1129890 1758.7
1129900 1757.1
1129910 1754.4
1129920 1754.4
1129930 1750.5
1129940 1742.9
1129950 1742.9
1129960 1739.8
1129970 1736.0
1129980 1736.0
1129990 1731.5
1130000 1728.1
1130010 1728.1
1130020 1726.2
1130030 1723.9
1130040 1723.9
1130050 1719.7
1130060 1720.0
1130070 1720.0
1130080 1719.6
1130090 1718.3
1130100 1718.3
1130110 1716.1
1130120 1712.9
1130130 1712.9
1130140 1709.5
1130150 1707.0
1130160 1705.4
1130170 1705.4
1130180 1703.6
1130190 1701.1
1130200 1701.1
1130210 1698.8
1130220 1697.2
1130230 1697.2
1130240 1695.5
1130250 1692.5
1130260 1692.5
1130270 1689.7
1130280 1687.4
1130290 1687.4
1130300 1683.2
1130310 1682.5
1130320 1682.5
1130330 1682.1
1130340 1680.0
1130350 1680.0
1130360 1677.7
1130370 1675.5
1130380 1675.5
1130390 1674.1
1130400 1673.1
1130410 1669.7
1130420 1669.7
1130430 1666.8
1130440 1665.0
1130450 1665.0
1130460 1664.1
1130470 1665.7
1130480 1665.7
1130490 1665.0
1130500 1663.5
1130510 1663.5
1130520 1667.3
1130530 1669.0
1130540 1669.0
1130550 1669.2
1130560 1667.9
1130570 1667.9
1130580 1664.8
1130590 1661.2
1130600 1661.2
1130610 1655.8
1130620 1650.7
1130630 1650.7
1130640 1647.9
1130650 1646.0
1130660 1653.4
1130670 1649.9
1130680 1644.4
1130690 1643.9
1130700 1643.9
1130710 1646.0
1130720 1649.0
1130730 1649.0
1130740 1651.6
1130750 1654.1
1130760 1654.1
1130770 1656.8
1130780 1657.8
1130790 1657.8
1130800 1657.2
1130810 1656.4
1130820 1656.4
1130830 1655.8
1130840 1654.6
1130850 1654.6
1130860 1652.7
1130870 1650.3
1130880 1650.3
1130890 1648.5
1130900 1645.9
1130910 1645.9
1130920 1643.9
1130930 1642.0
1130940 1640.0
1130950 1640.0
1130960 1638.9
1130970 1637.8
1130980 1637.8
1130990 1637.6
1131000 1638.1
1131010 1638.1
1131020 1630.2
1131030 1629.7
1131040 1629.7
1131050 1625.7
1131060 1613.0
1131070 1613.0
1131080 1600.6
1131090 1595.4
1131100 1595.4
1131110 1590.5
1131120 1585.5
1131130 1585.5
1131140 1580.3
1131150 1574.9
1131160 1574.9
1131170 1570.9
1131180 1566.9
1131190 1566.9
1131200 1562.0
1131210 1558.1
1131220 1555.0
1131230 1555.0
1131240 1554.3
1131250 1553.4
1131260 1553.4
1131270 1549.3
1131280 1544.8
1131290 1544.8
1131300 1540.4
1131310 1537.9
1131320 1537.9
1131330 1537.5
1131340 1535.9
1131350 1535.9
1131360 1533.7
1131370 1531.5
1131380 1528.9
1131390 1527.4
1131400 1525.0
1131410 1525.0
1131420 1522.5
1131430 1518.4
1131440 1518.4
1131450 1514.4
1131460 1511.2
1131470 1508.6
1131480 1508.6
1131490 1505.7
1131500 1504.2
1131510 1504.2
1131520 1501.9
1131530 1499.7
1131540 1499.7
1131550 1499.7
1131560 1494.1
1131570 1494.1
1131580 1491.2
1131590 1487.6
1131600 1487.6
1131610 1483.3
1131620 1479.5
1131630 1479.5
1131640 1474.7
1131650 1470.1
1131660 1470.1
1131670 1465.1
1131680 1459.7
1131690 1459.7
1131700 1453.9
1131710 1450.9
1131720 1444.4
1131730 1444.4
1131740 1435.2
1131750 1429.3
1131760 1429.3
1131770 1424.8
1131780 1419.4
1131790 1419.4
1131800 1414.8
1131810 1410.7
1131820 1410.7
1131830 1406.4
1131840 1402.1
1131850 1402.1
1131860 1398.3
1131870 1393.7
1131880 1393.7
1131890 1390.7
1131900 1386.8
1131910 1386.8
1131920 1380.0
1131930 1371.6
1131940 1371.6
1131950 1366.8
1131960 1364.4
1131970 1364.4
1131980 1363.3
1131990 1364.2
1132000 1365.3
1132010 1365.3
1132020 1367.8
1132030 1374.2
1132040 1374.2
1132050 1381.7
1132060 1396.3
1132070 1396.3
1132080 1420.4
1132090 1444.4
1132100 1436.1
1132110 1457.8
1132120 1467.6
1132130 1467.6
1132140 1472.1
1132150 1474.2
1132160 1474.2
1132170 1474.0
1132180 1477.6
1132190 1477.6
1132200 1480.3
1132210 1481.3
1132220 1481.3
1132230 1482.3
1132240 1483.1
1132250 1484.5
1132260 1484.5
1132270 1483.8
1132280 1483.2
1132290 1483.2
1132300 1488.0
1132310 1492.5
1132320 1492.5
1132330 1494.2
1132340 1494.4
1132350 1494.4
1132360 1494.3
1132370 1494.2
1132380 1494.2
1132390 1494.5
1132400 1496.0
1132410 1496.0
1132420 1495.9
1132430 1494.5
1132440 1494.5
1132450 1494.3
1132460 1495.0
1132470 1495.0
1132480 1497.0
1132490 1499.2
1132500 1502.1
1132510 1502.1
1132520 1506.2
1132530 1511.5
1132540 1511.5
1132550 1516.5
1132560 1521.0
1132570 1521.0
1132580 1527.0
1132590 1534.7
1132600 1534.7
1132610 1542.6
1132620 1549.3
1132630 1549.3
1132640 1555.0
1132650 1560.5
1132660 1560.5
1132670 1566.5
1132680 1575.1
1132690 1575.1
1132700 1585.8
1132710 1592.5
1132720 1592.5
1132730 1599.1
1132740 1606.9
1132750 1606.9
1132760 1614.6
1132770 1622.4
1132780 1629.8
1132790 1629.8
1132800 1636.4
1132810 1643.9
1132820 1651.1
1132830 1656.2
1132840 1661.3
1132850 1661.3
1132860 1665.6
1132870 1669.2
1132880 1669.2
1132890 1671.7
1132900 1671.3
1132910 1671.3
1132920 1670.0
1132930 1672.1
1132940 1672.1
1132950 1676.9
1132960 1682.4
1132970 1682.4
1132980 1688.7
1132990 1693.4
1133000 1693.4
1133010 1697.8
1133020 1701.9
1133030 1707.5
1133040 1707.5
1133050 1711.3
1133060 1710.9
1133070 1710.9
1133080 1712.6
1133090 1716.9
1133100 1716.9
1133110 1724.6
1133120 1732.6
1133130 1732.6
1133140 1741.8
1133150 1754.1
1133160 1754.1
1133170 1762.4
1133180 1768.5
1133190 1768.5
1133200 1772.4
1133210 1776.7
1133220 1776.7
1133230 1781.2
1133240 1785.8
1133250 1785.8
1133260 1790.7
1133270 1795.8
1133280 1795.8
1133290 1800.6
1133300 1805.0
1133310 1809.2
1133320 1809.2
1133330 1811.7
1133340 1813.6
1133350 1813.6
1133360 1816.2
1133370 1817.9
1133380 1817.9
1133390 1819.5
1133400 1821.6
1133410 1821.6
1133420 1823.9
1133430 1827.3
1133440 1827.3
1133450 1831.6
1133460 1835.2
1133470 1835.2
1133480 1838.4
1133490 1841.5
1133500 1841.5
1133510 1846.5
1133520 1851.8
1133530 1851.8
1133540 1860.8
1133550 1864.5
1133560 1869.0
1133570 1869.0
1133580 1874.4
1133590 1879.1
1133600 1879.1
1133610 1883.4
1133620 1888.0
1133630 1888.0
1133640 1892.8
1133650 1897.8
1133660 1897.8
1133670 1903.0
1133680 1908.5
1133690 1908.5
1133700 1914.1
1133710 1919.5
1133720 1919.5
1133730 1924.8
1133740 1930.6
1133750 1930.6
1133760 1939.3
1133770 1948.4
1133780 1948.4
1133790 1954.0
1133800 1955.5
1133810 1955.3
1133820 1955.3
1133830 1957.0
1133840 1958.9
1133850 1958.9
1133860 1959.2
1133870 1957.3
1133880 1957.3
1133890 1955.8
1133900 1954.1
1133910 1958.6
1133920 1957.4
1133930 1955.9
1133940 1955.9
1133950 1954.3
1133960 1954.6
1133970 1954.6
1133980 1955.6
1133990 1956.1
1134000 1956.1
1134010 1957.6
1134020 1959.8
1134030 1959.8
1134040 1958.9
1134050 1959.1
1134060 1959.1
1134070 1959.8
1134080 1962.1
1134090 1964.2
1134100 1964.2
1134110 1965.7
1134120 1966.1
1134130 1966.1
1134140 1961.5
1134150 1963.2
1134160 1963.2
1134170 1969.3
1134180 1972.2
1134190 1972.2
1134200 1973.8
1134210 1979.6
1134220 1979.6
1134230 1988.6
1134240 1995.9
1134250 1995.9
1134260 2002.0
1134270 2007.5
1134280 2007.5
1134290 2012.5
1134300 2016.9
1134310 2016.9
1134320 2021.4
1134330 2025.7
1134340 2030.4
1134350 2030.4
1134360 2035.0
1134370 2039.8
1134380 2039.8
1134390 2044.7
1134400 2049.7
1134410 2049.7
1134420 2054.8
1134430 2059.8
1134440 2059.8
1134450 2064.5
1134460 2069.5
1134470 2069.5
1134480 2074.9
1134490 2080.6
1134500 2080.6
1134510 2086.3
1134520 2091.4
1134530 2091.4
1134540 2096.4
1134550 2117.8
1134560 2117.8
1134570 2136.9
1134580 2151.4
1134590 2159.8
1134600 2159.8
1134610 2165.0
1134620 2173.8
1134630 2174.2
1134640 2186.2
1134650 2195.3
1134660 2195.3
1134670 2204.4
1134680 2212.4
1134690 2212.4
1134700 2220.6
1134710 2226.7
1134720 2226.7
1134730 2232.1
1134740 2237.2
1134750 2237.2
1134760 2242.2
1134770 2245.8
1134780 2245.8
1134790 2249.2
1134800 2254.5
1134810 2254.5
1134820 2262.9
1134830 2273.9
1134840 2273.9
1134850 2290.6
1134860 2302.6
1134870 2305.2
1134880 2305.2
1134890 2308.2
1134900 2314.7
1134910 2314.7
1134920 2321.7
1134930 2328.0
1134940 2328.0
1134950 2334.8
1134960 2342.7
1134970 2342.7
1134980 2350.6
1134990 2358.6
1135000 2355.4
1135010 2362.8
1135020 2370.5
1135030 2370.5
1135040 2378.8
1135050 2387.8
1135060 2387.8
1135070 2396.6
1135080 2405.2
1135090 2405.2
1135100 2414.0
1135110 2422.6
1135120 2431.0
1135130 2431.0
1135140 2439.3
1135150 2447.9
1135160 2447.9
1135170 2456.0
1135180 2462.4
1135190 2462.4
1135200 2463.8
1135210 2462.1
1135220 2462.1
1135230 2459.6
1135240 2452.5
1135250 2452.5
1135260 2438.4
1135270 2422.2
1135280 2422.2
1135290 2398.4
1135300 2389.0
1135310 2389.0
1135320 2382.7
1135330 2376.6
1135340 2376.6
1135350 2370.4
1135360 2361.4
1135370 2361.4
1135380 2354.7
1135390 2348.5
1135400 2341.9
1135410 2341.9
1135420 2334.9
1135430 2327.7
1135440 2327.7
1135450 2319.5
1135460 2310.8
1135470 2310.8
1135480 2302.4
1135490 2292.8
1135500 2292.8
1135510 2279.4
1135520 2267.2
1135530 2267.2
1135540 2257.8
1135550 2248.9
1135560 2248.9
1135570 2241.1
1135580 2233.7
1135590 2233.7
1135600 2226.8
1135610 2220.4
1135620 2220.4
1135630 2214.4
1135640 2208.4
1135650 2202.5
1135660 2202.5
1135670 2196.6
1135680 2190.8
1135690 2190.8
1135700 2185.3
1135710 2179.6
1135720 2179.6
1135730 2173.9
1135740 2168.2
1135750 2168.2
1135760 2162.8
1135770 2157.5
1135780 2157.5
1135790 2152.5
1135800 2147.5
1135810 2147.5
1135820 2142.9
1135830 2138.4
1135840 2138.4
1135850 2134.0
1135860 2129.5
1135870 2129.5
1135880 2125.3
1135890 2121.0
1135900 2116.6
1135910 2116.6
1135920 2111.7
1135930 2106.9
1135940 2106.9
1135950 2102.8
1135960 2098.0
1135970 2098.0
1135980 2090.5
1135990 2082.9
1136000 2082.9
1136010 2076.5
1136020 2071.1
1136030 2071.1
1136040 2066.3
1136050 2061.5
1136060 2061.5
1136070 2056.8
1136080 2052.6
1136090 2056.3
1136100 2052.9
1136110 2050.4
1136120 2050.4
1136130 2048.8
1136140 2046.5
1136150 2046.5
1136160 2044.2
1136170 2042.7
1136180 2041.3
1136190 2041.3
1136200 2039.5
1136210 2036.8
1136220 2036.8
1136230 2034.1
1136240 2030.7
1136250 2030.7
1136260 2027.1
1136270 2023.9
1136280 2023.9
1136290 2020.1
1136300 2014.3
1136310 2014.3
1136320 2008.4
1136330 2004.1
1136340 2004.1
1136350 2000.0
1136360 1995.5
1136370 1995.5
1136380 1991.6
1136390 1988.2
1136400 1988.2
1136410 1986.5
1136420 1986.1
1136430 1985.2
1136440 1985.2
1136450 1982.7
1136460 1976.2
1136470 1976.2
1136480 1972.4
1136490 1968.1
1136500 1968.1
1136510 1963.5
1136520 1959.8
1136530 1959.8
1136540 1957.7
1136550 1954.6
1136560 1954.6
1136570 1951.1
1136580 1947.1
1136590 1947.1
1136600 1943.3
1136610 1939.8
1136620 1939.8
1136630 1936.4
1136640 1930.3
1136650 1930.3
1136660 1918.4
1136670 1908.3
1136680 1901.3
1136690 1901.3
1136700 1894.6
1136710 1888.2
1136720 1888.2
1136730 1882.2
1136740 1876.5
1136750 1876.5
1136760 1871.2
1136770 1866.2
1136780 1866.2
1136790 1861.6
1136800 1857.2
1136810 1857.2
1136820 1852.8
1136830 1848.9
1136840 1848.9
1136850 1844.7
1136860 1840.2
1136870 1840.2
1136880 1835.5
1136890 1831.1
1136900 1831.1
1136910 1826.8
1136920 1822.7
1136930 1822.7
1136940 1819.4
1136950 1815.9
1136960 1812.4
1136970 1812.4
1136980 1808.2
1136990 1803.4
1137000 1803.4
1137010 1799.4
1137020 1796.2
1137030 1796.2
1137040 1793.7
1137050 1791.1
1137060 1791.1
1137070 1789.0
1137080 1786.1
1137090 1786.1
1137100 1782.9
1137110 1780.2
1137120 1780.2
1137130 1777.1
1137140 1774.3
1137150 1774.3
1137160 1772.8
1137170 1772.1
1137180 1772.1
1137190 1767.2
1137200 1765.4
1137210 1762.9
1137220 1762.9
1137230 1759.9
1137240 1756.4
1137250 1756.4
1137260 1752.6
1137270 1747.4
1137280 1747.4
1137290 1740.9
1137300 1734.5
1137310 1734.5
1137320 1729.1
1137330 1722.6
1137340 1722.6
1137350 1714.5
1137360 1706.8
1137370 1706.8
1137380 1701.0
1137390 1695.2
1137400 1695.2
1137410 1689.6
1137420 1685.2
1137430 1685.2
1137440 1680.3
1137450 1674.7
1137460 1674.7
1137470 1668.5
1137480 1662.7
1137490 1657.5
1137500 1657.5
1137510 1651.0
1137520 1642.2
1137530 1642.2
1137540 1634.0
1137550 1622.7
1137560 1622.7
1137570 1616.4
1137580 1610.4
1137590 1610.4
1137600 1604.4
1137610 1598.0
1137620 1598.0
1137630 1591.7
1137640 1585.5
1137650 1585.5
1137660 1579.2
1137670 1573.0
1137680 1573.0
1137690 1567.2
1137700 1561.7
1137710 1561.7
1137720 1555.9
1137730 1550.6
1137740 1545.8
1137750 1545.8
1137760 1542.4
1137770 1539.6
1137780 1539.6
1137790 1537.2
1137800 1534.9
1137810 1534.9
1137820 1532.6
1137830 1530.4
1137840 1530.4
1137850 1527.8
1137860 1525.6
1137870 1525.6
1137880 1523.2
1137890 1520.7
1137900 1520.7
1137910 1518.3
1137920 1515.1
1137930 1515.1
1137940 1512.6
1137950 1510.1
1137960 1510.1
1137970 1507.1
1137980 1501.9
1137990 1494.3
1138000 1494.3
1138010 1488.9
1138020 1493.4
1138030 1493.4
1138040 1500.3
1138050 1505.0
1138060 1505.0
1138070 1508.8
1138080 1512.5
1138090 1512.5
1138100 1515.4
1138110 1517.0
1138120 1517.0
1138130 1518.9
1138140 1522.3
1138150 1522.3
1138160 1525.7
1138170 1528.6
1138180 1528.6
1138190 1531.6
1138200 1534.4
1138210 1534.4
1138220 1537.3
1138230 1540.3
1138240 1540.3
1138250 1543.4
1138260 1546.5
1138270 1549.8
1138280 1549.8
1138290 1555.9
1138300 1558.9
1138310 1558.9
1138320 1563.0
1138330 1567.5
1138340 1567.5
1138350 1572.2
1138360 1576.9
1138370 1576.9
1138380 1581.8
1138390 1587.0
1138400 1587.0
1138410 1592.4
1138420 1598.0
1138430 1598.0
1138440 1603.6
1138450 1609.4
1138460 1609.4
1138470 1614.5
1138480 1619.3
1138490 1619.3
1138500 1624.4
1138510 1629.4
1138520 1634.4
1138530 1634.4
1138540 1639.2
1138550 1643.8
1138560 1643.8
1138570 1649.8
1138580 1657.0
1138590 1657.0
1138600 1665.3
1138610 1673.8
1138620 1673.8
1138630 1681.8
1138640 1688.9
1138650 1692.4
1138660 1700.1
1138670 1707.6
1138680 1707.6
1138690 1714.6
1138700 1721.7
1138710 1721.7
1138720 1729.0
1138730 1736.5
1138740 1736.5
1138750 1744.9
1138760 1752.7
1138770 1759.4
1138780 1759.4
1138790 1764.6
1138800 1769.2
1138810 1769.2
1138820 1774.6
1138830 1778.3
1138840 1778.3
1138850 1778.6
1138860 1777.4
1138870 1777.4
1138880 1776.1
1138890 1774.8
1138900 1774.8
1138910 1772.4
1138920 1768.7
1138930 1768.7
1138940 1764.7
1138950 1761.5
1138960 1761.5
1138970 1759.0
1138980 1756.6
1138990 1756.6
1139000 1753.7
1139010 1749.8
1139020 1756.2
1139030 1753.2
1139040 1750.3
1139050 1746.3
1139060 1746.3
1139070 1743.2
1139080 1741.0
1139090 1741.0
1139100 1738.0
1139110 1735.6
1139120 1735.6
1139130 1733.2
1139140 1730.0
1139150 1730.0
1139160 1728.2
1139170 1727.0
1139180 1727.0
1139190 1723.8
1139200 1720.9
1139210 1720.9
1139220 1718.6
1139230 1715.7
1139240 1715.7
1139250 1712.5
1139260 1709.5
1139270 1709.5
1139280 1706.2
1139290 1702.4
1139300 1698.2
1139310 1698.2
1139320 1694.8
1139330 1695.5
1139340 1695.5
1139350 1695.5
1139360 1694.5
1139370 1694.5
1139380 1692.7
1139390 1697.3
1139400 1697.3
1139410 1695.0
1139420 1693.1
1139430 1693.1
1139440 1689.5
1139450 1679.7
1139460 1679.7
1139470 1680.0
1139480 1684.6
1139490 1684.6
1139500 1685.4
1139510 1687.0
1139520 1687.0
1139530 1688.1
1139540 1688.7
1139550 1688.7
1139560 1690.1
1139570 1692.0
1139580 1691.6
1139590 1691.6
1139600 1689.9
1139610 1688.1
1139620 1688.1
1139630 1687.6
1139640 1685.6
1139650 1685.6
1139660 1684.4
1139670 1683.0
1139680 1683.0
1139690 1680.4
1139700 1677.2
1139710 1677.2
1139720 1674.8
1139730 1672.4
1139740 1672.4
1139750 1670.3
1139760 1678.1
1139770 1678.1
1139780 1677.1
1139790 1675.9
1139800 1675.9
1139810 1672.5
1139820 1667.8
1139830 1662.9
1139840 1662.9
1139850 1655.4
1139860 1651.4
1139870 1651.4
1139880 1649.9
1139890 1647.7
1139900 1647.7
1139910 1647.2
1139920 1646.8
1139930 1646.8
1139940 1646.5
1139950 1646.8
1139960 1646.8
1139970 1647.7
1139980 1646.6
1139990 1646.6
