1120000 1968.4
1120010 1968.4
1120020 1956.8
1120030 1949.8
1120040 1949.8
1120050 1942.7
1120060 1937.3
1120070 1937.3
1120080 1933.2
1120090 1931.1
1120100 1931.1
1120110 1930.9
1120120 1931.2
1120130 1931.2
1120140 1931.7
1120150 1931.8
1120160 1931.8
1120170 1932.3
1120180 1933.0
1120190 1933.0
1120200 1933.6
1120210 1934.3
1120220 1935.0
1120230 1935.0
1120240 1935.8
1120250 1936.4
1120260 1936.4
1120270 1937.0
1120280 1937.8
1120290 1937.8
1120300 1938.6
1120310 1940.0
1120320 1940.0
1120330 1946.7
1120340 1950.2
1120350 1950.2
1120360 1954.4
1120370 1958.8
1120380 1958.8
1120390 1963.1
1120400 1968.1
1120410 1968.1
1120420 1973.8
1120430 1979.8
1120440 1979.8
1120450 1985.8
1120460 1992.1
1120470 1999.2
1120480 1999.2
1120490 2009.7
1120500 2022.9
1120510 2022.9
1120520 2037.5
1120530 2048.7
1120540 2048.7
1120550 2069.7
1120560 2083.1
1120570 2083.1
1120580 2090.7
1120590 2102.3
1120600 2102.3
1120610 2109.3
1120620 2110.3
1120630 2110.3
1120640 2111.5
1120650 2113.6
1120660 2113.6
1120670 2117.5
1120680 2117.0
1120690 2117.0
1120700 2120.7
1120710 2125.0
1120720 2125.0
1120730 2130.6
1120740 2138.5
1120750 2147.0
1120760 2147.0
1120770 2152.3
1120780 2155.5
1120790 2155.5
1120800 2158.2
1120810 2160.4
1120820 2160.4
1120830 2161.5
1120840 2162.5
1120850 2162.5
1120860 2163.0
1120870 2160.2
1120880 2160.2
1120890 2151.4
1120900 2143.3
1120910 2143.3
1120920 2137.5
1120930 2134.2
1120940 2134.2
1120950 2132.0
1120960 2130.6
1120970 2130.6
1120980 2130.6
1120990 2131.3
1121000 2133.7
1121010 2133.7
1121020 2135.9
1121030 2141.8
1121040 2141.8
1121050 2145.1
1121060 2145.9
1121070 2145.9
1121080 2143.0
1121090 2139.1
1121100 2139.1
1121110 2133.7
1121120 2123.1
1121130 2123.1
1121140 2109.5
1121150 2095.7
1121160 2095.7
1121170 2088.0
1121180 2083.2
1121190 2083.2
1121200 2077.0
1121210 2071.3
1121220 2071.3
1121230 2065.6
1121240 2060.0
1121250 2060.0
1121260 2054.0
1121270 2049.1
1121280 2046.4
1121290 2046.4
1121300 2044.8
1121310 2045.1
1121320 2045.1
1121330 2045.7
1121340 2046.7
1121350 2046.7
1121360 2046.7
1121370 2046.4
1121380 2042.1
1121390 2039.7
1121400 2037.6
1121410 2037.6
1121420 2037.5
1121430 2038.7
1121440 2038.7
1121450 2039.2
1121460 2040.8
1121470 2040.8
1121480 2044.2
1121490 2047.3
1121500 2047.3
1121510 2046.6
1121520 2040.5
1121530 2030.1
1121540 2030.1
1121550 2015.2
1121560 2003.2
1121570 2003.2
1121580 1992.7
1121590 1985.5
1121600 1985.5
1121610 1979.2
1121620 1973.4
1121630 1973.4
1121640 1967.8
1121650 1962.4
1121660 1962.4
1121670 1956.2
1121680 1950.0
1121690 1950.0
1121700 1944.0
1121710 1938.3
1121720 1938.3
1121730 1932.7
1121740 1927.4
1121750 1927.4
1121760 1922.1
1121770 1917.0
1121780 1917.0
1121790 1912.2
1121800 1907.4
1121810 1902.8
1121820 1902.8
1121830 1898.9
1121840 1895.0
1121850 1895.0
1121860 1891.2
1121870 1888.7
1121880 1888.7
1121890 1886.5
1121900 1885.9
1121910 1885.9
1121920 1884.2
1121930 1881.4
1121940 1881.4
1121950 1878.6
1121960 1876.7
1121970 1876.7
1121980 1875.8
1121990 1875.4
1122000 1875.4
1122010 1874.4
1122020 1873.9
1122030 1873.9
1122040 1873.7
1122050 1874.7
1122060 1875.1
1122070 1875.1
1122080 1871.3
1122090 1870.6
1122100 1870.6
1122110 1868.9
1122120 1867.7
1122130 1867.7
1122140 1862.7
1122150 1851.9
1122160 1851.9
1122170 1846.5
1122180 1843.9
1122190 1843.9
1122200 1839.5
1122210 1834.6
1122220 1834.6
1122230 1822.7
1122240 1809.1
1122250 1809.1
1122260 1803.0
1122270 1797.6
1122280 1797.6
1122290 1792.3
1122300 1787.4
1122310 1783.5
1122320 1783.5
1122330 1780.6
1122340 1777.3
1122350 1777.3
1122360 1774.7
1122370 1767.1
1122380 1767.1
1122390 1749.3
1122400 1742.6
1122410 1742.6
1122420 1743.8
1122430 1722.9
1122440 1722.9
1122450 1715.3
1122460 1713.1
1122470 1713.1
1122480 1710.4
1122490 1706.8
1122500 1706.8
1122510 1704.0
1122520 1701.1
1122530 1701.1
1122540 1697.6
1122550 1693.5
1122560 1693.5
1122570 1688.7
1122580 1683.5
1122590 1678.0
1122600 1678.0
1122610 1671.7
1122620 1666.2
1122630 1666.2
1122640 1662.5
1122650 1660.4
1122660 1660.4
1122670 1660.0
1122680 1657.2
1122690 1657.2
1122700 1653.8
1122710 1650.1
1122720 1650.1
1122730 1647.0
1122740 1640.9
1122750 1640.9
1122760 1637.4
1122770 1635.1
1122780 1629.5
1122790 1625.2
1122800 1620.4
1122810 1620.4
1122820 1616.5
1122830 1612.1
1122840 1607.6
1122850 1607.6
1122860 1602.2
1122870 1597.0
1122880 1597.0
1122890 1592.2
1122900 1587.6
1122910 1587.6
1122920 1583.2
1122930 1579.1
1122940 1579.1
1122950 1575.4
1122960 1571.0
1122970 1571.0
1122980 1566.5
1122990 1562.2
1123000 1562.2
1123010 1558.5
1123020 1555.1
1123030 1555.1
1123040 1552.2
1123050 1549.5
1123060 1549.5
1123070 1546.9
1123080 1543.5
1123090 1543.5
1123100 1540.0
1123110 1535.6
1123120 1531.6
1123130 1531.6
1123140 1528.6
1123150 1525.7
1123160 1525.7
1123170 1523.5
1123180 1521.3
1123190 1521.3
1123200 1518.6
1123210 1516.3
1123220 1516.3
1123230 1510.9
1123240 1505.1
1123250 1505.1
1123260 1504.4
1123270 1508.5
1123280 1508.5
1123290 1512.7
1123300 1514.1
1123310 1514.1
1123320 1515.6
1123330 1517.2
1123340 1517.2
1123350 1518.2
1123360 1519.2
1123370 1519.2
1123380 1519.2
1123390 1518.5
1123400 1521.5
1123410 1521.5
1123420 1524.7
1123430 1527.8
1123440 1527.8
1123450 1531.1
1123460 1533.7
1123470 1533.7
1123480 1536.6
1123490 1541.5
1123500 1541.5
1123510 1543.9
1123520 1546.5
1123530 1546.5
1123540 1547.1
1123550 1547.8
1123560 1547.8
1123570 1550.9
1123580 1556.1
1123590 1556.1
1123600 1562.3
1123610 1567.8
1123620 1567.8
1123630 1572.5
1123640 1576.6
1123650 1580.2
1123660 1580.2
1123670 1584.1
1123680 1587.0
1123690 1587.0
1123700 1590.3
1123710 1594.7
1123720 1594.7
1123730 1600.7
1123740 1607.9
1123750 1607.9
1123760 1615.8
1123770 1623.3
1123780 1623.3
1123790 1636.4
1123800 1656.4
1123810 1656.4
1123820 1663.8
1123830 1666.5
1123840 1686.7
1123850 1693.9
1123860 1703.1
1123870 1703.1
1123880 1710.4
1123890 1721.1
1123900 1725.6
1123910 1725.6
1123920 1731.1
1123930 1741.3
1123940 1741.3
1123950 1751.8
1123960 1758.2
1123970 1758.2
1123980 1760.0
1123990 1763.0
1124000 1763.0
1124010 1765.8
1124020 1766.2
1124030 1766.2
1124040 1770.1
1124050 1777.7
1124060 1777.7
1124070 1781.4
1124080 1784.6
1124090 1784.6
1124100 1782.6
1124110 1786.4
1124120 1786.4
1124130 1797.9
1124140 1805.2
1124150 1805.2
1124160 1812.9
1124170 1819.6
1124180 1825.8
1124190 1830.2
1124200 1836.5
1124210 1842.8
1124220 1842.8
1124230 1849.9
1124240 1855.8
1124250 1855.8
1124260 1861.2
1124270 1864.3
1124280 1864.3
1124290 1865.5
1124300 1870.2
1124310 1870.2
1124320 1874.0
1124330 1880.0
1124340 1880.0
1124350 1886.6
1124360 1892.0
1124370 1892.0
1124380 1894.4
1124390 1901.0
1124400 1901.0
1124410 1906.5
1124420 1910.8
1124430 1915.3
1124440 1915.3
1124450 1920.8
1124460 1924.3
1124470 1924.3
1124480 1926.9
1124490 1929.7
1124500 1929.7
1124510 1934.9
1124520 1939.9
1124530 1939.9
1124540 1945.0
1124550 1957.3
1124560 1957.3
1124570 1960.7
1124580 1966.5
1124590 1966.5
1124600 1970.7
1124610 1983.7
1124620 1983.7
1124630 1999.9
1124640 2011.9
1124650 2011.9
1124660 2014.0
1124670 2001.8
1124680 2001.8
1124690 2000.0
1124700 2005.5
1124710 2010.5
1124720 2010.5
1124730 2023.6
1124740 2036.9
1124750 2036.9
1124760 2047.5
1124770 2053.9
1124780 2053.9
1124790 2053.1
1124800 2047.9
1124810 2047.9
1124820 2042.5
1124830 2044.0
1124840 2044.0
1124850 2047.0
1124860 2052.8
1124870 2052.8
1124880 2052.1
1124890 2045.0
1124900 2056.9
1124910 2055.2
1124920 2053.9
1124930 2053.9
1124940 2050.3
1124950 2046.8
1124960 2045.9
1124970 2045.9
1124980 2042.1
1124990 2036.7
1125000 2036.7
1125010 2035.0
1125020 2032.7
1125030 2032.7
1125040 2023.7
1125050 2014.8
1125060 2014.8
1125070 2010.7
1125080 2015.5
1125090 2015.5
1125100 2025.8
1125110 2034.9
1125120 2034.9
1125130 2036.7
1125140 2039.7
1125150 2039.7
1125160 2043.0
1125170 2042.6
1125180 2042.6
1125190 2036.7
1125200 2043.6
1125210 2051.7
1125220 2051.7
1125230 2054.3
1125240 2051.7
1125250 2061.0
1125260 2056.9
1125270 2052.1
1125280 2052.1
1125290 2038.7
1125300 2021.5
1125310 2021.5
1125320 2010.1
1125330 2001.5
1125340 2001.5
1125350 1994.7
1125360 1994.2
1125370 1994.2
1125380 1996.2
1125390 1989.6
1125400 1989.6
1125410 1973.9
1125420 1967.1
1125430 1967.1
1125440 1964.5
1125450 1960.1
1125460 1960.1
1125470 1953.6
1125480 1947.8
1125490 1943.9
1125500 1943.9
1125510 1938.2
1125520 1930.1
1125530 1930.1
1125540 1925.3
1125550 1928.2
1125560 1928.2
1125570 1927.9
1125580 1927.2
1125590 1927.2
1125600 1935.0
1125610 1945.8
1125620 1945.8
1125630 1946.9
1125640 1946.1
1125650 1946.1
1125660 1943.5
1125670 1937.1
1125680 1937.1
1125690 1930.1
1125700 1927.5
1125710 1927.5
1125720 1923.6
1125730 1918.3
1125740 1912.3
1125750 1912.3
1125760 1911.4
1125770 1907.7
1125780 1907.7
1125790 1909.0
1125800 1916.8
1125810 1916.8
1125820 1920.0
1125830 1921.1
1125840 1921.1
1125850 1926.7
1125860 1936.2
1125870 1936.2
1125880 1944.8
1125890 1949.4
1125900 1949.4
1125910 1947.1
1125920 1944.5
1125930 1944.5
1125940 1942.3
1125950 1940.0
1125960 1942.1
1125970 1938.7
1125980 1934.6
1125990 1934.6
1126000 1929.5
1126010 1922.9
1126020 1915.6
1126030 1915.6
1126040 1908.4
1126050 1902.0
1126060 1902.0
1126070 1894.0
1126080 1888.9
1126090 1888.9
1126100 1892.1
1126110 1898.1
1126120 1898.1
1126130 1903.9
1126140 1897.4
1126150 1897.4
1126160 1892.4
1126170 1889.9
1126180 1889.9
1126190 1888.8
1126200 1886.6
1126210 1886.6
1126220 1880.1
1126230 1876.3
1126240 1876.3
1126250 1870.0
1126260 1866.9
1126270 1868.3
1126280 1868.3
1126290 1866.7
1126300 1863.0
1126310 1863.0
1126320 1864.9
1126330 1863.1
1126340 1863.1
1126350 1860.4
1126360 1858.0
1126370 1858.0
1126380 1860.6
1126390 1865.4
1126400 1865.4
1126410 1851.9
1126420 1844.0
1126430 1844.0
1126440 1842.3
1126450 1840.2
1126460 1840.2
1126470 1836.8
1126480 1833.6
1126490 1833.6
1126500 1833.0
1126510 1829.9
1126520 1829.9
1126530 1826.6
1126540 1822.0
1126550 1817.0
1126560 1817.0
1126570 1813.5
1126580 1812.3
1126590 1812.3
1126600 1809.4
1126610 1808.2
1126620 1808.2
1126630 1804.8
1126640 1801.5
1126650 1801.5
1126660 1799.5
1126670 1800.0
1126680 1800.0
1126690 1795.0
1126700 1789.7
1126710 1789.7
1126720 1784.3
1126730 1779.6
1126740 1779.6
1126750 1776.5
1126760 1774.0
1126770 1774.0
1126780 1771.2
1126790 1770.8
1126800 1770.7
1126810 1770.7
1126820 1769.3
1126830 1766.6
1126840 1766.6
1126850 1762.9
1126860 1759.7
1126870 1759.7
1126880 1757.8
1126890 1756.3
1126900 1756.3
1126910 1753.5
1126920 1750.0
1126930 1750.0
1126940 1745.4
1126950 1741.4
1126960 1741.4
1126970 1737.3
1126980 1733.4
1126990 1733.4
1127000 1729.2
1127010 1724.9
1127020 1724.9
1127030 1725.1
1127040 1719.2
1127050 1719.2
1127060 1715.8
1127070 1713.0
1127080 1711.5
1127090 1711.5
1127100 1710.3
1127110 1706.4
1127120 1706.4
1127130 1704.2
1127140 1702.4
1127150 1702.4
1127160 1701.8
1127170 1699.5
1127180 1699.5
1127190 1697.2
1127200 1695.0
1127210 1695.0
1127220 1692.6
1127230 1689.6
1127240 1689.6
1127250 1686.0
1127260 1681.7
1127270 1681.7
1127280 1677.3
1127290 1673.9
1127300 1673.9
1127310 1670.4
1127320 1666.8
1127330 1663.2
1127340 1663.2
1127350 1659.7
1127360 1657.2
1127370 1657.2
1127380 1656.7
1127390 1657.2
1127400 1657.2
1127410 1657.5
1127420 1657.9
1127430 1657.9
1127440 1658.3
1127450 1658.6
1127460 1658.6
1127470 1658.9
1127480 1659.0
1127490 1659.0
1127500 1658.9
1127510 1658.8
1127520 1658.8
1127530 1658.9
1127540 1659.1
1127550 1659.1
1127560 1659.4
1127570 1659.5
1127580 1659.5
1127590 1659.5
1127600 1659.6
1127610 1659.7
1127620 1659.7
1127630 1659.6
1127640 1659.5
1127650 1659.5
1127660 1659.5
1127670 1659.6
1127680 1659.6
1127690 1659.6
1127700 1659.9
1127710 1659.9
1127720 1660.9
1127730 1661.2
1127740 1659.9
1127750 1660.0
1127760 1660.2
1127770 1660.2
1127780 1660.4
1127790 1661.1
1127800 1661.1
1127810 1661.4
1127820 1661.9
1127830 1661.9
1127840 1662.4
1127850 1662.8
1127860 1662.9
1127870 1662.9
1127880 1663.1
1127890 1663.5
1127900 1663.5
1127910 1663.8
1127920 1666.7
1127930 1666.7
1127940 1671.5
1127950 1674.5
1127960 1674.5
1127970 1675.0
1127980 1675.0
1127990 1675.0
1128000 1676.3
1128010 1679.4
1128020 1679.4
1128030 1682.3
1128040 1684.4
1128050 1684.4
1128060 1686.3
1128070 1688.7
1128080 1688.7
1128090 1692.8
1128100 1693.2
1128110 1697.7
1128120 1697.7
1128130 1701.5
1128140 1706.4
1128150 1706.4
1128160 1712.5
1128170 1719.0
1128180 1719.0
1128190 1725.4
1128200 1731.6
1128210 1731.6
1128220 1738.1
1128230 1744.0
1128240 1744.0
1128250 1749.6
1128260 1754.4
1128270 1754.4
1128280 1758.9
1128290 1763.3
1128300 1763.3
1128310 1767.8
1128320 1771.2
1128330 1771.2
1128340 1776.0
1128350 1779.5
1128360 1779.5
1128370 1781.0
1128380 1783.2
1128390 1786.1
1128400 1786.1
1128410 1788.7
1128420 1790.8
1128430 1790.8
1128440 1794.6
1128450 1792.2
1128460 1792.2
1128470 1795.5
1128480 1798.3
1128490 1798.3
1128500 1801.0
1128510 1803.2
1128520 1803.2
1128530 1805.3
1128540 1807.2
1128550 1807.2
1128560 1809.5
1128570 1812.9
1128580 1812.9
1128590 1816.2
1128600 1819.3
1128610 1819.3
1128620 1822.7
1128630 1826.6
1128640 1830.7
1128650 1830.7
1128660 1835.2
1128670 1837.9
1128680 1837.9
1128690 1840.5
1128700 1842.3
1128710 1842.3
1128720 1843.1
1128730 1842.7
1128740 1842.7
1128750 1842.0
1128760 1840.1
1128770 1840.1
1128780 1836.9
1128790 1835.1
1128800 1835.1
1128810 1830.0
1128820 1831.1
1128830 1831.1
1128840 1833.8
1128850 1837.3
1128860 1837.3
1128870 1841.6
1128880 1844.2
1128890 1844.2
1128900 1846.2
1128910 1848.0
1128920 1850.5
1128930 1850.5
1128940 1853.4
1128950 1855.3
1128960 1855.3
1128970 1857.6
1128980 1861.6
1128990 1861.6
1129000 1868.7
1129010 1873.3
1129020 1873.3
1129030 1876.8
1129040 1880.8
1129050 1880.8
1129060 1884.9
1129070 1889.1
1129080 1889.1
1129090 1890.8
1129100 1893.2
1129110 1893.2
1129120 1899.6
1129130 1906.7
1129140 1906.7
1129150 1908.0
1129160 1903.1
1129170 1889.9
1129180 1889.9
1129190 1887.2
1129200 1884.6
1129210 1884.6
1129220 1882.4
1129230 1881.9
1129240 1881.9
1129250 1883.4
1129260 1885.9
1129270 1885.9
1129280 1888.1
1129290 1890.7
1129300 1890.7
1129310 1893.3
1129320 1896.0
1129330 1896.0
1129340 1899.2
1129350 1901.2
1129360 1901.2
1129370 1903.1
1129380 1905.3
1129390 1905.3
1129400 1907.2
1129410 1909.1
1129420 1911.9
1129430 1911.9
1129440 1914.5
1129450 1916.5
1129460 1916.5
1129470 1918.5
1129480 1920.3
1129490 1920.3
1129500 1922.3
1129510 1925.9
1129520 1925.9
1129530 1923.1
1129540 1927.6
1129550 1927.6
1129560 1933.2
1129570 1939.6
1129580 1939.6
1129590 1945.2
1129600 1951.4
1129610 1951.4
1129620 1955.2
1129630 1960.3
1129640 1960.3
1129650 1965.7
1129660 1969.2
1129670 1969.2
1129680 1971.9
1129690 1975.4
1129700 1977.5
1129710 1977.5
1129720 1979.4
1129730 1981.0
1129740 1981.0
1129750 1983.8
1129760 1987.1
1129770 1987.1
1129780 1989.9
1129790 1990.1
1129800 1990.1
1129810 1987.5
1129820 1987.9
1129830 1987.9
1129840 1988.5
1129850 1988.6
1129860 1988.6
1129870 1986.3
1129880 1984.8
1129890 1981.7
1129900 1982.7
1129910 1982.4
1129920 1982.4
1129930 1980.9
1129940 1979.0
1129950 1973.9
1129960 1973.9
1129970 1964.7
1129980 1956.7
1129990 1956.7
1130000 1949.2
1130010 1942.5
1130020 1942.5
1130030 1937.1
1130040 1931.2
1130050 1931.2
1130060 1925.1
1130070 1921.1
1130080 1921.1
1130090 1916.3
1130100 1914.3
1130110 1914.3
1130120 1911.8
1130130 1910.7
1130140 1910.7
1130150 1912.8
1130160 1913.1
1130170 1913.1
1130180 1913.4
1130190 1916.4
1130200 1916.4
1130210 1919.4
1130220 1922.0
1130230 1923.3
1130240 1923.3
1130250 1919.2
1130260 1920.3
1130270 1920.3
1130280 1922.2
1130290 1923.9
1130300 1923.9
1130310 1926.1
1130320 1928.6
1130330 1928.6
1130340 1931.7
1130350 1935.0
1130360 1935.0
1130370 1938.0
1130380 1941.4
1130390 1941.4
1130400 1943.7
1130410 1943.2
1130420 1943.2
1130430 1943.5
1130440 1945.6
1130450 1945.6
1130460 1949.9
1130470 1951.3
1130480 1950.6
1130490 1950.6
1130500 1952.0
1130510 1954.4
1130520 1954.4
1130530 1957.2
1130540 1957.8
1130550 1957.8
1130560 1952.0
1130570 1943.7
1130580 1943.7
1130590 1935.6
1130600 1928.1
1130610 1920.1
1130620 1910.5
1130630 1898.1
1130640 1898.1
1130650 1884.1
1130660 1869.0
1130670 1869.0
1130680 1854.7
1130690 1846.6
1130700 1846.6
1130710 1838.6
1130720 1832.2
1130730 1832.2
1130740 1826.5
1130750 1820.7
1130760 1816.2
1130770 1816.2
1130780 1811.6
1130790 1807.8
1130800 1807.8
1130810 1804.5
1130820 1800.9
1130830 1800.9
1130840 1796.9
1130850 1792.8
1130860 1792.8
1130870 1788.5
1130880 1784.6
1130890 1784.6
1130900 1780.5
1130910 1776.9
1130920 1776.9
1130930 1773.0
1130940 1767.8
1130950 1767.8
1130960 1763.1
1130970 1755.9
1130980 1755.9
1130990 1755.5
1131000 1755.3
1131010 1753.7
1131020 1753.7
1131030 1750.3
1131040 1744.7
1131050 1744.7
1131060 1740.9
1131070 1740.7
1131080 1740.7
1131090 1738.6
1131100 1737.8
1131110 1737.8
1131120 1742.0
1131130 1742.1
1131140 1742.1
1131150 1740.5
1131160 1738.0
1131170 1738.0
1131180 1736.6
1131190 1737.7
1131200 1737.7
1131210 1737.7
1131220 1737.0
1131230 1737.0
1131240 1735.7
1131250 1734.2
1131260 1734.2
1131270 1732.9
1131280 1732.0
1131290 1732.1
1131300 1732.1
1131310 1733.2
1131320 1734.4
1131330 1731.6
1131340 1733.1
1131350 1731.8
1131360 1731.8
1131370 1730.4
1131380 1727.9
1131390 1727.9
1131400 1723.6
1131410 1718.3
1131420 1718.3
1131430 1714.1
1131440 1709.9
1131450 1709.9
1131460 1704.2
1131470 1698.1
1131480 1698.1
1131490 1692.5
1131500 1685.0
1131510 1685.0
1131520 1677.5
1131530 1670.8
1131540 1663.7
1131550 1663.7
1131560 1656.4
1131570 1649.4
1131580 1649.4
1131590 1643.6
1131600 1638.0
1131610 1638.0
1131620 1632.8
1131630 1627.3
1131640 1627.3
1131650 1622.8
1131660 1618.7
1131670 1618.7
1131680 1614.6
1131690 1606.7
1131700 1606.7
1131710 1600.7
1131720 1596.1
1131730 1596.1
1131740 1592.4
1131750 1586.7
1131760 1586.7
1131770 1581.0
1131780 1575.2
1131790 1571.0
1131800 1571.0
1131810 1566.3
1131820 1561.3
1131830 1561.3
1131840 1557.6
1131850 1554.2
1131860 1554.2
1131870 1550.0
1131880 1544.0
1131890 1544.0
1131900 1537.4
1131910 1531.1
1131920 1531.1
1131930 1525.1
1131940 1519.1
1131950 1519.1
1131960 1513.3
1131970 1507.3
1131980 1507.3
1131990 1501.3
1132000 1495.7
1132010 1495.7
1132020 1490.8
1132030 1486.5
1132040 1486.5
1132050 1485.1
1132060 1481.9
1132070 1479.2
1132080 1479.2
1132090 1478.2
1132100 1474.6
1132110 1474.6
1132120 1466.9
1132130 1459.5
1132140 1459.5
1132150 1456.3
1132160 1450.5
1132170 1450.5
1132180 1445.1
1132190 1439.4
1132200 1439.4
1132210 1433.1
1132220 1428.0
1132230 1428.0
1132240 1421.3
1132250 1414.6
1132260 1414.6
1132270 1410.1
1132280 1409.6
1132290 1409.6
1132300 1408.9
1132310 1406.4
1132320 1401.3
1132330 1401.3
1132340 1399.3
1132350 1397.1
1132360 1397.1
1132370 1394.6
1132380 1392.1
1132390 1392.1
1132400 1389.2
1132410 1378.1
1132420 1378.1
1132430 1372.0
1132440 1363.0
1132450 1363.0
1132460 1353.1
1132470 1343.5
1132480 1343.5
1132490 1338.3
1132500 1336.6
1132510 1336.6
1132520 1337.4
1132530 1338.7
1132540 1338.7
1132550 1341.9
1132560 1351.2
1132570 1351.2
1132580 1361.7
1132590 1368.1
1132600 1373.1
1132610 1373.1
1132620 1378.1
1132630 1383.5
1132640 1383.5
1132650 1388.6
1132660 1392.5
1132670 1392.5
1132680 1395.1
1132690 1397.4
1132700 1397.4
1132710 1398.6
1132720 1400.0
1132730 1400.0
1132740 1402.0
1132750 1404.4
1132760 1404.4
1132770 1409.5
1132780 1411.9
1132790 1411.9
1132800 1413.8
1132810 1415.8
1132820 1415.8
1132830 1415.7
1132840 1416.2
1132850 1416.9
1132860 1416.9
1132870 1418.3
1132880 1419.9
1132890 1419.9
1132900 1422.3
1132910 1424.3
1132920 1424.3
1132930 1425.7
1132940 1428.4
1132950 1428.4
1132960 1434.4
1132970 1440.7
1132980 1440.7
1132990 1449.3
1133000 1457.1
1133010 1457.1
1133020 1465.5
1133030 1474.4
1133040 1474.4
1133050 1482.2
1133060 1488.8
1133070 1488.8
1133080 1493.8
1133090 1496.7
1133100 1496.7
1133110 1500.4
1133120 1504.2
1133130 1507.0
1133140 1507.0
1133150 1509.6
1133160 1513.3
1133170 1513.3
1133180 1518.3
1133190 1522.1
1133200 1522.1
1133210 1524.1
1133220 1524.4
1133230 1524.4
1133240 1523.0
1133250 1521.1
1133260 1521.1
1133270 1520.5
1133280 1521.7
1133290 1521.7
1133300 1524.7
1133310 1530.0
1133320 1530.0
1133330 1537.5
1133340 1543.9
1133350 1543.9
1133360 1551.5
1133370 1559.6
1133380 1567.4
1133390 1567.4
1133400 1575.9
1133410 1583.9
1133420 1583.9
1133430 1591.3
1133440 1598.7
1133450 1598.7
1133460 1605.8
1133470 1612.4
1133480 1612.4
1133490 1617.6
1133500 1624.3
1133510 1624.3
1133520 1631.4
1133530 1638.5
1133540 1638.5
1133550 1644.7
1133560 1650.6
1133570 1650.6
1133580 1657.2
1133590 1664.2
1133600 1664.2
1133610 1670.9
1133620 1677.6
1133630 1684.2
1133640 1684.2
1133650 1691.3
1133660 1698.5
1133670 1698.5
1133680 1706.1
1133690 1715.1
1133700 1715.1
1133710 1726.1
1133720 1738.1
1133730 1738.1
1133740 1745.9
1133750 1752.5
1133760 1752.5
1133770 1761.2
1133780 1768.2
1133790 1768.2
1133800 1772.0
1133810 1776.6
1133820 1776.6
1133830 1781.6
1133840 1787.5
1133850 1787.5
1133860 1792.4
1133870 1793.2
1133880 1793.2
1133890 1794.0
1133900 1798.1
1133910 1803.5
1133920 1803.5
1133930 1809.6
1133940 1814.5
1133950 1814.5
1133960 1816.7
1133970 1819.6
1133980 1819.6
1133990 1824.8
1134000 1830.3
1134010 1830.3
1134020 1836.4
1134030 1843.3
1134040 1843.3
1134050 1849.2
1134060 1853.7
1134070 1853.7
1134080 1858.2
1134090 1862.3
1134100 1862.3
1134110 1867.1
1134120 1873.5
1134130 1873.5
1134140 1879.9
1134150 1886.3
1134160 1892.6
1134170 1892.6
1134180 1898.4
1134190 1904.6
1134200 1904.6
1134210 1911.3
1134220 1920.8
1134230 1920.8
1134240 1927.3
1134250 1934.3
1134260 1934.3
1134270 1941.3
1134280 1948.5
1134290 1948.5
1134300 1968.4
1134310 1990.8
1134320 1990.8
1134330 1997.0
1134340 2003.7
1134350 2003.7
1134360 2010.5
1134370 2017.0
1134380 2017.0
1134390 2023.5
1134400 2030.3
1134410 2030.3
1134420 2036.5
1134430 2042.1
1134440 2047.7
1134450 2047.7
1134460 2054.1
1134470 2060.8
1134480 2060.8
1134490 2067.4
1134500 2075.1
1134510 2075.1
1134520 2083.0
1134530 2090.5
1134540 2090.5
1134550 2097.5
1134560 2104.6
1134570 2104.6
1134580 2110.0
1134590 2117.4
1134600 2117.4
1134610 2124.9
1134620 2133.0
1134630 2133.0
1134640 2140.8
1134650 2147.7
1134660 2147.7
1134670 2155.1
1134680 2161.7
1134690 2168.3
1134700 2168.3
1134710 2175.5
1134720 2183.9
1134730 2183.9
1134740 2193.7
1134750 2204.9
1134760 2204.9
1134770 2219.9
1134780 2233.2
1134790 2233.2
1134800 2241.4
1134810 2248.9
1134820 2248.9
1134830 2258.1
1134840 2266.2
1134850 2266.2
1134860 2276.7
1134870 2288.8
1134880 2288.8
1134890 2296.8
1134900 2304.6
1134910 2304.6
1134920 2310.6
1134930 2316.1
1134940 2322.6
1134950 2319.5
1134960 2326.2
1134970 2332.8
1134980 2332.8
1134990 2339.9
1135000 2346.9
1135010 2346.9
1135020 2353.7
1135030 2361.4
1135040 2361.4
1135050 2366.6
1135060 2361.8
1135070 2361.8
1135080 2352.4
1135090 2341.3
1135100 2341.3
1135110 2331.3
1135120 2323.9
1135130 2323.9
1135140 2315.4
1135150 2306.0
1135160 2306.0
1135170 2298.2
1135180 2295.9
1135190 2295.9
1135200 2291.4
1135210 2281.9
1135220 2265.8
1135230 2265.8
1135240 2250.8
1135250 2236.6
1135260 2236.6
1135270 2222.6
1135280 2212.3
1135290 2212.3
1135300 2207.3
1135310 2213.6
1135320 2213.6
1135330 2211.4
1135340 2208.5
1135350 2208.5
1135360 2204.8
1135370 2200.7
1135380 2200.7
1135390 2197.5
1135400 2195.3
1135410 2195.3
1135420 2192.9
1135430 2190.3
1135440 2190.3
1135450 2188.7
1135460 2188.8
1135470 2191.9
1135480 2191.9
1135490 2193.8
1135500 2194.5
1135510 2194.5
1135520 2199.7
1135530 2206.0
1135540 2206.0
1135550 2212.1
1135560 2218.8
1135570 2218.8
1135580 2227.0
1135590 2235.4
1135600 2235.4
1135610 2243.9
1135620 2255.2
1135630 2255.2
1135640 2270.1
1135650 2286.7
1135660 2286.7
1135670 2305.5
1135680 2315.0
1135690 2315.0
1135700 2324.0
1135710 2331.7
1135720 2331.7
1135730 2325.9
1135740 2317.9
1135750 2311.4
1135760 2311.4
1135770 2304.4
1135780 2298.5
1135790 2298.5
1135800 2293.6
1135810 2288.8
1135820 2288.8
1135830 2283.7
1135840 2278.5
1135850 2278.5
1135860 2273.3
1135870 2268.9
1135880 2268.9
1135890 2265.0
1135900 2261.1
1135910 2261.1
1135920 2255.9
1135930 2250.5
1135940 2250.5
1135950 2245.8
1135960 2242.3
1135970 2242.3
1135980 2239.7
1135990 2236.4
1136000 2233.5
1136010 2233.5
1136020 2231.5
1136030 2228.8
1136040 2222.8
1136050 2220.0
1136060 2216.9
1136070 2216.9
1136080 2214.2
1136090 2211.3
1136100 2211.3
1136110 2208.8
1136120 2207.7
1136130 2207.7
1136140 2205.6
1136150 2203.4
1136160 2203.4
1136170 2201.3
1136180 2199.6
1136190 2199.6
1136200 2198.0
1136210 2196.1
1136220 2196.1
1136230 2193.8
1136240 2191.2
1136250 2191.2
1136260 2187.3
1136270 2181.9
1136280 2176.3
1136290 2176.3
1136300 2172.7
1136310 2170.4
1136320 2170.4
1136330 2169.4
1136340 2167.6
1136350 2167.6
1136360 2163.1
1136370 2156.9
1136380 2156.9
1136390 2151.5
1136400 2142.8
1136410 2142.8
1136420 2138.6
1136430 2132.5
1136440 2132.5
1136450 2122.4
1136460 2111.9
1136470 2111.9
1136480 2102.9
1136490 2095.1
1136500 2095.1
1136510 2089.3
1136520 2084.4
1136530 2080.7
1136540 2080.7
1136550 2075.6
1136560 2070.7
1136570 2070.7
1136580 2066.4
1136590 2062.1
1136600 2062.1
1136610 2057.7
1136620 2052.3
1136630 2052.3
1136640 2046.1
1136650 2040.3
1136660 2040.3
1136670 2034.9
1136680 2030.3
1136690 2030.3
1136700 2025.8
1136710 2021.0
1136720 2021.0
1136730 2017.3
1136740 2014.3
1136750 2014.3
1136760 2011.6
1136770 2004.4
1136780 2000.6
1136790 2000.6
1136800 1996.3
1136810 1993.0
1136820 1993.0
1136830 1989.4
1136840 1987.8
1136850 1987.8
1136860 1989.0
1136870 1989.5
1136880 1989.5
1136890 1986.7
1136900 1982.3
1136910 1982.3
1136920 1978.1
1136930 1974.1
1136940 1974.1
1136950 1970.0
1136960 1959.4
1136970 1959.4
1136980 1945.0
1136990 1931.9
1137000 1931.9
1137010 1923.9
1137020 1915.8
1137030 1915.8
1137040 1908.6
1137050 1903.4
1137060 1897.4
1137070 1897.4
1137080 1890.4
1137090 1883.6
1137100 1883.6
1137110 1878.4
1137120 1873.3
1137130 1873.3
1137140 1870.6
1137150 1866.1
1137160 1866.1
1137170 1860.6
1137180 1855.7
1137190 1855.7
1137200 1852.1
1137210 1848.7
1137220 1848.7
1137230 1845.1
1137240 1839.8
1137250 1839.8
1137260 1832.9
1137270 1827.7
1137280 1827.7
1137290 1825.4
1137300 1824.2
1137310 1823.4
1137320 1823.4
1137330 1822.1
1137340 1820.2
1137350 1820.2
1137360 1817.8
1137370 1815.3
1137380 1815.3
1137390 1813.2
1137400 1810.9
1137410 1810.9
1137420 1808.9
1137430 1807.9
1137440 1807.9
1137450 1807.7
1137460 1807.9
1137470 1807.9
1137480 1810.5
1137490 1812.4
1137500 1808.3
1137510 1807.7
1137520 1804.8
1137530 1804.8
1137540 1801.0
1137550 1797.1
1137560 1797.1
1137570 1793.0
1137580 1788.7
1137590 1783.2
1137600 1783.2
1137610 1771.1
1137620 1762.4
1137630 1762.4
1137640 1755.6
1137650 1742.6
1137660 1742.6
1137670 1731.0
1137680 1716.5
1137690 1716.5
1137700 1700.5
1137710 1688.0
1137720 1688.0
1137730 1678.3
1137740 1671.3
1137750 1671.3
1137760 1665.9
1137770 1660.0
1137780 1660.0
1137790 1653.2
1137800 1646.4
1137810 1646.4
1137820 1640.2
1137830 1629.2
1137840 1619.0
1137850 1619.0
1137860 1611.3
1137870 1600.5
1137880 1600.5
1137890 1593.0
1137900 1586.2
1137910 1586.2
1137920 1579.3
1137930 1571.7
1137940 1571.7
1137950 1564.1
1137960 1556.9
1137970 1556.9
1137980 1550.5
1137990 1544.9
1138000 1544.9
1138010 1538.9
1138020 1533.2
1138030 1533.2
1138040 1527.8
1138050 1522.3
1138060 1522.3
1138070 1517.3
1138080 1512.5
1138090 1512.5
1138100 1507.6
1138110 1503.1
1138120 1498.8
1138130 1498.8
1138140 1494.3
1138150 1489.7
1138160 1489.7
1138170 1485.1
1138180 1480.7
1138190 1480.7
1138200 1476.7
1138210 1473.6
1138220 1473.6
1138230 1471.2
1138240 1464.1
1138250 1464.1
1138260 1460.3
1138270 1456.2
1138280 1456.2
1138290 1452.6
1138300 1449.4
1138310 1449.4
1138320 1446.9
1138330 1444.3
1138340 1444.3
1138350 1442.1
1138360 1440.5
1138370 1438.7
1138380 1438.7
1138390 1437.0
1138400 1435.1
1138410 1435.1
1138420 1432.5
1138430 1429.4
1138440 1429.4
1138450 1425.2
1138460 1422.7
1138470 1422.7
1138480 1420.6
1138490 1418.3
1138500 1418.3
1138510 1418.7
1138520 1421.8
1138530 1421.8
1138540 1427.6
1138550 1434.0
1138560 1434.0
1138570 1434.2
1138580 1432.2
1138590 1432.2
1138600 1434.6
1138610 1428.7
1138620 1423.3
1138630 1423.3
1138640 1420.4
1138650 1423.9
1138660 1423.9
1138670 1423.8
1138680 1423.2
1138690 1423.2
1138700 1422.5
1138710 1421.5
1138720 1421.5
1138730 1417.2
1138740 1416.5
1138750 1416.5
1138760 1419.3
1138770 1424.6
1138780 1424.6
1138790 1429.7
1138800 1431.2
1138810 1431.2
1138820 1432.0
1138830 1431.5
1138840 1431.5
1138850 1427.8
1138860 1424.4
1138870 1424.4
1138880 1421.5
1138890 1418.3
1138900 1415.8
1138910 1415.8
1138920 1413.4
1138930 1410.4
1138940 1410.4
1138950 1408.5
1138960 1406.2
1138970 1411.3
1138980 1410.3
1138990 1410.6
1139000 1410.6
1139010 1410.6
1139020 1410.0
1139030 1410.0
1139040 1410.3
1139050 1410.1
1139060 1410.1
1139070 1409.6
1139080 1408.9
1139090 1408.9
1139100 1408.5
1139110 1407.7
1139120 1407.7
1139130 1406.7
1139140 1406.5
1139150 1406.1
1139160 1406.1
1139170 1405.1
1139180 1404.0
1139190 1404.0
1139200 1402.1
1139210 1403.5
1139220 1403.5
1139230 1407.8
1139240 1413.9
1139250 1413.9
1139260 1421.6
1139270 1426.4
1139280 1426.4
1139290 1426.3
1139300 1424.0
1139310 1424.0
1139320 1422.3
1139330 1421.0
1139340 1431.1
1139350 1428.2
1139360 1425.3
1139370 1425.3
1139380 1422.1
1139390 1419.4
1139400 1419.4
1139410 1418.3
1139420 1417.2
1139430 1416.6
1139440 1416.6
1139450 1416.6
1139460 1416.1
1139470 1416.1
1139480 1414.3
1139490 1413.0
1139500 1413.0
1139510 1412.5
1139520 1412.3
1139530 1412.3
1139540 1412.0
1139550 1410.1
1139560 1410.1
1139570 1407.5
1139580 1405.9
1139590 1405.9
1139600 1408.8
1139610 1410.1
1139620 1410.1
1139630 1410.3
1139640 1410.4
1139650 1410.4
1139660 1409.5
1139670 1409.2
1139680 1409.6
1139690 1409.6
1139700 1410.5
1139710 1419.4
1139720 1419.4
1139730 1419.7
1139740 1419.3
1139750 1419.3
1139760 1418.8
1139770 1418.1
1139780 1418.1
1139790 1417.4
1139800 1417.3
1139810 1417.3
1139820 1416.7
1139830 1415.7
1139840 1415.7
1139850 1414.4
1139860 1414.0
1139870 1414.0
1139880 1413.3
1139890 1411.8
1139900 1411.8
1139910 1410.1
1139920 1408.3
1139930 1406.8
1139940 1406.8
1139950 1405.3
1139960 1403.9
1139970 1403.9
1139980 1402.6
1139990 1401.9
