1120000 2106.4
1120010 2105.3
1120020 2105.3
1120030 2104.7
1120040 2104.8
1120050 2104.8
1120060 2105.0
1120070 2104.8
1120080 2104.8
1120090 2104.4
1120100 2104.7
1120110 2104.7
1120120 2104.7
1120130 2104.3
1120140 2104.3
1120150 2105.0
1120160 2108.0
1120170 2102.1
1120180 2102.7
1120190 2104.1
1120200 2105.5
1120210 2105.5
1120220 2106.7
1120230 2106.6
1120240 2106.6
1120250 2106.9
1120260 2109.9
1120270 2109.9
1120280 2111.8
1120290 2113.6
1120300 2113.6
1120310 2115.3
1120320 2117.4
1120330 2117.4
1120340 2119.8
1120350 2122.4
1120360 2122.4
1120370 2125.2
1120380 2128.0
1120390 2128.0
1120400 2130.5
1120410 2132.9
1120420 2132.9
1120430 2135.8
1120440 2138.7
1120450 2138.7
1120460 2145.1
1120470 2153.6
1120480 2165.4
1120490 2165.4
1120500 2173.4
1120510 2173.3
1120520 2164.3
1120530 2159.2
1120540 2156.6
1120550 2156.6
1120560 2151.3
1120570 2146.2
1120580 2146.2
1120590 2147.1
1120600 2147.9
1120610 2147.9
1120620 2147.8
1120630 2148.7
1120640 2148.7
1120650 2155.5
1120660 2171.7
1120670 2171.7
1120680 2173.7
1120690 2169.6
1120700 2169.6
1120710 2167.8
1120720 2172.0
1120730 2177.1
1120740 2177.1
1120750 2183.6
1120760 2204.3
1120770 2204.3
1120780 2215.2
1120790 2222.3
1120800 2222.3
1120810 2229.5
1120820 2233.1
1120830 2233.1
1120840 2234.1
1120850 2242.1
1120860 2242.1
1120870 2238.3
1120880 2240.7
1120890 2240.7
1120900 2240.6
1120910 2248.1
1120920 2248.1
1120930 2254.6
1120940 2256.4
1120950 2256.4
1120960 2258.6
1120970 2262.7
1120980 2262.7
1120990 2268.4
1121000 2280.1
1121010 2289.4
1121020 2289.4
1121030 2298.4
1121040 2304.3
1121050 2304.3
1121060 2307.8
1121070 2309.2
1121080 2309.2
1121090 2306.2
1121100 2295.8
1121110 2295.8
1121120 2285.3
1121130 2273.0
1121140 2273.0
1121150 2260.5
1121160 2250.0
1121170 2250.0
1121180 2235.0
1121190 2217.9
1121200 2217.9
1121210 2207.6
1121220 2193.7
1121230 2193.7
1121240 2184.9
1121250 2174.7
1121260 2160.6
1121270 2160.6
1121280 2146.4
1121290 2139.8
1121300 2139.8
1121310 2136.2
1121320 2118.0
1121330 2118.0
1121340 2111.4
1121350 2107.0
1121360 2107.0
1121370 2104.4
1121380 2090.4
1121390 2090.4
1121400 2075.1
1121410 2067.0
1121420 2067.0
1121430 2058.6
1121440 2045.5
1121450 2045.5
1121460 2032.2
1121470 2022.4
1121480 2022.4
1121490 2012.6
1121500 2003.3
1121510 2003.3
1121520 1994.1
1121530 1987.8
1121540 1986.7
1121550 1986.7
1121560 1978.8
1121570 1977.1
1121580 1977.1
1121590 1968.5
1121600 1955.9
1121610 1955.9
1121620 1942.3
1121630 1933.4
1121640 1933.4
1121650 1931.1
1121660 1929.4
1121670 1929.4
1121680 1924.5
1121690 1916.3
1121700 1916.3
1121710 1905.1
1121720 1898.3
1121730 1898.3
1121740 1895.3
1121750 1894.6
1121760 1894.6
1121770 1894.3
1121780 1891.5
1121790 1886.7
1121800 1886.7
1121810 1884.9
1121820 1886.1
1121830 1886.1
1121840 1885.1
1121850 1883.7
1121860 1883.7
1121870 1881.4
1121880 1878.9
1121890 1878.9
1121900 1874.8
1121910 1870.2
1121920 1879.4
1121930 1878.3
1121940 1877.3
1121950 1877.3
1121960 1875.7
1121970 1875.9
1121980 1875.9
1121990 1878.7
1122000 1880.5
1122010 1880.5
1122020 1878.6
1122030 1872.5
1122040 1872.5
1122050 1866.4
1122060 1857.4
1122070 1849.3
1122080 1849.3
1122090 1841.3
1122100 1835.4
1122110 1835.4
1122120 1829.3
1122130 1824.6
1122140 1824.6
1122150 1820.2
1122160 1815.5
1122170 1815.5
1122180 1809.8
1122190 1803.1
1122200 1803.1
1122210 1797.3
1122220 1793.0
1122230 1793.0
1122240 1787.8
1122250 1781.2
1122260 1781.2
1122270 1772.3
1122280 1766.4
1122290 1766.4
1122300 1760.8
1122310 1752.7
1122320 1741.3
1122330 1741.3
1122340 1735.8
1122350 1745.4
1122360 1745.4
1122370 1753.1
1122380 1747.2
1122390 1747.2
1122400 1737.7
1122410 1739.0
1122420 1739.0
1122430 1744.2
1122440 1748.2
1122450 1748.2
1122460 1752.8
1122470 1751.9
1122480 1751.9
1122490 1757.1
1122500 1763.8
1122510 1763.8
1122520 1761.8
1122530 1767.4
1122540 1767.4
1122550 1771.4
1122560 1775.0
1122570 1775.0
1122580 1780.5
1122590 1786.5
1122600 1791.5
1122610 1791.5
1122620 1800.8
1122630 1800.4
1122640 1800.4
1122650 1801.1
1122660 1803.4
1122670 1803.4
1122680 1807.5
1122690 1809.4
1122700 1809.4
1122710 1810.9
1122720 1809.5
1122730 1809.5
1122740 1805.6
1122750 1802.7
1122760 1802.7
1122770 1790.1
1122780 1774.8
1122790 1774.8
1122800 1758.5
1122810 1747.1
1122820 1747.1
1122830 1748.1
1122840 1754.3
1122850 1764.6
1122860 1764.6
1122870 1768.7
1122880 1766.6
1122890 1766.6
1122900 1761.3
1122910 1764.8
1122920 1764.8
1122930 1770.3
1122940 1772.7
1122950 1772.7
1122960 1769.5
1122970 1757.1
1122980 1757.1
1122990 1748.2
1123000 1740.3
1123010 1740.3
1123020 1733.9
1123030 1727.6
1123040 1727.6
1123050 1721.9
1123060 1715.5
1123070 1715.5
1123080 1709.3
1123090 1704.2
1123100 1704.2
1123110 1699.4
1123120 1693.7
1123130 1688.3
1123140 1688.3
1123150 1683.2
1123160 1677.7
1123170 1677.7
1123180 1672.4
1123190 1668.1
1123200 1668.1
1123210 1664.5
1123220 1661.3
1123230 1661.3
1123240 1655.6
1123250 1650.0
1123260 1650.0
1123270 1645.0
1123280 1640.3
1123290 1640.3
1123300 1636.2
1123310 1631.8
1123320 1630.7
1123330 1626.3
1123340 1619.8
1123350 1619.8
1123360 1612.8
1123370 1606.5
1123380 1600.0
1123390 1600.0
1123400 1591.8
1123410 1584.2
1123420 1584.2
1123430 1578.3
1123440 1574.1
1123450 1574.1
1123460 1572.5
1123470 1567.5
1123480 1567.5
1123490 1560.6
1123500 1554.7
1123510 1554.7
1123520 1548.4
1123530 1543.2
1123540 1543.2
1123550 1539.1
1123560 1536.0
1123570 1536.0
1123580 1534.4
1123590 1532.4
1123600 1532.4
1123610 1528.1
1123620 1524.1
1123630 1524.1
1123640 1519.7
1123650 1514.5
1123660 1509.3
1123670 1509.3
1123680 1501.1
1123690 1495.2
1123700 1495.2
1123710 1491.1
1123720 1488.6
1123730 1488.6
1123740 1477.5
1123750 1462.7
1123760 1462.7
1123770 1454.3
1123780 1446.7
1123790 1446.7
1123800 1438.6
1123810 1439.6
1123820 1439.6
1123830 1448.5
1123840 1457.6
1123850 1457.6
1123860 1467.6
1123870 1478.0
1123880 1478.0
1123890 1485.9
1123900 1488.7
1123910 1490.9
1123920 1490.9
1123930 1493.2
1123940 1495.5
1123950 1495.5
1123960 1498.3
1123970 1501.3
1123980 1501.3
1123990 1505.7
1124000 1512.5
1124010 1512.5
1124020 1520.1
1124030 1527.9
1124040 1527.9
1124050 1534.3
1124060 1539.2
1124070 1539.2
1124080 1542.2
1124090 1546.0
1124100 1546.0
1124110 1550.7
1124120 1555.6
1124130 1555.6
1124140 1560.5
1124150 1565.7
1124160 1565.7
1124170 1570.3
1124180 1573.4
1124190 1575.9
1124200 1575.9
1124210 1578.1
1124220 1580.4
1124230 1580.4
1124240 1582.8
1124250 1584.8
1124260 1584.8
1124270 1586.8
1124280 1588.1
1124290 1588.1
1124300 1588.7
1124310 1588.8
1124320 1588.8
1124330 1589.0
1124340 1589.2
1124350 1589.2
1124360 1589.9
1124370 1590.2
1124380 1593.9
1124390 1594.8
1124400 1595.4
1124410 1595.4
1124420 1595.3
1124430 1595.5
1124440 1596.2
1124450 1596.2
1124460 1597.7
1124470 1599.7
1124480 1599.7
1124490 1601.1
1124500 1601.8
1124510 1601.8
1124520 1602.1
1124530 1602.3
1124540 1602.3
1124550 1602.7
1124560 1603.1
1124570 1603.1
1124580 1603.0
1124590 1602.5
1124600 1602.5
1124610 1602.5
1124620 1602.7
1124630 1602.7
1124640 1603.4
1124650 1603.7
1124660 1603.7
1124670 1604.2
1124680 1604.3
1124690 1604.3
1124700 1605.4
1124710 1605.8
1124720 1605.7
1124730 1610.8
1124740 1611.0
1124750 1611.6
1124760 1611.6
1124770 1612.7
1124780 1616.1
1124790 1616.1
1124800 1620.0
1124810 1623.9
1124820 1623.9
1124830 1627.9
1124840 1632.8
1124850 1632.8
1124860 1633.9
1124870 1629.7
1124880 1629.7
1124890 1627.0
1124900 1624.5
1124910 1624.5
1124920 1627.9
1124930 1634.3
1124940 1634.3
1124950 1641.3
1124960 1647.9
1124970 1652.7
1124980 1652.7
1124990 1655.2
1125000 1656.7
1125010 1656.7
1125020 1657.9
1125030 1658.4
1125040 1658.4
1125050 1656.2
1125060 1650.6
1125070 1650.6
1125080 1645.1
1125090 1648.7
1125100 1648.7
1125110 1645.7
1125120 1646.0
1125130 1646.0
1125140 1641.1
1125150 1633.9
1125160 1633.9
1125170 1633.3
1125180 1634.3
1125190 1634.3
1125200 1628.5
1125210 1620.6
1125220 1620.6
1125230 1613.9
1125240 1613.0
1125250 1613.1
1125260 1613.1
1125270 1611.2
1125280 1606.4
1125290 1606.4
1125300 1608.1
1125310 1614.2
1125320 1614.2
1125330 1620.4
1125340 1624.8
1125350 1624.8
1125360 1626.2
1125370 1626.4
1125380 1626.4
1125390 1627.7
1125400 1628.5
1125410 1628.5
1125420 1628.6
1125430 1628.5
1125440 1626.0
1125450 1626.8
1125460 1628.2
1125470 1628.2
1125480 1629.1
1125490 1629.4
1125500 1629.2
1125510 1629.2
1125520 1631.5
1125530 1635.0
1125540 1635.0
1125550 1636.5
1125560 1636.5
1125570 1636.5
1125580 1637.7
1125590 1639.4
1125600 1639.4
1125610 1641.0
1125620 1642.5
1125630 1642.5
1125640 1643.6
1125650 1644.8
1125660 1644.8
1125670 1645.4
1125680 1646.3
1125690 1646.3
1125700 1647.0
1125710 1648.1
1125720 1648.1
1125730 1648.9
1125740 1649.3
1125750 1649.3
1125760 1649.2
1125770 1648.7
1125780 1648.9
1125790 1648.9
1125800 1651.6
1125810 1651.8
1125820 1651.8
1125830 1652.7
1125840 1652.9
1125850 1652.9
1125860 1652.6
1125870 1651.6
1125880 1651.6
1125890 1651.6
1125900 1651.5
1125910 1651.5
1125920 1651.0
1125930 1651.3
1125940 1651.3
1125950 1650.5
1125960 1649.4
1125970 1649.4
1125980 1648.8
1125990 1647.8
1126000 1647.8
1126010 1646.6
1126020 1645.4
1126030 1644.6
1126040 1644.6
1126050 1643.9
1126060 1642.9
1126070 1642.9
1126080 1642.0
1126090 1640.5
1126100 1640.5
1126110 1639.3
1126120 1641.1
1126130 1641.1
1126140 1642.8
1126150 1638.4
1126160 1638.4
1126170 1638.7
1126180 1638.8
1126190 1638.8
1126200 1638.8
1126210 1640.7
1126220 1640.7
1126230 1643.9
1126240 1646.3
1126250 1646.3
1126260 1646.7
1126270 1645.5
1126280 1645.5
1126290 1643.4
1126300 1642.3
1126310 1641.2
1126320 1641.2
1126330 1640.0
1126340 1640.0
1126350 1640.0
1126360 1640.1
1126370 1640.3
1126380 1640.3
1126390 1640.4
1126400 1640.5
1126410 1640.5
1126420 1640.8
1126430 1640.7
1126440 1640.7
1126450 1640.8
1126460 1640.9
1126470 1640.9
1126480 1641.1
1126490 1641.3
1126500 1641.3
1126510 1641.2
1126520 1641.2
1126530 1641.2
1126540 1641.3
1126550 1641.6
1126560 1641.7
1126570 1641.7
1126580 1642.0
1126590 1642.3
1126600 1642.3
1126610 1642.5
1126620 1642.7
1126630 1642.7
1126640 1642.9
1126650 1643.3
1126660 1643.3
1126670 1643.8
1126680 1643.7
1126690 1643.7
1126700 1644.3
1126710 1644.7
1126720 1644.7
1126730 1645.4
1126740 1646.3
1126750 1646.3
1126760 1648.2
1126770 1650.8
1126780 1650.8
1126790 1653.2
1126800 1654.9
1126810 1654.9
1126820 1656.5
1126830 1657.1
1126840 1661.3
1126850 1661.3
1126860 1661.0
1126870 1663.2
1126880 1663.2
1126890 1664.2
1126900 1663.6
1126910 1663.6
1126920 1664.6
1126930 1665.5
1126940 1665.5
1126950 1670.6
1126960 1675.7
1126970 1675.7
1126980 1678.8
1126990 1682.0
1127000 1682.0
1127010 1684.5
1127020 1685.9
1127030 1685.9
1127040 1686.6
1127050 1688.6
1127060 1688.6
1127070 1692.4
1127080 1696.3
1127090 1700.0
1127100 1700.0
1127110 1704.5
1127120 1709.2
1127130 1709.2
1127140 1714.8
1127150 1720.7
1127160 1720.7
1127170 1725.1
1127180 1727.2
1127190 1727.2
1127200 1728.6
1127210 1731.1
1127220 1728.9
1127230 1729.6
1127240 1730.1
1127250 1730.1
1127260 1731.4
1127270 1732.1
1127280 1732.1
1127290 1732.9
1127300 1733.6
1127310 1733.6
1127320 1733.0
1127330 1731.6
1127340 1731.6
1127350 1730.5
1127360 1729.4
1127370 1726.8
1127380 1726.8
1127390 1723.4
1127400 1724.3
1127410 1724.3
1127420 1725.6
1127430 1725.2
1127440 1725.2
1127450 1722.9
1127460 1720.9
1127470 1720.9
1127480 1720.8
1127490 1721.4
1127500 1721.4
1127510 1724.7
1127520 1729.2
1127530 1729.2
1127540 1730.4
1127550 1729.1
1127560 1729.1
1127570 1723.8
1127580 1717.8
1127590 1717.8
1127600 1714.0
1127610 1714.9
1127620 1715.8
1127630 1715.8
1127640 1716.3
1127650 1717.1
1127660 1717.1
1127670 1717.5
1127680 1718.5
1127690 1718.5
1127700 1719.8
1127710 1721.1
1127720 1721.1
1127730 1722.7
1127740 1725.3
1127750 1725.3
1127760 1727.4
1127770 1729.6
1127780 1729.6
1127790 1732.0
1127800 1734.6
1127810 1734.6
1127820 1738.6
1127830 1744.2
1127840 1744.2
1127850 1749.1
1127860 1754.6
1127870 1754.6
1127880 1761.6
1127890 1769.0
1127900 1776.6
1127910 1776.6
1127920 1782.9
1127930 1784.1
1127940 1784.1
1127950 1791.8
1127960 1798.5
1127970 1798.5
1127980 1802.5
1127990 1806.5
1128000 1806.5
1128010 1809.0
1128020 1811.7
1128030 1811.7
1128040 1815.1
1128050 1818.5
1128060 1818.5
1128070 1821.3
1128080 1825.0
1128090 1825.0
1128100 1829.1
1128110 1833.9
1128120 1833.9
1128130 1836.2
1128140 1839.5
1128150 1843.9
1128160 1843.9
1128170 1849.4
1128180 1855.9
1128190 1855.9
1128200 1863.4
1128210 1870.5
1128220 1870.5
1128230 1878.8
1128240 1888.2
1128250 1888.2
1128260 1899.1
1128270 1907.0
1128280 1907.0
1128290 1912.1
1128300 1916.3
1128310 1916.3
1128320 1921.6
1128330 1927.9
1128340 1927.9
1128350 1938.7
1128360 1953.5
1128370 1953.5
1128380 1957.9
1128390 1959.7
1128400 1959.7
1128410 1964.2
1128420 1967.8
1128430 1974.9
1128440 1974.9
1128450 1981.2
1128460 1983.5
1128470 1983.5
1128480 1981.4
1128490 1979.9
1128500 1979.9
1128510 1981.8
1128520 1981.9
1128530 1981.9
1128540 1981.9
1128550 1984.9
1128560 1984.9
1128570 1988.7
1128580 1992.7
1128590 1992.7
1128600 1996.8
1128610 2000.9
1128620 2000.9
1128630 2004.7
1128640 2007.2
1128650 2007.2
1128660 2014.0
1128670 2021.5
1128680 2028.7
1128690 2028.7
1128700 2036.4
1128710 2044.1
1128720 2044.1
1128730 2050.7
1128740 2057.2
1128750 2057.2
1128760 2062.9
1128770 2067.6
1128780 2067.6
1128790 2072.7
1128800 2078.3
1128810 2078.3
1128820 2083.6
1128830 2089.6
1128840 2089.6
1128850 2095.2
1128860 2101.4
1128870 2101.4
1128880 2107.9
1128890 2114.3
1128900 2114.3
1128910 2120.1
1128920 2125.4
1128930 2125.4
1128940 2130.6
1128950 2134.7
1128960 2137.8
1128970 2137.8
1128980 2141.4
1128990 2145.8
1129000 2140.7
1129010 2147.1
1129020 2153.1
1129030 2153.1
1129040 2158.7
1129050 2164.3
1129060 2164.3
1129070 2169.5
1129080 2176.9
1129090 2176.9
1129100 2186.5
1129110 2194.3
1129120 2194.3
1129130 2206.1
1129140 2217.5
1129150 2217.5
1129160 2228.3
1129170 2238.7
1129180 2238.7
1129190 2242.8
1129200 2248.8
1129210 2262.0
1129220 2262.0
1129230 2274.0
1129240 2277.0
1129250 2277.0
1129260 2279.1
1129270 2280.6
1129280 2280.6
1129290 2282.1
1129300 2285.6
1129310 2285.6
1129320 2286.9
1129330 2282.1
1129340 2282.1
1129350 2281.2
1129360 2256.5
1129370 2256.5
1129380 2254.5
1129390 2252.5
1129400 2252.5
1129410 2250.4
1129420 2252.3
1129430 2252.3
1129440 2254.5
1129450 2256.6
1129460 2256.6
1129470 2274.1
1129480 2287.5
1129490 2283.0
1129500 2283.0
1129510 2274.4
1129520 2278.3
1129530 2278.3
1129540 2279.8
1129550 2274.8
1129560 2274.8
1129570 2269.5
1129580 2261.0
1129590 2261.0
1129600 2256.3
1129610 2256.2
1129620 2256.2
1129630 2256.4
1129640 2253.9
1129650 2253.9
1129660 2252.5
1129670 2252.3
1129680 2252.3
1129690 2254.8
1129700 2257.8
1129710 2257.8
1129720 2249.0
1129730 2253.6
1129740 2253.9
1129750 2253.9
1129760 2254.5
1129770 2250.7
1129780 2250.7
1129790 2242.3
1129800 2240.1
1129810 2240.1
1129820 2238.4
1129830 2237.2
1129840 2237.2
1129850 2234.1
1129860 2230.9
1129870 2230.9
1129880 2229.5
1129890 2227.9
1129900 2227.9
1129910 2225.6
1129920 2223.2
1129930 2223.2
1129940 2219.1
1129950 2216.0
1129960 2216.0
1129970 2213.6
1129980 2212.5
1129990 2212.5
1130000 2211.8
1130010 2211.5
1130020 2211.7
1130030 2211.7
1130040 2212.9
1130050 2214.6
1130060 2214.6
1130070 2217.2
1130080 2216.3
1130090 2216.3
1130100 2219.4
1130110 2222.0
1130120 2222.0
1130130 2223.7
1130140 2225.0
1130150 2225.0
1130160 2224.0
1130170 2219.2
1130180 2219.2
1130190 2212.9
1130200 2207.0
1130210 2207.0
1130220 2203.8
1130230 2201.1
1130240 2201.1
1130250 2197.5
1130260 2192.9
1130270 2188.7
1130280 2188.7
1130290 2185.9
1130300 2184.3
1130310 2184.3
1130320 2183.9
1130330 2181.8
1130340 2181.8
1130350 2175.6
1130360 2165.4
1130370 2165.4
1130380 2159.0
1130390 2152.3
1130400 2152.3
1130410 2145.2
1130420 2139.2
1130430 2139.2
1130440 2132.1
1130450 2128.2
1130460 2128.2
1130470 2124.1
1130480 2119.6
1130490 2119.6
1130500 2115.6
1130510 2114.8
1130520 2115.1
1130530 2115.1
1130540 2113.9
1130550 2113.6
1130560 2113.6
1130570 2112.3
1130580 2110.8
1130590 2110.8
1130600 2110.8
1130610 2109.5
1130620 2109.5
1130630 2104.4
1130640 2098.7
1130650 2098.7
1130660 2091.6
1130670 2078.1
1130680 2078.1
1130690 2060.6
1130700 2050.9
1130710 2050.9
1130720 2040.2
1130730 2028.3
1130740 2028.3
1130750 2020.7
1130760 2013.0
1130770 2013.0
1130780 2005.7
1130790 1998.1
1130800 1984.2
1130810 1984.2
1130820 1976.2
1130830 1964.7
1130840 1964.7
1130850 1952.2
1130860 1942.2
1130870 1942.2
1130880 1935.2
1130890 1930.0
1130900 1930.0
1130910 1923.2
1130920 1916.1
1130930 1916.1
1130940 1911.3
1130950 1906.3
1130960 1906.3
1130970 1900.1
1130980 1893.7
1130990 1893.7
1131000 1888.5
1131010 1884.2
1131020 1884.2
1131030 1880.6
1131040 1877.9
1131050 1874.4
1131060 1874.4
1131070 1869.7
1131080 1865.1
1131090 1865.1
1131100 1860.7
1131110 1858.3
1131120 1858.3
1131130 1855.8
1131140 1853.6
1131150 1853.6
1131160 1847.6
1131170 1844.8
1131180 1844.8
1131190 1843.1
1131200 1840.6
1131210 1840.6
1131220 1838.4
1131230 1836.4
1131240 1836.4
1131250 1834.2
1131260 1833.3
1131270 1833.3
1131280 1833.5
1131290 1833.1
1131300 1833.1
1131310 1832.3
1131320 1831.0
1131330 1830.0
1131340 1830.0
1131350 1829.4
1131360 1829.2
1131370 1829.2
1131380 1829.0
1131390 1828.4
1131400 1828.4
1131410 1827.8
1131420 1827.4
1131430 1827.4
1131440 1827.5
1131450 1829.1
1131460 1829.1
1131470 1832.4
1131480 1836.6
1131490 1836.6
1131500 1840.2
1131510 1843.2
1131520 1846.9
1131530 1849.0
1131540 1851.6
1131550 1851.6
1131560 1854.0
1131570 1855.9
1131580 1857.2
1131590 1857.2
1131600 1857.7
1131610 1856.9
1131620 1856.9
1131630 1854.4
1131640 1849.2
1131650 1849.2
1131660 1841.9
1131670 1840.1
1131680 1840.1
1131690 1837.6
1131700 1834.7
1131710 1834.7
1131720 1830.5
1131730 1827.6
1131740 1827.6
1131750 1823.6
1131760 1817.2
1131770 1817.2
1131780 1811.6
1131790 1805.3
1131800 1805.3
1131810 1797.9
1131820 1790.6
1131830 1790.6
1131840 1784.4
1131850 1779.1
1131860 1774.5
1131870 1774.5
1131880 1771.4
1131890 1765.3
1131900 1765.3
1131910 1758.7
1131920 1752.0
1131930 1752.0
1131940 1746.1
1131950 1740.5
1131960 1740.5
1131970 1734.1
1131980 1727.8
1131990 1727.8
1132000 1721.7
1132010 1715.3
1132020 1715.3
1132030 1707.2
1132040 1696.9
1132050 1696.9
1132060 1685.0
1132070 1673.3
1132080 1673.3
1132090 1661.0
1132100 1649.4
1132110 1639.3
1132120 1639.3
1132130 1637.5
1132140 1638.8
1132150 1638.8
1132160 1639.1
1132170 1637.6
1132180 1637.6
1132190 1632.2
1132200 1623.6
1132210 1623.6
1132220 1616.2
1132230 1610.8
1132240 1610.4
1132250 1604.3
1132260 1598.8
1132270 1598.8
1132280 1593.6
1132290 1586.9
1132300 1586.9
1132310 1578.4
1132320 1570.7
1132330 1570.7
1132340 1564.7
1132350 1558.3
1132360 1558.3
1132370 1551.0
1132380 1542.4
1132390 1537.1
1132400 1537.1
1132410 1532.8
1132420 1527.6
1132430 1527.6
1132440 1519.2
1132450 1513.8
1132460 1513.8
1132470 1512.2
1132480 1511.9
1132490 1511.9
1132500 1512.8
1132510 1515.8
1132520 1515.8
1132530 1517.2
1132540 1514.6
1132550 1514.6
1132560 1501.4
1132570 1490.9
1132580 1490.9
1132590 1486.4
1132600 1473.1
1132610 1473.1
1132620 1469.9
1132630 1464.8
1132640 1456.3
1132650 1456.3
1132660 1448.1
1132670 1441.4
1132680 1441.4
1132690 1433.4
1132700 1424.9
1132710 1424.9
1132720 1416.6
1132730 1409.1
1132740 1409.1
1132750 1401.0
1132760 1392.5
1132770 1392.5
1132780 1385.6
1132790 1379.2
1132800 1379.2
1132810 1372.2
1132820 1364.3
1132830 1364.3
1132840 1354.3
1132850 1342.9
1132860 1342.9
1132870 1332.0
1132880 1327.1
1132890 1327.1
1132900 1326.5
1132910 1326.6
1132920 1329.3
1132930 1329.3
1132940 1337.6
1132950 1344.8
1132960 1348.2
1132970 1351.9
1132980 1357.5
1132990 1357.5
1133000 1363.6
1133010 1368.5
1133020 1368.5
1133030 1373.4
1133040 1377.6
1133050 1377.6
1133060 1382.3
1133070 1386.5
1133080 1386.5
1133090 1390.8
1133100 1394.1
1133110 1394.1
1133120 1397.4
1133130 1402.1
1133140 1402.1
1133150 1407.6
1133160 1411.7
1133170 1413.2
1133180 1413.2
1133190 1413.3
1133200 1413.3
1133210 1413.3
1133220 1416.3
1133230 1423.1
1133240 1423.1
1133250 1430.7
1133260 1435.5
1133270 1435.5
1133280 1441.2
1133290 1444.9
1133300 1444.9
1133310 1446.3
1133320 1449.3
1133330 1449.3
1133340 1448.7
1133350 1450.3
1133360 1450.3
1133370 1453.2
1133380 1457.5
1133390 1457.5
1133400 1462.6
1133410 1467.4
1133420 1467.4
1133430 1472.3
1133440 1478.1
1133450 1485.3
1133460 1485.3
1133470 1489.8
1133480 1492.2
1133490 1492.2
1133500 1494.6
1133510 1499.3
1133520 1499.3
1133530 1504.5
1133540 1510.6
1133550 1510.6
1133560 1516.5
1133570 1523.3
1133580 1523.3
1133590 1528.3
1133600 1531.9
1133610 1531.9
1133620 1535.8
1133630 1540.0
1133640 1540.0
1133650 1544.5
1133660 1547.2
1133670 1547.2
1133680 1549.2
1133690 1556.8
1133700 1560.2
1133710 1560.2
1133720 1563.9
1133730 1569.0
1133740 1569.0
1133750 1574.3
1133760 1579.2
1133770 1579.2
1133780 1583.3
1133790 1588.5
1133800 1588.5
1133810 1593.8
1133820 1601.6
1133830 1601.6
1133840 1608.1
1133850 1612.8
1133860 1612.8
1133870 1617.6
1133880 1623.1
1133890 1623.1
1133900 1628.3
1133910 1632.9
1133920 1632.9
1133930 1639.3
1133940 1651.6
1133950 1651.6
1133960 1661.1
1133970 1665.6
1133980 1669.7
1133990 1669.7
1134000 1675.2
1134010 1681.5
1134020 1681.5
1134030 1687.6
1134040 1691.4
1134050 1699.6
1134060 1705.9
1134070 1712.7
1134080 1712.7
1134090 1719.3
1134100 1724.7
1134110 1724.7
1134120 1730.5
1134130 1739.0
1134140 1739.0
1134150 1747.9
1134160 1762.7
1134170 1762.7
1134180 1774.6
1134190 1782.6
1134200 1782.6
1134210 1788.9
1134220 1798.6
1134230 1807.0
1134240 1807.0
1134250 1814.7
1134260 1821.2
1134270 1821.2
1134280 1826.1
1134290 1830.2
1134300 1830.2
1134310 1833.9
1134320 1838.3
1134330 1838.3
1134340 1842.1
1134350 1844.8
1134360 1844.8
1134370 1846.7
1134380 1848.9
1134390 1848.9
1134400 1852.6
1134410 1864.6
1134420 1864.6
1134430 1871.6
1134440 1887.3
1134450 1887.3
1134460 1896.3
1134470 1903.0
1134480 1903.0
1134490 1904.1
1134500 1904.0
1134510 1902.8
1134520 1902.8
1134530 1901.1
1134540 1899.3
1134550 1899.3
1134560 1899.1
1134570 1900.4
1134580 1900.4
1134590 1901.4
1134600 1899.0
1134610 1899.0
1134620 1896.4
1134630 1895.3
1134640 1895.3
1134650 1892.3
1134660 1890.1
1134670 1890.1
1134680 1884.2
1134690 1875.7
1134700 1875.7
1134710 1873.7
1134720 1870.5
1134730 1870.5
1134740 1867.9
1134750 1868.6
1134760 1870.5
1134770 1870.5
1134780 1878.0
1134790 1880.6
1134800 1880.6
1134810 1884.5
1134820 1889.9
1134830 1889.9
1134840 1898.8
1134850 1909.9
1134860 1909.9
1134870 1923.0
1134880 1926.3
1134890 1926.3
1134900 1932.5
1134910 1938.9
1134920 1938.9
1134930 1944.2
1134940 1948.4
1134950 1948.4
1134960 1953.1
1134970 1957.1
1134980 1957.1
1134990 1961.2
1135000 1965.5
1135010 1969.2
1135020 1969.2
1135030 1972.7
1135040 1976.6
1135050 1976.6
1135060 1979.3
1135070 1981.1
1135080 1981.1
1135090 1979.6
1135100 1975.4
1135110 1975.4
1135120 1972.7
1135130 1970.9
1135140 1975.1
1135150 1972.4
1135160 1969.9
1135170 1969.9
1135180 1968.8
1135190 1966.5
1135200 1966.5
1135210 1963.1
1135220 1957.4
1135230 1957.4
1135240 1950.5
1135250 1945.8
1135260 1945.8
1135270 1939.9
1135280 1931.0
1135290 1922.5
1135300 1922.5
1135310 1909.8
1135320 1897.5
1135330 1897.5
1135340 1890.9
1135350 1885.9
1135360 1885.9
1135370 1874.6
1135380 1866.8
1135390 1866.8
1135400 1861.3
1135410 1856.1
1135420 1856.1
1135430 1852.3
1135440 1846.7
1135450 1846.7
1135460 1839.7
1135470 1835.2
1135480 1835.2
1135490 1835.8
1135500 1839.3
1135510 1839.3
1135520 1841.7
1135530 1843.8
1135540 1846.4
1135550 1846.4
1135560 1849.6
1135570 1852.3
1135580 1852.3
1135590 1854.1
1135600 1857.0
1135610 1857.0
1135620 1862.1
1135630 1869.1
1135640 1869.1
1135650 1875.6
1135660 1880.4
1135670 1880.4
1135680 1883.5
1135690 1887.8
1135700 1887.8
1135710 1892.8
1135720 1899.0
1135730 1899.0
1135740 1906.6
1135750 1926.2
1135760 1926.2
1135770 1951.0
1135780 1967.2
1135790 1967.2
1135800 1976.6
1135810 1985.8
1135820 1997.7
1135830 1997.7
1135840 2008.2
1135850 2019.3
1135860 2019.3
1135870 2034.0
1135880 2039.8
1135890 2039.8
1135900 2044.2
1135910 2048.5
1135920 2048.5
1135930 2052.4
1135940 2054.7
1135950 2054.7
1135960 2055.9
1135970 2057.9
1135980 2057.9
1135990 2058.6
1136000 2057.9
1136010 2057.9
1136020 2057.9
1136030 2059.2
1136040 2059.2
1136050 2059.6
1136060 2062.4
1136070 2065.7
1136080 2065.7
1136090 2067.1
1136100 2067.3
1136110 2067.3
1136120 2066.3
1136130 2063.0
1136140 2063.0
1136150 2059.6
1136160 2057.7
1136170 2057.7
1136180 2057.3
1136190 2058.4
1136200 2058.4
1136210 2060.2
1136220 2061.4
1136230 2063.7
1136240 2064.5
1136250 2063.6
1136260 2063.6
1136270 2062.5
1136280 2061.5
1136290 2061.5
1136300 2061.4
1136310 2060.5
1136320 2060.5
1136330 2057.6
1136340 2055.6
1136350 2052.7
1136360 2052.7
1136370 2050.9
1136380 2049.4
1136390 2049.4
1136400 2050.6
1136410 2051.9
1136420 2051.9
1136430 2052.5
1136440 2053.2
1136450 2053.2
1136460 2051.7
1136470 2051.1
1136480 2051.1
1136490 2050.5
1136500 2048.9
1136510 2048.9
1136520 2047.6
1136530 2043.5
1136540 2043.5
1136550 2042.7
1136560 2043.8
1136570 2043.8
1136580 2046.1
1136590 2049.3
1136600 2048.5
1136610 2048.5
1136620 2050.7
1136630 2052.0
1136640 2052.0
1136650 2052.2
1136660 2050.6
1136670 2050.6
1136680 2048.3
1136690 2047.6
1136700 2047.6
1136710 2046.5
1136720 2046.7
1136730 2046.7
1136740 2045.0
1136750 2045.6
1136760 2045.6
1136770 2045.9
1136780 2043.6
1136790 2043.6
1136800 2040.3
1136810 2036.2
1136820 2036.2
1136830 2032.7
1136840 2027.9
1136850 2027.9
1136860 2020.3
1136870 2013.6
1136880 2011.1
1136890 2011.1
1136900 2009.3
1136910 2003.6
1136920 2003.6
1136930 1997.7
1136940 1993.2
1136950 1993.2
1136960 1988.7
1136970 1985.9
1136980 1985.9
1136990 1983.6
1137000 1980.0
1137010 1980.0
1137020 1975.2
1137030 1972.5
1137040 1972.5
1137050 1969.2
1137060 1965.7
1137070 1965.7
1137080 1965.4
1137090 1963.5
1137100 1963.5
1137110 1959.0
1137120 1953.4
1137130 1948.0
1137140 1948.0
1137150 1942.4
1137160 1938.7
1137170 1938.7
1137180 1935.2
1137190 1929.2
1137200 1929.2
1137210 1920.1
1137220 1906.7
1137230 1906.7
1137240 1893.8
1137250 1882.1
1137260 1882.1
1137270 1872.2
1137280 1865.3
1137290 1865.3
1137300 1854.7
1137310 1845.3
1137320 1845.3
1137330 1845.6
1137340 1835.7
1137350 1835.7
1137360 1827.0
1137370 1821.8
1137380 1821.8
1137390 1816.5
1137400 1810.2
1137410 1800.4
1137420 1800.4
1137430 1788.1
1137440 1796.0
1137450 1796.0
1137460 1788.6
1137470 1773.3
1137480 1773.3
1137490 1770.9
1137500 1765.7
1137510 1765.7
1137520 1758.1
1137530 1747.8
1137540 1747.8
1137550 1740.5
1137560 1736.2
1137570 1736.2
1137580 1731.4
1137590 1726.1
1137600 1726.1
1137610 1720.1
1137620 1713.4
1137630 1713.4
1137640 1706.3
1137650 1698.9
1137660 1690.7
1137670 1690.7
1137680 1684.8
1137690 1681.0
1137700 1687.4
1137710 1683.4
1137720 1679.9
1137730 1679.9
1137740 1673.6
1137750 1668.2
1137760 1668.2
1137770 1664.5
1137780 1662.3
1137790 1662.3
1137800 1660.0
1137810 1657.1
1137820 1657.1
1137830 1653.0
1137840 1643.7
1137850 1643.7
1137860 1634.1
1137870 1626.1
1137880 1626.1
1137890 1619.7
1137900 1614.7
1137910 1614.7
1137920 1610.0
1137930 1604.8
1137940 1599.5
1137950 1599.5
1137960 1594.4
1137970 1589.6
1137980 1589.6
1137990 1585.1
1138000 1579.3
1138010 1579.3
1138020 1571.8
1138030 1564.9
1138040 1564.9
1138050 1557.3
1138060 1552.6
1138070 1552.6
1138080 1544.1
1138090 1535.4
1138100 1535.4
1138110 1528.3
1138120 1521.7
1138130 1521.7
1138140 1517.0
1138150 1512.7
1138160 1512.7
1138170 1505.5
1138180 1495.6
1138190 1487.8
1138200 1487.8
1138210 1481.4
1138220 1475.2
1138230 1475.2
1138240 1469.6
1138250 1464.2
1138260 1464.2
1138270 1459.0
1138280 1455.3
1138290 1455.3
1138300 1452.1
1138310 1447.5
1138320 1447.5
1138330 1442.0
1138340 1436.5
1138350 1436.5
1138360 1431.4
1138370 1427.0
1138380 1427.0
1138390 1422.3
1138400 1417.8
1138410 1417.8
1138420 1414.8
1138430 1413.4
1138440 1413.4
1138450 1411.1
1138460 1407.3
1138470 1402.4
1138480 1402.4
1138490 1398.7
1138500 1395.3
1138510 1395.3
1138520 1391.9
1138530 1387.7
1138540 1387.7
1138550 1383.3
1138560 1377.7
1138570 1377.7
1138580 1370.2
1138590 1362.9
1138600 1362.9
1138610 1357.7
1138620 1352.8
1138630 1352.8
1138640 1353.9
1138650 1355.4
1138660 1355.4
1138670 1354.8
1138680 1355.7
1138690 1355.7
1138700 1357.0
1138710 1358.0
1138720 1358.7
1138730 1358.7
1138740 1359.3
1138750 1358.8
1138760 1358.8
1138770 1358.4
1138780 1359.2
1138790 1359.2
1138800 1362.8
1138810 1361.6
1138820 1361.6
1138830 1359.6
1138840 1359.0
1138850 1359.0
1138860 1356.9
1138870 1347.4
1138880 1347.4
1138890 1337.5
1138900 1330.6
1138910 1330.6
1138920 1323.3
1138930 1316.5
1138940 1316.5
1138950 1310.1
1138960 1304.7
1138970 1301.6
1138980 1301.6
1138990 1296.1
1139000 1287.6
1139010 1287.6
1139020 1277.1
1139030 1270.9
1139040 1270.9
1139050 1265.5
1139060 1260.7
1139070 1260.7
1139080 1256.2
1139090 1251.5
1139100 1251.5
1139110 1248.6
1139120 1245.8
1139130 1245.8
1139140 1243.8
1139150 1242.2
1139160 1242.2
1139170 1241.6
1139180 1241.2
1139190 1241.2
1139200 1239.8
1139210 1236.1
1139220 1236.1
1139230 1232.3
1139240 1229.2
1139250 1223.0
1139260 1223.0
1139270 1215.2
1139280 1212.6
1139290 1212.6
1139300 1216.0
1139310 1229.3
1139320 1229.3
1139330 1236.3
1139340 1240.2
1139350 1240.2
1139360 1244.3
1139370 1249.8
1139380 1249.8
1139390 1253.6
1139400 1255.5
1139410 1255.5
1139420 1258.8
1139430 1260.5
1139440 1260.5
1139450 1265.3
1139460 1270.4
1139470 1270.4
1139480 1274.1
1139490 1279.1
1139500 1285.5
1139510 1285.5
1139520 1292.0
1139530 1292.9
1139540 1296.3
1139550 1294.6
1139560 1290.9
1139570 1290.9
1139580 1288.6
1139590 1287.8
1139600 1287.8
1139610 1287.7
1139620 1287.9
1139630 1287.9
1139640 1287.1
1139650 1287.9
1139660 1287.9
1139670 1288.6
1139680 1290.6
1139690 1290.6
1139700 1291.2
1139710 1288.3
1139720 1288.3
1139730 1286.1
1139740 1287.9
1139750 1287.9
1139760 1290.7
1139770 1293.3
1139780 1294.0
1139790 1294.0
1139800 1294.9
1139810 1295.7
1139820 1295.7
1139830 1301.0
1139840 1304.9
1139850 1304.9
1139860 1305.7
1139870 1305.8
1139880 1305.8
1139890 1306.3
1139900 1305.7
1139910 1297.9
1139920 1296.4
1139930 1295.2
1139940 1295.2
1139950 1292.8
1139960 1292.4
1139970 1292.4
1139980 1296.5
1139990 1297.6
