1120000 1295.0
1120010 1295.0
1120020 1288.7
1120030 1283.1
1120040 1283.1
1120050 1276.9
1120060 1270.3
1120070 1270.3
1120080 1260.7
1120090 1252.5
1120100 1252.5
1120110 1244.4
1120120 1234.3
1120130 1234.3
1120140 1226.7
1120150 1222.4
1120160 1222.4
1120170 1218.5
1120180 1213.2
1120190 1213.2
1120200 1219.8
1120210 1210.5
1120220 1210.5
1120230 1202.0
1120240 1197.8
1120250 1197.8
1120260 1199.2
1120270 1207.9
1120280 1213.1
1120290 1213.1
1120300 1218.3
1120310 1220.3
1120320 1220.3
1120330 1222.6
1120340 1223.2
1120350 1223.2
1120360 1229.5
1120370 1240.5
1120380 1240.5
1120390 1248.2
1120400 1251.3
1120410 1251.3
1120420 1253.2
1120430 1256.7
1120440 1256.7
1120450 1259.6
1120460 1258.0
1120470 1258.0
1120480 1255.2
1120490 1253.6
1120500 1253.6
1120510 1253.5
1120520 1254.4
1120530 1255.8
1120540 1255.8
1120550 1260.3
1120560 1262.4
1120570 1262.4
1120580 1264.0
1120590 1263.6
1120600 1263.6
1120610 1263.0
1120620 1262.5
1120630 1262.5
1120640 1257.2
1120650 1260.6
1120660 1260.6
1120670 1264.6
1120680 1265.2
1120690 1265.2
1120700 1264.7
1120710 1263.5
1120720 1263.5
1120730 1261.7
1120740 1259.0
1120750 1259.0
1120760 1256.1
1120770 1245.3
1120780 1245.3
1120790 1238.3
1120800 1233.8
1120810 1230.3
1120820 1230.3
1120830 1227.9
1120840 1226.8
1120850 1226.8
1120860 1226.5
1120870 1227.0
1120880 1227.0
1120890 1228.9
1120900 1240.0
1120910 1240.0
1120920 1241.1
1120930 1241.1
1120940 1241.1
1120950 1243.3
1120960 1247.7
1120970 1247.7
1120980 1249.1
1120990 1252.8
1121000 1252.8
1121010 1254.3
1121020 1249.6
1121030 1249.6
1121040 1239.2
1121050 1233.4
1121060 1233.4
1121070 1214.7
1121080 1193.0
1121090 1184.7
1121100 1184.7
1121110 1180.0
1121120 1175.3
1121130 1175.3
1121140 1172.1
1121150 1167.9
1121160 1167.9
1121170 1163.7
1121180 1159.7
1121190 1159.7
1121200 1156.3
1121210 1153.2
1121220 1153.2
1121230 1149.8
1121240 1146.7
1121250 1152.4
1121260 1148.0
1121270 1143.8
1121280 1143.8
1121290 1139.7
1121300 1134.4
1121310 1134.4
1121320 1126.8
1121330 1118.2
1121340 1112.5
1121350 1112.5
1121360 1109.4
1121370 1108.2
1121380 1108.2
1121390 1108.5
1121400 1109.8
1121410 1109.8
1121420 1110.9
1121430 1111.8
1121440 1111.8
1121450 1113.4
1121460 1115.7
1121470 1115.7
1121480 1118.0
1121490 1120.6
1121500 1120.6
1121510 1123.7
1121520 1126.4
1121530 1126.4
1121540 1129.7
1121550 1132.5
1121560 1132.5
1121570 1135.0
1121580 1139.1
1121590 1139.1
1121600 1137.5
1121610 1141.6
1121620 1145.5
1121630 1145.5
1121640 1149.8
1121650 1154.8
1121660 1154.8
1121670 1159.4
1121680 1163.5
1121690 1163.5
1121700 1167.3
1121710 1171.8
1121720 1171.8
1121730 1176.7
1121740 1180.3
1121750 1180.3
1121760 1182.2
1121770 1183.0
1121780 1183.0
1121790 1182.5
1121800 1182.1
1121810 1182.1
1121820 1185.6
1121830 1186.7
1121840 1186.7
1121850 1185.7
1121860 1183.9
1121870 1183.9
1121880 1182.4
1121890 1183.6
1121900 1183.5
1121910 1183.5
1121920 1182.2
1121930 1174.9
1121940 1174.9
1121950 1166.4
1121960 1164.4
1121970 1164.4
1121980 1165.3
1121990 1171.3
1122000 1171.3
1122010 1178.5
1122020 1179.5
1122030 1179.5
1122040 1179.0
1122050 1177.6
1122060 1177.6
1122070 1176.0
1122080 1175.3
1122090 1175.3
1122100 1175.7
1122110 1176.0
1122120 1176.0
1122130 1176.7
1122140 1176.9
1122150 1177.5
1122160 1177.5
1122170 1179.6
1122180 1182.1
1122190 1182.1
1122200 1183.6
1122210 1184.2
1122220 1184.2
1122230 1185.9
1122240 1186.2
1122250 1186.2
1122260 1187.1
1122270 1187.9
1122280 1187.9
1122290 1186.7
1122300 1182.5
1122310 1182.5
1122320 1184.4
1122330 1186.8
1122340 1186.8
1122350 1189.0
1122360 1190.9
1122370 1190.9
1122380 1192.2
1122390 1193.3
1122400 1193.3
1122410 1194.7
1122420 1198.8
1122430 1205.6
1122440 1205.6
1122450 1210.0
1122460 1212.6
1122470 1212.6
1122480 1214.7
1122490 1216.9
1122500 1216.9
1122510 1219.4
1122520 1221.7
1122530 1221.7
1122540 1224.2
1122550 1226.9
1122560 1226.9
1122570 1230.0
1122580 1233.2
1122590 1233.2
1122600 1236.6
1122610 1239.7
1122620 1239.7
1122630 1241.7
1122640 1241.8
1122650 1246.3
1122660 1245.5
1122670 1244.4
1122680 1244.4
1122690 1243.4
1122700 1241.6
1122710 1241.2
1122720 1241.2
1122730 1241.7
1122740 1242.9
1122750 1242.9
1122760 1243.7
1122770 1246.0
1122780 1246.0
1122790 1246.4
1122800 1246.7
1122810 1246.7
1122820 1248.1
1122830 1248.8
1122840 1248.8
1122850 1248.8
1122860 1248.5
1122870 1248.5
1122880 1248.7
1122890 1250.9
1122900 1250.9
1122910 1251.7
1122920 1252.4
1122930 1252.4
1122940 1254.0
1122950 1256.0
1122960 1258.8
1122970 1258.8
1122980 1261.3
1122990 1262.0
1123000 1259.3
1123010 1259.9
1123020 1260.1
1123030 1260.1
1123040 1261.5
1123050 1264.3
1123060 1264.3
1123070 1265.7
1123080 1269.8
1123090 1269.8
1123100 1273.5
1123110 1273.4
1123120 1273.4
1123130 1272.6
1123140 1275.0
1123150 1275.0
1123160 1277.2
1123170 1282.8
1123180 1282.8
1123190 1293.7
1123200 1302.6
1123210 1302.6
1123220 1307.3
1123230 1309.8
1123240 1308.3
1123250 1308.3
1123260 1302.0
1123270 1294.0
1123280 1294.0
1123290 1286.7
1123300 1280.1
1123310 1280.1
1123320 1274.3
1123330 1273.1
1123340 1273.1
1123350 1281.7
1123360 1280.2
1123370 1280.2
1123380 1284.5
1123390 1296.1
1123400 1296.1
1123410 1305.1
1123420 1305.6
1123430 1305.6
1123440 1305.1
1123450 1306.4
1123460 1306.4
1123470 1314.9
1123480 1324.9
1123490 1324.9
1123500 1334.2
1123510 1341.8
1123520 1348.6
1123530 1348.6
1123540 1355.8
1123550 1363.7
1123560 1363.7
1123570 1371.7
1123580 1379.9
1123590 1379.9
1123600 1388.6
1123610 1399.1
1123620 1399.1
1123630 1408.4
1123640 1412.4
1123650 1412.4
1123660 1415.4
1123670 1418.6
1123680 1418.6
1123690 1421.8
1123700 1424.0
1123710 1422.8
1123720 1424.8
1123730 1426.0
1123740 1426.0
1123750 1426.1
1123760 1425.8
1123770 1425.6
1123780 1425.6
1123790 1424.6
1123800 1423.7
1123810 1423.7
1123820 1424.3
1123830 1424.6
1123840 1424.6
1123850 1424.5
1123860 1424.4
1123870 1424.4
1123880 1423.8
1123890 1423.4
1123900 1423.4
1123910 1423.3
1123920 1424.7
1123930 1424.7
1123940 1426.1
1123950 1426.6
1123960 1426.6
1123970 1425.6
1123980 1428.3
1123990 1428.3
1124000 1432.7
1124010 1436.5
1124020 1436.5
1124030 1440.8
1124040 1445.3
1124050 1450.4
1124060 1451.0
1124070 1455.6
1124080 1458.9
1124090 1458.9
1124100 1461.3
1124110 1462.5
1124120 1462.5
1124130 1462.2
1124140 1460.4
1124150 1460.4
1124160 1457.0
1124170 1452.2
1124180 1452.2
1124190 1448.6
1124200 1446.9
1124210 1446.9
1124220 1445.5
1124230 1444.6
1124240 1444.6
1124250 1444.0
1124260 1441.6
1124270 1441.6
1124280 1438.4
1124290 1436.0
1124300 1433.4
1124310 1433.4
1124320 1430.2
1124330 1425.7
1124340 1425.7
1124350 1420.1
1124360 1414.2
1124370 1414.2
1124380 1420.0
1124390 1428.3
1124400 1428.3
1124410 1437.1
1124420 1450.3
1124430 1450.3
1124440 1461.0
1124450 1472.5
1124460 1472.5
1124470 1481.3
1124480 1485.4
1124490 1485.4
1124500 1488.9
1124510 1490.9
1124520 1490.9
1124530 1491.6
1124540 1490.9
1124550 1490.9
1124560 1489.6
1124570 1488.4
1124580 1486.7
1124590 1486.7
1124600 1486.0
1124610 1486.2
1124620 1486.2
1124630 1486.5
1124640 1486.9
1124650 1486.9
1124660 1487.4
1124670 1488.3
1124680 1488.3
1124690 1490.5
1124700 1492.7
1124710 1492.7
1124720 1495.1
1124730 1497.7
1124740 1497.7
1124750 1501.9
1124760 1505.1
1124770 1505.9
1124780 1506.5
1124790 1506.8
1124800 1506.8
1124810 1506.5
1124820 1503.9
1124830 1503.9
1124840 1501.6
1124850 1501.4
1124860 1497.8
1124870 1497.8
1124880 1494.9
1124890 1493.5
1124900 1493.5
1124910 1493.2
1124920 1495.1
1124930 1495.1
1124940 1497.9
1124950 1502.0
1124960 1502.0
1124970 1504.4
1124980 1504.1
1124990 1504.1
1125000 1503.9
1125010 1504.7
1125020 1504.7
1125030 1505.9
1125040 1507.5
1125050 1507.5
1125060 1509.5
1125070 1511.1
1125080 1511.1
1125090 1511.9
1125100 1512.9
1125110 1514.0
1125120 1515.6
1125130 1518.1
1125140 1521.2
1125150 1521.2
1125160 1524.7
1125170 1528.4
1125180 1528.4
1125190 1532.4
1125200 1536.5
1125210 1536.5
1125220 1541.9
1125230 1546.3
1125240 1546.3
1125250 1550.9
1125260 1555.4
1125270 1555.4
1125280 1560.0
1125290 1564.3
1125300 1564.3
1125310 1569.7
1125320 1575.0
1125330 1575.0
1125340 1579.6
1125350 1585.8
1125360 1585.8
1125370 1593.8
1125380 1602.4
1125390 1613.3
1125400 1613.3
1125410 1621.6
1125420 1625.9
1125430 1625.9
1125440 1628.8
1125450 1632.2
1125460 1632.2
1125470 1635.9
1125480 1641.6
1125490 1641.6
1125500 1645.2
1125510 1649.4
1125520 1649.4
1125530 1653.6
1125540 1657.0
1125550 1657.0
1125560 1660.4
1125570 1664.2
1125580 1664.2
1125590 1668.0
1125600 1672.6
1125610 1672.6
1125620 1677.5
1125630 1682.7
1125640 1682.7
1125650 1687.6
1125660 1692.4
1125670 1694.3
1125680 1694.3
1125690 1695.2
1125700 1697.5
1125710 1697.5
1125720 1699.7
1125730 1704.7
1125740 1704.7
1125750 1708.6
1125760 1710.7
1125770 1710.7
1125780 1711.6
1125790 1712.9
1125800 1712.9
1125810 1717.0
1125820 1722.0
1125830 1726.8
1125840 1730.5
1125850 1730.8
1125860 1730.8
1125870 1731.2
1125880 1730.9
1125890 1730.9
1125900 1731.1
1125910 1731.9
1125920 1731.7
1125930 1731.7
1125940 1730.8
1125950 1729.9
1125960 1729.9
1125970 1730.7
1125980 1731.5
1125990 1731.5
1126000 1731.0
1126010 1729.6
1126020 1729.6
1126030 1728.4
1126040 1726.7
1126050 1726.7
1126060 1724.8
1126070 1721.6
1126080 1721.6
1126090 1719.1
1126100 1718.8
1126110 1718.8
1126120 1717.1
1126130 1715.1
1126140 1715.1
1126150 1709.0
1126160 1702.6
1126170 1702.6
1126180 1696.8
1126190 1699.0
1126200 1695.6
1126210 1695.6
1126220 1692.4
1126230 1693.2
1126240 1693.2
1126250 1693.7
1126260 1692.2
1126270 1692.2
1126280 1690.2
1126290 1687.5
1126300 1687.5
1126310 1684.4
1126320 1682.7
1126330 1682.7
1126340 1682.9
1126350 1681.3
1126360 1681.3
1126370 1682.3
1126380 1684.6
1126390 1684.6
1126400 1685.4
1126410 1685.0
1126420 1685.0
1126430 1684.1
1126440 1682.7
1126450 1682.7
1126460 1680.2
1126470 1679.0
1126480 1679.3
1126490 1679.3
1126500 1677.0
1126510 1674.4
1126520 1674.4
1126530 1672.8
1126540 1673.7
1126550 1673.7
1126560 1672.4
1126570 1670.5
1126580 1670.5
1126590 1673.9
1126600 1676.4
1126610 1676.4
1126620 1676.1
1126630 1675.8
1126640 1675.8
1126650 1674.8
1126660 1672.8
1126670 1672.8
1126680 1671.9
1126690 1670.9
1126700 1670.9
1126710 1669.0
1126720 1670.1
1126730 1672.1
1126740 1672.1
1126750 1668.8
1126760 1668.2
1126770 1668.2
1126780 1670.8
1126790 1675.5
1126800 1675.5
1126810 1678.1
1126820 1676.7
1126830 1676.7
1126840 1678.0
1126850 1679.9
1126860 1679.9
1126870 1685.2
1126880 1694.3
1126890 1694.3
1126900 1693.4
1126910 1694.0
1126920 1694.0
1126930 1697.2
1126940 1701.0
1126950 1701.0
1126960 1702.6
1126970 1701.6
1126980 1701.6
1126990 1701.0
1127000 1701.5
1127010 1702.6
1127020 1702.6
1127030 1703.1
1127040 1702.6
1127050 1702.6
1127060 1702.4
1127070 1701.8
1127080 1701.8
1127090 1700.0
1127100 1700.2
1127110 1700.2
1127120 1701.8
1127130 1702.7
1127140 1702.7
1127150 1703.1
1127160 1703.1
1127170 1703.1
1127180 1703.0
1127190 1702.8
1127200 1702.8
1127210 1701.7
1127220 1700.1
1127230 1700.1
1127240 1698.2
1127250 1696.9
1127260 1697.6
1127270 1697.6
1127280 1699.4
1127290 1701.2
1127300 1701.2
1127310 1702.6
1127320 1704.1
1127330 1704.1
1127340 1705.6
1127350 1707.0
1127360 1707.0
1127370 1709.6
1127380 1708.7
1127390 1708.7
1127400 1706.0
1127410 1704.5
1127420 1704.5
1127430 1704.6
1127440 1705.0
1127450 1705.0
1127460 1704.2
1127470 1704.4
1127480 1704.4
1127490 1706.7
1127500 1708.9
1127510 1708.9
1127520 1711.0
1127530 1713.0
1127540 1714.1
1127550 1714.1
1127560 1714.9
1127570 1714.1
1127580 1714.1
1127590 1713.0
1127600 1713.0
1127610 1717.4
1127620 1719.5
1127630 1721.3
1127640 1721.3
1127650 1722.5
1127660 1723.0
1127670 1723.0
1127680 1723.0
1127690 1721.9
1127700 1721.9
1127710 1720.1
1127720 1717.6
1127730 1717.6
1127740 1717.0
1127750 1716.6
1127760 1716.6
1127770 1715.9
1127780 1716.1
1127790 1716.1
1127800 1716.5
1127810 1715.3
1127820 1711.5
1127830 1711.5
1127840 1709.1
1127850 1707.5
1127860 1707.5
1127870 1706.1
1127880 1708.2
1127890 1708.2
1127900 1713.2
1127910 1717.6
1127920 1717.6
1127930 1721.0
1127940 1723.1
1127950 1723.1
1127960 1726.1
1127970 1730.1
1127980 1730.1
1127990 1731.1
1128000 1732.7
1128010 1732.7
1128020 1737.1
1128030 1738.7
1128040 1738.7
1128050 1740.4
1128060 1742.2
1128070 1745.6
1128080 1745.6
1128090 1747.2
1128100 1750.4
1128110 1750.4
1128120 1749.3
1128130 1750.7
1128140 1750.7
1128150 1753.0
1128160 1752.8
1128170 1752.8
1128180 1752.0
1128190 1752.3
1128200 1752.3
1128210 1752.5
1128220 1751.7
1128230 1751.7
1128240 1751.6
1128250 1751.1
1128260 1751.1
1128270 1750.2
1128280 1751.7
1128290 1751.7
1128300 1751.3
1128310 1749.6
1128320 1752.1
1128330 1750.6
1128340 1749.8
1128350 1749.0
1128360 1749.0
1128370 1748.1
1128380 1749.5
1128390 1749.5
1128400 1751.3
1128410 1752.6
1128420 1752.6
1128430 1756.2
1128440 1760.8
1128450 1760.8
1128460 1765.1
1128470 1765.2
1128480 1765.2
1128490 1761.3
1128500 1759.8
1128510 1759.8
1128520 1759.2
1128530 1759.2
1128540 1759.2
1128550 1760.8
1128560 1762.1
1128570 1762.1
1128580 1763.7
1128590 1764.8
1128600 1764.8
1128610 1764.1
1128620 1765.6
1128630 1769.6
1128640 1769.6
1128650 1772.8
1128660 1776.7
1128670 1776.7
1128680 1781.0
1128690 1781.6
1128700 1781.6
1128710 1781.7
1128720 1780.8
1128730 1780.8
1128740 1778.9
1128750 1777.8
1128760 1777.8
1128770 1777.8
1128780 1779.1
1128790 1779.1
1128800 1780.9
1128810 1781.5
1128820 1781.5
1128830 1780.3
1128840 1780.5
1128850 1780.5
1128860 1780.5
1128870 1778.2
1128880 1777.0
1128890 1777.0
1128900 1775.2
1128910 1772.4
1128920 1772.4
1128930 1770.0
1128940 1768.6
1128950 1768.6
1128960 1766.7
1128970 1764.5
1128980 1764.5
1128990 1763.3
1129000 1762.2
1129010 1762.2
1129020 1761.1
1129030 1761.5
1129040 1769.6
1129050 1769.8
1129060 1771.2
1129070 1771.2
1129080 1773.7
1129090 1778.2
1129100 1778.2
1129110 1785.2
1129120 1789.9
1129130 1789.9
1129140 1795.3
1129150 1795.1
1129160 1790.7
1129170 1790.7
1129180 1788.3
1129190 1786.7
1129200 1786.7
1129210 1784.0
1129220 1782.4
1129230 1782.4
1129240 1780.8
1129250 1777.3
1129260 1777.3
1129270 1772.9
1129280 1768.2
1129290 1768.2
1129300 1764.4
1129310 1762.5
1129320 1762.5
1129330 1762.1
1129340 1761.5
1129350 1761.5
1129360 1761.2
1129370 1760.4
1129380 1760.4
1129390 1760.8
1129400 1762.5
1129410 1761.5
1129420 1761.5
1129430 1759.6
1129440 1756.0
1129450 1756.0
1129460 1753.4
1129470 1752.0
1129480 1752.0
1129490 1749.9
1129500 1748.4
1129510 1748.4
1129520 1746.5
1129530 1746.2
1129540 1746.2
1129550 1747.1
1129560 1747.4
1129570 1747.4
1129580 1746.2
1129590 1743.8
1129600 1743.8
1129610 1741.1
1129620 1740.2
1129630 1740.2
1129640 1742.9
1129650 1746.7
1129660 1746.7
1129670 1750.2
1129680 1755.3
1129690 1760.0
1129700 1760.0
1129710 1764.3
1129720 1768.5
1129730 1768.5
1129740 1774.2
1129750 1780.6
1129760 1785.4
1129770 1790.7
1129780 1796.1
1129790 1796.1
1129800 1800.5
1129810 1803.9
1129820 1803.9
1129830 1806.0
1129840 1806.6
1129850 1806.6
1129860 1805.5
1129870 1803.9
1129880 1803.9
1129890 1801.5
1129900 1799.6
1129910 1799.6
1129920 1799.1
1129930 1799.3
1129940 1799.3
1129950 1802.0
1129960 1807.6
1129970 1813.6
1129980 1813.6
1129990 1818.8
1130000 1821.6
1130010 1821.6
1130020 1822.3
1130030 1822.1
1130040 1822.1
1130050 1820.7
1130060 1819.5
1130070 1819.5
1130080 1816.1
1130090 1810.1
1130100 1810.1
1130110 1816.3
1130120 1814.1
1130130 1814.1
1130140 1812.6
1130150 1809.8
1130160 1809.8
1130170 1805.3
1130180 1803.7
1130190 1803.7
1130200 1804.4
1130210 1804.5
1130220 1803.4
1130230 1803.4
1130240 1801.6
1130250 1800.0
1130260 1800.0
1130270 1798.7
1130280 1798.1
1130290 1798.1
1130300 1799.1
1130310 1801.1
1130320 1801.1
1130330 1803.1
1130340 1804.2
1130350 1804.2
1130360 1804.9
1130370 1805.2
1130380 1805.2
1130390 1805.4
1130400 1803.7
1130410 1803.7
1130420 1802.4
1130430 1801.7
1130440 1801.7
1130450 1802.0
1130460 1803.5
1130470 1811.8
1130480 1812.0
1130490 1812.7
1130500 1811.2
1130510 1811.2
1130520 1810.8
1130530 1811.4
1130540 1811.4
1130550 1811.2
1130560 1810.1
1130570 1810.1
1130580 1808.8
1130590 1808.5
1130600 1808.5
1130610 1807.7
1130620 1805.3
1130630 1805.3
1130640 1803.0
1130650 1801.7
1130660 1801.7
1130670 1797.1
1130680 1792.1
1130690 1792.1
1130700 1790.6
1130710 1791.7
1130720 1791.7
1130730 1793.3
1130740 1794.6
1130750 1794.6
1130760 1794.3
1130770 1791.0
1130780 1787.6
1130790 1787.6
1130800 1788.9
1130810 1790.4
1130820 1790.4
1130830 1793.6
1130840 1791.8
1130850 1791.8
1130860 1790.2
1130870 1790.1
1130880 1790.1
1130890 1790.1
1130900 1788.5
1130910 1788.5
1130920 1786.7
1130930 1784.0
1130940 1784.0
1130950 1782.4
1130960 1782.5
1130970 1782.5
1130980 1784.3
1130990 1789.0
1131000 1789.0
1131010 1794.5
1131020 1796.4
1131030 1797.1
1131040 1797.1
1131050 1797.2
1131060 1796.4
1131070 1796.4
1131080 1795.1
1131090 1792.7
1131100 1792.7
1131110 1787.7
1131120 1785.5
1131130 1785.5
1131140 1786.1
1131150 1786.6
1131160 1786.6
1131170 1789.3
1131180 1790.3
1131190 1791.4
1131200 1790.6
1131210 1786.5
1131220 1786.5
1131230 1785.8
1131240 1784.4
1131250 1784.4
1131260 1781.7
1131270 1779.7
1131280 1779.7
1131290 1778.4
1131300 1776.5
1131310 1774.8
1131320 1774.8
1131330 1774.0
1131340 1775.3
1131350 1775.3
1131360 1775.1
1131370 1771.6
1131380 1771.6
1131390 1766.4
1131400 1763.2
1131410 1763.2
1131420 1760.6
1131430 1758.6
1131440 1758.6
1131450 1758.4
1131460 1758.0
1131470 1758.0
1131480 1758.4
1131490 1757.0
1131500 1757.0
1131510 1755.1
1131520 1753.7
1131530 1753.7
1131540 1752.2
1131550 1742.0
1131560 1738.6
1131570 1738.6
1131580 1735.2
1131590 1732.2
1131600 1732.2
1131610 1730.8
1131620 1729.6
1131630 1729.6
1131640 1727.7
1131650 1725.2
1131660 1725.2
1131670 1722.0
1131680 1718.6
1131690 1718.6
1131700 1715.3
1131710 1714.2
1131720 1714.2
1131730 1714.1
1131740 1712.5
1131750 1712.5
1131760 1705.9
1131770 1698.2
1131780 1698.2
1131790 1692.7
1131800 1688.3
1131810 1688.3
1131820 1683.9
1131830 1681.8
1131840 1679.8
1131850 1679.8
1131860 1674.7
1131870 1669.5
1131880 1669.5
1131890 1665.6
1131900 1663.1
1131910 1661.4
1131920 1659.6
1131930 1656.4
1131940 1656.4
1131950 1649.4
1131960 1643.4
1131970 1643.4
1131980 1633.1
1131990 1625.2
1132000 1625.2
1132010 1618.8
1132020 1613.6
1132030 1613.6
1132040 1609.4
1132050 1607.0
1132060 1607.0
1132070 1604.3
1132080 1600.1
1132090 1600.1
1132100 1595.6
1132110 1590.8
1132120 1586.4
1132130 1586.4
1132140 1582.0
1132150 1577.9
1132160 1577.9
1132170 1573.6
1132180 1569.7
1132190 1569.7
1132200 1566.2
1132210 1562.9
1132220 1562.9
1132230 1559.7
1132240 1556.6
1132250 1556.6
1132260 1553.9
1132270 1552.7
1132280 1552.7
1132290 1549.7
1132300 1546.7
1132310 1546.7
1132320 1543.8
1132330 1540.4
1132340 1540.4
1132350 1537.4
1132360 1534.5
1132370 1531.7
1132380 1531.7
1132390 1529.7
1132400 1527.8
1132410 1527.8
1132420 1524.3
1132430 1520.7
1132440 1520.7
1132450 1520.3
1132460 1520.3
1132470 1520.3
1132480 1519.9
1132490 1519.5
1132500 1519.5
1132510 1518.0
1132520 1515.8
1132530 1515.8
1132540 1514.8
1132550 1513.8
1132560 1513.8
1132570 1512.6
1132580 1510.6
1132590 1510.6
1132600 1508.7
1132610 1507.0
1132620 1507.0
1132630 1505.8
1132640 1506.1
1132650 1504.7
1132660 1504.7
1132670 1503.4
1132680 1501.8
1132690 1501.8
1132700 1500.4
1132710 1499.0
1132720 1499.0
1132730 1497.3
1132740 1494.2
1132750 1494.2
1132760 1491.0
1132770 1488.2
1132780 1488.2
1132790 1485.6
1132800 1483.3
1132810 1483.3
1132820 1480.5
1132830 1477.8
1132840 1477.8
1132850 1475.5
1132860 1473.1
1132870 1473.1
1132880 1471.3
1132890 1470.6
1132900 1470.6
1132910 1469.1
1132920 1467.9
1132930 1467.3
1132940 1467.3
1132950 1467.0
1132960 1466.7
1132970 1466.7
1132980 1465.5
1132990 1464.6
1133000 1470.6
1133010 1469.5
1133020 1468.4
1133030 1468.4
1133040 1466.9
1133050 1465.5
1133060 1465.5
1133070 1464.6
1133080 1463.3
1133090 1463.3
1133100 1461.7
1133110 1460.0
1133120 1460.0
1133130 1457.3
1133140 1454.0
1133150 1454.0
1133160 1451.7
1133170 1449.8
1133180 1447.4
1133190 1447.4
1133200 1445.1
1133210 1442.8
1133220 1442.8
1133230 1441.3
1133240 1438.8
1133250 1438.8
1133260 1437.2
1133270 1435.4
1133280 1435.4
1133290 1429.9
1133300 1420.7
1133310 1420.7
1133320 1414.8
1133330 1414.7
1133340 1414.7
1133350 1426.3
1133360 1423.5
1133370 1423.5
1133380 1425.3
1133390 1425.6
1133400 1425.6
1133410 1427.1
1133420 1430.6
1133430 1430.6
1133440 1432.3
1133450 1433.9
1133460 1439.3
1133470 1439.3
1133480 1443.1
1133490 1445.3
1133500 1445.3
1133510 1447.0
1133520 1448.1
1133530 1448.1
1133540 1448.7
1133550 1449.0
1133560 1449.0
1133570 1449.5
1133580 1449.4
1133590 1449.4
1133600 1449.2
1133610 1448.6
1133620 1448.6
1133630 1447.5
1133640 1446.0
1133650 1446.0
1133660 1444.3
1133670 1442.4
1133680 1442.4
1133690 1441.1
1133700 1439.0
1133710 1437.0
1133720 1431.5
1133730 1431.2
1133740 1432.2
1133750 1432.2
1133760 1433.3
1133770 1434.3
1133780 1434.3
1133790 1435.5
1133800 1435.9
1133810 1435.9
1133820 1436.0
1133830 1437.2
1133840 1437.2
1133850 1437.9
1133860 1438.8
1133870 1438.8
1133880 1438.5
1133890 1437.6
1133900 1437.6
1133910 1438.0
1133920 1439.6
1133930 1439.6
1133940 1440.5
1133950 1441.3
1133960 1441.3
1133970 1441.4
1133980 1441.3
1133990 1441.9
1134000 1441.9
1134010 1442.0
1134020 1441.0
1134030 1441.0
1134040 1436.8
1134050 1432.3
1134060 1432.3
1134070 1433.7
1134080 1441.9
1134090 1434.6
1134100 1439.0
1134110 1440.6
1134120 1440.6
1134130 1443.9
1134140 1444.4
1134150 1444.4
1134160 1442.8
1134170 1439.4
1134180 1439.4
1134190 1440.0
1134200 1442.7
1134210 1442.7
1134220 1443.6
1134230 1443.8
1134240 1443.8
1134250 1443.6
1134260 1443.0
1134270 1442.1
1134280 1442.1
1134290 1441.6
1134300 1440.6
1134310 1440.6
1134320 1438.5
1134330 1435.2
1134340 1435.2
1134350 1434.0
1134360 1434.7
1134370 1434.7
1134380 1433.5
1134390 1432.0
1134400 1432.0
1134410 1430.4
1134420 1428.4
1134430 1428.4
1134440 1426.8
1134450 1422.2
1134460 1422.2
1134470 1421.4
1134480 1421.8
1134490 1421.8
1134500 1422.3
1134510 1422.6
1134520 1423.0
1134530 1423.0
1134540 1423.7
1134550 1425.2
1134560 1425.2
1134570 1426.2
1134580 1426.3
1134590 1426.3
1134600 1425.5
1134610 1423.9
1134620 1423.9
1134630 1422.9
1134640 1422.4
1134650 1422.4
1134660 1422.0
1134670 1422.0
1134680 1422.0
1134690 1419.4
1134700 1413.0
1134710 1413.0
1134720 1409.9
1134730 1406.4
1134740 1406.4
1134750 1404.8
1134760 1411.1
1134770 1411.1
1134780 1414.5
1134790 1418.1
1134800 1422.4
1134810 1422.7
1134820 1426.5
1134830 1428.6
1134840 1428.6
1134850 1429.7
1134860 1430.8
1134870 1430.8
1134880 1431.9
1134890 1433.5
1134900 1433.5
1134910 1435.6
1134920 1437.7
1134930 1437.7
1134940 1439.7
1134950 1442.0
1134960 1442.0
1134970 1443.8
1134980 1445.3
1134990 1445.3
1135000 1447.6
1135010 1450.9
1135020 1450.9
1135030 1453.9
1135040 1456.8
1135050 1456.8
1135060 1458.5
1135070 1460.0
1135080 1461.4
1135090 1461.4
1135100 1463.7
1135110 1466.8
1135120 1466.8
1135130 1470.1
1135140 1473.2
1135150 1473.2
1135160 1477.3
1135170 1481.8
1135180 1485.0
1135190 1488.8
1135200 1491.9
1135210 1491.9
1135220 1496.4
1135230 1502.0
1135240 1502.0
1135250 1507.0
1135260 1510.9
1135270 1510.9
1135280 1513.3
1135290 1515.9
1135300 1515.9
1135310 1520.1
1135320 1525.7
1135330 1530.9
1135340 1530.9
1135350 1535.6
1135360 1541.0
1135370 1541.0
1135380 1544.7
1135390 1547.8
1135400 1547.8
1135410 1550.4
1135420 1552.3
1135430 1552.3
1135440 1553.0
1135450 1552.5
1135460 1552.5
1135470 1550.2
1135480 1547.3
1135490 1547.3
1135500 1547.3
1135510 1548.4
1135520 1548.4
1135530 1550.4
1135540 1549.2
1135550 1549.2
1135560 1550.7
1135570 1551.9
1135580 1551.9
1135590 1552.4
1135600 1552.8
1135610 1552.8
1135620 1552.8
1135630 1552.6
1135640 1553.0
1135650 1553.0
1135660 1554.3
1135670 1556.3
1135680 1556.3
1135690 1558.1
1135700 1559.8
1135710 1559.8
1135720 1561.4
1135730 1562.0
1135740 1562.0
1135750 1562.8
1135760 1564.1
1135770 1564.1
1135780 1565.8
1135790 1567.0
1135800 1567.0
1135810 1567.8
1135820 1568.3
1135830 1568.3
1135840 1568.7
1135850 1569.7
1135860 1570.5
1135870 1570.5
1135880 1572.5
1135890 1575.5
1135900 1575.5
1135910 1572.7
1135920 1574.0
1135930 1574.0
1135940 1575.3
1135950 1576.4
1135960 1576.4
1135970 1577.6
1135980 1578.8
1135990 1578.8
1136000 1578.9
1136010 1577.5
1136020 1577.5
1136030 1575.7
1136040 1574.8
1136050 1574.8
1136060 1575.5
1136070 1576.8
1136080 1576.8
1136090 1577.0
1136100 1575.8
1136110 1575.8
1136120 1578.3
1136130 1580.6
1136140 1580.7
1136150 1580.7
1136160 1581.1
1136170 1580.7
1136180 1580.7
1136190 1579.0
1136200 1576.7
1136210 1576.7
1136220 1574.8
1136230 1573.0
1136240 1573.0
1136250 1569.8
1136260 1568.7
1136270 1561.7
1136280 1562.3
1136290 1562.5
1136300 1562.5
1136310 1561.5
1136320 1560.5
1136330 1560.5
1136340 1561.8
1136350 1561.2
1136360 1561.2
1136370 1559.8
1136380 1558.1
1136390 1558.1
1136400 1556.9
1136410 1555.4
1136420 1554.9
1136430 1554.9
1136440 1555.2
1136450 1557.3
1136460 1557.3
1136470 1560.2
1136480 1559.6
1136490 1559.6
1136500 1557.2
1136510 1554.8
1136520 1554.8
1136530 1551.9
1136540 1549.7
1136550 1549.7
1136560 1548.8
1136570 1548.1
1136580 1548.1
1136590 1548.5
1136600 1549.0
1136610 1549.0
1136620 1549.0
1136630 1548.2
1136640 1541.9
1136650 1540.9
1136660 1540.6
1136670 1540.6
1136680 1540.6
1136690 1540.1
1136700 1539.9
1136710 1539.9
1136720 1540.5
1136730 1541.7
1136740 1541.7
1136750 1542.7
1136760 1543.9
1136770 1543.9
1136780 1544.8
1136790 1546.0
1136800 1546.0
1136810 1547.7
1136820 1549.3
1136830 1549.3
1136840 1550.9
1136850 1552.5
1136860 1552.5
1136870 1554.1
1136880 1555.4
1136890 1555.4
1136900 1556.6
1136910 1558.0
1136920 1558.0
1136930 1559.0
1136940 1560.3
1136950 1560.9
1136960 1560.9
1136970 1561.2
1136980 1562.3
1136990 1562.3
1137000 1557.8
1137010 1559.6
1137020 1559.6
1137030 1561.2
1137040 1563.1
1137050 1563.1
1137060 1563.6
1137070 1563.0
1137080 1563.0
1137090 1563.8
1137100 1565.5
1137110 1565.5
1137120 1568.0
1137130 1571.1
1137140 1571.1
1137150 1573.1
1137160 1574.3
1137170 1574.3
1137180 1579.6
1137190 1585.9
1137200 1591.4
1137210 1591.4
1137220 1595.0
1137230 1596.7
1137240 1596.7
1137250 1595.9
1137260 1594.4
1137270 1594.4
1137280 1594.5
1137290 1592.7
1137300 1592.7
1137310 1592.1
1137320 1591.8
1137330 1591.8
1137340 1592.0
1137350 1592.5
1137360 1592.5
1137370 1589.2
1137380 1586.6
1137390 1586.6
1137400 1586.2
1137410 1588.3
1137420 1588.3
1137430 1591.6
1137440 1596.0
1137450 1596.0
1137460 1600.6
1137470 1605.5
1137480 1611.1
1137490 1611.1
1137500 1618.7
1137510 1628.3
1137520 1628.3
1137530 1639.7
1137540 1650.4
1137550 1650.4
1137560 1657.7
1137570 1664.8
1137580 1664.8
1137590 1672.5
1137600 1680.9
1137610 1680.9
1137620 1688.0
1137630 1696.3
1137640 1696.3
1137650 1713.6
1137660 1730.4
1137670 1730.4
1137680 1739.7
1137690 1745.8
1137700 1745.8
1137710 1751.5
1137720 1755.5
1137730 1755.5
1137740 1756.5
1137750 1761.4
1137760 1766.2
1137770 1766.2
1137780 1770.3
1137790 1774.1
1137800 1774.1
1137810 1778.3
1137820 1784.6
1137830 1784.6
1137840 1792.3
1137850 1802.7
1137860 1802.7
1137870 1810.4
1137880 1814.5
1137890 1814.5
1137900 1818.3
1137910 1822.9
1137920 1822.9
1137930 1826.9
1137940 1831.8
1137950 1831.8
1137960 1835.5
1137970 1837.6
1137980 1837.6
1137990 1838.7
1138000 1838.5
1138010 1839.8
1138020 1839.8
1138030 1842.5
1138040 1845.1
1138050 1845.1
1138060 1847.3
1138070 1849.2
1138080 1849.2
1138090 1851.9
1138100 1846.1
1138110 1846.1
1138120 1847.5
1138130 1848.8
1138140 1848.8
1138150 1849.4
1138160 1850.1
1138170 1850.1
1138180 1851.1
1138190 1852.5
1138200 1852.5
1138210 1854.8
1138220 1857.9
1138230 1857.9
1138240 1860.3
1138250 1863.2
1138260 1863.2
1138270 1867.6
1138280 1870.6
1138290 1873.6
1138300 1873.6
1138310 1878.2
1138320 1883.6
1138330 1883.6
1138340 1889.6
1138350 1907.4
1138360 1907.4
1138370 1932.3
1138380 1938.5
1138390 1938.5
1138400 1940.7
1138410 1942.8
1138420 1942.8
1138430 1941.2
1138440 1940.1
1138450 1940.1
1138460 1942.1
1138470 1934.6
1138480 1934.6
1138490 1936.0
1138500 1940.9
1138510 1940.9
1138520 1952.7
1138530 1961.6
1138540 1968.3
1138550 1968.3
1138560 1970.9
1138570 1975.6
1138580 1975.6
1138590 1979.5
1138600 1978.1
1138610 1978.1
1138620 1967.6
1138630 1968.2
1138640 1968.2
1138650 1979.2
1138660 1988.8
1138670 1988.8
1138680 1994.4
1138690 1995.6
1138700 1995.6
1138710 1995.4
1138720 1995.2
1138730 1995.2
1138740 1993.6
1138750 1991.1
1138760 1991.1
1138770 1990.1
1138780 1990.9
1138790 1990.9
1138800 1990.4
1138810 1990.3
1138820 1992.1
1138830 1992.1
1138840 1986.6
1138850 1989.4
1138860 1989.4
1138870 1992.2
1138880 1995.5
1138890 1995.5
1138900 2000.2
1138910 2004.9
1138920 2004.9
1138930 2007.6
1138940 2009.5
1138950 2009.5
1138960 2013.0
1138970 2017.5
1138980 2017.5
1138990 2022.7
1139000 2026.5
1139010 2026.5
1139020 2027.2
1139030 2026.5
1139040 2026.5
1139050 2028.0
1139060 2030.8
1139070 2030.8
1139080 2034.6
1139090 2036.8
1139100 2037.7
1139110 2037.7
1139120 2037.8
1139130 2038.1
1139140 2038.1
1139150 2040.6
1139160 2045.7
1139170 2045.7
1139180 2049.4
1139190 2051.5
1139200 2051.5
1139210 2048.6
1139220 2052.0
1139230 2052.0
1139240 2058.8
1139250 2063.4
1139260 2063.4
1139270 2064.2
1139280 2066.4
1139290 2066.4
1139300 2068.4
1139310 2071.6
1139320 2071.6
1139330 2073.5
1139340 2076.0
1139350 2076.8
1139360 2076.8
1139370 2078.7
1139380 2081.3
1139390 2081.3
1139400 2082.2
1139410 2082.7
1139420 2082.7
1139430 2082.1
1139440 2081.5
1139450 2081.5
1139460 2080.1
1139470 2078.7
1139480 2078.7
1139490 2077.4
1139500 2075.1
1139510 2075.1
1139520 2076.7
1139530 2078.3
1139540 2078.3
1139550 2079.4
1139560 2083.7
1139570 2083.7
1139580 2089.5
1139590 2096.8
1139600 2096.8
1139610 2100.6
1139620 2102.2
1139630 2103.8
1139640 2103.8
1139650 2105.9
1139660 2108.6
1139670 2108.6
1139680 2109.5
1139690 2110.6
1139700 2110.6
1139710 2111.7
1139720 2113.3
1139730 2113.3
1139740 2116.5
1139750 2119.5
1139760 2119.5
1139770 2122.5
1139780 2124.9
1139790 2124.9
1139800 2127.6
1139810 2128.5
1139820 2128.5
1139830 2128.4
1139840 2127.8
1139850 2127.8
1139860 2126.9
1139870 2124.5
1139880 2120.5
1139890 2120.5
1139900 2117.4
1139910 2115.7
1139920 2115.7
1139930 2114.2
1139940 2112.0
1139950 2110.1
1139960 2107.7
1139970 2105.1
1139980 2105.1
1139990 2102.1
