1120000 1133.2
1120010 1120.3
1120020 1120.3
1120030 1131.5
1120040 1119.2
1120050 1119.2
1120060 1108.9
1120070 1096.5
1120080 1096.5
1120090 1086.7
1120100 1075.8
1120110 1075.8
1120120 1064.2
1120130 1057.4
1120140 1057.4
1120150 1052.1
1120160 1047.2
1120170 1047.2
1120180 1044.0
1120190 1038.2
1120200 1038.2
1120210 1034.6
1120220 1031.8
1120230 1026.9
1120240 1026.9
1120250 1026.4
1120260 1025.4
1120270 1025.4
1120280 1024.2
1120290 1024.9
1120300 1024.9
1120310 1032.0
1120320 1044.8
1120330 1044.8
1120340 1056.5
1120350 1065.6
1120360 1065.6
1120370 1072.4
1120380 1080.5
1120390 1080.5
1120400 1087.9
1120410 1091.5
1120420 1091.5
1120430 1095.4
1120440 1103.0
1120450 1103.0
1120460 1110.2
1120470 1117.2
1120480 1117.2
1120490 1122.7
1120500 1128.2
1120510 1143.5
1120520 1143.5
1120530 1161.4
1120540 1172.3
1120550 1172.3
1120560 1178.9
1120570 1188.3
1120580 1188.3
1120590 1199.4
1120600 1206.4
1120610 1206.4
1120620 1232.4
1120630 1250.1
1120640 1250.1
1120650 1264.3
1120660 1275.7
1120670 1275.7
1120680 1284.6
1120690 1293.7
1120700 1293.7
1120710 1303.0
1120720 1314.9
1120730 1314.9
1120740 1326.8
1120750 1335.6
1120760 1343.6
1120770 1343.6
1120780 1352.2
1120790 1361.8
1120800 1361.8
1120810 1369.2
1120820 1379.0
1120830 1379.0
1120840 1401.3
1120850 1410.1
1120860 1410.1
1120870 1412.0
1120880 1412.9
1120890 1412.9
1120900 1412.1
1120910 1412.8
1120920 1412.8
1120930 1415.9
1120940 1418.2
1120950 1418.2
1120960 1420.7
1120970 1424.2
1120980 1421.5
1120990 1425.1
1121000 1427.7
1121010 1427.7
1121020 1430.7
1121030 1434.2
1121040 1438.2
1121050 1438.2
1121060 1443.3
1121070 1449.3
1121080 1449.3
1121090 1456.2
1121100 1462.9
1121110 1462.9
1121120 1470.8
1121130 1498.7
1121140 1498.7
1121150 1511.8
1121160 1521.7
1121170 1521.7
1121180 1529.7
1121190 1537.2
1121200 1537.2
1121210 1544.3
1121220 1550.8
1121230 1550.8
1121240 1555.5
1121250 1559.1
1121260 1559.1
1121270 1561.6
1121280 1565.6
1121290 1565.6
1121300 1568.7
1121310 1570.7
1121320 1573.4
1121330 1568.1
1121340 1572.6
1121350 1575.9
1121360 1575.9
1121370 1577.1
1121380 1577.0
1121390 1577.0
1121400 1576.1
1121410 1576.0
1121420 1576.0
1121430 1577.8
1121440 1581.6
1121450 1581.6
1121460 1586.5
1121470 1590.5
1121480 1590.5
1121490 1594.8
1121500 1599.3
1121510 1599.3
1121520 1603.1
1121530 1607.7
1121540 1607.7
1121550 1611.5
1121560 1615.7
1121570 1615.7
1121580 1619.6
1121590 1624.0
1121600 1628.9
1121610 1628.9
1121620 1633.5
1121630 1638.0
1121640 1638.0
1121650 1643.0
1121660 1647.9
1121670 1647.9
1121680 1649.4
1121690 1654.2
1121700 1654.2
1121710 1658.4
1121720 1663.2
1121730 1663.2
1121740 1667.0
1121750 1672.7
1121760 1672.7
1121770 1677.9
1121780 1683.4
1121790 1683.4
1121800 1692.7
1121810 1718.6
1121820 1718.6
1121830 1733.5
1121840 1739.6
1121850 1739.8
1121860 1739.8
1121870 1739.5
1121880 1737.0
1121890 1737.0
1121900 1731.1
1121910 1722.1
1121920 1722.1
1121930 1710.0
1121940 1705.7
1121950 1705.7
1121960 1702.2
1121970 1698.6
1121980 1698.6
1121990 1695.7
1122000 1694.0
1122010 1694.0
1122020 1691.5
1122030 1680.0
1122040 1680.0
1122050 1676.1
1122060 1670.5
1122070 1670.5
1122080 1663.7
1122090 1657.4
1122100 1657.4
1122110 1658.2
1122120 1659.3
1122130 1656.4
1122140 1656.4
1122150 1658.3
1122160 1662.6
1122170 1662.6
1122180 1664.9
1122190 1667.1
1122200 1667.1
1122210 1672.1
1122220 1676.1
1122230 1676.1
1122240 1676.6
1122250 1676.1
1122260 1676.1
1122270 1676.4
1122280 1677.3
1122290 1677.3
1122300 1677.2
1122310 1674.9
1122320 1674.9
1122330 1671.1
1122340 1664.2
1122350 1664.2
1122360 1656.5
1122370 1650.5
1122380 1650.5
1122390 1635.3
1122400 1628.7
1122410 1621.3
1122420 1621.3
1122430 1610.6
1122440 1603.2
1122450 1603.2
1122460 1606.5
1122470 1612.2
1122480 1612.2
1122490 1612.0
1122500 1609.2
1122510 1609.2
1122520 1606.0
1122530 1602.4
1122540 1602.4
1122550 1598.5
1122560 1594.7
1122570 1594.7
1122580 1591.5
1122590 1586.3
1122600 1586.3
1122610 1583.2
1122620 1583.3
1122630 1583.3
1122640 1580.9
1122650 1578.0
1122660 1574.2
1122670 1574.2
1122680 1570.1
1122690 1567.7
1122700 1567.7
1122710 1565.6
1122720 1562.5
1122730 1562.5
1122740 1551.8
1122750 1548.3
1122760 1548.3
1122770 1544.7
1122780 1535.8
1122790 1535.8
1122800 1523.8
1122810 1515.0
1122820 1515.0
1122830 1514.8
1122840 1516.9
1122850 1516.9
1122860 1516.2
1122870 1520.5
1122880 1520.5
1122890 1520.6
1122900 1520.2
1122910 1520.2
1122920 1519.6
1122930 1519.2
1122940 1520.2
1122950 1520.2
1122960 1520.1
1122970 1520.7
1122980 1520.7
1122990 1521.5
1123000 1520.8
1123010 1520.8
1123020 1518.6
1123030 1516.4
1123040 1516.4
1123050 1521.0
1123060 1527.0
1123070 1527.0
1123080 1533.6
1123090 1543.9
1123100 1543.9
1123110 1551.3
1123120 1558.0
1123130 1558.0
1123140 1564.0
1123150 1570.2
1123160 1570.2
1123170 1575.4
1123180 1583.3
1123190 1583.3
1123200 1591.4
1123210 1599.3
1123220 1604.5
1123230 1604.5
1123240 1606.2
1123250 1608.3
1123260 1608.3
1123270 1611.5
1123280 1616.0
1123290 1616.0
1123300 1619.9
1123310 1623.1
1123320 1623.1
1123330 1627.0
1123340 1631.8
1123350 1631.8
1123360 1635.5
1123370 1642.1
1123380 1642.1
1123390 1648.0
1123400 1650.3
1123410 1650.3
1123420 1654.6
1123430 1662.5
1123440 1663.0
1123450 1669.7
1123460 1677.4
1123470 1677.4
1123480 1685.3
1123490 1692.8
1123500 1700.4
1123510 1700.4
1123520 1707.1
1123530 1713.4
1123540 1713.4
1123550 1720.7
1123560 1728.2
1123570 1728.2
1123580 1732.7
1123590 1738.2
1123600 1738.2
1123610 1745.9
1123620 1752.8
1123630 1752.8
1123640 1757.3
1123650 1761.5
1123660 1761.5
1123670 1766.9
1123680 1773.1
1123690 1773.1
1123700 1780.2
1123710 1787.4
1123720 1787.4
1123730 1795.5
1123740 1805.0
1123750 1815.0
1123760 1815.0
1123770 1825.5
1123780 1834.9
1123790 1838.4
1123800 1843.7
1123810 1848.8
1123820 1848.8
1123830 1853.3
1123840 1858.2
1123850 1858.2
1123860 1863.4
1123870 1868.4
1123880 1868.4
1123890 1872.7
1123900 1875.9
1123910 1875.9
1123920 1878.9
1123930 1882.0
1123940 1882.0
1123950 1884.3
1123960 1886.7
1123970 1886.7
1123980 1890.9
1123990 1895.8
1124000 1895.8
1124010 1900.7
1124020 1905.8
1124030 1910.9
1124040 1910.9
1124050 1914.2
1124060 1915.1
1124070 1915.1
1124080 1914.4
1124090 1914.7
1124100 1914.7
1124110 1922.6
1124120 1930.5
1124130 1930.5
1124140 1931.3
1124150 1924.6
1124160 1924.6
1124170 1922.1
1124180 1922.8
1124190 1922.8
1124200 1929.6
1124210 1933.2
1124220 1933.2
1124230 1932.8
1124240 1935.2
1124250 1935.2
1124260 1933.8
1124270 1929.6
1124280 1929.6
1124290 1927.3
1124300 1931.8
1124310 1934.9
1124320 1934.9
1124330 1936.4
1124340 1936.5
1124350 1936.5
1124360 1937.1
1124370 1941.5
1124380 1941.5
1124390 1946.6
1124400 1951.0
1124410 1951.0
1124420 1952.7
1124430 1952.4
1124440 1952.4
1124450 1952.5
1124460 1953.2
1124470 1953.2
1124480 1954.0
1124490 1953.4
1124500 1947.6
1124510 1951.5
1124520 1953.7
1124530 1953.7
1124540 1956.5
1124550 1958.6
1124560 1958.6
1124570 1957.9
1124580 1953.4
1124590 1956.2
1124600 1956.2
1124610 1956.3
1124620 1957.6
1124630 1957.6
1124640 1961.3
1124650 1961.8
1124660 1961.8
1124670 1960.7
1124680 1960.4
1124690 1960.4
1124700 1961.7
1124710 1962.9
1124720 1962.9
1124730 1962.2
1124740 1966.3
1124750 1966.3
1124760 1971.6
1124770 1971.5
1124780 1971.5
1124790 1967.7
1124800 1969.6
1124810 1969.6
1124820 1971.8
1124830 1972.0
1124840 1971.3
1124850 1965.6
1124860 1964.6
1124870 1965.4
1124880 1965.4
1124890 1967.4
1124900 1969.4
1124910 1969.4
1124920 1970.5
1124930 1970.5
1124940 1970.5
1124950 1969.2
1124960 1966.7
1124970 1966.7
1124980 1963.1
1124990 1964.0
1125000 1964.0
1125010 1964.9
1125020 1964.9
1125030 1964.9
1125040 1965.0
1125050 1965.1
1125060 1965.1
1125070 1964.1
1125080 1966.1
1125090 1966.1
1125100 1968.8
1125110 1969.9
1125120 1969.6
1125130 1969.6
1125140 1969.9
1125150 1970.0
1125160 1970.0
1125170 1971.4
1125180 1974.0
1125190 1974.0
1125200 1977.4
1125210 1972.8
1125220 1972.8
1125230 1972.6
1125240 1974.2
1125250 1974.2
1125260 1977.3
1125270 1977.3
1125280 1977.3
1125290 1976.2
1125300 1974.5
1125310 1974.5
1125320 1971.9
1125330 1971.0
1125340 1971.0
1125350 1968.2
1125360 1961.7
1125370 1961.7
1125380 1954.4
1125390 1948.7
1125400 1949.8
1125410 1949.8
1125420 1950.1
1125430 1946.3
1125440 1946.3
1125450 1938.3
1125460 1937.0
1125470 1937.0
1125480 1936.6
1125490 1932.3
1125500 1932.3
1125510 1931.5
1125520 1937.2
1125530 1937.2
1125540 1937.7
1125550 1930.1
1125560 1923.3
1125570 1916.5
1125580 1909.9
1125590 1909.9
1125600 1902.6
1125610 1895.8
1125620 1895.8
1125630 1892.2
1125640 1896.4
1125650 1897.6
1125660 1897.6
1125670 1900.4
1125680 1906.3
1125690 1906.3
1125700 1905.1
1125710 1898.6
1125720 1898.6
1125730 1893.2
1125740 1895.9
1125750 1895.9
1125760 1900.8
1125770 1902.5
1125780 1902.5
1125790 1902.9
1125800 1902.1
1125810 1902.1
1125820 1899.8
1125830 1893.2
1125840 1893.2
1125850 1891.5
1125860 1893.7
1125870 1893.7
1125880 1891.9
1125890 1889.1
1125900 1889.1
1125910 1888.4
1125920 1879.7
1125930 1881.1
1125940 1881.1
1125950 1880.7
1125960 1880.6
1125970 1880.6
1125980 1880.0
1125990 1879.8
1126000 1879.8
1126010 1879.4
1126020 1879.1
1126030 1879.1
1126040 1878.7
1126050 1878.3
1126060 1878.3
1126070 1877.0
1126080 1878.6
1126090 1878.6
1126100 1881.3
1126110 1884.5
1126120 1884.5
1126130 1886.4
1126140 1888.6
1126150 1888.6
1126160 1891.2
1126170 1893.8
1126180 1893.8
1126190 1898.5
1126200 1907.4
1126210 1915.1
1126220 1915.1
1126230 1921.3
1126240 1926.4
1126250 1926.4
1126260 1930.7
1126270 1930.5
1126280 1930.5
1126290 1932.3
1126300 1933.4
1126310 1933.4
1126320 1935.1
1126330 1936.9
1126340 1936.9
1126350 1938.1
1126360 1938.4
1126370 1938.4
1126380 1937.7
1126390 1935.6
1126400 1935.6
1126410 1931.8
1126420 1927.4
1126430 1927.4
1126440 1924.4
1126450 1921.6
1126460 1921.6
1126470 1918.9
1126480 1917.2
1126490 1915.4
1126500 1915.4
1126510 1913.6
1126520 1911.9
1126530 1911.9
1126540 1910.1
1126550 1908.1
1126560 1908.1
1126570 1905.9
1126580 1905.3
1126590 1905.3
1126600 1903.2
1126610 1900.8
1126620 1900.8
1126630 1900.9
1126640 1902.4
1126650 1902.4
1126660 1902.5
1126670 1902.4
1126680 1902.4
1126690 1902.0
1126700 1901.9
1126710 1901.9
1126720 1902.1
1126730 1900.5
1126740 1897.6
1126750 1897.6
1126760 1894.8
1126770 1891.5
1126780 1891.5
1126790 1888.9
1126800 1889.6
1126810 1889.6
1126820 1886.1
1126830 1884.5
1126840 1884.5
1126850 1882.5
1126860 1880.1
1126870 1880.1
1126880 1877.3
1126890 1874.8
1126900 1874.8
1126910 1871.9
1126920 1868.2
1126930 1868.2
1126940 1865.1
1126950 1863.3
1126960 1863.3
1126970 1861.3
1126980 1855.8
1126990 1855.8
1127000 1852.6
1127010 1851.4
1127020 1849.5
1127030 1849.5
1127040 1846.5
1127050 1843.0
1127060 1843.0
1127070 1839.3
1127080 1838.8
1127090 1838.8
1127100 1837.1
1127110 1835.1
1127120 1835.1
1127130 1832.6
1127140 1829.8
1127150 1829.8
1127160 1827.0
1127170 1823.8
1127180 1823.8
1127190 1819.4
1127200 1817.9
1127210 1817.9
1127220 1815.9
1127230 1813.2
1127240 1813.2
1127250 1810.0
1127260 1805.4
1127270 1805.4
1127280 1802.9
1127290 1802.4
1127300 1801.4
1127310 1801.4
1127320 1802.2
1127330 1800.5
1127340 1798.6
1127350 1796.2
1127360 1797.9
1127370 1797.9
1127380 1801.4
1127390 1804.9
1127400 1804.9
1127410 1808.2
1127420 1811.7
1127430 1811.7
1127440 1814.2
1127450 1815.7
1127460 1815.7
1127470 1816.8
1127480 1817.5
1127490 1817.5
1127500 1817.5
1127510 1817.7
1127520 1817.7
1127530 1816.9
1127540 1815.2
1127550 1815.2
1127560 1812.4
1127570 1808.1
1127580 1803.8
1127590 1803.8
1127600 1799.6
1127610 1794.2
1127620 1794.2
1127630 1787.7
1127640 1781.7
1127650 1781.7
1127660 1777.6
1127670 1774.2
1127680 1774.2
1127690 1770.2
1127700 1764.0
1127710 1764.0
1127720 1758.7
1127730 1753.8
1127740 1753.8
1127750 1748.1
1127760 1741.0
1127770 1741.0
1127780 1731.7
1127790 1722.4
1127800 1722.4
1127810 1718.2
1127820 1712.3
1127830 1705.9
1127840 1705.9
1127850 1699.8
1127860 1692.5
1127870 1692.5
1127880 1686.8
1127890 1684.5
1127900 1684.5
1127910 1683.6
1127920 1687.0
1127930 1687.0
1127940 1692.4
1127950 1698.1
1127960 1698.1
1127970 1704.6
1127980 1711.2
1127990 1711.2
1128000 1716.1
1128010 1718.8
1128020 1718.8
1128030 1719.3
1128040 1718.3
1128050 1715.1
1128060 1713.6
1128070 1712.0
1128080 1712.0
1128090 1712.0
1128100 1712.6
1128110 1712.0
1128120 1712.0
1128130 1710.3
1128140 1707.3
1128150 1707.3
1128160 1707.4
1128170 1705.8
1128180 1705.8
1128190 1702.6
1128200 1699.7
1128210 1699.7
1128220 1699.5
1128230 1697.6
1128240 1697.6
1128250 1696.9
1128260 1694.8
1128270 1694.8
1128280 1694.1
1128290 1695.2
1128300 1695.2
1128310 1696.0
1128320 1695.2
1128330 1695.2
1128340 1695.1
1128350 1694.9
1128360 1694.9
1128370 1694.2
1128380 1693.4
1128390 1692.1
1128400 1692.1
1128410 1688.8
1128420 1687.0
1128430 1687.0
1128440 1684.4
1128450 1682.6
1128460 1682.6
1128470 1681.6
1128480 1680.9
1128490 1680.9
1128500 1683.6
1128510 1685.5
1128520 1685.5
1128530 1685.7
1128540 1685.0
1128550 1685.0
1128560 1682.9
1128570 1680.4
1128580 1680.4
1128590 1678.5
1128600 1677.2
1128610 1677.2
1128620 1675.7
1128630 1671.8
1128640 1668.8
1128650 1668.8
1128660 1674.9
1128670 1679.6
1128680 1679.6
1128690 1680.1
1128700 1682.0
1128710 1682.0
1128720 1684.7
1128730 1687.1
1128740 1687.1
1128750 1688.7
1128760 1689.9
1128770 1689.2
1128780 1689.9
1128790 1690.1
1128800 1690.1
1128810 1689.9
1128820 1689.5
1128830 1689.5
1128840 1688.7
1128850 1687.4
1128860 1687.4
1128870 1685.9
1128880 1684.6
1128890 1684.6
1128900 1682.5
1128910 1679.8
1128920 1678.1
1128930 1678.1
1128940 1676.7
1128950 1674.8
1128960 1674.8
1128970 1672.4
1128980 1671.2
1128990 1671.2
1129000 1671.3
1129010 1670.9
1129020 1670.9
1129030 1670.4
1129040 1669.8
1129050 1669.8
1129060 1669.1
1129070 1667.2
1129080 1667.2
1129090 1667.6
1129100 1670.4
1129110 1670.4
1129120 1671.0
1129130 1668.0
1129140 1668.0
1129150 1666.9
1129160 1668.0
1129170 1668.0
1129180 1667.5
1129190 1668.8
1129200 1674.0
1129210 1674.0
1129220 1677.2
1129230 1679.2
1129240 1679.2
1129250 1680.1
1129260 1680.8
1129270 1680.8
1129280 1681.1
1129290 1682.4
1129300 1682.4
1129310 1683.1
1129320 1682.3
1129330 1682.3
1129340 1682.5
1129350 1684.0
1129360 1684.0
1129370 1685.5
1129380 1686.8
1129390 1686.8
1129400 1687.8
1129410 1687.6
1129420 1687.6
1129430 1688.6
1129440 1690.3
1129450 1690.3
1129460 1692.7
1129470 1694.5
1129480 1694.4
1129490 1694.4
1129500 1696.0
1129510 1697.3
1129520 1697.3
1129530 1696.7
1129540 1697.6
1129550 1697.6
1129560 1699.8
1129570 1700.4
1129580 1700.4
1129590 1699.8
1129600 1700.6
1129610 1700.6
1129620 1701.2
1129630 1702.1
1129640 1702.1
1129650 1702.3
1129660 1702.5
1129670 1702.5
1129680 1702.7
1129690 1703.3
1129700 1703.3
1129710 1704.2
1129720 1705.1
1129730 1705.8
1129740 1705.8
1129750 1705.8
1129760 1706.2
1129770 1706.2
1129780 1706.6
1129790 1707.3
1129800 1707.3
1129810 1708.0
1129820 1709.3
1129830 1709.3
1129840 1711.4
1129850 1714.6
1129860 1714.6
1129870 1717.5
1129880 1719.9
1129890 1719.9
1129900 1722.1
1129910 1723.1
1129920 1723.1
1129930 1724.9
1129940 1726.6
1129950 1726.6
1129960 1726.5
1129970 1729.6
1129980 1729.6
1129990 1732.8
1130000 1735.0
1130010 1736.8
1130020 1736.8
1130030 1738.4
1130040 1739.4
1130050 1739.4
1130060 1739.7
1130070 1739.4
1130080 1739.4
1130090 1738.6
1130100 1737.8
1130110 1737.8
1130120 1737.4
1130130 1737.1
1130140 1737.1
1130150 1737.0
1130160 1737.8
1130170 1737.8
1130180 1739.2
1130190 1740.5
1130200 1736.6
1130210 1736.3
1130220 1736.6
1130230 1736.6
1130240 1740.6
1130250 1742.6
1130260 1742.6
1130270 1743.5
1130280 1743.8
1130290 1743.3
1130300 1743.3
1130310 1742.3
1130320 1741.6
1130330 1741.6
1130340 1741.0
1130350 1738.6
1130360 1738.6
1130370 1740.7
1130380 1741.6
1130390 1741.6
1130400 1743.0
1130410 1744.6
1130420 1744.6
1130430 1745.5
1130440 1745.3
1130450 1745.3
1130460 1744.8
1130470 1744.8
1130480 1744.8
1130490 1745.6
1130500 1746.0
1130510 1746.0
1130520 1745.9
1130530 1745.5
1130540 1744.4
1130550 1744.4
1130560 1742.0
1130570 1740.5
1130580 1740.5
1130590 1739.3
1130600 1738.2
1130610 1738.2
1130620 1736.0
1130630 1732.7
1130640 1732.7
1130650 1729.1
1130660 1725.3
1130670 1725.3
1130680 1722.7
1130690 1720.4
1130700 1720.4
1130710 1716.7
1130720 1711.9
1130730 1711.9
1130740 1708.0
1130750 1705.7
1130760 1705.7
1130770 1704.3
1130780 1702.0
1130790 1702.0
1130800 1697.2
1130810 1692.8
1130820 1691.4
1130830 1691.4
1130840 1689.5
1130850 1688.7
1130860 1688.7
1130870 1687.3
1130880 1692.4
1130890 1692.4
1130900 1699.0
1130910 1702.2
1130920 1696.3
1130930 1700.4
1130940 1702.2
1130950 1702.2
1130960 1704.2
1130970 1704.5
1130980 1704.5
1130990 1704.9
1131000 1709.5
1131010 1709.5
1131020 1712.5
1131030 1715.1
1131040 1715.1
1131050 1717.7
1131060 1718.0
1131070 1718.0
1131080 1716.6
1131090 1717.3
1131100 1716.5
1131110 1716.5
1131120 1715.1
1131130 1716.6
1131140 1716.6
1131150 1719.1
1131160 1720.6
1131170 1720.6
1131180 1721.0
1131190 1723.0
1131200 1723.0
1131210 1724.8
1131220 1725.9
1131230 1725.9
1131240 1726.4
1131250 1726.7
1131260 1726.7
1131270 1728.1
1131280 1723.9
1131290 1723.9
1131300 1724.4
1131310 1724.5
1131320 1724.5
1131330 1723.7
1131340 1723.2
1131350 1723.2
1131360 1722.1
1131370 1720.2
1131380 1719.8
1131390 1719.8
1131400 1721.0
1131410 1722.0
1131420 1722.0
1131430 1723.3
1131440 1723.6
1131450 1723.6
1131460 1723.0
1131470 1723.3
1131480 1723.3
1131490 1723.6
1131500 1723.6
1131510 1723.6
1131520 1723.7
1131530 1723.7
1131540 1723.7
1131550 1722.1
1131560 1719.6
1131570 1719.6
1131580 1721.7
1131590 1725.9
1131600 1725.9
1131610 1730.1
1131620 1733.9
1131630 1737.5
1131640 1733.8
1131650 1736.3
1131660 1738.7
1131670 1738.7
1131680 1741.5
1131690 1743.8
1131700 1743.8
1131710 1745.9
1131720 1748.2
1131730 1748.2
1131740 1750.3
1131750 1754.5
1131760 1754.5
1131770 1758.2
1131780 1761.6
1131790 1761.6
1131800 1764.8
1131810 1768.0
1131820 1768.0
1131830 1770.3
1131840 1772.6
1131850 1772.6
1131860 1776.0
1131870 1781.4
1131880 1781.4
1131890 1785.5
1131900 1788.0
1131910 1788.9
1131920 1788.9
1131930 1791.0
1131940 1793.9
1131950 1793.9
1131960 1798.0
1131970 1802.2
1131980 1802.2
1131990 1805.7
1132000 1802.0
1132010 1802.0
1132020 1804.8
1132030 1808.7
1132040 1808.7
1132050 1812.4
1132060 1816.6
1132070 1816.6
1132080 1821.2
1132090 1828.2
1132100 1828.2
1132110 1834.5
1132120 1840.4
1132130 1840.4
1132140 1846.8
1132150 1853.0
1132160 1853.0
1132170 1859.1
1132180 1864.7
1132190 1870.5
1132200 1870.5
1132210 1876.6
1132220 1882.3
1132230 1882.3
1132240 1887.4
1132250 1892.2
1132260 1892.2
1132270 1896.6
1132280 1900.7
1132290 1900.7
1132300 1904.6
1132310 1907.5
1132320 1907.5
1132330 1909.2
1132340 1910.4
1132350 1910.4
1132360 1912.2
1132370 1910.2
1132380 1910.2
1132390 1909.3
1132400 1909.6
1132410 1909.6
1132420 1910.2
1132430 1913.0
1132440 1915.4
1132450 1915.4
1132460 1918.2
1132470 1920.4
1132480 1920.4
1132490 1922.7
1132500 1924.6
1132510 1924.6
1132520 1925.3
1132530 1924.9
1132540 1924.9
1132550 1926.3
1132560 1928.0
1132570 1928.0
1132580 1930.4
1132590 1930.5
1132600 1930.5
1132610 1929.6
1132620 1927.5
1132630 1927.5
1132640 1924.3
1132650 1920.3
1132660 1920.3
1132670 1916.7
1132680 1913.5
1132690 1913.5
1132700 1910.8
1132710 1908.4
1132720 1904.3
1132730 1898.3
1132740 1893.3
1132750 1887.9
1132760 1887.9
1132770 1883.7
1132780 1879.6
1132790 1879.6
1132800 1875.1
1132810 1870.9
1132820 1870.9
1132830 1867.5
1132840 1865.2
1132850 1865.2
1132860 1863.6
1132870 1862.2
1132880 1862.2
1132890 1860.4
1132900 1858.2
1132910 1858.2
1132920 1855.2
1132930 1852.3
1132940 1852.3
1132950 1850.6
1132960 1848.9
1132970 1848.9
1132980 1846.9
1132990 1845.2
1133000 1843.5
1133010 1843.5
1133020 1840.6
1133030 1838.6
1133040 1838.6
1133050 1840.3
1133060 1841.3
1133070 1841.3
1133080 1840.2
1133090 1842.4
1133100 1842.4
1133110 1845.0
1133120 1846.0
1133130 1846.0
1133140 1845.9
1133150 1846.1
1133160 1846.1
1133170 1847.7
1133180 1850.8
1133190 1850.8
1133200 1855.0
1133210 1859.4
1133220 1859.4
1133230 1862.6
1133240 1864.8
1133250 1867.5
1133260 1867.5
1133270 1869.8
1133280 1871.7
1133290 1871.7
1133300 1876.1
1133310 1881.7
1133320 1881.7
1133330 1883.3
1133340 1889.8
1133350 1889.8
1133360 1908.0
1133370 1918.8
1133380 1918.8
1133390 1922.0
1133400 1922.8
1133410 1922.8
1133420 1922.3
1133430 1921.4
1133440 1921.4
1133450 1922.2
1133460 1917.1
1133470 1917.1
1133480 1910.6
1133490 1905.6
1133500 1905.6
1133510 1905.0
1133520 1907.8
1133530 1908.8
1133540 1908.8
1133550 1907.8
1133560 1908.5
1133570 1908.5
1133580 1907.6
1133590 1904.5
1133600 1904.5
1133610 1902.4
1133620 1900.9
1133630 1900.9
1133640 1900.3
1133650 1900.4
1133660 1900.4
1133670 1896.4
1133680 1894.4
1133690 1894.4
1133700 1893.9
1133710 1893.3
1133720 1893.3
1133730 1894.1
1133740 1891.5
1133750 1891.5
1133760 1889.6
1133770 1887.4
1133780 1887.4
1133790 1886.6
1133800 1886.8
1133810 1885.5
1133820 1885.5
1133830 1885.1
1133840 1885.3
1133850 1885.3
1133860 1885.6
1133870 1886.5
1133880 1886.5
1133890 1886.9
1133900 1884.9
1133910 1884.9
1133920 1884.5
1133930 1883.3
1133940 1883.3
1133950 1882.5
1133960 1880.8
1133970 1880.8
1133980 1880.1
1133990 1879.3
1134000 1879.3
1134010 1876.9
1134020 1872.7
1134030 1872.7
1134040 1870.5
1134050 1868.9
1134060 1868.9
1134070 1865.6
1134080 1862.8
1134090 1860.9
1134100 1860.9
1134110 1858.9
1134120 1856.9
1134130 1856.9
1134140 1855.9
1134150 1855.9
1134160 1855.9
1134170 1856.1
1134180 1850.6
1134190 1850.6
1134200 1849.2
1134210 1846.0
1134220 1846.0
1134230 1842.7
1134240 1840.2
1134250 1840.2
1134260 1837.2
1134270 1832.0
1134280 1832.0
1134290 1828.1
1134300 1823.0
1134310 1823.0
1134320 1817.7
1134330 1813.1
1134340 1810.5
1134350 1810.5
1134360 1808.0
1134370 1805.5
1134380 1805.5
1134390 1805.3
1134400 1804.9
1134410 1804.9
1134420 1804.3
1134430 1807.1
1134440 1807.1
1134450 1810.7
1134460 1813.5
1134470 1813.5
1134480 1812.0
1134490 1808.9
1134500 1808.9
1134510 1808.1
1134520 1808.5
1134530 1808.5
1134540 1810.0
1134550 1812.8
1134560 1812.8
1134570 1814.4
1134580 1817.3
1134590 1817.3
1134600 1820.3
1134610 1821.7
1134620 1822.2
1134630 1822.2
1134640 1824.3
1134650 1825.2
1134660 1825.2
1134670 1822.6
1134680 1817.3
1134690 1817.3
1134700 1814.7
1134710 1815.6
1134720 1815.6
1134730 1813.5
1134740 1814.0
1134750 1814.0
1134760 1814.2
1134770 1813.2
1134780 1813.2
1134790 1814.3
1134800 1815.8
1134810 1815.8
1134820 1818.0
1134830 1818.3
1134840 1818.3
1134850 1811.8
1134860 1804.4
1134870 1804.4
1134880 1800.7
1134890 1803.0
1134900 1802.8
1134910 1802.8
1134920 1803.6
1134930 1804.3
1134940 1804.3
1134950 1806.4
1134960 1807.6
1134970 1807.6
1134980 1808.2
1134990 1804.6
1135000 1804.6
1135010 1803.8
1135020 1804.8
1135030 1804.8
1135040 1804.6
1135050 1802.2
1135060 1802.2
1135070 1798.8
1135080 1793.7
1135090 1793.7
1135100 1788.7
1135110 1780.2
1135120 1780.2
1135130 1773.3
1135140 1770.8
1135150 1763.1
1135160 1763.1
1135170 1749.1
1135180 1735.7
1135190 1735.7
1135200 1728.3
1135210 1722.4
1135220 1722.4
1135230 1717.6
1135240 1712.1
1135250 1712.1
1135260 1705.7
1135270 1695.0
1135280 1695.0
1135290 1690.8
1135300 1685.6
1135310 1685.6
1135320 1677.5
1135330 1671.5
1135340 1671.5
1135350 1667.4
1135360 1665.2
1135370 1665.2
1135380 1662.4
1135390 1657.7
1135400 1657.7
1135410 1652.1
1135420 1645.8
1135430 1641.9
1135440 1641.9
1135450 1639.2
1135460 1637.6
1135470 1637.6
1135480 1634.4
1135490 1632.4
1135500 1632.4
1135510 1632.4
1135520 1631.4
1135530 1631.4
1135540 1628.7
1135550 1627.8
1135560 1627.8
1135570 1629.5
1135580 1630.5
1135590 1630.5
1135600 1631.4
1135610 1633.0
1135620 1633.0
1135630 1632.4
1135640 1635.8
1135650 1635.8
1135660 1642.4
1135670 1649.1
1135680 1649.1
1135690 1655.7
1135700 1662.6
1135710 1668.8
1135720 1668.8
1135730 1674.8
1135740 1680.1
1135750 1680.1
1135760 1684.3
1135770 1687.5
1135780 1687.5
1135790 1691.4
1135800 1697.2
1135810 1697.2
1135820 1704.2
1135830 1710.4
1135840 1710.4
1135850 1715.6
1135860 1721.3
1135870 1721.3
1135880 1730.0
1135890 1742.9
1135900 1742.9
1135910 1754.8
1135920 1761.2
1135930 1761.2
1135940 1765.2
1135950 1768.3
1135960 1768.3
1135970 1771.2
1135980 1775.4
1135990 1781.2
1136000 1779.8
1136010 1784.3
1136020 1788.5
1136030 1788.5
1136040 1792.9
1136050 1796.9
1136060 1796.9
1136070 1802.3
1136080 1805.8
1136090 1805.8
1136100 1808.8
1136110 1811.2
1136120 1811.2
1136130 1815.5
1136140 1820.7
1136150 1820.7
1136160 1821.5
1136170 1820.8
1136180 1820.8
1136190 1819.8
1136200 1818.9
1136210 1818.9
1136220 1818.0
1136230 1815.8
1136240 1813.6
1136250 1813.6
1136260 1812.2
1136270 1811.9
1136280 1811.9
1136290 1813.3
1136300 1817.0
1136310 1817.0
1136320 1819.3
1136330 1819.1
1136340 1819.1
1136350 1819.0
1136360 1819.4
1136370 1819.4
1136380 1821.0
1136390 1820.8
1136400 1820.8
1136410 1820.1
1136420 1818.8
1136430 1818.8
1136440 1817.5
1136450 1818.1
1136460 1818.1
1136470 1819.6
1136480 1821.3
1136490 1821.3
1136500 1821.9
1136510 1822.1
1136520 1820.6
1136530 1820.6
1136540 1817.4
1136550 1813.8
1136560 1813.8
1136570 1810.9
1136580 1806.8
1136590 1806.8
1136600 1801.7
1136610 1797.4
1136620 1797.4
1136630 1794.2
1136640 1790.8
1136650 1790.8
1136660 1790.8
1136670 1791.7
1136680 1791.7
1136690 1788.7
1136700 1784.0
1136710 1784.0
1136720 1781.2
1136730 1780.2
1136740 1780.2
1136750 1780.2
1136760 1780.5
1136770 1780.5
1136780 1780.3
1136790 1779.6
1136800 1779.4
1136810 1779.4
1136820 1779.5
1136830 1779.9
1136840 1779.9
1136850 1781.0
1136860 1782.7
1136870 1782.7
1136880 1783.9
1136890 1785.5
1136900 1785.5
1136910 1786.9
1136920 1787.3
1136930 1787.3
1136940 1787.1
1136950 1787.6
1136960 1787.6
1136970 1789.1
1136980 1790.7
1136990 1790.7
1137000 1792.3
1137010 1793.7
1137020 1793.7
1137030 1795.4
1137040 1797.8
1137050 1800.6
1137060 1800.6
1137070 1803.3
1137080 1806.1
1137090 1809.8
1137100 1812.5
1137110 1815.1
1137120 1815.1
1137130 1817.8
1137140 1820.4
1137150 1820.4
1137160 1822.8
1137170 1825.1
1137180 1825.1
1137190 1828.6
1137200 1832.2
1137210 1832.2
1137220 1835.9
1137230 1839.7
1137240 1839.7
1137250 1843.0
1137260 1846.6
1137270 1846.6
1137280 1850.9
1137290 1855.4
1137300 1855.4
1137310 1858.6
1137320 1860.9
1137330 1864.1
1137340 1864.1
1137350 1867.9
1137360 1872.3
1137370 1872.3
1137380 1876.8
1137390 1881.9
1137400 1881.9
1137410 1886.8
1137420 1892.5
1137430 1892.5
1137440 1898.1
1137450 1904.6
1137460 1909.0
1137470 1919.1
1137480 1933.9
1137490 1933.9
1137500 1956.6
1137510 1968.9
1137520 1968.9
1137530 1978.0
1137540 1976.8
1137550 1976.8
1137560 1971.6
1137570 1983.6
1137580 1983.6
1137590 2010.9
1137600 2022.8
1137610 2028.6
1137620 2028.6
1137630 2032.2
1137640 2036.4
1137650 2036.4
1137660 2040.6
1137670 2046.5
1137680 2046.5
1137690 2052.9
1137700 2058.5
1137710 2058.5
1137720 2064.0
1137730 2066.8
1137740 2066.8
1137750 2069.1
1137760 2072.3
1137770 2072.3
1137780 2074.7
1137790 2077.6
1137800 2077.6
1137810 2081.4
1137820 2085.9
1137830 2092.0
1137840 2097.0
1137850 2102.7
1137860 2110.8
1137870 2110.8
1137880 2116.8
1137890 2121.1
1137900 2121.1
1137910 2128.2
1137920 2136.9
1137930 2136.9
1137940 2150.7
1137950 2167.6
1137960 2167.6
1137970 2181.0
1137980 2180.9
1137990 2180.9
1138000 2180.3
1138010 2184.0
1138020 2184.0
1138030 2187.7
1138040 2191.6
1138050 2191.6
1138060 2194.4
1138070 2198.3
1138080 2198.3
1138090 2198.1
1138100 2198.5
1138110 2198.5
1138120 2202.7
1138130 2206.3
1138140 2208.6
1138150 2208.6
1138160 2209.9
1138170 2212.7
1138180 2212.7
1138190 2216.8
1138200 2215.5
1138210 2215.5
1138220 2221.3
1138230 2228.0
1138240 2228.0
1138250 2233.9
1138260 2239.3
1138270 2239.3
1138280 2245.0
1138290 2250.0
1138300 2250.0
1138310 2255.2
1138320 2262.4
1138330 2262.4
1138340 2270.5
1138350 2279.1
1138360 2279.1
1138370 2287.4
1138380 2296.3
1138390 2296.3
1138400 2306.7
1138410 2316.7
1138420 2325.3
1138430 2325.3
1138440 2332.1
1138450 2337.5
1138460 2337.5
1138470 2342.3
1138480 2345.6
1138490 2345.6
1138500 2345.2
1138510 2342.3
1138520 2342.3
1138530 2339.1
1138540 2335.0
1138550 2335.0
1138560 2334.8
1138570 2328.1
1138580 2328.1
1138590 2323.6
1138600 2320.9
1138610 2320.9
1138620 2319.4
1138630 2313.1
1138640 2313.1
1138650 2305.4
1138660 2299.7
1138670 2295.9
1138680 2295.9
1138690 2289.7
1138700 2285.8
1138710 2285.8
1138720 2285.5
1138730 2284.3
1138740 2284.3
1138750 2284.4
1138760 2287.2
1138770 2287.2
1138780 2290.8
1138790 2294.7
1138800 2294.7
1138810 2300.2
1138820 2302.4
1138830 2302.4
1138840 2303.5
1138850 2308.6
1138860 2308.6
1138870 2314.4
1138880 2319.1
1138890 2319.1
1138900 2322.6
1138910 2325.9
1138920 2325.9
1138930 2335.8
1138940 2341.4
1138950 2349.0
1138960 2349.0
1138970 2364.0
1138980 2383.2
1138990 2383.2
1139000 2398.6
1139010 2411.0
1139020 2411.0
1139030 2421.3
1139040 2423.1
1139050 2423.1
1139060 2423.4
1139070 2426.1
1139080 2426.1
1139090 2433.2
1139100 2435.7
1139110 2435.7
1139120 2433.5
1139130 2432.0
1139140 2432.0
1139150 2431.1
1139160 2431.0
1139170 2431.0
1139180 2430.0
1139190 2432.6
1139200 2432.6
1139210 2436.9
1139220 2442.1
1139230 2445.2
1139240 2445.2
1139250 2447.5
1139260 2450.2
1139270 2450.2
1139280 2453.4
1139290 2457.2
1139300 2466.0
1139310 2468.3
1139320 2464.7
1139330 2464.7
1139340 2460.7
1139350 2461.7
1139360 2461.7
1139370 2465.6
1139380 2468.9
1139390 2468.9
1139400 2470.5
1139410 2479.5
1139420 2479.5
1139430 2482.2
1139440 2474.9
1139450 2474.9
1139460 2481.3
1139470 2480.1
1139480 2480.1
1139490 2469.1
1139500 2474.0
1139510 2475.2
1139520 2475.2
1139530 2476.8
1139540 2478.1
1139550 2478.1
1139560 2482.8
1139570 2481.1
1139580 2481.1
1139590 2474.8
1139600 2458.2
1139610 2458.2
1139620 2447.3
1139630 2450.8
1139640 2450.8
1139650 2455.7
1139660 2457.0
1139670 2469.9
1139680 2478.5
1139690 2486.9
1139700 2486.9
1139710 2495.2
1139720 2501.7
1139730 2501.7
1139740 2497.1
1139750 2487.0
1139760 2467.1
1139770 2467.1
1139780 2453.0
1139790 2442.7
1139800 2442.7
1139810 2431.3
1139820 2423.7
1139830 2423.7
1139840 2416.5
1139850 2405.5
1139860 2405.5
1139870 2380.8
1139880 2364.8
1139890 2364.8
1139900 2357.5
1139910 2348.6
1139920 2348.6
1139930 2344.2
1139940 2340.0
1139950 2340.0
1139960 2335.5
1139970 2329.6
1139980 2329.6
1139990 2324.8
