1120000 1101.1
1120010 1101.1
1120020 1088.4
1120030 1072.8
1120040 1072.8
1120050 1065.4
1120060 1057.1
1120070 1057.1
1120080 1048.6
1120090 1042.7
1120100 1042.7
1120110 1031.6
1120120 1019.5
1120130 1019.5
1120140 1009.8
1120150 1010.4
1120160 1010.4
1120170 1013.0
1120180 1019.2
1120190 1019.2
1120200 1027.0
1120210 1031.6
1120220 1031.6
1120230 1035.3
1120240 1041.3
1120250 1042.3
1120260 1050.5
1120270 1057.6
1120280 1064.9
1120290 1064.9
1120300 1072.7
1120310 1080.0
1120320 1080.0
1120330 1090.0
1120340 1093.4
1120350 1093.4
1120360 1098.3
1120370 1104.9
1120380 1104.9
1120390 1111.8
1120400 1118.6
1120410 1118.6
1120420 1124.9
1120430 1131.1
1120440 1131.1
1120450 1137.7
1120460 1144.5
1120470 1144.5
1120480 1151.9
1120490 1159.0
1120500 1159.0
1120510 1165.9
1120520 1172.8
1120530 1172.8
1120540 1180.2
1120550 1188.3
1120560 1203.6
1120570 1203.6
1120580 1218.0
1120590 1234.1
1120600 1228.8
1120610 1242.3
1120620 1268.9
1120630 1268.9
1120640 1302.5
1120650 1341.4
1120660 1341.4
1120670 1364.3
1120680 1382.1
1120690 1382.1
1120700 1400.3
1120710 1414.9
1120720 1414.9
1120730 1426.8
1120740 1434.1
1120750 1434.1
1120760 1440.6
1120770 1447.9
1120780 1447.9
1120790 1457.1
1120800 1459.1
1120810 1459.1
1120820 1461.4
1120830 1466.3
1120840 1471.2
1120850 1471.2
1120860 1477.9
1120870 1482.2
1120880 1482.2
1120890 1489.1
1120900 1497.0
1120910 1497.0
1120920 1500.1
1120930 1503.8
1120940 1503.8
1120950 1505.9
1120960 1510.8
1120970 1510.8
1120980 1514.7
1120990 1516.5
1121000 1516.5
1121010 1518.6
1121020 1522.9
1121030 1522.9
1121040 1528.9
1121050 1536.4
1121060 1536.4
1121070 1544.8
1121080 1553.9
1121090 1561.1
1121100 1561.1
1121110 1566.9
1121120 1573.8
1121130 1573.8
1121140 1583.0
1121150 1591.1
1121160 1591.1
1121170 1593.6
1121180 1596.9
1121190 1596.9
1121200 1602.7
1121210 1609.0
1121220 1609.0
1121230 1615.5
1121240 1619.1
1121250 1619.1
1121260 1623.8
1121270 1628.9
1121280 1628.9
1121290 1633.5
1121300 1637.8
1121310 1637.8
1121320 1644.1
1121330 1650.8
1121340 1650.8
1121350 1656.3
1121360 1656.2
1121370 1654.2
1121380 1654.2
1121390 1653.9
1121400 1657.2
1121410 1657.2
1121420 1659.1
1121430 1658.8
1121440 1658.8
1121450 1657.7
1121460 1657.7
1121470 1657.7
1121480 1659.8
1121490 1663.5
1121500 1663.5
1121510 1668.5
1121520 1673.2
1121530 1673.2
1121540 1679.2
1121550 1685.7
1121560 1685.7
1121570 1692.7
1121580 1699.2
1121590 1699.2
1121600 1706.2
1121610 1717.6
1121620 1717.6
1121630 1748.1
1121640 1758.7
1121650 1775.2
1121660 1775.2
1121670 1785.8
1121680 1792.2
1121690 1792.2
1121700 1798.8
1121710 1804.8
1121720 1804.8
1121730 1810.7
1121740 1816.5
1121750 1816.5
1121760 1815.8
1121770 1814.2
1121780 1814.2
1121790 1815.6
1121800 1816.4
1121810 1816.4
1121820 1820.9
1121830 1823.5
1121840 1823.5
1121850 1822.0
1121860 1821.7
1121870 1821.7
1121880 1824.5
1121890 1829.9
1121900 1829.9
1121910 1836.5
1121920 1842.9
1121930 1848.8
1121940 1848.8
1121950 1854.8
1121960 1859.8
1121970 1859.8
1121980 1866.4
1121990 1873.2
1122000 1877.6
1122010 1891.6
1122020 1900.2
1122030 1900.2
1122040 1905.9
1122050 1910.1
1122060 1910.1
1122070 1913.4
1122080 1915.9
1122090 1915.9
1122100 1917.0
1122110 1918.2
1122120 1918.2
1122130 1919.8
1122140 1920.3
1122150 1920.3
1122160 1920.7
1122170 1920.2
1122180 1918.5
1122190 1918.5
1122200 1916.1
1122210 1913.6
1122220 1913.6
1122230 1912.2
1122240 1911.1
1122250 1911.1
1122260 1908.0
1122270 1899.6
1122280 1899.6
1122290 1889.6
1122300 1881.3
1122310 1881.3
1122320 1874.3
1122330 1867.4
1122340 1867.4
1122350 1856.6
1122360 1850.3
1122370 1850.3
1122380 1843.6
1122390 1837.9
1122400 1837.9
1122410 1836.9
1122420 1834.1
1122430 1834.1
1122440 1830.9
1122450 1831.0
1122460 1828.9
1122470 1828.9
1122480 1827.6
1122490 1826.0
1122500 1826.0
1122510 1824.5
1122520 1822.1
1122530 1822.1
1122540 1819.0
1122550 1816.7
1122560 1816.7
1122570 1812.8
1122580 1811.3
1122590 1811.3
1122600 1809.2
1122610 1806.7
1122620 1806.7
1122630 1804.2
1122640 1799.3
1122650 1799.3
1122660 1793.2
1122670 1786.8
1122680 1786.8
1122690 1778.3
1122700 1767.6
1122710 1767.6
1122720 1766.1
1122730 1761.2
1122740 1757.5
1122750 1757.5
1122760 1756.5
1122770 1759.7
1122780 1759.7
1122790 1763.5
1122800 1764.6
1122810 1764.6
1122820 1768.0
1122830 1769.9
1122840 1769.9
1122850 1763.9
1122860 1756.8
1122870 1756.8
1122880 1750.7
1122890 1749.2
1122900 1749.2
1122910 1748.1
1122920 1748.5
1122930 1748.5
1122940 1745.8
1122950 1741.9
1122960 1741.9
1122970 1739.9
1122980 1734.3
1122990 1734.3
1123000 1727.7
1123010 1722.5
1123020 1718.1
1123030 1718.1
1123040 1719.9
1123050 1724.5
1123060 1716.4
1123070 1718.2
1123080 1714.4
1123090 1714.4
1123100 1709.5
1123110 1705.2
1123120 1705.2
1123130 1700.0
1123140 1697.1
1123150 1697.1
1123160 1694.0
1123170 1693.0
1123180 1693.0
1123190 1698.8
1123200 1702.5
1123210 1702.5
1123220 1703.0
1123230 1699.1
1123240 1699.1
1123250 1691.2
1123260 1692.2
1123270 1692.2
1123280 1693.7
1123290 1696.5
1123300 1702.5
1123310 1702.5
1123320 1710.0
1123330 1712.7
1123340 1712.7
1123350 1708.7
1123360 1705.6
1123370 1705.6
1123380 1706.5
1123390 1707.9
1123400 1707.9
1123410 1701.6
1123420 1699.6
1123430 1699.6
1123440 1700.3
1123450 1700.6
1123460 1700.6
1123470 1700.2
1123480 1702.0
1123490 1702.0
1123500 1705.4
1123510 1704.5
1123520 1704.5
1123530 1702.6
1123540 1700.7
1123550 1701.2
1123560 1701.2
1123570 1701.8
1123580 1701.5
1123590 1701.5
1123600 1699.6
1123610 1697.7
1123620 1697.7
1123630 1700.0
1123640 1700.3
1123650 1700.3
1123660 1702.7
1123670 1709.9
1123680 1709.9
1123690 1716.5
1123700 1722.8
1123710 1722.8
1123720 1729.0
1123730 1735.6
1123740 1735.6
1123750 1743.0
1123760 1742.7
1123770 1742.7
1123780 1745.8
1123790 1752.1
1123800 1752.1
1123810 1760.9
1123820 1769.3
1123830 1779.9
1123840 1779.9
1123850 1789.8
1123860 1798.5
1123870 1798.5
1123880 1807.1
1123890 1815.7
1123900 1815.7
1123910 1824.9
1123920 1835.2
1123930 1835.2
1123940 1846.1
1123950 1855.8
1123960 1855.8
1123970 1870.5
1123980 1894.9
1123990 1894.9
1124000 1908.8
1124010 1919.6
1124020 1919.6
1124030 1928.0
1124040 1935.8
1124050 1935.8
1124060 1942.3
1124070 1947.6
1124080 1947.6
1124090 1952.6
1124100 1958.4
1124110 1962.7
1124120 1962.7
1124130 1968.2
1124140 1973.3
1124150 1973.3
1124160 1978.9
1124170 1984.8
1124180 1984.8
1124190 1990.0
1124200 1995.8
1124210 1995.8
1124220 1999.8
1124230 2002.1
1124240 2002.1
1124250 2008.1
1124260 2015.4
1124270 2015.4
1124280 2023.0
1124290 2031.9
1124300 2031.9
1124310 2041.1
1124320 2049.2
1124330 2049.2
1124340 2055.6
1124350 2061.3
1124360 2061.3
1124370 2067.0
1124380 2075.0
1124390 2086.4
1124400 2086.4
1124410 2098.2
1124420 2108.6
1124430 2108.6
1124440 2111.3
1124450 2104.3
1124460 2104.3
1124470 2096.7
1124480 2088.5
1124490 2088.5
1124500 2082.0
1124510 2075.8
1124520 2075.8
1124530 2071.2
1124540 2067.5
1124550 2067.5
1124560 2061.2
1124570 2054.1
1124580 2054.1
1124590 2046.7
1124600 2039.2
1124610 2039.2
1124620 2031.7
1124630 2025.9
1124640 2022.7
1124650 2022.7
1124660 2018.2
1124670 2010.6
1124680 2010.6
1124690 2001.8
1124700 1997.0
1124710 1997.0
1124720 1996.4
1124730 1994.5
1124740 1994.5
1124750 1990.8
1124760 1982.6
1124770 1982.6
1124780 1973.9
1124790 1965.8
1124800 1965.8
1124810 1957.9
1124820 1954.7
1124830 1954.7
1124840 1947.8
1124850 1941.1
1124860 1941.1
1124870 1935.2
1124880 1929.7
1124890 1929.7
1124900 1924.8
1124910 1919.1
1124920 1914.2
1124930 1914.2
1124940 1909.9
1124950 1906.1
1124960 1906.1
1124970 1901.8
1124980 1898.3
1124990 1898.3
1125000 1896.0
1125010 1892.9
1125020 1892.9
1125030 1890.3
1125040 1887.9
1125050 1887.9
1125060 1885.1
1125070 1882.7
1125080 1882.7
1125090 1880.5
1125100 1878.3
1125110 1878.3
1125120 1876.2
1125130 1874.4
1125140 1874.4
1125150 1872.7
1125160 1871.9
1125170 1875.5
1125180 1875.4
1125190 1875.8
1125200 1876.5
1125210 1876.5
1125220 1877.7
1125230 1879.1
1125240 1879.1
1125250 1883.2
1125260 1885.2
1125270 1885.2
1125280 1886.7
1125290 1888.8
1125300 1888.8
1125310 1890.4
1125320 1892.7
1125330 1892.7
1125340 1894.5
1125350 1897.3
1125360 1897.3
1125370 1899.4
1125380 1901.4
1125390 1901.4
1125400 1902.8
1125410 1903.6
1125420 1903.6
1125430 1905.2
1125440 1907.0
1125450 1907.0
1125460 1908.1
1125470 1908.7
1125480 1910.5
1125490 1910.5
1125500 1912.2
1125510 1913.4
1125520 1913.4
1125530 1919.9
1125540 1921.0
1125550 1921.0
1125560 1921.7
1125570 1922.6
1125580 1922.6
1125590 1923.2
1125600 1922.1
1125610 1922.1
1125620 1921.3
1125630 1923.3
1125640 1923.3
1125650 1924.9
1125660 1925.4
1125670 1925.4
1125680 1925.1
1125690 1926.2
1125700 1926.2
1125710 1927.7
1125720 1928.6
1125730 1930.9
1125740 1930.9
1125750 1932.9
1125760 1933.3
1125770 1933.3
1125780 1933.6
1125790 1934.3
1125800 1934.3
1125810 1935.5
1125820 1936.0
1125830 1936.0
1125840 1936.5
1125850 1936.8
1125860 1936.8
1125870 1937.2
1125880 1942.8
1125890 1942.8
1125900 1943.3
1125910 1944.5
1125920 1944.5
1125930 1946.0
1125940 1946.7
1125950 1946.7
1125960 1947.5
1125970 1950.9
1125980 1950.9
1125990 1953.3
1126000 1954.4
1126010 1955.0
1126020 1955.0
1126030 1955.0
1126040 1954.5
1126050 1954.5
1126060 1952.1
1126070 1949.6
1126080 1949.6
1126090 1947.3
1126100 1944.4
1126110 1944.4
1126120 1942.2
1126130 1939.5
1126140 1939.5
1126150 1937.1
1126160 1934.9
1126170 1934.9
1126180 1933.4
1126190 1931.6
1126200 1931.6
1126210 1930.3
1126220 1929.2
1126230 1929.2
1126240 1930.0
1126250 1927.9
1126260 1927.9
1126270 1925.4
1126280 1921.8
1126290 1919.1
1126300 1919.1
1126310 1917.3
1126320 1915.5
1126330 1915.5
1126340 1911.7
1126350 1909.4
1126360 1909.4
1126370 1907.4
1126380 1905.1
1126390 1905.1
1126400 1902.2
1126410 1901.6
1126420 1901.6
1126430 1902.1
1126440 1901.9
1126450 1901.9
1126460 1901.5
1126470 1901.6
1126480 1901.6
1126490 1902.0
1126500 1902.0
1126510 1902.0
1126520 1901.8
1126530 1901.5
1126540 1901.5
1126550 1901.4
1126560 1901.0
1126570 1900.4
1126580 1900.4
1126590 1900.2
1126600 1899.3
1126610 1899.3
1126620 1898.1
1126630 1896.8
1126640 1896.8
1126650 1895.5
1126660 1893.0
1126670 1893.0
1126680 1889.6
1126690 1889.1
1126700 1889.1
1126710 1891.9
1126720 1894.5
1126730 1894.5
1126740 1896.0
1126750 1896.5
1126760 1896.5
1126770 1895.2
1126780 1892.8
1126790 1892.8
1126800 1890.6
1126810 1888.2
1126820 1886.0
1126830 1886.0
1126840 1883.9
1126850 1881.4
1126860 1881.4
1126870 1879.8
1126880 1876.5
1126890 1876.5
1126900 1872.5
1126910 1866.9
1126920 1866.9
1126930 1860.7
1126940 1854.0
1126950 1857.0
1126960 1855.3
1126970 1854.7
1126980 1854.7
1126990 1850.9
1127000 1846.0
1127010 1846.0
1127020 1839.3
1127030 1834.3
1127040 1834.3
1127050 1829.7
1127060 1826.8
1127070 1826.8
1127080 1824.2
1127090 1820.1
1127100 1815.4
1127110 1815.4
1127120 1814.1
1127130 1809.0
1127140 1809.0
1127150 1807.6
1127160 1804.9
1127170 1804.9
1127180 1803.9
1127190 1802.9
1127200 1802.9
1127210 1801.3
1127220 1801.9
1127230 1801.9
1127240 1809.8
1127250 1818.5
1127260 1818.5
1127270 1822.2
1127280 1825.4
1127290 1825.4
1127300 1827.7
1127310 1828.3
1127320 1828.3
1127330 1827.6
1127340 1823.6
1127350 1823.6
1127360 1823.1
1127370 1822.2
1127380 1822.3
1127390 1822.3
1127400 1823.4
1127410 1823.2
1127420 1823.2
1127430 1822.9
1127440 1823.4
1127450 1823.4
1127460 1824.3
1127470 1821.8
1127480 1821.8
1127490 1821.8
1127500 1825.4
1127510 1825.4
1127520 1826.7
1127530 1827.2
1127540 1827.2
1127550 1827.8
1127560 1827.8
1127570 1827.8
1127580 1824.2
1127590 1815.5
1127600 1815.5
1127610 1815.7
1127620 1822.3
1127630 1822.3
1127640 1823.6
1127650 1820.6
1127660 1822.4
1127670 1822.4
1127680 1824.8
1127690 1824.7
1127700 1824.7
1127710 1821.2
1127720 1825.1
1127730 1825.1
1127740 1826.4
1127750 1824.5
1127760 1824.5
1127770 1828.4
1127780 1828.7
1127790 1828.7
1127800 1828.9
1127810 1829.6
1127820 1829.6
1127830 1827.9
1127840 1827.1
1127850 1827.1
1127860 1828.0
1127870 1827.3
1127880 1827.3
1127890 1825.1
1127900 1827.7
1127910 1833.6
1127920 1833.6
1127930 1837.9
1127940 1840.1
1127950 1840.1
1127960 1840.3
1127970 1839.4
1127980 1839.4
1127990 1839.0
1128000 1836.4
1128010 1836.4
1128020 1827.5
1128030 1831.6
1128040 1831.6
1128050 1837.0
1128060 1842.5
1128070 1842.5
1128080 1847.0
1128090 1850.5
1128100 1850.5
1128110 1852.8
1128120 1854.3
1128130 1854.3
1128140 1854.4
1128150 1848.5
1128160 1848.5
1128170 1844.8
1128180 1842.8
1128190 1839.4
1128200 1839.4
1128210 1844.7
1128220 1852.9
1128230 1852.9
1128240 1854.3
1128250 1850.0
1128260 1850.0
1128270 1846.9
1128280 1844.5
1128290 1844.5
1128300 1838.6
1128310 1835.7
1128320 1835.7
1128330 1841.5
1128340 1844.7
1128350 1844.7
1128360 1844.7
1128370 1833.3
1128380 1833.3
1128390 1831.6
1128400 1836.5
1128410 1836.5
1128420 1838.2
1128430 1840.6
1128440 1840.6
1128450 1838.3
1128460 1833.6
1128470 1829.3
1128480 1829.3
1128490 1826.8
1128500 1828.7
1128510 1828.7
1128520 1829.8
1128530 1831.2
1128540 1831.2
1128550 1831.9
1128560 1832.0
1128570 1832.0
1128580 1834.4
1128590 1832.8
1128600 1832.8
1128610 1835.5
1128620 1837.7
1128630 1837.7
1128640 1837.1
1128650 1839.8
1128660 1839.8
1128670 1844.0
1128680 1848.3
1128690 1848.3
1128700 1851.9
1128710 1854.5
1128720 1854.5
1128730 1852.1
1128740 1854.0
1128750 1856.3
1128760 1856.3
1128770 1858.8
1128780 1860.3
1128790 1860.3
1128800 1861.0
1128810 1861.3
1128820 1861.3
1128830 1861.0
1128840 1860.0
1128850 1860.0
1128860 1858.4
1128870 1858.6
1128880 1858.6
1128890 1858.6
1128900 1856.5
1128910 1856.5
1128920 1853.9
1128930 1852.7
1128940 1852.7
1128950 1853.4
1128960 1854.0
1128970 1854.0
1128980 1855.8
1128990 1855.9
1129000 1855.1
1129010 1855.1
1129020 1857.5
1129030 1857.4
1129040 1857.4
1129050 1856.9
1129060 1857.5
1129070 1857.5
1129080 1857.9
1129090 1858.3
1129100 1858.3
1129110 1860.5
1129120 1862.0
1129130 1862.0
1129140 1864.5
1129150 1866.2
1129160 1866.2
1129170 1866.1
1129180 1870.7
1129190 1870.7
1129200 1874.6
1129210 1875.1
1129220 1875.1
1129230 1874.5
1129240 1875.3
1129250 1875.3
1129260 1876.6
1129270 1877.0
1129280 1877.6
1129290 1877.6
1129300 1879.3
1129310 1878.4
1129320 1878.4
1129330 1880.2
1129340 1883.1
1129350 1883.1
1129360 1886.1
1129370 1889.0
1129380 1889.0
1129390 1893.0
1129400 1896.8
1129410 1896.8
1129420 1899.5
1129430 1901.6
1129440 1901.6
1129450 1894.1
1129460 1895.7
1129470 1895.7
1129480 1898.8
1129490 1902.2
1129500 1902.2
1129510 1903.7
1129520 1904.6
1129530 1904.6
1129540 1907.3
1129550 1910.6
1129560 1913.8
1129570 1913.8
1129580 1916.1
1129590 1919.6
1129600 1919.6
1129610 1925.1
1129620 1928.1
1129630 1928.1
1129640 1929.4
1129650 1930.2
1129660 1930.2
1129670 1931.8
1129680 1933.8
1129690 1933.8
1129700 1935.2
1129710 1935.6
1129720 1935.6
1129730 1935.0
1129740 1935.2
1129750 1935.2
1129760 1935.0
1129770 1935.2
1129780 1935.2
1129790 1935.6
1129800 1934.3
1129810 1928.9
1129820 1927.8
1129830 1927.6
1129840 1926.2
1129850 1926.2
1129860 1922.4
1129870 1918.4
1129880 1918.4
1129890 1914.6
1129900 1910.6
1129910 1910.6
1129920 1907.6
1129930 1906.3
1129940 1906.3
1129950 1905.1
1129960 1904.6
1129970 1904.6
1129980 1905.8
1129990 1906.7
1130000 1906.7
1130010 1907.9
1130020 1908.4
1130030 1908.4
1130040 1906.5
1130050 1903.5
1130060 1903.5
1130070 1899.8
1130080 1900.8
1130090 1903.6
1130100 1903.6
1130110 1907.5
1130120 1913.3
1130130 1913.3
1130140 1919.1
1130150 1923.6
1130160 1923.6
1130170 1922.2
1130180 1925.8
1130190 1925.8
1130200 1928.9
1130210 1931.1
1130220 1931.1
1130230 1931.6
1130240 1932.9
1130250 1932.9
1130260 1934.2
1130270 1934.2
1130280 1934.2
1130290 1934.5
1130300 1935.6
1130310 1935.6
1130320 1936.7
1130330 1936.8
1130340 1936.8
1130350 1935.7
1130360 1935.5
1130370 1936.2
1130380 1936.2
1130390 1935.7
1130400 1933.3
1130410 1933.3
1130420 1929.6
1130430 1925.7
1130440 1925.7
1130450 1921.5
1130460 1917.7
1130470 1917.7
1130480 1913.8
1130490 1910.5
1130500 1910.5
1130510 1908.8
1130520 1905.4
1130530 1899.3
1130540 1895.8
1130550 1892.9
1130560 1892.9
1130570 1891.1
1130580 1891.5
1130590 1891.5
1130600 1891.0
1130610 1890.8
1130620 1890.8
1130630 1892.0
1130640 1892.5
1130650 1892.7
1130660 1892.7
1130670 1892.7
1130680 1891.5
1130690 1891.5
1130700 1890.2
1130710 1889.1
1130720 1889.1
1130730 1888.3
1130740 1885.7
1130750 1885.7
1130760 1883.5
1130770 1881.1
1130780 1881.1
1130790 1878.5
1130800 1875.2
1130810 1875.2
1130820 1871.2
1130830 1867.4
1130840 1867.4
1130850 1862.6
1130860 1856.6
1130870 1856.6
1130880 1854.2
1130890 1850.6
1130900 1850.6
1130910 1854.5
1130920 1857.4
1130930 1858.4
1130940 1858.4
1130950 1860.1
1130960 1861.9
1130970 1861.9
1130980 1867.0
1130990 1871.6
1131000 1871.6
1131010 1875.5
1131020 1879.4
1131030 1879.4
1131040 1883.0
1131050 1885.8
1131060 1885.8
1131070 1888.6
1131080 1892.4
1131090 1892.4
1131100 1896.7
1131110 1900.9
1131120 1900.9
1131130 1904.9
1131140 1908.6
1131150 1908.6
1131160 1911.4
1131170 1914.6
1131180 1917.9
1131190 1917.9
1131200 1921.1
1131210 1924.4
1131220 1924.4
1131230 1927.7
1131240 1929.9
1131250 1925.1
1131260 1925.9
1131270 1926.3
1131280 1926.3
1131290 1927.9
1131300 1927.9
1131310 1927.9
1131320 1927.7
1131330 1926.9
1131340 1926.9
1131350 1926.9
1131360 1927.8
1131370 1927.8
1131380 1927.5
1131390 1926.4
1131400 1926.4
1131410 1926.8
1131420 1926.9
1131430 1926.9
1131440 1927.2
1131450 1925.5
1131460 1924.8
1131470 1924.8
1131480 1924.1
1131490 1922.8
1131500 1922.8
1131510 1923.3
1131520 1923.5
1131530 1923.5
1131540 1923.5
1131550 1924.5
1131560 1924.5
1131570 1926.0
1131580 1926.8
1131590 1926.8
1131600 1926.5
1131610 1918.3
1131620 1918.3
1131630 1918.3
1131640 1917.6
1131650 1917.6
1131660 1916.8
1131670 1915.7
1131680 1915.7
1131690 1915.5
1131700 1916.7
1131710 1916.7
1131720 1918.3
1131730 1919.6
1131740 1920.5
1131750 1920.5
1131760 1920.3
1131770 1920.7
1131780 1920.7
1131790 1921.4
1131800 1923.0
1131810 1923.0
1131820 1925.5
1131830 1928.6
1131840 1928.6
1131850 1931.6
1131860 1933.2
1131870 1933.2
1131880 1934.3
1131890 1935.3
1131900 1935.3
1131910 1937.7
1131920 1939.5
1131930 1939.5
1131940 1940.1
1131950 1939.5
1131960 1939.5
1131970 1932.3
1131980 1933.5
1131990 1933.5
1132000 1936.1
1132010 1938.7
1132020 1938.0
1132030 1938.0
1132040 1937.9
1132050 1941.6
1132060 1941.6
1132070 1945.4
1132080 1949.0
1132090 1949.0
1132100 1952.1
1132110 1953.8
1132120 1953.8
1132130 1954.6
1132140 1955.5
1132150 1955.5
1132160 1956.7
1132170 1958.4
1132180 1958.4
1132190 1960.9
1132200 1963.8
1132210 1963.8
1132220 1965.7
1132230 1966.5
1132240 1966.5
1132250 1967.3
1132260 1967.6
1132270 1969.3
1132280 1969.3
1132290 1970.1
1132300 1968.8
1132310 1968.8
1132320 1966.0
1132330 1964.3
1132340 1964.3
1132350 1965.0
1132360 1966.1
1132370 1966.1
1132380 1966.9
1132390 1967.2
1132400 1967.2
1132410 1968.7
1132420 1972.3
1132430 1972.3
1132440 1976.4
1132450 1980.5
1132460 1980.5
1132470 1986.1
1132480 1991.4
1132490 1991.4
1132500 1995.8
1132510 1995.8
1132520 1995.8
1132530 1997.4
1132540 1997.3
1132550 1996.2
1132560 1996.2
1132570 1994.3
1132580 1991.3
1132590 1991.3
1132600 1988.1
1132610 1984.3
1132620 1984.3
1132630 1980.5
1132640 1977.2
1132650 1977.2
1132660 1974.5
1132670 1970.6
1132680 1970.6
1132690 1943.8
1132700 1935.6
1132710 1935.6
1132720 1931.2
1132730 1926.5
1132740 1926.5
1132750 1922.6
1132760 1918.4
1132770 1918.4
1132780 1913.1
1132790 1907.5
1132800 1907.5
1132810 1902.5
1132820 1898.0
1132830 1893.6
1132840 1893.6
1132850 1890.0
1132860 1885.6
1132870 1885.6
1132880 1881.2
1132890 1877.3
1132900 1877.3
1132910 1872.6
1132920 1868.9
1132930 1868.9
1132940 1864.0
1132950 1859.8
1132960 1859.8
1132970 1855.5
1132980 1850.4
1132990 1850.4
1133000 1847.9
1133010 1845.5
1133020 1845.5
1133030 1843.1
1133040 1841.7
1133050 1836.8
1133060 1836.5
1133390 1788.4
1133400 1788.4
1133410 1784.0
1133420 1782.0
1133430 1782.0
1133440 1779.8
1133450 1776.6
1133460 1776.6
1133470 1772.6
1133480 1768.2
1133490 1768.2
1133500 1763.8
1133510 1759.5
1133520 1759.5
1133530 1754.5
1133540 1747.4
1133550 1747.4
1133560 1737.1
1133570 1729.0
1133580 1729.0
1133590 1721.5
1133600 1715.0
1133610 1715.0
1133620 1709.4
1133630 1704.4
1133640 1700.8
1133650 1700.8
1133660 1696.9
1133670 1692.1
1133680 1692.1
1133690 1686.0
1133700 1680.3
1133710 1680.3
1133720 1676.8
1133730 1673.0
1133740 1673.0
1133750 1668.3
1133760 1666.7
1133770 1666.7
1133780 1658.7
1133790 1659.2
1133800 1659.2
1133810 1660.0
1133820 1655.8
1133830 1655.8
1133840 1647.1
1133850 1638.2
1133860 1638.2
1133870 1633.5
1133880 1634.0
1133890 1634.0
1133900 1634.9
1133910 1635.8
1133920 1636.0
1133930 1636.0
1133940 1634.0
1133950 1633.8
1133960 1633.8
1133970 1634.2
1133980 1632.9
1133990 1632.9
1134000 1630.5
1134010 1627.8
1134020 1627.8
1134030 1624.8
1134040 1622.3
1134050 1622.3
1134060 1620.7
1134070 1618.6
1134080 1618.6
1134090 1615.8
1134100 1614.2
1134110 1614.2
1134120 1613.4
1134130 1612.3
1134140 1617.6
1134150 1616.1
1134160 1614.2
1134170 1611.6
1134180 1611.6
1134190 1610.0
1134200 1609.2
1134210 1609.2
1134220 1608.7
1134230 1607.0
1134240 1607.0
1134250 1605.0
1134260 1604.0
1134270 1604.0
1134280 1602.0
1134290 1599.2
1134300 1599.2
1134310 1597.8
1134320 1596.1
1134330 1596.1
1134340 1594.9
1134350 1594.7
1134360 1594.7
1134370 1594.4
1134380 1593.9
1134390 1593.9
1134400 1592.4
1134410 1590.8
1134420 1590.8
1134430 1588.9
1134440 1587.3
1134450 1585.1
1134460 1585.1
1134470 1582.3
1134480 1579.2
1134490 1579.2
1134500 1581.9
1134510 1580.6
1134520 1580.6
1134530 1579.5
1134540 1578.6
1134550 1578.6
1134560 1578.7
1134570 1580.1
1134580 1580.1
1134590 1582.2
1134600 1583.3
1134610 1583.3
1134620 1584.2
1134630 1585.0
1134640 1585.0
1134650 1586.6
1134660 1589.1
1134670 1589.1
1134680 1591.6
1134690 1593.6
1134700 1593.6
1134710 1596.3
1134720 1598.1
1134730 1599.9
1134740 1599.9
1134750 1602.0
1134760 1604.2
1134770 1604.2
1134780 1606.4
1134790 1609.4
1134800 1609.4
1134810 1612.1
1134820 1615.1
1134830 1615.1
1134840 1619.5
1134850 1624.1
1134860 1624.1
1134870 1635.0
1134880 1638.0
1134890 1638.0
1134900 1641.6
1134910 1644.4
1134920 1644.4
1134930 1647.5
1134940 1652.5
1134950 1652.5
1134960 1656.6
1134970 1658.0
1134980 1658.0
1134990 1658.2
1135000 1657.3
1135010 1654.0
1135020 1654.0
1135030 1653.2
1135040 1657.7
1135050 1657.7
1135060 1661.0
1135070 1665.2
1135080 1665.2
1135090 1679.1
1135100 1693.3
1135110 1693.3
1135120 1706.5
1135130 1726.6
1135140 1726.6
1135150 1730.9
1135160 1726.6
1135170 1726.6
1135180 1720.5
1135190 1719.4
1135200 1719.4
1135210 1725.9
1135220 1724.2
1135230 1730.6
1135240 1731.6
1135250 1732.1
1135260 1734.1
1135270 1734.1
1135280 1736.9
1135290 1734.2
1135300 1734.2
1135310 1730.9
1135320 1732.6
1135330 1732.6
1135340 1732.2
1135350 1731.6
1135360 1731.6
1135370 1729.8
1135380 1728.8
1135390 1728.8
1135400 1727.8
1135410 1724.6
1135420 1724.6
1135430 1722.7
1135440 1719.6
1135450 1719.6
1135460 1715.6
1135470 1713.3
1135480 1713.3
1135490 1711.2
1135500 1707.0
1135510 1707.0
1135520 1704.7
1135530 1706.2
1135540 1705.3
1135550 1705.3
1135560 1703.9
1135570 1703.5
1135580 1703.5
1135590 1703.0
1135600 1699.1
1135610 1699.1
1135620 1697.2
1135630 1692.0
1135640 1692.0
1135650 1687.4
1135660 1684.4
1135670 1684.4
1135680 1681.2
1135690 1680.3
1135700 1680.3
1135710 1677.8
1135720 1676.5
1135730 1676.5
1135740 1674.6
1135750 1677.8
1135760 1677.8
1135770 1680.6
1135780 1680.9
1135790 1680.9
1135800 1683.6
1135810 1687.8
1135820 1691.3
1135830 1691.3
1135840 1695.1
1135850 1696.2
1135860 1696.2
1135870 1696.7
1135880 1699.3
1135890 1699.3
1135900 1702.7
1135910 1706.6
1135920 1706.6
1135930 1710.6
1135940 1715.0
1135950 1715.0
1135960 1723.3
1135970 1732.4
1135980 1732.4
1135990 1738.8
1136000 1743.7
1136010 1743.7
1136020 1750.0
1136030 1760.2
1136040 1760.2
1136050 1767.9
1136060 1774.2
1136070 1774.2
1136080 1780.7
1136090 1787.7
1136100 1795.2
1136110 1795.2
1136120 1802.2
1136130 1810.1
1136140 1810.1
1136150 1818.1
1136160 1829.8
1136170 1829.8
1136180 1851.7
1136190 1867.9
1136200 1867.9
1136210 1876.2
1136220 1883.5
1136230 1883.5
1136240 1887.9
1136250 1893.6
1136260 1893.6
1136270 1898.5
1136280 1904.5
1136290 1904.5
1136300 1908.4
1136310 1909.9
1136320 1909.9
1136330 1910.6
1136340 1910.6
1136350 1911.4
1136360 1911.4
1136370 1911.3
1136380 1908.5
1136390 1908.5
1136400 1907.3
1136410 1906.4
1136420 1906.4
1136430 1904.5
1136440 1900.7
1136450 1900.7
1136460 1898.7
1136470 1896.3
1136480 1896.3
1136490 1891.3
1136500 1888.5
1136510 1888.5
1136520 1886.7
1136530 1881.6
1136540 1881.6
1136550 1878.1
1136560 1874.4
1136570 1874.4
1136580 1869.5
1136590 1865.4
1136600 1865.4
1136610 1862.4
1136620 1859.6
1136630 1858.4
1136640 1858.4
1136650 1856.5
1136660 1856.5
1136670 1856.5
1136680 1859.2
1136690 1858.4
1136700 1858.4
1136710 1856.2
1136720 1856.6
1136730 1856.6
1136740 1859.6
1136750 1863.7
1136760 1863.7
1136770 1869.5
1136780 1869.8
1136790 1869.8
1136800 1865.8
1136810 1862.5
1136820 1862.5
1136830 1860.2
1136840 1855.6
1136850 1855.6
1136860 1850.0
1136870 1845.5
1136880 1845.5
1136890 1841.5
1136900 1837.0
1136910 1832.3
1136920 1832.3
1136930 1830.5
1136940 1827.3
1136950 1827.3
1136960 1825.3
1136970 1821.3
1136980 1821.3
1136990 1817.8
1137000 1812.0
1137010 1812.0
1137020 1800.9
1137030 1794.9
1137040 1794.9
1137050 1791.1
1137060 1788.9
1137070 1788.9
1137080 1785.2
1137090 1782.2
1137100 1782.2
1137110 1777.7
1137120 1775.0
1137130 1775.0
1137140 1774.8
1137150 1773.5
1137160 1773.5
1137170 1773.1
1137180 1771.9
1137190 1772.5
1137200 1772.5
1137210 1773.0
1137220 1773.6
1137230 1773.6
1137240 1775.5
1137250 1776.4
1137260 1776.4
1137270 1775.9
1137280 1776.7
1137290 1776.7
1137300 1778.6
1137310 1780.7
1137320 1780.7
1137330 1781.2
1137340 1781.5
1137350 1781.5
1137360 1783.0
1137370 1786.2
1137380 1786.2
1137390 1789.0
1137400 1791.3
1137410 1791.3
1137420 1794.7
1137430 1801.8
1137440 1805.4
1137450 1805.4
1137460 1808.2
1137470 1809.9
1137480 1809.9
1137490 1810.2
1137500 1810.8
1137510 1810.8
1137520 1812.5
1137530 1815.4
1137540 1815.4
1137550 1816.4
1137560 1817.7
1137570 1817.7
1137580 1819.1
1137590 1820.8
1137600 1820.8
1137610 1822.3
1137620 1823.6
1137630 1823.6
1137640 1825.6
1137650 1827.3
1137660 1827.3
1137670 1828.4
1137680 1830.9
1137690 1830.9
1137700 1834.3
1137710 1837.9
1137720 1842.0
1137730 1842.0
1137740 1845.8
1137750 1849.7
1137760 1849.7
1137770 1853.8
1137780 1856.6
1137790 1858.4
1137800 1860.8
1137810 1865.6
1137820 1865.6
1137830 1869.5
1137840 1870.5
1137850 1870.5
1137860 1873.3
1137870 1875.8
1137880 1875.8
1137890 1878.0
1137900 1880.2
1137910 1880.2
1137920 1882.9
1137930 1885.4
1137940 1885.4
1137950 1888.5
1137960 1892.2
1137970 1892.2
1137980 1895.1
1137990 1897.6
1138000 1900.4
1138010 1900.4
1138020 1902.0
1138030 1902.8
1138040 1902.8
1138050 1903.7
1138060 1904.4
1138070 1904.4
1138080 1904.9
1138090 1906.3
1138100 1906.3
1138110 1908.5
1138120 1910.6
1138130 1910.6
1138140 1912.9
1138150 1915.8
1138160 1921.4
1138170 1923.0
1138180 1925.0
1138190 1925.0
1138200 1927.6
1138210 1929.1
1138220 1929.1
1138230 1928.7
1138240 1928.2
1138250 1930.3
1138260 1930.3
1138270 1932.9
1138280 1939.3
1138290 1939.3
1138300 1945.4
1138310 1949.3
1138320 1949.3
1138330 1952.3
1138340 1955.0
1138350 1955.0
1138360 1958.0
1138370 1960.0
1138380 1960.0
1138390 1960.9
1138400 1962.0
1138410 1962.0
1138420 1964.6
1138430 1967.7
1138440 1967.7
1138450 1970.3
1138460 1971.9
1138470 1971.9
1138480 1974.3
1138490 1977.5
1138500 1977.5
1138510 1980.5
1138520 1983.9
1138530 1992.0
1138540 1992.0
1138550 1995.5
1138560 1998.8
1138570 1998.8
1138580 2002.1
1138590 2004.7
1138600 2004.7
1138610 2006.6
1138620 2007.6
1138630 2007.6
1138640 2005.9
1138650 2007.1
1138660 2007.1
1138670 2009.4
1138680 2012.0
1138690 2012.0
1138700 2010.0
1138710 2009.5
1138720 2009.5
1138730 2008.6
1138740 2010.5
1138750 2010.5
1138760 2012.9
1138770 2015.5
1138780 2015.5
1138790 2018.0
1138800 2020.4
1138810 2023.6
1138820 2023.6
1138830 2027.2
1138840 2030.7
1138850 2030.7
1138860 2033.6
1138870 2036.2
1138880 2036.2
1138890 2039.3
1138900 2048.8
1138910 2048.8
1138920 2052.5
1138930 2056.0
1138940 2056.0
1138950 2059.3
1138960 2062.4
1138970 2062.4
1138980 2065.5
1138990 2068.4
1139000 2068.4
1139010 2071.6
1139020 2073.9
1139030 2073.9
1139040 2076.2
1139050 2078.2
1139060 2078.2
1139070 2078.8
1139080 2078.8
1139090 2085.0
1139100 2085.0
1139110 2089.6
1139120 2093.1
1139130 2093.1
1139140 2095.3
1139150 2097.0
1139160 2097.0
1139170 2098.8
1139180 2099.9
1139190 2099.9
1139200 2099.9
1139210 2100.6
1139220 2100.6
1139230 2101.4
1139240 2102.2
1139250 2102.2
1139260 2110.8
1139270 2112.3
1139280 2112.3
1139290 2112.9
1139300 2114.0
1139310 2114.0
1139320 2114.9
1139330 2116.2
1139340 2117.5
1139350 2117.5
1139360 2118.7
1139370 2119.1
1139380 2119.1
1139390 2118.0
1139400 2117.7
1139410 2117.7
1139420 2118.2
1139430 2120.3
1139440 2120.3
1139450 2123.6
1139460 2126.3
1139470 2126.3
1139480 2128.8
1139490 2131.3
1139500 2131.3
1139510 2133.6
1139520 2135.6
1139530 2135.6
1139540 2137.6
1139550 2140.3
1139560 2140.3
1139570 2141.6
1139580 2141.7
1139590 2141.7
1139600 2142.2
1139610 2142.8
1139620 2143.8
1139630 2149.6
1139640 2150.7
1139650 2152.8
1139660 2152.8
1139670 2155.5
1139680 2158.3
1139690 2158.3
1139700 2162.0
1139710 2166.6
1139720 2166.6
1139730 2171.2
1139740 2176.2
1139750 2176.2
1139760 2181.8
1139770 2187.8
1139780 2187.8
1139790 2193.9
1139800 2200.2
1139810 2200.2
1139820 2206.6
1139830 2213.3
1139840 2213.3
1139850 2220.1
1139860 2226.9
1139870 2226.9
1139880 2234.1
1139890 2241.4
1139900 2248.6
1139910 2248.6
1139920 2257.4
1139930 2271.2
1139940 2271.2
1139950 2281.4
1139960 2293.9
1139970 2293.9
1139980 2308.9
1139990 2319.1
