1120000 1125.5
1120010 1109.0
1120020 1095.3
1120030 1095.3
1120040 1085.3
1120050 1075.2
1120060 1075.2
1120070 1067.3
1120080 1059.0
1120090 1051.3
1120100 1051.3
1120110 1041.8
1120120 1028.6
1120130 1028.6
1120140 1014.3
1120150 1010.3
1120160 1010.3
1120170 1011.0
1120180 1015.1
1120190 1015.1
1120200 1023.2
1120210 1028.0
1120220 1028.0
1120230 1035.3
1120240 1044.5
1120250 1044.5
1120260 1052.7
1120270 1060.1
1120280 1060.1
1120290 1067.7
1120300 1075.3
1120310 1075.3
1120320 1084.2
1120330 1092.8
1120340 1095.4
1120350 1095.4
1120360 1101.6
1120370 1108.2
1120380 1108.2
1120390 1114.7
1120400 1121.4
1120410 1121.4
1120420 1128.3
1120430 1135.4
1120440 1135.4
1120450 1142.4
1120460 1149.7
1120470 1149.7
1120480 1156.8
1120490 1164.2
1120500 1164.2
1120510 1171.6
1120520 1178.9
1120530 1178.9
1120540 1186.6
1120550 1194.2
1120560 1194.2
1120570 1201.7
1120580 1211.5
1120590 1211.7
1120600 1219.7
1120610 1231.0
1120620 1250.9
1120630 1250.9
1120640 1271.8
1120650 1297.5
1120660 1297.5
1120670 1330.0
1120680 1360.7
1120690 1360.7
1120700 1381.0
1120710 1410.4
1120720 1410.4
1120730 1427.3
1120740 1437.2
1120750 1437.2
1120760 1446.1
1120770 1456.0
1120780 1456.0
1120790 1461.2
1120800 1465.5
1120810 1465.5
1120820 1470.0
1120830 1475.0
1120840 1475.0
1120850 1478.8
1120860 1481.3
1120870 1481.3
1120880 1485.1
1120890 1490.2
1120900 1496.3
1120910 1496.3
1120920 1499.5
1120930 1500.9
1120940 1499.2
1120950 1500.8
1120960 1504.1
1120970 1504.1
1120980 1508.4
1120990 1511.1
1121000 1511.1
1121010 1515.5
1121020 1522.2
1121030 1522.2
1121040 1529.9
1121050 1539.4
1121060 1539.4
1121070 1549.6
1121080 1557.6
1121090 1557.6
1121100 1564.1
1121110 1572.7
1121120 1572.7
1121130 1578.0
1121140 1584.8
1121150 1584.8
1121160 1590.2
1121170 1592.6
1121180 1596.7
1121190 1596.7
1121200 1601.2
1121210 1606.2
1121220 1606.2
1121230 1612.3
1121240 1619.2
1121250 1619.2
1121260 1624.4
1121270 1629.4
1121280 1629.4
1121290 1638.3
1121300 1643.2
1121310 1643.2
1121320 1645.0
1121330 1646.5
1121340 1646.5
1121350 1650.1
1121360 1650.0
1121370 1650.0
1121380 1649.6
1121390 1652.8
1121400 1652.8
1121410 1654.6
1121420 1654.3
1121430 1654.3
1121440 1655.0
1121450 1654.9
1121460 1656.1
1121470 1656.1
1121480 1660.6
1121490 1662.8
1121500 1662.8
1121510 1667.5
1121520 1672.9
1121530 1672.9
1121540 1679.0
1121550 1685.4
1121560 1685.4
1121570 1692.4
1121580 1698.8
1121590 1698.8
1121600 1707.3
1121610 1736.4
1121620 1736.4
1121630 1755.4
1121640 1767.2
1121650 1767.2
1121660 1777.7
1121670 1786.5
1121680 1786.5
1121690 1793.5
1121700 1800.2
1121710 1803.9
1121720 1803.9
1121730 1807.3
1121740 1810.0
1121750 1810.0
1121760 1813.1
1121770 1816.7
1121780 1816.7
1121790 1820.2
1121800 1822.6
1121810 1822.6
1121820 1824.0
1121830 1822.9
1121840 1822.9
1121850 1823.4
1121860 1825.7
1121870 1825.7
1121880 1830.1
1121890 1835.2
1121900 1835.2
1121910 1840.2
1121920 1845.4
1121930 1845.4
1121940 1851.2
1121950 1857.9
1121960 1857.9
1121970 1868.8
1121980 1876.8
1121990 1896.7
1122000 1896.7
1122010 1901.8
1122020 1904.9
1122030 1904.9
1122040 1906.7
1122050 1907.6
1122060 1907.6
1122070 1907.9
1122080 1907.8
1122090 1907.8
1122100 1906.8
1122110 1906.4
1122120 1906.4
1122130 1907.2
1122140 1908.3
1122150 1908.3
1122160 1909.4
1122170 1909.9
1122180 1909.9
1122190 1909.2
1122200 1908.5
1122210 1908.5
1122220 1908.0
1122230 1906.2
1122240 1906.2
1122250 1901.7
1122260 1895.9
1122270 1888.4
1122280 1888.4
1122290 1879.3
1122300 1871.7
1122310 1871.7
1122320 1865.0
1122330 1857.6
1122340 1854.5
1122350 1848.5
1122360 1842.8
1122370 1842.8
1122380 1838.1
1122390 1832.9
1122400 1832.9
1122410 1825.9
1122420 1820.1
1122430 1820.1
1122440 1818.6
1122450 1818.7
1122460 1818.7
1122470 1818.5
1122480 1815.3
1122490 1815.3
1122500 1814.6
1122510 1812.0
1122520 1812.0
1122530 1811.3
1122540 1808.6
1122550 1805.4
1122560 1805.4
1122570 1802.1
1122580 1798.8
1122590 1798.8
1122600 1798.4
1122610 1796.1
1122620 1796.1
1122630 1794.2
1122640 1792.2
1122650 1792.2
1122660 1788.1
1122670 1780.6
1122680 1780.6
1122690 1770.9
1122700 1763.1
1122710 1763.1
1122720 1755.5
1122730 1749.3
1122740 1749.3
1122750 1745.1
1122760 1743.4
1122770 1743.4
1122780 1743.8
1122790 1744.9
1122800 1746.4
1122810 1746.4
1122820 1749.5
1122830 1751.5
1122840 1751.5
1122850 1747.4
1122860 1743.2
1122870 1743.2
1122880 1739.3
1122890 1733.7
1122900 1733.7
1122910 1731.7
1122920 1728.7
1122930 1728.7
1122940 1725.1
1122950 1722.7
1122960 1722.7
1122970 1720.9
1122980 1718.5
1122990 1718.5
1123000 1713.9
1123010 1709.4
1123020 1709.4
1123030 1705.6
1123040 1699.0
1123050 1699.0
1123060 1702.3
1123070 1702.5
1123080 1699.9
1123090 1699.9
1123100 1696.6
1123110 1693.3
1123120 1693.3
1123130 1689.0
1123140 1685.9
1123150 1685.9
1123160 1683.7
1123170 1681.8
1123180 1681.8
1123190 1685.6
1123200 1687.7
1123210 1687.7
1123220 1688.0
1123230 1686.6
1123240 1686.6
1123250 1683.1
1123260 1682.2
1123270 1682.2
1123280 1684.2
1123290 1687.7
1123300 1687.7
1123310 1695.2
1123320 1702.6
1123330 1702.6
1123340 1703.7
1123350 1699.5
1123360 1694.6
1123370 1694.6
1123380 1693.6
1123390 1696.9
1123400 1692.2
1123410 1689.0
1123420 1689.0
1123430 1689.0
1123440 1690.0
1123450 1689.4
1123460 1689.4
1123470 1685.5
1123480 1689.1
1123490 1689.1
1123500 1689.6
1123510 1690.1
1123520 1690.1
1123530 1690.1
1123540 1691.0
1123550 1691.0
1123560 1691.9
1123570 1691.6
1123580 1691.6
1123590 1690.7
1123600 1690.0
1123610 1690.0
1123620 1689.7
1123630 1692.9
1123640 1699.4
1123650 1699.4
1123660 1703.4
1123670 1707.3
1123680 1707.3
1123690 1713.8
1123700 1719.8
1123710 1719.8
1123720 1723.6
1123730 1728.1
1123740 1728.1
1123750 1738.6
1123760 1742.8
1123770 1742.8
1123780 1748.7
1123790 1755.8
1123800 1755.8
1123810 1765.1
1123820 1775.7
1123830 1775.7
1123840 1784.8
1123850 1794.5
1123860 1794.5
1123870 1806.2
1123880 1821.7
1123890 1838.4
1123900 1838.4
1123910 1848.5
1123920 1849.3
1123930 1849.3
1123940 1859.2
1123950 1878.0
1123960 1878.0
1123970 1898.7
1123980 1907.9
1123990 1907.9
1124000 1911.3
1124010 1914.6
1124020 1914.6
1124030 1916.5
1124040 1919.8
1124050 1919.8
1124060 1925.4
1124070 1933.3
1124080 1933.3
1124090 1943.0
1124100 1951.2
1124110 1951.2
1124120 1957.7
1124130 1964.0
1124140 1964.0
1124150 1969.1
1124160 1972.8
1124170 1977.8
1124180 1977.8
1124190 1981.3
1124200 1985.3
1124210 1985.3
1124220 1992.7
1124230 1999.7
1124240 1999.7
1124250 2005.8
1124260 2011.9
1124270 2011.9
1124280 2019.1
1124290 2026.6
1124300 2026.6
1124310 2032.3
1124320 2038.2
1124330 2038.2
1124340 2046.9
1124350 2056.2
1124360 2056.2
1124370 2065.8
1124380 2075.8
1124390 2075.8
1124400 2087.1
1124410 2098.3
1124420 2098.3
1124430 2108.3
1124440 2114.1
1124450 2108.9
1124460 2109.3
1124470 2100.2
1124480 2092.4
1124490 2092.4
1124500 2085.8
1124510 2080.1
1124520 2080.1
1124530 2073.9
1124540 2066.8
1124550 2066.8
1124560 2059.3
1124570 2052.1
1124580 2052.1
1124590 2045.4
1124600 2039.4
1124610 2039.4
1124620 2033.8
1124630 2028.0
1124640 2028.0
1124650 2022.2
1124660 2015.4
1124670 2015.4
1124680 2009.5
1124690 2008.7
1124700 2008.7
1124710 2007.7
1124720 2004.8
1124730 2003.4
1124740 2003.4
1124750 2002.8
1124760 1995.5
1124770 1995.5
1124780 1981.4
1124790 1970.6
1124800 1970.6
1124810 1963.9
1124820 1957.8
1124830 1957.8
1124840 1951.5
1124850 1945.4
1124860 1945.4
1124870 1940.2
1124880 1933.5
1124890 1933.5
1124900 1928.0
1124910 1923.0
1124920 1923.0
1124930 1918.3
1124940 1914.6
1124950 1914.6
1124960 1911.1
1124970 1907.4
1124980 1904.4
1124990 1904.4
1125000 1901.2
1125010 1899.0
1125020 1899.0
1125030 1896.2
1125040 1893.1
1125050 1893.1
1125060 1890.1
1125070 1887.6
1125080 1887.6
1125090 1885.4
1125100 1883.8
1125110 1883.8
1125120 1881.7
1125130 1880.7
1125140 1880.7
1125150 1880.1
1125160 1885.1
1125170 1885.1
1125180 1884.3
1125190 1885.2
1125200 1885.2
1125210 1885.8
1125220 1886.7
1125230 1886.7
1125240 1888.3
1125250 1890.6
1125260 1892.8
1125270 1892.8
1125280 1895.2
1125290 1897.7
1125300 1897.7
1125310 1899.1
1125320 1900.8
1125330 1900.8
1125340 1903.2
1125350 1905.3
1125360 1905.3
1125370 1907.4
1125380 1909.7
1125390 1909.7
1125400 1911.7
1125410 1912.9
1125420 1912.9
1125430 1913.9
1125440 1915.3
1125450 1915.3
1125460 1917.3
1125470 1919.3
1125480 1919.3
1125490 1920.8
1125500 1922.4
1125510 1922.4
1125520 1929.6
1125530 1931.7
1125540 1932.7
1125550 1932.7
1125560 1933.4
1125570 1934.7
1125580 1934.7
1125590 1935.1
1125600 1934.5
1125610 1934.5
1125620 1934.5
1125630 1936.1
1125640 1936.1
1125650 1937.7
1125660 1938.4
1125670 1938.4
1125680 1939.7
1125690 1940.8
1125700 1940.8
1125710 1942.0
1125720 1942.8
1125730 1942.8
1125740 1943.6
1125750 1944.9
1125760 1944.9
1125770 1945.2
1125780 1944.6
1125790 1944.6
1125800 1945.5
1125810 1946.7
1125820 1947.2
1125830 1947.2
1125840 1947.6
1125850 1947.4
1125860 1947.4
1125870 1953.1
1125880 1953.0
1125890 1953.0
1125900 1953.2
1125910 1953.2
1125920 1953.2
1125930 1953.2
1125940 1954.6
1125950 1954.6
1125960 1955.9
1125970 1958.1
1125980 1958.1
1125990 1962.4
1126000 1964.3
1126010 1964.3
1126020 1965.2
1126030 1964.6
1126040 1964.6
1126050 1964.2
1126060 1962.4
1126070 1959.5
1126080 1959.5
1126090 1955.5
1126100 1951.5
1126110 1951.5
1126120 1948.6
1126130 1946.0
1126140 1946.0
1126150 1943.1
1126160 1940.4
1126170 1940.4
1126180 1938.6
1126190 1936.1
1126200 1936.1
1126210 1934.5
1126220 1932.6
1126230 1935.6
1126240 1932.6
1126250 1929.0
1126260 1929.0
1126270 1925.7
1126280 1922.5
1126290 1922.5
1126300 1920.2
1126310 1919.3
1126320 1919.3
1126330 1917.6
1126340 1915.1
1126350 1912.5
1126360 1912.5
1126370 1910.2
1126380 1909.3
1126390 1909.3
1126400 1908.0
1126410 1907.1
1126420 1907.1
1126430 1906.3
1126440 1905.0
1126450 1905.0
1126460 1903.5
1126470 1903.1
1126480 1903.1
1126490 1903.0
1126500 1902.8
1126510 1902.8
1126520 1902.5
1126530 1902.3
1126540 1902.3
1126550 1902.1
1126560 1901.9
1126570 1901.9
1126580 1901.6
1126590 1900.7
1126600 1900.7
1126610 1899.8
1126620 1899.1
1126630 1897.8
1126640 1897.8
1126650 1895.6
1126660 1893.9
1126670 1893.9
1126680 1894.7
1126690 1895.5
1126700 1895.5
1126710 1896.1
1126720 1896.5
1126730 1896.5
1126740 1897.0
1126750 1897.3
1126760 1897.3
1126770 1897.1
1126780 1896.7
1126790 1896.7
1126800 1895.8
1126810 1894.3
1126820 1894.3
1126830 1892.1
1126840 1889.4
1126850 1889.4
1126860 1886.2
1126870 1882.3
1126880 1882.3
1126890 1877.6
1126900 1872.6
1126910 1870.1
1126920 1870.1
1126930 1866.0
1126940 1863.9
1126950 1863.9
1126960 1859.8
1126970 1855.8
1126980 1855.8
1126990 1851.8
1127000 1848.3
1127010 1848.3
1127020 1846.1
1127030 1844.0
1127040 1844.0
1127050 1841.4
1127060 1839.1
1127070 1839.1
1127080 1833.4
1127090 1827.3
1127100 1827.3
1127110 1823.2
1127120 1820.9
1127130 1820.9
1127140 1822.1
1127150 1819.7
1127160 1820.4
1127170 1820.4
1127180 1821.3
1127190 1816.1
1127200 1816.1
1127210 1807.1
1127220 1798.8
1127230 1798.8
1127240 1798.5
1127250 1803.3
1127260 1803.3
1127270 1810.7
1127280 1819.1
1127290 1815.4
1127300 1820.8
1127310 1821.0
1127320 1821.0
1127330 1821.7
1127340 1821.5
1127350 1821.5
1127360 1818.2
1127370 1815.5
1127380 1815.5
1127390 1817.2
1127400 1818.1
1127410 1818.1
1127420 1818.1
1127430 1818.3
1127440 1819.4
1127450 1819.4
1127460 1819.5
1127470 1818.3
1127480 1818.3
1127490 1815.5
1127500 1818.9
1127510 1818.9
1127520 1820.7
1127530 1820.9
1127540 1820.9
1127550 1820.6
1127560 1820.6
1127570 1820.6
1127580 1820.5
1127590 1816.1
1127600 1816.1
1127610 1807.7
1127620 1809.4
1127630 1809.4
1127640 1811.5
1127650 1809.3
1127660 1809.3
1127670 1815.0
1127680 1816.8
1127690 1816.8
1127700 1816.9
1127710 1814.2
1127720 1817.7
1127730 1817.7
1127740 1816.9
1127750 1818.5
1127760 1818.5
1127770 1821.3
1127780 1820.6
1127790 1820.6
1127800 1819.7
1127810 1821.3
1127820 1821.3
1127830 1820.8
1127840 1818.7
1127850 1818.7
1127860 1818.8
1127870 1815.7
1127880 1815.7
1127890 1818.3
1127900 1823.0
1127910 1823.0
1127920 1827.4
1127930 1831.0
1127940 1831.0
1127950 1833.6
1127960 1835.1
1127970 1835.1
1127980 1834.3
1127990 1830.1
1128000 1825.2
1128010 1821.4
1128020 1821.0
1128030 1826.4
1128040 1826.4
1128050 1832.5
1128060 1836.4
1128070 1836.4
1128080 1839.4
1128090 1842.3
1128100 1842.3
1128110 1844.8
1128120 1846.6
1128130 1846.6
1128140 1845.5
1128150 1839.7
1128160 1839.7
1128170 1832.5
1128180 1829.6
1128190 1829.6
1128200 1828.9
1128210 1832.2
1128220 1832.2
1128230 1837.7
1128240 1839.9
1128250 1836.1
1128260 1836.1
1128270 1833.6
1128280 1832.6
1128290 1832.6
1128300 1828.8
1128310 1823.0
1128320 1823.0
1128330 1823.9
1128340 1829.8
1128350 1829.8
1128360 1824.3
1128370 1818.7
1128380 1818.7
1128390 1818.1
1128400 1822.1
1128410 1822.1
1128420 1821.0
1128430 1826.1
1128440 1826.1
1128450 1828.5
1128460 1824.2
1128470 1824.2
1128480 1819.5
1128490 1816.7
1128500 1816.7
1128510 1817.0
1128520 1818.2
1128530 1818.8
1128540 1818.8
1128550 1821.2
1128560 1823.8
1128570 1823.8
1128580 1823.0
1128590 1821.1
1128600 1821.1
1128610 1826.4
1128620 1826.0
1128630 1826.0
1128640 1828.1
1128650 1831.2
1128660 1831.2
1128670 1836.0
1128680 1839.5
1128690 1839.5
1128700 1842.7
1128710 1845.3
1128720 1839.4
1128730 1841.6
1128740 1844.1
1128750 1844.1
1128760 1846.8
1128770 1849.0
1128780 1849.0
1128790 1851.2
1128800 1852.1
1128810 1852.2
1128820 1852.2
1128830 1851.9
1128840 1850.9
1128850 1850.9
1128860 1849.8
1128870 1849.6
1128880 1849.6
1128890 1850.0
1128900 1848.9
1128910 1848.9
1128920 1846.8
1128930 1843.7
1128940 1843.7
1128950 1843.1
1128960 1845.0
1128970 1845.0
1128980 1846.2
1128990 1845.9
1129000 1845.9
1129010 1845.7
1129020 1847.6
1129030 1847.6
1129040 1846.3
1129050 1844.1
1129060 1844.1
1129070 1845.4
1129080 1846.6
1129090 1848.4
1129100 1848.4
1129110 1848.5
1129120 1849.9
1129130 1849.9
1129140 1851.3
1129150 1851.0
1129160 1851.0
1129170 1856.7
1129180 1860.9
1129190 1860.9
1129200 1863.9
1129210 1866.2
1129220 1866.2
1129230 1866.8
1129240 1866.6
1129250 1866.6
1129260 1865.7
1129270 1865.8
1129280 1865.8
1129290 1866.9
1129300 1867.3
1129310 1867.3
1129320 1867.6
1129330 1869.9
1129340 1871.9
1129350 1871.9
1129360 1873.9
1129370 1876.4
1129380 1876.4
1129390 1879.2
1129400 1881.5
1129410 1881.5
1129420 1882.9
1129430 1883.6
1129440 1875.7
1129450 1876.8
1129460 1879.8
1129470 1879.8
1129480 1883.8
1129490 1886.7
1129500 1886.7
1129510 1888.6
1129520 1891.2
1129530 1891.2
1129540 1893.7
1129550 1896.0
1129560 1896.0
1129570 1896.9
1129580 1901.4
1129590 1901.4
1129600 1905.4
1129610 1908.3
1129620 1910.0
1129630 1910.0
1129640 1910.1
1129650 1911.0
1129660 1911.0
1129670 1914.2
1129680 1917.4
1129690 1917.4
1129700 1919.5
1129710 1920.6
1129720 1920.6
1129730 1922.2
1129740 1923.2
1129750 1923.2
1129760 1923.7
1129770 1924.0
1129780 1924.0
1129790 1923.5
1129800 1916.2
1129810 1916.2
1129820 1914.8
1129830 1914.2
1129840 1914.2
1129850 1913.8
1129860 1914.0
1129870 1914.0
1129880 1913.8
1129890 1912.6
1129900 1911.5
1129910 1911.5
1129920 1907.3
1129930 1906.6
1129940 1906.6
1129950 1906.8
1129960 1905.7
1129970 1905.7
1129980 1904.6
1129990 1903.3
1130000 1903.3
1130010 1903.0
1130020 1901.8
1130030 1901.8
1130040 1899.0
1130050 1897.4
1130060 1897.4
1130070 1896.8
1130080 1897.2
1130090 1897.2
1130100 1899.9
1130110 1903.9
1130120 1903.9
1130130 1907.2
1130140 1910.4
1130150 1910.4
1130160 1914.8
1130170 1916.9
1130180 1917.9
1130190 1917.9
1130200 1918.1
1130210 1917.6
1130220 1917.6
1130230 1917.2
1130240 1918.2
1130250 1918.2
1130260 1919.2
1130270 1919.5
1130280 1919.5
1130290 1920.5
1130300 1921.1
1130310 1921.1
1130320 1921.2
1130330 1921.1
1130340 1921.1
1130350 1920.5
1130360 1919.2
1130370 1919.2
1130380 1918.4
1130390 1917.2
1130400 1917.2
1130410 1915.8
1130420 1914.6
1130430 1912.2
1130440 1912.2
1130450 1909.7
1130460 1906.4
1130470 1906.4
1130480 1902.3
1130490 1898.2
1130500 1898.2
1130510 1891.4
1130520 1888.4
1130530 1888.4
1130540 1885.6
1130550 1882.0
1130560 1882.0
1130570 1879.8
1130580 1878.4
1130590 1878.4
1130600 1877.7
1130610 1877.8
1130620 1877.8
1130630 1879.7
1130640 1882.6
1130650 1882.6
1130660 1883.9
1130670 1884.5
1130680 1884.5
1130690 1882.8
1130700 1879.7
1130710 1877.7
1130720 1877.7
1130730 1875.0
1130740 1873.2
1130750 1873.2
1130760 1870.9
1130770 1867.0
1130780 1867.0
1130790 1863.4
1130800 1860.1
1130810 1860.1
1130820 1857.0
1130830 1852.8
1130840 1852.8
1130850 1847.6
1130860 1843.8
1130870 1837.3
1130880 1833.8
1130890 1837.6
1130900 1837.6
1130910 1842.6
1130920 1843.4
1130930 1843.4
1130940 1843.7
1130950 1848.7
1130960 1848.7
1130970 1852.0
1130980 1855.4
1130990 1860.2
1131000 1860.2
1131010 1864.9
1131020 1869.3
1131030 1869.3
1131040 1873.4
1131050 1877.1
1131060 1877.1
1131070 1881.5
1131080 1885.5
1131090 1885.5
1131100 1888.2
1131110 1890.8
1131120 1890.8
1131130 1894.4
1131140 1898.0
1131150 1898.0
1131160 1901.9
1131170 1905.0
1131180 1905.0
1131190 1908.1
1131200 1910.5
1131210 1910.5
1131220 1913.2
1131230 1912.5
1131240 1912.5
1131250 1914.4
1131260 1914.3
1131270 1914.9
1131280 1914.9
1131290 1914.2
1131300 1914.2
1131310 1914.2
1131320 1914.3
1131330 1914.4
1131340 1914.4
1131350 1916.3
1131360 1918.7
1131370 1918.7
1131380 1919.2
1131390 1918.3
1131400 1918.3
1131410 1918.8
1131420 1919.2
1131430 1919.2
1131440 1918.1
1131450 1916.8
1131460 1916.8
1131470 1914.7
1131480 1913.1
1131490 1913.1
1131500 1913.5
1131510 1914.1
1131520 1914.3
1131530 1914.3
1131540 1914.1
1131550 1914.1
1131560 1914.1
1131570 1914.3
1131580 1913.6
1131590 1907.9
1131600 1906.5
1131610 1906.3
1131620 1906.3
1131630 1905.9
1131640 1905.3
1131650 1905.3
1131660 1905.0
1131670 1904.9
1131680 1904.9
1131690 1905.6
1131700 1905.9
1131710 1905.9
1131720 1907.9
1131730 1909.2
1131740 1909.2
1131750 1909.6
1131760 1910.8
1131770 1910.8
1131780 1912.9
1131790 1915.2
1131800 1917.8
1131810 1917.8
1131820 1920.5
1131830 1922.9
1131840 1922.9
1131850 1923.7
1131860 1922.2
1131870 1922.2
1131880 1922.5
1131890 1924.3
1131900 1924.3
1131910 1925.4
1131920 1926.0
1131930 1926.0
1131940 1926.7
1131950 1927.5
1131960 1922.8
1131970 1925.6
1131980 1928.4
1131990 1928.4
1132000 1929.5
1132010 1929.8
1132020 1929.8
1132030 1932.7
1132040 1935.7
1132050 1935.7
1132060 1937.8
1132070 1940.3
1132080 1941.9
1132090 1941.9
1132100 1943.6
1132110 1945.3
1132120 1945.3
1132130 1947.3
1132140 1949.6
1132150 1949.6
1132160 1953.0
1132170 1955.9
1132180 1955.9
1132190 1958.7
1132200 1960.5
1132210 1960.5
1132220 1962.5
1132230 1963.8
1132240 1963.8
1132250 1964.5
1132260 1964.8
1132270 1964.8
1132280 1964.0
1132290 1963.4
1132300 1963.4
1132310 1962.6
1132320 1959.3
1132330 1959.3
1132340 1959.3
1132350 1959.9
1132360 1962.0
1132370 1962.0
1132380 1965.8
1132390 1969.9
1132400 1969.9
1132410 1974.2
1132420 1979.0
1132430 1979.0
1132440 1984.3
1132450 1990.0
1132460 1990.0
1132470 1997.1
1132480 2001.2
1132490 2001.2
1132500 2001.4
1132510 2000.3
1132520 2000.3
1132530 1998.8
1132540 1997.1
1132550 1997.1
1132560 1994.9
1132570 1992.4
1132580 1992.4
1132590 1989.7
1132600 1985.5
1132610 1977.3
1132620 1977.3
1132630 1965.8
1132640 1955.3
1132650 1955.3
1132660 1949.3
1132670 1941.8
1132680 1937.8
1132690 1932.2
1132700 1927.2
1132710 1927.2
1132720 1922.2
1132730 1917.8
1132740 1917.8
1132750 1913.4
1132760 1909.3
1132770 1909.3
1132780 1905.0
1132790 1900.6
1132800 1900.6
1132810 1896.4
1132820 1890.9
1132830 1890.9
1132840 1885.0
1132850 1880.2
1132860 1880.2
1132870 1876.0
1132880 1871.6
1132890 1867.2
1132900 1867.2
1132910 1863.0
1132920 1858.9
1132930 1858.9
1132940 1854.6
1132950 1851.6
1132960 1851.6
1132970 1847.5
1132980 1842.6
1132990 1842.6
1133000 1840.1
1133010 1838.4
1133020 1838.4
1133030 1836.6
1133040 1831.6
1133050 1831.6
1133060 1824.4
1133070 1819.0
1133080 1819.0
1133320 1789.7
1133330 1789.7
1133340 1788.3
1133350 1786.8
1133360 1786.8
1133370 1785.2
1133380 1783.4
1133390 1783.4
1133400 1780.8
1133410 1779.4
1133420 1777.3
1133430 1777.3
1133440 1774.6
1133450 1770.7
1133460 1770.7
1133470 1765.3
1133480 1760.2
1133490 1760.2
1133500 1756.0
1133510 1752.9
1133520 1752.9
1133530 1749.9
1133540 1745.7
1133550 1745.7
1133560 1735.1
1133570 1724.7
1133580 1724.7
1133590 1716.5
1133600 1708.8
1133610 1708.8
1133620 1700.7
1133630 1693.0
1133640 1693.0
1133650 1689.4
1133660 1686.4
1133670 1686.4
1133680 1682.5
1133690 1679.3
1133700 1675.5
1133710 1675.5
1133720 1671.3
1133730 1667.6
1133740 1667.6
1133750 1665.2
1133760 1662.5
1133770 1670.5
1133780 1665.2
1133790 1659.2
1133800 1659.2
1133810 1651.8
1133820 1647.7
1133830 1647.7
1133840 1645.9
1133850 1648.0
1133860 1648.0
1133870 1652.4
1133880 1653.2
1133890 1653.2
1133900 1651.6
1133910 1650.2
1133920 1650.2
1133930 1649.2
1133940 1647.9
1133950 1647.9
1133960 1646.5
1133970 1646.1
1133980 1644.6
1133990 1644.6
1134000 1642.3
1134010 1639.8
1134020 1639.8
1134030 1637.4
1134040 1636.1
1134050 1636.1
1134060 1633.2
1134070 1629.7
1134080 1629.7
1134090 1627.1
1134100 1625.8
1134110 1625.8
1134120 1624.4
1134130 1629.1
1134140 1629.1
1134150 1627.9
1134160 1625.5
1134170 1625.5
1134180 1622.7
1134190 1621.2
1134200 1621.2
1134210 1620.8
1134220 1620.3
1134230 1620.3
1134240 1618.4
1134250 1616.7
1134260 1615.9
1134270 1615.9
1134280 1613.4
1134290 1611.3
1134300 1611.3
1134310 1610.6
1134320 1610.6
1134330 1610.6
1134340 1610.1
1134350 1609.0
1134360 1609.0
1134370 1608.2
1134380 1607.5
1134390 1607.5
1134400 1605.8
1134410 1604.0
1134420 1604.0
1134430 1602.1
1134440 1599.6
1134450 1599.6
1134460 1597.3
1134470 1594.1
1134480 1594.1
1134490 1595.7
1134500 1594.1
1134510 1592.4
1134520 1592.4
1134530 1591.3
1134540 1590.8
1134550 1590.8
1134560 1591.4
1134570 1593.0
1134580 1593.0
1134590 1595.2
1134600 1596.5
1134610 1596.5
1134620 1597.2
1134630 1598.0
1134640 1598.0
1134650 1600.4
1134660 1603.1
1134670 1603.1
1134680 1605.5
1134690 1607.4
1134700 1607.4
1134710 1609.2
1134720 1612.0
1134730 1612.0
1134740 1613.8
1134750 1615.7
1134760 1615.7
1134770 1617.8
1134780 1619.7
1134790 1622.6
1134800 1622.6
1134810 1625.8
1134820 1628.5
1134830 1628.5
1134840 1632.7
1134850 1637.2
1134860 1643.9
1134870 1648.3
1134880 1652.4
1134890 1652.4
1134900 1655.2
1134910 1658.7
1134920 1658.7
1134930 1661.7
1134940 1664.9
1134950 1664.9
1134960 1669.6
1134970 1673.5
1134980 1673.5
1134990 1674.0
1135000 1673.9
1135010 1673.9
1135020 1678.9
1135030 1692.4
1135040 1692.4
1135050 1704.2
1135060 1709.4
1135070 1729.2
1135080 1729.2
1135090 1745.7
1135100 1748.8
1135110 1748.8
1135120 1748.9
1135130 1746.0
1135140 1746.0
1135150 1743.6
1135160 1742.0
1135170 1742.0
1135180 1738.2
1135190 1737.3
1135200 1737.3
1135210 1736.7
1135220 1739.3
1135230 1739.3
1135240 1738.9
1135250 1738.5
1135260 1738.5
1135270 1737.3
1135280 1735.8
1135290 1735.8
1135300 1733.3
1135310 1731.7
1135320 1731.7
1135330 1731.0
1135340 1730.2
1135350 1729.4
1135360 1729.4
1135370 1728.5
1135380 1725.2
1135390 1725.2
1135400 1723.6
1135410 1720.2
1135420 1720.2
1135430 1717.8
1135440 1715.0
1135450 1715.0
1135460 1711.6
1135470 1709.4
1135480 1709.4
1135490 1705.2
1135500 1702.0
1135510 1702.0
1135520 1701.9
1135530 1702.1
1135540 1702.1
1135550 1702.9
1135560 1704.6
1135570 1704.6
1135580 1705.6
1135590 1699.9
1135600 1695.4
1135610 1695.4
1135620 1694.1
1135630 1691.7
1135640 1691.7
1135650 1685.7
1135660 1681.3
1135670 1681.3
1135680 1677.3
1135690 1677.0
1135700 1677.0
1135710 1675.7
1135720 1674.1
1135730 1674.1
1135740 1674.7
1135750 1675.1
1135760 1675.1
1135770 1674.5
1135780 1677.6
1135790 1677.6
1135800 1681.0
1135810 1684.6
1135820 1684.6
1135830 1688.2
1135840 1690.3
1135850 1690.3
1135860 1690.3
1135870 1689.4
1135880 1692.1
1135890 1692.1
1135900 1697.5
1135910 1704.3
1135920 1704.3
1135930 1710.1
1135940 1715.9
1135950 1716.5
1135960 1723.0
1135970 1728.7
1135980 1728.7
1135990 1734.5
1136000 1741.0
1136010 1741.0
1136020 1749.5
1136030 1757.6
1136040 1757.6
1136050 1767.5
1136060 1777.9
1136070 1777.9
1136080 1785.3
1136090 1793.3
1136100 1793.3
1136110 1802.3
1136120 1809.9
1136130 1809.9
1136140 1817.0
1136150 1826.7
1136160 1854.1
1136170 1854.1
1136180 1871.6
1136190 1880.6
1136200 1880.6
1136210 1887.2
1136220 1890.3
1136230 1890.3
1136240 1891.9
1136250 1898.3
1136260 1898.3
1136270 1903.3
1136280 1908.5
1136290 1908.5
1136300 1910.7
1136310 1912.3
1136320 1911.7
1136330 1912.1
1136340 1911.8
1136350 1911.8
1136360 1911.0
1136370 1910.3
1136380 1910.3
1136390 1909.3
1136400 1909.5
1136410 1909.5
1136420 1909.0
1136430 1905.5
1136440 1902.0
1136450 1902.0
1136460 1898.1
1136470 1893.1
1136480 1893.1
1136490 1888.4
1136500 1888.9
1136510 1888.9
1136520 1887.7
1136530 1885.1
1136540 1885.1
1136550 1880.8
1136560 1876.0
1136570 1876.0
1136580 1869.4
1136590 1866.3
1136600 1866.3
1136610 1864.7
1136620 1863.6
1136630 1863.6
1136640 1862.8
1136650 1860.6
1136660 1860.6
1136670 1860.6
1136680 1863.3
1136690 1862.7
1136700 1862.7
1136710 1862.7
1136720 1867.0
1136730 1867.0
1136740 1873.4
1136750 1875.9
1136760 1875.9
1136770 1874.7
1136780 1872.0
1136790 1872.0
1136800 1869.6
1136810 1865.8
1136820 1865.8
1136830 1861.8
1136840 1859.0
1136850 1859.0
1136860 1854.8
1136870 1849.3
1136880 1849.3
1136890 1843.3
1136900 1837.7
1136910 1837.7
1136920 1834.0
1136930 1833.3
1136940 1833.3
1136950 1832.1
1136960 1827.3
1136970 1824.0
1136980 1824.0
1136990 1818.8
1137000 1812.1
1137010 1812.1
1137020 1802.1
1137030 1794.6
1137040 1794.6
1137050 1792.8
1137060 1792.4
1137070 1792.4
1137080 1789.7
1137090 1786.5
1137100 1786.5
1137110 1781.0
1137120 1775.9
1137130 1775.9
1137140 1773.8
1137150 1773.1
1137160 1773.1
1137170 1772.7
1137180 1772.2
1137190 1772.2
1137200 1772.9
1137210 1774.4
1137220 1774.4
1137230 1775.4
1137240 1777.3
1137250 1779.0
1137260 1779.0
1137270 1778.9
1137280 1780.2
1137290 1780.2
1137300 1780.5
1137310 1779.9
1137320 1779.9
1137330 1779.6
1137340 1782.4
1137350 1782.4
1137360 1787.8
1137370 1792.7
1137380 1792.7
1137390 1795.9
1137400 1798.1
1137410 1797.7
1137420 1801.0
1137430 1804.3
1137440 1804.3
1137450 1808.6
1137460 1811.1
1137470 1811.1
1137480 1811.6
1137490 1811.3
1137500 1810.9
1137510 1810.9
1137520 1813.0
1137530 1814.3
1137540 1814.3
1137550 1815.5
1137560 1818.0
1137570 1818.0
1137580 1819.7
1137590 1821.2
1137600 1821.2
1137610 1823.5
1137620 1825.3
1137630 1825.3
1137640 1826.5
1137650 1828.5
1137660 1828.5
1137670 1831.0
1137680 1834.5
1137690 1834.5
1137700 1838.8
1137710 1842.6
1137720 1842.6
1137730 1846.2
1137740 1849.4
1137750 1849.4
1137760 1853.0
1137770 1856.2
1137780 1860.1
1137790 1860.1
1137800 1863.0
1137810 1866.3
1137820 1866.3
1137830 1870.0
1137840 1873.9
1137850 1873.9
1137860 1877.6
1137870 1881.2
1137880 1881.2
1137890 1884.6
1137900 1887.5
1137910 1887.5
1137920 1890.5
1137930 1893.3
1137940 1893.3
1137950 1895.8
1137960 1899.0
1137970 1899.0
1137980 1901.6
1137990 1903.1
1138000 1903.1
1138010 1904.4
1138020 1906.8
1138030 1906.8
1138040 1909.7
1138050 1912.1
1138060 1914.0
1138070 1914.0
1138080 1916.0
1138090 1917.8
1138100 1917.8
1138110 1920.1
1138120 1922.2
1138130 1922.2
1138140 1924.4
1138150 1932.3
1138160 1932.3
1138170 1934.5
1138180 1936.8
1138190 1936.8
1138200 1939.1
1138210 1941.4
1138220 1941.4
1138230 1942.2
1138240 1940.2
1138250 1940.2
1138260 1941.2
1138270 1942.6
1138280 1942.6
1138290 1946.2
1138300 1951.7
1138310 1951.7
1138320 1957.3
1138330 1962.8
1138340 1966.8
1138350 1966.8
1138360 1970.0
1138370 1972.3
1138380 1972.3
1138390 1974.0
1138400 1975.3
1138410 1975.3
1138420 1977.0
1138430 1979.1
1138440 1979.1
1138450 1981.4
1138460 1983.8
1138470 1983.8
1138480 1986.9
1138490 1989.2
1138500 1989.2
1138510 1991.4
1138520 2000.5
1138530 2000.5
1138540 2003.4
1138550 2006.0
1138560 2006.0
1138570 2009.2
1138580 2012.7
1138590 2016.5
1138600 2016.5
1138610 2018.8
1138620 2019.0
1138630 2019.0
1138640 2020.5
1138650 2023.2
1138660 2023.2
1138670 2025.7
1138680 2027.0
1138690 2027.0
1138700 2026.6
1138710 2026.3
1138720 2026.3
1138730 2023.4
1138740 2024.4
1138750 2024.4
1138760 2025.9
1138770 2027.7
1138780 2027.7
1138790 2029.9
1138800 2032.3
1138810 2032.3
1138820 2034.9
1138830 2038.5
1138840 2038.5
1138850 2041.7
1138860 2045.4
1138870 2048.8
1138880 2054.7
1138890 2058.2
1138900 2061.5
1138910 2061.5
1138920 2064.7
1138930 2068.1
1138940 2068.1
1138950 2071.9
1138960 2075.3
1138970 2075.3
1138980 2078.3
1138990 2080.9
1139000 2080.9
1139010 2083.4
1139020 2086.3
1139030 2086.3
1139040 2088.4
1139050 2090.8
1139060 2090.8
1139070 2092.6
1139080 2093.0
1139090 2093.0
1139100 2091.7
1139110 2097.3
1139120 2097.3
1139130 2102.9
1139140 2106.7
1139150 2109.4
1139160 2109.4
1139170 2111.3
1139180 2112.7
1139190 2112.7
1139200 2113.5
1139210 2114.4
1139220 2114.4
1139230 2115.3
1139240 2115.5
1139250 2122.8
1139260 2122.6
1139270 2124.9
1139280 2124.9
1139290 2125.6
1139300 2126.2
1139310 2126.2
1139320 2127.0
1139330 2128.2
1139340 2128.2
1139350 2129.5
1139360 2130.7
1139370 2130.7
1139380 2130.6
1139390 2129.1
1139400 2129.1
1139410 2128.4
1139420 2128.8
1139430 2130.6
1139440 2130.6
1139450 2134.0
1139460 2137.4
1139470 2137.4
1139480 2140.6
1139490 2143.4
1139500 2143.4
1139510 2145.8
1139520 2148.3
1139530 2148.3
1139540 2150.0
1139550 2152.2
1139560 2152.2
1139570 2154.3
1139580 2154.5
1139590 2154.5
1139600 2154.5
1139610 2154.8
1139620 2161.1
1139630 2162.5
1139640 2163.6
1139650 2163.6
1139660 2164.5
1139670 2166.2
1139680 2168.9
1139690 2168.9
1139700 2172.0
1139710 2176.0
1139720 2176.0
1139730 2180.7
1139740 2185.4
1139750 2185.4
1139760 2189.7
1139770 2194.8
1139780 2194.8
1139790 2200.6
1139800 2206.5
1139810 2206.5
1139820 2212.6
1139830 2218.8
1139840 2218.8
1139850 2225.2
1139860 2231.8
1139870 2231.8
1139880 2238.4
1139890 2244.6
1139900 2244.6
1139910 2251.2
1139920 2259.2
1139930 2259.2
1139940 2270.1
1139950 2285.1
1139960 2298.0
1139970 2298.0
1139980 2307.6
1139990 2317.0
