1120000 1341.7
1120010 1341.7
1120020 1346.4
1120030 1352.0
1120040 1352.0
1120050 1358.4
1120060 1364.9
1120070 1372.5
1120080 1372.5
1120090 1374.1
1120100 1372.2
1120110 1372.2
1120120 1373.8
1120130 1376.1
1120140 1376.1
1120150 1379.0
1120160 1382.9
1120170 1382.9
1120180 1386.7
1120190 1389.1
1120200 1389.1
1120210 1393.3
1120220 1396.7
1120230 1396.7
1120240 1400.3
1120250 1403.3
1120260 1403.3
1120270 1405.3
1120280 1407.2
1120290 1407.2
1120300 1409.0
1120310 1411.2
1120320 1411.2
1120330 1414.2
1120340 1420.0
1120350 1424.1
1120360 1424.1
1120370 1426.9
1120380 1430.3
1120390 1430.3
1120400 1434.9
1120410 1438.0
1120420 1438.0
1120430 1441.0
1120440 1439.2
1120450 1439.2
1120460 1443.8
1120470 1448.6
1120480 1448.6
1120490 1453.0
1120500 1457.2
1120510 1457.2
1120520 1462.8
1120530 1467.5
1120540 1467.5
1120550 1472.5
1120560 1479.6
1120570 1479.6
1120580 1485.5
1120590 1490.4
1120600 1495.1
1120610 1495.1
1120620 1499.4
1120630 1503.8
1120640 1503.8
1120650 1508.2
1120660 1512.6
1120670 1512.6
1120680 1517.4
1120690 1521.4
1120700 1521.4
1120710 1520.9
1120720 1520.7
1120730 1520.7
1120740 1520.9
1120750 1520.1
1120760 1520.1
1120770 1520.6
1120780 1522.3
1120790 1518.0
1120800 1523.7
1120810 1529.8
1120820 1529.8
1120830 1536.4
1120840 1546.1
1120850 1546.1
1120860 1559.2
1120870 1568.0
1120880 1576.7
1120890 1576.7
1120900 1586.3
1120910 1597.5
1120920 1597.5
1120930 1606.5
1120940 1609.6
1120950 1609.6
1120960 1610.8
1120970 1612.1
1120980 1612.1
1120990 1613.8
1121000 1615.8
1121010 1615.8
1121020 1617.4
1121030 1615.0
1121040 1615.0
1121050 1609.5
1121060 1604.5
1121070 1604.5
1121080 1599.3
1121090 1594.5
1121100 1594.5
1121110 1591.3
1121120 1589.3
1121130 1589.3
1121140 1580.0
1121150 1577.8
1121160 1573.5
1121170 1573.5
1121180 1587.5
1121190 1598.1
1121200 1598.1
1121210 1604.8
1121220 1604.7
1121230 1604.7
1121240 1600.0
1121250 1603.4
1121260 1603.4
1121270 1606.5
1121280 1609.0
1121290 1609.0
1121300 1610.6
1121310 1614.1
1121320 1614.1
1121330 1617.2
1121340 1620.9
1121350 1620.9
1121360 1623.0
1121370 1627.9
1121380 1627.9
1121390 1634.4
1121400 1639.2
1121410 1639.2
1121420 1645.4
1121430 1651.1
1121440 1657.2
1121450 1657.2
1121460 1663.1
1121470 1670.0
1121480 1670.0
1121490 1674.8
1121500 1679.4
1121510 1679.4
1121520 1682.6
1121530 1685.9
1121540 1685.9
1121550 1689.0
1121560 1691.1
1121570 1691.1
1121580 1693.2
1121590 1694.7
1121600 1694.7
1121610 1695.4
1121620 1695.7
1121630 1695.7
1121640 1695.3
1121650 1694.2
1121660 1694.2
1121670 1694.1
1121680 1693.7
1121690 1693.7
1121700 1694.1
1121710 1693.8
1121720 1693.2
1121730 1693.2
1121740 1692.6
1121750 1691.4
1121760 1691.4
1121770 1690.2
1121780 1690.1
1121790 1690.1
1121800 1689.6
1121810 1686.8
1121820 1686.8
1121830 1687.0
1121840 1681.3
1121850 1681.3
1121860 1679.8
1121870 1682.5
1121880 1682.5
1121890 1689.4
1121900 1692.4
1121910 1692.4
1121920 1694.0
1121930 1695.5
1121940 1695.5
1121950 1698.2
1121960 1700.9
1121970 1700.9
1121980 1703.7
1121990 1707.9
1122000 1714.7
1122010 1714.7
1122020 1721.4
1122030 1727.0
1122040 1727.0
1122050 1731.1
1122060 1735.7
1122070 1735.7
1122080 1740.9
1122090 1745.6
1122100 1745.6
1122110 1749.3
1122120 1752.9
1122130 1752.9
1122140 1757.8
1122150 1761.6
1122160 1761.6
1122170 1764.5
1122180 1769.5
1122190 1766.9
1122200 1770.9
1122210 1774.9
1122220 1774.9
1122230 1778.8
1122240 1782.3
1122250 1782.3
1122260 1784.8
1122270 1786.0
1122280 1788.0
1122290 1788.0
1122300 1790.5
1122310 1791.8
1122320 1791.8
1122330 1791.4
1122340 1790.1
1122350 1790.1
1122360 1788.7
1122370 1788.3
1122380 1788.3
1122390 1789.1
1122400 1788.3
1122410 1788.3
1122420 1785.5
1122430 1780.9
1122440 1780.9
1122450 1778.1
1122460 1775.9
1122470 1775.9
1122480 1773.5
1122490 1771.7
1122500 1771.7
1122510 1770.3
1122520 1770.7
1122530 1770.7
1122540 1771.2
1122550 1772.4
1122560 1776.6
1122570 1776.6
1122580 1779.4
1122590 1781.6
1122600 1781.6
1122610 1784.0
1122620 1786.7
1122630 1786.7
1122640 1790.7
1122650 1792.8
1122660 1792.8
1122670 1793.7
1122680 1796.1
1122690 1796.1
1122700 1798.9
1122710 1800.2
1122720 1800.2
1122730 1801.7
1122740 1803.1
1122750 1803.1
1122760 1803.8
1122770 1804.6
1122780 1804.6
1122790 1805.7
1122800 1807.6
1122810 1807.6
1122820 1809.2
1122830 1810.3
1122840 1811.6
1122850 1811.6
1122860 1814.4
1122870 1820.2
1122880 1820.2
1122890 1827.2
1122900 1829.7
1122910 1829.7
1122920 1832.4
1122930 1835.9
1122940 1835.9
1122950 1839.2
1122960 1842.1
1122970 1842.1
1122980 1844.2
1122990 1845.9
1123000 1845.9
1123010 1847.1
1123020 1849.3
1123030 1849.3
1123040 1851.7
1123050 1854.6
1123060 1854.6
1123070 1857.4
1123080 1860.6
1123090 1860.6
1123100 1863.7
1123110 1866.1
1123120 1865.8
1123130 1865.8
1123140 1861.3
1123150 1855.4
1123160 1855.4
1123170 1848.7
1123180 1841.2
1123190 1841.2
1123200 1834.1
1123210 1827.8
1123220 1827.8
1123230 1821.8
1123240 1815.8
1123250 1816.0
1123260 1810.2
1123270 1806.2
1123280 1806.2
1123290 1802.2
1123300 1798.1
1123310 1798.1
1123320 1793.6
1123330 1789.3
1123340 1789.3
1123350 1785.3
1123360 1781.1
1123370 1781.1
1123380 1777.0
1123390 1773.2
1123400 1768.7
1123410 1768.7
1123420 1763.6
1123430 1758.2
1123440 1758.2
1123450 1752.5
1123460 1747.9
1123470 1747.9
1123480 1747.1
1123490 1745.2
1123500 1745.2
1123510 1741.8
1123520 1736.4
1123530 1736.4
1123540 1730.1
1123550 1725.9
1123560 1725.9
1123570 1721.6
1123580 1717.3
1123590 1717.3
1123600 1712.0
1123610 1709.3
1123620 1709.3
1123630 1706.6
1123640 1704.0
1123650 1704.0
1123660 1701.2
1123670 1697.8
1123680 1694.5
1123690 1694.5
1123700 1692.3
1123710 1689.6
1123720 1689.6
1123730 1686.7
1123740 1684.7
1123750 1684.7
1123760 1682.5
1123770 1679.6
1123780 1679.6
1123790 1675.9
1123800 1674.0
1123810 1674.0
1123820 1672.9
1123830 1670.6
1123840 1670.6
1123850 1668.8
1123860 1668.0
1123870 1668.0
1123880 1665.9
1123890 1664.4
1123900 1664.4
1123910 1663.4
1123920 1662.0
1123930 1660.7
1123940 1660.7
1123950 1659.2
1123960 1660.9
1123970 1660.9
1123980 1659.5
1123990 1658.7
1124000 1658.7
1124010 1658.2
1124020 1657.2
1124030 1657.2
1124040 1655.1
1124050 1653.1
1124060 1653.1
1124070 1652.0
1124080 1649.2
1124090 1649.2
1124100 1645.3
1124110 1642.5
1124120 1642.5
1124130 1641.7
1124140 1640.4
1124150 1640.4
1124160 1638.8
1124170 1637.6
1124180 1637.6
1124190 1635.3
1124200 1632.9
1124210 1631.9
1124220 1631.9
1124230 1630.4
1124240 1629.1
1124250 1629.1
1124260 1628.0
1124270 1625.8
1124280 1625.8
1124290 1622.6
1124300 1619.1
1124310 1623.1
1124320 1619.2
1124330 1615.7
1124340 1615.7
1124350 1611.8
1124360 1608.4
1124370 1608.4
1124380 1605.5
1124390 1602.8
1124400 1602.8
1124410 1599.3
1124420 1595.5
1124430 1595.5
1124440 1591.3
1124450 1587.3
1124460 1587.3
1124470 1583.7
1124480 1580.9
1124490 1577.4
1124500 1577.4
1124510 1573.9
1124520 1571.2
1124530 1571.2
1124540 1568.9
1124550 1566.1
1124560 1566.1
1124570 1564.2
1124580 1563.9
1124590 1563.9
1124600 1562.0
1124610 1559.9
1124620 1559.9
1124630 1558.3
1124640 1556.5
1124650 1556.5
1124660 1555.9
1124670 1556.3
1124680 1556.3
1124690 1557.0
1124700 1556.6
1124710 1556.6
1124720 1557.5
1124730 1557.9
1124740 1557.9
1124750 1558.7
1124760 1559.2
1124770 1560.6
1124780 1560.6
1124790 1561.8
1124800 1562.4
1124810 1562.4
1124820 1563.4
1124830 1564.3
1124840 1564.3
1124850 1564.4
1124860 1564.5
1124870 1564.5
1124880 1564.2
1124890 1563.5
1124900 1563.5
1124910 1562.8
1124920 1561.9
1124930 1561.9
1124940 1561.0
1124950 1560.3
1124960 1560.3
1124970 1559.6
1124980 1558.8
1124990 1558.8
1125000 1558.2
1125010 1557.2
1125020 1557.8
1125030 1556.3
1125040 1553.8
1125050 1550.7
1125060 1550.7
1125070 1546.9
1125080 1543.2
1125090 1543.2
1125100 1539.2
1125110 1535.2
1125120 1535.2
1125130 1530.7
1125140 1525.8
1125150 1525.8
1125160 1521.1
1125170 1516.9
1125180 1516.9
1125190 1513.9
1125200 1512.0
1125210 1512.0
1125220 1510.0
1125230 1508.1
1125240 1508.1
1125250 1505.5
1125260 1502.2
1125270 1502.2
1125280 1498.4
1125290 1494.2
1125300 1494.2
1125310 1490.2
1125320 1486.6
1125330 1483.3
1125340 1483.3
1125350 1480.6
1125360 1478.1
1125370 1481.9
1125380 1480.2
1125390 1475.6
1125400 1475.6
1125410 1469.9
1125420 1465.9
1125430 1465.9
1125440 1462.3
1125450 1458.1
1125460 1458.1
1125470 1453.6
1125480 1450.9
1125490 1450.9
1125500 1449.0
1125510 1445.6
1125520 1445.6
1125530 1441.5
1125540 1438.1
1125550 1438.1
1125560 1435.1
1125570 1432.1
1125580 1432.1
1125590 1429.3
1125600 1426.5
1125610 1423.9
1125620 1423.9
1125630 1420.4
1125640 1417.4
1125650 1417.4
1125660 1414.8
1125670 1412.0
1125680 1412.0
1125690 1408.8
1125700 1403.4
1125710 1403.4
1125720 1399.7
1125730 1400.6
1125740 1400.6
1125750 1402.2
1125760 1403.4
1125770 1403.4
1125780 1404.3
1125790 1404.2
1125800 1404.2
1125810 1403.7
1125820 1403.2
1125830 1403.2
1125840 1403.2
1125850 1402.2
1125860 1402.2
1125870 1401.6
1125880 1401.8
1125890 1404.3
1125900 1404.3
1125910 1407.2
1125920 1411.6
1125930 1411.6
1125940 1416.1
1125950 1420.5
1125960 1420.5
1125970 1424.5
1125980 1428.5
1125990 1428.5
1126000 1432.1
1126010 1437.8
1126020 1437.8
1126030 1444.9
1126040 1451.0
1126050 1451.0
1126060 1455.8
1126070 1461.3
1126080 1464.9
1126090 1469.7
1126100 1474.2
1126110 1474.2
1126120 1478.7
1126130 1483.9
1126140 1483.9
1126150 1488.8
1126160 1491.8
1126170 1494.1
1126180 1494.1
1126190 1496.7
1126200 1500.7
1126210 1500.7
1126220 1507.9
1126230 1515.8
1126240 1515.8
1126250 1523.0
1126260 1529.2
1126270 1529.2
1126280 1549.7
1126290 1578.2
1126300 1578.2
1126310 1592.3
1126320 1612.7
1126330 1612.7
1126340 1626.9
1126350 1650.0
1126360 1650.0
1126370 1660.4
1126380 1666.2
1126390 1666.2
1126400 1670.0
1126410 1675.0
1126420 1675.0
1126430 1678.9
1126440 1697.9
1126450 1704.0
1126460 1704.0
1126470 1708.2
1126480 1716.3
1126490 1716.3
1126500 1724.9
1126510 1729.4
1126520 1729.4
1126530 1733.6
1126540 1738.1
1126550 1738.1
1126560 1742.7
1126570 1747.9
1126580 1747.9
1126590 1755.7
1126600 1767.9
1126610 1767.9
1126620 1781.2
1126630 1791.2
1126640 1791.2
1126650 1798.3
1126660 1803.2
1126670 1803.2
1126680 1807.3
1126690 1812.8
1126700 1817.3
1126710 1817.3
1126720 1822.5
1126730 1828.0
1126740 1828.0
1126750 1832.6
1126760 1837.5
1126770 1837.5
1126780 1846.3
1126790 1866.5
1126800 1866.5
1126810 1868.6
1126820 1872.4
1126830 1872.4
1126840 1881.4
1126850 1888.6
1126860 1888.6
1126870 1894.6
1126880 1893.1
1126890 1893.1
1126900 1888.5
1126910 1891.8
1126920 1891.8
1126930 1893.4
1126940 1891.4
1126950 1891.4
1126960 1883.8
1126970 1885.4
1126980 1887.8
1126990 1887.8
1127000 1885.8
1127010 1886.2
1127020 1886.2
1127030 1885.8
1127040 1879.1
1127050 1879.1
1127060 1872.1
1127070 1870.7
1127080 1870.7
1127090 1877.7
1127100 1879.1
1127110 1879.1
1127120 1881.8
1127130 1878.4
1127140 1878.4
1127150 1879.8
1127160 1872.9
1127170 1872.9
1127180 1866.1
1127190 1862.2
1127200 1862.2
1127210 1858.1
1127220 1855.5
1127230 1855.5
1127240 1851.5
1127250 1845.0
1127260 1840.8
1127270 1840.8
1127280 1838.4
1127290 1835.7
1127300 1835.7
1127310 1829.7
1127320 1833.7
1127330 1833.7
1127340 1832.5
1127350 1831.2
1127360 1831.2
1127370 1833.6
1127380 1835.4
1127390 1835.4
1127400 1833.1
1127410 1835.2
1127420 1835.2
1127430 1839.7
1127440 1844.3
1127450 1844.3
1127460 1843.7
1127470 1840.3
1127480 1840.3
1127490 1843.6
1127500 1858.6
1127510 1858.6
1127520 1861.2
1127530 1861.9
1127540 1858.3
1127550 1858.3
1127560 1845.1
1127570 1838.5
1127580 1838.5
1127590 1836.6
1127600 1834.6
1127610 1834.6
1127620 1832.6
1127630 1831.6
1127640 1831.6
1127650 1831.9
1127660 1834.0
1127670 1834.0
1127680 1834.1
1127690 1835.6
1127700 1835.6
1127710 1836.8
1127720 1838.4
1127730 1838.4
1127740 1839.8
1127750 1841.9
1127760 1841.9
1127770 1842.8
1127780 1842.6
1127790 1842.6
1127800 1842.8
1127810 1845.6
1127820 1848.3
1127830 1848.3
1127840 1851.5
1127850 1852.4
1127860 1858.0
1127870 1859.6
1127880 1863.4
1127890 1863.4
1127900 1869.4
1127910 1875.8
1127920 1875.8
1127930 1885.8
1127940 1900.3
1127950 1900.3
1127960 1919.2
1127970 1945.5
1127980 1945.5
1127990 1964.2
1128000 1962.3
1128010 1962.3
1128020 1969.3
1128030 1975.9
1128040 1975.9
1128050 1985.6
1128060 1993.2
1128070 1993.2
1128080 2001.4
1128090 2010.6
1128100 2023.8
1128110 2023.8
1128120 2036.6
1128130 2047.2
1128140 2047.2
1128150 2059.0
1128160 2069.2
1128170 2069.2
1128180 2083.8
1128190 2095.0
1128200 2095.0
1128210 2112.4
1128220 2124.7
1128230 2124.7
1128240 2131.8
1128250 2140.7
1128260 2140.7
1128270 2152.7
1128280 2167.1
1128290 2167.1
1128300 2178.8
1128310 2190.1
1128320 2190.1
1128330 2204.5
1128340 2207.3
1128350 2207.3
1128360 2205.4
1128370 2216.9
1128380 2228.5
1128390 2228.5
1128400 2226.4
1128410 2209.3
1128420 2209.3
1128430 2179.4
1128440 2166.5
1128450 2166.5
1128460 2158.1
1128470 2150.8
1128480 2150.8
1128490 2143.2
1128500 2133.7
1128510 2133.7
1128520 2119.8
1128530 2105.0
1128540 2105.0
1128550 2095.2
1128560 2081.7
1128570 2079.3
1128580 2057.5
1128590 2043.1
1128600 2043.1
1128610 2033.4
1128620 2023.3
1128630 2023.3
1128640 2012.0
1128650 1993.6
1128660 1984.9
1128670 1984.9
1128680 1983.1
1128690 1966.0
1128700 1966.0
1128710 1958.1
1128720 1948.3
1128730 1948.3
1128740 1931.1
1128750 1916.2
1128760 1916.2
1128770 1907.7
1128780 1887.4
1128790 1887.4
1128800 1874.7
1128810 1863.2
1128820 1863.2
1128830 1845.4
1128840 1835.4
1128850 1835.4
1128860 1822.3
1128870 1806.0
1128880 1806.0
1128890 1794.0
1128900 1784.2
1128910 1784.2
1128920 1777.2
1128930 1784.7
1128940 1766.5
1128950 1766.5
1128960 1754.6
1128970 1750.1
1128980 1750.1
1128990 1745.9
1129000 1739.8
1129010 1739.8
1129020 1733.8
1129030 1728.1
1129040 1728.1
1129050 1722.6
1129060 1717.1
1129070 1717.1
1129080 1711.9
1129090 1707.1
1129100 1707.1
1129110 1702.1
1129120 1696.9
1129130 1696.9
1129140 1691.9
1129150 1687.6
1129160 1687.6
1129170 1683.8
1129180 1679.9
1129190 1679.9
1129200 1677.0
1129210 1673.9
1129220 1669.1
1129230 1669.1
1129240 1663.2
1129250 1658.3
1129260 1658.3
1129270 1652.1
1129280 1647.6
1129290 1640.6
1129300 1636.0
1129310 1631.4
1129320 1631.4
1129330 1625.8
1129340 1618.3
1129350 1618.3
1129360 1610.0
1129370 1601.9
1129380 1601.9
1129390 1594.0
1129400 1586.3
1129410 1586.3
1129420 1578.4
1129430 1570.6
1129440 1570.6
1129450 1563.1
1129460 1555.2
1129470 1550.2
1129480 1550.2
1129490 1548.4
1129500 1545.7
1129510 1545.7
1129520 1542.2
1129530 1539.2
1129540 1539.2
1129550 1535.8
1129560 1532.1
1129570 1532.1
1129580 1528.1
1129590 1524.2
1129600 1524.2
1129610 1520.3
1129620 1515.7
1129630 1515.7
1129640 1511.1
1129650 1508.5
1129660 1508.5
1129670 1503.8
1129680 1498.7
1129690 1498.7
1129700 1493.8
1129710 1488.8
1129720 1488.8
1129730 1484.0
1129740 1478.8
1129750 1473.4
1129760 1473.4
1129770 1468.4
1129780 1463.6
1129790 1463.6
1129800 1459.1
1129810 1454.6
1129820 1454.6
1129830 1450.1
1129840 1445.0
1129850 1445.0
1129860 1440.3
1129870 1435.8
1129880 1435.8
1129890 1431.8
1129900 1427.9
1129910 1427.9
1129920 1423.4
1129930 1419.0
1129940 1419.0
1129950 1414.7
1129960 1410.5
1129970 1410.5
1129980 1406.3
1129990 1402.8
1130000 1402.8
1130010 1400.4
1130020 1395.7
1130030 1391.3
1130040 1391.3
1130050 1387.4
1130060 1383.9
1130070 1383.9
1130080 1381.0
1130090 1378.3
1130100 1378.3
1130110 1376.3
1130120 1374.2
1130130 1374.2
1130140 1371.7
1130150 1369.7
1130160 1369.7
1130170 1367.9
1130180 1365.7
1130190 1365.7
1130200 1363.1
1130210 1360.8
1130220 1360.8
1130230 1357.2
1130240 1354.6
1130250 1354.6
1130260 1352.0
1130270 1348.7
1130280 1348.7
1130290 1345.9
1130300 1342.9
1130310 1339.8
1130320 1339.8
1130330 1337.4
1130340 1333.6
1130350 1333.6
1130360 1326.7
1130370 1325.4
1130380 1325.4
1130390 1327.3
1130400 1332.6
1130410 1332.6
1130420 1336.4
1130430 1340.9
1130440 1340.9
1130450 1346.0
1130460 1350.9
1130470 1350.9
1130480 1355.5
1130490 1359.8
1130500 1359.8
1130510 1364.4
1130520 1369.2
1130530 1369.2
1130540 1374.8
1130550 1380.6
1130560 1380.6
1130570 1386.7
1130580 1392.6
1130590 1398.6
1130600 1398.6
1130610 1404.4
1130620 1410.5
1130630 1410.5
1130640 1416.5
1130650 1422.8
1130660 1422.8
1130670 1428.1
1130680 1431.9
1130690 1431.9
1130700 1434.9
1130710 1437.8
1130720 1437.8
1130730 1444.0
1130740 1447.4
1130750 1447.4
1130760 1453.5
1130770 1461.3
1130780 1461.3
1130790 1468.9
1130800 1477.2
1130810 1477.2
1130820 1484.9
1130830 1493.3
1130840 1493.3
1130850 1501.0
1130860 1507.6
1130870 1513.5
1130880 1513.5
1130890 1519.5
1130900 1525.9
1130910 1525.9
1130920 1532.7
1130930 1539.2
1130940 1539.2
1130950 1545.6
1130960 1552.2
1130970 1552.2
1130980 1559.1
1130990 1566.0
1131000 1566.0
1131010 1572.6
1131020 1577.6
1131030 1577.6
1131040 1581.3
1131050 1589.6
1131060 1589.6
1131070 1597.3
1131080 1604.8
1131090 1606.5
1131100 1613.1
1131110 1624.6
1131120 1624.6
1131130 1634.8
1131140 1639.4
1131150 1643.1
1131160 1643.1
1131170 1650.5
1131180 1659.5
1131190 1659.5
1131200 1669.2
1131210 1687.3
1131220 1687.3
1131230 1700.2
1131240 1703.0
1131250 1703.0
1131260 1716.4
1131270 1744.0
1131280 1744.0
1131290 1765.6
1131300 1770.3
1131310 1770.3
1131320 1777.1
1131330 1788.3
1131340 1788.3
1131350 1799.0
1131360 1808.5
1131370 1808.5
1131380 1818.8
1131390 1828.7
1131400 1828.7
1131410 1837.6
1131420 1846.3
1131430 1856.9
1131440 1856.9
1131450 1858.6
1131460 1866.7
1131470 1866.7
1131480 1875.6
1131490 1886.5
1131500 1886.5
1131510 1895.5
1131520 1901.2
1131530 1901.2
1131540 1902.6
1131550 1897.8
1131560 1897.8
1131570 1893.7
1131580 1899.0
1131590 1899.0
1131600 1895.7
1131610 1892.0
1131620 1892.0
1131630 1890.7
1131640 1892.0
1131650 1892.0
1131660 1894.2
1131670 1899.1
1131680 1899.1
1131690 1903.3
1131700 1906.7
1131710 1909.1
1131720 1909.1
1131730 1911.7
1131740 1912.6
1131750 1912.6
1131760 1919.8
1131770 1934.5
1131780 1934.5
1131790 1942.3
1131800 1948.6
1131810 1955.1
1131820 1963.1
1131830 1976.7
1131840 1976.7
1131850 1988.8
1131860 1996.4
1131870 1996.4
1131880 1999.4
1131890 2001.7
1131900 2001.7
1131910 1999.3
1131920 1998.4
1131930 1998.4
1131940 1995.9
1131950 1994.8
1131960 1994.8
1131970 1986.6
1131980 1978.3
1131990 1975.0
1132000 1975.0
1132010 1978.5
1132020 1981.9
1132030 1981.9
1132040 1983.9
1132050 1985.6
1132060 1985.6
1132070 1988.0
1132080 1995.5
1132090 1995.5
1132100 2002.6
1132110 2000.5
1132120 2000.5
1132130 1997.8
1132140 2002.3
1132150 2002.3
1132160 2010.4
1132170 2022.7
1132180 2022.7
1132190 2024.8
1132200 2026.8
1132210 2026.8
1132220 2027.2
1132230 2025.2
1132240 2023.1
1132250 2023.1
1132260 2024.1
1132270 2026.0
1132280 2026.0
1132290 2030.6
1132300 2035.4
1132310 2035.4
1132320 2038.4
1132330 2039.9
1132340 2039.9
1132350 2041.9
1132360 2042.0
1132370 2042.0
1132380 2041.0
1132390 2041.1
1132400 2041.1
1132410 2045.9
1132420 2050.3
1132430 2050.3
1132440 2054.0
1132450 2053.1
1132460 2053.1
1132470 2056.6
1132480 2063.9
1132490 2063.9
1132500 2082.7
1132510 2099.7
1132520 2115.0
1132530 2123.2
1132540 2128.2
1132550 2136.4
1132560 2136.4
1132570 2133.0
1132580 2124.6
1132590 2124.6
1132600 2113.4
1132610 2116.6
1132620 2116.6
1132630 2119.7
1132640 2122.5
1132650 2122.5
1132660 2124.7
1132670 2129.2
1132680 2129.2
1132690 2141.8
1132700 2152.3
1132710 2152.3
1132720 2164.2
1132730 2183.1
1132740 2183.1
1132750 2208.2
1132760 2223.2
1132770 2223.2
1132780 2218.5
1132790 2207.7
1132800 2203.6
1132810 2203.6
1132820 2196.8
1132830 2197.7
1132840 2197.7
1132850 2202.5
1132860 2199.5
1132870 2199.5
1132880 2201.0
1132890 2223.4
1132900 2223.4
1132910 2252.7
1132920 2276.5
1132930 2276.5
1132940 2285.3
1132950 2281.3
1132960 2281.3
1132970 2267.1
1132980 2245.6
1132990 2245.6
1133000 2209.2
1133010 2187.4
1133020 2187.4
1133030 2179.4
1133040 2172.1
1133050 2172.1
1133060 2165.0
1133070 2157.9
1133080 2150.8
1133090 2150.8
1133100 2145.4
1133110 2140.9
1133120 2140.9
1133130 2130.7
1133140 2121.1
1133150 2121.1
1133160 2114.5
1133170 2109.2
1133180 2109.2
1133190 2103.7
1133200 2097.9
1133210 2097.9
1133220 2092.4
1133230 2087.2
1133240 2087.2
1133250 2080.3
