1120000 1367.9
1120010 1370.9
1120020 1373.6
1120030 1373.6
1120040 1377.1
1120050 1381.3
1120060 1381.3
1120070 1385.9
1120080 1390.5
1120090 1390.5
1120100 1394.9
1120110 1398.9
1120120 1398.9
1120130 1403.2
1120140 1406.4
1120150 1397.3
1120160 1401.2
1120170 1412.1
1120180 1419.6
1120190 1419.6
1120200 1425.5
1120210 1431.7
1120220 1431.7
1120230 1438.6
1120240 1444.9
1120250 1444.9
1120260 1450.3
1120270 1455.2
1120280 1455.2
1120290 1460.8
1120300 1465.8
1120310 1465.8
1120320 1472.1
1120330 1475.9
1120340 1475.9
1120350 1476.3
1120360 1477.5
1120370 1477.5
1120380 1478.3
1120390 1479.5
1120400 1479.5
1120410 1480.5
1120420 1482.8
1120430 1482.8
1120440 1485.7
1120450 1489.4
1120460 1494.4
1120470 1494.4
1120480 1500.0
1120490 1506.1
1120500 1504.8
1120510 1511.4
1120520 1518.1
1120530 1518.1
1120540 1523.1
1120550 1527.3
1120560 1527.3
1120570 1530.5
1120580 1534.1
1120590 1534.1
1120600 1540.5
1120610 1547.0
1120620 1547.0
1120630 1551.6
1120640 1556.0
1120650 1556.0
1120660 1560.7
1120670 1566.6
1120680 1566.6
1120690 1569.2
1120700 1570.7
1120710 1570.7
1120720 1571.2
1120730 1570.7
1120740 1571.4
1120750 1571.4
1120760 1571.2
1120770 1572.5
1120780 1572.5
1120790 1575.8
1120800 1580.6
1120810 1580.6
1120820 1585.7
1120830 1589.6
1120840 1589.6
1120850 1589.7
1120860 1597.4
1120870 1597.4
1120880 1603.5
1120890 1612.0
1120900 1612.0
1120910 1617.3
1120920 1624.6
1120930 1624.6
1120940 1633.3
1120950 1644.0
1120960 1644.0
1120970 1652.5
1120980 1662.9
1120990 1662.9
1121000 1672.6
1121010 1674.7
1121020 1675.6
1121030 1675.6
1121040 1676.4
1121050 1676.9
1121060 1676.9
1121070 1676.2
1121080 1672.7
1121090 1672.7
1121100 1669.8
1121110 1666.4
1121120 1666.4
1121130 1662.6
1121140 1663.2
1121150 1663.2
1121160 1662.6
1121170 1658.3
1121180 1658.3
1121190 1654.7
1121200 1648.7
1121210 1648.7
1121220 1641.5
1121230 1635.8
1121240 1635.8
1121250 1631.3
1121260 1626.8
1121270 1626.8
1121280 1631.5
1121290 1634.1
1121300 1638.8
1121310 1638.8
1121320 1643.8
1121330 1650.3
1121340 1650.3
1121350 1659.8
1121360 1668.0
1121370 1668.0
1121380 1672.4
1121390 1678.4
1121400 1678.4
1121410 1683.9
1121420 1690.1
1121430 1690.1
1121440 1697.8
1121450 1704.5
1121460 1704.5
1121470 1710.5
1121480 1716.9
1121490 1716.9
1121500 1723.2
1121510 1728.8
1121520 1728.8
1121530 1734.7
1121540 1738.9
1121550 1737.3
1121560 1740.7
1121570 1744.1
1121580 1747.2
1121590 1747.2
1121600 1750.7
1121610 1753.8
1121620 1753.8
1121630 1757.2
1121640 1759.7
1121650 1759.7
1121660 1762.1
1121670 1764.0
1121680 1764.0
1121690 1765.2
1121700 1765.9
1121710 1765.9
1121720 1765.7
1121730 1764.8
1121740 1764.8
1121750 1763.6
1121760 1762.8
1121770 1762.8
1121780 1762.3
1121790 1762.1
1121800 1762.1
1121810 1762.3
1121820 1762.8
1121830 1762.8
1121840 1763.0
1121850 1762.5
1121860 1761.7
1121870 1761.7
1121880 1759.5
1121890 1759.1
1121900 1759.1
1121910 1751.4
1121920 1750.5
1121930 1750.5
1121940 1756.9
1121950 1761.6
1121960 1761.6
1121970 1764.5
1121980 1768.1
1121990 1768.1
1122000 1772.2
1122010 1774.8
1122020 1774.8
1122030 1777.2
1122040 1780.2
1122050 1780.2
1122060 1783.2
1122070 1786.0
1122080 1786.0
1122090 1789.5
1122100 1792.0
1122110 1792.0
1122120 1794.2
1122130 1795.6
1122140 1797.5
1122150 1797.5
1122160 1800.9
1122170 1804.3
1122180 1804.3
1122190 1807.1
1122200 1809.1
1122210 1809.1
1122220 1810.5
1122230 1813.1
1122240 1813.1
1122250 1818.3
1122260 1823.3
1122270 1823.3
1122280 1827.5
1122290 1830.8
1122300 1830.8
1122310 1833.8
1122320 1836.4
1122330 1836.4
1122340 1839.1
1122350 1841.5
1122360 1841.5
1122370 1843.1
1122380 1844.9
1122390 1844.9
1122400 1846.2
1122410 1847.3
1122420 1850.6
1122430 1850.6
1122440 1853.8
1122450 1855.4
1122460 1855.4
1122470 1852.4
1122480 1850.0
1122490 1850.0
1122500 1850.9
1122510 1849.9
1122520 1849.9
1122530 1847.6
1122540 1844.2
1122550 1844.2
1122560 1840.2
1122570 1839.4
1122580 1839.4
1122590 1838.6
1122600 1834.9
1122610 1828.6
1122620 1829.1
1122630 1830.0
1122640 1830.0
1122650 1830.7
1122660 1831.4
1122670 1831.4
1122680 1832.0
1122690 1833.0
1122700 1835.1
1122710 1835.1
1122720 1837.1
1122730 1839.5
1122740 1839.5
1122750 1842.1
1122760 1844.3
1122770 1844.3
1122780 1846.7
1122790 1848.2
1122800 1848.2
1122810 1849.8
1122820 1851.8
1122830 1851.8
1122840 1853.7
1122850 1855.4
1122860 1855.4
1122870 1857.1
1122880 1859.9
1122890 1859.9
1122900 1862.2
1122910 1865.9
1122920 1865.9
1122930 1870.2
1122940 1875.3
1122950 1879.7
1122960 1875.3
1122970 1879.8
1122980 1884.7
1122990 1884.7
1123000 1890.8
1123010 1896.6
1123020 1896.6
1123030 1904.8
1123040 1913.7
1123050 1913.7
1123060 1916.1
1123070 1914.7
1123080 1914.7
1123090 1909.7
1123100 1905.5
1123110 1905.5
1123120 1901.5
1123130 1894.5
1123140 1894.5
1123150 1886.1
1123160 1879.6
1123170 1879.6
1123180 1872.6
1123190 1865.2
1123200 1865.2
1123210 1860.5
1123220 1857.2
1123230 1852.9
1123240 1852.9
1123250 1848.8
1123260 1844.4
1123270 1844.4
1123280 1839.8
1123290 1833.1
1123300 1833.1
1123310 1825.5
1123320 1821.7
1123330 1821.7
1123340 1817.6
1123350 1813.4
1123360 1813.4
1123370 1809.1
1123380 1806.0
1123390 1806.0
1123400 1802.1
1123410 1798.9
1123420 1798.9
1123430 1795.3
1123440 1792.4
1123450 1792.4
1123460 1791.0
1123470 1787.1
1123480 1787.1
1123490 1782.7
1123500 1778.5
1123510 1776.8
1123520 1776.8
1123530 1774.0
1123540 1770.1
1123550 1770.1
1123560 1766.1
1123570 1763.1
1123580 1763.1
1123590 1760.1
1123600 1758.0
1123610 1758.0
1123620 1755.4
1123630 1754.7
1123640 1754.7
1123650 1752.8
1123660 1749.8
1123670 1744.7
1123680 1740.5
1123690 1737.6
1123700 1737.6
1123710 1735.0
1123720 1731.7
1123730 1731.7
1123740 1729.5
1123750 1727.1
1123760 1727.1
1123770 1723.6
1123780 1719.4
1123790 1718.4
1123800 1718.4
1123810 1717.1
1123820 1715.0
1123830 1715.0
1123840 1712.8
1123850 1710.1
1123860 1710.1
1123870 1707.2
1123880 1703.5
1123890 1703.5
1123900 1702.0
1123910 1700.7
1123920 1700.7
1123930 1699.2
1123940 1699.7
1123950 1699.7
1123960 1696.9
1123970 1693.1
1123980 1693.1
1123990 1689.5
1124000 1687.0
1124010 1687.0
1124020 1678.3
1124030 1675.1
1124040 1675.1
1124050 1674.6
1124060 1673.2
1124070 1671.5
1124080 1671.5
1124090 1671.1
1124100 1670.5
1124110 1670.5
1124120 1668.3
1124130 1666.1
1124140 1666.1
1124150 1664.2
1124160 1662.5
1124170 1662.5
1124180 1660.0
1124190 1657.0
1124200 1657.0
1124210 1655.0
1124220 1652.6
1124230 1652.6
1124240 1651.9
1124250 1650.3
1124260 1650.3
1124270 1648.0
1124280 1645.9
1124290 1645.9
1124300 1642.4
1124310 1640.9
1124320 1640.9
1124330 1639.2
1124340 1637.1
1124350 1635.4
1124360 1635.4
1124370 1629.4
1124380 1626.7
1124390 1626.7
1124400 1625.0
1124410 1622.3
1124420 1622.3
1124430 1620.9
1124440 1619.9
1124450 1619.9
1124460 1616.7
1124470 1614.6
1124480 1614.6
1124490 1612.7
1124500 1610.4
1124510 1610.4
1124520 1608.3
1124530 1605.9
1124540 1605.9
1124550 1604.2
1124560 1601.9
1124570 1601.9
1124580 1598.6
1124590 1595.9
1124600 1595.9
1124610 1593.7
1124620 1592.1
1124630 1589.9
1124640 1589.9
1124650 1587.5
1124660 1585.1
1124670 1585.1
1124680 1583.0
1124690 1580.4
1124700 1580.4
1124710 1577.7
1124720 1573.7
1124730 1569.8
1124740 1564.9
1124750 1560.6
1124760 1560.6
1124770 1556.0
1124780 1553.2
1124790 1553.2
1124800 1550.3
1124810 1546.4
1124820 1546.4
1124830 1545.7
1124840 1545.6
1124850 1545.6
1124860 1544.3
1124870 1543.0
1124880 1543.0
1124890 1542.6
1124900 1541.0
1124910 1538.7
1124920 1538.7
1124930 1536.0
1124940 1531.5
1124950 1531.5
1124960 1528.6
1124970 1529.5
1124980 1529.5
1124990 1528.4
1125000 1525.0
1125010 1525.0
1125020 1522.7
1125030 1521.9
1125040 1521.9
1125050 1518.9
1125060 1518.1
1125070 1518.1
1125080 1509.7
1125090 1506.1
1125100 1506.1
1125110 1504.9
1125120 1503.9
1125130 1503.9
1125140 1502.7
1125150 1502.8
1125160 1502.8
1125170 1502.9
1125180 1504.0
1125190 1501.2
1125200 1501.2
1125210 1498.4
1125220 1496.4
1125230 1496.4
1125240 1494.1
1125250 1490.4
1125260 1490.4
1125270 1489.3
1125280 1489.4
1125290 1489.4
1125300 1489.3
1125310 1487.3
1125320 1487.3
1125330 1484.7
1125340 1482.0
1125350 1482.0
1125360 1479.0
1125370 1475.6
1125380 1475.6
1125390 1471.4
1125400 1466.5
1125410 1466.5
1125420 1461.7
1125430 1456.7
1125440 1456.7
1125450 1452.8
1125460 1449.0
1125470 1445.1
1125480 1445.1
1125490 1441.6
1125500 1437.7
1125510 1437.7
1125520 1433.5
1125530 1429.7
1125540 1429.7
1125550 1426.2
1125560 1423.0
1125570 1423.0
1125580 1420.2
1125590 1417.5
1125600 1417.5
1125610 1414.8
1125620 1412.0
1125630 1412.0
1125640 1409.9
1125650 1408.1
1125660 1408.1
1125670 1406.5
1125680 1405.0
1125690 1405.0
1125700 1403.2
1125710 1402.0
1125720 1402.0
1125730 1400.4
1125740 1399.2
1125750 1397.9
1125760 1397.9
1125770 1396.3
1125780 1394.9
1125790 1394.4
1125800 1394.4
1125810 1393.4
1125820 1393.4
1125830 1392.3
1125840 1391.2
1125850 1391.2
1125860 1388.6
1125870 1385.2
1125880 1385.2
1125890 1383.7
1125900 1382.9
1125910 1382.9
1125920 1381.5
1125930 1379.7
1125940 1379.7
1125950 1379.2
1125960 1379.9
1125970 1379.9
1125980 1384.5
1125990 1388.8
1126000 1388.8
1126010 1394.3
1126020 1398.3
1126030 1402.1
1126040 1402.1
1126050 1406.8
1126060 1412.7
1126070 1412.7
1126080 1418.4
1126090 1423.6
1126100 1423.6
1126110 1429.4
1126120 1434.9
1126130 1434.9
1126140 1444.7
1126150 1450.8
1126160 1450.8
1126170 1456.6
1126180 1460.7
1126190 1460.7
1126200 1463.8
1126210 1466.6
1126220 1466.6
1126230 1467.4
1126240 1474.5
1126250 1474.5
1126260 1482.0
1126270 1488.7
1126280 1488.7
1126290 1494.5
1126300 1499.9
1126310 1505.4
1126320 1505.4
1126330 1510.8
1126340 1516.6
1126350 1516.6
1126360 1522.6
1126370 1527.9
1126380 1527.9
1126390 1532.1
1126400 1538.1
1126410 1538.1
1126420 1546.8
1126430 1565.8
1126440 1565.8
1126450 1574.2
1126460 1580.1
1126470 1580.1
1126480 1587.6
1126490 1597.6
1126500 1611.6
1126510 1618.1
1126520 1621.3
1126530 1621.3
1126540 1623.7
1126550 1635.9
1126560 1643.8
1126570 1643.8
1126580 1648.2
1126590 1651.6
1126600 1651.6
1126610 1653.7
1126620 1657.5
1126630 1657.5
1126640 1661.5
1126650 1669.5
1126660 1669.5
1126670 1690.1
1126680 1705.2
1126690 1705.2
1126700 1708.2
1126710 1708.1
1126720 1708.1
1126730 1704.6
1126740 1708.9
1126750 1708.9
1126760 1715.1
1126770 1717.8
1126780 1717.8
1126790 1720.5
1126800 1729.0
1126810 1729.0
1126820 1739.1
1126830 1746.6
1126840 1757.9
1126850 1763.8
1126860 1774.4
1126870 1779.4
1126880 1779.4
1126890 1779.1
1126900 1777.6
1126910 1777.6
1126920 1774.1
1126930 1772.4
1126940 1772.4
1126950 1771.8
1126960 1772.7
1126970 1772.7
1126980 1773.4
1126990 1773.5
1127000 1773.5
1127010 1774.2
1127020 1774.6
1127030 1774.6
1127040 1774.1
1127050 1774.2
1127060 1774.2
1127070 1774.3
1127080 1775.0
1127090 1775.0
1127100 1774.7
1127110 1776.8
1127120 1775.6
1127130 1775.6
1127140 1773.6
1127150 1770.0
1127160 1770.0
1127170 1767.0
1127180 1764.6
1127190 1764.6
1127200 1765.0
1127210 1769.4
1127220 1769.4
1127230 1768.5
1127240 1766.8
1127250 1766.8
1127260 1765.2
1127270 1762.8
1127280 1762.8
1127290 1761.3
1127300 1757.5
1127310 1757.5
1127320 1751.6
1127330 1747.4
1127340 1747.4
1127350 1744.6
1127360 1745.9
1127370 1745.9
1127380 1746.5
1127390 1747.1
1127400 1744.3
1127410 1744.3
1127420 1741.2
1127430 1740.4
1127440 1740.4
1127450 1740.7
1127460 1740.2
1127470 1740.2
1127480 1740.1
1127490 1740.3
1127500 1740.3
1127510 1740.0
1127520 1739.0
1127530 1739.0
1127540 1740.6
1127550 1743.5
1127560 1743.5
1127570 1751.9
1127580 1755.5
1127590 1755.5
1127600 1756.9
1127610 1755.5
1127620 1755.5
1127630 1754.2
1127640 1756.3
1127650 1756.3
1127660 1757.1
1127670 1756.0
1127680 1756.0
1127690 1756.0
1127700 1758.1
1127710 1761.7
1127720 1761.7
1127730 1766.8
1127740 1772.8
1127750 1772.8
1127760 1777.0
1127770 1775.1
1127780 1775.1
1127790 1775.3
1127800 1780.6
1127810 1780.6
1127820 1785.0
1127830 1790.9
1127840 1790.9
1127850 1798.6
1127860 1805.6
1127870 1805.6
1127880 1814.8
1127890 1817.9
1127900 1817.9
1127910 1826.3
1127920 1842.3
1127930 1842.3
1127940 1851.4
1127950 1867.0
1127960 1883.0
1127970 1883.0
1127980 1893.3
1127990 1906.2
1128000 1906.2
1128010 1924.4
1128020 1932.8
1128030 1932.8
1128040 1941.8
1128050 1953.0
1128060 1953.0
1128070 1960.9
1128080 1968.0
1128090 1968.0
1128100 1975.5
1128110 1983.4
1128120 1983.4
1128130 1992.7
1128140 1999.4
1128150 1999.4
1128160 2008.1
1128170 2017.7
1128180 2017.7
1128190 2017.8
1128200 2024.2
1128210 2024.2
1128220 2032.3
1128230 2026.0
1128240 2033.3
1128250 2033.3
1128260 2041.6
1128270 2054.8
1128280 2070.7
1128290 2077.9
1128300 2083.7
1128310 2083.7
1128320 2081.3
1128330 2087.6
1128340 2087.6
1128350 2094.9
1128360 2097.3
1128370 2097.3
1128380 2095.2
1128390 2086.6
1128400 2086.6
1128410 2088.5
1128420 2096.6
1128430 2096.6
1128440 2101.8
1128450 2105.6
1128460 2105.6
1128470 2085.1
1128480 2060.6
1128490 2060.6
1128500 2027.1
1128510 1999.4
1128520 1961.1
1128530 1961.1
1128540 1934.1
1128550 1899.9
1128560 1899.9
1128570 1883.9
1128580 1871.9
1128590 1871.9
1128600 1865.2
1128610 1865.6
1128620 1865.6
1128630 1856.3
1128640 1853.9
1128650 1853.9
1128660 1840.4
1128670 1834.1
1128680 1834.1
1128690 1828.2
1128700 1822.8
1128710 1822.8
1128720 1817.1
1128730 1811.0
1128740 1811.0
1128750 1805.7
1128760 1800.4
1128770 1800.4
1128780 1795.6
1128790 1791.1
1128800 1786.7
1128810 1786.7
1128820 1783.1
1128830 1780.4
1128840 1780.4
1128850 1777.3
1128860 1773.3
1128870 1773.3
1128880 1770.0
1128890 1767.3
1128900 1767.3
1128910 1764.4
1128920 1761.7
1128930 1761.7
1128940 1759.4
1128950 1757.9
1128960 1757.9
1128970 1755.9
1128980 1753.8
1128990 1753.8
1129000 1748.1
1129010 1744.9
1129020 1744.9
1129030 1741.9
1129040 1739.1
1129050 1739.1
1129060 1737.2
1129070 1737.8
1129080 1739.0
1129090 1739.0
1129100 1740.4
1129110 1740.8
1129120 1740.8
1129130 1736.3
1129140 1724.1
1129150 1724.1
1129160 1705.2
1129170 1695.6
1129180 1695.6
1129190 1691.1
1129200 1685.1
1129210 1685.1
1129220 1677.2
1129230 1668.6
1129240 1668.6
1129250 1659.5
1129260 1649.0
1129270 1649.0
1129280 1641.6
1129290 1633.7
1129300 1633.7
1129310 1625.7
1129320 1617.5
1129330 1610.2
1129340 1610.2
1129350 1602.9
1129360 1594.8
1129370 1594.8
1129380 1588.7
1129390 1582.9
1129400 1582.9
1129410 1576.1
1129420 1567.9
1129430 1567.9
1129440 1559.2
1129450 1551.5
1129460 1551.5
1129470 1545.0
1129480 1538.9
1129490 1538.9
1129500 1531.8
1129510 1524.7
1129520 1524.7
1129530 1518.8
1129540 1513.2
1129550 1513.2
1129560 1506.6
1129570 1500.1
1129580 1500.1
1129590 1493.7
1129600 1488.3
1129610 1483.4
1129620 1483.4
1129630 1478.5
1129640 1473.2
1129650 1473.2
1129660 1468.2
1129670 1463.5
1129680 1463.5
1129690 1458.8
1129700 1455.6
1129710 1458.1
1129720 1454.0
1129730 1450.0
1129740 1450.0
1129750 1446.2
1129760 1442.3
1129770 1442.3
1129780 1438.2
1129790 1434.7
1129800 1434.7
1129810 1431.9
1129820 1430.1
1129830 1430.1
1129840 1427.7
1129850 1425.1
1129860 1425.1
1129870 1422.3
1129880 1418.8
1129890 1414.9
1129900 1414.9
1129910 1410.9
1129920 1407.0
1129930 1407.0
1129940 1403.1
1129950 1398.4
1129960 1398.4
1129970 1394.1
1129980 1390.2
1129990 1390.2
1130000 1386.3
1130010 1382.5
1130020 1382.5
1130030 1379.5
1130040 1375.9
1130050 1375.9
1130060 1371.6
1130070 1367.3
1130080 1367.3
1130090 1363.6
1130100 1360.5
1130110 1360.5
1130120 1357.8
1130130 1355.2
1130140 1355.2
1130150 1352.3
1130160 1349.0
1130170 1346.4
1130180 1346.4
1130190 1343.3
1130200 1339.8
1130210 1339.8
1130220 1336.6
1130230 1333.7
1130240 1333.7
1130250 1331.2
1130260 1328.3
1130270 1328.3
1130280 1325.9
1130290 1324.5
1130300 1324.5
1130310 1323.2
1130320 1321.3
1130330 1321.3
1130340 1317.5
1130350 1312.3
1130360 1312.3
1130370 1312.7
1130380 1315.9
1130390 1315.9
1130400 1318.7
1130410 1321.8
1130420 1321.8
1130430 1328.0
1130440 1331.6
1130450 1336.1
1130460 1336.1
1130470 1340.9
1130480 1345.1
1130490 1345.1
1130500 1349.3
1130510 1352.1
1130520 1352.1
1130530 1355.2
1130540 1358.9
1130550 1358.9
1130560 1364.1
1130570 1369.3
1130580 1369.3
1130590 1373.9
1130600 1378.7
1130610 1378.7
1130620 1384.2
1130630 1389.8
1130640 1389.8
1130650 1395.1
1130660 1400.9
1130670 1400.9
1130680 1406.5
1130690 1412.3
1130700 1412.3
1130710 1418.1
1130720 1424.0
1130730 1429.0
1130740 1429.0
1130750 1433.4
1130760 1437.7
1130770 1437.7
1130780 1442.4
1130790 1452.4
1130800 1452.4
1130810 1458.1
1130820 1463.2
1130830 1463.2
1130840 1468.0
1130850 1473.9
1130860 1473.9
1130870 1479.7
1130880 1485.5
1130890 1485.5
1130900 1490.8
1130910 1495.5
1130920 1495.5
1130930 1500.9
1130940 1507.9
1130950 1507.9
1130960 1514.7
1130970 1521.7
1130980 1521.7
1130990 1529.0
1131000 1536.3
1131010 1543.3
1131020 1543.3
1131030 1555.8
1131040 1570.9
1131050 1570.9
1131060 1578.0
1131070 1583.6
1131080 1583.6
1131090 1590.4
1131100 1597.6
1131110 1597.6
1131120 1605.6
1131130 1613.4
1131140 1613.4
1131150 1632.1
1131160 1651.7
1131170 1651.7
1131180 1671.9
1131190 1674.3
1131200 1674.3
1131210 1678.0
1131220 1683.0
1131230 1683.0
1131240 1694.8
1131250 1712.5
1131260 1712.5
1131270 1728.6
1131280 1740.3
1131290 1747.2
1131300 1747.2
1131310 1757.9
1131320 1769.7
1131330 1769.7
1131340 1774.7
1131350 1770.3
1131360 1770.3
1131370 1777.3
1131380 1783.2
1131390 1783.2
1131400 1785.2
1131410 1786.1
1131420 1786.1
1131430 1781.7
1131440 1780.0
1131450 1780.0
1131460 1784.8
1131470 1785.9
1131480 1785.9
1131490 1784.1
1131500 1785.4
1131510 1791.8
1131520 1794.1
1131530 1798.1
1131540 1798.1
1131550 1802.2
1131560 1805.4
1131570 1809.3
1131580 1809.3
1131590 1813.1
1131600 1816.2
1131610 1816.2
1131620 1818.7
1131630 1821.3
1131640 1821.3
1131650 1822.7
1131660 1824.9
1131670 1824.9
1131680 1826.8
1131690 1828.2
1131700 1828.2
1131710 1829.3
1131720 1830.8
1131730 1830.8
1131740 1832.7
1131750 1836.2
1131760 1836.2
1131770 1840.8
1131780 1845.1
1131790 1845.1
1131800 1849.0
1131810 1853.1
1131820 1853.1
1131830 1857.8
1131840 1862.2
1131850 1866.4
1131860 1866.4
1131870 1876.2
1131880 1878.8
1131890 1878.8
1131900 1880.8
1131910 1883.4
1131920 1883.4
1131930 1886.2
1131940 1890.1
1131950 1890.1
1131960 1893.1
1131970 1895.8
1131980 1895.8
1131990 1897.5
1132000 1899.2
1132010 1899.2
1132020 1902.4
1132030 1906.3
1132040 1906.3
1132050 1911.3
1132060 1915.4
1132070 1915.4
1132080 1918.9
1132090 1922.4
1132100 1922.4
1132110 1924.8
1132120 1928.4
1132130 1930.6
1132140 1930.6
1132150 1932.1
1132160 1933.1
1132170 1933.1
1132180 1934.1
1132190 1935.0
1132200 1935.0
1132210 1936.4
1132220 1939.8
1132230 1939.8
1132240 1949.2
1132250 1951.8
1132260 1951.8
1132270 1954.2
1132280 1956.2
1132290 1956.2
1132300 1958.6
1132310 1961.6
1132320 1961.6
1132330 1965.2
1132340 1969.8
1132350 1969.8
1132360 1973.9
1132370 1979.0
1132380 1983.3
1132390 1983.3
1132400 1987.6
1132410 1992.1
1132420 1992.1
1132430 1996.0
1132440 1999.7
1132450 1999.7
1132460 2004.0
1132470 2008.0
1132480 2008.0
1132490 2011.7
1132500 2015.3
1132510 2015.3
1132520 2018.4
1132530 2021.1
1132540 2021.1
1132550 2023.7
1132560 2027.1
1132570 2027.1
1132580 2030.1
1132590 2032.2
1132600 2038.0
1132610 2039.7
1132620 2042.6
1132630 2042.6
1132640 2045.2
1132650 2048.4
1132660 2052.8
1132670 2052.8
1132680 2058.7
1132690 2065.3
1132700 2065.3
1132710 2071.9
1132720 2078.5
1132730 2078.5
1132740 2084.9
1132750 2090.9
1132760 2090.9
1132770 2096.2
1132780 2100.5
1132790 2100.5
1132800 2105.0
1132810 2109.6
1132820 2109.6
1132830 2114.7
1132840 2119.8
1132850 2119.8
1132860 2129.5
1132870 2139.3
1132880 2139.3
1132890 2148.2
1132900 2156.9
1132910 2156.9
1132920 2173.2
1132930 2191.6
1132940 2194.6
1132950 2194.6
1132960 2207.8
1132970 2219.5
1132980 2219.5
1132990 2235.5
1133000 2222.7
1133010 2222.7
1133020 2208.8
1133030 2184.8
1133040 2184.8
1133050 2171.4
1133060 2160.9
1133070 2160.9
1133080 2145.0
1133090 2128.1
1133100 2128.1
1133110 2114.0
1133120 2106.2
1133130 2106.2
1133140 2099.3
1133150 2092.5
1133160 2092.5
1133170 2085.6
1133180 2078.9
1133190 2078.9
1133200 2072.7
1133210 2066.9
1133220 2061.5
1133230 2061.5
1133240 2057.0
1133250 2052.3
1133260 2052.3
1133270 2049.0
1133280 2046.1
1133290 2046.1
1133300 2042.3
1133310 2040.0
1133320 2038.8
