1120000 1342.6
1120010 1348.5
1120020 1348.5
1120030 1354.8
1120040 1361.6
1120050 1361.6
1120060 1367.9
1120070 1373.7
1120080 1373.7
1120090 1379.3
1120100 1384.7
1120110 1384.7
1120120 1390.4
1120130 1396.8
1120140 1396.8
1120150 1402.5
1120160 1408.0
1120170 1408.0
1120180 1410.9
1120190 1411.7
1120200 1411.7
1120210 1411.9
1120220 1412.5
1120230 1409.9
1120240 1409.9
1120250 1413.7
1120260 1416.8
1120270 1416.8
1120280 1420.4
1120290 1423.9
1120300 1423.9
1120310 1427.7
1120320 1430.7
1120330 1430.7
1120340 1435.0
1120350 1439.5
1120360 1439.5
1120370 1443.0
1120380 1445.1
1120390 1445.1
1120400 1447.4
1120410 1450.8
1120420 1450.8
1120430 1455.9
1120440 1459.7
1120450 1459.7
1120460 1461.9
1120470 1464.8
1120480 1469.9
1120490 1469.9
1120500 1473.6
1120510 1478.5
1120520 1478.5
1120530 1485.2
1120540 1491.2
1120550 1491.2
1120560 1497.1
1120570 1504.8
1120580 1500.2
1120590 1506.8
1120600 1512.7
1120610 1512.7
1120620 1518.3
1120630 1521.0
1120640 1521.0
1120650 1522.9
1120660 1525.9
1120670 1525.9
1120680 1529.2
1120690 1534.1
1120700 1534.1
1120710 1537.8
1120720 1537.7
1120730 1537.7
1120740 1537.5
1120750 1536.9
1120760 1536.7
1120770 1536.7
1120780 1537.9
1120790 1540.0
1120800 1540.0
1120810 1543.9
1120820 1549.0
1120830 1549.0
1120840 1554.4
1120850 1560.9
1120860 1560.9
1120870 1568.9
1120880 1579.6
1120890 1579.6
1120900 1591.3
1120910 1606.0
1120920 1606.0
1120930 1614.5
1120940 1619.2
1120950 1619.2
1120960 1622.9
1120970 1625.8
1120980 1625.8
1120990 1626.0
1121000 1627.0
1121010 1627.0
1121020 1630.0
1121030 1630.2
1121040 1630.1
1121050 1630.1
1121060 1626.1
1121070 1620.7
1121080 1620.7
1121090 1615.5
1121100 1611.6
1121110 1611.6
1121120 1610.7
1121130 1609.2
1121140 1609.2
1121150 1605.5
1121160 1600.7
1121170 1600.7
1121180 1596.5
1121190 1594.0
1121200 1594.0
1121210 1595.0
1121220 1604.6
1121230 1604.6
1121240 1613.5
1121250 1621.6
1121260 1621.6
1121270 1629.5
1121280 1628.7
1121290 1628.7
1121300 1625.3
1121310 1628.0
1121320 1630.2
1121330 1630.2
1121340 1633.6
1121350 1638.3
1121360 1638.3
1121370 1642.0
1121380 1645.4
1121390 1645.4
1121400 1649.5
1121410 1653.5
1121420 1653.5
1121430 1658.4
1121440 1663.8
1121450 1663.8
1121460 1671.5
1121470 1680.2
1121480 1680.2
1121490 1688.2
1121500 1694.5
1121510 1694.5
1121520 1699.4
1121530 1703.5
1121540 1703.5
1121550 1707.3
1121560 1710.4
1121570 1710.4
1121580 1713.1
1121590 1715.3
1121600 1717.1
1121610 1717.1
1121620 1718.8
1121630 1714.5
1121640 1714.5
1121650 1714.4
1121660 1714.4
1121670 1714.4
1121680 1713.1
1121690 1711.7
1121700 1711.7
1121710 1711.7
1121720 1711.5
1121730 1711.5
1121740 1711.0
1121750 1710.2
1121760 1710.2
1121770 1708.9
1121780 1707.9
1121790 1707.9
1121800 1706.7
1121810 1704.8
1121820 1704.8
1121830 1705.3
1121840 1706.5
1121850 1706.5
1121860 1706.0
1121870 1705.9
1121880 1706.1
1121890 1706.1
1121900 1705.1
1121910 1710.9
1121920 1710.9
1121930 1716.0
1121940 1721.9
1121950 1721.9
1121960 1726.8
1121970 1729.9
1121980 1723.4
1121990 1727.2
1122000 1729.5
1122010 1729.5
1122020 1731.4
1122030 1734.3
1122040 1734.3
1122050 1736.9
1122060 1741.0
1122070 1741.0
1122080 1748.4
1122090 1755.4
1122100 1755.4
1122110 1760.0
1122120 1764.0
1122130 1764.0
1122140 1767.1
1122150 1770.7
1122160 1775.3
1122170 1775.3
1122180 1779.2
1122190 1783.1
1122200 1783.1
1122210 1788.1
1122220 1790.9
1122230 1790.9
1122240 1795.1
1122250 1799.4
1122260 1799.4
1122270 1803.0
1122280 1806.0
1122290 1806.0
1122300 1808.4
1122310 1810.5
1122320 1810.5
1122330 1808.5
1122340 1808.9
1122350 1808.9
1122360 1808.8
1122370 1807.8
1122380 1807.8
1122390 1807.3
1122400 1807.2
1122410 1807.2
1122420 1807.0
1122430 1803.1
1122440 1798.1
1122450 1798.1
1122460 1793.8
1122470 1791.7
1122480 1791.7
1122490 1789.3
1122500 1787.0
1122510 1787.0
1122520 1785.7
1122530 1784.1
1122540 1784.1
1122550 1783.8
1122560 1785.4
1122570 1785.4
1122580 1787.8
1122590 1790.1
1122600 1790.1
1122610 1792.6
1122620 1795.1
1122630 1795.1
1122640 1797.6
1122650 1801.4
1122660 1801.4
1122670 1804.9
1122680 1805.8
1122690 1805.8
1122700 1807.7
1122710 1808.5
1122720 1809.5
1122730 1809.5
1122740 1811.1
1122750 1812.7
1122760 1812.7
1122770 1814.3
1122780 1816.2
1122790 1816.2
1122800 1817.7
1122810 1819.8
1122820 1819.8
1122830 1819.9
1122840 1819.5
1122850 1819.5
1122860 1820.7
1122870 1821.9
1122880 1821.9
1122890 1825.5
1122900 1832.8
1122910 1832.8
1122920 1840.4
1122930 1846.5
1122940 1846.5
1122950 1852.2
1122960 1854.4
1122970 1854.4
1122980 1854.5
1122990 1854.8
1123000 1857.1
1123010 1857.1
1123020 1862.9
1123030 1863.7
1123040 1863.7
1123050 1866.7
1123060 1868.9
1123070 1868.9
1123080 1870.9
1123090 1871.8
1123100 1871.8
1123110 1868.9
1123120 1862.6
1123130 1862.6
1123140 1855.9
1123150 1848.7
1123160 1848.7
1123170 1841.8
1123180 1838.4
1123190 1838.4
1123200 1834.9
1123210 1830.7
1123220 1830.7
1123230 1825.7
1123240 1820.4
1123250 1820.4
1123260 1815.3
1123270 1811.5
1123280 1806.7
1123290 1806.7
1123300 1802.3
1123310 1798.7
1123320 1798.7
1123330 1794.3
1123340 1790.3
1123350 1790.3
1123360 1786.6
1123370 1781.7
1123380 1780.0
1123390 1775.7
1123400 1772.6
1123410 1772.6
1123420 1769.0
1123430 1765.8
1123440 1765.8
1123450 1761.7
1123460 1757.7
1123470 1757.7
1123480 1753.2
1123490 1748.4
1123500 1748.4
1123510 1745.0
1123520 1741.5
1123530 1741.5
1123540 1738.1
1123550 1733.6
1123560 1731.2
1123570 1731.2
1123580 1727.0
1123590 1724.0
1123600 1724.0
1123610 1720.6
1123620 1717.3
1123630 1717.3
1123640 1714.2
1123650 1710.9
1123660 1710.9
1123670 1708.2
1123680 1705.3
1123690 1705.3
1123700 1702.4
1123710 1698.8
1123720 1698.8
1123730 1696.2
1123740 1690.4
1123750 1690.4
1123760 1687.4
1123770 1684.1
1123780 1684.1
1123790 1681.5
1123800 1678.7
1123810 1678.7
1123820 1676.2
1123830 1673.9
1123840 1672.3
1123850 1672.3
1123860 1671.5
1123870 1670.1
1123880 1670.1
1123890 1668.1
1123900 1665.3
1123910 1665.3
1123920 1662.4
1123930 1659.4
1123940 1659.4
1123950 1657.6
1123960 1655.1
1123970 1655.1
1123980 1652.4
1123990 1649.4
1124000 1649.4
1124010 1646.9
1124020 1644.6
1124030 1644.6
1124040 1641.7
1124050 1639.8
1124060 1639.8
1124070 1637.8
1124080 1636.4
1124090 1633.8
1124100 1633.8
1124110 1631.6
1124120 1629.1
1124130 1629.1
1124140 1626.1
1124150 1623.4
1124160 1623.4
1124170 1621.2
1124180 1619.4
1124190 1619.4
1124200 1617.6
1124210 1615.5
1124220 1615.5
1124230 1613.8
1124240 1611.6
1124250 1611.6
1124260 1609.4
1124270 1607.8
1124280 1607.8
1124290 1606.0
1124300 1603.2
1124310 1603.2
1124320 1601.1
1124330 1598.8
1124340 1598.8
1124350 1597.7
1124360 1595.8
1124370 1593.4
1124380 1593.4
1124390 1591.7
1124400 1589.4
1124410 1589.4
1124420 1587.3
1124430 1585.3
1124440 1585.8
1124450 1581.8
1124460 1580.4
1124470 1580.4
1124480 1580.0
1124490 1579.3
1124500 1579.3
1124510 1578.1
1124520 1576.9
1124530 1576.9
1124540 1576.1
1124550 1575.3
1124560 1575.3
1124570 1573.4
1124580 1571.0
1124590 1571.0
1124600 1569.8
1124610 1568.5
1124620 1568.5
1124630 1567.0
1124640 1564.5
1124650 1561.5
1124660 1561.5
1124670 1558.9
1124680 1556.3
1124690 1556.3
1124700 1554.0
1124710 1550.0
1124720 1550.0
1124730 1546.2
1124740 1543.1
1124750 1543.1
1124760 1541.6
1124770 1543.6
1124780 1543.6
1124790 1547.0
1124800 1554.5
1124810 1554.5
1124820 1555.1
1124830 1555.0
1124840 1555.0
1124850 1555.1
1124860 1555.1
1124870 1555.1
1124880 1553.9
1124890 1554.0
1124900 1554.0
1124910 1553.0
1124920 1553.6
1124930 1553.2
1124940 1553.2
1124950 1552.6
1124960 1551.4
1124970 1551.4
1124980 1550.2
1124990 1549.2
1125000 1549.2
1125010 1548.2
1125020 1546.5
1125030 1546.5
1125040 1544.5
1125050 1541.8
1125060 1541.8
1125070 1538.4
1125080 1534.9
1125090 1534.9
1125100 1531.3
1125110 1526.6
1125120 1526.6
1125130 1521.4
1125140 1516.5
1125150 1518.9
1125160 1514.6
1125170 1511.8
1125180 1511.8
1125190 1509.6
1125200 1506.9
1125210 1504.2
1125220 1504.2
1125230 1502.0
1125240 1499.5
1125250 1499.5
1125260 1496.9
1125270 1494.1
1125280 1494.1
1125290 1491.5
1125300 1488.3
1125310 1488.3
1125320 1484.2
1125330 1480.4
1125340 1480.4
1125350 1476.9
1125360 1473.1
1125370 1473.1
1125380 1469.0
1125390 1465.3
1125400 1465.3
1125410 1461.1
1125420 1457.0
1125430 1457.0
1125440 1453.4
1125450 1449.7
1125460 1449.7
1125470 1444.1
1125480 1437.9
1125490 1433.6
1125500 1433.6
1125510 1437.1
1125520 1434.9
1125530 1434.9
1125540 1431.9
1125550 1429.3
1125560 1429.3
1125570 1427.9
1125580 1427.3
1125590 1427.3
1125600 1425.1
1125610 1422.1
1125620 1422.1
1125630 1419.5
1125640 1416.7
1125650 1416.7
1125660 1414.9
1125670 1412.5
1125680 1412.5
1125690 1410.7
1125700 1407.6
1125710 1407.6
1125720 1404.6
1125730 1402.6
1125740 1402.6
1125750 1398.6
1125760 1396.4
1125770 1393.4
1125780 1393.4
1125790 1391.3
1125800 1390.5
1125810 1390.5
1125820 1390.1
1125830 1389.5
1125840 1389.5
1125850 1388.2
1125860 1394.4
1125870 1394.4
1125880 1395.6
1125890 1396.7
1125900 1396.7
1125910 1399.2
1125920 1402.8
1125930 1402.8
1125940 1406.0
1125950 1408.1
1125960 1408.1
1125970 1411.0
1125980 1415.5
1125990 1415.5
1126000 1422.1
1126010 1428.7
1126020 1428.7
1126030 1434.6
1126040 1438.8
1126050 1444.7
1126060 1444.7
1126070 1451.0
1126080 1456.3
1126090 1456.3
1126100 1460.9
1126110 1463.5
1126120 1463.5
1126130 1466.5
1126140 1472.8
1126150 1472.8
1126160 1479.5
1126170 1484.0
1126180 1484.0
1126190 1488.0
1126200 1492.1
1126210 1492.1
1126220 1500.2
1126230 1504.8
1126240 1504.8
1126250 1509.7
1126260 1515.6
1126270 1515.6
1126280 1521.5
1126290 1527.7
1126300 1527.7
1126310 1546.3
1126320 1563.9
1126330 1582.5
1126340 1582.5
1126350 1597.9
1126360 1617.2
1126370 1617.2
1126380 1625.7
1126390 1631.1
1126400 1631.1
1126410 1640.1
1126420 1649.3
1126430 1649.3
1126440 1653.0
1126450 1655.9
1126460 1655.9
1126470 1657.1
1126480 1662.1
1126490 1662.1
1126500 1674.9
1126510 1684.3
1126520 1684.3
1126530 1694.5
1126540 1702.4
1126550 1702.4
1126560 1709.7
1126570 1730.0
1126580 1730.0
1126590 1734.5
1126600 1739.0
1126610 1745.5
1126620 1745.5
1126630 1753.6
1126640 1762.0
1126650 1762.0
1126660 1774.0
1126670 1780.6
1126680 1780.6
1126690 1788.0
1126700 1795.5
1126710 1795.5
1126720 1802.5
1126730 1808.1
1126740 1808.1
1126750 1807.1
1126760 1808.7
1126770 1808.7
1126780 1817.2
1126790 1829.3
1126800 1829.3
1126810 1836.3
1126820 1839.5
1126830 1839.5
1126840 1843.1
1126850 1850.9
1126860 1850.9
1126870 1855.9
1126880 1852.6
1126890 1854.4
1126900 1854.4
1126910 1857.7
1126920 1858.8
1126930 1868.2
1126940 1864.0
1126950 1859.7
1126960 1859.7
1126970 1858.3
1126980 1861.1
1126990 1861.1
1127000 1862.1
1127010 1856.6
1127020 1856.6
1127030 1852.0
1127040 1852.0
1127050 1852.0
1127060 1850.6
1127070 1844.0
1127080 1844.0
1127090 1844.2
1127100 1847.5
1127110 1847.5
1127120 1849.3
1127130 1844.7
1127140 1839.5
1127150 1839.5
1127160 1835.6
1127170 1834.9
1127180 1834.9
1127190 1832.5
1127200 1828.9
1127210 1828.9
1127220 1827.2
1127230 1826.6
1127240 1826.6
1127250 1823.9
1127260 1819.3
1127270 1819.3
1127280 1819.1
1127290 1814.6
1127300 1814.6
1127310 1811.1
1127320 1807.6
1127330 1807.6
1127340 1809.9
1127350 1808.3
1127360 1808.3
1127370 1811.5
1127380 1811.2
1127390 1811.2
1127400 1809.9
1127410 1811.5
1127420 1815.3
1127430 1815.3
1127440 1818.5
1127450 1822.4
1127460 1822.4
1127470 1818.6
1127480 1810.7
1127490 1810.7
1127500 1811.1
1127510 1815.5
1127520 1815.5
1127530 1817.1
1127540 1815.5
1127550 1815.5
1127560 1813.6
1127570 1810.8
1127580 1810.8
1127590 1810.6
1127600 1810.1
1127610 1810.1
1127620 1807.9
1127630 1803.3
1127640 1810.6
1127650 1808.5
1127660 1810.7
1127670 1810.7
1127680 1813.1
1127690 1816.0
1127700 1818.3
1127710 1818.3
1127720 1819.6
1127730 1821.5
1127740 1821.5
1127750 1823.6
1127760 1824.8
1127770 1824.8
1127780 1825.6
1127790 1827.6
1127800 1827.6
1127810 1832.7
1127820 1836.3
1127830 1836.3
1127840 1834.8
1127850 1835.0
1127860 1835.0
1127870 1839.1
1127880 1843.1
1127890 1843.1
1127900 1846.9
1127910 1855.3
1127920 1855.3
1127930 1862.7
1127940 1882.2
1127950 1882.2
1127960 1895.2
1127970 1906.5
1127980 1920.2
1127990 1920.2
1128000 1953.5
1128010 1965.1
1128020 1965.1
1128030 1974.2
1128040 1983.9
1128050 1983.9
1128060 1991.8
1128070 2002.5
1128080 2002.5
1128090 2016.8
1128100 2035.6
1128110 2035.6
1128120 2050.8
1128130 2057.3
1128140 2057.3
1128150 2075.2
1128160 2093.4
1128170 2093.4
1128180 2107.3
1128190 2110.5
1128200 2110.5
1128210 2103.0
1128220 2095.9
1128230 2095.9
1128240 2102.0
1128250 2101.4
1128260 2110.3
1128270 2110.3
1128280 2112.8
1128290 2115.3
1128300 2115.3
1128310 2118.8
1128320 2133.4
1128330 2133.4
1128340 2140.1
1128350 2170.3
1128360 2170.3
1128370 2172.9
1128380 2170.7
1128390 2170.7
1128400 2175.7
1128410 2184.6
1128420 2184.6
1128430 2185.8
1128440 2179.8
1128450 2179.8
1128460 2164.7
1128470 2149.4
1128480 2149.4
1128490 2134.2
1128500 2114.1
1128510 2114.1
1128520 2098.2
1128530 2081.0
1128540 2067.6
1128550 2067.6
1128560 2053.3
1128570 2052.8
1128580 2052.8
1128590 2052.2
1128600 2046.9
1128610 2046.9
1128620 2033.0
1128630 2024.3
1128640 2024.3
1128650 2019.5
1128660 2010.2
1128670 2010.2
1128680 1985.7
1128690 1970.3
1128700 1970.3
1128710 1975.3
1128720 1953.3
1128730 1953.3
1128740 1914.7
1128750 1894.9
1128760 1894.9
1128770 1877.3
1128780 1871.6
1128790 1871.6
1128800 1869.1
1128810 1868.3
1128820 1851.1
1128830 1851.1
1128840 1816.5
1128850 1804.3
1128860 1804.3
1128870 1779.4
1128880 1775.7
1128890 1775.7
1128900 1774.1
1128910 1770.7
1128920 1770.7
1128930 1765.9
1128940 1760.8
1128950 1760.8
1128960 1755.5
1128970 1750.1
1128980 1750.1
1128990 1745.0
1129000 1739.3
1129010 1739.3
1129020 1733.8
1129030 1728.7
1129040 1728.7
1129050 1724.4
1129060 1719.5
1129070 1719.9
1129080 1715.0
1129090 1710.0
1129100 1705.8
1129110 1705.8
1129120 1701.6
1129130 1696.9
1129140 1696.9
1129150 1693.8
1129160 1690.7
1129170 1690.7
1129180 1688.5
1129190 1685.5
1129200 1685.5
1129210 1681.4
1129220 1675.6
1129230 1675.6
1129240 1667.8
1129250 1661.4
1129260 1661.4
1129270 1654.4
1129280 1647.5
1129290 1647.5
1129300 1640.2
1129310 1632.7
1129320 1632.7
1129330 1625.5
1129340 1618.7
1129350 1618.7
1129360 1611.8
1129370 1604.5
1129380 1597.8
1129390 1597.8
1129400 1591.3
1129410 1584.5
1129420 1584.5
1129430 1575.5
1129440 1567.8
1129450 1567.8
1129460 1560.2
1129470 1552.8
1129480 1552.8
1129490 1544.9
1129500 1536.4
1129510 1536.4
1129520 1529.0
1129530 1525.4
1129540 1525.4
1129550 1522.8
1129560 1519.5
1129570 1519.5
1129580 1516.5
1129590 1513.4
1129600 1513.4
1129610 1509.8
1129620 1506.3
1129630 1506.3
1129640 1502.9
1129650 1499.4
1129660 1495.9
1129670 1495.9
1129680 1492.2
1129690 1487.6
1129700 1487.6
1129710 1483.7
1129720 1480.3
1129730 1480.3
1129740 1475.8
1129750 1470.7
1129760 1470.7
1129770 1465.5
1129780 1460.5
1129790 1461.3
1129800 1456.1
1129810 1451.1
1129820 1451.1
1129830 1445.9
1129840 1441.3
1129850 1441.3
1129860 1436.8
1129870 1432.2
1129880 1432.2
1129890 1427.7
1129900 1423.5
1129910 1419.6
1129920 1419.6
1129930 1415.9
1129940 1411.3
1129950 1411.3
1129960 1406.8
1129970 1402.9
1129980 1402.9
1129990 1398.4
1130000 1394.7
1130010 1394.7
1130020 1391.3
1130030 1387.8
1130040 1387.8
1130050 1384.5
1130060 1381.2
1130070 1381.2
1130080 1377.5
1130090 1374.5
1130100 1374.5
1130110 1370.0
1130120 1366.5
1130130 1366.5
1130140 1364.2
1130150 1362.2
1130160 1362.2
1130170 1359.7
1130180 1357.7
1130190 1355.8
1130200 1355.8
1130210 1354.4
1130220 1352.4
1130230 1352.4
1130240 1350.0
1130250 1347.2
1130260 1347.2
1130270 1344.0
1130280 1340.7
1130290 1340.7
1130300 1337.2
1130310 1333.7
1130320 1333.7
1130330 1330.5
1130340 1324.7
1130350 1324.7
1130360 1320.7
1130370 1321.0
1130380 1321.0
1130390 1324.9
1130400 1331.1
1130410 1331.1
1130420 1336.1
1130430 1340.8
1130440 1340.8
1130450 1345.9
1130460 1350.0
1130470 1354.6
1130480 1354.6
1130490 1360.5
1130500 1365.6
1130510 1365.7
1130520 1371.3
1130530 1377.1
1130540 1377.1
1130550 1382.2
1130560 1387.1
1130570 1387.1
1130580 1392.0
1130590 1396.4
1130600 1396.4
1130610 1401.5
1130620 1407.2
1130630 1407.2
1130640 1411.7
1130650 1416.1
1130660 1416.1
1130670 1420.5
1130680 1425.9
1130690 1425.9
1130700 1430.9
1130710 1435.2
1130720 1435.2
1130730 1440.1
1130740 1445.1
1130750 1451.7
1130760 1451.7
1130770 1458.3
1130780 1465.3
1130790 1465.3
1130800 1472.5
1130810 1479.5
1130820 1479.5
1130830 1486.5
1130840 1493.4
1130850 1493.4
1130860 1500.4
1130870 1508.0
1130880 1508.0
1130890 1514.6
1130900 1521.5
1130910 1521.5
1130920 1528.3
1130930 1534.9
1130940 1534.9
1130950 1540.3
1130960 1544.5
1130970 1544.5
1130980 1548.8
1130990 1553.8
1131000 1553.8
1131010 1561.5
1131020 1570.2
1131030 1577.8
1131040 1577.8
1131050 1583.7
1131060 1591.2
1131070 1591.2
1131080 1602.7
1131090 1611.5
1131100 1611.5
1131110 1622.1
1131120 1635.2
1131130 1635.2
1131140 1646.8
1131150 1656.5
1131160 1656.5
1131170 1664.9
1131180 1674.6
1131190 1674.6
1131200 1680.2
1131210 1683.1
1131220 1683.1
1131230 1693.4
1131240 1700.7
1131250 1700.7
1131260 1705.5
1131270 1714.3
1131280 1714.3
1131290 1727.1
1131300 1739.1
1131310 1750.5
1131320 1750.5
1131330 1762.2
1131340 1774.0
1131350 1774.0
1131360 1781.4
1131370 1790.5
1131380 1790.5
1131390 1803.8
1131400 1814.0
1131410 1814.0
1131420 1826.1
1131430 1838.0
1131440 1838.0
1131450 1849.2
1131460 1855.9
1131470 1855.9
1131480 1860.5
1131490 1867.5
1131500 1867.5
1131510 1870.9
1131520 1870.9
1131530 1870.9
1131540 1869.6
1131550 1861.0
1131560 1861.0
1131570 1858.7
1131580 1861.7
1131590 1875.7
1131600 1875.7
1131610 1873.6
1131620 1870.3
1131630 1870.3
1131640 1874.1
1131650 1878.6
1131660 1878.6
1131670 1882.9
1131680 1885.2
1131690 1885.2
1131700 1887.0
1131710 1889.3
1131720 1889.3
1131730 1890.9
1131740 1892.3
1131750 1892.3
1131760 1891.7
1131770 1892.8
1131780 1892.8
1131790 1895.6
1131800 1894.8
1131810 1894.8
1131820 1905.4
1131830 1923.3
1131840 1923.3
1131850 1934.6
1131860 1941.4
1131870 1941.0
1131880 1941.0
1131890 1937.0
1131900 1932.1
1131910 1932.1
1131920 1934.4
1131930 1934.7
1131940 1934.7
1131950 1945.4
1131960 1948.4
1131970 1948.4
1131980 1953.5
1131990 1957.1
1132000 1957.1
1132010 1959.0
1132020 1960.4
1132030 1960.4
1132040 1961.7
1132050 1963.0
1132060 1963.0
1132070 1966.6
1132080 1973.0
1132090 1973.0
1132100 1975.4
1132110 1975.5
1132120 1975.5
1132130 1979.4
1132140 1988.1
1132150 1992.9
1132160 1992.9
1132170 1994.5
1132180 1996.8
1132190 1996.8
1132200 1998.0
1132210 1998.0
1132220 1998.0
1132230 1997.3
1132240 1996.8
1132250 1996.8
1132260 1999.8
1132270 2004.0
1132280 2004.0
1132290 2007.3
1132300 2009.1
1132310 2015.9
1132320 2018.2
1132330 2020.9
1132340 2020.9
1132350 2021.3
1132360 2020.7
1132370 2020.7
1132380 2021.1
1132390 2024.0
1132400 2024.0
1132410 2026.7
1132420 2028.8
1132430 2031.4
1132440 2031.4
1132450 2034.9
1132460 2040.1
1132470 2040.1
1132480 2046.9
1132490 2054.0
1132500 2054.0
1132510 2061.3
1132520 2070.4
1132530 2070.4
1132540 2070.8
1132550 2074.9
1132560 2074.9
1132570 2082.4
1132580 2086.0
1132590 2086.0
1132600 2088.7
1132610 2090.8
1132620 2090.8
1132630 2093.6
1132640 2096.7
1132650 2096.7
1132660 2099.3
1132670 2112.6
1132680 2122.5
1132690 2122.5
1132700 2135.2
1132710 2138.9
1132720 2138.9
1132730 2150.8
1132740 2149.5
1132750 2149.5
1132760 2157.1
1132770 2172.4
1132780 2172.4
1132790 2180.1
1132800 2191.1
1132810 2191.1
1132820 2189.9
1132830 2174.2
1132840 2174.2
1132850 2171.3
1132860 2178.8
1132870 2178.8
1132880 2187.1
1132890 2198.8
1132900 2198.8
1132910 2209.0
1132920 2219.9
1132930 2219.9
1132940 2240.7
1132950 2257.4
1132960 2262.9
1132970 2262.9
1132980 2251.5
1132990 2225.3
1133000 2225.3
1133010 2186.5
1133020 2175.8
1133030 2176.7
1133040 2169.3
1133050 2162.4
1133060 2162.4
1133070 2156.5
1133080 2148.8
1133090 2148.8
1133100 2136.1
1133110 2128.3
1133120 2128.3
1133130 2122.5
1133140 2117.6
1133150 2117.6
1133160 2114.3
1133170 2105.2
1133180 2105.2
1133190 2094.0
1133200 2085.4
1133210 2085.4
1133220 2079.1
1133230 2074.2
1133240 2069.5
1133250 2069.5
1133260 2064.0
1133270 2058.7
1133280 2058.7
