1120000 1363.4
1120010 1367.6
1120020 1369.0
1120030 1369.0
1120040 1372.3
1120050 1378.7
1120060 1378.7
1120070 1382.7
1120080 1386.8
1120090 1386.8
1120100 1390.3
1120110 1394.1
1120120 1394.1
1120130 1397.2
1120140 1397.3
1120150 1397.3
1120160 1401.2
1120170 1412.1
1120180 1412.1
1120190 1419.6
1120200 1425.5
1120210 1431.7
1120220 1431.7
1120230 1438.6
1120240 1444.9
1120250 1444.9
1120260 1450.3
1120270 1456.1
1120280 1456.1
1120290 1459.7
1120300 1463.7
1120310 1463.7
1120320 1467.2
1120330 1468.8
1120340 1468.8
1120350 1470.0
1120360 1470.7
1120370 1470.7
1120380 1472.4
1120390 1473.6
1120400 1473.6
1120410 1474.7
1120420 1476.9
1120430 1476.9
1120440 1481.1
1120450 1485.8
1120460 1485.8
1120470 1492.1
1120480 1499.0
1120490 1504.8
1120500 1504.8
1120510 1511.4
1120520 1518.1
1120530 1518.1
1120540 1523.1
1120550 1527.3
1120560 1527.3
1120570 1530.5
1120580 1534.1
1120590 1534.1
1120600 1540.5
1120610 1547.0
1120620 1544.5
1120630 1549.0
1120640 1553.7
1120650 1553.7
1120660 1557.8
1120670 1563.7
1120680 1563.7
1120690 1566.3
1120700 1566.8
1120710 1566.8
1120720 1566.7
1120730 1567.2
1120740 1567.2
1120750 1568.3
1120760 1567.4
1120770 1568.8
1120780 1568.8
1120790 1572.2
1120800 1576.1
1120810 1576.1
1120820 1579.7
1120830 1583.1
1120840 1583.1
1120850 1589.7
1120860 1597.4
1120870 1597.4
1120880 1603.5
1120890 1612.0
1120900 1612.0
1120910 1617.3
1120920 1624.6
1120930 1624.6
1120940 1633.3
1120950 1644.0
1120960 1644.0
1120970 1648.2
1120980 1660.8
1120990 1660.8
1121000 1670.6
1121010 1672.3
1121020 1672.3
1121030 1674.0
1121040 1673.1
1121050 1672.9
1121060 1672.9
1121070 1670.6
1121080 1667.5
1121090 1667.5
1121100 1664.5
1121110 1661.8
1121120 1661.8
1121130 1657.2
1121140 1655.6
1121150 1655.6
1121160 1655.8
1121170 1654.2
1121180 1654.2
1121190 1650.5
1121200 1648.7
1121210 1648.7
1121220 1641.5
1121230 1635.8
1121240 1635.8
1121250 1631.3
1121260 1626.8
1121270 1626.8
1121280 1631.5
1121290 1634.1
1121300 1634.1
1121310 1638.8
1121320 1648.8
1121330 1656.1
1121340 1656.1
1121350 1664.4
1121360 1671.6
1121370 1671.6
1121380 1676.1
1121390 1679.8
1121400 1679.8
1121410 1683.9
1121420 1688.6
1121430 1688.6
1121440 1695.8
1121450 1701.0
1121460 1701.0
1121470 1706.9
1121480 1714.1
1121490 1714.1
1121500 1720.8
1121510 1727.3
1121520 1727.3
1121530 1732.9
1121540 1737.3
1121550 1737.3
1121560 1740.7
1121570 1744.1
1121580 1744.1
1121590 1747.2
1121600 1750.7
1121610 1753.8
1121620 1753.8
1121630 1757.2
1121640 1759.7
1121650 1759.7
1121660 1762.1
1121670 1759.6
1121680 1759.6
1121690 1760.8
1121700 1761.4
1121710 1761.4
1121720 1760.9
1121730 1759.6
1121740 1759.6
1121750 1758.2
1121760 1757.4
1121770 1757.4
1121780 1757.2
1121790 1757.0
1121800 1757.0
1121810 1756.9
1121820 1757.3
1121830 1757.3
1121840 1757.8
1121850 1756.6
1121860 1756.6
1121870 1755.2
1121880 1754.2
1121890 1753.5
1121900 1753.5
1121910 1751.4
1121920 1750.5
1121930 1750.5
1121940 1756.9
1121950 1761.6
1121960 1761.6
1121970 1764.5
1121980 1768.1
1121990 1768.1
1122000 1772.2
1122010 1774.8
1122020 1770.7
1122030 1774.1
1122040 1777.0
1122050 1777.0
1122060 1780.0
1122070 1783.5
1122080 1783.5
1122090 1786.6
1122100 1789.2
1122110 1789.2
1122120 1791.3
1122130 1792.7
1122140 1794.4
1122150 1794.4
1122160 1796.8
1122170 1800.2
1122180 1800.2
1122190 1803.2
1122200 1804.3
1122210 1804.3
1122220 1805.7
1122230 1811.2
1122240 1811.2
1122250 1817.7
1122260 1823.3
1122270 1823.3
1122280 1827.5
1122290 1830.8
1122300 1830.8
1122310 1833.8
1122320 1836.4
1122330 1836.4
1122340 1839.1
1122350 1841.5
1122360 1841.5
1122370 1840.0
1122380 1841.5
1122390 1841.5
1122400 1842.7
1122410 1843.6
1122420 1846.8
1122430 1846.8
1122440 1849.8
1122450 1848.8
1122460 1848.8
1122470 1845.2
1122480 1843.0
1122490 1843.0
1122500 1842.9
1122510 1840.3
1122520 1840.3
1122530 1838.4
1122540 1836.0
1122550 1836.0
1122560 1833.5
1122570 1831.6
1122580 1831.6
1122590 1830.9
1122600 1828.6
1122610 1828.6
1122620 1829.1
1122630 1830.0
1122640 1830.0
1122650 1830.7
1122660 1831.4
1122670 1831.4
1122680 1832.0
1122690 1833.0
1122700 1835.1
1122710 1835.1
1122720 1833.1
1122730 1835.8
1122740 1835.8
1122750 1838.3
1122760 1840.9
1122770 1840.9
1122780 1843.1
1122790 1844.5
1122800 1844.5
1122810 1846.1
1122820 1847.9
1122830 1847.9
1122840 1849.8
1122850 1851.4
1122860 1851.4
1122870 1853.1
1122880 1855.4
1122890 1855.4
1122900 1858.4
1122910 1861.9
1122920 1861.9
1122930 1866.2
1122940 1871.1
1122950 1871.1
1122960 1875.3
1122970 1879.8
1122980 1884.7
1122990 1884.7
1123000 1890.8
1123010 1896.6
1123020 1896.6
1123030 1904.8
1123040 1913.7
1123050 1913.7
1123060 1916.1
1123070 1909.3
1123080 1909.3
1123090 1904.6
1123100 1900.0
1123110 1900.0
1123120 1895.3
1123130 1888.3
1123140 1888.3
1123150 1880.3
1123160 1872.5
1123170 1872.5
1123180 1867.8
1123190 1862.0
1123200 1862.0
1123210 1855.6
1123220 1851.4
1123230 1851.4
1123240 1847.1
1123250 1843.7
1123260 1840.3
1123270 1840.3
1123280 1836.1
1123290 1830.3
1123300 1830.3
1123310 1825.5
1123320 1821.7
1123330 1821.7
1123340 1817.6
1123350 1813.4
1123360 1813.4
1123370 1809.1
1123380 1806.0
1123390 1806.0
1123400 1802.1
1123410 1798.9
1123420 1798.9
1123430 1789.8
1123440 1786.4
1123450 1786.4
1123460 1784.6
1123470 1782.3
1123480 1782.3
1123490 1777.8
1123500 1773.5
1123510 1773.5
1123520 1771.3
1123530 1768.9
1123540 1766.5
1123550 1766.5
1123560 1762.2
1123570 1757.5
1123580 1757.5
1123590 1754.4
1123600 1752.6
1123610 1752.6
1123620 1749.8
1123630 1748.7
1123640 1748.7
1123650 1747.1
1123660 1744.7
1123670 1744.7
1123680 1740.5
1123690 1737.6
1123700 1737.6
1123710 1735.0
1123720 1731.7
1123730 1731.7
1123740 1729.5
1123750 1727.1
1123760 1727.1
1123770 1723.6
1123780 1715.5
1123790 1715.5
1123800 1712.9
1123810 1711.5
1123820 1709.6
1123830 1709.6
1123840 1707.3
1123850 1705.1
1123860 1705.1
1123870 1702.7
1123880 1698.6
1123890 1698.6
1123900 1696.0
1123910 1694.6
1123920 1694.6
1123930 1694.3
1123940 1694.4
1123950 1694.4
1123960 1691.5
1123970 1687.7
1123980 1687.7
1123990 1684.1
1124000 1681.3
1124010 1681.3
1124020 1678.3
1124030 1675.1
1124040 1675.1
1124050 1674.6
1124060 1673.2
1124070 1673.2
1124080 1671.5
1124090 1671.1
1124100 1670.5
1124110 1670.5
1124120 1668.3
1124130 1661.1
1124140 1661.1
1124150 1658.8
1124160 1657.3
1124170 1657.3
1124180 1655.3
1124190 1652.7
1124200 1652.7
1124210 1650.9
1124220 1648.1
1124230 1648.1
1124240 1647.3
1124250 1645.8
1124260 1645.8
1124270 1643.2
1124280 1641.0
1124290 1641.0
1124300 1637.8
1124310 1634.6
1124320 1634.6
1124330 1635.4
1124340 1632.2
1124350 1632.2
1124360 1631.5
1124370 1629.4
1124380 1626.7
1124390 1626.7
1124400 1625.0
1124410 1622.3
1124420 1622.3
1124430 1620.9
1124440 1619.9
1124450 1619.9
1124460 1616.7
1124470 1614.6
1124480 1614.6
1124490 1608.8
1124500 1606.9
1124510 1606.9
1124520 1604.8
1124530 1602.7
1124540 1602.7
1124550 1600.6
1124560 1598.6
1124570 1598.6
1124580 1595.9
1124590 1593.5
1124600 1593.5
1124610 1590.6
1124620 1588.2
1124630 1588.2
1124640 1586.5
1124650 1584.1
1124660 1581.7
1124670 1581.7
1124680 1579.9
1124690 1576.9
1124700 1576.9
1124710 1573.5
1124720 1569.8
1124730 1569.8
1124740 1564.9
1124750 1560.6
1124760 1560.6
1124770 1556.0
1124780 1553.2
1124790 1553.2
1124800 1550.3
1124810 1546.4
1124820 1546.4
1124830 1545.7
1124840 1540.8
1124850 1540.8
1124860 1539.7
1124870 1538.6
1124880 1538.6
1124890 1538.2
1124900 1536.7
1124910 1536.7
1124920 1532.3
1124930 1529.5
1124940 1525.0
1124950 1525.0
1124960 1520.9
1124970 1521.1
1124980 1521.1
1124990 1519.4
1125000 1516.2
1125010 1516.2
1125020 1513.5
1125030 1512.7
1125040 1512.7
1125050 1511.6
1125060 1510.6
1125070 1510.6
1125080 1509.7
1125090 1506.1
1125100 1506.1
1125110 1504.9
1125120 1503.9
1125130 1503.9
1125140 1502.7
1125150 1502.8
1125160 1502.8
1125170 1502.9
1125180 1504.0
1125190 1497.9
1125200 1495.1
1125210 1491.4
1125220 1489.6
1125230 1489.6
1125240 1487.1
1125250 1483.3
1125260 1483.3
1125270 1480.9
1125280 1480.8
1125290 1480.8
1125300 1482.4
1125310 1483.2
1125320 1483.2
1125330 1481.8
1125340 1479.2
1125350 1479.2
1125360 1476.3
1125370 1473.1
1125380 1473.1
1125390 1469.4
1125400 1465.5
1125410 1465.5
1125420 1460.9
1125430 1456.7
1125440 1456.7
1125450 1452.8
1125460 1449.0
1125470 1449.0
1125480 1445.1
1125490 1441.6
1125500 1437.7
1125510 1437.7
1125520 1433.5
1125530 1429.7
1125540 1429.7
1125550 1425.8
1125560 1422.5
1125570 1422.5
1125580 1419.9
1125590 1417.3
1125600 1417.3
1125610 1414.6
1125620 1412.1
1125630 1412.1
1125640 1410.2
1125650 1407.9
1125660 1407.9
1125670 1405.8
1125680 1403.9
1125690 1403.9
1125700 1402.6
1125710 1401.4
1125720 1401.4
1125730 1399.5
1125740 1398.1
1125750 1397.5
1125760 1397.5
1125770 1395.9
1125780 1394.4
1125790 1394.4
1125800 1394.4
1125810 1393.4
1125820 1393.4
1125830 1392.3
1125840 1391.2
1125850 1391.2
1125860 1388.6
1125870 1385.2
1125880 1385.2
1125890 1383.7
1125900 1382.3
1125910 1382.3
1125920 1380.5
1125930 1379.2
1125940 1379.2
1125950 1379.7
1125960 1381.8
1125970 1381.8
1125980 1387.1
1125990 1392.1
1126000 1392.1
1126010 1398.2
1126020 1403.1
1126030 1407.0
1126040 1407.0
1126050 1410.5
1126060 1415.4
1126070 1415.4
1126080 1421.3
1126090 1427.1
1126100 1427.1
1126110 1433.0
1126120 1438.7
1126130 1438.7
1126140 1444.7
1126150 1450.8
1126160 1450.8
1126170 1456.6
1126180 1460.7
1126190 1460.7
1126200 1463.8
1126210 1466.6
1126220 1466.6
1126230 1467.4
1126240 1474.5
1126250 1474.5
1126260 1482.1
1126270 1490.0
1126280 1490.0
1126290 1497.0
1126300 1503.0
1126310 1508.7
1126320 1508.7
1126330 1514.3
1126340 1520.3
1126350 1520.3
1126360 1526.9
1126370 1533.1
1126380 1533.1
1126390 1538.0
1126400 1542.7
1126410 1542.7
1126420 1552.1
1126430 1569.8
1126440 1569.8
1126450 1578.3
1126460 1585.2
1126470 1585.2
1126480 1597.8
1126490 1611.6
1126500 1611.6
1126510 1618.1
1126520 1621.3
1126530 1621.3
1126540 1623.7
1126550 1635.9
1126560 1635.9
1126570 1643.8
1126580 1648.2
1126590 1651.6
1126600 1651.6
1126610 1661.3
1126620 1666.1
1126630 1666.1
1126640 1672.1
1126650 1690.4
1126660 1690.4
1126670 1706.6
1126680 1715.3
1126690 1715.3
1126700 1717.1
1126710 1717.6
1126720 1717.6
1126730 1714.6
1126740 1717.0
1126750 1717.0
1126760 1723.6
1126770 1727.4
1126780 1727.4
1126790 1733.4
1126800 1737.8
1126810 1737.8
1126820 1744.5
1126830 1753.4
1126840 1753.4
1126850 1763.8
1126860 1774.4
1126870 1779.4
1126880 1779.4
1126890 1779.1
1126900 1777.6
1126910 1777.6
1126920 1774.1
1126930 1772.4
1126940 1772.4
1126950 1771.8
1126960 1772.7
1126970 1780.8
1126980 1781.2
1126990 1781.4
1127000 1781.4
1127010 1781.5
1127020 1781.6
1127030 1781.6
1127040 1781.2
1127050 1781.2
1127060 1781.2
1127070 1782.4
1127080 1782.2
1127090 1782.2
1127100 1781.7
1127110 1784.5
1127120 1784.5
1127130 1783.1
1127140 1780.4
1127150 1779.1
1127160 1779.1
1127170 1776.0
1127180 1772.9
1127190 1772.9
1127200 1772.4
1127210 1769.4
1127220 1769.4
1127230 1768.5
1127240 1766.8
1127250 1766.8
1127260 1765.2
1127270 1762.8
1127280 1762.8
1127290 1761.3
1127300 1757.5
1127310 1757.5
1127320 1751.6
1127330 1756.2
1127340 1756.2
1127350 1752.2
1127360 1753.6
1127370 1753.6
1127380 1753.5
1127390 1754.1
1127400 1754.1
1127410 1752.9
1127420 1748.4
1127430 1747.6
1127440 1747.6
1127450 1748.1
1127460 1747.3
1127470 1747.3
1127480 1747.1
1127490 1747.5
1127500 1747.5
1127510 1747.0
1127520 1746.6
1127530 1746.6
1127540 1747.6
1127550 1749.6
1127560 1749.6
1127570 1751.9
1127580 1755.5
1127590 1755.5
1127600 1756.9
1127610 1755.5
1127620 1755.5
1127630 1754.2
1127640 1756.3
1127650 1756.3
1127660 1757.1
1127670 1756.0
1127680 1762.3
1127690 1762.0
1127700 1763.0
1127710 1766.3
1127720 1766.3
1127730 1772.0
1127740 1776.5
1127750 1776.5
1127760 1782.1
1127770 1782.2
1127780 1782.2
1127790 1780.7
1127800 1785.6
1127810 1785.6
1127820 1791.2
1127830 1796.1
1127840 1796.1
1127850 1801.4
1127860 1808.6
1127870 1808.6
1127880 1818.9
1127890 1824.7
1127900 1824.7
1127910 1831.5
1127920 1842.3
1127930 1842.3
1127940 1851.4
1127950 1867.0
1127960 1867.0
1127970 1883.0
1127980 1893.3
1127990 1906.2
1128000 1906.2
1128010 1924.4
1128020 1932.8
1128030 1932.8
1128040 1941.1
1128050 1953.7
1128060 1953.7
1128070 1960.3
1128080 1966.8
1128090 1966.8
1128100 1973.7
1128110 1981.1
1128120 1981.1
1128130 1989.8
1128140 1997.5
1128150 1997.5
1128160 2005.8
1128170 2016.1
1128180 2016.1
1128190 2021.4
1128200 2029.2
1128210 2029.2
1128220 2035.1
1128230 2038.6
1128240 2038.6
1128250 2044.2
1128260 2055.3
1128270 2070.7
1128280 2070.7
1128290 2077.9
1128300 2083.7
1128310 2083.7
1128320 2081.3
1128330 2087.6
1128340 2087.6
1128350 2094.9
1128360 2097.3
1128370 2097.3
1128380 2095.2
1128390 2086.6
1128400 2102.2
1128410 2096.6
1128420 2101.0
1128430 2101.0
1128440 2107.6
1128450 2107.0
1128460 2107.0
1128470 2091.9
1128480 2072.9
1128490 2072.9
1128500 2042.0
1128510 2009.2
1128520 2009.2
1128530 1995.3
1128540 1973.1
1128550 1935.8
1128560 1935.8
1128570 1907.4
1128580 1892.7
1128590 1892.7
1128600 1880.5
1128610 1881.2
1128620 1881.2
1128630 1883.5
1128640 1853.9
1128650 1853.9
1128660 1840.4
1128670 1834.1
1128680 1834.1
1128690 1828.2
1128700 1822.8
1128710 1822.8
1128720 1817.1
1128730 1811.0
1128740 1811.0
1128750 1804.3
1128760 1798.7
1128770 1798.7
1128780 1793.7
1128790 1789.6
1128800 1784.8
1128810 1784.8
1128820 1780.3
1128830 1777.3
1128840 1777.3
1128850 1773.9
1128860 1770.4
1128870 1770.4
1128880 1767.0
1128890 1763.6
1128900 1763.6
1128910 1760.3
1128920 1757.7
1128930 1757.7
1128940 1755.5
1128950 1753.7
1128960 1753.7
1128970 1752.1
1128980 1750.0
1128990 1750.0
1129000 1748.1
1129010 1744.9
1129020 1744.9
1129030 1741.9
1129040 1739.1
1129050 1739.1
1129060 1737.2
1129070 1737.8
1129080 1739.0
1129090 1739.0
1129100 1740.4
1129110 1734.7
1129120 1734.7
1129130 1734.3
1129140 1727.8
1129150 1727.8
1129160 1717.5
1129170 1701.0
1129180 1701.0
1129190 1685.8
1129200 1677.5
1129210 1677.5
1129220 1670.8
1129230 1664.4
1129240 1664.4
1129250 1657.6
1129260 1647.5
1129270 1647.5
1129280 1637.9
1129290 1630.1
1129300 1630.1
1129310 1622.8
1129320 1615.0
1129330 1615.0
1129340 1608.1
1129350 1601.0
1129360 1594.8
1129370 1594.8
1129380 1588.7
1129390 1582.9
1129400 1582.9
1129410 1576.1
1129420 1567.9
1129430 1567.9
1129440 1559.2
1129450 1551.5
1129460 1551.5
1129470 1547.0
1129480 1540.4
1129490 1540.4
1129500 1534.2
1129510 1529.1
1129520 1529.1
1129530 1522.8
1129540 1516.2
1129550 1516.2
1129560 1508.9
1129570 1501.7
1129580 1501.7
1129590 1495.1
1129600 1489.6
1129610 1489.6
1129620 1484.0
1129630 1478.9
1129640 1474.3
1129650 1474.3
1129660 1470.1
1129670 1465.0
1129680 1465.0
1129690 1462.3
1129700 1458.1
1129710 1458.1
1129720 1454.0
1129730 1450.0
1129740 1450.0
1129750 1446.2
1129760 1442.3
1129770 1442.3
1129780 1438.2
1129790 1434.7
1129800 1434.7
1129810 1431.9
1129820 1430.1
1129830 1434.5
1129840 1431.3
1129850 1428.1
1129860 1428.1
1129870 1424.9
1129880 1420.9
1129890 1420.9
1129900 1416.2
1129910 1411.3
1129920 1407.4
1129930 1407.4
1129940 1403.5
1129950 1399.3
1129960 1399.3
1129970 1395.6
1129980 1391.6
1129990 1391.6
1130000 1387.7
1130010 1384.3
1130020 1384.3
1130030 1380.1
1130040 1375.9
1130050 1375.9
1130060 1371.6
1130070 1367.3
1130080 1367.3
1130090 1363.6
1130100 1360.5
1130110 1360.5
1130120 1357.8
1130130 1355.2
1130140 1355.2
1130150 1352.3
1130160 1349.0
1130170 1349.0
1130180 1346.4
1130190 1344.3
1130200 1340.7
1130210 1340.7
1130220 1337.4
1130230 1335.2
1130240 1335.2
1130250 1331.8
1130260 1329.2
1130270 1329.2
1130280 1327.2
1130290 1325.9
1130300 1325.9
1130310 1324.6
1130320 1322.8
1130330 1322.8
1130340 1318.5
1130350 1313.6
1130360 1313.6
1130370 1313.5
1130380 1316.9
1130390 1316.9
1130400 1321.8
1130410 1324.6
1130420 1324.6
1130430 1328.0
1130440 1331.6
1130450 1331.6
1130460 1336.1
1130470 1340.9
1130480 1345.1
1130490 1345.1
1130500 1349.3
1130510 1352.1
1130520 1352.1
1130530 1355.2
1130540 1358.9
1130550 1362.5
1130560 1366.6
1130570 1372.0
1130580 1372.0
1130590 1377.2
1130600 1382.1
1130610 1382.1
1130620 1387.1
1130630 1392.6
1130640 1392.6
1130650 1397.9
1130660 1403.0
1130670 1403.0
1130680 1408.7
1130690 1414.5
1130700 1414.5
1130710 1419.9
1130720 1425.8
1130730 1425.8
1130740 1431.8
1130750 1437.0
1130760 1441.9
1130770 1441.9
1130780 1446.7
1130790 1452.4
1130800 1452.4
1130810 1458.1
1130820 1463.2
1130830 1463.2
1130840 1468.0
1130850 1473.9
1130860 1473.9
1130870 1479.7
1130880 1485.5
1130890 1485.5
1130900 1490.8
1130910 1501.1
1130920 1501.1
1130930 1506.0
1130940 1509.9
1130950 1509.9
1130960 1515.3
1130970 1521.8
1130980 1521.8
1130990 1528.3
1131000 1535.4
1131010 1535.4
1131020 1546.6
1131030 1563.3
1131040 1575.2
1131050 1575.2
1131060 1580.9
1131070 1586.9
1131080 1586.9
1131090 1593.8
1131100 1601.6
1131110 1601.6
1131120 1610.4
1131130 1620.5
1131140 1620.5
1131150 1632.1
1131160 1651.7
1131170 1651.7
1131180 1671.9
1131190 1674.3
1131200 1674.3
1131210 1678.0
1131220 1683.0
1131230 1683.0
1131240 1694.8
1131250 1712.5
1131260 1712.5
1131270 1733.4
1131280 1743.9
1131290 1743.9
1131300 1754.9
1131310 1766.5
1131320 1773.1
1131330 1773.1
1131340 1778.4
1131350 1779.0
1131360 1779.0
1131370 1787.0
1131380 1794.3
1131390 1794.3
1131400 1798.8
1131410 1800.4
1131420 1800.4
1131430 1794.2
1131440 1791.7
1131450 1791.7
1131460 1794.7
1131470 1793.7
1131480 1793.7
1131490 1791.6
1131500 1791.8
1131510 1791.8
1131520 1794.1
1131530 1798.1
1131540 1798.1
1131550 1802.2
1131560 1805.4
1131570 1805.4
1131580 1809.3
1131590 1813.1
1131600 1816.2
1131610 1816.2
1131620 1818.7
1131630 1827.1
1131640 1827.1
1131650 1828.7
1131660 1830.9
1131670 1830.9
1131680 1833.0
1131690 1834.5
1131700 1834.5
1131710 1835.7
1131720 1836.8
1131730 1836.8
1131740 1838.1
1131750 1840.1
1131760 1840.1
1131770 1844.3
1131780 1849.5
1131790 1849.5
1131800 1854.5
1131810 1858.8
1131820 1858.8
1131830 1862.8
1131840 1867.4
1131850 1872.0
1131860 1872.0
1131870 1876.2
1131880 1878.8
1131890 1878.8
1131900 1880.8
1131910 1883.4
1131920 1883.4
1131930 1886.2
1131940 1890.1
1131950 1890.1
1131960 1893.1
1131970 1895.8
1131980 1895.8
1131990 1904.0
1132000 1905.4
1132010 1905.4
1132020 1908.1
1132030 1911.1
1132040 1911.1
1132050 1916.1
1132060 1921.1
1132070 1921.1
1132080 1925.0
1132090 1928.6
1132100 1928.6
1132110 1931.4
1132120 1934.4
1132130 1937.3
1132140 1937.3
1132150 1939.0
1132160 1940.1
1132170 1940.1
1132180 1941.3
1132190 1941.8
1132200 1941.8
1132210 1942.6
1132220 1945.3
1132230 1945.3
1132240 1949.2
1132250 1951.8
1132260 1951.8
1132270 1954.2
1132280 1956.2
1132290 1956.2
1132300 1958.6
1132310 1961.6
1132320 1961.6
1132330 1965.2
1132340 1969.8
1132350 1972.8
1132360 1978.1
1132370 1983.4
1132380 1983.4
1132390 1988.5
1132400 1992.8
1132410 1997.1
1132420 1997.1
1132430 2001.6
1132440 2005.5
1132450 2005.5
1132460 2009.4
1132470 2013.4
1132480 2013.4
1132490 2017.5
1132500 2020.5
1132510 2020.5
1132520 2024.4
1132530 2027.3
1132540 2027.3
1132550 2030.0
1132560 2032.7
1132570 2032.7
1132580 2035.9
1132590 2038.0
1132600 2038.0
1132610 2039.7
1132620 2042.6
1132630 2042.6
1132640 2045.2
1132650 2048.4
1132660 2048.4
1132670 2052.8
1132680 2058.7
1132690 2065.3
1132700 2065.3
1132710 2074.6
1132720 2081.3
1132730 2081.3
1132740 2088.2
1132750 2094.7
1132760 2094.7
1132770 2101.1
1132780 2105.9
1132790 2105.9
1132800 2110.1
1132810 2114.6
1132820 2114.6
1132830 2119.7
1132840 2124.8
1132850 2124.8
1132860 2130.1
1132870 2139.2
1132880 2139.2
1132890 2155.7
1132900 2167.3
1132910 2167.3
1132920 2180.0
1132930 2196.6
1132940 2196.6
1132950 2203.5
1132960 2207.8
1132970 2219.5
1132980 2219.5
1132990 2235.5
1133000 2222.7
1133010 2222.7
1133020 2208.8
1133030 2184.8
1133040 2184.8
1133050 2171.4
1133060 2160.9
1133070 2160.9
1133080 2151.0
1133090 2133.4
1133100 2133.4
1133110 2115.4
1133120 2104.2
1133130 2104.2
1133140 2097.1
1133150 2090.7
1133160 2090.7
1133170 2084.1
1133180 2077.7
1133190 2077.7
1133200 2071.7
1133210 2066.0
1133220 2066.0
1133230 2060.4
1133240 2055.7
1133250 2050.9
1133260 2050.9
1133270 2046.8
1133280 2044.2
1133290 2044.2
1133300 2040.9
1133310 2038.8
1133320 2038.8
