1120000 1392.8
1120010 1392.8
1120020 1398.5
1120030 1405.3
1120040 1405.3
1120050 1412.8
1120060 1419.3
1120070 1419.3
1120080 1423.6
1120090 1428.4
1120100 1433.0
1120110 1433.0
1120120 1435.7
1120130 1439.7
1120140 1439.7
1120150 1445.3
1120160 1450.6
1120170 1450.6
1120180 1456.3
1120190 1462.0
1120200 1462.0
1120210 1462.7
1120220 1469.2
1120230 1469.2
1120240 1474.4
1120250 1478.8
1120260 1478.8
1120270 1483.7
1120280 1487.2
1120290 1487.2
1120300 1491.0
1120310 1496.4
1120320 1496.4
1120330 1502.0
1120340 1506.8
1120350 1506.8
1120360 1511.9
1120370 1517.5
1120380 1522.2
1120390 1522.2
1120400 1524.6
1120410 1524.8
1120420 1524.8
1120430 1524.7
1120440 1534.4
1120450 1534.4
1120460 1547.0
1120470 1557.6
1120480 1557.6
1120490 1564.9
1120500 1571.8
1120510 1571.8
1120520 1574.3
1120530 1579.6
1120540 1579.6
1120550 1586.8
1120560 1581.8
1120570 1581.8
1120580 1583.4
1120590 1586.1
1120600 1586.1
1120610 1589.6
1120620 1592.6
1120630 1592.6
1120640 1595.2
1120650 1597.2
1120660 1599.9
1120670 1599.9
1120680 1602.9
1120690 1605.7
1120700 1605.7
1120710 1607.2
1120720 1608.2
1120730 1608.2
1120740 1609.4
1120750 1611.1
1120760 1611.1
1120770 1613.4
1120780 1616.5
1120790 1616.5
1120800 1618.6
1120810 1625.0
1120820 1625.0
1120830 1631.9
1120840 1638.1
1120850 1638.1
1120860 1646.2
1120870 1656.4
1120880 1656.4
1120890 1666.5
1120900 1674.9
1120910 1674.8
1120920 1682.2
1120930 1686.5
1120940 1691.1
1120950 1691.1
1120960 1695.7
1120970 1702.2
1120980 1702.2
1120990 1706.8
1121000 1708.9
1121010 1708.9
1121020 1709.4
1121030 1708.0
1121040 1708.0
1121050 1708.3
1121060 1709.5
1121070 1709.5
1121080 1710.5
1121090 1709.2
1121100 1709.2
1121110 1707.6
1121120 1706.7
1121130 1706.7
1121140 1705.5
1121150 1700.6
1121160 1700.6
1121170 1700.3
1121180 1700.9
1121190 1700.9
1121200 1700.8
1121210 1698.4
1121220 1697.6
1121230 1697.6
1121240 1695.9
1121250 1696.1
1121260 1690.3
1121270 1688.3
1121280 1685.1
1121290 1685.1
1121300 1688.6
1121310 1692.8
1121320 1692.8
1121330 1691.5
1121340 1690.8
1121350 1690.8
1121360 1699.9
1121370 1708.4
1121380 1708.4
1121390 1713.1
1121400 1717.3
1121410 1717.3
1121420 1721.7
1121430 1725.8
1121440 1725.8
1121450 1728.6
1121460 1730.4
1121470 1730.4
1121480 1729.1
1121490 1725.5
1121500 1726.0
1121510 1726.0
1121520 1727.7
1121530 1736.4
1121540 1736.4
1121550 1749.4
1121560 1758.0
1121570 1758.0
1121580 1761.9
1121590 1764.9
1121600 1764.9
1121610 1766.9
1121620 1770.2
1121630 1770.2
1121640 1774.3
1121650 1778.7
1121660 1778.7
1121670 1782.3
1121680 1786.2
1121690 1786.2
1121700 1790.5
1121710 1792.7
1121720 1792.7
1121730 1795.6
1121740 1798.6
1121750 1798.6
1121760 1800.5
1121770 1802.4
1121780 1804.3
1121790 1804.3
1121800 1805.4
1121810 1806.1
1121820 1806.1
1121830 1806.4
1121840 1806.8
1121850 1806.8
1121860 1807.3
1121870 1807.8
1121880 1807.8
1121890 1808.3
1121900 1808.7
1121910 1808.7
1121920 1809.2
1121930 1809.7
1121940 1809.7
1121950 1809.4
1121960 1807.3
1121970 1807.3
1121980 1807.4
1121990 1807.8
1122000 1807.8
1122010 1808.6
1122020 1810.6
1122030 1810.6
1122040 1814.7
1122050 1818.2
1122060 1820.9
1122070 1820.9
1122080 1823.2
1122090 1826.1
1122100 1826.1
1122110 1829.5
1122120 1832.7
1122130 1832.7
1122140 1836.1
1122150 1840.5
1122160 1840.5
1122170 1844.4
1122180 1848.8
1122190 1848.8
1122200 1853.8
1122210 1858.9
1122220 1858.9
1122230 1861.9
1122240 1863.4
1122250 1863.4
1122260 1865.4
1122270 1867.0
1122280 1867.0
1122290 1870.8
1122300 1875.4
1122310 1871.3
1122320 1875.3
1122330 1879.2
1122340 1883.5
1122350 1883.5
1122360 1887.6
1122370 1891.1
1122380 1891.1
1122390 1893.6
1122400 1895.5
1122410 1895.5
1122420 1896.4
1122430 1896.3
1122440 1896.3
1122450 1896.9
1122460 1899.5
1122470 1899.5
1122480 1899.1
1122490 1896.6
1122500 1896.6
1122510 1895.9
1122520 1896.1
1122530 1896.1
1122540 1895.3
1122550 1894.0
1122560 1894.0
1122570 1894.3
1122580 1893.7
1122590 1893.7
1122600 1892.6
1122610 1891.6
1122620 1892.6
1122630 1892.6
1122640 1893.9
1122650 1895.0
1122660 1890.6
1122670 1892.6
1122680 1894.4
1122690 1894.4
1122700 1898.4
1122710 1902.8
1122720 1902.8
1122730 1905.7
1122740 1905.9
1122750 1905.9
1122760 1906.0
1122770 1907.1
1122780 1907.1
1122790 1907.6
1122800 1907.7
1122810 1907.7
1122820 1907.5
1122830 1906.6
1122840 1906.6
1122850 1906.1
1122860 1906.0
1122870 1906.0
1122880 1908.3
1122890 1910.1
1122900 1913.5
1122910 1913.5
1122920 1916.7
1122930 1919.6
1122940 1919.6
1122950 1922.1
1122960 1927.8
1122970 1927.8
1122980 1933.1
1122990 1938.2
1123000 1938.2
1123010 1939.0
1123020 1946.7
1123030 1946.7
1123040 1957.3
1123050 1962.5
1123060 1962.5
1123070 1959.7
1123080 1955.5
1123090 1955.5
1123100 1949.6
1123110 1943.2
1123120 1943.2
1123130 1935.0
1123140 1928.9
1123150 1928.9
1123160 1924.5
1123170 1918.6
1123180 1913.1
1123190 1913.1
1123200 1910.1
1123210 1906.2
1123220 1906.2
1123230 1903.1
1123240 1899.7
1123250 1899.7
1123260 1896.7
1123270 1894.3
1123280 1894.3
1123290 1891.3
1123300 1888.3
1123310 1888.3
1123320 1884.8
1123330 1882.4
1123340 1882.4
1123350 1879.2
1123360 1875.9
1123370 1869.9
1123380 1865.0
1123390 1862.8
1123400 1862.8
1123410 1859.4
1123420 1857.1
1123430 1852.8
1123440 1852.8
1123450 1850.8
1123460 1849.6
1123470 1849.6
1123480 1846.0
1123490 1844.3
1123500 1844.3
1123510 1846.4
1123520 1845.5
1123530 1845.5
1123540 1839.7
1123550 1835.1
1123560 1835.1
1123570 1828.6
1123580 1824.5
1123590 1824.5
1123600 1827.0
1123610 1821.1
1123620 1821.1
1123630 1813.5
1123640 1807.5
1123650 1807.5
1123660 1806.2
1123670 1806.0
1123680 1806.0
1123690 1809.6
1123700 1808.2
1123710 1805.9
1123720 1798.7
1123730 1796.7
1123740 1791.0
1123750 1791.0
1123760 1784.8
1123770 1781.7
1123780 1781.7
1123790 1781.1
1123800 1784.9
1123810 1784.9
1123820 1785.1
1123830 1784.5
1123840 1784.5
1123850 1788.2
1123860 1792.3
1123870 1792.3
1123880 1789.8
1123890 1784.3
1123900 1784.3
1123910 1783.3
1123920 1787.3
1123930 1787.3
1123940 1787.7
1123950 1784.7
1123960 1784.7
1123970 1777.4
1123980 1766.7
1123990 1758.3
1124000 1758.3
1124010 1751.6
1124020 1746.1
1124030 1746.1
1124040 1740.7
1124050 1736.0
1124060 1736.0
1124070 1727.4
1124080 1725.0
1124090 1725.0
1124100 1723.7
1124110 1721.6
1124120 1721.6
1124130 1717.9
1124140 1713.9
1124150 1713.9
1124160 1710.7
1124170 1707.2
1124180 1707.2
1124190 1704.1
1124200 1703.6
1124210 1703.6
1124220 1702.1
1124230 1698.5
1124240 1698.5
1124250 1694.6
1124260 1692.7
1124270 1691.6
1124280 1691.6
1124290 1687.7
1124300 1686.0
1124310 1686.0
1124320 1683.7
1124330 1680.0
1124340 1680.0
1124350 1677.0
1124360 1675.1
1124370 1675.1
1124380 1672.4
1124390 1671.1
1124400 1671.1
1124410 1670.2
1124420 1662.7
1124430 1662.7
1124440 1660.6
1124450 1658.6
1124460 1658.6
1124470 1656.3
1124480 1654.5
1124490 1654.5
1124500 1654.6
1124510 1654.5
1124520 1654.5
1124530 1650.4
1124540 1650.6
1124550 1649.7
1124560 1649.7
1124570 1647.2
1124580 1643.9
1124590 1643.9
1124600 1641.7
1124610 1638.3
1124620 1638.3
1124630 1637.1
1124640 1634.3
1124650 1634.3
1124660 1632.2
1124670 1631.7
1124680 1631.7
1124690 1631.3
1124700 1629.3
1124710 1629.3
1124720 1626.9
1124730 1623.9
1124740 1623.9
1124750 1622.3
1124760 1621.3
1124770 1621.3
1124780 1612.9
1124790 1613.5
1124800 1613.5
1124810 1612.7
1124820 1610.1
1124830 1607.8
1124840 1607.8
1124850 1606.1
1124860 1603.1
1124870 1603.1
1124880 1599.2
1124890 1597.3
1124900 1597.3
1124910 1595.6
1124920 1593.2
1124930 1593.2
1124940 1589.8
1124950 1585.2
1124960 1585.2
1124970 1582.7
1124980 1582.5
1124990 1582.5
1125000 1582.3
1125010 1580.2
1125020 1580.2
1125030 1575.9
1125040 1572.8
1125050 1572.8
1125060 1572.5
1125070 1570.3
1125080 1570.3
1125090 1565.7
1125100 1564.0
1125110 1563.1
1125120 1563.1
1125130 1555.6
1125140 1553.3
1125150 1553.3
1125160 1550.2
1125170 1547.6
1125180 1547.6
1125190 1544.6
1125200 1541.7
1125210 1541.7
1125220 1539.8
1125230 1536.5
1125240 1536.5
1125250 1533.7
1125260 1529.6
1125270 1529.6
1125280 1524.2
1125290 1521.9
1125300 1521.9
1125310 1522.0
1125320 1520.4
1125330 1520.4
1125340 1517.4
1125350 1512.9
1125360 1512.9
1125370 1508.5
1125380 1504.2
1125390 1499.6
1125400 1499.6
1125410 1494.4
1125420 1489.7
1125430 1489.7
1125440 1485.3
1125450 1481.3
1125460 1481.3
1125470 1475.9
1125480 1471.1
1125490 1467.2
1125500 1461.8
1125510 1456.7
1125520 1456.7
1125530 1451.0
1125540 1445.4
1125550 1445.4
1125560 1440.0
1125570 1434.5
1125580 1434.5
1125590 1429.8
1125600 1427.2
1125610 1427.2
1125620 1424.2
1125630 1420.3
1125640 1420.3
1125650 1416.6
1125660 1413.5
1125670 1410.7
1125680 1410.7
1125690 1407.7
1125700 1404.7
1125710 1404.7
1125720 1401.9
1125730 1399.6
1125740 1399.6
1125750 1397.6
1125760 1397.3
1125770 1397.3
1125780 1394.0
1125790 1392.5
1125800 1392.5
1125810 1390.6
1125820 1389.3
1125830 1389.3
1125840 1387.1
1125850 1385.2
1125860 1385.2
1125870 1383.2
1125880 1382.1
1125890 1382.1
1125900 1380.9
1125910 1379.6
1125920 1379.6
1125930 1379.9
1125940 1380.7
1125950 1380.1
1125960 1380.1
1125970 1373.2
1125980 1372.4
1125990 1372.4
1126000 1380.6
1126010 1387.7
1126020 1387.7
1126030 1391.9
1126040 1395.6
1126050 1395.6
1126060 1399.4
1126070 1403.3
1126080 1403.3
1126090 1406.8
1126100 1410.1
1126110 1410.1
1126120 1412.7
1126130 1415.3
1126140 1415.3
1126150 1417.3
1126160 1419.4
1126170 1419.4
1126180 1421.5
1126190 1423.4
1126200 1427.3
1126210 1430.8
1126220 1434.8
1126230 1439.7
1126240 1439.7
1126250 1444.1
1126260 1448.9
1126270 1448.9
1126280 1453.2
1126290 1458.1
1126300 1458.1
1126310 1461.9
1126320 1465.6
1126330 1465.6
1126340 1470.0
1126350 1474.1
1126360 1474.1
1126370 1477.8
1126380 1481.3
1126390 1481.3
1126400 1485.6
1126410 1491.3
1126420 1491.3
1126430 1497.4
1126440 1503.4
1126450 1503.4
1126460 1510.0
1126470 1517.4
1126480 1517.4
1126490 1524.2
1126500 1529.8
1126510 1534.9
1126520 1534.9
1126530 1538.2
1126540 1542.0
1126550 1551.3
1126560 1555.7
1126570 1561.4
1126580 1561.4
1126590 1573.4
1126600 1582.8
1126610 1582.8
1126620 1587.6
1126630 1593.3
1126640 1593.3
1126650 1597.9
1126660 1600.7
1126670 1600.7
1126680 1603.1
1126690 1607.3
1126700 1607.3
1126710 1606.1
1126720 1610.8
1126730 1610.8
1126740 1611.3
1126750 1613.4
1126760 1613.4
1126770 1616.4
1126780 1619.8
1126790 1617.8
1126800 1617.8
1126810 1615.4
1126820 1615.8
1126830 1615.8
1126840 1616.9
1126850 1616.8
1126860 1616.8
1126870 1616.6
1126880 1618.5
1126890 1618.5
1126900 1619.1
1126910 1632.9
1126920 1632.9
1126930 1637.6
1126940 1638.2
1126950 1638.2
1126960 1637.7
1126970 1634.8
1126980 1634.8
1126990 1633.4
1127000 1635.0
1127010 1635.0
1127020 1637.1
1127030 1637.3
1127040 1637.3
1127050 1636.0
1127060 1636.4
1127070 1634.3
1127080 1634.3
1127090 1637.0
1127100 1639.7
1127110 1639.7
1127120 1640.4
1127130 1642.8
1127140 1642.8
1127150 1646.4
1127160 1647.2
1127170 1647.2
1127180 1649.5
1127190 1649.1
1127200 1649.1
1127210 1648.6
1127220 1650.4
1127230 1650.4
1127240 1652.1
1127250 1654.4
1127260 1661.0
1127270 1661.2
1127280 1658.4
1127290 1658.4
1127300 1652.7
1127310 1646.7
1127320 1647.9
1127330 1647.9
1127340 1652.6
1127350 1660.9
1127360 1660.9
1127370 1667.6
1127380 1674.5
1127390 1674.5
1127400 1676.2
1127410 1676.7
1127420 1676.7
1127430 1676.9
1127440 1676.2
1127450 1676.2
1127460 1674.8
1127470 1674.2
1127480 1674.2
1127490 1675.4
1127500 1682.8
1127510 1682.8
1127520 1688.0
1127530 1687.9
1127540 1687.9
1127550 1684.9
1127560 1688.9
1127570 1688.9
1127580 1690.6
1127590 1692.5
1127600 1692.0
1127610 1692.0
1127620 1696.4
1127630 1696.9
1127640 1696.9
1127650 1698.1
1127660 1698.7
1127670 1698.7
1127680 1697.9
1127690 1695.6
1127700 1695.6
1127710 1693.2
1127720 1693.2
1127730 1693.2
1127740 1693.2
1127750 1694.9
1127760 1694.9
1127770 1696.5
1127780 1700.3
1127790 1700.3
1127800 1709.0
1127810 1717.4
1127820 1717.4
1127830 1730.1
1127840 1737.4
1127850 1737.4
1127860 1727.9
1127870 1731.3
1127880 1736.0
1127890 1736.0
1127900 1741.3
1127910 1746.2
1127920 1746.2
1127930 1751.5
1127940 1757.5
1127950 1757.5
1127960 1761.5
1127970 1767.4
1127980 1777.6
1127990 1783.9
1128000 1789.4
1128010 1789.4
1128020 1795.4
1128030 1801.6
1128040 1801.6
1128050 1809.2
1128060 1816.9
1128070 1816.9
1128080 1824.4
1128090 1831.0
1128100 1831.0
1128110 1837.8
1128120 1854.4
1128130 1854.4
1128140 1872.0
1128150 1882.3
1128160 1892.1
1128170 1892.1
1128180 1901.7
1128190 1908.0
1128200 1908.0
1128210 1913.1
1128220 1918.4
1128230 1918.4
1128240 1926.2
1128250 1938.0
1128260 1938.0
1128270 1948.4
1128280 1955.8
1128290 1955.8
1128300 1964.6
1128310 1971.2
1128320 1971.2
1128330 1984.4
1128340 1989.9
1128350 1989.9
1128360 1996.6
1128370 2003.5
1128380 2003.5
1128390 2009.8
1128400 2015.7
1128410 2015.7
1128420 2021.2
1128430 2025.8
1128440 2026.9
1128450 2026.9
1128460 1988.8
1128470 1949.5
1128480 1949.5
1128490 1918.4
1128500 1902.9
1128510 1902.9
1128520 1899.0
1128530 1894.7
1128540 1894.7
1128550 1890.1
1128560 1885.9
1128570 1885.9
1128580 1881.7
1128590 1877.5
1128600 1877.5
1128610 1873.1
1128620 1869.2
1128630 1869.2
1128640 1865.5
1128650 1863.5
1128660 1863.5
1128670 1863.3
1128680 1861.4
1128690 1854.2
1128700 1850.7
1128710 1846.9
1128720 1844.6
1128730 1844.6
1128740 1843.5
1128750 1840.5
1128760 1840.5
1128770 1835.6
1128780 1835.2
1128790 1835.2
1128800 1834.5
1128810 1832.4
1128820 1832.4
1128830 1830.7
1128840 1830.1
1128850 1830.1
1128860 1829.0
1128870 1827.2
1128880 1827.2
1128890 1823.5
1128900 1820.6
1128910 1820.6
1128920 1819.0
1128930 1815.3
1128940 1815.3
1128950 1812.9
1128960 1810.7
1128970 1810.7
1128980 1809.8
1128990 1806.4
1129000 1802.8
1129010 1802.8
1129020 1801.8
1129030 1802.5
1129040 1802.5
1129050 1799.5
1129060 1801.1
1129070 1801.1
1129080 1800.7
1129090 1800.1
1129100 1800.1
1129110 1795.8
1129120 1783.5
1129130 1783.5
1129140 1764.0
1129150 1743.1
1129160 1743.1
1129170 1726.1
1129180 1711.7
1129190 1711.7
1129200 1697.4
1129210 1687.2
1129220 1687.2
1129230 1679.3
1129240 1670.7
1129250 1670.7
1129260 1663.7
1129270 1655.5
1129280 1645.5
1129290 1645.5
1129300 1635.4
1129310 1625.1
1129320 1625.1
1129330 1615.4
1129340 1606.4
1129350 1606.4
1129360 1597.7
1129370 1590.4
1129380 1590.4
1129390 1585.1
1129400 1579.4
1129410 1577.0
1129420 1569.7
1129430 1561.7
1129440 1561.7
1129450 1553.8
1129460 1546.7
1129470 1546.7
1129480 1539.9
1129490 1533.1
1129500 1533.1
1129510 1526.1
1129520 1518.3
1129530 1518.3
1129540 1511.1
1129550 1504.2
1129560 1497.5
1129570 1497.5
1129580 1491.3
1129590 1484.7
1129600 1484.7
1129610 1477.9
1129620 1471.4
1129630 1471.4
1129640 1465.2
1129650 1459.0
1129660 1459.0
1129670 1453.0
1129680 1446.3
1129690 1446.3
1129700 1440.5
1129710 1434.9
1129720 1434.9
1129730 1430.0
1129740 1425.0
1129750 1425.0
1129760 1419.9
1129770 1417.3
1129780 1417.3
1129790 1413.7
1129800 1410.1
1129810 1410.1
1129820 1406.6
1129830 1402.9
1129840 1399.7
1129850 1399.7
1129860 1396.4
1129870 1393.4
1129880 1393.4
1129890 1390.4
1129900 1387.6
1129910 1387.6
1129920 1384.1
1129930 1380.5
1129940 1380.5
1129950 1377.5
1129960 1374.4
1129970 1374.4
1129980 1371.3
1129990 1368.1
1130000 1368.1
1130010 1365.4
1130020 1363.3
1130030 1363.3
1130040 1360.9
1130050 1357.7
1130060 1357.7
1130070 1354.6
1130080 1350.9
1130090 1350.9
1130100 1346.8
1130110 1343.3
1130120 1340.3
1130130 1339.7
1130140 1337.0
1130150 1334.6
1130160 1334.6
1130170 1332.2
1130180 1329.3
1130190 1329.3
1130200 1327.6
1130210 1325.2
1130220 1325.2
1130230 1323.3
1130240 1321.4
1130250 1321.4
1130260 1319.2
1130270 1317.0
1130280 1317.0
1130290 1316.1
1130300 1315.0
1130310 1315.0
1130320 1313.8
1130330 1312.1
1130340 1312.1
1130350 1309.0
1130360 1304.9
1130370 1304.9
1130380 1304.7
1130390 1307.0
1130400 1308.3
1130410 1308.3
1130420 1309.2
1130430 1312.6
1130440 1312.6
1130450 1317.1
1130460 1320.2
1130470 1320.2
1130480 1323.0
1130490 1326.2
1130500 1326.2
1130510 1329.7
1130520 1333.7
1130530 1333.7
1130540 1337.8
1130550 1342.0
1130560 1342.0
1130570 1346.0
1130580 1349.9
1130590 1349.9
1130600 1354.4
1130610 1358.8
1130620 1358.8
1130630 1362.0
1130640 1365.2
1130650 1369.4
1130660 1369.4
1130670 1373.5
1130680 1377.1
1130690 1377.1
1130700 1381.7
1130710 1390.0
1130720 1390.0
1130730 1398.7
1130740 1406.5
1130750 1406.5
1130760 1413.4
1130770 1419.2
1130780 1419.2
1130790 1422.9
1130800 1430.3
1130810 1430.3
1130820 1438.3
1130830 1445.5
1130840 1445.5
1130850 1454.2
1130860 1461.9
1130870 1461.9
1130880 1469.2
1130890 1476.6
1130900 1476.6
1130910 1484.1
1130920 1492.0
1130930 1499.5
1130940 1499.5
1130950 1506.4
1130960 1513.4
1130970 1513.4
1130980 1519.9
1130990 1526.5
1131000 1526.5
1131010 1534.2
1131020 1542.7
1131030 1542.7
1131040 1551.6
1131050 1560.6
1131060 1560.6
1131070 1569.7
1131080 1578.9
1131090 1578.9
1131100 1588.0
1131110 1597.8
1131120 1597.8
1131130 1606.8
1131140 1615.4
1131150 1615.4
1131160 1625.7
1131170 1636.0
1131180 1636.0
1131190 1644.9
1131200 1652.2
1131210 1660.0
1131220 1660.0
1131230 1665.9
1131240 1670.2
1131250 1670.2
1131260 1673.7
1131270 1677.3
1131280 1677.3
1131290 1680.4
1131300 1684.3
1131310 1684.3
1131320 1689.0
1131330 1694.0
1131340 1694.0
1131350 1699.0
1131360 1704.5
1131370 1704.5
1131380 1708.7
1131390 1712.8
1131400 1712.8
1131410 1717.3
1131420 1721.5
1131430 1721.5
1131440 1724.9
1131450 1727.9
1131460 1727.9
1131470 1732.1
1131480 1735.6
1131490 1738.7
1131500 1738.7
1131510 1740.9
1131520 1743.6
1131530 1743.6
1131540 1746.4
1131550 1749.4
1131560 1749.4
1131570 1756.7
1131580 1759.4
1131590 1759.4
1131600 1761.3
1131610 1762.7
1131620 1762.7
1131630 1765.1
1131640 1767.8
1131650 1767.8
1131660 1770.5
1131670 1773.4
1131680 1773.4
1131690 1776.9
1131700 1780.7
1131710 1780.7
1131720 1783.7
1131730 1787.3
1131740 1787.3
1131750 1791.7
1131760 1794.1
1131770 1795.7
1131780 1795.7
1131790 1798.2
1131800 1801.2
1131810 1801.2
1131820 1804.2
1131830 1807.5
1131840 1807.5
1131850 1810.2
1131860 1813.2
1131870 1813.2
1131880 1816.7
1131890 1820.5
1131900 1820.5
1131910 1824.6
1131920 1827.7
1131930 1832.4
1131940 1834.9
1131950 1836.9
1131960 1836.9
1131970 1838.1
1131980 1841.6
1131990 1841.6
1132000 1845.5
1132010 1848.5
1132020 1848.5
1132030 1851.5
1132040 1854.7
1132050 1858.2
1132060 1858.2
1132070 1860.6
1132080 1862.5
1132090 1862.5
1132100 1865.3
1132110 1868.1
1132120 1868.1
1132130 1871.4
1132140 1874.7
1132150 1874.7
1132160 1877.6
1132170 1880.1
1132180 1880.1
1132190 1882.9
1132200 1886.0
1132210 1886.0
1132220 1889.4
1132230 1893.1
1132240 1893.1
1132250 1896.4
1132260 1899.4
1132270 1899.4
1132280 1903.2
1132290 1911.0
1132300 1911.0
1132310 1914.9
1132320 1919.6
1132330 1923.7
1132340 1923.7
1132350 1926.3
1132360 1930.2
1132370 1930.2
1132380 1934.4
1132390 1938.5
1132400 1938.5
1132410 1943.0
1132420 1947.6
1132430 1947.6
1132440 1951.3
1132450 1954.6
1132460 1954.6
1132470 1957.5
1132480 1961.3
1132490 1961.3
1132500 1965.6
1132510 1969.7
1132520 1969.7
1132530 1974.3
1132540 1979.3
1132550 1979.3
1132560 1984.2
1132570 1989.1
1132580 1989.1
1132590 1994.1
1132600 1999.0
1132610 2003.9
1132620 2003.9
1132630 2008.8
1132640 2013.4
1132650 2015.5
1132660 2020.3
1132670 2024.0
1132680 2024.0
1132690 2027.8
1132700 2034.0
1132710 2034.0
1132720 2040.9
1132730 2049.4
1132740 2049.4
1132750 2059.2
1132760 2067.8
1132770 2067.8
1132780 2072.8
1132790 2076.5
1132800 2076.5
1132810 2081.6
1132820 2089.3
1132830 2089.3
1132840 2097.5
1132850 2105.0
1132860 2105.0
1132870 2111.7
1132880 2117.5
1132890 2124.3
1132900 2124.3
1132910 2134.3
1132920 2142.9
1132930 2142.9
1132940 2150.6
1132950 2158.3
1132960 2158.3
1132970 2168.7
1132980 2176.9
1132990 2176.9
1133000 2186.1
1133010 2196.4
1133020 2196.4
1133030 2188.1
1133040 2158.3
1133050 2158.3
1133060 2143.1
1133070 2134.8
1133080 2134.8
1133090 2127.2
1133100 2120.5
1133110 2120.5
1133120 2113.9
1133130 2106.9
1133140 2106.9
1133150 2100.1
1133160 2093.9
1133170 2087.5
1133180 2087.5
1133190 2082.3
1133200 2078.0
1133210 2078.0
1133220 2075.4
1133230 2072.8
1133240 2072.8
1133250 2070.7
1133260 2068.4
1133270 2068.4
1133280 2067.6
1133290 2067.9
1133300 2067.9
1133310 2068.1
1133320 2066.4
1133330 2066.4
1133340 2064.9
1133350 2064.7
1133360 2064.7
1133370 2062.8
1133480 2068.1
1133490 2068.1
1133500 2069.2
1133510 2068.9
1133520 2068.9
1133530 2069.8
1133540 2072.4
1133550 2072.4
1133560 2072.5
1133570 2072.0
1133580 2072.0
1133590 2071.9
1133600 2071.2
1133610 2071.2
1133620 2071.2
1133630 2071.9
1133640 2071.9
1133650 2073.7
1133660 2077.2
1133670 2077.2
1133680 2079.6
1133690 2083.4
1133700 2089.2
1133710 2089.2
1133720 2097.8
1133730 2098.5
1133740 2091.8
1133750 2092.1
1133760 2092.2
1133770 2092.2
1133780 2092.6
1133790 2096.0
1133800 2096.0
1133810 2094.8
1133820 2096.8
1133830 2096.8
1133840 2097.7
1133850 2095.1
1133860 2095.1
1133870 2092.4
1133880 2091.8
1133890 2091.8
1133900 2092.4
1133910 2091.8
1133920 2091.8
1133930 2092.0
1133940 2091.5
1133950 2091.5
1133960 2090.0
1133970 2086.7
1133980 2082.4
1133990 2082.4
1134000 2080.7
1134010 2077.0
1134020 2077.0
1134030 2074.2
1134040 2072.5
1134050 2072.5
1134060 2069.9
1134070 2066.4
1134080 2066.4
1134090 2063.3
1134100 2055.5
1134110 2055.5
1134120 2053.0
1134130 2050.8
1134140 2050.8
1134150 2048.8
1134160 2046.6
1134170 2046.6
1134180 2043.4
1134190 2040.4
1134200 2040.4
1134210 2038.9
1134220 2036.6
1134230 2036.6
1134240 2034.0
1134250 2030.9
1134260 2027.8
1134270 2027.8
1134280 2025.0
1134290 2022.0
1134300 2022.0
1134310 2020.3
1134320 2019.9
1134330 2019.9
1134340 2018.8
1134350 2017.4
1134360 2017.4
1134370 2017.3
1134380 2018.9
1134390 2018.9
1134400 2024.7
1134410 2032.2
1134420 2032.2
1134430 2038.0
1134440 2042.5
1134450 2042.5
1134460 2039.0
1134470 2041.2
1134480 2041.2
1134490 2042.4
1134500 2042.7
1134510 2042.7
1134520 2044.0
1134530 2047.9
