1120000 1575.3
1120010 1578.1
1120020 1581.8
1120030 1581.8
1120040 1584.5
1120050 1578.7
1120060 1578.7
1120070 1579.6
1120080 1586.1
1120090 1586.1
1120100 1591.0
1120110 1598.5
1120120 1598.5
1120130 1607.6
1120140 1618.0
1120150 1626.6
1120160 1626.6
1120170 1632.9
1120180 1638.2
1120190 1638.2
1120200 1643.3
1120210 1648.0
1120220 1648.0
1120230 1653.3
1120240 1657.0
1120250 1657.0
1120260 1659.2
1120270 1661.8
1120280 1661.8
1120290 1664.9
1120300 1667.9
1120310 1667.9
1120320 1670.8
1120330 1673.5
1120340 1673.5
1120350 1675.7
1120360 1677.4
1120370 1677.4
1120380 1679.0
1120390 1681.0
1120400 1674.1
1120410 1675.4
1120420 1678.6
1120430 1680.3
1120440 1680.3
1120450 1680.9
1120460 1679.7
1120470 1679.7
1120480 1679.6
1120490 1689.5
1120500 1689.5
1120510 1699.2
1120520 1706.8
1120530 1706.8
1120540 1714.6
1120550 1722.6
1120560 1722.6
1120570 1730.7
1120580 1738.2
1120590 1738.2
1120600 1743.4
1120610 1748.2
1120620 1748.2
1120630 1753.5
1120640 1758.4
1120650 1758.4
1120660 1762.8
1120670 1766.9
1120680 1766.9
1120690 1770.6
1120700 1773.9
1120710 1777.1
1120720 1777.1
1120730 1780.1
1120740 1782.7
1120750 1780.0
1120760 1781.8
1120770 1783.6
1120780 1783.6
1120790 1785.3
1120800 1786.7
1120810 1786.7
1120820 1787.9
1120830 1789.1
1120840 1789.1
1120850 1789.8
1120860 1790.5
1120870 1790.5
1120880 1791.4
1120890 1792.9
1120900 1792.9
1120910 1794.2
1120920 1794.1
1120930 1794.1
1120940 1794.6
1120950 1797.3
1120960 1797.3
1120970 1799.0
1120980 1800.0
1120990 1803.0
1121000 1803.0
1121010 1809.1
1121020 1813.4
1121030 1813.4
1121040 1814.8
1121050 1816.3
1121060 1816.3
1121070 1816.2
1121080 1813.9
1121090 1813.9
1121100 1811.3
1121110 1814.9
1121120 1814.9
1121130 1817.9
1121140 1823.4
1121150 1823.4
1121160 1830.4
1121170 1836.7
1121180 1836.7
1121190 1842.5
1121200 1847.9
1121210 1847.9
1121220 1852.2
1121230 1856.0
1121240 1856.0
1121250 1859.5
1121260 1862.6
1121270 1866.2
1121280 1866.2
1121290 1869.2
1121300 1871.9
1121310 1871.9
1121320 1872.9
1121330 1876.1
1121340 1876.1
1121350 1881.2
1121360 1889.4
1121370 1889.4
1121380 1895.6
1121390 1897.6
1121400 1897.6
1121410 1898.7
1121420 1898.8
1121430 1898.8
1121440 1898.6
1121450 1892.4
1121460 1892.4
1121470 1894.8
1121480 1896.8
1121490 1896.8
1121500 1897.2
1121510 1896.3
1121520 1896.3
1121530 1896.1
1121540 1896.1
1121550 1895.6
1121560 1895.6
1121570 1895.9
1121580 1896.6
1121590 1896.6
1121600 1897.5
1121610 1898.1
1121620 1898.1
1121630 1898.3
1121640 1898.2
1121650 1898.2
1121660 1901.2
1121670 1903.0
1121680 1903.0
1121690 1904.1
1121700 1905.2
1121710 1905.2
1121720 1905.3
1121730 1908.4
1121740 1908.4
1121750 1912.2
1121760 1914.0
1121770 1914.0
1121780 1914.5
1121790 1915.3
1121800 1910.1
1121810 1912.7
1121820 1915.4
1121830 1915.9
1121840 1915.9
1121850 1919.8
1121860 1924.0
1121870 1924.0
1121880 1930.0
1121890 1935.0
1121900 1935.0
1121910 1940.0
1121920 1945.1
1121930 1945.1
1121940 1950.6
1121950 1956.9
1121960 1956.9
1121970 1963.5
1121980 1969.7
1121990 1969.7
1122000 1978.1
1122010 1990.4
1122020 1990.4
1122030 2001.6
1122040 2010.5
1122050 2010.5
1122060 2018.7
1122070 2025.6
1122080 2025.6
1122090 2031.4
1122100 2034.1
1122110 2035.3
1122120 2035.3
1122130 2035.4
1122140 2033.8
1122150 2033.8
1122160 2033.6
1122170 2031.8
1122180 2031.8
1122190 2028.2
1122200 2026.1
1122210 2026.1
1122220 2024.2
1122230 2019.6
1122240 2019.6
1122250 2007.2
1122260 1993.2
1122270 1993.2
1122280 1983.9
1122290 1977.3
1122300 1977.3
1122310 1971.8
1122320 1969.0
1122330 1969.0
1122340 1966.2
1122350 1962.1
1122360 1958.7
1122370 1958.7
1122380 1954.8
1122390 1951.4
1122400 1951.4
1122410 1948.0
1122420 1945.4
1122430 1945.4
1122440 1941.9
1122450 1939.7
1122460 1939.7
1122470 1937.5
1122480 1933.5
1122490 1933.5
1122500 1928.7
1122510 1931.7
1122520 1931.7
1122530 1928.6
1122540 1924.2
1122550 1924.2
1122560 1920.0
1122570 1917.0
1122580 1917.0
1122590 1915.9
1122600 1912.3
1122610 1912.3
1122620 1907.5
1122630 1901.8
1122640 1895.6
1122650 1895.6
1122660 1890.0
1122670 1886.8
1122680 1886.8
1122690 1885.0
1122700 1882.5
1122710 1882.5
1122720 1877.3
1122730 1872.7
1122740 1872.7
1122750 1868.5
1122760 1864.3
1122770 1864.3
1122780 1861.2
1122790 1858.5
1122800 1858.5
1122810 1856.0
1122820 1852.6
1122830 1852.6
1122840 1849.9
1122850 1846.7
1122860 1851.5
1122870 1846.5
1122880 1841.5
1122890 1841.5
1122900 1836.2
1122910 1830.8
1122920 1825.9
1122930 1825.9
1122940 1822.2
1122950 1818.4
1122960 1818.4
1122970 1814.9
1122980 1811.5
1122990 1811.5
1123000 1808.0
1123010 1804.9
1123020 1804.9
1123030 1801.4
1123040 1795.9
1123050 1795.9
1123060 1791.3
1123070 1789.1
1123080 1789.1
1123090 1784.5
1123100 1778.8
1123110 1778.8
1123120 1774.9
1123130 1770.1
1123140 1770.1
1123150 1766.4
1123160 1765.1
1123170 1765.1
1123180 1760.8
1123190 1755.7
1123200 1751.4
1123210 1756.0
1123220 1753.7
1123230 1750.7
1123240 1750.7
1123250 1746.4
1123260 1742.0
1123270 1742.0
1123280 1738.3
1123290 1734.4
1123300 1734.4
1123310 1730.9
1123320 1727.5
1123330 1727.5
1123340 1724.4
1123350 1721.4
1123360 1721.4
1123370 1717.9
1123380 1714.2
1123390 1714.2
1123400 1710.7
1123410 1707.9
1123420 1707.9
1123430 1705.8
1123440 1704.6
1123450 1704.6
1123460 1702.8
1123470 1699.7
1123480 1697.1
1123490 1697.1
1123500 1695.0
1123510 1692.8
1123520 1692.8
1123530 1690.0
1123540 1687.4
1123550 1687.4
1123560 1687.9
1123570 1684.3
1123580 1684.3
1123590 1682.8
1123600 1682.5
1123610 1682.5
1123620 1680.1
1123630 1678.1
1123640 1678.1
1123650 1680.0
1123660 1677.2
1123670 1677.2
1123680 1671.4
1123690 1672.4
1123700 1672.4
1123710 1674.1
1123720 1673.4
1123730 1673.4
1123740 1671.6
1123750 1668.9
1123760 1663.6
1123770 1663.6
1123780 1665.1
1123790 1667.7
1123800 1667.7
1123810 1665.3
1123820 1669.1
1123830 1669.1
1123840 1670.7
1123850 1671.9
1123860 1671.9
1123870 1670.7
1123880 1672.9
1123890 1672.9
1123900 1673.9
1123910 1673.1
1123920 1681.1
1123930 1680.8
1123940 1681.4
1123950 1681.4
1123960 1683.2
1123970 1684.4
1123980 1684.4
1123990 1685.8
1124000 1686.6
1124010 1686.6
1124020 1686.9
1124030 1687.0
1124040 1688.3
1124050 1688.3
1124060 1689.4
1124070 1690.8
1124080 1690.8
1124090 1692.7
1124100 1695.5
1124110 1695.5
1124120 1699.2
1124130 1703.7
1124140 1703.7
1124150 1709.2
1124160 1713.7
1124170 1713.7
1124180 1718.4
1124190 1724.3
1124200 1724.3
1124210 1726.1
1124220 1726.9
1124230 1726.9
1124240 1730.0
1124250 1733.1
1124260 1733.1
1124270 1742.4
1124280 1745.2
1124290 1745.2
1124300 1748.6
1124310 1752.6
1124320 1755.2
1124330 1755.2
1124340 1756.5
1124350 1758.8
1124360 1758.8
1124370 1761.2
1124380 1762.7
1124390 1762.7
1124400 1763.2
1124410 1764.3
1124420 1764.3
1124430 1766.5
1124440 1768.5
1124450 1768.5
1124460 1770.9
1124470 1773.0
1124480 1773.0
1124490 1774.7
1124500 1775.7
1124510 1775.7
1124520 1776.6
1124530 1778.8
1124540 1778.8
1124550 1782.3
1124560 1784.4
1124570 1784.4
1124580 1785.5
1124590 1787.4
1124600 1789.4
1124610 1789.4
1124620 1797.6
1124630 1797.8
1124640 1797.8
1124650 1801.8
1124660 1803.2
1124670 1803.2
1124680 1801.8
1124690 1798.7
1124700 1798.7
1124710 1807.3
1124720 1817.0
1124730 1817.0
1124740 1823.7
1124750 1822.9
1124760 1822.9
1124770 1818.5
1124780 1814.1
1124790 1814.1
1124800 1810.7
1124810 1806.6
1124820 1806.6
1124830 1801.2
1124840 1795.7
1124850 1795.7
1124860 1790.7
1124870 1785.8
1124880 1779.8
1124890 1779.8
1124900 1773.7
1124910 1768.5
1124920 1768.5
1124930 1765.1
1124940 1761.0
1124950 1761.0
1124960 1755.9
1124970 1750.5
1124980 1745.9
1124990 1740.0
1125000 1734.5
1125010 1734.5
1125020 1729.5
1125030 1724.4
1125040 1724.4
1125050 1717.8
1125060 1710.6
1125070 1710.6
1125080 1703.9
1125090 1698.3
1125100 1698.3
1125110 1692.9
1125120 1687.4
1125130 1687.4
1125140 1681.9
1125150 1678.1
1125160 1674.3
1125170 1674.3
1125180 1669.4
1125190 1662.8
1125200 1662.8
1125210 1656.7
1125220 1652.6
1125230 1652.6
1125240 1648.4
1125250 1643.8
1125260 1643.8
1125270 1639.0
1125280 1632.6
1125290 1632.6
1125300 1625.0
1125310 1617.5
1125320 1617.5
1125330 1609.1
1125340 1603.0
1125350 1603.0
1125360 1598.9
1125370 1593.6
1125380 1593.6
1125390 1588.5
1125400 1584.1
1125410 1584.1
1125420 1579.4
1125430 1574.7
1125440 1569.9
1125450 1569.9
1125460 1564.2
1125470 1558.2
1125480 1558.2
1125490 1552.9
1125500 1549.4
1125510 1549.4
1125520 1544.8
1125530 1539.5
1125540 1539.5
1125550 1534.1
1125560 1527.6
1125570 1527.6
1125580 1522.7
1125590 1518.7
1125600 1518.7
1125610 1515.6
1125620 1512.3
1125630 1512.3
1125640 1508.8
1125650 1505.5
1125660 1505.5
1125670 1500.9
1125680 1495.1
1125690 1495.1
1125700 1489.5
1125710 1484.1
1125720 1478.9
1125730 1478.9
1125740 1473.3
1125750 1468.0
1125760 1468.0
1125770 1462.7
1125780 1459.7
1125790 1459.7
1125800 1456.2
1125810 1452.8
1125820 1452.8
1125830 1449.3
1125840 1445.0
1125850 1445.0
1125860 1440.4
1125870 1435.2
1125880 1435.2
1125890 1430.1
1125900 1424.0
1125910 1424.0
1125920 1417.9
1125930 1411.7
1125940 1411.7
1125950 1405.1
1125960 1398.9
1125970 1398.9
1125980 1392.9
1125990 1386.8
1126000 1380.7
1126010 1380.7
1126020 1375.0
1126030 1369.6
1126040 1365.0
1126050 1360.3
1126060 1355.6
1126070 1355.6
1126080 1349.2
1126090 1341.8
1126100 1341.8
1126110 1335.5
1126120 1332.4
1126130 1332.4
1126140 1330.9
1126150 1333.1
1126160 1333.1
1126170 1340.5
1126180 1344.1
1126190 1344.1
1126200 1346.8
1126210 1348.5
1126220 1348.5
1126230 1347.3
1126240 1342.3
1126250 1342.3
1126260 1346.4
1126270 1353.0
1126280 1358.3
1126290 1358.3
1126300 1363.1
1126310 1365.3
1126320 1365.3
1126330 1367.9
1126340 1369.2
1126350 1369.2
1126360 1367.7
1126370 1365.5
1126380 1365.5
1126390 1365.2
1126400 1368.8
1126410 1368.8
1126420 1369.5
1126430 1370.8
1126440 1370.8
1126450 1372.2
1126460 1373.8
1126470 1373.8
1126480 1375.3
1126490 1376.8
1126500 1376.8
1126510 1378.3
1126520 1379.5
1126530 1379.5
1126540 1380.9
1126550 1382.3
1126560 1384.3
1126570 1384.3
1126580 1386.6
1126590 1389.6
1126600 1389.6
1126610 1392.2
1126620 1394.6
1126630 1394.6
1126640 1397.3
1126650 1400.1
1126660 1400.1
1126670 1402.7
1126680 1405.2
1126690 1405.2
1126700 1407.8
1126710 1410.7
1126720 1410.7
1126730 1413.5
1126740 1416.6
1126750 1417.6
1126760 1420.6
1126770 1422.5
1126780 1422.5
1126790 1424.1
1126800 1425.3
1126810 1425.3
1126820 1426.1
1126830 1428.3
1126840 1434.7
1126850 1434.7
1126860 1441.4
1126870 1449.9
1126880 1449.9
1126890 1454.6
1126900 1458.2
1126910 1458.2
1126920 1461.6
1126930 1464.7
1126940 1464.7
1126950 1468.0
1126960 1471.5
1126970 1471.5
1126980 1476.5
1126990 1481.7
1127000 1481.7
1127010 1486.3
1127020 1491.1
1127030 1491.1
1127040 1495.9
1127050 1499.9
1127060 1499.9
1127070 1503.8
1127080 1511.4
1127090 1511.4
1127100 1518.0
1127110 1519.2
1127120 1525.2
1127130 1525.2
1127140 1530.7
1127150 1535.9
1127160 1535.9
1127170 1540.8
1127180 1545.2
1127190 1545.2
1127200 1550.0
1127210 1554.7
1127220 1554.7
1127230 1559.3
1127240 1564.4
1127250 1564.4
1127260 1570.4
1127270 1575.6
1127280 1575.6
1127290 1581.7
1127300 1587.3
1127310 1587.3
1127320 1592.9
1127330 1598.9
1127340 1598.9
1127350 1606.8
1127360 1615.4
1127370 1615.4
1127380 1623.0
1127390 1622.3
1127400 1624.1
1127410 1624.1
1127420 1624.8
1127430 1630.0
1127440 1630.0
1127450 1639.9
1127460 1640.3
1127470 1640.3
1127480 1643.4
1127490 1650.1
1127500 1650.1
1127510 1656.7
1127520 1663.9
1127530 1663.9
1127540 1671.1
1127550 1676.6
1127560 1676.6
1127570 1681.6
1127580 1687.4
1127590 1687.4
1127600 1693.2
1127610 1696.0
1127620 1696.0
1127630 1698.7
1127640 1701.4
1127650 1701.4
1127660 1706.7
1127670 1713.2
1127680 1720.2
1127690 1720.2
1127700 1728.2
1127710 1734.3
1127720 1734.3
1127730 1739.9
1127740 1745.3
1127750 1745.3
1127760 1750.8
1127770 1757.0
1127780 1757.0
1127790 1763.5
1127800 1770.4
1127810 1770.4
1127820 1774.4
1127830 1780.2
1127840 1780.2
1127850 1785.4
1127860 1790.5
1127870 1790.5
1127880 1795.8
1127890 1801.2
1127900 1801.2
1127910 1806.5
1127920 1812.3
1127930 1812.3
1127940 1818.3
1127950 1823.8
1127960 1828.0
1127970 1828.0
1127980 1832.1
1127990 1838.1
1128000 1838.1
1128010 1844.2
1128020 1851.2
1128030 1851.2
1128040 1858.8
1128050 1865.4
1128060 1865.4
1128070 1871.8
1128080 1878.9
1128090 1878.9
1128100 1886.1
1128110 1892.3
1128120 1892.3
1128130 1900.7
1128140 1911.4
1128150 1911.4
1128160 1919.5
1128170 1926.9
1128180 1915.7
1128190 1921.7
1128200 1929.2
1128210 1929.2
1128220 1937.5
1128230 1946.3
1128240 1956.0
1128250 1956.0
1128260 1966.4
1128270 1974.9
1128280 1974.9
1128290 1983.0
1128300 1991.3
1128310 1991.3
1128320 1998.9
1128330 2007.0
1128340 2007.0
1128350 2014.2
1128360 2020.7
1128370 2020.7
1128380 2027.0
1128390 2032.6
1128400 2032.6
1128410 2038.3
1128420 2044.1
1128430 2044.1
1128440 2049.1
1128450 2052.2
1128460 2052.2
1128470 2051.9
1128480 2043.4
1128490 2043.4
1128500 2032.1
1128510 2022.1
1128520 2011.6
1128530 2011.6
1128540 1999.2
1128550 1988.0
1128560 1988.0
1128570 1975.4
1128580 1966.6
1128590 1966.6
1128600 1958.8
1128610 1954.4
1128620 1954.4
1128630 1946.9
1128640 1937.8
1128650 1937.8
1128660 1930.4
1128670 1925.3
1128680 1925.3
1128690 1918.5
1128700 1909.5
1128710 1909.5
1128720 1899.6
1128730 1889.8
1128740 1889.8
1128750 1881.6
1128760 1873.8
1128770 1873.8
1128780 1867.0
1128790 1860.6
1128800 1853.3
1128810 1853.3
1128820 1845.8
1128830 1838.2
1128840 1838.2
1128850 1832.0
1128860 1825.3
1128870 1825.3
1128880 1816.8
1128890 1802.0
1128900 1802.0
1128910 1790.2
1128920 1781.0
1128930 1781.0
1128940 1772.9
1128950 1765.3
1128960 1765.3
1128970 1758.4
1128980 1751.1
1128990 1751.1
1129000 1744.1
1129010 1737.4
1129020 1737.4
1129030 1731.2
1129040 1725.1
1129050 1718.5
1129060 1718.5
1129070 1712.0
1129080 1706.3
1129090 1706.3
1129100 1700.3
1129110 1693.7
1129120 1693.7
1129130 1687.6
1129140 1681.7
1129150 1681.7
1129160 1675.5
1129170 1669.4
1129180 1669.4
1129190 1663.3
1129200 1657.2
1129210 1657.2
1129220 1651.0
1129230 1645.0
1129240 1645.0
1129250 1638.8
1129260 1632.7
1129270 1632.7
1129280 1626.1
1129290 1619.9
1129300 1619.9
1129310 1613.8
1129320 1607.6
1129330 1601.1
1129340 1601.1
1129350 1595.2
1129360 1589.5
1129370 1589.5
1129380 1583.4
1129390 1577.6
1129400 1577.6
1129410 1571.3
1129420 1564.8
1129430 1564.8
1129440 1558.1
1129450 1550.2
1129460 1550.2
1129470 1541.5
1129480 1533.2
1129490 1533.2
1129500 1528.7
1129510 1528.6
1129520 1528.6
1129530 1529.1
1129540 1525.5
1129550 1525.5
1129560 1518.3
1129570 1511.7
1129580 1511.7
1129590 1506.0
1129600 1498.4
1129610 1491.3
1129620 1491.3
1129630 1480.2
1129640 1470.3
1129650 1470.3
1129660 1460.7
1129670 1450.7
1129680 1450.7
1129690 1436.8
1129700 1426.3
1129710 1426.3
1129720 1422.5
1129730 1421.7
1129740 1421.7
1129750 1421.3
1129760 1421.0
1129770 1421.0
1129780 1421.9
1129790 1423.4
1129800 1423.4
1129810 1425.6
1129820 1423.1
1129830 1423.1
1129840 1418.3
1129850 1413.2
1129860 1413.2
1129870 1408.4
1129880 1403.9
1129890 1399.3
1129900 1399.3
1129910 1393.9
1129920 1387.3
1129930 1387.3
1129940 1380.4
1129950 1372.3
1129960 1372.3
1129970 1361.6
1129980 1349.5
1129990 1349.5
1130000 1340.7
1130010 1332.5
1130020 1332.5
1130030 1325.3
1130040 1319.9
1130050 1319.9
1130060 1317.7
1130070 1315.6
1130080 1315.6
1130090 1313.0
1130100 1310.0
1130110 1310.0
1130120 1307.0
1130130 1304.2
1130140 1304.2
1130150 1301.7
1130160 1299.3
1130170 1296.6
1130180 1296.6
1130190 1293.8
1130200 1291.3
1130210 1291.3
1130220 1288.4
1130230 1285.5
1130240 1285.5
1130250 1282.6
1130260 1278.2
1130270 1278.2
1130280 1277.3
1130290 1279.9
1130300 1279.9
1130310 1284.5
1130320 1287.1
1130330 1287.1
1130340 1289.2
1130350 1291.0
1130360 1291.0
1130370 1293.3
1130380 1294.9
1130390 1294.9
1130400 1296.1
1130410 1298.1
1130420 1298.1
1130430 1300.5
1130440 1303.1
1130450 1305.7
1130460 1305.7
1130470 1308.0
1130480 1310.7
1130490 1310.7
1130500 1313.3
1130510 1315.1
1130520 1315.1
1130530 1316.7
1130540 1318.5
1130550 1318.5
1130560 1320.5
1130570 1321.7
1130580 1321.7
1130590 1323.6
1130600 1328.6
1130610 1328.6
1130620 1335.2
1130630 1342.9
1130640 1342.9
1130650 1350.9
1130660 1361.2
1130670 1361.2
1130680 1377.9
1130690 1393.5
1130700 1393.5
1130710 1395.9
1130720 1398.9
1130730 1397.7
1130740 1397.7
1130750 1398.9
1130760 1404.1
1130770 1404.1
1130780 1412.0
1130790 1420.2
1130800 1420.2
1130810 1428.3
1130820 1435.1
1130830 1435.1
1130840 1443.9
1130850 1454.0
1130860 1454.0
1130870 1466.3
1130880 1476.8
1130890 1476.8
1130900 1483.6
1130910 1489.7
1130920 1489.7
1130930 1499.0
1130940 1510.6
1130950 1510.6
1130960 1519.6
1130970 1526.5
1130980 1526.5
1130990 1533.7
1131000 1540.7
1131010 1547.1
1131020 1547.1
1131030 1554.0
1131040 1561.4
1131050 1557.4
1131060 1565.8
1131070 1573.4
1131080 1573.4
1131090 1577.7
1131100 1580.3
1131110 1580.3
1131120 1582.0
1131130 1583.8
1131140 1583.8
1131150 1584.4
1131160 1586.5
1131170 1586.5
1131180 1590.3
1131190 1594.3
1131200 1594.3
1131210 1598.1
1131220 1600.3
1131230 1600.3
1131240 1603.1
1131250 1606.5
1131260 1606.5
1131270 1611.0
1131280 1611.8
1131290 1611.8
1131300 1611.8
1131310 1612.3
1131320 1613.0
1131330 1613.0
1131340 1613.9
1131350 1614.9
1131360 1614.9
1131370 1616.0
1131380 1617.4
1131390 1617.4
1131400 1618.6
1131410 1624.9
1131420 1624.9
1131430 1622.5
1131440 1620.3
1131450 1620.3
1131460 1619.4
1131470 1619.6
1131480 1619.6
1131490 1620.5
1131500 1625.0
1131510 1625.0
1131520 1630.6
1131530 1636.6
1131540 1636.6
1131550 1643.3
1131560 1650.1
1131570 1655.8
1131580 1655.8
1131590 1661.3
1131600 1665.6
1131610 1665.6
1131620 1670.3
1131630 1674.7
1131640 1674.7
1131650 1678.9
1131660 1683.5
1131670 1683.5
1131680 1688.7
1131690 1694.3
1131700 1694.3
1131710 1699.9
1131720 1705.8
1131730 1705.8
1131740 1711.1
1131750 1715.8
1131760 1715.8
1131770 1720.5
1131780 1724.5
1131790 1724.5
1131800 1727.7
1131810 1734.2
1131820 1734.2
1131830 1739.4
1131840 1745.8
1131850 1751.5
1131860 1751.5
1131870 1756.2
1131880 1760.7
1131890 1760.7
1131900 1764.0
1131910 1767.3
1131920 1767.3
1131930 1771.7
1131940 1777.9
1131950 1777.9
1131960 1782.7
1131970 1786.3
1131980 1786.3
1131990 1792.0
1132000 1797.8
1132010 1797.8
1132020 1803.9
1132030 1810.0
1132040 1810.0
1132050 1815.6
1132060 1821.2
1132070 1821.2
1132080 1827.9
1132090 1834.4
1132100 1834.4
1132110 1840.7
1132120 1846.5
1132130 1854.1
1132140 1854.1
1132150 1860.4
1132160 1867.7
1132170 1867.7
1132180 1881.9
1132190 1891.9
1132200 1891.9
1132210 1901.0
1132220 1913.0
1132230 1913.0
1132240 1933.5
1132250 1944.8
1132260 1944.8
1132270 1952.7
1132280 1958.0
1132290 1958.0
1132300 1965.1
1132310 1973.4
1132320 1973.4
1132330 1977.6
1132340 1980.8
1132350 1980.8
1132360 1987.5
1132370 1993.5
1132380 1993.5
1132390 1999.8
1132400 2006.9
1132410 2013.6
1132420 2013.6
1132430 2020.3
1132440 2027.8
1132450 2027.8
1132460 2036.7
1132470 2045.4
1132480 2045.4
1132490 2056.4
1132500 2066.6
1132510 2066.6
1132520 2075.7
1132530 2086.0
1132540 2086.0
1132550 2097.0
1132560 2111.2
1132570 2111.2
1132580 2128.1
1132590 2136.7
1132600 2136.7
1132610 2135.5
1132620 2135.3
1132630 2135.3
1132640 2137.2
1132650 2140.2
1132660 2140.2
1132670 2141.7
1132680 2145.0
1132690 2151.2
1132700 2151.2
1132710 2156.4
1132720 2162.5
1132730 2162.5
1132740 2168.8
1132750 2174.8
1132760 2174.8
1132770 2181.5
1132780 2190.3
1132790 2190.3
1132800 2197.9
1132810 2204.7
1132820 2204.7
1132830 2204.0
1132840 2208.8
1132850 2202.7
1132860 2207.7
1132870 2213.1
1132880 2213.1
1132890 2220.1
1132900 2225.1
1132910 2225.1
1132920 2229.3
1132930 2236.4
1132940 2236.4
1132950 2245.0
1132960 2251.0
1132970 2251.2
1132980 2251.2
1132990 2253.8
1133000 2259.5
1133010 2259.5
1133020 2271.0
1133030 2283.0
1133040 2283.0
1133050 2292.0
1133060 2303.4
1133070 2303.4
1133080 2315.1
1133090 2326.0
1133100 2326.0
1133110 2335.4
1133120 2345.4
1133130 2345.4
1133140 2352.3
1133150 2355.9
1133160 2355.9
1133170 2352.1
1133180 2347.4
1133190 2347.4
1133200 2337.5
1133210 2332.0
1133220 2342.9
1133230 2338.9
1133240 2330.5
1133250 2325.9
1133260 2325.9
1133270 2319.2
1133280 2313.9
1133290 2313.9
1133300 2307.4
1133310 2302.7
1133320 2302.7
1133330 2293.2
1133340 2284.6
1133350 2284.6
1133360 2273.0
1133370 2260.8
1133380 2260.8
1133390 2252.1
1133400 2250.8
1133410 2250.8
1133420 2255.4
1133430 2254.6
1133440 2254.6
1133450 2250.1
1133460 2245.4
1133470 2245.4
1133480 2244.7
1133490 2232.4
1133500 2232.4
1133510 2209.2
1133520 2177.9
1133530 2161.1
1133540 2161.1
1133550 2156.7
1133560 2156.7
1133570 2156.7
1133580 2173.8
1133590 2152.7
1133600 2152.7
1133610 2140.8
1133620 2128.1
1133630 2128.1
1133640 2113.5
1133650 2110.6
1133660 2110.6
1133670 2107.4
1133680 2095.9
1133690 2095.9
1133700 2076.7
1133710 2055.2
1133720 2055.2
1133730 2050.8
1133740 2048.0
1133750 2048.0
1133760 2044.3
1133770 2040.7
1133780 2040.7
1133790 2039.1
1133800 2037.5
1133810 2035.6
1133820 2035.6
1133830 2032.8
1133840 2029.2
1133850 2029.2
1133860 2024.9
1133870 2021.3
1133880 2021.3
1133890 2018.0
1133900 2013.6
1133910 2013.6
1133920 2008.9
1133930 2004.3
1133940 2007.6
1133950 2002.6
1133960 1998.4
1133970 1998.4
1133980 1992.8
1133990 1989.3
1134000 1989.3
1134010 1985.9
1134020 1982.5
1134030 1982.5
1134040 1979.0
1134050 1975.2
1134060 1975.2
1134070 1971.9
1134080 1967.2
1134090 1961.3
1134100 1961.3
1134110 1954.8
1134120 1947.6
1134130 1947.6
1134140 1940.8
1134150 1936.5
1134160 1936.5
1134170 1933.4
1134180 1930.5
1134190 1930.5
1134200 1927.8
1134210 1927.6
1134220 1927.6
1134230 1928.3
1134240 1929.7
1134250 1929.7
1134260 1932.1
1134270 1935.0
1134280 1935.0
1134290 1938.8
1134300 1942.1
1134310 1947.9
1134320 1951.6
1134330 1955.1
1134340 1958.3
1134350 1958.3
1134360 1960.9
1134370 1962.2
1134380 1962.2
1134390 1962.5
1134400 1961.9
1134410 1961.9
1134420 1961.0
1134430 1959.0
1134440 1959.0
1134450 1962.5
1134460 1967.4
1134470 1967.4
1134480 1971.0
1134490 1972.4
1134500 1972.4
1134510 1971.4
1134520 1976.3
1134530 1976.3
1134540 1987.7
1134550 2012.3
1134560 2012.3
1134570 2025.4
1134580 2049.2
1134590 2049.2
1134600 2072.8
1134610 2083.1
1134620 2093.0
1134630 2093.0
1134640 2099.4
1134650 2104.5
1134660 2104.5
1134670 2109.3
1134680 2120.0
1134690 2120.0
1134700 2129.1
1134710 2136.6
1134720 2136.6
1134730 2147.1
1134740 2155.9
1134750 2155.9
1134760 2169.1
1134770 2192.2
1134780 2192.2
1134790 2199.4
1134800 2197.0
1134810 2197.0
1134820 2181.0
1134830 2176.9
1134840 2176.9
1134850 2171.0
1134860 2161.6
1134870 2161.6
1134880 2152.5
1134890 2136.0
1134900 2114.6
1134910 2114.6
1134920 2100.4
1134930 2094.1
1134940 2094.1
1134950 2090.9
1134960 2087.5
1134970 2087.5
1134980 2084.2
1134990 2079.8
1135000 2079.8
1135010 2074.2
1135020 2068.8
1135030 2063.7
1135040 2059.1
1135050 2056.0
1135060 2056.0
1135070 2054.6
1135080 2052.7
1135090 2052.7
1135100 2050.0
1135110 2049.8
1135120 2049.8
1135130 2050.3
1135140 2052.0
1135150 2052.0
1135160 2052.6
1135170 2054.0
1135180 2055.9
1135190 2055.9
1135200 2058.1
1135210 2062.1
1135220 2062.1
1135230 2064.8
1135240 2067.2
1135250 2067.2
1135260 2071.8
1135270 2077.2
1135280 2077.2
1135290 2082.0
1135300 2088.7
1135310 2088.7
1135320 2097.0
1135330 2106.7
1135340 2106.7
1135350 2110.0
1135360 2110.4
1135370 2110.4
1135380 2110.6
1135390 2113.3
1135400 2110.1
1135410 2117.6
1135420 2124.9
1135430 2124.9
1135440 2130.2
1135450 2131.7
1135460 2127.9
1135470 2127.9
1135480 2127.4
1135490 2131.7
1135500 2131.7
1135510 2132.4
1135520 2126.5
1135530 2126.5
1135540 2116.5
1135550 2110.7
1135560 2110.7
