1120000 1923.3
1120010 1920.4
1120020 1920.4
1120030 1913.6
1120040 1915.3
1120050 1915.3
1120060 1917.0
1120070 1916.6
1120080 1916.6
1120090 1916.0
1120100 1914.8
1120110 1914.8
1120120 1914.3
1120130 1924.6
1120140 1924.6
1120150 1928.2
1120160 1932.4
1120170 1932.4
1120180 1935.4
1120190 1932.1
1120200 1932.1
1120210 1923.0
1120220 1914.8
1120230 1904.2
1120240 1904.2
1120250 1876.8
1120260 1860.2
1120270 1860.2
1120280 1854.1
1120290 1850.0
1120300 1850.0
1120310 1844.6
1120320 1841.7
1120330 1841.7
1120340 1840.1
1120350 1838.5
1120360 1838.5
1120370 1837.0
1120380 1834.6
1120390 1834.6
1120400 1832.1
1120410 1829.1
1120420 1829.1
1120430 1825.5
1120440 1822.6
1120450 1822.6
1120460 1819.6
1120470 1817.3
1120480 1823.2
1120490 1821.2
1120500 1818.5
1120510 1818.9
1120520 1818.9
1120530 1820.1
1120540 1820.3
1120550 1820.3
1120560 1820.2
1120570 1820.5
1120580 1820.5
1120590 1820.7
1120600 1821.0
1120610 1821.0
1120620 1822.3
1120630 1824.6
1120640 1824.6
1120650 1827.1
1120660 1829.9
1120670 1829.9
1120680 1831.8
1120690 1832.1
1120700 1832.1
1120710 1832.3
1120720 1834.2
1120730 1834.2
1120740 1837.5
1120750 1841.6
1120760 1841.6
1120770 1847.7
1120780 1857.6
1120790 1867.6
1120800 1867.6
1120810 1873.8
1120820 1876.1
1120830 1888.3
1120840 1889.2
1120850 1891.7
1120860 1891.7
1120870 1897.0
1120880 1901.9
1120890 1901.9
1120900 1907.6
1120910 1913.1
1120920 1913.1
1120930 1909.9
1120940 1901.5
1120950 1901.5
1120960 1892.1
1120970 1882.0
1120980 1882.0
1120990 1873.4
1121000 1867.0
1121010 1867.0
1121020 1859.7
1121030 1853.5
1121040 1853.5
1121050 1844.9
1121060 1835.8
1121070 1826.8
1121080 1826.8
1121090 1819.3
1121100 1812.4
1121110 1812.4
1121120 1804.4
1121130 1796.4
1121140 1796.4
1121150 1789.5
1121160 1782.2
1121170 1782.2
1121180 1776.8
1121190 1769.3
1121200 1769.3
1121210 1760.1
1121220 1754.1
1121230 1754.1
1121240 1749.3
1121250 1742.6
1121260 1742.6
1121270 1736.8
1121280 1729.9
1121290 1729.9
1121300 1723.4
1121310 1718.2
1121320 1718.2
1121330 1711.9
1121340 1704.8
1121350 1697.6
1121360 1697.6
1121370 1691.2
1121380 1686.2
1121390 1686.2
1121400 1681.8
1121410 1677.1
1121420 1677.1
1121430 1672.5
1121440 1668.0
1121450 1668.0
1121460 1663.4
1121470 1659.0
1121480 1659.0
1121490 1653.3
1121500 1645.1
1121510 1645.1
1121520 1643.2
1121530 1655.4
1121540 1655.4
1121550 1658.1
1121560 1659.9
1121570 1659.9
1121580 1661.6
1121590 1663.4
1121600 1663.4
1121610 1664.2
1121620 1665.4
1121630 1667.0
1121640 1667.0
1121650 1668.0
1121660 1669.4
1121670 1669.4
1121680 1670.5
1121690 1671.7
1121700 1671.7
1121710 1673.6
1121720 1675.5
1121730 1675.5
1121740 1677.2
1121750 1679.1
1121760 1679.1
1121770 1681.6
1121780 1684.2
1121790 1684.2
1121800 1687.0
1121810 1690.1
1121820 1690.1
1121830 1693.0
1121840 1695.8
1121850 1695.8
1121860 1699.3
1121870 1702.0
1121880 1702.0
1121890 1710.0
1121900 1714.0
1121910 1718.1
1121920 1718.1
1121930 1721.4
1121940 1723.7
1121950 1723.7
1121960 1725.4
1121970 1726.7
1121980 1726.7
1121990 1728.1
1122000 1732.2
1122010 1732.2
1122020 1738.2
1122030 1742.6
1122040 1742.6
1122050 1745.2
1122060 1747.6
1122070 1747.6
1122080 1751.2
1122090 1754.3
1122100 1754.3
1122110 1759.5
1122120 1763.7
1122130 1763.7
1122140 1766.0
1122150 1770.8
1122160 1770.8
1122170 1776.4
1122180 1781.1
1122190 1785.3
1122200 1785.3
1122210 1788.6
1122220 1788.2
1122230 1788.2
1122240 1802.4
1122250 1800.2
1122260 1800.2
1122270 1801.2
1122280 1799.4
1122290 1799.4
1122300 1800.9
1122310 1803.6
1122320 1803.6
1122330 1805.9
1122340 1808.7
1122350 1808.7
1122360 1812.4
1122370 1817.4
1122380 1817.4
1122390 1821.5
1122400 1825.7
1122410 1825.7
1122420 1830.3
1122430 1835.3
1122440 1835.3
1122450 1840.7
1122460 1846.5
1122470 1846.5
1122480 1852.2
1122490 1857.8
1122500 1864.1
1122510 1864.1
1122520 1871.4
1122530 1878.9
1122540 1878.9
1122550 1888.0
1122560 1897.6
1122570 1897.6
1122580 1906.9
1122590 1916.8
1122600 1916.8
1122610 1924.7
1122620 1929.3
1122630 1929.3
1122640 1918.6
1122650 1905.7
1122660 1905.7
1122670 1893.4
1122680 1885.3
1122690 1885.3
1122700 1877.6
1122710 1871.4
1122720 1871.4
1122730 1864.7
1122740 1856.0
1122750 1856.0
1122760 1848.6
1122770 1837.6
1122780 1827.5
1122790 1827.5
1122800 1821.6
1122810 1815.5
1122820 1815.5
1122830 1807.3
1122840 1796.8
1122850 1796.8
1122860 1791.0
1122870 1785.4
1122880 1785.4
1122890 1777.0
1122900 1770.0
1122910 1770.0
1122920 1765.9
1122930 1761.1
1122940 1760.7
1122950 1755.1
1122960 1749.0
1122970 1749.0
1122980 1743.4
1122990 1738.1
1123000 1738.1
1123010 1733.7
1123020 1730.3
1123030 1730.3
1123040 1727.3
1123050 1725.8
1123060 1724.2
1123070 1724.2
1123080 1721.2
1123090 1719.1
1123100 1719.1
1123110 1716.0
1123120 1713.5
1123130 1713.5
1123140 1712.1
1123150 1708.5
1123160 1708.5
1123170 1704.5
1123180 1702.2
1123190 1702.2
1123200 1699.9
1123210 1697.3
1123220 1697.3
1123230 1694.2
1123240 1693.1
1123250 1693.1
1123260 1692.1
1123270 1689.8
1123280 1689.8
1123290 1683.1
1123300 1681.1
1123310 1681.1
1123320 1680.3
1123330 1679.3
1123340 1678.3
1123350 1678.3
1123360 1677.6
1123370 1676.7
1123380 1676.7
1123390 1675.8
1123400 1675.5
1123410 1675.5
1123420 1676.2
1123430 1675.6
1123440 1675.6
1123450 1674.7
1123460 1674.3
1123470 1674.3
1123480 1674.7
1123490 1675.0
1123500 1675.0
1123510 1675.3
1123520 1673.9
1123530 1673.9
1123540 1672.9
1123550 1672.1
1123560 1672.1
1123570 1672.2
1123580 1671.4
1123590 1671.4
1123600 1670.8
1123610 1670.3
1123620 1669.5
1123630 1669.5
1123640 1671.2
1123650 1666.1
1123660 1666.1
1123670 1665.8
1123680 1665.6
1123690 1665.6
1123700 1665.7
1123710 1664.3
1123720 1664.3
1123730 1664.0
1123740 1662.5
1123750 1662.5
1123760 1660.7
1123770 1658.4
1123780 1658.4
1123790 1656.7
1123800 1657.3
1123810 1657.3
1123820 1656.4
1123830 1656.3
1123840 1656.3
1123850 1657.7
1123860 1658.0
1123870 1658.0
1123880 1657.2
1123890 1654.8
1123900 1654.0
1123910 1654.0
1123920 1653.8
1123930 1653.9
1123940 1653.9
1123950 1652.1
1123960 1647.8
1123970 1647.8
1123980 1646.4
1123990 1645.4
1124000 1637.4
1124010 1636.8
1124020 1636.0
1124030 1636.0
1124040 1634.7
1124050 1632.2
1124060 1632.2
1124070 1630.4
1124080 1630.3
1124090 1630.3
1124100 1628.8
1124110 1628.0
1124120 1628.0
1124130 1627.8
1124140 1628.1
1124150 1628.1
1124160 1627.5
1124170 1627.4
1124180 1626.6
1124190 1626.6
1124200 1625.7
1124210 1624.8
1124220 1624.8
1124230 1623.7
1124240 1621.9
1124250 1621.9
1124260 1620.9
1124270 1619.6
1124280 1619.6
1124290 1616.5
1124300 1612.3
1124310 1612.3
1124320 1610.6
1124330 1607.0
1124340 1607.0
1124350 1600.9
1124360 1600.4
1124370 1600.4
1124380 1595.2
1124390 1590.9
1124400 1590.9
1124410 1587.8
1124420 1585.2
1124430 1585.2
1124440 1582.4
1124450 1578.3
1124460 1574.7
1124470 1574.7
1124480 1572.4
1124490 1570.7
1124500 1570.7
1124510 1568.0
1124520 1564.8
1124530 1564.8
1124540 1562.7
1124550 1560.4
1124560 1560.4
1124570 1558.3
1124580 1556.4
1124590 1556.4
1124600 1555.1
1124610 1553.8
1124620 1553.8
1124630 1550.7
1124640 1547.4
1124650 1547.4
1124660 1543.4
1124670 1538.2
1124680 1538.2
1124690 1532.8
1124700 1527.7
1124710 1520.7
1124720 1516.4
1124730 1511.2
1124740 1505.4
1124750 1505.4
1124760 1499.1
1124770 1492.6
1124780 1492.6
1124790 1485.9
1124800 1479.2
1124810 1479.2
1124820 1473.5
1124830 1468.7
1124840 1468.7
1124850 1464.0
1124860 1459.1
1124870 1459.1
1124880 1453.7
1124890 1448.2
1124900 1448.2
1124910 1443.1
1124920 1437.7
1124930 1437.7
1124940 1432.0
1124950 1426.0
1124960 1426.0
1124970 1419.9
1124980 1414.4
1124990 1414.4
1125000 1409.2
1125010 1404.0
1125020 1398.5
1125030 1398.5
1125040 1393.4
1125050 1388.3
1125060 1385.0
1125070 1379.6
1125080 1374.4
1125090 1374.4
1125100 1369.4
1125110 1364.7
1125120 1364.7
1125130 1360.1
1125140 1354.4
1125150 1354.4
1125160 1347.3
1125170 1342.8
1125180 1342.8
1125190 1339.1
1125200 1334.2
1125210 1334.2
1125220 1329.4
1125230 1323.5
1125240 1323.5
1125250 1317.5
1125260 1314.1
1125270 1314.1
1125280 1311.1
1125290 1310.6
1125300 1315.0
1125310 1315.0
1125320 1323.0
1125330 1329.8
1125340 1329.8
1125350 1331.8
1125360 1332.5
1125370 1332.5
1125380 1334.2
1125390 1335.5
1125400 1335.5
1125410 1340.2
1125420 1342.9
1125430 1342.9
1125440 1346.0
1125450 1349.1
1125460 1349.1
1125470 1351.4
1125480 1353.2
1125490 1353.2
1125500 1356.7
1125510 1360.4
1125520 1360.4
1125530 1363.8
1125540 1366.1
1125550 1366.1
1125560 1369.1
1125570 1371.2
1125580 1373.8
1125590 1373.8
1125600 1375.9
1125610 1378.6
1125620 1378.6
1125630 1381.2
1125640 1383.4
1125650 1383.4
1125660 1385.2
1125670 1387.0
1125680 1387.0
1125690 1388.9
1125700 1390.4
1125710 1390.4
1125720 1391.7
1125730 1393.9
1125740 1393.9
1125750 1396.5
1125760 1398.6
1125770 1405.1
1125780 1407.5
1125790 1409.5
1125800 1409.5
1125810 1410.3
1125820 1410.5
1125830 1410.5
1125840 1409.0
1125850 1406.7
1125860 1403.7
1125870 1403.7
1125880 1400.7
1125890 1398.7
1125900 1398.7
1125910 1396.0
1125920 1391.4
1125930 1391.4
1125940 1386.0
1125950 1380.5
1125960 1380.5
1125970 1374.2
1125980 1368.2
1125990 1368.2
1126000 1362.3
1126010 1356.3
1126020 1356.3
1126030 1350.6
1126040 1345.6
1126050 1345.6
1126060 1342.3
1126070 1339.6
1126080 1339.6
1126090 1336.7
1126100 1334.5
1126110 1334.5
1126120 1333.0
1126130 1330.9
1126140 1328.6
1126150 1328.6
1126160 1326.6
1126170 1324.8
1126180 1324.8
1126190 1323.3
1126200 1322.1
1126210 1322.1
1126220 1321.4
1126230 1320.4
1126240 1320.4
1126250 1317.6
1126260 1314.8
1126270 1314.8
1126280 1310.6
1126290 1304.5
1126300 1304.5
1126310 1298.9
1126320 1293.4
1126330 1293.4
1126340 1288.7
1126350 1283.9
1126360 1283.9
1126370 1277.9
1126380 1272.2
1126390 1272.2
1126400 1267.2
1126410 1262.3
1126420 1257.2
1126430 1257.2
1126440 1253.1
1126450 1249.0
1126460 1249.0
1126470 1244.1
1126480 1241.6
1126490 1241.6
1126500 1244.4
1126510 1246.6
1126520 1246.6
1126530 1249.7
1126540 1252.3
1126550 1252.3
1126560 1254.8
1126570 1256.8
1126580 1256.8
1126590 1260.6
1126600 1264.8
1126610 1264.8
1126620 1269.0
1126630 1272.4
1126640 1272.4
1126650 1275.7
1126660 1279.2
1126670 1279.2
1126680 1282.2
1126690 1283.8
1126700 1283.8
1126710 1285.7
1126720 1290.3
1126730 1294.8
1126740 1294.8
1126750 1299.0
1126760 1303.3
1126770 1303.3
1126780 1307.8
1126790 1312.2
1126800 1312.2
1126810 1316.4
1126820 1319.8
1126830 1319.8
1126840 1330.3
1126850 1336.2
1126860 1336.2
1126870 1341.7
1126880 1347.8
1126890 1347.8
1126900 1353.9
1126910 1360.1
1126920 1360.1
1126930 1366.1
1126940 1371.2
1126950 1371.2
1126960 1376.3
1126970 1381.9
1126980 1381.9
1126990 1387.1
1127000 1391.5
1127010 1396.0
1127020 1396.0
1127030 1400.2
1127040 1403.6
1127050 1403.6
1127060 1407.3
1127070 1410.5
1127080 1410.5
1127090 1415.5
1127100 1422.2
1127110 1422.2
1127120 1428.3
1127130 1432.6
1127140 1432.6
1127150 1434.9
1127160 1437.8
1127170 1437.8
1127180 1440.5
1127190 1449.5
1127200 1449.5
1127210 1449.4
1127220 1448.5
1127230 1448.5
1127240 1447.8
1127250 1444.1
1127260 1444.1
1127270 1439.3
1127280 1448.4
1127290 1467.6
1127300 1467.6
1127310 1477.3
1127320 1480.3
1127330 1480.3
1127340 1482.0
1127350 1483.0
1127360 1483.0
1127370 1482.7
1127380 1481.7
1127390 1481.7
1127400 1481.5
1127410 1483.2
1127420 1483.2
1127430 1484.4
1127440 1482.9
1127450 1482.9
1127460 1486.7
1127470 1489.4
1127480 1489.4
1127490 1487.9
1127500 1488.3
1127510 1488.3
1127520 1489.3
1127530 1482.1
1127540 1482.1
1127550 1481.7
1127560 1484.8
1127570 1490.1
1127580 1490.1
1127590 1497.0
1127600 1503.6
1127610 1503.6
1127620 1507.3
1127630 1507.3
1127640 1507.3
1127650 1512.5
1127660 1519.4
1127670 1519.4
1127680 1527.2
1127690 1533.2
1127700 1533.2
1127710 1541.0
1127720 1544.0
1127730 1544.0
1127740 1547.7
1127750 1556.2
1127760 1556.2
1127770 1568.0
1127780 1577.3
1127790 1577.3
1127800 1580.2
1127810 1582.9
1127820 1582.9
1127830 1585.1
1127840 1586.8
1127850 1587.0
1127860 1587.0
1127870 1585.5
1127880 1584.9
1127890 1584.9
1127900 1584.9
1127910 1590.9
1127920 1590.9
1127930 1590.9
1127940 1591.9
1127950 1591.9
1127960 1593.0
1127970 1590.8
1127980 1590.8
1127990 1591.2
1128000 1597.7
1128010 1597.7
1128020 1600.5
1128030 1597.7
1128040 1597.7
1128050 1598.4
1128060 1598.8
1128070 1598.8
1128080 1601.2
1128090 1603.9
1128100 1603.9
1128110 1602.7
1128120 1602.1
1128130 1598.7
1128140 1598.7
1128150 1600.2
1128160 1604.8
1128170 1604.8
1128180 1614.2
1128190 1614.9
1128200 1614.9
1128210 1617.1
1128220 1626.7
1128230 1626.7
1128240 1632.3
1128250 1635.1
1128260 1643.5
1128270 1641.8
1128280 1640.0
1128290 1640.0
1128300 1638.0
1128310 1635.4
1128320 1635.4
1128330 1633.0
1128340 1630.2
1128350 1630.2
1128360 1626.3
1128370 1623.3
1128380 1623.3
1128390 1620.1
1128400 1617.4
1128410 1615.3
1128420 1615.3
1128430 1613.1
1128440 1611.6
1128450 1611.6
1128460 1610.4
1128470 1607.7
1128480 1607.7
1128490 1610.4
1128500 1611.0
1128510 1611.0
1128520 1609.1
1128530 1607.3
1128540 1607.3
1128550 1609.8
1128560 1609.6
1128570 1609.6
1128580 1610.7
1128590 1614.2
1128600 1614.2
1128610 1615.5
1128620 1630.2
1128630 1630.2
1128640 1629.4
1128650 1627.5
1128660 1627.5
1128670 1627.0
1128680 1626.6
1128690 1627.2
1128700 1627.2
1128710 1626.7
1128720 1629.9
1128730 1629.9
1128740 1635.0
1128750 1642.8
1128760 1642.8
1128770 1659.0
1128780 1670.5
1128790 1670.5
1128800 1678.0
1128810 1685.2
1128820 1685.2
1128830 1691.7
1128840 1700.4
1128850 1700.4
1128860 1707.6
1128870 1709.2
1128880 1709.2
1128890 1708.4
1128900 1705.0
1128910 1705.0
1128920 1698.2
1128930 1692.5
1128940 1692.5
1128950 1686.5
1128960 1680.2
1128970 1674.0
1128980 1678.5
1128990 1672.8
1129000 1667.2
1129010 1667.2
1129020 1662.5
1129030 1658.2
1129040 1658.2
1129050 1651.1
1129060 1641.8
1129070 1641.8
1129080 1634.7
1129090 1629.2
1129100 1629.2
1129110 1620.0
1129120 1611.3
1129130 1611.3
1129140 1602.8
1129150 1590.8
1129160 1590.8
1129170 1574.2
1129180 1566.3
1129190 1566.3
1129200 1549.4
1129210 1536.4
1129220 1536.4
1129230 1521.7
1129240 1510.3
1129250 1496.0
1129260 1496.0
1129270 1479.7
1129280 1471.1
1129290 1471.1
1129300 1468.1
1129310 1463.1
1129320 1463.1
1129330 1450.1
1129340 1430.7
1129350 1430.7
1129360 1419.6
1129370 1411.4
1129380 1411.4
1129390 1403.4
1129400 1397.0
1129410 1397.0
1129420 1390.7
1129430 1389.0
1129440 1389.0
1129450 1389.7
1129460 1386.6
1129470 1386.6
1129480 1381.7
1129490 1368.7
1129500 1368.7
1129510 1360.4
1129520 1354.1
1129530 1347.1
1129540 1347.1
1129550 1339.8
1129560 1332.8
1129570 1332.8
1129580 1326.2
1129590 1320.2
1129600 1320.2
1129610 1314.4
1129620 1309.2
1129630 1309.2
1129640 1303.7
1129650 1298.9
1129660 1298.9
1129670 1294.3
1129680 1290.3
1129690 1290.3
1129700 1290.6
1129710 1286.4
1129720 1286.4
1129730 1282.0
1129740 1277.7
1129750 1277.7
1129760 1273.6
1129770 1269.0
1129780 1269.0
1129790 1264.6
1129800 1261.1
1129810 1259.2
1129820 1259.2
1129830 1256.3
1129840 1252.5
1129850 1252.5
1129860 1248.6
1129870 1245.0
1129880 1245.0
1129890 1240.9
1129900 1235.8
1129910 1235.8
1129920 1231.7
1129930 1229.5
1129940 1229.5
1129950 1226.3
1129960 1222.5
1129970 1222.5
1129980 1219.5
1129990 1218.3
1130000 1218.3
1130010 1217.1
1130020 1209.6
1130030 1209.6
1130040 1204.1
1130050 1208.2
1130060 1209.0
1130070 1218.7
1130080 1221.1
1130090 1222.8
1130100 1222.8
1130110 1225.2
1130120 1226.9
1130130 1226.9
1130140 1229.4
1130150 1233.3
1130160 1233.3
1130170 1236.4
1130180 1240.8
1130190 1240.8
1130200 1244.3
1130210 1246.5
1130220 1246.5
1130230 1249.9
1130240 1253.1
1130250 1253.1
1130260 1256.6
1130270 1261.3
1130280 1261.3
1130290 1265.8
1130300 1270.1
1130310 1270.1
1130320 1274.4
1130330 1278.6
1130340 1278.6
1130350 1282.9
1130360 1287.4
1130370 1291.7
1130380 1291.7
1130390 1295.8
1130400 1300.5
1130410 1302.1
1130420 1307.0
1130430 1312.1
1130440 1312.1
1130450 1317.1
1130460 1322.1
1130470 1322.1
1130480 1327.3
1130490 1332.8
1130500 1332.8
1130510 1338.4
1130520 1344.3
1130530 1344.3
1130540 1350.2
1130550 1355.9
1130560 1355.9
1130570 1361.4
1130580 1367.0
1130590 1367.0
1130600 1373.1
1130610 1378.9
1130620 1378.9
1130630 1384.3
1130640 1389.4
1130650 1394.4
1130660 1394.4
1130670 1398.6
1130680 1403.3
1130690 1403.3
1130700 1408.6
1130710 1413.4
1130720 1413.4
1130730 1417.8
1130740 1422.4
1130750 1422.4
1130760 1429.0
1130770 1436.7
1130780 1436.7
1130790 1447.9
1130800 1456.6
1130810 1456.6
1130820 1463.9
1130830 1472.9
1130840 1472.9
1130850 1475.6
1130860 1479.4
1130870 1479.4
1130880 1485.2
1130890 1491.4
1130900 1491.4
1130910 1497.7
1130920 1503.7
1130930 1509.1
1130940 1509.1
1130950 1514.9
1130960 1523.4
1130970 1523.4
1130980 1532.3
1130990 1540.1
1131000 1540.1
1131010 1548.3
1131020 1557.8
1131030 1557.8
1131040 1567.8
1131050 1579.2
1131060 1579.2
1131070 1588.9
1131080 1596.2
1131090 1596.2
1131100 1602.3
1131110 1610.0
1131120 1610.0
1131130 1620.5
1131140 1627.1
1131150 1627.1
1131160 1632.8
1131170 1640.4
1131180 1640.4
1131190 1647.7
1131200 1653.9
1131210 1659.0
1131220 1659.0
1131230 1665.0
1131240 1671.6
1131250 1671.6
1131260 1677.0
1131270 1681.1
1131280 1681.1
1131290 1693.7
1131300 1706.5
1131310 1706.5
1131320 1716.0
1131330 1726.5
1131340 1726.5
1131350 1739.6
1131360 1758.5
1131370 1758.5
1131380 1775.0
1131390 1786.9
1131400 1786.9
1131410 1795.9
1131420 1804.8
1131430 1804.8
1131440 1813.8
1131450 1822.4
1131460 1822.4
1131470 1832.6
1131480 1840.6
1131490 1852.7
1131500 1854.3
1131510 1868.7
1131520 1879.4
1131530 1879.4
1131540 1890.8
1131550 1898.3
1131560 1898.3
1131570 1905.2
1131580 1914.0
1131590 1914.0
1131600 1920.1
1131610 1926.7
1131620 1926.7
1131630 1933.9
1131640 1940.1
1131650 1940.1
1131660 1946.6
1131670 1953.1
1131680 1953.1
1131690 1959.5
1131700 1965.1
1131710 1965.1
1131720 1969.9
1131730 1975.1
1131740 1975.1
1131750 1981.7
1131760 1988.4
1131770 1996.3
1131780 1996.3
1131790 2004.4
1131800 2012.6
1131810 2012.6
1131820 2019.9
1131830 2026.7
1131840 2026.7
1131850 2034.9
1131860 2040.7
1131870 2040.7
1131880 2050.8
1131890 2061.2
1131900 2061.2
1131910 2071.1
1131920 2079.0
1131930 2079.0
1131940 2088.9
1131950 2099.7
1131960 2099.7
1131970 2107.5
1131980 2114.6
1131990 2114.6
1132000 2123.4
1132010 2133.1
1132020 2133.1
1132030 2143.5
1132040 2153.0
1132050 2161.1
1132060 2161.1
1132070 2165.7
1132080 2167.5
1132090 2167.5
1132100 2169.6
1132110 2172.5
1132120 2172.5
1132130 2176.3
1132140 2180.9
1132150 2180.9
1132160 2185.1
1132170 2190.0
1132180 2190.0
1132190 2195.2
1132200 2199.7
1132210 2199.7
1132220 2199.5
1132230 2204.6
1132240 2204.6
1132250 2204.0
1132260 2198.6
1132270 2198.6
1132280 2190.9
1132290 2183.7
1132300 2183.7
1132310 2175.4
1132320 2168.6
1132330 2163.9
1132340 2163.9
1132350 2159.0
1132360 2150.3
1132370 2150.3
1132380 2139.8
1132390 2131.4
1132400 2131.4
1132410 2114.2
1132420 2098.0
1132430 2098.0
1132440 2080.3
1132450 2060.9
1132460 2060.9
1132470 2035.6
1132480 2018.4
1132490 2018.4
1132500 1998.9
1132510 1975.3
1132520 1975.3
1132530 1962.3
1132540 1956.5
1132550 1956.5
1132560 1951.4
1132570 1944.8
1132580 1949.9
1132590 1944.9
1132600 1939.2
1132610 1933.3
1132620 1933.3
1132630 1928.1
1132640 1923.0
1132650 1923.0
1132660 1917.4
1132670 1911.9
1132680 1911.9
1132690 1906.5
1132700 1901.2
1132710 1901.2
1132720 1894.5
1132730 1886.9
1132740 1886.9
1132750 1886.8
1132760 1886.5
1132770 1886.5
1132780 1885.3
1132790 1881.3
1132800 1881.3
1132810 1878.3
1132820 1880.2
1132830 1880.2
1132840 1882.8
1132850 1886.4
1132860 1886.4
1132870 1889.8
1132880 1894.1
1132890 1894.1
1132900 1898.0
1132910 1903.2
1132920 1908.0
1132930 1908.0
1132940 1920.9
1132950 1923.0
1132960 1923.0
1132970 1924.8
1132980 1930.5
1132990 1930.5
1133000 1935.3
1133010 1942.3
1133020 1942.3
1133030 1949.9
1133040 1953.9
1133050 1953.9
1133060 1941.7
1133070 1940.1
1133080 1940.1
1133090 1947.2
1133100 1951.9
1133110 1951.9
1133120 1953.0
1133130 1946.4
1133140 1946.4
1133150 1928.4
1133160 1921.9
1133170 1921.9
1133180 1931.1
1133190 1939.7
1133200 1946.3
1133210 1946.3
1133220 1949.1
1133230 1953.3
1133240 1953.3
1133250 1962.2
1133260 1968.0
1133270 1968.0
1133280 1969.2
1133290 1975.3
1133300 1983.3
1133310 1989.3
1133320 1994.0
1133330 1994.0
1133340 1998.7
1133350 2005.7
1133360 2005.7
1133370 2016.6
1133380 2023.0
1133390 2023.0
1133400 2025.6
1133410 2025.7
1133420 2025.7
1133430 2026.2
1133440 2029.4
1133450 2029.4
1133460 2022.6
1133470 2027.1
1133480 2034.8
1133490 2034.8
1133500 2038.3
1133510 2039.0
1133520 2039.0
1133530 2037.5
1133540 2037.0
1133550 2037.0
1133560 2042.2
1133570 2044.6
1133580 2044.6
1133590 2037.6
1133600 2031.8
1133610 2031.8
1133620 2031.9
1133630 2027.6
1133640 2027.6
1133650 2019.4
1133660 2013.6
1133670 2006.0
1133680 2002.4
1133690 2000.6
1133700 2000.6
1133710 1997.8
1133720 1994.8
1133730 1994.8
1133740 1992.0
1133750 1989.1
1133760 1982.1
1133770 1982.1
1133780 1974.4
1133790 1963.1
1133800 1963.1
1133810 1950.4
1133820 1934.8
1133830 1934.8
1133840 1924.6
1133850 1918.3
1133860 1918.3
1133870 1912.1
1133880 1907.3
1133890 1907.3
1133900 1904.3
1133910 1906.4
1133920 1906.4
1133930 1907.8
1133940 1891.1
1133950 1891.1
1133960 1878.5
1133970 1872.4
1133980 1872.4
1133990 1866.0
1134000 1859.0
1134010 1859.0
1134020 1851.1
1134030 1843.3
1134040 1834.6
1134050 1834.6
1134060 1827.1
1134070 1814.2
1134080 1814.2
1134090 1806.0
1134100 1800.6
1134110 1800.6
1134120 1798.0
1134130 1796.9
1134140 1796.9
1134150 1795.7
1134160 1796.3
1134170 1796.3
1134180 1795.7
1134190 1793.5
1134200 1793.5
1134210 1790.6
1134220 1785.5
1134230 1785.5
1134240 1779.8
1134250 1774.8
1134260 1774.8
1134270 1771.3
1134280 1767.3
1134290 1767.3
1134300 1762.1
1134310 1755.1
1134320 1746.9
1134330 1746.9
1134340 1740.9
1134350 1734.6
1134360 1734.6
1134370 1728.5
1134380 1722.4
1134390 1737.6
1134400 1732.6
1134410 1725.5
1134420 1725.5
1134430 1718.8
1134440 1716.2
1134450 1716.2
1134460 1713.7
1134470 1713.6
1134480 1713.6
1134490 1712.9
1134500 1712.3
1134510 1712.3
1134520 1711.1
1134530 1707.9
1134540 1707.9
1134550 1704.6
1134560 1700.5
1134570 1700.5
1134580 1697.2
1134590 1694.3
1134600 1694.1
1134610 1694.1
1134620 1691.1
1134630 1687.3
1134640 1687.3
1134650 1679.5
1134660 1674.1
1134670 1674.1
1134680 1672.7
1134690 1672.1
1134700 1672.1
1134710 1674.5
1134720 1675.0
1134730 1675.0
1134740 1674.2
1134750 1675.9
1134760 1681.8
1134770 1684.4
1134780 1687.2
1134790 1687.2
1134800 1690.0
1134810 1696.2
1134820 1696.2
1134830 1701.6
1134840 1707.5
1134850 1707.5
1134860 1716.8
1134870 1722.8
1134880 1729.6
1134890 1729.6
1134900 1733.4
1134910 1737.1
1134920 1737.1
1134930 1742.6
1134940 1747.7
1134950 1747.7
1134960 1750.0
1134970 1752.4
1134980 1752.4
1134990 1751.7
1135000 1749.5
1135010 1749.5
1135020 1747.1
1135030 1743.6
1135040 1743.6
1135050 1745.6
1135060 1745.4
1135070 1745.4
1135080 1743.7
1135090 1743.7
1135100 1743.7
1135110 1745.0
1135120 1750.0
1135130 1750.0
1135140 1752.2
1135150 1757.5
1135160 1758.3
1135170 1758.3
1135180 1755.0
1135190 1760.9
1135200 1760.9
1135210 1763.2
1135220 1760.9
1135230 1760.9
1135240 1761.0
1135250 1765.7
1135260 1765.7
1135270 1768.4
1135280 1769.5
1135290 1769.5
1135300 1773.6
1135310 1778.0
1135320 1778.0
1135330 1783.5
1135340 1788.1
1135350 1788.1
1135360 1792.2
1135370 1796.9
1135380 1796.9
1135390 1802.1
1135400 1807.6
1135410 1807.6
1135420 1813.3
1135430 1819.6
1135440 1825.7
1135450 1825.7
1135460 1831.8
1135470 1838.1
1135480 1838.1
1135490 1854.7
1135500 1866.5
1135510 1866.5
1135520 1873.9
1135530 1884.0
1135540 1884.0
1135550 1892.2
1135560 1904.3
1135570 1904.3
1135580 1921.3
1135590 1935.4
1135600 1935.4
1135610 1950.0
1135620 1954.5
1135630 1954.5
1135640 1969.3
1135650 1985.2
1135660 1985.2
1135670 1992.1
1135680 1997.9
1135690 1997.9
1135700 2004.2
1135710 2003.6
1135720 2005.0
1135730 2005.0
1135740 2008.0
1135750 2007.5
1135760 2007.5
1135770 2005.1
1135780 2006.4
1135790 2006.4
1135800 2004.7
1135810 1998.9
1135820 1998.9
1135830 2001.3
1135840 1998.7
1135850 2004.9
1135860 1994.8
1135870 1984.7
1135880 1984.7
1135890 1978.9
1135900 1977.8
1135910 1977.8
1135920 1978.3
1135930 1978.5
1135940 1978.5
1135950 1979.3
1135960 1981.0
1135970 1981.0
1135980 1982.3
1135990 1984.0
1136000 1986.6
1136010 1986.6
1136020 1991.0
1136030 1992.9
1136040 1992.9
1136050 1994.8
1136060 1997.5
1136070 1997.5
1136080 2000.1
1136090 2004.0
1136100 2004.0
1136110 2008.3
1136120 2012.3
1136130 2012.3
1136140 2016.5
1136150 2020.3
1136160 2020.3
1136170 2024.4
1136180 2029.4
1136190 2029.4
1136200 2035.1
1136210 2040.0
1136220 2038.9
1136230 2043.7
1136240 2049.6
1136250 2049.6
1136260 2056.1
1136270 2062.7
1136280 2069.2
1136290 2069.2
1136300 2075.2
1136310 2081.5
1136320 2081.5
1136330 2088.7
1136340 2095.2
1136350 2095.2
1136360 2101.5
1136370 2108.1
1136380 2108.1
1136390 2114.8
1136400 2121.2
1136410 2121.2
1136420 2137.1
1136430 2148.5
1136440 2148.5
1136450 2156.7
1136460 2172.3
1136470 2172.3
1136480 2179.0
1136490 2188.5
1136500 2188.5
1136510 2199.7
1136520 2233.5
1136530 2233.5
1136540 2244.4
1136550 2253.2
1136560 2260.7
1136570 2260.7
1136580 2277.4
1136590 2274.3
1136600 2274.3
1136610 2283.8
1136620 2287.7
1136630 2287.7
1136640 2288.1
1136650 2284.4
1136660 2284.4
1136670 2281.3
1136680 2278.4
1136690 2278.4
1136700 2257.7
1136710 2229.6
1136720 2229.6
1136730 2211.2
1136740 2180.6
1136750 2180.6
1136760 2161.4
1136770 2143.7
1136780 2143.7
1136790 2118.2
1136800 2105.8
1136810 2105.8
1136820 2101.1
1136830 2096.2
1136840 2091.1
1136850 2091.1
1136860 2086.3
1136870 2082.5
1136880 2082.5
1136890 2080.4
1136900 2078.1
1136910 2078.1
1136920 2074.9
1136930 2070.7
1136940 2070.7
1136950 2064.1
1136960 2059.2
1136970 2059.2
1136980 2057.6
1136990 2060.6
1137000 2060.6
