1120000 1960.6
1120010 1960.6
1120020 1954.5
1120030 1951.6
1120040 1951.6
1120050 1952.9
1120060 1953.1
1120070 1953.1
1120080 1951.8
1120090 1950.8
1120100 1949.2
1120110 1957.9
1120120 1958.2
1120130 1959.2
1120140 1959.2
1120150 1961.7
1120160 1965.1
1120170 1965.1
1120180 1966.9
1120190 1961.7
1120200 1961.7
1120210 1954.3
1120220 1946.6
1120230 1946.6
1120240 1937.8
1120250 1924.7
1120260 1924.7
1120270 1909.8
1120280 1897.6
1120290 1897.6
1120300 1886.6
1120310 1878.4
1120320 1878.4
1120330 1872.4
1120340 1867.1
1120350 1867.1
1120360 1864.0
1120370 1861.4
1120380 1858.1
1120390 1858.1
1120400 1854.6
1120410 1851.3
1120420 1851.3
1120430 1849.0
1120440 1846.1
1120450 1846.1
1120460 1850.2
1120470 1848.9
1120480 1848.9
1120490 1847.0
1120500 1843.3
1120510 1843.3
1120520 1845.5
1120530 1845.1
1120540 1845.1
1120550 1845.4
1120560 1845.1
1120570 1845.1
1120580 1846.6
1120590 1846.6
1120600 1846.6
1120610 1846.2
1120620 1847.6
1120630 1847.6
1120640 1851.2
1120650 1853.7
1120660 1855.7
1120670 1855.7
1120680 1857.7
1120690 1858.6
1120700 1858.6
1120710 1862.5
1120720 1868.6
1120730 1868.6
1120740 1880.7
1120750 1885.6
1120760 1885.6
1120770 1886.9
1120780 1888.7
1120790 1888.7
1120800 1896.3
1120810 1915.2
1120820 1915.2
1120830 1923.7
1120840 1932.4
1120850 1932.4
1120860 1940.2
1120870 1936.6
1120880 1936.6
1120890 1925.7
1120900 1916.2
1120910 1916.2
1120920 1906.6
1120930 1899.3
1120940 1891.5
1120950 1891.5
1120960 1884.9
1120970 1877.1
1120980 1877.1
1120990 1867.2
1121000 1858.0
1121010 1858.0
1121020 1851.3
1121030 1844.6
1121040 1844.6
1121050 1838.3
1121060 1832.7
1121070 1832.7
1121080 1826.1
1121090 1819.5
1121100 1819.5
1121110 1813.0
1121120 1806.3
1121130 1806.3
1121140 1798.3
1121150 1790.1
1121160 1794.3
1121170 1785.5
1121180 1778.1
1121190 1778.1
1121200 1770.2
1121210 1762.3
1121220 1755.6
1121230 1755.6
1121240 1748.6
1121250 1741.3
1121260 1741.3
1121270 1734.6
1121280 1728.4
1121290 1728.4
1121300 1722.7
1121310 1716.9
1121320 1716.9
1121330 1711.2
1121340 1705.8
1121350 1705.8
1121360 1700.7
1121370 1695.4
1121380 1695.4
1121390 1690.1
1121400 1684.8
1121410 1684.8
1121420 1679.7
1121430 1674.4
1121440 1674.4
1121450 1667.9
1121460 1661.4
1121470 1661.4
1121480 1656.3
1121490 1655.1
1121500 1660.5
1121510 1664.9
1121520 1668.0
1121530 1669.6
1121540 1669.6
1121550 1673.4
1121560 1676.1
1121570 1676.1
1121580 1678.2
1121590 1680.5
1121600 1680.5
1121610 1682.6
1121620 1684.3
1121630 1684.3
1121640 1685.9
1121650 1688.1
1121660 1688.1
1121670 1689.3
1121680 1690.2
1121690 1690.2
1121700 1691.6
1121710 1693.6
1121720 1693.6
1121730 1695.8
1121740 1698.1
1121750 1698.1
1121760 1700.8
1121770 1703.8
1121780 1707.3
1121790 1707.3
1121800 1710.3
1121810 1713.3
1121820 1713.3
1121830 1716.1
1121840 1718.6
1121850 1718.6
1121860 1726.6
1121870 1728.7
1121880 1728.7
1121890 1732.2
1121900 1736.3
1121910 1736.3
1121920 1740.5
1121930 1743.0
1121940 1743.0
1121950 1747.5
1121960 1751.1
1121970 1751.1
1121980 1752.7
1121990 1754.3
1122000 1754.3
1122010 1757.6
1122020 1759.5
1122030 1759.5
1122040 1761.4
1122050 1765.2
1122060 1771.2
1122070 1771.2
1122080 1776.3
1122090 1780.6
1122100 1780.6
1122110 1786.6
1122120 1794.2
1122130 1794.2
1122140 1798.1
1122150 1803.6
1122160 1803.6
1122170 1810.0
1122180 1813.7
1122190 1813.7
1122200 1816.4
1122210 1818.2
1122220 1824.7
1122230 1826.7
1122240 1829.2
1122250 1829.2
1122260 1832.7
1122270 1835.0
1122280 1835.0
1122290 1835.5
1122300 1834.5
1122310 1834.5
1122320 1832.0
1122330 1829.3
1122340 1827.9
1122350 1827.9
1122360 1828.1
1122370 1828.5
1122380 1828.5
1122390 1829.4
1122400 1829.7
1122410 1829.7
1122420 1834.5
1122430 1840.2
1122440 1840.2
1122450 1846.2
1122460 1852.9
1122470 1852.9
1122480 1860.4
1122490 1867.5
1122500 1867.5
1122510 1873.6
1122520 1880.0
1122530 1880.0
1122540 1887.3
1122550 1895.0
1122560 1895.0
1122570 1901.8
1122580 1908.7
1122590 1908.7
1122600 1913.7
1122610 1915.0
1122620 1910.9
1122630 1910.9
1122640 1905.7
1122650 1901.1
1122660 1901.1
1122670 1895.8
1122680 1889.6
1122690 1889.6
1122700 1877.1
1122710 1862.5
1122720 1862.5
1122730 1850.1
1122740 1842.5
1122750 1842.5
1122760 1836.3
1122770 1830.5
1122780 1830.5
1122790 1824.1
1122800 1817.2
1122810 1817.2
1122820 1811.1
1122830 1804.4
1122840 1804.4
1122850 1797.5
1122860 1791.2
1122870 1791.2
1122880 1785.2
1122890 1778.9
1122900 1772.6
1122910 1772.6
1122920 1765.3
1122930 1759.2
1122940 1759.2
1122950 1753.3
1122960 1747.6
1122970 1747.6
1122980 1742.0
1122990 1736.5
1123000 1736.5
1123010 1731.3
1123020 1726.2
1123030 1726.2
1123040 1721.2
1123050 1718.2
1123060 1718.2
1123070 1715.0
1123080 1710.8
1123090 1710.8
1123100 1706.9
1123110 1704.7
1123120 1704.7
1123130 1702.8
1123140 1699.8
1123150 1699.8
1123160 1697.4
1123170 1696.4
1123180 1693.2
1123190 1693.2
1123200 1689.5
1123210 1686.0
1123220 1686.0
1123230 1681.1
1123240 1678.5
1123250 1678.5
1123260 1676.7
1123270 1670.6
1123280 1670.6
1123290 1668.0
1123300 1666.6
1123310 1666.6
1123320 1664.4
1123330 1662.7
1123340 1662.7
1123350 1661.1
1123360 1659.4
1123370 1659.4
1123380 1658.0
1123390 1657.2
1123400 1657.2
1123410 1656.3
1123420 1655.2
1123430 1655.2
1123440 1653.9
1123450 1652.8
1123460 1652.8
1123470 1652.0
1123480 1651.2
1123490 1651.4
1123500 1651.4
1123510 1651.0
1123520 1650.4
1123530 1650.4
1123540 1649.4
1123550 1648.4
1123560 1648.4
1123570 1648.0
1123580 1648.2
1123590 1648.2
1123600 1647.5
1123610 1646.7
1123620 1646.7
1123630 1642.3
1123640 1641.9
1123650 1641.9
1123660 1641.9
1123670 1641.4
1123680 1641.4
1123690 1641.6
1123700 1641.2
1123710 1641.2
1123720 1640.9
1123730 1640.3
1123740 1640.3
1123750 1639.3
1123760 1638.2
1123770 1637.1
1123780 1637.1
1123790 1636.4
1123800 1634.8
1123810 1634.8
1123820 1632.2
1123830 1632.6
1123840 1632.6
1123850 1633.4
1123860 1633.8
1123870 1633.8
1123880 1633.5
1123890 1631.4
1123900 1631.4
1123910 1628.7
1123920 1625.3
1123930 1625.3
1123940 1621.9
1123950 1621.2
1123960 1621.2
1123970 1620.5
1123980 1614.3
1123990 1614.3
1124000 1613.1
1124010 1610.6
1124020 1610.6
1124030 1607.8
1124040 1606.9
1124050 1605.3
1124060 1605.3
1124070 1603.6
1124080 1602.7
1124090 1602.7
1124100 1600.1
1124110 1597.7
1124120 1597.7
1124130 1596.1
1124140 1595.6
1124150 1595.6
1124160 1594.7
1124170 1593.8
1124180 1593.8
1124190 1593.6
1124200 1593.1
1124210 1593.1
1124220 1592.5
1124230 1591.3
1124240 1591.3
1124250 1591.0
1124260 1590.9
1124270 1590.9
1124280 1590.0
1124290 1589.3
1124300 1589.3
1124310 1587.0
1124320 1587.1
1124330 1577.4
1124340 1577.4
1124350 1572.8
1124360 1571.3
1124370 1571.3
1124380 1570.3
1124390 1567.5
1124400 1567.5
1124410 1564.5
1124420 1561.1
1124430 1561.1
1124440 1557.7
1124450 1554.8
1124460 1554.8
1124470 1551.9
1124480 1549.7
1124490 1549.7
1124500 1547.5
1124510 1544.1
1124520 1544.1
1124530 1539.9
1124540 1536.9
1124550 1536.9
1124560 1534.4
1124570 1532.2
1124580 1532.2
1124590 1531.2
1124600 1529.8
1124610 1527.9
1124620 1527.9
1124630 1525.7
1124640 1522.4
1124650 1522.4
1124660 1517.7
1124670 1512.8
1124680 1512.8
1124690 1504.2
1124700 1500.1
1124710 1500.1
1124720 1495.6
1124730 1490.4
1124740 1490.4
1124750 1483.7
1124760 1477.1
1124770 1477.1
1124780 1470.8
1124790 1464.9
1124800 1464.9
1124810 1459.0
1124820 1453.8
1124830 1453.8
1124840 1449.1
1124850 1444.5
1124860 1444.5
1124870 1440.1
1124880 1436.2
1124890 1431.6
1124900 1431.6
1124910 1426.4
1124920 1421.3
1124930 1421.3
1124940 1416.1
1124950 1410.7
1124960 1410.7
1124970 1405.2
1124980 1400.3
1124990 1400.3
1125000 1395.0
1125010 1389.6
1125020 1389.6
1125030 1384.8
1125040 1376.3
1125050 1376.3
1125060 1372.3
1125070 1367.8
1125080 1367.8
1125090 1363.1
1125100 1358.3
1125110 1358.3
1125120 1353.6
1125130 1348.4
1125140 1348.4
1125150 1341.4
1125160 1332.4
1125170 1321.8
1125180 1321.8
1125190 1320.7
1125200 1324.7
1125210 1324.7
1125220 1326.7
1125230 1327.6
1125240 1327.6
1125250 1329.6
1125260 1331.0
1125270 1331.0
1125280 1332.6
1125290 1334.0
1125300 1334.0
1125310 1336.8
1125320 1339.3
1125330 1339.3
1125340 1341.7
1125350 1343.7
1125360 1343.7
1125370 1345.6
1125380 1345.2
1125390 1349.6
1125400 1350.9
1125410 1354.5
1125420 1354.5
1125430 1358.4
1125440 1363.3
1125450 1367.5
1125460 1367.5
1125470 1370.6
1125480 1373.9
1125490 1373.9
1125500 1377.9
1125510 1382.1
1125520 1382.1
1125530 1385.1
1125540 1386.7
1125550 1386.7
1125560 1390.4
1125570 1393.2
1125580 1393.2
1125590 1395.7
1125600 1398.4
1125610 1398.4
1125620 1401.0
1125630 1403.9
1125640 1403.9
1125650 1407.2
1125660 1410.0
1125670 1410.0
1125680 1413.0
1125690 1415.8
1125700 1415.8
1125710 1418.2
1125720 1420.2
1125730 1422.3
1125740 1422.3
1125750 1430.9
1125760 1432.6
1125770 1432.6
1125780 1433.2
1125790 1432.8
1125800 1432.8
1125810 1431.1
1125820 1427.5
1125830 1427.5
1125840 1421.6
1125850 1414.8
1125860 1414.8
1125870 1408.1
1125880 1401.4
1125890 1401.4
1125900 1395.1
1125910 1389.9
1125920 1389.9
1125930 1385.0
1125940 1381.1
1125950 1381.1
1125960 1375.8
1125970 1370.1
1125980 1370.1
1125990 1364.9
1126000 1359.9
1126010 1355.5
1126020 1355.5
1126030 1351.2
1126040 1347.4
1126050 1347.4
1126060 1343.3
1126070 1340.8
1126080 1340.8
1126090 1337.9
1126100 1335.3
1126110 1335.3
1126120 1333.1
1126130 1331.5
1126140 1331.5
1126150 1330.1
1126160 1328.5
1126170 1328.5
1126180 1326.3
1126190 1322.3
1126200 1322.3
1126210 1317.6
1126220 1312.3
1126230 1312.3
1126240 1309.4
1126250 1302.7
1126260 1302.7
1126270 1295.8
1126280 1290.5
1126290 1286.5
1126300 1286.5
1126310 1284.7
1126320 1280.4
1126330 1280.4
1126340 1274.4
1126350 1269.1
1126360 1269.1
1126370 1264.7
1126380 1260.0
1126390 1260.0
1126400 1258.0
1126410 1256.2
1126420 1256.2
1126430 1252.8
1126440 1249.2
1126450 1249.2
1126460 1244.7
1126470 1247.9
1126480 1247.9
1126490 1250.2
1126500 1252.8
1126510 1252.8
1126520 1254.9
1126530 1258.4
1126540 1258.4
1126550 1262.1
1126560 1265.7
1126570 1269.6
1126580 1269.6
1126590 1273.7
1126600 1276.5
1126610 1276.5
1126620 1279.9
1126630 1284.4
1126640 1284.4
1126650 1288.5
1126660 1292.6
1126670 1292.6
1126680 1296.6
1126690 1300.4
1126700 1300.4
1126710 1303.1
1126720 1306.3
1126730 1306.3
1126740 1310.5
1126750 1315.0
1126760 1315.0
1126770 1319.5
1126780 1324.6
1126790 1324.6
1126800 1329.8
1126810 1335.4
1126820 1340.3
1126830 1345.6
1126840 1351.5
1126850 1357.8
1126860 1357.8
1126870 1363.7
1126880 1370.0
1126890 1370.0
1126900 1376.2
1126910 1380.6
1126920 1380.6
1126930 1385.9
1126940 1393.2
1126950 1393.2
1126960 1399.6
1126970 1406.3
1126980 1406.3
1126990 1411.9
1127000 1418.5
1127010 1418.5
1127020 1425.1
1127030 1431.7
1127040 1431.7
1127050 1440.4
1127060 1448.1
1127070 1448.1
1127080 1450.3
1127090 1452.6
1127100 1452.6
1127110 1455.5
1127120 1457.5
1127130 1458.7
1127140 1458.7
1127150 1459.9
1127160 1460.9
1127170 1465.5
1127180 1467.5
1127190 1470.4
1127200 1470.4
1127210 1474.2
1127220 1478.1
1127230 1478.1
1127240 1480.9
1127250 1482.5
1127260 1482.5
1127270 1478.7
1127280 1482.9
1127290 1482.9
1127300 1492.6
1127310 1501.3
1127320 1501.3
1127330 1507.9
1127340 1513.8
1127350 1513.8
1127360 1517.8
1127370 1521.1
1127380 1521.1
1127390 1525.0
1127400 1526.4
1127410 1525.4
1127420 1525.4
1127430 1520.5
1127440 1518.2
1127450 1518.2
1127460 1521.0
1127470 1522.8
1127480 1522.8
1127490 1523.0
1127500 1524.5
1127510 1524.5
1127520 1528.0
1127530 1545.3
1127540 1545.3
1127550 1543.3
1127560 1529.0
1127570 1529.0
1127580 1536.6
1127590 1553.0
1127600 1553.0
1127610 1560.3
1127620 1563.0
1127630 1563.0
1127640 1566.4
1127650 1575.3
1127660 1575.3
1127670 1583.7
1127680 1585.9
1127690 1587.7
1127700 1587.7
1127710 1587.1
1127720 1585.0
1127730 1585.0
1127740 1584.1
1127750 1582.2
1127760 1582.2
1127770 1581.3
1127780 1587.1
1127790 1587.1
1127800 1593.1
1127810 1601.3
1127820 1601.3
1127830 1610.5
1127840 1619.5
1127850 1619.5
1127860 1625.1
1127870 1629.2
1127880 1635.0
1127890 1636.7
1127900 1637.0
1127910 1637.0
1127920 1636.7
1127930 1636.1
1127940 1636.1
1127950 1635.0
1127960 1633.7
1127970 1632.2
1127980 1632.2
1127990 1631.1
1128000 1630.4
1128010 1630.4
1128020 1629.5
1128030 1629.6
1128040 1629.6
1128050 1631.2
1128060 1633.5
1128070 1633.5
1128080 1634.4
1128090 1633.9
1128100 1633.9
1128110 1634.1
1128120 1635.0
1128130 1635.0
1128140 1635.5
1128150 1642.6
1128160 1642.6
1128170 1649.0
1128180 1653.9
1128190 1653.9
1128200 1656.9
1128210 1656.6
1128220 1656.6
1128230 1653.2
1128240 1656.6
1128250 1653.5
1128260 1653.5
1128270 1651.0
1128280 1650.1
1128290 1650.1
1128300 1649.1
1128310 1647.2
1128320 1647.2
1128330 1644.6
1128340 1641.8
1128350 1641.8
1128360 1638.2
1128370 1636.0
1128380 1636.0
1128390 1635.2
1128400 1634.9
1128410 1634.9
1128420 1635.2
1128430 1634.9
1128440 1634.9
1128450 1634.8
1128460 1632.9
1128470 1632.9
1128480 1630.8
1128490 1634.3
1128500 1634.3
1128510 1636.0
1128520 1634.9
1128530 1637.0
1128540 1637.0
1128550 1640.6
1128560 1641.7
1128570 1641.7
1128580 1641.6
1128590 1643.4
1128600 1649.0
1128610 1650.1
1128620 1651.4
1128630 1651.4
1128640 1652.6
1128650 1654.1
1128660 1654.1
1128670 1655.6
1128680 1656.5
1128690 1656.5
1128700 1655.8
1128710 1655.5
1128720 1655.5
1128730 1655.9
1128740 1657.8
1128750 1657.8
1128760 1662.9
1128770 1671.9
1128780 1671.9
1128790 1683.1
1128800 1691.9
1128810 1691.9
1128820 1699.0
1128830 1706.9
1128840 1714.8
1128850 1714.8
1128860 1722.5
1128870 1729.1
1128880 1729.1
1128890 1732.0
1128900 1726.8
1128910 1726.8
1128920 1719.1
1128930 1712.3
1128940 1712.3
1128950 1704.5
1128960 1701.0
1128970 1701.0
1128980 1694.0
1128990 1687.7
1129000 1687.7
1129010 1680.7
1129020 1674.9
1129030 1674.9
1129040 1668.6
1129050 1662.2
1129060 1662.2
1129070 1656.9
1129080 1649.9
1129090 1649.9
1129100 1637.2
1129110 1629.2
1129120 1615.9
1129130 1615.9
1129140 1597.5
1129150 1587.9
1129160 1587.9
1129170 1583.4
1129180 1577.0
1129190 1577.0
1129200 1562.4
1129210 1542.6
1129220 1542.6
1129230 1531.0
1129240 1520.1
1129250 1520.1
1129260 1498.5
1129270 1468.7
1129280 1468.7
1129290 1464.0
1129300 1467.1
1129310 1467.1
1129320 1490.0
1129330 1491.6
1129340 1491.6
1129350 1480.9
1129360 1464.6
1129370 1464.6
1129380 1458.2
1129390 1451.9
1129400 1447.4
1129410 1447.4
1129420 1438.9
1129430 1428.9
1129440 1428.9
1129450 1421.7
1129460 1413.8
1129470 1413.8
1129480 1401.4
1129490 1389.4
1129500 1389.4
1129510 1381.9
1129520 1372.9
1129530 1372.9
1129540 1362.1
1129550 1355.2
1129560 1355.2
1129570 1349.7
1129580 1344.1
1129590 1344.1
1129600 1338.2
1129610 1331.7
1129620 1331.7
1129630 1325.7
1129640 1321.7
1129650 1321.7
1129660 1318.5
1129670 1314.7
1129680 1315.3
1129690 1315.3
1129700 1310.9
1129710 1306.4
1129720 1306.4
1129730 1300.9
1129740 1295.9
1129750 1295.9
1129760 1291.5
1129770 1286.9
1129780 1286.9
1129790 1281.5
1129800 1276.2
1129810 1276.2
1129820 1271.4
1129830 1267.1
1129840 1267.1
1129850 1262.4
1129860 1257.4
1129870 1257.4
1129880 1253.0
1129890 1248.5
1129900 1248.5
1129910 1244.2
1129920 1239.4
1129930 1239.4
1129940 1235.3
1129950 1231.9
1129960 1228.8
1129970 1228.8
1129980 1225.7
1129990 1222.0
1130000 1222.0
1130010 1217.6
1130020 1209.8
1130030 1209.6
1130040 1211.3
1130050 1214.4
1130060 1214.4
1130070 1217.0
1130080 1219.5
1130090 1219.5
1130100 1221.8
1130110 1224.8
1130120 1224.8
1130130 1227.3
1130140 1229.3
1130150 1229.3
1130160 1232.4
1130170 1235.1
1130180 1235.1
1130190 1238.5
1130200 1241.8
1130210 1241.8
1130220 1245.4
1130230 1249.4
1130240 1254.0
1130250 1254.0
1130260 1258.5
1130270 1262.8
1130280 1262.8
1130290 1266.8
1130300 1270.8
1130310 1270.8
1130320 1275.5
1130330 1279.9
1130340 1279.9
1130350 1284.3
1130360 1289.0
1130370 1289.0
1130380 1293.9
1130390 1299.5
1130400 1299.5
1130410 1304.2
1130420 1309.4
1130430 1309.4
1130440 1315.2
1130450 1320.3
1130460 1320.3
1130470 1325.2
1130480 1330.4
1130490 1330.4
1130500 1335.2
1130510 1340.1
1130520 1345.6
1130530 1345.6
1130540 1350.7
1130550 1355.6
1130560 1355.6
1130570 1360.2
1130580 1362.9
1130590 1362.9
1130600 1365.7
1130610 1372.3
1130620 1372.3
1130630 1382.0
1130640 1388.7
1130650 1388.7
1130660 1393.8
1130670 1400.5
1130680 1400.5
1130690 1406.9
1130700 1414.6
1130710 1414.6
1130720 1424.8
1130730 1438.0
1130740 1438.0
1130750 1446.5
1130760 1451.3
1130770 1451.3
1130780 1455.8
1130790 1460.8
1130800 1464.3
1130810 1464.3
1130820 1465.3
1130830 1466.9
1130840 1466.9
1130850 1472.6
1130860 1478.3
1130870 1478.3
1130880 1482.7
1130890 1487.2
1130900 1487.2
1130910 1494.0
1130920 1503.3
1130930 1503.3
1130940 1509.6
1130950 1516.5
1130960 1516.5
1130970 1524.3
1130980 1532.6
1130990 1532.6
1131000 1544.7
1131010 1557.4
1131020 1557.4
1131030 1568.3
1131040 1578.1
1131050 1578.1
1131060 1587.1
1131070 1599.1
1131080 1604.9
1131090 1604.9
1131100 1609.6
1131110 1616.6
1131120 1616.6
1131130 1625.0
1131140 1633.6
1131150 1633.6
1131160 1642.2
1131170 1649.8
1131180 1649.8
1131190 1656.1
1131200 1662.3
1131210 1662.3
1131220 1668.5
1131230 1674.6
1131240 1674.6
1131250 1681.7
1131260 1689.3
1131270 1689.3
1131280 1697.1
1131290 1705.3
1131300 1705.3
1131310 1713.2
1131320 1720.6
1131330 1720.6
1131340 1728.7
1131350 1737.6
1131360 1749.1
1131370 1749.1
1131380 1763.6
1131390 1772.9
1131400 1772.9
1131410 1783.1
1131420 1792.2
1131430 1792.2
1131440 1808.8
1131450 1828.1
1131460 1828.1
1131470 1842.5
1131480 1857.7
1131490 1857.7
1131500 1866.5
1131510 1871.5
1131520 1871.5
1131530 1881.1
1131540 1883.6
1131550 1883.6
1131560 1887.6
1131570 1897.5
1131580 1897.5
1131590 1909.2
1131600 1913.6
1131610 1913.6
1131620 1915.7
1131630 1916.9
1131640 1919.1
1131650 1919.1
1131660 1922.4
1131670 1931.5
1131680 1931.5
1131690 1944.3
1131700 1956.1
1131710 1956.1
1131720 1965.8
1131730 1977.9
1131740 1977.9
1131750 1989.8
1131760 2004.3
1131770 2004.3
1131780 2008.6
1131790 2011.5
1131800 2011.5
1131810 2019.0
1131820 2028.7
1131830 2028.7
1131840 2033.2
1131850 2038.9
1131860 2038.9
1131870 2047.0
1131880 2051.3
1131890 2051.3
1131900 2055.6
1131910 2060.9
1131920 2068.2
1131930 2068.2
1131940 2079.0
1131950 2088.0
1131960 2088.0
1131970 2093.0
1131980 2101.4
1131990 2101.4
1132000 2111.0
1132010 2122.2
1132020 2122.2
1132030 2128.8
1132040 2132.2
1132050 2132.2
1132060 2135.6
1132070 2139.1
1132080 2139.1
1132090 2142.2
1132100 2144.8
1132110 2144.8
1132120 2148.1
1132130 2152.2
1132140 2152.2
1132150 2156.3
1132160 2160.4
1132170 2160.4
1132180 2165.2
1132190 2170.8
1132200 2171.7
1132210 2171.7
1132220 2177.6
1132230 2183.0
1132240 2183.0
1132250 2187.7
1132260 2192.2
1132270 2192.2
1132280 2196.3
1132290 2198.9
1132300 2198.9
1132310 2197.6
1132320 2192.1
1132330 2192.1
1132340 2181.0
1132350 2165.6
1132360 2165.6
1132370 2148.0
1132380 2143.1
1132390 2143.1
1132400 2141.6
1132410 2132.2
1132420 2132.2
1132430 2118.4
1132440 2100.3
1132450 2100.3
1132460 2080.3
1132470 2058.4
1132480 2037.4
1132490 2037.4
1132500 2014.7
1132510 2000.1
1132520 2000.1
1132530 1986.2
1132540 1975.9
1132550 1975.9
1132560 1972.6
1132570 1968.8
1132580 1968.8
1132590 1964.2
1132600 1958.3
1132610 1958.3
1132620 1952.1
1132630 1945.5
1132640 1945.5
1132650 1938.8
1132660 1932.3
1132670 1932.3
1132680 1926.7
1132690 1921.1
1132700 1921.1
1132710 1914.0
1132720 1910.7
1132730 1910.7
1132740 1914.7
1132750 1914.1
1132760 1911.7
1132770 1911.7
1132780 1910.9
1132790 1908.3
1132800 1908.3
1132810 1912.4
1132820 1916.0
1132830 1916.0
1132840 1919.2
1132850 1922.9
1132860 1922.9
1132870 1926.1
1132880 1931.9
1132890 1931.9
1132900 1940.4
1132910 1944.4
1132920 1950.6
1132930 1955.5
1132940 1959.7
1132950 1959.7
1132960 1962.8
1132970 1966.8
1132980 1966.8
1132990 1970.2
1133000 1972.7
1133010 1972.7
1133020 1975.7
1133030 1979.7
1133040 1983.9
1133050 1983.9
1133060 1985.2
1133070 1986.7
1133080 1986.7
1133090 1978.7
1133100 1979.1
1133110 1979.1
1133120 1981.9
1133130 1981.7
1133140 1981.7
1133150 1979.1
1133160 1977.6
1133170 1977.6
1133180 1975.2
1133190 1976.2
1133200 1976.2
1133210 1978.8
1133220 1983.4
1133230 1983.4
1133240 1980.1
1133250 1973.4
1133260 1973.4
1133270 1989.3
1133280 2003.9
1133290 2003.9
1133300 2011.7
1133310 2015.6
1133320 2017.5
1133330 2017.5
1133340 2020.1
1133350 2027.7
1133360 2027.7
1133370 2037.3
1133380 2053.1
1133390 2053.1
1133400 2061.2
1133410 2064.9
1133420 2064.9
1133430 2065.1
1133440 2066.8
1133450 2066.8
1133460 2067.4
1133470 2069.1
1133480 2069.1
1133490 2069.9
1133500 2071.4
1133510 2071.4
1133520 2078.2
1133530 2076.7
1133540 2076.7
1133550 2069.7
1133560 2053.4
1133570 2053.4
1133580 2034.0
1133590 2030.2
1133600 2026.1
1133610 2026.1
1133620 2018.8
1133630 2002.6
1133640 2002.6
1133650 1991.1
1133660 1985.5
1133670 1985.5
1133680 1980.7
1133690 1977.0
1133700 1977.0
1133710 1973.9
1133720 1970.3
1133730 1970.3
1133740 1965.3
1133750 1961.0
1133760 1961.0
1133770 1954.1
1133780 1948.3
1133790 1948.3
1133800 1944.2
1133810 1940.7
1133820 1940.7
1133830 1939.0
1133840 1935.8
1133850 1935.8
1133860 1932.2
1133870 1930.2
1133880 1925.3
1133890 1925.3
1133900 1918.8
1133910 1908.3
1133920 1908.3
1133930 1897.9
1133940 1889.6
1133950 1889.6
1133960 1882.5
1133970 1875.7
1133980 1875.7
1133990 1870.1
1134000 1866.2
1134010 1869.4
1134020 1867.4
1134030 1864.9
1134040 1864.9
1134050 1861.1
1134060 1856.7
1134070 1856.7
1134080 1850.6
1134090 1844.2
1134100 1844.2
1134110 1837.6
1134120 1830.2
1134130 1830.2
1134140 1825.5
1134150 1822.5
1134160 1822.9
1134170 1822.9
1134180 1821.0
1134190 1816.1
1134200 1816.1
1134210 1811.7
1134220 1807.3
1134230 1807.3
1134240 1801.8
1134250 1796.0
1134260 1796.0
1134270 1791.4
1134280 1787.2
1134290 1787.2
1134300 1783.6
1134310 1780.1
1134320 1780.1
1134330 1776.5
1134340 1771.2
1134350 1771.2
1134360 1767.3
1134370 1767.7
1134380 1767.7
1134390 1762.2
1134400 1757.0
1134410 1757.0
1134420 1751.1
1134430 1746.6
1134440 1742.6
1134450 1742.6
1134460 1738.8
1134470 1734.3
1134480 1734.3
1134490 1731.4
1134500 1729.0
1134510 1729.0
1134520 1726.2
1134530 1722.9
1134540 1722.9
1134550 1720.5
1134560 1717.2
1134570 1717.2
1134580 1714.4
1134590 1712.9
1134600 1712.9
1134610 1710.1
1134620 1708.1
1134630 1708.1
1134640 1706.6
1134650 1706.2
1134660 1706.2
1134670 1714.5
1134680 1721.3
1134690 1721.3
1134700 1721.1
1134710 1717.3
1134720 1721.0
1134730 1721.0
1134740 1732.4
1134750 1732.3
1134760 1732.3
1134770 1727.5
1134780 1721.8
1134790 1721.8
1134800 1723.2
1134810 1722.4
1134820 1722.4
1134830 1720.9
1134840 1721.7
1134850 1721.7
1134860 1727.0
1134870 1732.8
1134880 1732.8
1134890 1738.0
1134900 1744.0
1134910 1744.0
1134920 1750.2
1134930 1756.6
1134940 1756.6
1134950 1761.6
1134960 1766.7
1134970 1766.7
1134980 1769.7
1134990 1770.0
1135000 1768.4
1135010 1768.4
1135020 1767.1
1135030 1765.3
1135040 1765.3
1135050 1765.4
1135060 1764.3
1135070 1764.3
1135080 1762.7
1135090 1760.2
1135100 1763.8
1135110 1760.2
1135120 1759.3
1135130 1759.3
1135140 1764.2
1135150 1766.7
1135160 1766.7
1135170 1765.3
1135180 1759.0
1135190 1759.0
1135200 1758.4
1135210 1760.6
1135220 1760.6
1135230 1763.5
1135240 1766.4
1135250 1766.4
1135260 1769.9
1135270 1773.5
1135280 1777.3
1135290 1777.3
1135300 1781.3
1135310 1785.4
1135320 1785.4
1135330 1789.5
1135340 1794.3
1135350 1794.3
1135360 1799.6
1135370 1804.4
1135380 1804.4
1135390 1809.3
1135400 1813.7
1135410 1813.7
1135420 1818.5
1135430 1825.1
1135440 1825.1
1135450 1832.3
1135460 1843.6
1135470 1848.6
1135480 1875.4
1135490 1890.0
1135500 1890.0
1135510 1903.6
1135520 1918.0
1135530 1918.0
1135540 1933.4
1135550 1961.5
1135560 1969.9
1135570 1969.9
1135580 1976.1
1135590 1992.8
1135600 1992.8
1135610 2016.5
1135620 2023.5
1135630 2023.5
1135640 2026.1
1135650 2027.6
1135660 2027.6
1135670 2028.7
1135680 2031.5
1135690 2031.5
1135700 2036.9
1135710 2039.6
1135720 2039.6
1135730 2041.0
1135740 2043.2
1135750 2043.2
1135760 2047.5
1135770 2051.3
1135780 2051.3
1135790 2049.6
1135800 2047.2
1135810 2047.2
1135820 2041.1
1135830 2023.6
1135840 2009.6
1135850 2009.6
1135860 2002.0
1135870 1998.9
1135880 1998.9
1135890 1999.3
1135900 1999.3
1135910 1999.3
1135920 1999.5
1135930 1999.7
1135940 1999.7
1135950 2000.1
1135960 2001.0
1135970 2001.0
1135980 2002.0
1135990 2002.5
1136000 2002.5
1136010 2003.6
1136020 2005.0
1136030 2005.0
1136040 2006.6
1136050 2008.7
1136060 2008.7
1136070 2010.9
1136080 2012.4
1136090 2012.4
1136100 2013.2
1136110 2014.3
1136120 2016.7
1136130 2016.7
1136140 2020.7
1136150 2024.3
1136160 2024.3
1136170 2027.2
1136180 2030.9
1136190 2030.9
1136200 2039.1
1136210 2043.2
1136220 2043.2
1136230 2047.2
1136240 2052.3
1136250 2052.3
1136260 2058.3
1136270 2065.0
1136280 2065.0
1136290 2071.9
1136300 2078.9
1136310 2078.9
1136320 2086.8
1136330 2093.5
1136340 2093.5
1136350 2100.4
1136360 2108.6
1136370 2108.6
1136380 2125.2
1136390 2136.9
1136400 2136.9
1136410 2144.1
1136420 2169.4
1136430 2194.2
1136440 2194.2
1136450 2212.5
1136460 2238.9
1136470 2238.9
1136480 2261.1
1136490 2265.2
1136500 2265.2
1136510 2282.9
1136520 2288.4
1136530 2288.4
1136540 2289.8
1136550 2287.2
1136560 2283.6
1136570 2278.3
1136580 2272.9
1136590 2272.9
1136600 2270.6
1136610 2267.9
1136620 2267.9
1136630 2265.2
1136640 2263.4
1136650 2263.4
1136660 2261.7
1136670 2256.2
1136680 2256.2
1136690 2228.9
1136700 2207.7
1136710 2192.1
1136720 2192.1
1136730 2172.1
1136740 2152.1
1136750 2152.1
1136760 2144.1
1136770 2135.8
1136780 2135.8
1136790 2129.3
1136800 2123.3
1136810 2123.3
1136820 2116.6
1136830 2109.7
1136840 2109.7
1136850 2103.1
1136860 2097.0
1136870 2097.0
1136880 2090.9
1136890 2086.0
1136900 2086.0
1136910 2081.0
1136920 2075.1
1136930 2073.1
1136940 2067.7
