1120000 1393.0
1120010 1393.9
1120020 1393.5
1120030 1393.5
1120040 1394.7
1120050 1396.0
1120060 1396.0
1120070 1396.6
1120080 1396.4
1120090 1396.4
1120100 1395.8
1120110 1395.0
1120120 1395.0
1120130 1394.1
1120140 1395.5
1120150 1395.5
1120160 1398.2
1120170 1400.7
1120180 1402.3
1120190 1396.5
1120200 1397.4
1120210 1397.0
1120220 1397.0
1120230 1395.7
1120240 1392.5
1120250 1392.5
1120260 1386.4
1120270 1380.3
1120280 1380.3
1120290 1375.6
1120300 1373.6
1120310 1373.6
1120320 1377.6
1120330 1377.7
1120340 1377.7
1120350 1376.7
1120360 1376.5
1120370 1376.5
1120380 1379.6
1120390 1382.6
1120400 1382.6
1120410 1384.9
1120420 1384.6
1120430 1384.6
1120440 1384.7
1120450 1387.1
1120460 1392.4
1120470 1392.4
1120480 1394.3
1120490 1395.8
1120500 1395.8
1120510 1398.4
1120520 1400.5
1120530 1400.5
1120540 1394.6
1120550 1395.8
1120560 1395.8
1120570 1397.1
1120580 1399.1
1120590 1399.1
1120600 1401.1
1120610 1402.2
1120620 1402.2
1120630 1401.3
1120640 1400.6
1120650 1400.6
1120660 1401.7
1120670 1407.1
1120680 1407.1
1120690 1410.9
1120700 1413.6
1120710 1413.6
1120720 1415.0
1120730 1415.2
1120740 1417.2
1120750 1417.2
1120760 1417.8
1120770 1415.1
1120780 1415.1
1120790 1413.8
1120800 1411.4
1120810 1411.4
1120820 1411.3
1120830 1419.5
1120840 1419.5
1120850 1424.1
1120860 1424.8
1120870 1424.8
1120880 1425.0
1120890 1421.8
1120900 1421.8
1120910 1422.0
1120920 1421.1
1120930 1421.1
1120940 1426.0
1120950 1427.8
1120960 1427.8
1120970 1429.1
1120980 1430.4
1120990 1430.4
1121000 1432.2
1121010 1434.9
1121020 1434.9
1121030 1437.5
1121040 1440.4
1121050 1443.0
1121060 1443.0
1121070 1444.5
1121080 1444.2
1121090 1444.2
1121100 1445.6
1121110 1449.8
1121120 1449.8
1121130 1455.9
1121140 1461.5
1121150 1461.5
1121160 1465.9
1121170 1469.8
1121180 1469.8
1121190 1472.8
1121200 1475.3
1121210 1475.3
1121220 1478.2
1121230 1480.2
1121240 1475.9
1121250 1474.1
1121260 1474.9
1121270 1474.9
1121280 1477.1
1121290 1479.3
1121300 1479.3
1121310 1482.9
1121320 1488.7
1121330 1495.6
1121340 1495.6
1121350 1500.9
1121360 1503.7
1121370 1503.7
1121380 1504.9
1121390 1505.8
1121400 1505.8
1121410 1507.2
1121420 1508.8
1121430 1508.8
1121440 1507.3
1121450 1499.1
1121460 1499.1
1121470 1497.8
1121480 1510.6
1121490 1510.6
1121500 1522.6
1121510 1530.1
1121520 1530.1
1121530 1535.3
1121540 1540.8
1121550 1540.8
1121560 1546.2
1121570 1551.1
1121580 1551.1
1121590 1550.6
1121600 1558.2
1121610 1564.0
1121620 1564.0
1121630 1568.4
1121640 1573.1
1121650 1573.1
1121660 1577.9
1121670 1583.8
1121680 1583.8
1121690 1589.9
1121700 1596.2
1121710 1596.2
1121720 1602.4
1121730 1608.8
1121740 1608.8
1121750 1614.3
1121760 1620.1
1121770 1620.1
1121780 1625.9
1121790 1631.8
1121800 1631.8
1121810 1637.3
1121820 1643.7
1121830 1643.7
1121840 1650.7
1121850 1657.0
1121860 1657.0
1121870 1662.6
1121880 1669.3
1121890 1675.4
1121900 1675.4
1121910 1680.3
1121920 1684.9
1121930 1684.9
1121940 1685.0
1121950 1689.8
1121960 1689.8
1121970 1695.2
1121980 1700.9
1121990 1700.9
1122000 1706.0
1122010 1710.2
1122020 1710.2
1122030 1714.7
1122040 1718.8
1122050 1718.8
1122060 1722.7
1122070 1726.5
1122080 1726.5
1122090 1730.5
1122100 1734.4
1122110 1734.4
1122120 1738.9
1122130 1743.3
1122140 1743.3
1122150 1747.5
1122160 1751.9
1122170 1757.2
1122180 1757.2
1122190 1763.7
1122200 1770.0
1122210 1770.0
1122220 1775.4
1122230 1781.6
1122240 1781.6
1122250 1788.3
1122260 1794.0
1122270 1794.0
1122280 1799.6
1122290 1804.9
1122300 1804.9
1122310 1810.7
1122320 1816.7
1122330 1816.7
1122340 1822.7
1122350 1828.7
1122360 1828.7
1122370 1834.4
1122380 1841.7
1122390 1841.7
1122400 1854.3
1122410 1863.9
1122420 1863.9
1122430 1871.0
1122440 1876.0
1122450 1880.2
1122460 1880.2
1122470 1883.1
1122480 1884.2
1122490 1884.2
1122500 1878.8
1122510 1865.9
1122520 1865.9
1122530 1851.7
1122540 1846.2
1122550 1846.2
1122560 1840.6
1122570 1834.5
1122580 1834.5
1122590 1829.6
1122600 1823.9
1122610 1823.9
1122620 1816.9
1122630 1810.4
1122640 1809.5
1122650 1804.7
1122660 1799.8
1122670 1799.8
1122680 1794.0
1122690 1788.6
1122700 1788.6
1122710 1782.9
1122720 1776.8
1122730 1776.8
1122740 1771.5
1122750 1767.3
1122760 1761.6
1122770 1761.6
1122780 1756.4
1122790 1751.5
1122800 1751.5
1122810 1744.9
1122820 1736.6
1122830 1736.6
1122840 1727.9
1122850 1718.2
1122860 1718.2
1122870 1707.3
1122880 1697.2
1122890 1697.2
1122900 1691.9
1122910 1688.5
1122920 1688.5
1122930 1682.2
1122940 1674.7
1122950 1674.7
1122960 1667.9
1122970 1661.6
1122980 1661.6
1122990 1659.2
1123000 1651.6
1123010 1651.6
1123020 1644.5
1123030 1638.0
1123040 1631.3
1123050 1631.3
1123060 1624.6
1123070 1618.1
1123080 1618.1
1123090 1611.8
1123100 1605.0
1123110 1605.0
1123120 1599.1
1123130 1593.5
1123140 1593.5
1123150 1587.2
1123160 1580.6
1123170 1580.6
1123180 1575.4
1123190 1570.7
1123200 1570.7
1123210 1565.4
1123220 1560.4
1123230 1560.4
1123240 1554.7
1123250 1549.0
1123260 1549.0
1123270 1543.5
1123280 1537.6
1123290 1537.6
1123300 1530.5
1123310 1521.3
1123320 1513.6
1123330 1513.6
1123340 1507.1
1123350 1500.7
1123360 1500.7
1123370 1500.6
1123380 1497.5
1123390 1497.5
1123400 1491.2
1123410 1486.1
1123420 1486.1
1123430 1479.5
1123440 1475.1
1123450 1475.1
1123460 1472.7
1123470 1471.9
1123480 1471.9
1123490 1473.4
1123500 1473.7
1123510 1473.7
1123520 1472.2
1123530 1469.6
1123540 1469.6
1123550 1473.0
1123560 1473.7
1123570 1473.7
1123580 1472.0
1123590 1470.6
1123600 1468.9
1123610 1468.9
1123620 1467.3
1123630 1467.0
1123640 1467.0
1123650 1467.3
1123660 1466.9
1123670 1466.9
1123680 1464.5
1123690 1460.1
1123700 1455.9
1123710 1448.3
1123720 1445.0
1123730 1445.0
1123740 1452.6
1123750 1453.6
1123760 1453.6
1123770 1453.2
1123780 1453.6
1123790 1453.6
1123800 1454.1
1123810 1454.9
1123820 1454.9
1123830 1455.1
1123840 1453.8
1123850 1453.8
1123860 1452.7
1123870 1446.6
1123880 1439.2
1123890 1439.2
1123900 1443.3
1123910 1444.2
1123920 1444.2
1123930 1445.2
1123940 1450.4
1123950 1450.4
1123960 1450.0
1123970 1448.8
1123980 1448.8
1123990 1446.8
1124000 1445.9
1124010 1445.9
1124020 1442.5
1124030 1444.9
1124040 1444.9
1124050 1441.3
1124060 1441.0
1124070 1441.0
1124080 1436.3
1124090 1435.7
1124100 1435.7
1124110 1439.0
1124120 1438.5
1124130 1438.5
1124140 1438.3
1124150 1437.6
1124160 1436.4
1124170 1436.4
1124180 1435.5
1124190 1435.4
1124200 1435.4
1124210 1436.2
1124220 1436.3
1124230 1436.3
1124240 1433.3
1124250 1429.4
1124260 1429.4
1124270 1429.8
1124280 1431.3
1124290 1431.3
1124300 1431.9
1124310 1432.2
1124320 1432.2
1124330 1431.1
1124340 1434.6
1124350 1434.6
1124360 1437.6
1124370 1431.4
1124380 1431.4
1124390 1431.1
1124400 1430.5
1124410 1426.5
1124420 1423.9
1124430 1424.7
1124440 1424.7
1124450 1426.0
1124460 1431.5
1124470 1435.1
1124480 1435.1
1124490 1437.2
1124500 1439.6
1124510 1439.6
1124520 1440.3
1124530 1437.1
1124540 1437.1
1124550 1429.2
1124560 1428.8
1124570 1428.8
1124580 1436.2
1124590 1441.5
1124600 1441.5
1124610 1440.6
1124620 1433.1
1124630 1433.1
1124640 1429.2
1124650 1428.0
1124660 1428.0
1124670 1423.8
1124680 1420.7
1124690 1420.7
1124700 1427.5
1124710 1436.6
1124720 1436.6
1124730 1442.2
1124740 1443.4
1124750 1444.0
1124760 1438.8
1124770 1436.6
1124780 1440.5
1124790 1440.5
1124800 1444.5
1124810 1444.8
1124820 1444.8
1124830 1445.0
1124840 1444.6
1124850 1444.6
1124860 1441.5
1124870 1438.3
1124880 1438.3
1124890 1434.0
1124900 1426.1
1124910 1426.1
1124920 1426.4
1124930 1437.0
1124940 1437.0
1124950 1439.7
1124960 1440.8
1124970 1440.8
1124980 1444.9
1124990 1445.4
1125000 1445.4
1125010 1442.9
1125020 1442.5
1125030 1442.6
1125040 1442.6
1125050 1441.8
1125060 1440.7
1125070 1440.7
1125080 1441.6
1125090 1437.0
1125100 1437.0
1125110 1430.7
1125120 1430.6
1125130 1430.6
1125140 1432.9
1125150 1434.8
1125160 1434.8
1125170 1437.3
1125180 1441.3
1125190 1441.3
1125200 1443.5
1125210 1446.8
1125220 1446.8
1125230 1449.2
1125240 1447.3
1125250 1447.3
1125260 1443.5
1125270 1440.9
1125280 1440.9
1125290 1447.2
1125300 1451.1
1125310 1447.0
1125320 1447.0
1125330 1441.0
1125340 1441.8
1125350 1441.8
1125360 1448.8
1125370 1454.4
1125380 1454.4
1125390 1454.5
1125400 1455.7
1125410 1455.7
1125420 1456.7
1125430 1458.8
1125440 1458.8
1125450 1460.9
1125460 1456.8
1125470 1451.5
1125480 1446.0
1125490 1440.6
1125500 1440.6
1125510 1436.1
1125520 1434.1
1125530 1434.1
1125540 1431.9
1125550 1445.9
1125560 1445.9
1125570 1453.9
1125580 1455.4
1125590 1450.7
1125600 1450.7
1125610 1448.2
1125620 1454.9
1125630 1454.9
1125640 1461.2
1125650 1464.4
1125660 1464.4
1125670 1467.2
1125680 1468.2
1125690 1468.2
1125700 1468.3
1125710 1468.5
1125720 1468.5
1125730 1467.7
1125740 1466.9
1125750 1466.9
1125760 1466.0
1125770 1465.3
1125780 1465.3
1125790 1464.9
1125800 1466.4
1125810 1466.4
1125820 1462.5
1125830 1463.2
1125840 1463.2
1125850 1464.1
1125860 1466.5
1125870 1468.5
1125880 1468.5
1125890 1469.6
1125900 1470.9
1125910 1470.9
1125920 1472.8
1125930 1474.8
1125940 1474.8
1125950 1476.4
1125960 1477.8
1125970 1477.8
1125980 1478.7
1125990 1479.1
1126000 1479.1
1126010 1478.0
1126020 1476.9
1126030 1476.9
1126040 1477.9
1126050 1480.2
1126060 1480.2
1126070 1481.7
1126080 1482.2
1126090 1482.2
1126100 1482.3
1126110 1481.7
1126120 1481.7
1126130 1481.1
1126140 1479.7
1126150 1478.7
1126160 1478.7
1126170 1477.4
1126180 1471.0
1126190 1471.0
1126200 1470.9
1126210 1470.7
1126220 1470.7
1126230 1471.4
1126240 1469.8
1126250 1469.8
1126260 1466.7
1126270 1467.1
1126280 1467.1
1126290 1472.5
1126300 1475.6
1126310 1475.6
1126320 1476.5
1126330 1476.3
1126340 1476.3
1126350 1475.4
1126360 1474.6
1126370 1474.6
1126380 1474.1
1126390 1472.9
1126400 1472.9
1126410 1470.2
1126420 1466.6
1126430 1466.6
1126440 1465.7
1126450 1465.4
1126460 1462.1
1126470 1462.1
1126480 1460.2
1126490 1461.0
1126500 1461.0
1126510 1461.7
1126520 1461.8
1126530 1461.8
1126540 1455.3
1126550 1455.0
1126560 1455.0
1126570 1455.0
1126580 1454.7
1126590 1454.7
1126600 1454.4
1126610 1453.2
1126620 1453.2
1126630 1451.5
1126640 1450.0
1126650 1450.0
1126660 1449.0
1126670 1447.6
1126680 1447.6
1126690 1446.3
1126700 1445.1
1126710 1445.1
1126720 1443.7
1126730 1442.2
1126740 1440.4
1126750 1440.4
1126760 1438.0
1126770 1435.7
1126780 1435.7
1126790 1433.1
1126800 1430.2
1126810 1430.2
1126820 1427.2
1126830 1423.9
1126840 1423.9
1126850 1420.5
1126860 1419.0
1126870 1419.0
1126880 1416.4
1126890 1408.5
1126900 1408.5
1126910 1405.0
1126920 1400.6
1126930 1400.6
1126940 1396.2
1126950 1391.0
1126960 1391.0
1126970 1385.9
1126980 1378.4
1126990 1378.4
1127000 1369.9
1127010 1360.1
1127020 1369.8
1127030 1369.8
1127040 1381.3
1127050 1385.5
1127060 1385.5
1127070 1387.1
1127080 1388.6
1127090 1388.6
1127100 1389.2
1127110 1388.3
1127120 1388.3
1127130 1387.3
1127140 1386.8
1127150 1386.8
1127160 1386.3
1127170 1387.1
1127180 1387.1
1127190 1387.3
1127200 1386.1
1127210 1386.1
1127220 1385.2
1127230 1385.2
1127240 1385.2
1127250 1378.5
1127260 1377.9
1127270 1377.9
1127280 1377.7
1127290 1378.0
1127300 1378.7
1127310 1378.7
1127320 1383.4
1127330 1385.9
1127340 1385.9
1127350 1386.6
1127360 1388.1
1127370 1388.1
1127380 1389.0
1127390 1388.4
1127400 1388.4
1127410 1387.8
1127420 1386.7
1127430 1386.7
1127440 1384.0
1127450 1383.5
1127460 1383.5
1127470 1383.1
1127480 1382.6
1127490 1382.6
1127500 1381.9
1127510 1379.8
1127520 1379.8
1127530 1379.1
1127540 1378.4
1127550 1378.4
1127560 1378.6
1127570 1376.2
1127580 1373.0
1127590 1373.0
1127600 1366.9
1127610 1371.3
1127620 1371.3
1127630 1371.3
1127640 1371.1
1127650 1371.1
1127660 1370.7
1127670 1370.1
1127680 1370.1
1127690 1369.2
1127700 1367.6
1127710 1367.6
1127720 1367.2
1127730 1366.6
1127740 1366.6
1127750 1365.3
1127760 1363.5
1127770 1363.5
1127780 1363.9
1127790 1364.3
1127800 1364.3
1127810 1364.4
1127820 1364.3
1127830 1364.3
1127840 1363.2
1127850 1360.0
1127860 1354.2
1127870 1354.2
1127880 1348.2
1127890 1342.5
1127900 1342.5
1127910 1337.6
1127920 1335.2
1127930 1335.2
1127940 1332.4
1127950 1332.7
1127960 1328.3
1127970 1327.8
1127980 1328.5
1127990 1328.5
1128000 1328.5
1128010 1327.8
1128020 1327.8
1128030 1326.6
1128040 1326.4
1128050 1326.4
1128060 1326.5
1128070 1326.0
1128080 1326.0
1128090 1324.3
1128100 1322.5
1128110 1322.5
1128120 1322.2
1128130 1323.0
1128140 1323.2
1128150 1323.2
1128160 1322.0
1128170 1320.4
1128180 1320.4
1128190 1316.2
1128200 1311.4
1128210 1311.4
1128220 1308.5
1128230 1307.0
1128240 1307.0
1128250 1304.6
1128260 1304.9
1128270 1304.9
1128280 1310.1
1128290 1313.3
1128300 1313.3
1128310 1313.7
1128320 1310.6
1128330 1310.6
1128340 1308.9
1128350 1307.2
1128360 1307.2
1128370 1306.5
1128380 1307.0
1128390 1307.0
1128400 1305.3
1128410 1300.5
1128420 1300.5
1128430 1295.7
1128440 1291.4
1128450 1287.9
1128460 1287.9
1128470 1286.8
1128480 1285.6
1128490 1285.6
1128500 1284.7
1128510 1284.2
1128520 1284.2
1128530 1283.6
1128540 1282.9
1128550 1282.9
1128560 1281.8
1128570 1280.1
1128580 1280.1
1128590 1278.1
1128600 1276.1
1128610 1276.1
1128620 1274.7
1128630 1273.9
1128640 1273.9
1128650 1273.5
1128660 1272.5
1128670 1272.5
1128680 1271.1
1128690 1270.1
1128700 1270.1
1128710 1269.4
1128720 1268.7
1128730 1267.6
1128740 1267.6
1128750 1266.4
1128760 1264.9
1128770 1264.9
1128780 1262.4
1128790 1259.6
1128800 1259.6
1128810 1256.4
1128820 1255.1
1128830 1255.1
1128840 1254.2
1128850 1253.0
1128860 1253.0
1128870 1250.6
1128880 1245.7
1128890 1245.7
1128900 1241.1
1128910 1237.8
1128920 1237.8
1128930 1236.6
1128940 1236.3
1128950 1236.3
1128960 1234.2
1128970 1230.7
1128980 1230.7
1128990 1228.8
1129000 1225.2
1129010 1222.2
1129020 1222.2
1129030 1222.3
1129040 1216.6
1129050 1216.6
1129060 1213.9
1129070 1211.1
1129080 1211.1
1129090 1208.1
1129100 1204.1
1129110 1204.1
1129120 1199.4
1129130 1195.2
1129140 1195.2
1129150 1190.7
1129160 1185.9
1129170 1185.9
1129180 1182.5
1129190 1180.1
1129200 1180.1
1129210 1178.3
1129220 1176.7
1129230 1176.7
1129240 1175.1
1129250 1173.3
1129260 1173.3
1129270 1171.7
1129280 1170.3
1129290 1168.1
1129300 1168.1
1129310 1165.8
1129320 1164.4
1129330 1164.4
1129340 1163.9
1129350 1163.8
1129360 1163.8
1129370 1163.7
1129380 1163.5
1129390 1163.8
1129400 1163.3
1129410 1163.0
1129420 1163.0
1129430 1163.0
1129440 1162.8
1129450 1162.8
1129460 1162.5
1129470 1162.4
1129480 1162.4
1129490 1162.3
1129500 1162.2
1129510 1162.2
1129520 1162.0
1129530 1162.0
1129540 1162.0
1129550 1162.0
1129560 1161.3
1129570 1161.0
1129580 1161.0
1129590 1160.9
1129600 1160.8
1129610 1160.8
1129620 1160.6
1129630 1160.5
1129640 1160.5
1129650 1160.1
1129660 1159.9
1129670 1159.9
1129680 1159.7
1129690 1159.6
1129700 1159.6
1129710 1159.3
1129720 1159.0
1129730 1159.0
1129740 1158.7
1129750 1158.6
1129760 1158.6
1129770 1158.3
1129780 1157.9
1129790 1157.9
1129800 1157.9
1129810 1157.6
1129820 1157.6
1129830 1157.5
1129840 1157.3
1129850 1156.3
1129860 1156.3
1129870 1152.1
1129880 1148.9
1129890 1148.9
1129900 1148.2
1129910 1148.0
1129920 1148.0
1129930 1147.8
1129940 1147.6
1129950 1147.6
1129960 1147.2
1129970 1147.0
1129980 1147.0
1129990 1145.8
1130000 1142.3
1130010 1142.3
1130020 1140.8
1130030 1140.5
1130040 1140.5
1130050 1140.4
1130060 1140.3
1130070 1140.3
1130080 1141.1
1130090 1142.5
1130100 1142.5
1130110 1141.5
1130120 1141.1
1130130 1140.6
1130140 1140.6
1130150 1140.7
1130160 1140.4
1130170 1140.4
1130180 1140.2
1130190 1139.2
1130200 1139.2
1130210 1137.9
1130220 1136.3
1130230 1136.3
1130240 1135.6
1130250 1135.5
1130260 1135.5
1130270 1135.5
1130280 1135.7
1130290 1135.7
1130300 1136.7
1130310 1138.1
1130320 1138.1
1130330 1140.1
1130340 1143.5
1130350 1143.5
1130360 1147.6
1130370 1150.7
1130380 1150.7
1130390 1155.4
1130400 1160.9
1130410 1160.9
1130420 1165.2
1130430 1168.5
1130440 1170.4
1130450 1170.4
1130460 1172.7
1130470 1178.0
1130480 1178.0
1130490 1180.7
1130500 1183.5
1130510 1183.5
1130520 1186.4
1130530 1189.9
1130540 1189.9
1130550 1193.3
1130560 1196.5
1130570 1196.5
1130580 1199.8
1130590 1203.1
1130600 1203.1
1130610 1206.3
1130620 1210.1
1130630 1210.1
1130640 1213.1
1130650 1215.8
1130660 1215.8
1130670 1217.0
1130680 1220.4
1130690 1220.4
1130700 1224.5
1130710 1229.2
1130720 1234.5
1130730 1234.5
1130740 1239.8
1130750 1244.0
1130760 1244.0
1130770 1247.7
1130780 1252.2
1130790 1252.2
1130800 1256.6
1130810 1261.0
1130820 1261.0
1130830 1270.7
1130840 1275.5
1130850 1275.5
1130860 1279.3
1130870 1283.8
1130880 1283.8
1130890 1288.0
1130900 1292.2
1130910 1292.2
1130920 1296.6
1130930 1301.4
1130940 1301.4
1130950 1306.2
1130960 1310.9
1130970 1310.9
1130980 1315.3
1130990 1319.3
1131000 1323.7
1131010 1323.7
1131020 1327.8
1131030 1332.0
1131040 1332.0
1131050 1335.6
1131060 1339.2
1131070 1339.2
1131080 1337.7
1131090 1333.0
1131100 1333.0
1131110 1338.7
1131120 1344.8
1131130 1344.8
1131140 1351.2
1131150 1357.1
1131160 1357.1
1131170 1362.2
1131180 1367.3
1131190 1373.9
1131200 1378.1
1131210 1381.5
1131220 1381.5
1131230 1384.3
1131240 1389.5
1131250 1389.5
1131260 1395.7
1131270 1400.7
1131280 1404.7
1131290 1404.7
1131300 1411.0
1131310 1418.1
1131320 1418.1
1131330 1420.4
1131340 1423.8
1131350 1423.8
1131360 1429.2
1131370 1435.3
1131380 1435.3
1131390 1438.5
1131400 1441.9
1131410 1441.9
1131420 1445.6
1131430 1450.5
1131440 1450.5
1131450 1454.6
1131460 1457.2
1131470 1457.2
1131480 1459.7
1131490 1461.5
1131500 1461.5
1131510 1459.3
1131520 1458.8
1131530 1458.8
1131540 1462.1
1131550 1472.3
1131560 1480.4
1131570 1480.4
1131580 1489.5
1131590 1494.3
1131600 1494.3
1131610 1499.6
1131620 1503.2
1131630 1503.2
1131640 1505.6
1131650 1507.0
1131660 1507.0
1131670 1506.9
1131680 1509.4
1131690 1509.4
1131700 1520.0
1131710 1527.4
1131720 1527.4
1131730 1535.7
1131740 1543.7
1131750 1543.7
1131760 1552.9
1131770 1561.7
1131780 1561.7
1131790 1574.9
1131800 1585.9
1131810 1585.9
1131820 1595.9
1131830 1604.9
1131840 1612.4
1131850 1612.4
1131860 1616.9
1131870 1616.2
1131880 1616.2
1131890 1614.6
1131900 1615.7
1131910 1623.0
1131920 1626.6
1131930 1630.6
1131940 1630.6
1131950 1633.0
1131960 1633.5
1131970 1633.5
1131980 1626.3
1131990 1620.0
1132000 1620.0
1132010 1617.0
1132020 1614.3
1132030 1614.3
1132040 1607.0
1132050 1598.2
1132060 1598.2
1132070 1589.6
1132080 1583.0
1132090 1583.0
1132100 1583.2
1132110 1578.9
1132120 1570.4
1132130 1570.4
1132140 1557.8
1132150 1550.0
1132160 1550.0
1132170 1542.1
1132180 1535.7
1132190 1535.7
1132200 1532.4
1132210 1528.1
1132220 1528.1
1132230 1522.0
1132240 1517.3
1132250 1517.3
1132260 1516.0
1132270 1514.5
1132280 1520.5
1132290 1513.3
1132300 1506.5
1132310 1506.5
1132320 1500.0
1132330 1493.3
1132340 1493.3
1132350 1486.4
1132360 1481.1
1132370 1481.1
1132380 1476.9
1132390 1471.9
1132400 1471.9
1132410 1464.5
1132420 1459.7
1132430 1458.4
1132440 1458.4
1132450 1455.7
1132460 1450.9
1132470 1450.9
1132480 1445.3
1132490 1440.2
1132500 1440.2
1132510 1437.3
1132520 1433.7
1132530 1433.7
1132540 1429.8
1132550 1425.5
1132560 1425.5
1132570 1420.0
1132580 1414.3
1132590 1414.3
1132600 1410.7
1132610 1406.9
1132620 1406.9
1132630 1401.3
1132640 1398.8
1132650 1398.8
1132660 1393.4
1132670 1387.8
1132680 1387.8
1132690 1381.4
1132700 1375.3
1132710 1369.8
1132720 1369.8
1132730 1364.6
1132740 1359.9
1132750 1359.9
1132760 1357.5
1132770 1355.5
1132780 1355.5
1132790 1353.8
1132800 1352.1
1132810 1352.1
1132820 1350.1
1132830 1347.8
1132840 1347.8
1132850 1344.7
1132860 1342.8
1132870 1342.8
1132880 1341.1
1132890 1339.6
1132900 1339.6
1132910 1337.5
1132920 1335.7
1132930 1335.7
1132940 1333.4
1132950 1330.9
1132960 1330.9
1132970 1328.9
1132980 1327.2
1132990 1325.4
1133000 1329.6
1133010 1328.3
1133020 1326.8
1133030 1326.8
1133040 1325.0
1133050 1323.4
1133060 1323.4
1133070 1322.1
1133080 1320.7
1133090 1320.7
1133100 1320.5
1133110 1320.2
1133120 1320.2
1133130 1319.9
1133140 1319.9
1133150 1319.9
1133160 1320.4
1133170 1320.4
1133180 1320.4
1133190 1319.2
1133200 1318.6
1133210 1318.6
1133220 1317.7
1133230 1314.5
1133240 1314.5
1133250 1311.4
1133260 1314.2
1133270 1315.4
1133280 1315.4
1133290 1314.4
1133300 1313.1
1133310 1313.1
1133320 1311.4
1133330 1308.4
1133340 1308.4
1133350 1306.3
1133360 1310.6
1133370 1310.6
1133380 1312.6
1133390 1313.3
1133400 1313.3
1133410 1312.7
1133420 1311.7
1133430 1311.7
1133440 1308.1
1133450 1304.0
1133460 1304.0
1133470 1302.3
1133480 1303.6
1133490 1303.6
1133500 1305.7
1133510 1307.4
1133520 1307.4
1133530 1309.7
1133540 1312.6
1133550 1314.4
1133560 1314.4
1133570 1317.7
1133580 1320.8
1133590 1320.8
1133600 1323.6
1133610 1325.7
1133620 1325.7
1133630 1327.8
1133640 1329.9
1133650 1329.9
1133660 1331.7
1133670 1332.8
1133680 1332.8
1133690 1334.1
1133700 1335.4
1133710 1335.4
1133720 1336.0
1133730 1334.3
1133740 1334.3
1133750 1334.6
1133760 1335.0
1133770 1335.0
1133780 1336.0
1133790 1338.8
1133800 1338.8
1133810 1341.4
1133820 1344.6
1133830 1347.8
1133840 1347.8
1133850 1350.1
1133860 1353.9
1133870 1353.9
1133880 1357.8
1133890 1362.0
1133900 1362.0
1133910 1366.2
1133920 1370.1
1133930 1370.1
1133940 1373.6
1133950 1377.3
1133960 1377.3
1133970 1380.8
1133980 1384.6
1133990 1384.6
1134000 1388.2
1134010 1391.7
1134020 1391.7
1134030 1395.0
1134040 1398.6
1134050 1398.6
1134060 1402.1
1134070 1406.0
1134080 1406.0
1134090 1409.2
1134100 1413.6
1134110 1418.1
1134120 1418.1
1134130 1422.0
1134140 1424.7
1134150 1424.7
1134160 1425.5
1134170 1425.6
1134180 1425.6
1134190 1425.1
1134200 1424.6
1134210 1424.6
1134220 1426.2
1134230 1429.9
1134240 1429.9
1134250 1435.2
1134260 1441.6
1134270 1441.6
1134280 1448.1
1134290 1454.7
1134300 1454.7
1134310 1461.3
1134320 1467.6
1134330 1467.6
1134340 1473.6
1134350 1479.1
1134360 1479.1
1134370 1484.3
1134380 1489.7
1134390 1489.7
1134400 1496.0
1134410 1502.9
1134420 1509.3
1134430 1509.3
1134440 1514.8
1134450 1512.8
1134460 1512.8
1134470 1513.8
1134480 1514.6
1134490 1514.6
1134500 1514.3
1134510 1514.2
1134520 1514.2
1134530 1511.9
1134540 1508.0
1134550 1508.0
1134560 1503.5
1134570 1498.8
1134580 1498.8
1134590 1497.1
1134600 1502.1
1134610 1502.1
1134620 1509.1
1134630 1516.1
1134640 1516.1
1134650 1522.4
1134660 1522.7
1134670 1522.7
1134680 1522.8
1134690 1524.7
1134700 1523.1
1134710 1523.1
1134720 1525.3
1134730 1523.4
1134740 1523.4
1134750 1519.5
1134760 1523.0
1134770 1523.0
1134780 1528.0
1134790 1535.3
1134800 1535.3
1134810 1541.8
1134820 1538.9
1134830 1538.9
1134840 1541.9
1134850 1547.8
1134860 1547.8
1134870 1553.1
1134880 1554.3
1134890 1554.3
1134900 1557.1
1134910 1561.4
1134920 1561.4
1134930 1565.2
1134940 1569.9
1134950 1569.9
1134960 1573.3
1134970 1574.0
1134980 1576.1
1134990 1576.1
1135000 1581.4
1135010 1588.2
1135020 1588.2
1135030 1589.9
1135040 1592.1
1135050 1592.1
1135060 1595.6
1135070 1601.1
1135080 1601.1
1135090 1606.2
1135100 1611.4
1135110 1611.4
1135120 1617.2
1135130 1623.0
1135140 1623.0
1135150 1628.7
1135160 1635.3
1135170 1635.3
1135180 1635.4
1135190 1636.8
1135200 1636.8
1135210 1638.9
1135220 1641.8
1135230 1641.8
1135240 1645.6
1135250 1651.5
1135260 1658.4
1135270 1658.4
1135280 1665.2
1135290 1666.0
1135300 1666.0
1135310 1667.7
1135320 1670.3
1135330 1670.3
1135340 1675.3
1135350 1682.0
1135360 1682.0
1135370 1689.4
1135380 1696.2
1135390 1696.2
1135400 1699.8
1135410 1700.5
1135420 1700.5
1135430 1701.0
1135440 1704.5
1135450 1704.5
1135460 1706.3
1135470 1707.4
1135480 1707.4
1135490 1709.6
1135500 1712.5
1135510 1712.5
1135520 1717.1
1135530 1722.3
1135540 1727.8
1135550 1725.1
1135560 1730.1
1135570 1732.8
1135580 1732.8
1135590 1736.1
1135600 1741.4
1135610 1741.4
1135620 1747.9
1135630 1756.2
1135640 1756.2
1135650 1764.2
1135660 1770.5
1135670 1770.5
1135680 1775.3
1135690 1780.8
1135700 1780.8
1135710 1785.2
1135720 1787.6
1135730 1787.6
1135740 1791.0
1135750 1793.7
1135760 1793.7
1135770 1796.2
1135780 1798.1
1135790 1798.1
1135800 1800.6
1135810 1802.9
1135820 1806.1
1135830 1806.1
1135840 1808.9
1135850 1811.2
1135860 1811.2
1135870 1813.7
1135880 1815.5
1135890 1815.5
1135900 1817.0
1135910 1813.7
1135920 1813.7
1135930 1814.8
1135940 1815.7
1135950 1815.7
1135960 1816.0
1135970 1817.3
1135980 1817.3
1135990 1819.2
1136000 1821.2
1136010 1821.2
1136020 1824.2
1136030 1827.9
1136040 1827.9
1136050 1831.2
1136060 1834.3
1136070 1834.3
1136080 1836.4
1136090 1838.7
1136100 1842.9
1136110 1842.9
1136120 1847.6
1136130 1853.2
1136140 1853.2
1136150 1859.3
1136160 1863.5
1136170 1863.5
1136180 1866.2
1136190 1868.1
1136200 1868.1
1136210 1869.4
1136220 1870.6
1136230 1870.6
1136240 1872.3
1136250 1875.3
1136260 1875.3
1136270 1879.1
1136280 1883.1
1136290 1883.1
1136300 1887.0
1136310 1890.9
1136320 1890.9
1136330 1894.8
1136340 1899.6
1136350 1899.6
1136360 1905.1
1136370 1911.0
1136380 1918.0
1136390 1918.0
1136400 1924.3
1136410 1930.6
1136420 1930.6
1136430 1937.7
1136440 1947.2
1136450 1947.2
1136460 1958.4
1136470 1976.0
1136480 1976.0
1136490 1992.1
1136500 1999.7
1136510 1999.7
1136520 2005.6
1136530 2012.5
1136540 2012.5
1136550 2019.8
1136560 2028.1
1136570 2028.1
1136580 2035.3
1136590 2040.7
1136600 2040.7
1136610 2045.4
1136620 2049.8
1136630 2049.8
1136640 2050.3
1136650 2052.3
1136660 2052.3
1136670 2053.9
1136680 2055.2
1136690 2055.9
1136700 2055.9
1136710 2056.8
1136720 2059.5
1136730 2059.5
1136740 2061.6
1136750 2062.5
1136760 2062.5
1136770 2062.8
1136780 2064.5
1136790 2064.5
1136800 2065.3
1136810 2065.7
1136820 2065.7
1136830 2066.3
1136840 2066.3
1136850 2066.3
1136860 2065.9
1136870 2063.1
1136880 2063.1
1136890 2059.7
1136900 2057.5
1136910 2057.5
1136920 2056.0
1136930 2054.4
1136940 2054.4
1136950 2054.8
1136960 2057.4
1136970 2060.7
1136980 2060.7
1136990 2062.9
1137000 2063.1
1137010 2065.2
1137020 2064.1
1137030 2063.3
1137040 2063.3
1137050 2058.5
1137060 2051.1
1137070 2051.1
1137080 2044.5
1137090 2039.4
1137100 2039.4
1137110 2034.5
1137120 2029.7
1137130 2029.7
1137140 2023.2
1137150 2017.7
1137160 2017.7
1137170 2014.1
1137180 2010.6
1137190 2010.6
1137200 2006.2
1137210 2002.9
1137220 2002.9
1137230 1998.3
1137240 1994.2
1137250 1990.4
1137260 1990.4
1137270 1988.0
