1120000 1441.3
1120010 1441.3
1120020 1448.6
1120030 1450.0
1120040 1450.0
1120050 1453.1
1120060 1455.5
1120070 1457.3
1120080 1457.3
1120090 1458.2
1120100 1460.9
1120110 1460.9
1120120 1460.9
1120130 1460.5
1120140 1460.5
1120150 1459.1
1120160 1458.3
1120170 1458.3
1120180 1457.2
1120190 1457.0
1120200 1457.0
1120210 1457.0
1120220 1456.0
1120230 1456.0
1120240 1454.7
1120250 1452.6
1120260 1452.6
1120270 1444.8
1120280 1437.7
1120290 1437.7
1120300 1432.7
1120310 1427.3
1120320 1427.3
1120330 1423.8
1120340 1427.9
1120350 1435.5
1120360 1435.5
1120370 1440.8
1120380 1440.7
1120390 1440.7
1120400 1438.9
1120410 1435.9
1120420 1435.9
1120430 1434.4
1120440 1435.9
1120450 1435.9
1120460 1439.9
1120470 1436.7
1120480 1436.7
1120490 1429.4
1120500 1426.5
1120510 1426.5
1120520 1434.6
1120530 1444.0
1120540 1444.0
1120550 1451.0
1120560 1451.8
1120570 1451.8
1120580 1453.2
1120590 1458.6
1120600 1458.6
1120610 1464.1
1120620 1468.4
1120630 1468.4
1120640 1471.5
1120650 1472.3
1120660 1473.1
1120670 1473.1
1120680 1475.6
1120690 1476.0
1120700 1476.0
1120710 1474.4
1120720 1469.2
1120730 1469.2
1120740 1474.2
1120750 1480.2
1120760 1480.2
1120770 1485.3
1120780 1487.5
1120790 1487.5
1120800 1484.0
1120810 1477.5
1120820 1471.3
1120830 1476.0
1120840 1483.0
1120850 1483.0
1120860 1486.5
1120870 1487.3
1120880 1487.3
1120890 1487.2
1120900 1488.1
1120910 1488.1
1120920 1489.4
1120930 1490.2
1120940 1491.5
1120950 1491.5
1120960 1491.5
1120970 1489.4
1120980 1489.4
1120990 1493.0
1121000 1496.4
1121010 1496.4
1121020 1497.9
1121030 1500.1
1121040 1500.1
1121050 1502.5
1121060 1505.1
1121070 1505.1
1121080 1508.4
1121090 1512.1
1121100 1512.1
1121110 1514.7
1121120 1516.1
1121130 1516.1
1121140 1516.3
1121150 1516.7
1121160 1516.7
1121170 1514.6
1121180 1516.4
1121190 1516.4
1121200 1517.9
1121210 1517.7
1121220 1521.3
1121230 1521.3
1121240 1524.7
1121250 1527.8
1121260 1527.8
1121270 1531.0
1121280 1533.2
1121290 1533.2
1121300 1533.9
1121310 1531.0
1121320 1531.0
1121330 1526.9
1121340 1523.5
1121350 1523.5
1121360 1522.8
1121370 1532.3
1121380 1532.3
1121390 1543.4
1121400 1551.7
1121410 1551.7
1121420 1557.5
1121430 1559.5
1121440 1559.5
1121450 1560.8
1121460 1565.7
1121470 1565.7
1121480 1570.2
1121490 1569.4
1121500 1565.9
1121510 1565.9
1121520 1555.8
1121530 1562.2
1121540 1562.2
1121550 1575.6
1121560 1583.0
1121570 1583.0
1121580 1586.8
1121590 1589.1
1121600 1589.1
1121610 1589.2
1121620 1590.6
1121630 1590.6
1121640 1591.8
1121650 1594.0
1121660 1594.0
1121670 1597.9
1121680 1602.6
1121690 1602.6
1121700 1605.7
1121710 1613.1
1121720 1613.1
1121730 1618.6
1121740 1622.1
1121750 1622.1
1121760 1627.4
1121770 1633.6
1121780 1639.7
1121790 1639.7
1121800 1647.3
1121810 1655.3
1121820 1655.3
1121830 1661.2
1121840 1668.0
1121850 1668.0
1121860 1675.6
1121870 1683.2
1121880 1685.3
1121890 1690.8
1121900 1696.3
1121910 1696.3
1121920 1701.8
1121930 1707.6
1121940 1707.6
1121950 1713.6
1121960 1719.3
1121970 1719.3
1121980 1723.7
1121990 1727.7
1122000 1727.7
1122010 1731.3
1122020 1733.9
1122030 1733.9
1122040 1736.2
1122050 1738.7
1122060 1741.6
1122070 1741.6
1122080 1743.0
1122090 1745.8
1122100 1745.8
1122110 1749.7
1122120 1752.7
1122130 1752.7
1122140 1754.6
1122150 1756.6
1122160 1756.6
1122170 1758.9
1122180 1761.0
1122190 1761.0
1122200 1762.9
1122210 1766.2
1122220 1766.2
1122230 1772.4
1122240 1778.3
1122250 1778.3
1122260 1784.6
1122270 1791.4
1122280 1791.4
1122290 1797.1
1122300 1802.7
1122310 1802.7
1122320 1808.3
1122330 1814.9
1122340 1814.9
1122350 1822.0
1122360 1829.7
1122370 1839.7
1122380 1839.7
1122390 1848.5
1122400 1858.8
1122410 1858.8
1122420 1870.9
1122430 1881.9
1122440 1881.9
1122450 1891.2
1122460 1896.2
1122470 1896.2
1122480 1893.2
1122490 1885.9
1122500 1885.9
1122510 1877.3
1122520 1868.6
1122530 1868.6
1122540 1858.7
1122550 1843.5
1122560 1843.5
1122570 1830.1
1122580 1821.3
1122590 1821.3
1122600 1811.5
1122610 1808.1
1122620 1808.1
1122630 1802.3
1122640 1790.8
1122650 1782.3
1122660 1782.3
1122670 1774.6
1122680 1766.8
1122690 1766.8
1122700 1759.6
1122710 1751.8
1122720 1751.8
1122730 1744.5
1122740 1737.6
1122750 1737.6
1122760 1730.7
1122770 1724.0
1122780 1724.0
1122790 1717.0
1122800 1712.0
1122810 1712.0
1122820 1708.0
1122830 1701.7
1122840 1701.7
1122850 1695.6
1122860 1689.2
1122870 1689.2
1122880 1682.9
1122890 1677.2
1122900 1677.2
1122910 1671.7
1122920 1666.7
1122930 1659.4
1122940 1659.4
1122950 1654.5
1122960 1650.6
1122970 1650.6
1122980 1646.3
1122990 1641.2
1123000 1641.2
1123010 1636.5
1123020 1631.9
1123030 1631.9
1123040 1627.6
1123050 1623.7
1123060 1623.7
1123070 1621.3
1123080 1617.0
1123090 1617.0
1123100 1613.3
1123110 1610.2
1123120 1610.2
1123130 1606.2
1123140 1599.3
1123150 1599.3
1123160 1591.0
1123170 1585.6
1123180 1585.6
1123190 1583.7
1123200 1582.9
1123210 1579.2
1123220 1579.2
1123230 1574.3
1123240 1569.0
1123250 1569.0
1123260 1560.0
1123270 1559.0
1123280 1552.0
1123290 1552.1
1123300 1545.4
1123310 1545.4
1123320 1543.2
1123330 1546.5
1123340 1546.5
1123350 1552.7
1123360 1555.0
1123370 1555.0
1123380 1553.4
1123390 1547.6
1123400 1547.6
1123410 1539.4
1123420 1531.8
1123430 1531.8
1123440 1528.5
1123450 1527.4
1123460 1527.4
1123470 1524.6
1123480 1527.8
1123490 1529.7
1123500 1529.7
1123510 1531.1
1123520 1534.1
1123530 1534.1
1123540 1534.3
1123550 1530.2
1123560 1530.2
1123570 1527.0
1123580 1529.4
1123590 1529.4
1123600 1531.1
1123610 1531.1
1123620 1531.1
1123630 1530.5
1123640 1523.5
1123650 1523.5
1123660 1523.6
1123670 1523.5
1123680 1523.5
1123690 1520.8
1123700 1509.5
1123710 1509.5
1123720 1492.7
1123730 1487.5
1123740 1487.5
1123750 1495.8
1123760 1507.2
1123770 1516.5
1123780 1516.5
1123790 1522.6
1123800 1523.6
1123810 1523.6
1123820 1521.0
1123830 1514.6
1123840 1514.6
1123850 1505.5
1123860 1504.6
1123870 1504.6
1123880 1509.6
1123890 1511.4
1123900 1511.4
1123910 1507.9
1123920 1501.1
1123930 1501.1
1123940 1497.9
1123950 1502.5
1123960 1502.5
1123970 1500.9
1123980 1502.2
1123990 1495.9
1124000 1499.2
1124010 1501.5
1124020 1501.5
1124030 1503.2
1124040 1503.0
1124050 1503.0
1124060 1501.5
1124070 1500.2
1124080 1503.1
1124090 1503.1
1124100 1504.2
1124110 1505.0
1124120 1505.0
1124130 1504.0
1124140 1502.6
1124150 1502.6
1124160 1502.0
1124170 1503.1
1124180 1503.1
1124190 1507.2
1124200 1507.8
1124210 1507.8
1124220 1507.3
1124230 1506.2
1124240 1506.2
1124250 1506.5
1124260 1505.8
1124270 1505.8
1124280 1499.5
1124290 1505.8
1124300 1505.8
1124310 1511.8
1124320 1514.9
1124330 1514.9
1124340 1507.5
1124350 1501.6
1124360 1490.0
1124370 1490.0
1124380 1483.8
1124390 1490.5
1124400 1490.5
1124410 1496.7
1124420 1500.6
1124430 1500.6
1124440 1503.6
1124450 1504.4
1124460 1504.4
1124470 1502.5
1124480 1501.0
1124490 1501.0
1124500 1500.9
1124510 1502.0
1124520 1502.0
1124530 1499.2
1124540 1498.8
1124550 1498.8
1124560 1503.0
1124570 1505.7
1124580 1505.7
1124590 1508.5
1124600 1509.1
1124610 1509.1
1124620 1508.0
1124630 1507.1
1124640 1503.0
1124650 1503.0
1124660 1494.4
1124670 1489.6
1124680 1489.6
1124690 1493.3
1124700 1487.3
1124710 1487.3
1124720 1493.5
1124730 1495.9
1124740 1495.9
1124750 1495.7
1124760 1496.3
1124770 1496.3
1124780 1500.5
1124790 1502.2
1124800 1502.2
1124810 1505.1
1124820 1506.7
1124830 1506.7
1124840 1501.5
1124850 1494.2
1124860 1494.2
1124870 1488.0
1124880 1485.0
1124890 1485.0
1124900 1481.3
1124910 1480.2
1124920 1485.4
1124930 1485.4
1124940 1489.9
1124950 1492.8
1124960 1492.8
1124970 1498.7
1124980 1501.8
1124990 1501.8
1125000 1501.6
1125010 1502.1
1125020 1502.1
1125030 1504.3
1125040 1506.1
1125050 1501.5
1125060 1501.5
1125070 1500.6
1125080 1500.6
1125090 1498.8
1125100 1497.6
1125110 1497.6
1125120 1495.1
1125130 1490.8
1125140 1490.8
1125150 1483.7
1125160 1473.8
1125170 1473.8
1125180 1473.6
1125190 1482.5
1125200 1490.3
1125210 1490.3
1125220 1496.4
1125230 1502.1
1125240 1502.1
1125250 1507.1
1125260 1506.8
1125270 1506.8
1125280 1502.7
1125290 1503.9
1125300 1503.9
1125310 1506.7
1125320 1509.8
1125330 1509.8
1125340 1506.8
1125350 1507.1
1125360 1507.1
1125370 1509.6
1125380 1511.4
1125390 1511.4
1125400 1512.3
1125410 1507.5
1125420 1507.5
1125430 1509.9
1125440 1510.8
1125450 1510.8
1125460 1511.3
1125470 1511.9
1125480 1511.5
1125490 1511.5
1125500 1510.3
1125510 1504.5
1125520 1504.5
1125530 1498.2
1125540 1493.9
1125550 1493.9
1125560 1489.3
1125570 1497.1
1125580 1497.1
1125590 1504.1
1125600 1509.0
1125610 1509.0
1125620 1510.6
1125630 1511.3
1125640 1511.3
1125650 1516.6
1125660 1517.7
1125670 1517.7
1125680 1517.9
1125690 1518.5
1125700 1518.5
1125710 1518.0
1125720 1517.6
1125730 1517.6
1125740 1520.7
1125750 1523.7
1125760 1517.1
1125770 1517.7
1125780 1519.0
1125790 1521.6
1125800 1521.6
1125810 1523.9
1125820 1526.5
1125830 1526.5
1125840 1529.0
1125850 1531.1
1125860 1531.1
1125870 1533.7
1125880 1535.2
1125890 1535.2
1125900 1537.4
1125910 1540.1
1125920 1540.1
1125930 1543.0
1125940 1545.8
1125950 1545.8
1125960 1548.4
1125970 1550.6
1125980 1550.6
1125990 1552.6
1126000 1554.1
1126010 1554.1
1126020 1554.9
1126030 1554.8
1126040 1554.8
1126050 1552.4
1126060 1550.3
1126070 1551.1
1126080 1551.1
1126090 1553.1
1126100 1554.1
1126110 1554.1
1126120 1547.5
1126130 1546.6
1126140 1546.6
1126150 1545.3
1126160 1545.7
1126170 1545.7
1126180 1547.2
1126190 1548.5
1126200 1548.5
1126210 1549.0
1126220 1548.2
1126230 1548.2
1126240 1546.4
1126250 1543.5
1126260 1543.5
1126270 1539.5
1126280 1538.8
1126290 1538.8
1126300 1540.8
1126310 1542.3
1126320 1542.3
1126330 1542.0
1126340 1540.3
1126350 1539.0
1126360 1539.0
1126370 1537.6
1126380 1538.8
1126390 1538.8
1126400 1539.6
1126410 1540.0
1126420 1540.0
1126430 1539.6
1126440 1538.8
1126450 1538.8
1126460 1537.3
1126470 1528.2
1126480 1528.2
1126490 1526.5
1126500 1525.3
1126510 1525.3
1126520 1523.5
1126530 1523.1
1126540 1523.1
1126550 1522.6
1126560 1521.1
1126570 1521.1
1126580 1519.6
1126590 1518.1
1126600 1518.1
1126610 1516.1
1126620 1513.9
1126630 1511.9
1126640 1511.9
1126650 1510.0
1126660 1507.6
1126670 1507.6
1126680 1504.3
1126690 1501.3
1126700 1501.3
1126710 1498.0
1126720 1492.9
1126730 1492.9
1126740 1486.2
1126750 1480.0
1126760 1480.0
1126770 1472.7
1126780 1465.2
1126790 1465.2
1126800 1459.6
1126810 1453.9
1126820 1453.9
1126830 1445.0
1126840 1439.0
1126850 1439.0
1126860 1434.8
1126870 1430.7
1126880 1430.7
1126890 1427.1
1126900 1420.0
1126910 1414.2
1126920 1414.2
1126930 1408.5
1126940 1405.7
1126950 1405.7
1126960 1414.4
1126970 1424.0
1126980 1424.0
1126990 1430.2
1127000 1435.4
1127010 1435.4
1127020 1440.0
1127030 1441.7
1127040 1441.7
1127050 1442.4
1127060 1443.7
1127070 1443.7
1127080 1444.7
1127090 1445.1
1127100 1445.1
1127110 1444.9
1127120 1444.2
1127130 1444.2
1127140 1442.5
1127150 1441.3
1127160 1441.3
1127170 1441.4
1127180 1434.7
1127190 1435.0
1127200 1435.0
1127210 1435.3
1127220 1435.3
1127230 1435.3
1127240 1434.9
1127250 1434.7
1127260 1434.7
1127270 1434.5
1127280 1432.9
1127290 1432.9
1127300 1431.6
1127310 1431.5
1127320 1431.5
1127330 1430.4
1127340 1431.6
1127350 1431.6
1127360 1430.9
1127370 1430.2
1127380 1430.2
1127390 1430.5
1127400 1430.4
1127410 1430.4
1127420 1429.0
1127430 1427.3
1127440 1427.3
1127450 1425.7
1127460 1424.5
1127470 1424.5
1127480 1423.8
1127490 1423.0
1127500 1421.2
1127510 1421.2
1127520 1418.0
1127530 1419.9
1127540 1416.6
1127550 1419.7
1127560 1421.6
1127570 1421.6
1127580 1423.3
1127590 1425.7
1127600 1425.7
1127610 1427.9
1127620 1428.2
1127630 1428.2
1127640 1426.4
1127650 1425.3
1127660 1425.3
1127670 1425.5
1127680 1424.5
1127690 1424.5
1127700 1420.3
1127710 1417.7
1127720 1417.7
1127730 1416.6
1127740 1414.7
1127750 1414.7
1127760 1414.8
1127770 1411.3
1127780 1408.8
1127790 1408.8
1127800 1408.1
1127810 1405.6
1127820 1405.6
1127830 1402.4
1127840 1400.2
1127850 1400.2
1127860 1397.5
1127870 1395.3
1127880 1395.3
1127890 1393.0
1127900 1386.2
1127910 1386.2
1127920 1383.9
1127930 1381.4
1127940 1381.4
1127950 1378.6
1127960 1375.8
1127970 1375.8
1127980 1374.3
1127990 1374.9
1128000 1374.9
1128010 1377.0
1128020 1378.9
1128030 1378.9
1128040 1379.7
1128050 1380.7
1128060 1380.7
1128070 1380.7
1128080 1379.5
1128090 1377.1
1128100 1377.1
1128110 1374.1
1128120 1372.0
1128130 1372.0
1128140 1367.0
1128150 1364.4
1128160 1364.4
1128170 1358.9
1128180 1364.0
1128190 1364.0
1128200 1364.4
1128210 1363.2
1128220 1363.2
1128230 1363.0
1128240 1361.6
1128250 1358.8
1128260 1358.1
1128270 1357.3
1128280 1357.3
1128290 1356.7
1128300 1355.8
1128310 1355.8
1128320 1354.5
1128330 1351.5
1128340 1347.5
1128350 1347.5
1128360 1342.2
1128370 1339.9
1128380 1339.9
1128390 1334.4
1128400 1330.9
1128410 1330.9
1128420 1327.9
1128430 1324.6
1128440 1324.6
1128450 1321.2
1128460 1316.9
1128470 1316.9
1128480 1311.6
1128490 1308.2
1128500 1308.2
1128510 1307.7
1128520 1307.2
1128530 1307.2
1128540 1304.4
1128550 1302.9
1128560 1302.9
1128570 1302.3
1128580 1303.0
1128590 1303.0
1128600 1301.9
1128610 1294.0
1128620 1295.5
1128630 1295.5
1128640 1296.9
1128650 1299.0
1128660 1299.0
1128670 1302.9
1128680 1306.0
1128690 1306.0
1128700 1309.1
1128710 1311.3
1128720 1311.3
1128730 1313.4
1128740 1315.6
1128750 1315.6
1128760 1317.5
1128770 1320.5
1128780 1320.5
1128790 1324.4
1128800 1326.3
1128810 1326.3
1128820 1326.1
1128830 1324.2
1128840 1324.2
1128850 1321.3
1128860 1317.6
1128870 1317.6
1128880 1313.6
1128890 1310.5
1128900 1309.0
1128910 1309.0
1128920 1308.1
1128930 1306.8
1128940 1306.8
1128950 1305.3
1128960 1302.9
1128970 1295.9
1128980 1291.1
1128990 1285.9
1129000 1285.9
1129010 1280.1
1129020 1274.6
1129030 1274.6
1129040 1270.1
1129050 1266.0
1129060 1266.0
1129070 1260.8
1129080 1254.0
1129090 1254.0
1129100 1246.9
1129110 1239.8
1129120 1239.8
1129130 1232.4
1129140 1226.6
1129150 1226.6
1129160 1221.9
1129170 1217.1
1129180 1217.1
1129190 1212.8
1129200 1209.0
1129210 1205.4
1129220 1205.4
1129230 1202.1
1129240 1199.4
1129250 1199.4
1129260 1196.8
1129270 1193.8
1129280 1193.8
1129290 1190.8
1129300 1188.0
1129310 1188.0
1129320 1185.1
1129330 1181.2
1129340 1181.2
1129350 1179.5
1129360 1177.8
1129370 1177.8
1129380 1176.2
1129390 1174.5
1129400 1174.5
1129410 1171.9
1129420 1167.8
1129430 1167.8
1129440 1164.6
1129450 1163.5
1129460 1163.5
1129470 1163.6
1129480 1162.8
1129490 1161.3
1129500 1161.3
1129510 1160.7
1129520 1160.4
1129530 1160.4
1129540 1160.0
1129550 1159.7
1129560 1159.7
1129570 1159.6
1129580 1159.7
1129590 1159.7
1129600 1159.3
1129610 1159.2
1129620 1159.2
1129630 1159.2
1129640 1158.8
1129650 1158.8
1129660 1158.4
1129670 1158.1
1129680 1158.1
1129690 1157.8
1129700 1157.4
1129710 1157.4
1129720 1157.0
1129730 1156.8
1129740 1156.8
1129750 1156.5
1129760 1156.4
1129770 1156.1
1129780 1156.1
1129790 1155.9
1129800 1155.7
1129810 1155.7
1129820 1155.3
1129830 1155.1
1129840 1155.1
1129850 1155.0
1129860 1154.8
1129870 1154.8
1129880 1154.5
1129890 1154.4
1129900 1154.4
1129910 1154.4
1129920 1154.8
1129930 1154.8
1129940 1154.4
1129950 1154.0
1129960 1154.0
1129970 1154.0
1129980 1153.6
1129990 1153.6
1130000 1151.9
1130010 1149.2
1130020 1149.2
1130030 1147.2
1130040 1146.3
1130050 1145.7
1130060 1145.7
1130070 1145.1
1130080 1144.1
1130090 1144.1
1130100 1143.4
1130110 1143.1
1130120 1143.1
1130130 1141.7
1130140 1138.4
1130150 1138.4
1130160 1137.7
1130170 1137.4
1130180 1137.4
1130190 1137.3
1130200 1137.2
1130210 1137.2
1130220 1137.2
1130230 1137.1
1130240 1137.1
1130250 1136.9
1130260 1136.8
1130270 1136.8
1130280 1136.6
1130290 1136.5
1130300 1136.5
1130310 1136.5
1130320 1135.6
1130330 1136.2
1130340 1136.2
1130350 1139.9
1130360 1138.0
1130370 1138.0
1130380 1134.0
1130390 1133.6
1130400 1133.6
1130410 1135.3
1130420 1135.5
1130430 1135.5
1130440 1136.8
1130450 1143.0
1130460 1143.0
1130470 1151.0
1130480 1158.2
1130490 1158.2
1130500 1162.9
1130510 1165.9
1130520 1165.9
1130530 1169.5
1130540 1173.2
1130550 1173.2
1130560 1177.0
1130570 1180.7
1130580 1180.7
1130590 1183.5
1130600 1186.6
1130610 1189.5
1130620 1189.5
1130630 1192.5
1130640 1195.7
1130650 1195.7
1130660 1199.8
1130670 1203.9
1130680 1203.9
1130690 1208.2
1130700 1212.5
1130710 1212.5
1130720 1216.0
1130730 1218.9
1130740 1218.9
1130750 1222.3
1130760 1226.2
1130770 1229.1
1130780 1232.8
1130790 1236.5
1130800 1236.5
1130810 1240.0
1130820 1243.4
1130830 1243.4
1130840 1247.1
1130850 1250.9
1130860 1250.9
1130870 1254.3
1130880 1257.1
1130890 1259.6
1130900 1259.6
1130910 1262.2
1130920 1264.5
1130930 1264.5
1130940 1266.4
1130950 1269.3
1130960 1269.3
1130970 1272.5
1130980 1275.3
1130990 1275.3
1131000 1279.9
1131010 1283.1
1131020 1283.1
1131030 1284.2
1131040 1285.9
1131050 1285.9
1131060 1287.9
1131070 1288.5
1131080 1288.5
1131090 1292.1
1131100 1292.0
1131110 1292.0
1131120 1291.6
1131130 1297.7
1131140 1297.7
1131150 1302.4
1131160 1308.4
1131170 1308.4
1131180 1313.4
1131190 1317.3
1131200 1321.5
1131210 1321.5
1131220 1326.5
1131230 1331.4
1131240 1331.4
1131250 1336.2
1131260 1341.9
1131270 1341.9
1131280 1346.9
1131290 1351.4
1131300 1351.4
1131310 1355.9
1131320 1360.6
1131330 1360.6
1131340 1365.4
1131350 1370.3
1131360 1370.3
1131370 1375.0
1131380 1379.8
1131390 1379.8
1131400 1383.4
1131410 1381.9
1131420 1381.9
1131430 1381.3
1131440 1388.3
1131450 1388.3
1131460 1396.1
1131470 1401.0
1131480 1405.4
1131490 1410.0
1131500 1414.4
1131510 1416.1
1131520 1416.1
1131530 1414.8
1131540 1415.4
1131550 1415.4
1131560 1421.8
1131570 1430.4
1131580 1430.4
1131590 1436.6
1131600 1439.0
1131610 1439.0
1131620 1441.6
1131630 1444.8
1131640 1444.8
1131650 1448.2
1131660 1451.8
1131670 1451.8
1131680 1456.3
1131690 1462.8
1131700 1462.8
1131710 1470.1
1131720 1478.6
1131730 1478.6
1131740 1489.7
1131750 1500.5
1131760 1508.0
1131770 1508.0
1131780 1505.1
1131790 1506.6
1131800 1506.6
1131810 1510.2
1131820 1513.5
1131830 1513.5
1131840 1514.7
1131850 1525.5
1131860 1525.5
1131870 1529.7
1131880 1536.4
1131890 1536.4
1131900 1545.3
1131910 1550.9
1131920 1550.9
1131930 1552.5
1131940 1557.9
1131950 1557.9
1131960 1558.2
1131970 1551.8
1131980 1551.8
1131990 1548.0
1132000 1542.8
1132010 1542.8
1132020 1535.4
1132030 1528.2
1132040 1521.0
1132050 1521.0
1132060 1514.1
1132070 1508.0
1132080 1508.0
1132090 1504.4
1132100 1504.7
1132110 1504.7
1132120 1504.6
1132130 1502.3
1132140 1502.3
1132150 1499.8
1132160 1494.5
1132170 1494.5
1132180 1487.2
1132190 1481.7
1132200 1481.7
1132210 1472.9
1132220 1468.7
1132230 1468.7
1132240 1463.7
1132250 1459.2
1132260 1459.2
1132270 1454.5
1132280 1450.0
1132290 1450.0
1132300 1445.7
1132310 1440.8
1132320 1436.4
1132330 1436.4
1132340 1431.0
1132350 1427.3
1132360 1427.3
1132370 1423.1
1132380 1417.7
1132390 1417.7
1132400 1412.7
1132410 1408.4
1132420 1408.4
1132430 1404.4
1132440 1401.2
1132450 1401.2
1132460 1397.8
1132470 1394.5
1132480 1394.5
1132490 1391.7
1132500 1388.7
1132510 1388.7
1132520 1385.3
1132530 1381.0
1132540 1381.0
1132550 1377.0
1132560 1372.1
1132570 1373.7
1132580 1368.7
1132590 1364.1
1132600 1358.6
1132610 1358.6
1132620 1354.2
1132630 1350.8
1132640 1350.8
1132650 1347.6
1132660 1343.9
1132670 1343.9
1132680 1339.6
1132690 1334.7
1132700 1334.7
1132710 1331.3
1132720 1327.5
1132730 1327.5
1132740 1323.3
1132750 1318.2
1132760 1318.2
1132770 1313.7
1132780 1310.0
1132790 1310.0
1132800 1306.4
1132810 1303.2
1132820 1303.2
1132830 1299.9
1132840 1297.8
1132850 1297.8
1132860 1295.8
1132870 1294.4
1132880 1294.4
1132890 1293.0
1132900 1290.5
1132910 1287.9
1132920 1287.9
1132930 1290.3
1132940 1289.3
1132950 1289.3
1132960 1288.3
1132970 1287.0
1132980 1287.0
1132990 1286.3
1133000 1285.6
1133010 1285.6
1133020 1284.7
1133030 1284.2
1133040 1284.2
1133050 1284.7
1133060 1284.8
1133070 1284.8
1133080 1284.3
1133090 1282.3
1133100 1282.3
1133110 1281.3
1133120 1282.0
1133130 1282.0
1133140 1283.3
1133150 1283.8
1133160 1283.8
1133170 1283.0
1133180 1280.0
1133190 1279.3
1133200 1279.3
1133210 1280.4
1133220 1281.2
1133230 1281.2
1133240 1282.9
1133250 1289.8
1133260 1289.8
1133270 1297.7
1133280 1306.0
1133290 1306.0
1133300 1308.3
1133310 1309.7
1133320 1309.7
1133330 1309.7
1133340 1309.7
1133350 1309.7
1133360 1309.5
1133370 1309.2
1133380 1309.2
1133390 1308.7
1133400 1309.0
1133410 1309.0
1133420 1310.0
1133430 1311.7
1133440 1311.7
1133450 1313.7
1133460 1316.4
1133470 1320.0
1133480 1320.0
1133490 1322.4
1133500 1324.6
1133510 1324.6
1133520 1327.4
1133530 1329.1
1133540 1329.1
1133550 1330.6
1133560 1332.5
1133570 1332.5
1133580 1334.5
1133590 1336.9
1133600 1336.9
1133610 1339.6
1133620 1342.1
1133630 1342.1
1133640 1344.0
1133650 1345.8
1133660 1343.9
1133670 1346.4
1133680 1348.9
1133690 1348.9
1133700 1351.1
1133710 1353.7
1133720 1353.7
1133730 1355.8
1133740 1358.4
1133750 1361.2
1133760 1361.2
1133770 1363.5
1133780 1366.0
1133790 1366.0
1133800 1368.8
1133810 1371.5
1133820 1371.5
1133830 1373.8
1133840 1376.1
1133850 1376.1
1133860 1378.4
1133870 1380.6
1133880 1380.6
1133890 1383.0
1133900 1386.3
1133910 1386.3
1133920 1391.2
1133930 1396.4
1133940 1396.4
1133950 1402.0
1133960 1407.8
1133970 1407.8
1133980 1413.9
1133990 1420.1
1134000 1420.1
1134010 1426.4
1134020 1435.4
1134030 1441.8
1134040 1441.8
1134050 1446.6
1134060 1450.1
1134070 1450.1
1134080 1453.4
1134090 1456.7
1134100 1456.7
1134110 1460.6
1134120 1464.5
1134130 1464.5
1134140 1467.9
1134150 1471.3
1134160 1471.3
1134170 1475.3
1134180 1479.7
1134190 1479.7
1134200 1484.1
1134210 1488.5
1134220 1488.5
1134230 1492.1
1134240 1491.5
1134250 1491.5
1134260 1490.1
1134270 1490.0
1134280 1490.0
1134290 1489.6
1134300 1489.6
1134310 1489.1
1134320 1489.1
1134330 1492.5
1134340 1495.0
1134350 1495.0
1134360 1495.3
1134370 1496.1
1134380 1496.1
1134390 1493.8
1134400 1497.9
1134410 1497.9
1134420 1502.3
1134430 1508.5
1134440 1508.5
1134450 1513.1
1134460 1515.8
1134470 1515.8
1134480 1515.2
1134490 1513.8
1134500 1513.8
1134510 1516.6
1134520 1520.2
1134530 1520.2
1134540 1523.7
1134550 1528.4
1134560 1528.4
1134570 1533.1
1134580 1539.2
1134590 1545.2
1134600 1545.2
1134610 1549.4
1134620 1550.0
1134630 1550.0
1134640 1549.3
1134650 1548.4
1134660 1548.4
1134670 1548.4
1134680 1549.4
1134690 1549.4
1134700 1551.6
1134710 1556.5
1134720 1556.5
1134730 1563.1
1134740 1569.8
1134750 1571.3
1134760 1578.2
1134770 1582.2
1134780 1582.2
1134790 1582.0
1134800 1584.1
1134810 1584.1
1134820 1585.2
1134830 1584.2
1134840 1584.2
1134850 1584.3
1134860 1585.5
1134870 1585.5
1134880 1586.5
1134890 1589.3
1134900 1595.7
1134910 1595.7
1134920 1603.5
1134930 1610.6
1134940 1610.6
1134950 1619.6
1134960 1638.4
1134970 1638.4
1134980 1644.2
1134990 1649.2
1135000 1649.2
1135010 1655.2
1135020 1660.9
1135030 1660.9
1135040 1666.9
1135050 1671.8
1135060 1671.8
1135070 1676.5
1135080 1680.6
1135090 1680.6
1135100 1684.0
1135110 1689.7
1135120 1681.5
1135130 1682.5
1135140 1682.0
1135150 1682.0
1135160 1691.0
1135170 1703.3
1135180 1711.1
1135190 1711.1
1135200 1716.9
1135210 1720.5
1135220 1720.5
1135230 1722.4
1135240 1724.2
1135250 1724.2
1135260 1727.8
1135270 1735.1
1135280 1735.1
1135290 1741.1
1135300 1744.4
1135310 1744.4
1135320 1746.5
1135330 1749.2
1135340 1749.2
1135350 1756.9
1135360 1765.8
1135370 1765.8
1135380 1770.8
1135390 1775.3
1135400 1775.3
1135410 1777.5
1135420 1781.1
1135430 1781.1
1135440 1782.2
1135450 1784.7
1135460 1790.7
1135470 1790.7
1135480 1786.8
1135490 1790.4
1135500 1790.4
1135510 1793.0
1135520 1797.9
1135530 1797.9
1135540 1802.3
1135550 1809.1
1135560 1809.1
1135570 1815.8
1135580 1824.1
1135590 1824.1
1135600 1829.8
1135610 1839.0
1135620 1839.0
1135630 1855.3
1135640 1865.7
1135650 1865.7
1135660 1867.7
1135670 1866.1
1135680 1866.1
1135690 1865.1
1135700 1861.2
1135710 1861.2
1135720 1857.7
1135730 1855.3
1135740 1852.7
1135750 1852.7
1135760 1850.3
1135770 1849.0
1135780 1849.0
1135790 1847.1
1135800 1845.6
1135810 1845.6
1135820 1848.3
1135830 1851.7
1135840 1851.7
1135850 1851.9
1135860 1853.4
1135870 1853.4
1135880 1854.9
1135890 1856.9
1135900 1856.9
1135910 1860.9
1135920 1861.6
1135930 1861.6
1135940 1865.1
1135950 1869.5
1135960 1869.5
1135970 1872.8
1135980 1876.0
1135990 1876.0
1136000 1878.7
1136010 1880.0
1136020 1880.6
1136030 1880.6
1136040 1881.8
1136050 1882.2
1136060 1882.2
1136070 1881.5
1136080 1883.5
1136090 1883.5
1136100 1885.9
1136110 1887.6
1136120 1887.6
1136130 1890.3
1136140 1892.5
1136150 1892.5
1136160 1892.6
1136170 1893.1
1136180 1893.1
1136190 1896.9
1136200 1901.1
1136210 1898.5
1136220 1902.1
1136230 1906.1
1136240 1906.1
1136250 1909.3
1136260 1911.9
1136270 1911.9
1136280 1913.8
1136290 1915.9
1136300 1918.5
1136310 1918.5
1136320 1921.5
1136330 1926.3
1136340 1926.3
1136350 1931.7
1136360 1937.7
1136370 1937.7
1136380 1945.0
1136390 1952.3
1136400 1952.3
1136410 1960.6
1136420 1970.7
1136430 1970.7
1136440 1987.1
1136450 2001.0
1136460 2001.0
1136470 2014.9
1136480 2025.4
1136490 2025.4
1136500 2030.3
1136510 2036.1
1136520 2036.1
1136530 2042.9
1136540 2047.5
1136550 2047.5
1136560 2049.4
1136570 2050.0
1136580 2053.4
1136590 2053.4
1136600 2051.3
1136610 2049.5
1136620 2049.5
1136630 2051.8
1136640 2056.1
1136650 2056.1
1136660 2060.2
1136670 2063.3
1136680 2063.3
1136690 2066.5
1136700 2069.2
1136710 2069.2
1136720 2070.6
1136730 2069.7
1136740 2069.7
1136750 2068.1
1136760 2068.6
1136770 2068.6
1136780 2067.7
1136790 2065.2
1136800 2065.2
1136810 2062.7
1136820 2059.9
1136830 2059.9
1136840 2053.6
1136850 2045.4
1136860 2038.5
1136870 2038.5
1136880 2032.4
1136890 2027.3
1136900 2027.3
1136910 2024.4
1136920 2021.0
1136930 2021.0
1136940 2024.5
1136950 2019.9
1136960 2019.9
1136970 2012.2
1136980 2003.3
1136990 2003.3
1137000 1993.2
1137010 1985.6
1137020 1985.6
1137030 1981.5
1137040 1976.7
1137050 1976.7
1137060 1970.1
1137070 1963.4
1137080 1963.4
1137090 1957.8
1137100 1951.6
1137110 1951.6
1137120 1945.3
1137130 1939.9
1137140 1939.9
1137150 1936.6
1137160 1934.7
1137170 1930.6
1137180 1930.6
1137190 1926.5
1137200 1925.4
1137210 1925.4
1137220 1923.2
