1120000 1318.2
1120010 1318.9
1120020 1318.9
1120030 1318.7
1120040 1315.4
1120050 1308.8
1120060 1308.8
1120070 1305.0
1120080 1302.3
1120090 1302.3
1120100 1299.2
1120110 1300.9
1120120 1300.9
1120130 1302.7
1120140 1302.4
1120150 1302.4
1120160 1306.5
1120170 1309.9
1120180 1309.9
1120190 1311.5
1120200 1310.5
1120210 1310.5
1120220 1308.4
1120230 1303.4
1120240 1303.4
1120250 1300.7
1120260 1301.3
1120270 1301.3
1120280 1313.2
1120290 1312.9
1120300 1312.9
1120310 1312.4
1120320 1311.9
1120330 1309.0
1120340 1309.0
1120350 1308.2
1120360 1307.0
1120370 1307.0
1120380 1308.7
1120390 1313.2
1120400 1313.2
1120410 1315.4
1120420 1317.8
1120430 1317.8
1120440 1319.3
1120450 1316.6
1120460 1316.6
1120470 1315.2
1120480 1316.9
1120490 1316.9
1120500 1321.1
1120510 1324.1
1120520 1324.1
1120530 1326.4
1120540 1329.2
1120550 1329.2
1120560 1332.2
1120570 1333.0
1120580 1333.0
1120590 1333.2
1120600 1335.0
1120610 1337.3
1120620 1337.3
1120630 1347.5
1120640 1349.3
1120650 1349.3
1120660 1352.3
1120670 1355.2
1120680 1355.2
1120690 1358.1
1120700 1362.0
1120710 1362.0
1120720 1362.7
1120730 1362.1
1120740 1362.1
1120750 1360.5
1120760 1356.9
1120770 1356.9
1120780 1359.1
1120790 1363.0
1120800 1363.0
1120810 1364.2
1120820 1364.9
1120830 1364.9
1120840 1364.7
1120850 1363.6
1120860 1363.6
1120870 1364.6
1120880 1367.7
1120890 1371.0
1120900 1371.0
1120910 1372.9
1120920 1374.5
1120930 1374.5
1120940 1376.2
1120950 1378.3
1120960 1378.3
1120970 1379.5
1120980 1383.2
1120990 1383.2
1121000 1384.2
1121010 1385.3
1121020 1385.3
1121030 1386.1
1121040 1386.6
1121050 1386.6
1121060 1388.0
1121070 1389.6
1121080 1389.6
1121090 1391.2
1121100 1393.3
1121110 1393.3
1121120 1396.1
1121130 1398.3
1121140 1398.3
1121150 1398.0
1121160 1392.1
1121170 1383.1
1121180 1383.1
1121190 1380.4
1121200 1381.2
1121210 1381.2
1121220 1381.9
1121230 1383.2
1121240 1383.2
1121250 1388.0
1121260 1403.6
1121270 1403.6
1121280 1413.8
1121290 1417.0
1121300 1417.0
1121310 1419.6
1121320 1422.6
1121330 1422.2
1121340 1425.1
1121350 1428.2
1121360 1428.2
1121370 1431.6
1121380 1435.0
1121390 1435.0
1121400 1438.3
1121410 1439.4
1121420 1439.4
1121430 1442.5
1121440 1448.5
1121450 1452.7
1121460 1452.7
1121470 1455.7
1121480 1458.8
1121490 1458.8
1121500 1461.9
1121510 1465.7
1121520 1465.7
1121530 1468.8
1121540 1470.2
1121550 1470.2
1121560 1473.3
1121570 1477.1
1121580 1477.1
1121590 1481.7
1121600 1486.3
1121610 1486.3
1121620 1490.5
1121630 1494.7
1121640 1494.7
1121650 1498.8
1121660 1502.6
1121670 1502.6
1121680 1508.4
1121690 1515.5
1121700 1515.5
1121710 1521.2
1121720 1526.4
1121730 1526.4
1121740 1532.5
1121750 1538.3
1121760 1543.0
1121770 1543.0
1121780 1548.3
1121790 1553.6
1121800 1553.6
1121810 1558.8
1121820 1565.0
1121830 1565.0
1121840 1571.9
1121850 1578.7
1121860 1578.7
1121870 1585.1
1121880 1591.2
1121890 1591.2
1121900 1597.7
1121910 1604.3
1121920 1604.3
1121930 1609.8
1121940 1616.3
1121950 1616.3
1121960 1624.0
1121970 1632.4
1121980 1632.4
1121990 1639.3
1122000 1648.4
1122010 1648.4
1122020 1655.8
1122030 1664.9
1122040 1672.8
1122050 1672.8
1122060 1679.7
1122070 1686.4
1122080 1686.4
1122090 1692.0
1122100 1699.6
1122110 1699.6
1122120 1709.8
1122130 1720.3
1122140 1720.3
1122150 1730.1
1122160 1738.6
1122170 1738.6
1122180 1746.5
1122190 1753.2
1122200 1753.2
1122210 1759.6
1122220 1766.4
1122230 1766.4
1122240 1774.1
1122250 1780.6
1122260 1780.6
1122270 1787.2
1122280 1792.8
1122290 1792.8
1122300 1800.0
1122310 1806.7
1122320 1813.6
1122330 1813.6
1122340 1822.0
1122350 1830.5
1122360 1830.5
1122370 1838.4
1122380 1847.5
1122390 1843.7
1122400 1852.6
1122410 1860.1
1122420 1860.1
1122430 1865.7
1122440 1871.5
1122450 1871.5
1122460 1878.3
1122470 1884.9
1122480 1884.9
1122490 1889.9
1122500 1895.1
1122510 1895.1
1122520 1900.5
1122530 1905.3
1122540 1905.3
1122550 1907.8
1122560 1908.0
1122570 1908.0
1122580 1897.6
1122590 1886.1
1122600 1877.1
1122610 1877.1
1122620 1870.5
1122630 1863.6
1122640 1863.6
1122650 1856.5
1122660 1849.6
1122670 1849.6
1122680 1843.4
1122690 1837.3
1122700 1837.3
1122710 1831.4
1122720 1824.8
1122730 1824.8
1122740 1824.4
1122750 1819.7
1122760 1819.7
1122770 1814.7
1122780 1809.9
1122790 1809.9
1122800 1805.6
1122810 1799.9
1122820 1799.9
1122830 1793.5
1122840 1786.7
1122850 1786.7
1122860 1778.1
1122870 1770.4
1122880 1762.2
1122890 1762.2
1122900 1754.0
1122910 1746.0
1122920 1746.0
1122930 1737.1
1122940 1728.2
1122950 1728.2
1122960 1720.6
1122970 1715.4
1122980 1715.4
1122990 1715.8
1123000 1721.6
1123010 1721.6
1123020 1727.5
1123030 1726.6
1123040 1726.6
1123050 1730.1
1123060 1735.7
1123070 1735.7
1123080 1736.5
1123090 1732.7
1123100 1732.7
1123110 1728.1
1123120 1721.9
1123130 1721.9
1123140 1714.4
1123150 1708.0
1123160 1702.3
1123170 1702.3
1123180 1696.9
1123190 1690.6
1123200 1690.6
1123210 1685.1
1123220 1678.7
1123230 1678.7
1123240 1667.4
1123250 1657.6
1123260 1657.6
1123270 1648.9
1123280 1641.1
1123290 1641.1
1123300 1629.7
1123310 1616.1
1123320 1616.1
1123330 1611.1
1123340 1605.1
1123350 1605.1
1123360 1603.3
1123370 1601.9
1123380 1601.9
1123390 1596.9
1123400 1598.9
1123410 1598.9
1123420 1602.7
1123430 1598.5
1123440 1597.0
1123450 1597.0
1123460 1580.4
1123470 1578.7
1123480 1578.7
1123490 1581.9
1123500 1573.4
1123510 1573.4
1123520 1565.6
1123530 1566.5
1123540 1566.5
1123550 1562.0
1123560 1557.6
1123570 1557.6
1123580 1550.5
1123590 1534.8
1123600 1534.8
1123610 1523.5
1123620 1519.9
1123630 1519.9
1123640 1519.0
1123650 1524.5
1123660 1524.5
1123670 1522.4
1123680 1517.7
1123690 1517.7
1123700 1513.5
1123710 1509.9
1123720 1509.9
1123730 1504.5
1123740 1498.0
1123750 1492.5
1123760 1492.5
1123770 1488.3
1123780 1483.8
1123790 1483.8
1123800 1484.4
1123810 1478.4
1123820 1478.4
1123830 1479.7
1123840 1480.4
1123850 1480.4
1123860 1475.6
1123870 1467.6
1123880 1467.6
1123890 1462.2
1123900 1460.9
1123910 1460.9
1123920 1457.7
1123930 1453.0
1123940 1453.0
1123950 1445.8
1123960 1441.0
1123970 1441.0
1123980 1439.8
1123990 1438.0
1124000 1438.0
1124010 1434.7
1124020 1429.7
1124030 1425.9
1124040 1425.9
1124050 1423.8
1124060 1422.6
1124070 1422.6
1124080 1419.7
1124090 1417.5
1124100 1417.5
1124110 1415.4
1124120 1410.3
1124130 1410.3
1124140 1403.0
1124150 1402.7
1124160 1402.7
1124170 1404.1
1124180 1408.9
1124190 1408.9
1124200 1410.2
1124210 1406.1
1124220 1406.1
1124230 1401.8
1124240 1396.0
1124250 1396.0
1124260 1389.4
1124270 1384.9
1124280 1384.9
1124290 1383.7
1124300 1382.1
1124310 1380.4
1124320 1380.4
1124330 1377.6
1124340 1374.2
1124350 1374.2
1124360 1369.0
1124370 1364.5
1124380 1364.5
1124390 1362.1
1124400 1360.8
1124410 1360.8
1124420 1360.1
1124430 1360.7
1124440 1360.7
1124450 1360.6
1124460 1360.2
1124470 1360.2
1124480 1359.5
1124490 1356.2
1124500 1363.8
1124510 1360.6
1124520 1358.3
1124530 1358.3
1124540 1356.6
1124550 1352.7
1124560 1352.7
1124570 1350.9
1124580 1348.0
1124590 1342.4
1124600 1342.4
1124610 1335.2
1124620 1330.1
1124630 1330.1
1124640 1329.7
1124650 1329.4
1124660 1329.4
1124670 1329.5
1124680 1329.5
1124690 1329.5
1124700 1329.0
1124710 1328.7
1124720 1328.7
1124730 1328.3
1124740 1327.8
1124750 1327.8
1124760 1328.0
1124770 1327.3
1124780 1327.3
1124790 1327.1
1124800 1327.6
1124810 1327.6
1124820 1328.4
1124830 1329.4
1124840 1329.4
1124850 1331.7
1124860 1331.8
1124870 1332.1
1124880 1332.1
1124890 1332.3
1124900 1333.2
1124910 1333.2
1124920 1334.2
1124930 1335.4
1124940 1335.4
1124950 1335.5
1124960 1335.7
1124970 1335.7
1124980 1335.9
1124990 1336.5
1125000 1336.5
1125010 1337.4
1125020 1338.2
1125030 1338.2
1125040 1338.9
1125050 1339.0
1125060 1339.0
1125070 1338.5
1125080 1338.1
1125090 1338.1
1125100 1337.9
1125110 1338.1
1125120 1338.1
1125130 1337.4
1125140 1336.5
1125150 1335.6
1125160 1335.6
1125170 1335.5
1125180 1335.6
1125190 1335.6
1125200 1335.4
1125210 1332.7
1125220 1332.7
1125230 1331.9
1125240 1331.7
1125250 1331.7
1125260 1331.9
1125270 1331.5
1125280 1331.5
1125290 1331.3
1125300 1331.3
1125310 1331.3
1125320 1330.7
1125330 1330.0
1125340 1330.0
1125350 1329.5
1125360 1329.2
1125370 1329.2
1125380 1329.1
1125390 1329.0
1125400 1329.0
1125410 1329.9
1125420 1330.9
1125430 1332.6
1125440 1332.6
1125450 1334.3
1125460 1336.0
1125470 1336.0
1125480 1335.2
1125490 1335.5
1125500 1335.5
1125510 1336.9
1125520 1336.9
1125530 1336.9
1125540 1334.9
1125550 1333.3
1125560 1333.3
1125570 1329.4
1125580 1328.9
1125590 1328.9
1125600 1326.3
1125610 1325.1
1125620 1325.1
1125630 1328.8
1125640 1329.3
1125650 1329.3
1125660 1329.8
1125670 1331.1
1125680 1331.1
1125690 1332.7
1125700 1333.1
1125710 1333.0
1125720 1333.0
1125730 1332.4
1125740 1332.9
1125750 1332.9
1125760 1333.7
1125770 1333.8
1125780 1333.8
1125790 1331.2
1125800 1330.8
1125810 1330.8
1125820 1332.1
1125830 1332.6
1125840 1332.6
1125850 1334.0
1125860 1336.0
1125870 1336.0
1125880 1337.0
1125890 1337.0
1125900 1337.0
1125910 1335.8
1125920 1333.0
1125930 1333.0
1125940 1332.8
1125950 1332.3
1125960 1332.3
1125970 1332.3
1125980 1331.9
1125990 1331.9
1126000 1332.8
1126010 1333.9
1126020 1333.6
1126030 1333.6
1126040 1333.4
1126050 1333.7
1126060 1333.7
1126070 1333.6
1126080 1331.5
1126090 1331.5
1126100 1332.1
1126110 1333.2
1126120 1333.2
1126130 1333.6
1126140 1333.6
1126150 1333.6
1126160 1332.7
1126170 1331.4
1126180 1331.4
1126190 1330.5
1126200 1329.3
1126210 1329.3
1126220 1329.3
1126230 1329.4
1126240 1329.4
1126250 1329.4
1126260 1329.2
1126270 1329.2
1126280 1323.5
1126290 1321.7
1126300 1322.6
1126310 1322.6
1126320 1321.3
1126330 1319.7
1126340 1319.7
1126350 1317.6
1126360 1316.0
1126370 1316.0
1126380 1313.1
1126390 1314.0
1126400 1314.0
1126410 1313.2
1126420 1310.0
1126430 1310.0
1126440 1311.2
1126450 1313.7
1126460 1313.7
1126470 1312.7
1126480 1310.3
1126490 1310.3
1126500 1307.6
1126510 1306.1
1126520 1306.1
1126530 1305.5
1126540 1303.3
1126550 1303.3
1126560 1302.4
1126570 1303.2
1126580 1302.9
1126590 1302.9
1126600 1302.0
1126610 1300.9
1126620 1300.9
1126630 1296.1
1126640 1295.2
1126650 1295.2
1126660 1294.3
1126670 1293.5
1126680 1293.5
1126690 1292.7
1126700 1292.1
1126710 1292.1
1126720 1291.5
1126730 1291.0
1126740 1291.0
1126750 1290.6
1126760 1290.3
1126770 1290.3
1126780 1290.5
1126790 1291.5
1126800 1291.5
1126810 1291.9
1126820 1287.9
1126830 1287.9
1126840 1286.1
1126850 1286.0
1126860 1286.4
1126870 1286.4
1126880 1286.9
1126890 1284.6
1126900 1284.6
1126910 1283.3
1126920 1283.6
1126930 1283.6
1126940 1282.4
1126950 1281.7
1126960 1281.7
1126970 1280.7
1126980 1279.6
1126990 1276.4
1127000 1275.1
1127010 1274.3
1127020 1274.3
1127030 1273.6
1127040 1272.1
1127050 1272.1
1127060 1270.5
1127070 1270.9
1127080 1270.9
1127090 1272.5
1127100 1274.8
1127110 1274.8
1127120 1276.5
1127130 1275.1
1127140 1275.8
1127150 1275.8
1127160 1275.7
1127170 1274.4
1127180 1274.4
1127190 1272.3
1127200 1270.9
1127210 1270.9
1127220 1269.8
1127230 1268.2
1127240 1268.2
1127250 1266.5
1127260 1264.4
1127270 1264.4
1127280 1262.5
1127290 1260.8
1127300 1260.8
1127310 1260.0
1127320 1259.5
1127330 1259.5
1127340 1262.7
1127350 1259.6
1127360 1259.6
1127370 1260.6
1127380 1265.3
1127390 1265.3
1127400 1269.9
1127410 1270.8
1127420 1270.7
1127430 1270.7
1127440 1270.0
1127450 1271.2
1127460 1271.2
1127470 1272.4
1127480 1272.6
1127490 1272.6
1127500 1272.3
1127510 1271.9
1127520 1271.9
1127530 1269.4
1127540 1262.7
1127550 1262.7
1127560 1255.9
1127570 1250.5
1127580 1250.5
1127590 1253.5
1127600 1262.3
1127610 1262.3
1127620 1265.5
1127630 1267.9
1127640 1267.9
1127650 1268.5
1127660 1266.9
1127670 1266.9
1127680 1264.7
1127690 1265.9
1127700 1261.5
1127710 1261.5
1127720 1261.4
1127730 1260.6
1127740 1260.6
1127750 1260.2
1127760 1258.4
1127770 1258.4
1127780 1255.1
1127790 1250.8
1127800 1250.8
1127810 1247.4
1127820 1244.3
1127830 1244.3
1127840 1238.4
1127850 1238.6
1127860 1238.6
1127870 1242.9
1127880 1243.2
1127890 1243.2
1127900 1241.8
1127910 1238.9
1127920 1238.9
1127930 1235.9
1127940 1231.3
1127950 1231.3
1127960 1226.7
1127970 1225.4
1127980 1225.7
1127990 1225.7
1128000 1226.8
1128010 1227.4
1128020 1227.4
1128030 1226.2
1128040 1225.3
1128050 1225.3
1128060 1216.2
1128070 1216.8
1128080 1216.8
1128090 1217.2
1128100 1217.2
1128110 1217.2
1128120 1221.0
1128130 1223.6
1128140 1223.6
1128150 1224.2
1128160 1223.9
1128170 1223.9
1128180 1224.6
1128190 1226.3
1128200 1226.3
1128210 1227.1
1128220 1227.1
1128230 1227.1
1128240 1226.1
1128250 1224.3
1128260 1224.3
1128270 1223.2
1128280 1222.0
1128290 1219.3
1128300 1219.3
1128310 1214.7
1128320 1210.2
1128330 1210.2
1128340 1208.4
1128350 1206.7
1128360 1206.7
1128370 1202.7
1128380 1196.8
1128390 1196.8
1128400 1200.1
1128410 1200.1
1128420 1192.5
1128430 1189.5
1128440 1188.5
1128450 1188.5
1128460 1188.0
1128470 1188.3
1128480 1188.3
1128490 1189.2
1128500 1190.3
1128510 1190.3
1128520 1190.1
1128530 1188.8
1128540 1188.8
1128550 1186.1
1128560 1183.8
1128570 1182.9
1128580 1182.9
1128590 1182.9
1128600 1183.1
1128610 1183.1
1128620 1182.5
1128630 1182.5
1128640 1182.5
1128650 1182.5
1128660 1182.6
1128670 1182.6
1128680 1182.9
1128690 1184.1
1128700 1184.1
1128710 1184.9
1128720 1184.8
1128730 1184.8
1128740 1185.1
1128750 1184.8
1128760 1184.8
1128770 1182.3
1128780 1180.3
1128790 1180.3
1128800 1179.5
1128810 1179.2
1128820 1179.2
1128830 1179.0
1128840 1178.6
1128850 1177.6
1128860 1177.6
1128870 1176.7
1128880 1176.0
1128890 1176.0
1128900 1172.9
1128910 1167.5
1128920 1167.5
1128930 1164.3
1128940 1162.0
1128950 1162.0
1128960 1163.2
1128970 1163.7
1128980 1163.7
1128990 1163.7
1129000 1163.1
1129010 1163.1
1129020 1162.9
1129030 1163.0
1129040 1163.0
1129050 1161.9
1129060 1160.7
1129070 1160.7
1129080 1159.4
1129090 1158.3
1129100 1158.3
1129110 1159.3
1129120 1159.7
1129130 1158.9
1129140 1158.9
1129150 1159.0
1129160 1158.8
1129170 1158.8
1129180 1158.7
1129190 1158.5
1129200 1158.5
1129210 1158.3
1129220 1158.3
1129230 1158.3
1129240 1158.2
1129250 1158.1
1129260 1158.1
1129270 1158.0
1129280 1158.0
1129290 1158.0
1129300 1157.8
1129310 1157.6
1129320 1157.6
1129330 1158.1
1129340 1158.1
1129350 1158.1
1129360 1157.7
1129370 1157.2
1129380 1157.2
1129390 1156.4
1129400 1156.0
1129410 1155.7
1129420 1155.7
1129430 1155.3
1129440 1154.9
1129450 1154.9
1129460 1154.2
1129470 1153.6
1129480 1153.6
1129490 1153.3
1129500 1153.2
1129510 1153.2
1129520 1153.0
1129530 1153.0
1129540 1153.0
1129550 1152.7
1129560 1152.5
1129570 1152.5
1129580 1152.2
1129590 1151.1
1129600 1151.1
1129610 1149.7
1129620 1148.9
1129630 1148.9
1129640 1148.5
1129650 1148.2
1129660 1148.2
1129670 1148.1
1129680 1147.9
1129690 1147.6
1129700 1147.6
1129710 1147.4
1129720 1146.7
1129730 1146.7
1129740 1146.4
1129750 1146.4
1129760 1146.4
1129770 1147.4
1129780 1148.2
1129790 1148.2
1129800 1148.6
1129810 1148.7
1129820 1148.7
1129830 1148.7
1129840 1148.6
1129850 1149.1
1129860 1148.8
1129870 1149.1
1129880 1149.1
1129890 1149.8
1129900 1150.0
1129910 1150.0
1129920 1150.2
1129930 1150.1
1129940 1150.1
1129950 1150.1
1129960 1151.0
1129970 1154.5
1129980 1154.5
1129990 1160.8
1130000 1167.2
1130010 1167.2
1130020 1171.1
1130030 1173.9
1130040 1173.9
1130050 1177.0
1130060 1180.4
1130070 1180.4
1130080 1184.4
1130090 1188.6
1130100 1188.6
1130110 1193.6
1130120 1198.9
1130130 1198.9
1130140 1204.7
1130150 1211.3
1130160 1211.3
1130170 1217.0
1130180 1222.7
1130190 1222.7
1130200 1228.2
1130210 1239.0
1130220 1239.0
1130230 1244.9
1130240 1250.5
1130250 1256.1
1130260 1256.1
1130270 1262.1
1130280 1268.5
1130290 1268.5
1130300 1273.7
1130310 1277.3
1130320 1277.3
1130330 1282.7
1130340 1289.3
1130350 1289.3
1130360 1294.8
1130370 1300.8
1130380 1300.8
1130390 1305.8
1130400 1312.0
1130410 1312.0
1130420 1322.1
1130430 1328.8
1130440 1328.8
1130450 1329.0
1130460 1335.7
1130470 1335.7
1130480 1340.7
1130490 1343.1
1130500 1343.1
1130510 1348.3
1130520 1356.2
1130530 1364.2
1130540 1364.2
1130550 1372.2
1130560 1382.1
1130570 1385.6
1130580 1394.2
1130590 1399.5
1130600 1399.5
1130610 1399.4
1130620 1396.7
1130630 1396.7
1130640 1399.9
1130650 1417.5
1130660 1417.5
1130670 1427.7
1130680 1432.0
1130690 1432.0
1130700 1441.6
1130710 1455.3
1130720 1455.3
1130730 1455.5
1130740 1455.6
1130750 1455.6
1130760 1456.9
1130770 1456.9
1130780 1456.9
1130790 1453.1
1130800 1462.2
1130810 1462.2
1130820 1466.4
1130830 1466.6
1130840 1468.7
1130850 1468.7
1130860 1468.6
1130870 1475.7
1130880 1475.7
1130890 1504.6
1130900 1527.6
1130910 1527.6
1130920 1543.4
1130930 1558.1
1130940 1558.1
1130950 1559.4
1130960 1562.2
1130970 1562.2
1130980 1568.1
1130990 1573.8
1131000 1573.8
1131010 1577.2
1131020 1580.3
1131030 1580.3
1131040 1582.0
1131050 1583.1
1131060 1583.1
1131070 1584.9
1131080 1587.6
1131090 1587.6
1131100 1579.7
1131110 1566.6
1131120 1550.8
1131130 1550.8
1131140 1536.9
1131150 1528.6
1131160 1528.6
1131170 1530.3
1131180 1534.7
1131190 1534.7
1131200 1540.0
1131210 1553.8
1131220 1553.8
1131230 1565.0
1131240 1571.2
1131250 1571.2
1131260 1570.4
1131270 1575.4
1131280 1575.4
1131290 1595.8
1131300 1592.9
1131310 1592.9
1131320 1585.1
1131330 1574.7
1131340 1574.7
1131350 1569.2
1131360 1563.9
1131370 1563.9
1131380 1560.6
1131390 1558.5
1131400 1556.0
1131410 1556.0
1131420 1550.2
1131430 1549.5
1131440 1549.5
1131450 1560.1
1131460 1573.9
1131470 1573.9
1131480 1589.8
1131490 1598.3
1131500 1598.3
1131510 1604.7
1131520 1612.0
1131530 1612.0
1131540 1626.6
1131550 1648.2
1131560 1648.2
1131570 1660.1
1131580 1671.1
1131590 1671.1
1131600 1678.2
1131610 1683.0
1131620 1683.0
1131630 1687.2
1131640 1690.1
1131650 1679.2
1131660 1688.0
1131670 1699.3
1131680 1712.9
1131690 1712.9
1131700 1722.3
1131710 1725.3
1131720 1725.3
1131730 1731.2
1131740 1735.9
1131750 1735.9
1131760 1740.4
1131770 1740.1
1131780 1740.1
1131790 1740.9
1131800 1735.5
1131810 1735.5
1131820 1734.7
1131830 1735.6
1131840 1735.6
1131850 1742.5
1131860 1750.1
1131870 1750.1
1131880 1758.2
1131890 1764.7
1131900 1764.7
1131910 1772.2
1131920 1775.0
1131930 1775.0
1131940 1779.2
1131950 1782.8
1131960 1791.4
1131970 1791.4
1131980 1806.4
1131990 1811.7
1132000 1811.7
1132010 1820.7
1132020 1820.0
1132030 1820.0
1132040 1811.4
1132050 1799.5
1132060 1799.5
1132070 1797.6
1132080 1797.7
1132090 1797.7
1132100 1792.8
1132110 1779.7
1132120 1779.7
1132130 1767.6
1132140 1756.7
1132150 1756.7
1132160 1742.0
1132170 1722.9
1132180 1722.9
1132190 1717.5
1132200 1722.4
1132210 1722.4
1132220 1731.4
1132230 1737.3
1132240 1733.6
1132250 1733.6
1132260 1717.9
1132270 1701.4
1132280 1701.4
1132290 1687.7
1132300 1691.1
1132310 1691.1
1132320 1695.3
1132330 1688.3
1132340 1688.3
1132350 1678.4
1132360 1670.0
1132370 1672.6
1132380 1667.2
1132390 1662.4
1132400 1662.4
1132410 1658.2
1132420 1653.7
1132430 1653.7
1132440 1648.7
1132450 1643.9
1132460 1643.9
1132470 1638.8
1132480 1632.8
1132490 1632.8
1132500 1627.1
1132510 1620.3
1132520 1610.9
1132530 1610.9
1132540 1599.4
1132550 1587.2
1132560 1587.2
1132570 1573.2
1132580 1572.6
1132590 1572.6
1132600 1565.6
1132610 1552.3
1132620 1552.3
1132630 1539.3
1132640 1529.0
1132650 1529.0
1132660 1520.8
1132670 1517.9
1132680 1517.9
1132690 1515.5
1132700 1511.9
1132710 1511.9
1132720 1507.7
1132730 1504.0
1132740 1508.3
1132750 1503.7
1132760 1499.7
1132770 1499.7
1132780 1495.2
1132790 1490.9
1132800 1487.5
1132810 1487.5
1132820 1483.8
1132830 1480.3
1132840 1480.3
1132850 1475.6
1132860 1467.5
1132870 1467.5
1132880 1459.4
1132890 1452.5
1132900 1452.5
1132910 1447.9
1132920 1443.7
1132930 1443.7
1132940 1440.7
1132950 1436.0
1132960 1436.0
1132970 1430.8
1132980 1426.0
1132990 1426.0
1133000 1422.2
1133010 1419.1
1133020 1419.1
1133030 1414.3
1133040 1408.4
1133050 1408.4
1133060 1408.8
1133070 1408.3
1133080 1408.3
1133090 1407.4
1133100 1413.8
1133110 1415.8
1133120 1415.8
1133130 1417.1
1133140 1419.6
1133150 1419.6
1133160 1420.4
1133170 1417.8
1133180 1417.8
1133190 1416.1
1133200 1416.2
1133210 1416.2
1133220 1415.9
1133230 1415.1
1133240 1415.1
1133250 1413.4
1133260 1413.0
1133270 1413.0
1133280 1410.8
1133290 1409.7
1133300 1409.7
1133310 1409.0
1133320 1406.5
1133330 1406.5
1133340 1402.8
1133350 1398.7
1133360 1398.7
1133370 1393.4
1133380 1389.6
1133390 1385.2
1133400 1385.2
1133410 1381.2
1133420 1376.4
1133430 1376.4
1133440 1370.9
1133450 1366.4
1133460 1367.6
1133470 1363.1
1133480 1359.2
1133490 1359.2
1133500 1355.4
1133510 1351.8
1133520 1351.8
1133530 1348.8
1133540 1348.8
1133550 1348.8
1133560 1350.5
1133570 1350.7
1133580 1350.7
1133590 1349.6
1133600 1348.6
1133610 1348.6
1133620 1345.9
1133630 1344.4
1133640 1344.4
1133650 1341.8
1133660 1340.2
1133670 1339.1
1133680 1339.1
1133690 1338.9
1133700 1338.6
1133710 1338.6
1133720 1337.8
1133730 1336.8
1133740 1336.8
1133750 1334.8
1133760 1333.1
1133770 1333.1
1133780 1332.7
1133790 1333.7
1133800 1333.7
1133810 1334.1
1133820 1336.7
1133830 1336.7
1133840 1336.8
1133850 1336.0
1133860 1336.0
1133870 1336.2
1133880 1335.3
1133890 1335.3
1133900 1335.7
1133910 1336.4
1133920 1336.4
1133930 1336.1
1133940 1336.8
1133950 1337.8
1133960 1337.8
1133970 1338.8
1133980 1340.6
1133990 1340.6
1134000 1343.2
1134010 1345.5
1134020 1345.5
1134030 1347.8
1134040 1349.9
1134050 1349.9
1134060 1351.8
1134070 1354.1
1134080 1354.1
1134090 1356.1
1134100 1358.2
1134110 1358.2
1134120 1360.0
1134130 1361.6
1134140 1361.6
1134150 1363.2
1134160 1365.0
1134170 1365.0
1134180 1367.0
1134190 1366.7
1134200 1366.7
1134210 1369.6
1134220 1372.0
1134230 1374.0
1134240 1374.0
1134250 1376.4
1134260 1379.9
1134270 1379.9
1134280 1383.3
1134290 1387.1
1134300 1387.1
1134310 1389.4
1134320 1390.7
1134330 1390.7
1134340 1392.5
1134350 1394.6
1134360 1394.6
1134370 1396.9
1134380 1398.4
1134390 1398.4
1134400 1400.2
1134410 1401.9
1134420 1401.9
1134430 1403.3
1134440 1406.4
1134450 1406.4
1134460 1410.4
1134470 1414.3
1134480 1414.3
1134490 1418.5
1134500 1422.8
1134510 1427.5
1134520 1427.5
1134530 1432.6
1134540 1438.3
1134550 1440.0
1134560 1446.7
1134570 1452.6
1134580 1452.6
1134590 1457.3
1134600 1461.7
1134610 1461.7
1134620 1465.5
1134630 1468.8
1134640 1468.8
1134650 1471.5
1134660 1474.3
1134670 1474.3
1134680 1476.9
1134690 1479.9
1134700 1479.9
1134710 1482.7
1134720 1485.8
1134730 1485.8
1134740 1490.1
1134750 1495.7
1134760 1495.7
1134770 1501.4
1134780 1507.4
1134790 1513.5
1134800 1513.5
1134810 1520.2
1134820 1528.2
1134830 1528.2
1134840 1536.3
1134850 1545.2
1134860 1545.2
1134870 1553.7
1134880 1560.8
1134890 1560.8
1134900 1570.1
1134910 1577.1
1134920 1577.1
1134930 1584.7
1134940 1591.1
1134950 1591.1
1134960 1598.1
1134970 1606.5
1134980 1606.5
1134990 1614.6
1135000 1621.8
1135010 1621.8
1135020 1628.1
1135030 1634.5
1135040 1634.5
1135050 1640.8
1135060 1647.1
1135070 1653.5
1135080 1653.5
1135090 1659.6
1135100 1665.3
1135110 1665.3
1135120 1670.9
1135130 1674.8
1135140 1674.8
1135150 1677.4
1135160 1679.2
1135170 1679.2
1135180 1680.8
1135190 1682.4
1135200 1682.4
1135210 1684.2
1135220 1685.4
1135230 1685.4
1135240 1686.0
1135250 1686.7
1135260 1686.7
1135270 1688.4
1135280 1697.4
1135290 1697.4
1135300 1700.2
1135310 1703.1
1135320 1703.1
1135330 1707.0
1135340 1711.3
1135350 1714.2
1135360 1714.2
1135370 1715.0
1135380 1716.7
1135390 1716.7
1135400 1716.0
1135410 1717.7
1135420 1717.7
1135430 1721.4
1135440 1724.8
1135450 1724.8
1135460 1728.3
1135470 1731.0
1135480 1731.0
1135490 1733.5
1135500 1735.6
1135510 1735.6
1135520 1738.4
1135530 1742.3
1135540 1742.3
1135550 1746.2
1135560 1750.0
1135570 1750.0
1135580 1754.1
1135590 1758.9
1135600 1758.9
1135610 1762.8
1135620 1767.3
1135630 1772.6
1135640 1777.1
1135650 1782.4
1135660 1787.1
1135670 1787.1
1135680 1791.9
1135690 1796.2
1135700 1796.2
1135710 1800.5
1135720 1804.5
1135730 1804.5
1135740 1809.1
1135750 1813.4
1135760 1813.4
1135770 1818.5
1135780 1823.9
1135790 1823.9
1135800 1828.7
1135810 1831.7
1135820 1831.7
1135830 1833.4
1135840 1837.8
1135850 1837.8
1135860 1848.0
1135870 1864.2
1135880 1864.2
1135890 1866.3
1135900 1866.5
1135910 1866.5
1135920 1873.6
1135930 1883.9
1135940 1901.0
1135950 1901.0
1135960 1918.0
1135970 1917.1
1135980 1917.1
1135990 1931.2
1136000 1935.2
1136010 1943.2
1136020 1939.4
1136030 1943.3
1136040 1943.3
1136050 1954.4
1136060 1962.8
1136070 1962.8
1136080 1967.9
1136090 1975.9
1136100 1975.9
1136110 1981.5
1136120 1988.8
1136130 1988.8
1136140 1994.6
1136150 2000.9
1136160 2000.9
1136170 2004.3
1136180 2007.1
1136190 2007.1
1136200 2011.7
1136210 2021.5
1136220 2030.1
1136230 2030.1
1136240 2039.5
1136250 2049.2
1136260 2049.2
1136270 2060.9
1136280 2065.5
1136290 2065.5
1136300 2065.2
1136310 2058.8
1136320 2058.8
1136330 2052.2
1136340 2045.9
1136350 2045.9
1136360 2041.4
1136370 2040.6
1136380 2048.4
1136390 2049.5
1136400 2051.0
1136410 2051.0
1136420 2050.2
1136430 2046.7
1136440 2046.7
1136450 2044.6
1136460 2043.3
1136470 2043.3
1136480 2041.7
1136490 2041.0
1136500 2039.6
1136510 2039.6
1136520 2037.8
1136530 2036.7
1136540 2036.7
1136550 2035.2
1136560 2033.6
1136570 2033.6
1136580 2031.7
1136590 2030.1
1136600 2030.1
1136610 2029.9
1136620 2029.8
1136630 2029.8
1136640 2029.4
1136650 2028.0
1136660 2028.0
1136670 2027.1
1136680 2027.5
1136690 2027.5
1136700 2030.0
1136710 2034.2
1136720 2034.2
1136730 2039.0
1136740 2048.3
1136750 2048.3
1136760 2052.5
1136770 2055.6
1136780 2057.6
1136790 2057.6
1136800 2059.2
1136810 2060.5
1136820 2060.5
1136830 2061.2
1136840 2062.6
1136850 2062.6
1136860 2064.9
1136870 2067.0
1136880 2067.0
1136890 2069.1
1136900 2070.5
1136910 2070.5
1136920 2069.9
1136930 2068.7
1136940 2068.7
1136950 2067.4
1136960 2067.4
1136970 2067.4
1136980 2067.5
1136990 2066.5
1137000 2066.5
1137010 2066.8
1137020 2068.9
1137030 2068.9
1137040 2071.2
1137050 2074.1
1137060 2076.5
1137070 2076.5
1137080 2078.3
1137090 2080.3
1137100 2080.3
1137110 2088.2
1137120 2090.0
1137130 2090.0
1137140 2091.7
1137150 2092.9
1137160 2092.9
1137170 2094.2
1137180 2094.2
1137190 2094.2
1137200 2093.2
1137210 2092.6
1137220 2092.6
1137230 2093.0
1137240 2092.9
1137250 2092.9
1137260 2092.1
1137270 2092.5
1137280 2092.5
1137290 2093.8
1137300 2096.5
1137310 2096.5
1137320 2098.5
1137330 2099.8
1137340 2100.2
1137350 2100.2
1137360 2100.9
1137370 2106.2
1137380 2106.2
1137390 2116.4
1137400 2133.2
1137410 2133.2
