1120000 1451.1
1120010 1454.4
1120020 1454.4
1120030 1457.6
1120040 1459.5
1120050 1459.5
1120060 1461.7
1120070 1463.6
1120080 1463.6
1120090 1464.8
1120100 1466.1
1120110 1466.1
1120120 1469.1
1120130 1468.0
1120140 1468.0
1120150 1468.4
1120160 1469.0
1120170 1469.0
1120180 1468.9
1120190 1467.2
1120200 1467.2
1120210 1467.2
1120220 1468.8
1120230 1468.8
1120240 1469.8
1120250 1465.7
1120260 1465.7
1120270 1459.9
1120280 1452.2
1120290 1444.4
1120300 1444.4
1120310 1436.4
1120320 1434.4
1120330 1434.4
1120340 1439.2
1120350 1447.2
1120360 1447.2
1120370 1453.4
1120380 1453.1
1120390 1453.1
1120400 1450.3
1120410 1448.6
1120420 1448.6
1120430 1447.1
1120440 1446.4
1120450 1446.4
1120460 1448.7
1120470 1450.8
1120480 1446.8
1120490 1440.9
1120500 1434.7
1120510 1434.7
1120520 1439.6
1120530 1447.3
1120540 1447.3
1120550 1455.8
1120560 1461.7
1120570 1461.9
1120580 1461.9
1120590 1466.1
1120600 1471.9
1120610 1471.9
1120620 1477.1
1120630 1481.8
1120640 1481.8
1120650 1484.9
1120660 1485.9
1120670 1485.9
1120680 1487.0
1120690 1488.2
1120700 1488.2
1120710 1484.1
1120720 1478.6
1120730 1478.6
1120740 1484.5
1120750 1490.1
1120760 1490.1
1120770 1494.3
1120780 1496.8
1120790 1496.8
1120800 1495.4
1120810 1491.4
1120820 1491.4
1120830 1483.2
1120840 1491.9
1120850 1497.3
1120860 1497.3
1120870 1499.6
1120880 1500.3
1120890 1500.3
1120900 1500.8
1120910 1501.7
1120920 1501.7
1120930 1502.7
1120940 1504.1
1120950 1504.1
1120960 1504.4
1120970 1501.7
1120980 1501.7
1120990 1503.8
1121000 1509.7
1121010 1509.7
1121020 1511.8
1121030 1513.3
1121040 1513.3
1121050 1516.1
1121060 1520.2
1121070 1520.2
1121080 1523.4
1121090 1526.5
1121100 1526.5
1121110 1528.9
1121120 1530.2
1121130 1530.2
1121140 1530.2
1121150 1529.3
1121160 1531.3
1121170 1531.3
1121180 1527.8
1121190 1528.4
1121200 1528.4
1121210 1527.2
1121220 1530.8
1121230 1530.8
1121240 1534.6
1121250 1537.3
1121260 1537.3
1121270 1540.3
1121280 1543.1
1121290 1543.1
1121300 1545.2
1121310 1544.9
1121320 1544.9
1121330 1543.0
1121340 1541.3
1121350 1541.3
1121360 1538.0
1121370 1536.3
1121380 1536.3
1121390 1542.6
1121400 1550.9
1121410 1550.9
1121420 1558.4
1121430 1565.3
1121440 1571.7
1121450 1571.7
1121460 1574.7
1121470 1575.8
1121480 1575.8
1121490 1579.8
1121500 1582.8
1121510 1582.8
1121520 1582.0
1121530 1570.4
1121540 1570.4
1121550 1566.3
1121560 1574.6
1121570 1574.6
1121580 1584.8
1121590 1594.1
1121600 1594.1
1121610 1599.6
1121620 1600.4
1121630 1600.4
1121640 1604.0
1121650 1606.4
1121660 1606.4
1121670 1608.6
1121680 1613.4
1121690 1613.4
1121700 1615.2
1121710 1617.6
1121720 1626.3
1121730 1626.3
1121740 1632.7
1121750 1638.2
1121760 1638.2
1121770 1643.7
1121780 1648.9
1121790 1648.9
1121800 1652.3
1121810 1655.2
1121820 1655.2
1121830 1662.5
1121840 1670.5
1121850 1670.5
1121860 1675.7
1121870 1680.7
1121880 1680.7
1121890 1686.1
1121900 1692.3
1121910 1692.3
1121920 1698.0
1121930 1703.9
1121940 1703.9
1121950 1709.8
1121960 1715.6
1121970 1715.6
1121980 1720.3
1121990 1724.4
1122000 1728.2
1122010 1728.2
1122020 1732.1
1122030 1735.2
1122040 1735.2
1122050 1738.4
1122060 1741.1
1122070 1741.1
1122080 1742.9
1122090 1744.9
1122100 1744.9
1122110 1747.7
1122120 1749.9
1122130 1749.9
1122140 1752.3
1122150 1755.0
1122160 1755.0
1122170 1757.1
1122180 1759.4
1122190 1759.4
1122200 1761.8
1122210 1764.8
1122220 1764.8
1122230 1768.3
1122240 1774.6
1122250 1774.6
1122260 1780.6
1122270 1786.8
1122280 1792.9
1122290 1792.9
1122300 1799.3
1122310 1805.0
1122320 1805.0
1122330 1810.9
1122340 1816.2
1122350 1816.2
1122360 1822.6
1122370 1829.9
1122380 1829.9
1122390 1840.4
1122400 1852.2
1122410 1852.2
1122420 1861.0
1122430 1872.4
1122440 1872.4
1122450 1883.8
1122460 1890.4
1122470 1890.4
1122480 1887.4
1122490 1881.8
1122500 1881.8
1122510 1876.7
1122520 1862.2
1122530 1862.2
1122540 1847.3
1122550 1832.0
1122560 1823.0
1122570 1823.0
1122580 1815.3
1122590 1811.0
1122600 1811.0
1122610 1801.6
1122620 1792.1
1122630 1792.1
1122640 1784.3
1122650 1778.1
1122660 1778.1
1122670 1772.2
1122680 1765.8
1122690 1765.8
1122700 1759.2
1122710 1751.8
1122720 1751.8
1122730 1746.8
1122740 1741.7
1122750 1741.7
1122760 1736.0
1122770 1729.1
1122780 1729.1
1122790 1722.3
1122800 1715.7
1122810 1715.7
1122820 1708.9
1122830 1702.0
1122840 1702.0
1122850 1695.5
1122860 1689.4
1122870 1683.5
1122880 1683.5
1122890 1677.8
1122900 1672.0
1122910 1672.0
1122920 1666.1
1122930 1660.5
1122940 1660.7
1122950 1655.3
1122960 1650.4
1122970 1650.4
1122980 1646.1
1122990 1641.9
1123000 1641.9
1123010 1637.9
1123020 1633.8
1123030 1633.8
1123040 1629.6
1123050 1625.9
1123060 1625.9
1123070 1622.3
1123080 1619.2
1123090 1619.2
1123100 1613.9
1123110 1606.6
1123120 1606.6
1123130 1602.1
1123140 1600.7
1123150 1600.3
1123160 1600.3
1123170 1597.5
1123180 1592.6
1123190 1592.6
1123200 1588.9
1123210 1584.4
1123220 1584.4
1123230 1576.6
1123240 1570.1
1123250 1570.1
1123260 1571.9
1123270 1571.4
1123280 1571.4
1123290 1560.8
1123300 1557.7
1123310 1557.7
1123320 1558.0
1123330 1558.9
1123340 1558.9
1123350 1563.9
1123360 1564.4
1123370 1564.4
1123380 1559.3
1123390 1551.4
1123400 1551.4
1123410 1545.3
1123420 1541.7
1123430 1543.2
1123440 1543.2
1123450 1542.8
1123460 1541.6
1123470 1541.6
1123480 1543.0
1123490 1546.2
1123500 1546.2
1123510 1548.4
1123520 1546.9
1123530 1546.9
1123540 1543.2
1123550 1538.3
1123560 1538.3
1123570 1542.7
1123580 1544.3
1123590 1544.3
1123600 1545.1
1123610 1544.8
1123620 1544.8
1123630 1544.2
1123640 1544.9
1123650 1538.2
1123660 1537.9
1123670 1530.7
1123680 1530.7
1123690 1517.6
1123700 1508.6
1123710 1497.7
1123720 1497.7
1123730 1496.9
1123740 1509.7
1123750 1509.7
1123760 1516.4
1123770 1524.9
1123780 1524.9
1123790 1531.6
1123800 1532.3
1123810 1532.3
1123820 1524.4
1123830 1515.3
1123840 1515.3
1123850 1515.9
1123860 1518.5
1123870 1518.5
1123880 1519.4
1123890 1519.4
1123900 1519.4
1123910 1516.1
1123920 1511.9
1123930 1511.9
1123940 1506.3
1123950 1509.3
1123960 1509.3
1123970 1510.9
1123980 1516.1
1123990 1519.5
1124000 1512.5
1124010 1514.1
1124020 1514.3
1124030 1514.3
1124040 1514.0
1124050 1512.1
1124060 1512.1
1124070 1511.1
1124080 1514.5
1124090 1514.5
1124100 1516.0
1124110 1515.3
1124120 1515.3
1124130 1514.0
1124140 1514.3
1124150 1514.3
1124160 1514.5
1124170 1516.3
1124180 1516.3
1124190 1519.4
1124200 1522.6
1124210 1522.6
1124220 1523.1
1124230 1521.5
1124240 1521.5
1124250 1518.9
1124260 1513.8
1124270 1511.4
1124280 1511.4
1124290 1518.5
1124300 1525.5
1124310 1525.5
1124320 1529.5
1124330 1527.1
1124340 1527.1
1124350 1507.8
1124360 1498.0
1124370 1498.0
1124380 1501.2
1124390 1505.3
1124400 1505.3
1124410 1511.1
1124420 1514.9
1124430 1514.9
1124440 1516.8
1124450 1518.4
1124460 1518.4
1124470 1519.4
1124480 1518.1
1124490 1518.1
1124500 1515.2
1124510 1514.1
1124520 1514.1
1124530 1510.2
1124540 1512.4
1124550 1512.4
1124560 1515.9
1124570 1519.3
1124580 1521.9
1124590 1521.9
1124600 1523.3
1124610 1521.7
1124620 1521.7
1124630 1516.7
1124640 1509.6
1124650 1509.6
1124660 1501.5
1124670 1499.9
1124680 1499.9
1124690 1506.3
1124700 1505.6
1124710 1498.0
1124720 1498.5
1124730 1505.5
1124740 1505.5
1124750 1507.2
1124760 1506.7
1124770 1506.7
1124780 1508.6
1124790 1510.9
1124800 1510.9
1124810 1514.0
1124820 1514.3
1124830 1514.3
1124840 1510.6
1124850 1506.2
1124860 1501.0
1124870 1501.0
1124880 1497.2
1124890 1493.1
1124900 1493.1
1124910 1492.4
1124920 1496.4
1124930 1496.4
1124940 1500.0
1124950 1502.8
1124960 1502.8
1124970 1505.8
1124980 1511.3
1124990 1511.3
1125000 1514.0
1125010 1512.8
1125020 1512.8
1125030 1514.2
1125040 1516.5
1125050 1516.5
1125060 1512.0
1125070 1511.4
1125080 1511.4
1125090 1511.6
1125100 1511.8
1125110 1511.8
1125120 1507.9
1125130 1498.4
1125140 1489.3
1125150 1489.3
1125160 1482.0
1125170 1481.4
1125180 1481.4
1125190 1483.0
1125200 1491.1
1125210 1491.1
1125220 1501.7
1125230 1510.5
1125240 1510.5
1125250 1517.0
1125260 1519.5
1125270 1519.5
1125280 1517.0
1125290 1514.5
1125300 1514.5
1125310 1516.5
1125320 1519.9
1125330 1519.9
1125340 1519.7
1125350 1517.9
1125360 1517.9
1125370 1520.3
1125380 1521.5
1125390 1521.5
1125400 1522.1
1125410 1522.7
1125420 1519.3
1125430 1519.3
1125440 1520.3
1125450 1520.4
1125460 1520.4
1125470 1520.5
1125480 1521.6
1125490 1521.6
1125500 1521.2
1125510 1517.5
1125520 1517.5
1125530 1511.9
1125540 1505.8
1125550 1505.8
1125560 1499.3
1125570 1504.0
1125580 1504.0
1125590 1513.1
1125600 1519.0
1125610 1519.0
1125620 1524.3
1125630 1523.8
1125640 1523.8
1125650 1528.0
1125660 1529.4
1125670 1529.4
1125680 1530.1
1125690 1530.1
1125700 1529.4
1125710 1529.4
1125720 1529.6
1125730 1533.0
1125740 1533.0
1125750 1536.0
1125760 1537.7
1125770 1531.3
1125780 1532.2
1125790 1534.0
1125800 1534.0
1125810 1536.7
1125820 1539.3
1125830 1539.3
1125840 1541.8
1125850 1544.0
1125860 1544.0
1125870 1545.7
1125880 1547.7
1125890 1547.7
1125900 1549.5
1125910 1552.0
1125920 1552.0
1125930 1554.9
1125940 1557.7
1125950 1557.7
1125960 1560.1
1125970 1562.5
1125980 1564.7
1125990 1564.7
1126000 1566.7
1126010 1568.3
1126020 1568.3
1126030 1569.1
1126040 1567.7
1126050 1567.7
1126060 1566.0
1126070 1564.8
1126080 1564.8
1126090 1565.9
1126100 1568.0
1126110 1568.0
1126120 1568.2
1126130 1559.2
1126140 1559.2
1126150 1557.7
1126160 1558.8
1126170 1558.8
1126180 1560.5
1126190 1561.5
1126200 1561.5
1126210 1561.5
1126220 1561.1
1126230 1561.1
1126240 1559.3
1126250 1556.1
1126260 1556.1
1126270 1554.7
1126280 1555.5
1126290 1555.7
1126300 1555.7
1126310 1555.8
1126320 1555.0
1126330 1555.0
1126340 1553.6
1126350 1551.2
1126360 1551.2
1126370 1549.5
1126380 1552.2
1126390 1552.2
1126400 1553.7
1126410 1553.9
1126420 1553.9
1126430 1553.1
1126440 1551.7
1126450 1551.7
1126460 1549.6
1126470 1546.8
1126480 1541.0
1126490 1538.5
1126500 1536.2
1126510 1536.2
1126520 1535.4
1126530 1534.6
1126540 1534.6
1126550 1532.9
1126560 1530.7
1126570 1529.3
1126580 1529.3
1126590 1526.6
1126600 1524.3
1126610 1524.3
1126620 1522.8
1126630 1521.0
1126640 1521.0
1126650 1518.7
1126660 1515.8
1126670 1515.8
1126680 1512.4
1126690 1508.1
1126700 1508.1
1126710 1504.1
1126720 1497.2
1126730 1497.2
1126740 1489.5
1126750 1485.0
1126760 1485.0
1126770 1481.2
1126780 1476.2
1126790 1476.2
1126800 1471.3
1126810 1467.3
1126820 1467.3
1126830 1461.4
1126840 1451.5
1126850 1445.0
1126860 1445.0
1126870 1437.8
1126880 1431.6
1126890 1431.6
1126900 1426.1
1126910 1421.4
1126920 1421.4
1126930 1414.9
1126940 1413.1
1126950 1413.1
1126960 1421.2
1126970 1429.9
1126980 1429.9
1126990 1437.0
1127000 1443.6
1127010 1443.6
1127020 1448.1
1127030 1452.6
1127040 1452.6
1127050 1454.7
1127060 1455.2
1127070 1455.2
1127080 1455.7
1127090 1456.1
1127100 1456.1
1127110 1455.5
1127120 1454.2
1127130 1452.7
1127140 1452.7
1127150 1452.8
1127160 1453.3
1127170 1453.3
1127180 1453.0
1127190 1446.6
1127200 1446.6
1127210 1446.4
1127220 1445.9
1127230 1445.9
1127240 1445.6
1127250 1445.0
1127260 1445.0
1127270 1443.5
1127280 1442.4
1127290 1442.4
1127300 1441.5
1127310 1441.3
1127320 1441.3
1127330 1441.6
1127340 1441.6
1127350 1441.6
1127360 1441.0
1127370 1441.0
1127380 1441.0
1127390 1441.3
1127400 1441.8
1127410 1441.2
1127420 1441.2
1127430 1440.5
1127440 1438.5
1127450 1438.5
1127460 1437.3
1127470 1436.1
1127480 1436.1
1127490 1434.2
1127500 1430.3
1127510 1430.3
1127520 1426.9
1127530 1430.4
1127540 1430.4
1127550 1426.5
1127560 1429.4
1127570 1429.4
1127580 1432.1
1127590 1433.4
1127600 1433.4
1127610 1434.0
1127620 1434.3
1127630 1434.3
1127640 1434.1
1127650 1433.9
1127660 1433.9
1127670 1434.4
1127680 1434.2
1127690 1432.6
1127700 1432.6
1127710 1431.0
1127720 1430.4
1127730 1430.4
1127740 1430.1
1127750 1429.2
1127760 1429.2
1127770 1425.7
1127780 1422.1
1127790 1422.1
1127800 1421.1
1127810 1419.5
1127820 1419.5
1127830 1417.4
1127840 1416.6
1127850 1416.6
1127860 1414.7
1127870 1411.2
1127880 1411.2
1127890 1407.8
1127900 1405.1
1127910 1397.2
1127920 1395.7
1127930 1393.8
1127940 1393.8
1127950 1390.3
1127960 1385.8
1127970 1385.8
1127980 1382.2
1127990 1381.4
1128000 1382.7
1128010 1382.7
1128020 1383.0
1128030 1383.7
1128040 1383.7
1128050 1385.2
1128060 1386.5
1128070 1386.5
1128080 1386.9
1128090 1386.0
1128100 1386.0
1128110 1382.8
1128120 1378.3
1128130 1378.3
1128140 1373.4
1128150 1370.9
1128160 1370.9
1128170 1367.6
1128180 1372.6
1128190 1372.6
1128200 1372.9
1128210 1372.4
1128220 1372.4
1128230 1371.3
1128240 1368.8
1128250 1368.8
1128260 1366.6
1128270 1361.0
1128280 1361.2
1128290 1361.2
1128300 1361.0
1128310 1359.5
1128320 1359.5
1128330 1357.0
1128340 1354.8
1128350 1354.8
1128360 1353.9
1128370 1350.3
1128380 1350.3
1128390 1347.3
1128400 1345.6
1128410 1345.6
1128420 1342.9
1128430 1337.1
1128440 1337.1
1128450 1331.8
1128460 1327.3
1128470 1327.3
1128480 1321.7
1128490 1318.9
1128500 1318.9
1128510 1316.7
1128520 1314.6
1128530 1314.6
1128540 1312.0
1128550 1310.0
1128560 1309.0
1128570 1309.0
1128580 1308.0
1128590 1308.2
1128600 1308.2
1128610 1310.6
1128620 1306.8
1128630 1306.8
1128640 1308.9
1128650 1311.2
1128660 1311.2
1128670 1313.9
1128680 1317.6
1128690 1317.6
1128700 1321.9
1128710 1325.1
1128720 1325.1
1128730 1327.5
1128740 1329.8
1128750 1329.8
1128760 1332.0
1128770 1334.9
1128780 1334.9
1128790 1338.0
1128800 1340.1
1128810 1340.1
1128820 1340.3
1128830 1339.4
1128840 1337.2
1128850 1337.2
1128860 1333.9
1128870 1329.6
1128880 1329.6
1128890 1327.3
1128900 1326.4
1128910 1326.4
1128920 1325.5
1128930 1323.1
1128940 1323.1
1128950 1320.7
1128960 1317.4
1128970 1317.4
1128980 1305.1
1128990 1298.9
1129000 1298.9
1129010 1292.9
1129020 1287.8
1129030 1287.8
1129040 1283.7
1129050 1278.6
1129060 1278.6
1129070 1271.7
1129080 1262.8
1129090 1262.8
1129100 1255.0
1129110 1246.8
1129120 1240.4
1129130 1240.4
1129140 1235.0
1129150 1230.3
1129160 1230.3
1129170 1225.7
1129180 1221.8
1129190 1221.8
1129200 1217.2
1129210 1213.6
1129220 1213.6
1129230 1210.0
1129240 1206.6
1129250 1206.6
1129260 1203.1
1129270 1199.6
1129280 1199.6
1129290 1196.1
1129300 1192.5
1129310 1192.5
1129320 1189.2
1129330 1186.2
1129340 1184.4
1129350 1182.3
1129360 1180.4
1129370 1180.4
1129380 1178.9
1129390 1178.1
1129400 1177.0
1129410 1177.0
1129420 1174.6
1129430 1170.1
1129440 1170.1
1129450 1167.7
1129460 1165.6
1129470 1165.6
1129480 1164.4
1129490 1163.7
1129500 1163.7
1129510 1163.1
1129520 1162.0
1129530 1162.0
1129540 1160.9
1129550 1160.3
1129560 1160.3
1129570 1160.2
1129580 1159.7
1129590 1159.7
1129600 1159.3
1129610 1159.2
1129620 1159.2
1129630 1159.0
1129640 1158.9
1129650 1158.9
1129660 1158.7
1129670 1158.5
1129680 1158.1
1129690 1158.1
1129700 1157.3
1129710 1156.9
1129720 1156.9
1129730 1156.8
1129740 1156.6
1129750 1156.6
1129760 1156.3
1129770 1156.1
1129780 1156.1
1129790 1155.9
1129800 1155.6
1129810 1155.6
1129820 1155.3
1129830 1155.0
1129840 1155.0
1129850 1155.0
1129860 1154.8
1129870 1154.8
1129880 1154.5
1129890 1154.2
1129900 1154.2
1129910 1153.6
1129920 1153.6
1129930 1153.6
1129940 1153.3
1129950 1152.8
1129960 1152.8
1129970 1152.8
1129980 1153.3
1129990 1153.1
1130000 1153.1
1130010 1153.1
1130020 1152.6
1130030 1152.6
1130040 1151.3
1130050 1150.7
1130060 1146.9
1130070 1146.7
1130080 1145.8
1130090 1145.8
1130100 1144.2
1130110 1143.4
1130120 1143.4
1130130 1142.8
1130140 1142.3
1130150 1142.3
1130160 1140.0
1130170 1137.6
1130180 1137.6
1130190 1137.2
1130200 1136.9
1130210 1136.9
1130220 1136.8
1130230 1136.6
1130240 1136.6
1130250 1136.6
1130260 1136.4
1130270 1136.2
1130280 1136.2
1130290 1136.2
1130300 1136.0
1130310 1136.0
1130320 1135.9
1130330 1135.3
1130340 1135.3
1130350 1133.7
1130360 1133.5
1130370 1133.5
1130380 1133.5
1130390 1133.6
1130400 1133.6
1130410 1133.5
1130420 1134.2
1130430 1134.2
1130440 1135.6
1130450 1137.6
1130460 1137.6
1130470 1143.7
1130480 1149.6
1130490 1149.6
1130500 1155.7
1130510 1161.2
1130520 1161.2
1130530 1165.8
1130540 1170.1
1130550 1172.7
1130560 1172.7
1130570 1175.5
1130580 1178.7
1130590 1178.7
1130600 1181.4
1130610 1184.1
1130620 1184.1
1130630 1187.2
1130640 1190.9
1130650 1190.9
1130660 1194.3
1130670 1198.3
1130680 1198.3
1130690 1202.7
1130700 1206.0
1130710 1206.0
1130720 1209.3
1130730 1213.5
1130740 1213.5
1130750 1217.5
1130760 1221.4
1130770 1221.4
1130780 1227.2
1130790 1230.2
1130800 1230.2
1130810 1233.6
1130820 1237.1
1130830 1240.3
1130840 1240.3
1130850 1243.8
1130860 1246.5
1130870 1246.5
1130880 1249.3
1130890 1251.8
1130900 1251.8
1130910 1254.2
1130920 1256.0
1130930 1256.0
1130940 1258.2
1130950 1261.4
1130960 1261.4
1130970 1264.6
1130980 1269.0
1130990 1269.0
1131000 1271.8
1131010 1273.7
1131020 1273.7
1131030 1276.7
1131040 1277.6
1131050 1277.6
1131060 1279.1
1131070 1282.8
1131080 1282.8
1131090 1283.2
1131100 1283.7
1131110 1284.3
1131120 1284.3
1131130 1286.2
1131140 1294.5
1131150 1294.5
1131160 1298.7
1131170 1303.5
1131180 1303.5
1131190 1308.9
1131200 1314.2
1131210 1314.2
1131220 1319.0
1131230 1324.4
1131240 1324.4
1131250 1329.5
1131260 1334.5
1131270 1334.5
1131280 1339.2
1131290 1344.1
1131300 1344.1
1131310 1348.6
1131320 1352.9
1131330 1352.9
1131340 1357.4
1131350 1362.1
1131360 1362.1
1131370 1366.9
1131380 1369.3
1131390 1367.2
1131400 1367.2
1131410 1369.4
1131420 1378.3
1131430 1378.3
1131440 1385.4
1131450 1387.8
1131460 1387.8
1131470 1391.8
1131480 1392.6
1131490 1392.6
1131500 1400.0
1131510 1399.6
1131520 1399.6
1131530 1405.8
1131540 1414.3
1131550 1414.3
1131560 1419.1
1131570 1422.6
1131580 1422.6
1131590 1424.6
1131600 1426.7
1131610 1426.7
1131620 1429.8
1131630 1433.0
1131640 1433.0
1131650 1436.9
1131660 1441.5
1131670 1441.5
1131680 1447.9
1131690 1456.3
1131700 1465.0
1131710 1465.0
1131720 1472.4
1131730 1479.7
1131740 1479.7
1131750 1487.5
1131760 1489.2
1131770 1489.2
1131780 1488.3
1131790 1490.0
1131800 1490.0
1131810 1491.8
1131820 1494.8
1131830 1494.8
1131840 1499.6
1131850 1507.1
1131860 1513.1
1131870 1520.3
1131880 1527.9
1131890 1527.9
1131900 1532.9
1131910 1536.9
1131920 1536.9
1131930 1546.2
1131940 1549.7
1131950 1549.7
1131960 1544.7
1131970 1536.8
1131980 1529.6
1131990 1529.6
1132000 1524.5
1132010 1523.1
1132020 1523.1
1132030 1523.1
1132040 1516.8
1132050 1516.8
1132060 1508.7
1132070 1498.7
1132080 1498.7
1132090 1489.2
1132100 1489.6
1132110 1489.6
1132120 1488.2
1132130 1481.2
1132140 1481.2
1132150 1480.8
1132160 1479.8
1132170 1479.8
1132180 1471.0
1132190 1467.2
1132200 1467.2
1132210 1464.6
1132220 1471.1
1132230 1471.1
1132240 1459.4
1132250 1447.4
1132260 1443.0
1132270 1443.0
1132280 1439.0
1132290 1434.7
1132300 1434.7
1132310 1430.3
1132320 1425.6
1132330 1425.6
1132340 1421.5
1132350 1417.4
1132360 1417.4
1132370 1412.6
1132380 1408.4
1132390 1408.4
1132400 1404.9
1132410 1399.3
1132420 1399.3
1132430 1394.1
1132440 1389.8
1132450 1389.8
1132460 1386.8
1132470 1383.7
1132480 1383.7
1132490 1380.2
1132500 1377.8
1132510 1377.8
1132520 1375.6
1132530 1372.1
1132540 1368.3
1132550 1368.3
1132560 1364.1
1132570 1359.6
1132580 1363.4
1132590 1358.3
1132600 1353.0
1132610 1353.0
1132620 1348.4
1132630 1343.1
1132640 1343.1
1132650 1338.2
1132660 1334.1
1132670 1334.1
1132680 1329.4
1132690 1324.9
1132700 1324.9
1132710 1320.6
1132720 1317.8
1132730 1317.8
1132740 1315.0
1132750 1310.9
1132760 1310.9
1132770 1306.0
1132780 1301.8
1132790 1301.8
1132800 1297.9
1132810 1294.6
1132820 1291.8
1132830 1291.8
1132840 1289.6
1132850 1286.6
1132860 1286.6
1132870 1282.9
1132880 1282.3
1132890 1282.3
1132900 1280.0
1132910 1278.3
1132920 1278.3
1132930 1276.9
1132940 1276.0
1132950 1281.4
1132960 1281.4
1132970 1280.3
1132980 1280.3
1132990 1279.6
1133000 1279.5
1133010 1279.5
1133020 1279.0
1133030 1278.6
1133040 1278.6
1133050 1279.0
1133060 1278.3
1133070 1278.3
1133080 1276.8
1133090 1277.4
1133100 1278.5
1133110 1278.5
1133120 1278.2
1133130 1274.4
1133140 1274.4
1133150 1273.7
1133160 1274.2
1133170 1274.2
1133180 1275.8
1133190 1280.7
1133200 1280.7
1133210 1285.0
1133220 1289.5
1133230 1289.5
1133240 1296.1
1133250 1302.7
1133260 1302.7
1133270 1304.8
1133280 1305.2
1133290 1305.2
1133300 1305.0
1133310 1306.6
1133320 1306.6
1133330 1307.1
1133340 1308.2
1133350 1308.2
1133360 1308.7
1133370 1308.5
1133380 1308.6
1133390 1308.6
1133400 1310.1
1133410 1311.9
1133420 1311.9
1133430 1314.2
1133440 1316.5
1133450 1316.5
1133460 1318.6
1133470 1321.3
1133480 1321.3
1133490 1323.6
1133500 1325.4
1133510 1325.4
1133520 1327.5
1133530 1329.7
1133540 1329.7
1133550 1332.3
1133560 1334.5
1133570 1334.5
1133580 1336.6
1133590 1338.8
1133600 1338.8
1133610 1341.5
1133620 1344.4
1133630 1344.4
1133640 1348.2
1133650 1351.7
1133660 1351.7
1133670 1351.0
1133680 1353.1
1133690 1355.0
1133700 1355.0
1133710 1356.8
1133720 1358.7
1133730 1358.7
1133740 1360.5
1133750 1363.0
1133760 1363.0
1133770 1365.8
1133780 1368.8
1133790 1368.8
1133800 1371.6
1133810 1374.1
1133820 1374.1
1133830 1376.4
1133840 1378.3
1133850 1378.3
1133860 1380.8
1133870 1383.5
1133880 1383.5
1133890 1386.5
1133900 1388.9
1133910 1388.9
1133920 1391.6
1133930 1394.9
1133940 1394.9
1133950 1398.8
1133960 1403.6
1133970 1409.0
1133980 1409.0
1133990 1415.0
1134000 1420.8
1134010 1420.8
1134020 1425.5
1134030 1434.7
1134040 1434.7
1134050 1438.3
1134060 1442.0
1134070 1442.0
1134080 1445.9
1134090 1450.5
1134100 1450.5
1134110 1455.3
1134120 1460.2
1134130 1460.2
1134140 1465.4
1134150 1470.8
1134160 1470.8
1134170 1476.7
1134180 1482.3
1134190 1482.3
1134200 1488.3
1134210 1494.4
1134220 1494.4
1134230 1500.2
1134240 1503.3
1134250 1503.5
1134260 1503.5
1134270 1503.2
1134280 1502.7
1134290 1502.7
1134300 1502.0
1134310 1500.5
1134320 1500.5
1134330 1501.6
1134340 1505.3
1134350 1505.3
1134360 1506.6
1134370 1506.7
1134380 1506.7
1134390 1508.1
1134400 1505.7
1134410 1505.7
1134420 1512.4
1134430 1518.5
1134440 1518.5
1134450 1522.8
1134460 1526.2
1134470 1526.2
1134480 1526.6
1134490 1525.7
1134500 1525.7
1134510 1525.3
1134520 1527.1
1134530 1530.1
1134540 1530.1
1134550 1534.8
1134560 1540.6
1134570 1540.6
1134580 1544.5
1134590 1545.8
1134600 1545.8
1134610 1548.3
1134620 1553.8
1134630 1553.8
1134640 1560.8
1134650 1561.9
1134660 1561.9
1134670 1561.1
1134680 1560.7
1134690 1560.7
1134700 1560.2
1134710 1561.8
1134720 1561.8
1134730 1567.0
1134740 1574.1
1134750 1574.1
1134760 1577.7
1134770 1584.5
1134780 1584.5
1134790 1591.6
1134800 1598.1
1134810 1601.8
1134820 1601.8
1134830 1599.1
1134840 1598.1
1134850 1598.1
1134860 1596.1
1134870 1600.0
1134880 1600.0
1134890 1599.8
1134900 1601.9
1134910 1601.9
1134920 1608.0
1134930 1616.0
1134940 1616.0
1134950 1623.6
1134960 1639.6
1134970 1639.6
1134980 1648.2
1134990 1659.9
1135000 1659.9
1135010 1666.8
1135020 1671.9
1135030 1671.9
1135040 1677.9
1135050 1682.4
1135060 1682.4
1135070 1684.7
1135080 1689.3
1135090 1694.6
1135100 1694.6
1135110 1699.6
1135120 1704.9
1135130 1699.7
1135140 1699.9
1135150 1701.0
1135160 1701.0
1135170 1710.7
1135180 1718.3
1135190 1718.3
1135200 1727.2
1135210 1737.5
1135220 1737.5
1135230 1742.5
1135240 1743.1
1135250 1743.1
1135260 1745.5
1135270 1751.3
1135280 1751.3
1135290 1754.7
1135300 1760.1
1135310 1760.1
1135320 1767.0
1135330 1770.6
1135340 1770.6
1135350 1776.9
1135360 1782.4
1135370 1786.6
1135380 1786.6
1135390 1790.9
1135400 1794.9
1135410 1794.9
1135420 1796.7
1135430 1799.3
1135440 1799.3
1135450 1801.0
1135460 1805.4
1135470 1805.4
1135480 1810.5
1135490 1806.9
1135500 1806.9
1135510 1809.2
1135520 1813.8
1135530 1813.8
1135540 1818.8
1135550 1825.6
1135560 1825.6
1135570 1834.2
1135580 1841.6
1135590 1841.6
1135600 1853.3
1135610 1857.7
1135620 1857.7
1135630 1860.0
1135640 1865.9
1135650 1865.9
1135660 1875.1
1135670 1881.0
1135680 1882.3
1135690 1882.3
1135700 1879.7
1135710 1877.6
1135720 1877.6
1135730 1873.8
1135740 1869.7
1135750 1869.7
1135760 1865.4
1135770 1861.3
1135780 1861.3
1135790 1858.5
1135800 1855.9
1135810 1855.9
1135820 1857.5
1135830 1859.6
1135840 1859.6
1135850 1862.7
1135860 1861.5
1135870 1861.5
1135880 1864.3
1135890 1867.3
1135900 1867.3
1135910 1871.2
1135920 1872.8
1135930 1872.8
1135940 1873.7
1135950 1877.8
1135960 1884.2
1135970 1884.2
1135980 1888.7
1135990 1891.4
1136000 1891.4
1136010 1891.6
1136020 1890.4
1136030 1890.4
1136040 1890.0
1136050 1889.5
1136060 1889.5
1136070 1888.6
1136080 1887.6
1136090 1887.6
1136100 1887.6
1136110 1888.1
1136120 1888.1
1136130 1889.3
1136140 1891.7
1136150 1891.7
1136160 1893.9
1136170 1896.5
1136180 1896.5
1136190 1901.6
1136200 1904.9
1136210 1904.9
1136220 1906.4
1136230 1910.2
1136240 1914.1
1136250 1914.1
1136260 1917.5
1136270 1920.1
1136280 1920.1
1136290 1923.0
1136300 1926.0
1136310 1926.0
1136320 1928.9
1136330 1932.8
1136340 1932.8
1136350 1937.8
1136360 1944.7
1136370 1944.7
1136380 1951.9
1136390 1961.2
1136400 1961.2
1136410 1968.8
1136420 1978.3
1136430 1978.3
1136440 1990.5
1136450 2009.8
1136460 2009.8
1136470 2033.0
1136480 2036.9
1136490 2036.9
1136500 2041.5
1136510 2046.2
1136520 2049.7
1136530 2049.7
1136540 2052.1
1136550 2055.6
1136560 2055.6
1136570 2058.8
1136580 2061.0
1136590 2055.4
1136600 2056.6
1136610 2058.1
1136620 2058.1
1136630 2061.2
1136640 2064.9
1136650 2064.9
1136660 2068.9
1136670 2072.7
1136680 2072.7
1136690 2075.5
1136700 2076.4
1136710 2076.4
1136720 2075.6
1136730 2073.5
1136740 2073.5
1136750 2071.2
1136760 2070.9
1136770 2070.9
1136780 2070.1
1136790 2068.8
1136800 2065.2
1136810 2065.2
1136820 2059.4
1136830 2051.4
1136840 2051.4
1136850 2044.3
1136860 2037.1
1136870 2037.1
1136880 2030.6
1136890 2022.8
1136900 2022.8
1136910 2014.4
1136920 2010.1
1136930 2010.1
1136940 2007.2
1136950 2007.2
1136960 2007.2
1136970 2003.3
1136980 1999.0
1136990 1999.0
1137000 1993.1
1137010 1986.8
1137020 1986.8
1137030 1977.7
1137040 1966.2
1137050 1966.2
1137060 1958.2
1137070 1953.4
1137080 1947.0
1137090 1947.0
1137100 1942.0
1137110 1937.4
1137120 1937.4
1137130 1932.8
1137140 1929.0
1137150 1929.0
1137160 1925.7
1137170 1922.5
1137180 1922.5
1137190 1919.6
1137200 1916.5
1137210 1916.5
