1120000 1544.8
1120010 1545.7
1120020 1545.7
1120030 1546.4
1120040 1546.9
1120050 1546.9
1120060 1545.9
1120070 1545.9
1120080 1545.9
1120090 1547.8
1120100 1547.8
1120110 1547.8
1120120 1547.7
1120130 1547.9
1120140 1547.9
1120150 1544.3
1120160 1546.0
1120170 1546.5
1120180 1546.5
1120190 1548.2
1120200 1550.2
1120210 1550.2
1120220 1552.1
1120230 1552.9
1120240 1552.9
1120250 1553.4
1120260 1553.7
1120270 1553.7
1120280 1553.9
1120290 1554.3
1120300 1554.3
1120310 1554.5
1120320 1554.9
1120330 1554.9
1120340 1555.2
1120350 1555.5
1120360 1555.5
1120370 1555.8
1120380 1557.0
1120390 1557.0
1120400 1558.5
1120410 1558.8
1120420 1558.8
1120430 1557.5
1120440 1556.9
1120450 1555.4
1120460 1555.4
1120470 1555.2
1120480 1557.5
1120490 1557.5
1120500 1566.3
1120510 1571.2
1120520 1571.2
1120530 1575.4
1120540 1578.1
1120550 1578.1
1120560 1582.6
1120570 1587.1
1120580 1587.1
1120590 1590.1
1120600 1595.0
1120610 1595.0
1120620 1600.4
1120630 1604.6
1120640 1604.6
1120650 1608.7
1120660 1610.5
1120670 1610.5
1120680 1612.0
1120690 1614.3
1120700 1614.3
1120710 1615.4
1120720 1616.6
1120730 1617.9
1120740 1617.9
1120750 1619.3
1120760 1621.3
1120770 1621.3
1120780 1622.9
1120790 1624.2
1120800 1624.2
1120810 1625.8
1120820 1627.2
1120830 1627.2
1120840 1628.5
1120850 1627.6
1120860 1627.6
1120870 1628.5
1120880 1629.2
1120890 1629.2
1120900 1629.7
1120910 1629.7
1120920 1629.7
1120930 1630.1
1120940 1630.5
1120950 1630.5
1120960 1630.3
1120970 1630.9
1120980 1630.9
1120990 1632.0
1121000 1633.0
1121010 1634.2
1121020 1634.2
1121030 1635.0
1121040 1635.6
1121050 1635.6
1121060 1636.0
1121070 1636.1
1121080 1636.1
1121090 1636.4
1121100 1638.2
1121110 1638.2
1121120 1640.2
1121130 1642.4
1121140 1642.4
1121150 1645.5
1121160 1648.7
1121170 1648.7
1121180 1651.5
1121190 1654.2
1121200 1652.9
1121210 1655.5
1121220 1657.8
1121230 1657.8
1121240 1660.5
1121250 1663.4
1121260 1663.4
1121270 1665.7
1121280 1668.4
1121290 1668.4
1121300 1671.7
1121310 1675.3
1121320 1678.3
1121330 1678.3
1121340 1680.8
1121350 1682.7
1121360 1682.7
1121370 1684.4
1121380 1686.1
1121390 1686.1
1121400 1688.6
1121410 1692.0
1121420 1692.0
1121430 1695.2
1121440 1698.1
1121450 1698.1
1121460 1700.4
1121470 1702.8
1121480 1702.8
1121490 1705.2
1121500 1707.7
1121510 1707.7
1121520 1710.5
1121530 1713.1
1121540 1713.1
1121550 1712.3
1121560 1713.4
1121570 1713.4
1121580 1712.8
1121590 1711.7
1121600 1708.9
1121610 1708.9
1121620 1710.3
1121630 1716.3
1121640 1716.3
1121650 1719.4
1121660 1719.3
1121670 1719.3
1121680 1719.4
1121690 1722.9
1121700 1722.9
1121710 1727.0
1121720 1732.3
1121730 1732.3
1121740 1737.8
1121750 1742.9
1121760 1742.9
1121770 1749.3
1121780 1753.2
1121790 1753.2
1121800 1754.7
1121810 1755.2
1121820 1755.2
1121830 1756.4
1121840 1759.0
1121850 1759.0
1121860 1761.9
1121870 1763.0
1121880 1763.8
1121890 1763.8
1121900 1759.7
1121910 1758.0
1121920 1758.0
1121930 1758.8
1121940 1763.4
1121950 1763.4
1121960 1765.5
1121970 1767.2
1121980 1767.2
1121990 1768.2
1122000 1768.4
1122010 1768.4
1122020 1770.8
1122030 1773.7
1122040 1773.7
1122050 1775.1
1122060 1776.4
1122070 1776.4
1122080 1779.4
1122090 1783.2
1122100 1783.2
1122110 1786.8
1122120 1791.9
1122130 1791.9
1122140 1796.6
1122150 1800.9
1122160 1804.8
1122170 1804.8
1122180 1808.9
1122190 1812.3
1122200 1812.3
1122210 1815.0
1122220 1819.4
1122230 1819.4
1122240 1823.4
1122250 1823.4
1122260 1823.4
1122270 1827.9
1122280 1831.7
1122290 1831.7
1122300 1835.1
1122310 1839.1
1122320 1839.1
1122330 1843.1
1122340 1846.9
1122350 1846.9
1122360 1851.3
1122370 1856.3
1122380 1856.3
1122390 1861.1
1122400 1865.5
1122410 1865.5
1122420 1868.1
1122430 1865.1
1122440 1865.1
1122450 1856.6
1122460 1847.9
1122470 1840.0
1122480 1840.0
1122490 1831.7
1122500 1824.6
1122510 1824.6
1122520 1818.2
1122530 1812.1
1122540 1812.1
1122550 1806.6
1122560 1801.3
1122570 1801.3
1122580 1797.0
1122590 1792.4
1122600 1792.4
1122610 1786.1
1122620 1781.3
1122630 1781.3
1122640 1775.9
1122650 1771.2
1122660 1771.2
1122670 1766.9
1122680 1762.6
1122690 1762.6
1122700 1758.7
1122710 1753.9
1122720 1753.9
1122730 1749.5
1122740 1746.1
1122750 1743.3
1122760 1743.3
1122770 1742.1
1122780 1739.9
1122790 1739.9
1122800 1737.7
1122810 1736.9
1122820 1736.9
1122830 1736.6
1122840 1734.5
1122850 1734.5
1122860 1729.8
1122870 1723.8
1122880 1723.8
1122890 1721.5
1122900 1718.8
1122910 1718.8
1122920 1712.5
1122930 1709.6
1122940 1709.6
1122950 1709.0
1122960 1701.6
1122970 1701.6
1122980 1698.3
1122990 1696.3
1123000 1696.3
1123010 1693.8
1123020 1691.2
1123030 1689.3
1123040 1689.3
1123050 1687.5
1123060 1684.8
1123070 1684.8
1123080 1682.0
1123090 1679.6
1123100 1679.6
1123110 1677.0
1123120 1674.3
1123130 1674.3
1123140 1670.7
1123150 1668.4
1123160 1668.4
1123170 1666.7
1123180 1664.0
1123190 1664.0
1123200 1661.4
1123210 1659.8
1123220 1659.8
1123230 1660.8
1123240 1660.8
1123250 1660.8
1123260 1660.8
1123270 1659.5
1123280 1659.5
1123290 1659.2
1123300 1659.6
1123310 1657.2
1123320 1657.2
1123330 1656.9
1123340 1656.7
1123350 1656.7
1123360 1656.3
1123370 1656.1
1123380 1656.1
1123390 1656.7
1123400 1656.9
1123410 1656.9
1123420 1655.0
1123430 1649.9
1123440 1649.9
1123450 1643.7
1123460 1648.7
1123470 1648.7
1123480 1651.7
1123490 1652.4
1123500 1652.4
1123510 1651.6
1123520 1652.4
1123530 1652.4
1123540 1654.6
1123550 1657.3
1123560 1657.3
1123570 1656.4
1123580 1654.8
1123590 1656.8
1123600 1656.8
1123610 1657.6
1123620 1658.2
1123630 1658.2
1123640 1659.8
1123650 1662.4
1123660 1658.8
1123670 1661.4
1123680 1663.0
1123690 1663.0
1123700 1664.3
1123710 1663.7
1123720 1663.7
1123730 1656.6
1123740 1650.3
1123750 1650.3
1123760 1656.5
1123770 1662.9
1123780 1662.9
1123790 1665.9
1123800 1666.7
1123810 1666.7
1123820 1669.1
1123830 1668.3
1123840 1668.3
1123850 1665.8
1123860 1666.8
1123870 1666.8
1123880 1669.4
1123890 1674.1
1123900 1675.0
1123910 1675.0
1123920 1674.2
1123930 1676.0
1123940 1676.0
1123950 1674.1
1123960 1674.9
1123970 1674.9
1123980 1674.8
1123990 1675.9
1124000 1675.9
1124010 1673.7
1124020 1664.8
1124030 1664.8
1124040 1664.4
1124050 1661.1
1124060 1661.1
1124070 1662.3
1124080 1669.0
1124090 1669.0
1124100 1672.3
1124110 1671.5
1124120 1671.5
1124130 1674.2
1124140 1675.9
1124150 1675.9
1124160 1670.5
1124170 1670.6
1124180 1670.9
1124190 1670.9
1124200 1671.6
1124210 1669.8
1124220 1669.8
1124230 1667.4
1124240 1664.5
1124250 1664.5
1124260 1661.5
1124270 1658.0
1124280 1658.0
1124290 1652.0
1124300 1647.6
1124310 1647.6
1124320 1652.6
1124330 1654.9
1124340 1654.9
1124350 1654.0
1124360 1653.7
1124370 1648.6
1124380 1648.4
1124390 1647.2
1124400 1647.2
1124410 1645.7
1124420 1644.1
1124430 1644.1
1124440 1643.7
1124450 1642.9
1124460 1642.9
1124470 1642.9
1124480 1641.2
1124490 1641.2
1124500 1641.2
1124510 1641.5
1124520 1641.3
1124530 1641.3
1124540 1642.7
1124550 1645.1
1124560 1645.1
1124570 1646.6
1124580 1646.7
1124590 1646.7
1124600 1647.0
1124610 1646.8
1124620 1646.8
1124630 1645.3
1124640 1642.6
1124650 1642.6
1124660 1642.0
1124670 1643.0
1124680 1643.0
1124690 1642.6
1124700 1642.2
1124710 1642.2
1124720 1640.1
1124730 1635.7
1124740 1635.5
1124750 1635.5
1124760 1637.7
1124770 1640.0
1124780 1640.0
1124790 1642.1
1124800 1644.5
1124810 1644.5
1124820 1647.4
1124830 1649.5
1124840 1649.5
1124850 1650.4
1124860 1651.2
1124870 1651.2
1124880 1653.7
1124890 1655.7
1124900 1655.7
1124910 1657.0
1124920 1659.2
1124930 1659.2
1124940 1662.0
1124950 1663.5
1124960 1663.5
1124970 1664.0
1124980 1665.6
1124990 1665.6
1125000 1664.7
1125010 1660.7
1125020 1655.4
1125030 1655.4
1125040 1648.7
1125050 1641.1
1125060 1641.1
1125070 1633.1
1125080 1621.0
1125090 1621.0
1125100 1614.6
1125110 1615.7
1125120 1615.7
1125130 1614.3
1125140 1611.3
1125150 1611.3
1125160 1610.7
1125170 1608.9
1125180 1608.9
1125190 1613.6
1125200 1621.7
1125210 1621.7
1125220 1625.5
1125230 1629.1
1125240 1629.1
1125250 1635.5
1125260 1641.9
1125270 1641.9
1125280 1647.3
1125290 1654.5
1125300 1654.5
1125310 1657.2
1125320 1659.0
1125330 1660.3
1125340 1660.3
1125350 1660.7
1125360 1661.0
1125370 1661.0
1125380 1660.9
1125390 1661.1
1125400 1661.1
1125410 1661.5
1125420 1662.1
1125430 1659.0
1125440 1659.9
1125450 1660.7
1125460 1660.7
1125470 1661.9
1125480 1663.0
1125490 1663.0
1125500 1663.7
1125510 1664.0
1125520 1664.0
1125530 1664.3
1125540 1664.0
1125550 1664.0
1125560 1661.1
1125570 1657.9
1125580 1657.9
1125590 1658.6
1125600 1661.3
1125610 1665.1
1125620 1665.1
1125630 1667.4
1125640 1668.5
1125650 1668.5
1125660 1668.7
1125670 1669.6
1125680 1669.6
1125690 1671.0
1125700 1672.7
1125710 1672.7
1125720 1674.1
1125730 1675.2
1125740 1675.2
1125750 1676.4
1125760 1678.2
1125770 1678.2
1125780 1679.1
1125790 1675.9
1125800 1675.9
1125810 1677.9
1125820 1680.3
1125830 1680.3
1125840 1683.1
1125850 1686.0
1125860 1686.0
1125870 1689.0
1125880 1691.7
1125890 1694.9
1125900 1694.9
1125910 1697.8
1125920 1700.5
1125930 1700.5
1125940 1703.2
1125950 1705.7
1125960 1705.7
1125970 1707.9
1125980 1710.1
1125990 1710.1
1126000 1712.3
1126010 1714.5
1126020 1714.5
1126030 1716.3
1126040 1718.1
1126050 1718.1
1126060 1719.6
1126070 1721.0
1126080 1721.0
1126090 1722.3
1126100 1723.7
1126110 1723.7
1126120 1725.2
1126130 1726.1
1126140 1722.7
1126150 1723.3
1126160 1723.2
1126170 1720.5
1126180 1720.5
1126190 1712.3
1126200 1703.5
1126210 1703.5
1126220 1696.3
1126230 1689.4
1126240 1689.4
1126250 1683.8
1126260 1678.3
1126270 1678.3
1126280 1672.5
1126290 1666.6
1126300 1666.6
1126310 1661.0
1126320 1655.8
1126330 1655.8
1126340 1650.2
1126350 1645.5
1126360 1645.5
1126370 1640.3
1126380 1634.8
1126390 1634.8
1126400 1628.9
1126410 1623.2
1126420 1623.2
1126430 1618.2
1126440 1614.1
1126450 1609.6
1126460 1609.6
1126470 1609.2
1126480 1611.3
1126490 1611.3
1126500 1606.4
1126510 1607.6
1126520 1607.6
1126530 1609.2
1126540 1610.7
1126550 1610.7
1126560 1611.2
1126570 1610.3
1126580 1610.3
1126590 1609.1
1126600 1607.1
1126610 1607.1
1126620 1605.0
1126630 1602.5
1126640 1602.5
1126650 1599.0
1126660 1590.6
1126670 1590.6
1126680 1580.7
1126690 1571.6
1126700 1571.6
1126710 1563.8
1126720 1556.7
1126730 1552.2
1126740 1552.2
1126750 1551.6
1126760 1550.8
1126770 1550.8
1126780 1551.2
1126790 1549.6
1126800 1549.6
1126810 1543.9
1126820 1539.5
1126830 1539.5
1126840 1535.2
1126850 1528.9
1126860 1525.9
1126870 1520.6
1126880 1522.6
1126890 1522.6
1126900 1529.4
1126910 1535.2
1126920 1535.2
1126930 1540.1
1126940 1543.7
1126950 1543.7
1126960 1549.7
1126970 1557.8
1126980 1557.8
1126990 1563.3
1127000 1566.3
1127010 1566.3
1127020 1569.4
1127030 1574.3
1127040 1578.7
1127050 1578.7
1127060 1583.9
1127070 1586.5
1127080 1586.5
1127090 1587.9
1127100 1588.8
1127110 1588.8
1127120 1589.5
1127130 1589.6
1127140 1589.6
1127150 1588.8
1127160 1588.9
1127170 1588.9
1127180 1589.2
1127190 1589.1
1127200 1589.1
1127210 1582.3
1127220 1582.2
1127230 1582.2
1127240 1581.5
1127250 1580.8
1127260 1580.8
1127270 1580.6
1127280 1581.1
1127290 1581.1
1127300 1580.4
1127310 1580.2
1127320 1579.4
1127330 1579.4
1127340 1578.5
1127350 1577.6
1127360 1577.6
1127370 1576.2
1127380 1574.5
1127390 1574.5
1127400 1572.4
1127410 1569.8
1127420 1569.8
1127430 1567.8
1127440 1566.3
1127450 1566.3
1127460 1565.0
1127470 1563.7
1127480 1563.7
1127490 1562.7
1127500 1562.4
1127510 1562.4
1127520 1562.9
1127530 1564.7
1127540 1564.7
1127550 1565.7
1127560 1566.0
1127570 1560.0
1127580 1560.4
1127590 1560.5
1127600 1560.2
1127610 1560.2
1127620 1560.0
1127630 1559.7
1127640 1559.7
1127650 1559.2
1127660 1558.7
1127670 1558.7
1127680 1558.1
1127690 1557.9
1127700 1557.9
1127710 1558.0
1127720 1559.3
1127730 1559.3
1127740 1560.0
1127750 1559.0
1127760 1559.0
1127770 1556.2
1127780 1553.9
1127790 1553.9
1127800 1551.8
1127810 1548.9
1127820 1548.9
1127830 1542.7
1127840 1537.1
1127850 1537.1
1127860 1532.9
1127870 1530.9
1127880 1528.2
1127890 1528.2
1127900 1523.3
1127910 1517.2
1127920 1517.2
1127930 1508.6
1127940 1507.3
1127950 1507.3
1127960 1505.6
1127970 1503.0
1127980 1503.0
1127990 1499.5
1128000 1495.5
1128010 1495.5
1128020 1493.1
1128030 1493.9
1128040 1493.9
1128050 1493.5
1128060 1495.2
1128070 1495.2
1128080 1496.1
1128090 1495.8
1128100 1495.8
1128110 1495.7
1128120 1494.8
1128130 1494.8
1128140 1496.1
1128150 1498.1
1128160 1499.0
1128170 1499.0
1128180 1499.3
1128190 1499.5
1128200 1499.5
1128210 1499.0
1128220 1497.3
1128230 1497.3
1128240 1495.7
1128250 1494.8
1128260 1494.8
1128270 1495.4
1128280 1492.0
1128290 1492.0
1128300 1496.5
1128310 1498.7
1128320 1498.7
1128330 1499.1
1128340 1499.3
1128350 1499.3
1128360 1499.1
1128370 1498.6
1128380 1498.6
1128390 1497.2
1128400 1495.3
1128410 1495.3
1128420 1492.6
1128430 1489.6
1128440 1489.6
1128450 1487.6
1128460 1486.2
1128470 1485.2
1128480 1485.2
1128490 1484.8
1128500 1483.7
1128510 1483.7
1128520 1481.7
1128530 1480.0
1128540 1480.0
1128550 1479.8
1128560 1479.3
1128570 1479.3
1128580 1479.2
1128590 1476.8
1128600 1476.8
1128610 1474.0
1128620 1470.6
1128630 1470.6
1128640 1463.2
1128650 1459.1
1128660 1459.1
1128670 1454.6
1128680 1451.0
1128690 1451.0
1128700 1447.4
1128710 1443.6
1128720 1443.6
1128730 1440.1
1128740 1437.5
1128750 1436.1
1128760 1436.1
1128770 1433.4
1128780 1431.3
1128790 1431.3
1128800 1430.2
1128810 1428.9
1128820 1428.9
1128830 1425.0
1128840 1422.7
1128850 1422.7
1128860 1420.1
1128870 1417.6
1128880 1417.6
1128890 1414.2
1128900 1409.5
1128910 1409.5
1128920 1405.1
1128930 1401.2
1128940 1401.2
1128950 1397.8
1128960 1393.4
1128970 1393.4
1128980 1388.7
1128990 1382.4
1129000 1382.6
1129010 1374.2
1129020 1365.4
1129030 1357.2
1129040 1357.2
1129050 1350.0
1129060 1343.1
1129070 1343.1
1129080 1337.0
1129090 1330.8
1129100 1330.8
1129110 1324.4
1129120 1317.8
1129130 1317.8
1129140 1311.4
1129150 1305.4
1129160 1305.4
1129170 1299.6
1129180 1294.1
1129190 1294.1
1129200 1288.6
1129210 1283.5
1129220 1283.5
1129230 1279.3
1129240 1274.9
1129250 1274.9
1129260 1270.9
1129270 1267.3
1129280 1267.3
1129290 1264.6
1129300 1262.9
1129310 1261.5
1129320 1261.5
1129330 1259.0
1129340 1255.3
1129350 1255.3
1129360 1249.7
1129370 1246.2
1129380 1246.2
1129390 1242.5
1129400 1238.7
1129410 1238.7
1129420 1235.3
1129430 1232.0
1129440 1232.0
1129450 1229.0
1129460 1226.9
1129470 1226.9
1129480 1225.1
1129490 1223.3
1129500 1223.3
1129510 1221.0
1129520 1217.8
1129530 1217.8
1129540 1215.6
1129550 1213.6
1129560 1213.6
1129570 1212.1
1129580 1210.7
1129590 1210.4
1129600 1210.4
1129610 1210.9
1129620 1210.6
1129630 1210.6
1129640 1209.2
1129650 1205.8
1129660 1205.8
1129670 1202.2
1129680 1200.5
1129690 1200.5
1129700 1200.4
1129710 1200.6
1129720 1199.7
1129730 1198.1
1129740 1196.7
1129750 1196.7
1129760 1193.6
1129770 1190.9
1129780 1190.9
1129790 1188.3
1129800 1186.2
1129810 1186.2
1129820 1184.2
1129830 1182.8
1129840 1182.8
1129850 1181.4
1129860 1179.3
1129870 1177.1
1129880 1177.1
1129890 1175.0
1129900 1172.7
1129910 1172.7
1129920 1168.7
1129930 1169.3
1129940 1169.3
1129950 1169.3
1129960 1167.3
1129970 1167.3
1129980 1164.6
1129990 1163.3
1130000 1163.3
1130010 1161.3
1130020 1160.5
1130030 1160.5
1130040 1161.3
1130050 1162.1
1130060 1162.1
1130070 1162.3
1130080 1161.0
1130090 1161.0
1130100 1160.4
1130110 1159.2
1130120 1159.2
1130130 1158.5
1130140 1159.1
1130150 1159.1
1130160 1159.6
1130170 1157.8
1130180 1153.4
1130190 1153.4
1130200 1151.0
1130210 1150.0
1130220 1150.0
1130230 1149.9
1130240 1149.9
1130250 1149.9
1130260 1150.0
1130270 1149.4
1130280 1149.4
1130290 1148.3
1130300 1147.2
1130310 1147.2
1130320 1147.3
1130330 1146.9
1130340 1146.9
1130350 1146.7
1130360 1146.5
1130370 1146.5
1130380 1146.3
1130390 1146.2
1130400 1146.2
1130410 1146.2
1130420 1146.0
1130430 1146.0
1130440 1145.9
1130450 1145.4
1130460 1144.7
1130470 1144.7
1130480 1143.9
1130490 1143.8
1130500 1143.8
1130510 1143.6
1130520 1141.8
1130530 1141.8
1130540 1140.1
1130550 1139.9
1130560 1139.9
1130570 1137.8
1130580 1132.9
1130590 1132.9
1130600 1129.8
1130610 1127.9
1130620 1127.9
1130630 1127.1
1130640 1131.7
1130650 1131.7
1130660 1133.6
1130670 1134.7
1130680 1134.7
1130690 1137.6
1130700 1138.9
1130710 1138.9
1130720 1140.9
1130730 1143.8
1130740 1148.5
1130750 1148.5
1130760 1151.9
1130770 1152.5
1130780 1152.5
1130790 1158.5
1130800 1162.4
1130810 1162.4
1130820 1167.1
1130830 1170.3
1130840 1170.3
1130850 1172.8
1130860 1175.0
1130870 1175.0
1130880 1177.2
1130890 1179.2
1130900 1179.2
1130910 1181.0
1130920 1182.5
1130930 1182.5
1130940 1184.9
1130950 1186.7
1130960 1186.7
1130970 1188.4
1130980 1190.0
1130990 1190.0
1131000 1192.2
1131010 1194.1
1131020 1196.5
1131030 1196.5
1131040 1198.8
1131050 1201.7
1131060 1201.7
1131070 1204.0
1131080 1205.4
1131090 1205.4
1131100 1207.3
1131110 1209.9
1131120 1209.9
1131130 1212.8
1131140 1215.2
1131150 1215.2
1131160 1221.0
1131170 1222.5
1131180 1222.5
1131190 1223.5
1131200 1224.7
1131210 1224.7
1131220 1226.2
1131230 1227.4
1131240 1227.4
1131250 1229.9
1131260 1232.1
1131270 1232.1
1131280 1234.5
1131290 1236.9
1131300 1236.8
1131310 1236.8
1131320 1239.2
1131330 1241.8
1131340 1241.8
1131350 1242.4
1131360 1242.2
1131370 1242.2
1131380 1241.6
1131390 1242.9
1131400 1242.9
1131410 1245.3
1131420 1248.3
1131430 1248.3
1131440 1250.5
1131450 1250.7
1131460 1250.7
1131470 1251.3
1131480 1253.9
1131490 1253.9
1131500 1256.1
1131510 1257.5
1131520 1263.1
1131530 1263.2
1131540 1265.3
1131550 1265.3
1131560 1268.5
1131570 1272.6
1131580 1272.6
1131590 1277.7
1131600 1282.1
1131610 1286.5
1131620 1286.5
1131630 1290.6
1131640 1292.2
1131650 1292.2
1131660 1292.4
1131670 1294.2
1131680 1294.2
1131690 1299.3
1131700 1302.7
1131710 1302.7
1131720 1306.0
1131730 1310.8
1131740 1310.8
1131750 1313.0
1131760 1316.5
1131770 1316.5
1131780 1317.0
1131790 1321.1
1131800 1321.1
1131810 1325.6
1131820 1328.7
1131830 1328.7
1131840 1331.0
1131850 1332.1
1131860 1332.1
1131870 1331.5
1131880 1339.9
1131890 1341.7
1131900 1341.7
1131910 1341.8
1131920 1341.4
1131930 1341.4
1131940 1338.2
1131950 1333.6
1131960 1333.6
1131970 1329.0
1131980 1325.5
1131990 1325.5
1132000 1326.4
1132010 1327.5
1132020 1327.5
1132030 1324.0
1132040 1320.7
1132050 1320.7
1132060 1318.2
1132070 1316.6
1132080 1316.6
1132090 1314.6
1132100 1312.6
1132110 1312.6
1132120 1310.8
1132130 1309.3
1132140 1309.3
1132150 1308.8
1132160 1307.9
1132170 1305.9
1132180 1305.9
1132190 1304.3
1132200 1302.7
1132210 1302.7
1132220 1300.9
1132230 1300.1
1132240 1304.1
1132250 1302.3
1132260 1300.3
1132270 1300.3
1132280 1298.7
1132290 1296.4
1132300 1296.4
1132310 1294.5
1132320 1294.3
1132330 1294.3
1132340 1293.3
1132350 1292.8
1132360 1292.8
1132370 1293.2
1132380 1292.6
1132390 1292.6
1132400 1289.9
1132410 1284.4
1132420 1284.4
1132430 1277.0
1132440 1269.7
1132450 1262.9
1132460 1262.9
1132470 1256.7
1132480 1251.0
1132490 1251.0
1132500 1243.6
1132510 1236.3
1132520 1236.3
1132530 1229.5
1132540 1223.0
1132550 1223.0
1132560 1217.7
1132570 1214.7
1132580 1214.7
1132590 1216.5
1132600 1217.7
1132610 1217.7
1132620 1220.3
1132630 1223.1
1132640 1223.1
1132650 1225.2
1132660 1227.6
1132670 1227.6
1132680 1232.3
1132690 1238.9
1132700 1238.9
1132710 1243.6
1132720 1245.6
1132730 1246.3
1132740 1246.3
1132750 1246.4
1132760 1246.3
1132770 1246.3
1132780 1246.3
1132790 1246.5
1132800 1246.5
1132810 1247.7
1132820 1249.3
1132830 1249.3
1132840 1252.6
1132850 1255.8
1132860 1255.8
1132870 1256.4
1132880 1256.5
1132890 1256.5
1132900 1259.2
1132910 1262.8
1132920 1262.8
1132930 1265.4
1132940 1266.8
1132950 1266.8
1132960 1268.4
1132970 1269.3
1132980 1269.3
1132990 1270.9
1133000 1273.1
1133010 1275.3
1133020 1275.3
1133030 1276.8
1133040 1278.0
1133050 1278.0
1133060 1279.5
1133070 1281.4
1133080 1281.4
1133090 1283.3
1133100 1285.3
1133110 1285.3
1133120 1287.9
1133130 1290.3
1133140 1290.3
1133150 1293.1
1133160 1296.3
1133170 1296.3
1133180 1297.7
1133190 1299.6
1133200 1299.6
1133210 1302.9
1133220 1305.5
1133230 1305.5
1133240 1309.1
1133250 1312.2
1133260 1312.2
1133270 1316.1
1133280 1321.0
1133290 1321.0
1133300 1324.5
1133310 1327.8
1133320 1331.5
1133330 1331.9
1133340 1335.0
1133350 1339.2
1133360 1339.2
1133370 1343.5
1133380 1347.0
1133390 1347.0
1133400 1349.4
1133410 1350.9
1133420 1350.9
1133430 1353.0
1133440 1355.4
1133450 1355.4
1133460 1358.3
1133470 1360.9
1133480 1360.9
1133490 1361.8
1133500 1363.6
1133510 1363.6
1133520 1366.2
1133530 1368.1
1133540 1368.1
1133550 1369.6
1133560 1371.7
1133570 1371.7
1133580 1374.1
1133590 1378.6
1133600 1385.0
1133610 1385.0
1133620 1392.3
1133630 1398.1
1133640 1398.1
1133650 1403.0
1133660 1408.2
1133670 1408.2
1133680 1412.2
1133690 1411.9
1133700 1411.9
1133710 1415.7
1133720 1418.9
1133730 1418.9
1133740 1421.1
1133750 1422.3
1133760 1422.3
1133770 1424.0
1133780 1425.2
1133790 1425.2
1133800 1426.2
1133810 1430.5
1133820 1430.5
1133830 1436.0
1133840 1442.1
1133850 1442.1
1133860 1447.6
1133870 1452.2
1133880 1455.4
1133890 1455.4
1133900 1459.9
1133910 1464.7
1133920 1464.7
1133930 1468.3
1133940 1473.8
1133950 1473.8
1133960 1480.7
1133970 1486.4
1133980 1486.4
1133990 1491.9
1134000 1497.6
1134010 1497.6
1134020 1503.2
1134030 1508.4
1134040 1508.4
1134050 1507.3
1134060 1510.6
1134070 1510.6
1134080 1513.2
1134090 1516.6
1134100 1516.6
1134110 1520.3
1134120 1523.8
1134130 1523.8
1134140 1527.4
1134150 1530.9
1134160 1534.7
1134170 1534.7
1134180 1539.2
1134190 1543.3
1134200 1543.3
1134210 1547.4
1134220 1552.5
1134230 1552.5
1134240 1557.3
1134250 1561.5
1134260 1561.5
1134270 1564.9
1134280 1568.6
1134290 1568.6
1134300 1573.9
1134310 1580.0
1134320 1580.0
1134330 1585.8
1134340 1591.1
1134350 1591.1
1134360 1596.4
1134370 1601.5
1134380 1601.5
1134390 1606.6
1134400 1612.1
1134410 1612.1
1134420 1614.7
1134430 1620.8
1134440 1627.2
1134450 1627.2
1134460 1633.5
1134470 1639.9
1134480 1639.9
1134490 1646.2
1134500 1651.8
1134510 1651.8
1134520 1655.2
1134530 1658.4
1134540 1658.4
1134550 1661.6
1134560 1664.0
1134570 1664.0
1134580 1663.6
1134590 1663.5
1134600 1663.5
1134610 1664.8
1134620 1665.6
1134630 1665.6
1134640 1665.2
1134650 1670.8
1134660 1670.8
1134670 1678.0
1134680 1687.4
1134690 1687.4
1134700 1699.1
1134710 1707.5
1134720 1714.5
1134730 1714.5
1134740 1720.6
1134750 1727.4
1134760 1727.4
1134770 1732.5
1134780 1732.7
1134790 1732.7
1134800 1736.5
1134810 1740.1
1134820 1740.1
1134830 1741.0
1134840 1741.7
1134850 1741.7
1134860 1745.1
1134870 1752.6
1134880 1752.6
1134890 1760.2
1134900 1768.9
1134910 1768.9
1134920 1776.1
1134930 1781.2
1134940 1781.2
1134950 1785.6
1134960 1789.3
1134970 1789.3
1134980 1793.3
1134990 1797.2
1135000 1797.2
1135010 1800.5
1135020 1802.8
1135030 1804.3
1135040 1804.3
1135050 1805.1
1135060 1806.2
1135070 1806.2
1135080 1807.4
1135090 1808.8
1135100 1808.8
1135110 1810.1
1135120 1811.8
1135130 1811.8
1135140 1812.4
1135150 1813.6
1135160 1813.6
1135170 1814.0
1135180 1812.8
1135190 1812.8
1135200 1812.5
1135210 1813.4
1135220 1813.4
1135230 1814.8
1135240 1816.2
1135250 1816.2
1135260 1818.5
1135270 1821.1
1135280 1821.1
1135290 1825.8
1135300 1829.9
1135310 1832.1
1135320 1832.1
1135330 1836.9
1135340 1842.5
1135350 1842.5
1135360 1849.0
1135370 1856.1
1135380 1856.1
1135390 1863.0
1135400 1872.7
1135410 1872.7
1135420 1881.0
1135430 1891.9
1135440 1891.9
1135450 1898.2
1135460 1903.6
1135470 1903.6
1135480 1909.5
1135490 1915.0
1135500 1915.0
1135510 1914.0
1135520 1919.5
1135530 1919.5
1135540 1923.3
1135550 1927.4
1135560 1927.4
1135570 1933.2
1135580 1939.8
1135590 1946.6
1135600 1946.6
1135610 1953.1
1135620 1959.7
1135630 1959.7
1135640 1965.9
1135650 1969.8
1135660 1969.8
1135670 1972.8
1135680 1975.3
1135690 1975.3
1135700 1979.5
1135710 1983.2
1135720 1983.2
1135730 1986.0
1135740 1989.4
1135750 1989.4
1135760 1992.4
1135770 1996.1
1135780 1996.1
1135790 1999.9
1135800 2004.0
1135810 2004.0
1135820 2006.6
1135830 2008.0
1135840 2008.0
1135850 2009.6
1135860 2011.8
1135870 2002.1
1135880 2002.1
1135890 2001.8
1135900 1996.0
1135910 1996.0
1135920 1995.8
1135930 1997.8
1135940 1997.8
1135950 1999.4
1135960 2002.3
1135970 2002.3
1135980 2012.4
1135990 2018.9
1136000 2018.9
1136010 2015.2
1136020 2024.1
1136030 2024.1
1136040 2033.5
1136050 2033.5
1136060 2033.5
1136070 2036.0
1136080 2035.1
1136090 2035.1
1136100 2036.6
1136110 2039.7
1136120 2039.7
1136130 2029.6
1136140 2021.0
1136150 2016.7
1136160 2016.7
1136170 2015.5
1136180 2014.0
1136190 2014.0
1136200 2015.5
1136210 2018.2
1136220 2018.2
1136230 2022.6
1136240 2020.7
1136250 2020.7
1136260 2022.1
1136270 2024.4
1136280 2024.4
1136290 2035.2
1136300 2047.1
1136310 2047.1
1136320 2056.4
1136330 2064.0
1136340 2064.0
1136350 2071.1
1136360 2069.0
1136370 2069.0
1136380 2074.9
1136390 2097.8
1136400 2097.8
1136410 2119.4
1136420 2126.4
1136430 2134.9
1136440 2134.9
1136450 2146.7
1136460 2158.4
1136470 2158.4
1136480 2170.3
1136490 2178.7
1136500 2178.7
1136510 2191.4
1136520 2207.9
1136530 2207.9
1136540 2214.6
1136550 2221.1
1136560 2221.1
1136570 2229.0
1136580 2238.6
1136590 2238.6
1136600 2246.7
1136610 2237.3
1136620 2237.3
1136630 2226.0
1136640 2222.2
1136650 2222.2
1136660 2233.8
1136670 2240.4
1136680 2240.4
1136690 2244.4
1136700 2242.9
1136710 2242.9
1136720 2232.5
1136730 2215.9
1136740 2201.2
1136750 2201.2
1136760 2191.3
1136770 2180.6
1136780 2180.6
1136790 2161.1
1136800 2150.3
1136810 2150.3
1136820 2139.2
1136830 2126.5
1136840 2126.5
1136850 2119.9
1136860 2113.9
1136870 2113.9
1136880 2092.4
1136890 2076.5
1136900 2076.5
1136910 2062.9
1136920 2056.1
1136930 2056.1
1136940 2049.5
1136950 2041.9
1136960 2041.9
1136970 2031.0
1136980 2022.1
1136990 2022.1
1137000 2013.7
1137010 2001.4
1137020 1988.9
1137030 1988.9
1137040 1982.3
1137050 1979.8
1137060 1979.8
1137070 1974.3
1137080 1968.8
1137090 1968.8
