1120000 1498.5
1120010 1498.5
1120020 1498.7
1120030 1499.3
1120040 1499.3
1120050 1500.4
1120060 1501.0
1120070 1501.0
1120080 1501.6
1120090 1499.7
1120100 1499.7
1120110 1503.4
1120120 1509.0
1120130 1509.0
1120140 1511.4
1120150 1513.0
1120160 1513.0
1120170 1514.4
1120180 1515.3
1120190 1515.3
1120200 1515.8
1120210 1516.7
1120220 1516.7
1120230 1518.9
1120240 1521.3
1120250 1521.3
1120260 1523.8
1120270 1526.6
1120280 1526.6
1120290 1529.1
1120300 1530.3
1120310 1530.0
1120320 1530.0
1120330 1522.5
1120340 1526.7
1120350 1526.7
1120360 1532.8
1120370 1535.9
1120380 1535.9
1120390 1538.2
1120400 1540.7
1120410 1540.7
1120420 1542.5
1120430 1542.7
1120440 1542.7
1120450 1541.7
1120460 1540.6
1120470 1540.6
1120480 1539.3
1120490 1537.6
1120500 1537.6
1120510 1536.8
1120520 1533.0
1120530 1533.0
1120540 1532.6
1120550 1533.8
1120560 1533.8
1120570 1532.3
1120580 1531.7
1120590 1532.4
1120600 1532.4
1120610 1533.0
1120620 1536.9
1120630 1536.9
1120640 1543.2
1120650 1550.7
1120660 1550.7
1120670 1558.6
1120680 1561.6
1120690 1561.6
1120700 1562.7
1120710 1563.5
1120720 1563.5
1120730 1564.5
1120740 1565.8
1120750 1565.8
1120760 1566.6
1120770 1570.6
1120780 1570.6
1120790 1576.6
1120800 1580.9
1120810 1580.9
1120820 1580.3
1120830 1577.4
1120840 1577.4
1120850 1577.5
1120860 1577.0
1120870 1581.7
1120880 1581.7
1120890 1587.5
1120900 1591.6
1120910 1591.6
1120920 1592.7
1120930 1593.2
1120940 1593.2
1120950 1595.8
1120960 1598.9
1120970 1598.9
1120980 1599.6
1120990 1599.4
1121000 1599.4
1121010 1599.1
1121020 1598.1
1121030 1591.8
1121040 1594.8
1121050 1597.4
1121060 1597.4
1121070 1598.1
1121080 1599.6
1121090 1599.6
1121100 1601.6
1121110 1603.4
1121120 1603.4
1121130 1604.4
1121140 1604.5
1121150 1605.8
1121160 1605.8
1121170 1607.3
1121180 1608.9
1121190 1608.9
1121200 1611.6
1121210 1614.7
1121220 1614.7
1121230 1616.6
1121240 1618.1
1121250 1618.1
1121260 1620.1
1121270 1622.0
1121280 1622.0
1121290 1624.2
1121300 1626.3
1121310 1626.3
1121320 1629.7
1121330 1632.2
1121340 1632.2
1121350 1635.1
1121360 1638.5
1121370 1638.5
1121380 1638.3
1121390 1642.2
1121400 1642.2
1121410 1645.2
1121420 1645.3
1121430 1644.3
1121440 1644.3
1121450 1643.5
1121460 1642.5
1121470 1642.5
1121480 1640.6
1121490 1635.6
1121500 1635.6
1121510 1630.1
1121520 1626.4
1121530 1626.4
1121540 1629.7
1121550 1637.3
1121560 1637.3
1121570 1646.6
1121580 1654.1
1121590 1654.1
1121600 1658.3
1121610 1659.3
1121620 1659.3
1121630 1660.5
1121640 1659.3
1121650 1659.3
1121660 1658.0
1121670 1662.5
1121680 1662.5
1121690 1667.5
1121700 1671.7
1121710 1671.7
1121720 1674.3
1121730 1666.7
1121740 1672.7
1121750 1672.7
1121760 1679.7
1121770 1683.7
1121780 1683.7
1121790 1687.6
1121800 1693.0
1121810 1693.0
1121820 1700.5
1121830 1703.9
1121840 1703.9
1121850 1704.0
1121860 1709.0
1121870 1709.0
1121880 1715.0
1121890 1720.9
1121900 1720.9
1121910 1724.7
1121920 1728.5
1121930 1728.5
1121940 1732.2
1121950 1735.0
1121960 1735.0
1121970 1737.5
1121980 1740.0
1121990 1740.0
1122000 1741.7
1122010 1743.7
1122020 1745.2
1122030 1745.2
1122040 1746.5
1122050 1748.9
1122060 1748.9
1122070 1751.1
1122080 1750.2
1122090 1750.2
1122100 1754.3
1122110 1757.2
1122120 1757.2
1122130 1759.5
1122140 1761.8
1122150 1761.8
1122160 1765.7
1122170 1768.9
1122180 1768.9
1122190 1771.8
1122200 1775.5
1122210 1775.5
1122220 1777.9
1122230 1781.1
1122240 1781.1
1122250 1784.8
1122260 1788.4
1122270 1788.4
1122280 1792.4
1122290 1796.6
1122300 1800.3
1122310 1800.3
1122320 1803.5
1122330 1808.3
1122340 1808.3
1122350 1813.5
1122360 1818.2
1122370 1818.2
1122380 1823.4
1122390 1829.0
1122400 1829.0
1122410 1835.4
1122420 1842.4
1122430 1840.6
1122440 1848.3
1122450 1855.1
1122460 1855.1
1122470 1863.0
1122480 1860.9
1122490 1860.9
1122500 1850.8
1122510 1844.2
1122520 1844.2
1122530 1837.6
1122540 1832.9
1122550 1832.9
1122560 1828.2
1122570 1816.8
1122580 1803.6
1122590 1803.6
1122600 1792.3
1122610 1784.4
1122620 1784.4
1122630 1777.0
1122640 1770.6
1122650 1770.6
1122660 1764.3
1122670 1757.9
1122680 1757.9
1122690 1752.2
1122700 1747.6
1122710 1747.6
1122720 1742.7
1122730 1735.1
1122740 1735.1
1122750 1729.8
1122760 1725.1
1122770 1725.1
1122780 1720.3
1122790 1716.2
1122800 1716.2
1122810 1710.7
1122820 1704.8
1122830 1704.8
1122840 1699.4
1122850 1694.8
1122860 1690.7
1122870 1690.7
1122880 1686.9
1122890 1684.6
1122900 1684.6
1122910 1682.1
1122920 1678.7
1122930 1678.7
1122940 1675.7
1122950 1672.6
1122960 1672.6
1122970 1669.8
1122980 1666.9
1122990 1666.9
1123000 1663.8
1123010 1660.6
1123020 1660.6
1123030 1658.0
1123040 1655.0
1123050 1655.0
1123060 1651.4
1123070 1646.5
1123080 1646.5
1123090 1646.5
1123100 1647.2
1123110 1647.2
1123120 1647.1
1123130 1645.8
1123140 1643.5
1123150 1641.8
1123160 1641.3
1123170 1640.7
1123180 1640.7
1123190 1639.3
1123200 1637.8
1123210 1637.8
1123220 1635.6
1123230 1635.2
1123240 1635.2
1123250 1635.1
1123260 1635.0
1123270 1635.0
1123280 1634.6
1123290 1634.3
1123300 1634.3
1123310 1635.1
1123320 1635.1
1123330 1635.1
1123340 1628.9
1123350 1622.4
1123360 1622.4
1123370 1628.0
1123380 1632.9
1123390 1632.9
1123400 1633.1
1123410 1629.0
1123420 1629.0
1123430 1623.7
1123440 1622.3
1123450 1625.5
1123460 1625.5
1123470 1628.4
1123480 1630.2
1123490 1624.4
1123500 1619.2
1123510 1615.4
1123520 1615.4
1123530 1606.3
1123540 1591.4
1123550 1591.4
1123560 1585.3
1123570 1588.5
1123580 1588.5
1123590 1586.2
1123600 1587.6
1123610 1587.6
1123620 1589.2
1123630 1590.9
1123640 1590.9
1123650 1597.6
1123660 1606.5
1123670 1606.5
1123680 1610.5
1123690 1612.3
1123700 1612.3
1123710 1614.4
1123720 1618.0
1123730 1614.6
1123740 1614.6
1123750 1607.4
1123760 1602.4
1123770 1602.4
1123780 1607.3
1123790 1609.3
1123800 1609.3
1123810 1611.5
1123820 1614.3
1123830 1614.3
1123840 1611.0
1123850 1606.2
1123860 1606.2
1123870 1608.6
1123880 1609.4
1123890 1609.4
1123900 1611.0
1123910 1610.2
1123920 1610.2
1123930 1603.9
1123940 1601.7
1123950 1601.7
1123960 1602.2
1123970 1599.3
1123980 1599.3
1123990 1594.7
1124000 1595.3
1124010 1599.0
1124020 1599.0
1124030 1598.1
1124040 1595.9
1124050 1595.9
1124060 1595.6
1124070 1601.3
1124080 1601.3
1124090 1600.8
1124100 1604.9
1124110 1604.9
1124120 1606.5
1124130 1606.7
1124140 1606.7
1124150 1605.5
1124160 1604.8
1124170 1604.8
1124180 1606.2
1124190 1606.9
1124200 1602.7
1124210 1603.1
1124220 1602.7
1124230 1602.7
1124240 1604.0
1124250 1605.6
1124260 1605.6
1124270 1605.8
1124280 1604.1
1124290 1600.2
1124300 1600.2
1124310 1598.3
1124320 1604.3
1124330 1604.3
1124340 1604.9
1124350 1601.4
1124360 1601.4
1124370 1600.7
1124380 1598.2
1124390 1598.2
1124400 1602.9
1124410 1606.5
1124420 1606.5
1124430 1607.6
1124440 1610.8
1124450 1610.8
1124460 1610.1
1124470 1609.9
1124480 1609.9
1124490 1611.1
1124500 1611.4
1124510 1611.4
1124520 1611.3
1124530 1610.9
1124540 1610.9
1124550 1603.8
1124560 1601.2
1124570 1597.9
1124580 1597.9
1124590 1596.7
1124600 1594.6
1124610 1594.6
1124620 1589.1
1124630 1583.2
1124640 1583.2
1124650 1581.8
1124660 1585.8
1124670 1585.8
1124680 1588.4
1124690 1589.0
1124700 1589.0
1124710 1587.7
1124720 1585.3
1124730 1585.3
1124740 1584.5
1124750 1584.9
1124760 1584.9
1124770 1585.5
1124780 1590.0
1124790 1590.0
1124800 1592.1
1124810 1593.7
1124820 1593.7
1124830 1595.5
1124840 1597.3
1124850 1597.3
1124860 1600.6
1124870 1600.8
1124880 1601.8
1124890 1601.8
1124900 1596.5
1124910 1596.0
1124920 1596.0
1124930 1594.6
1124940 1592.0
1124950 1592.0
1124960 1594.0
1124970 1594.7
1124980 1594.7
1124990 1597.9
1125000 1601.5
1125010 1601.5
1125020 1602.1
1125030 1601.2
1125040 1601.2
1125050 1595.3
1125060 1590.4
1125070 1590.4
1125080 1587.1
1125090 1583.1
1125100 1583.1
1125110 1577.2
1125120 1570.8
1125130 1570.8
1125140 1561.8
1125150 1553.2
1125160 1545.9
1125170 1545.9
1125180 1539.5
1125190 1548.5
1125200 1548.5
1125210 1558.5
1125220 1565.6
1125230 1565.6
1125240 1574.3
1125250 1583.4
1125260 1579.2
1125270 1586.7
1125280 1596.5
1125290 1596.5
1125300 1601.6
1125310 1604.1
1125320 1604.1
1125330 1606.9
1125340 1608.9
1125350 1608.9
1125360 1609.6
1125370 1609.6
1125380 1609.6
1125390 1610.1
1125400 1612.0
1125410 1612.0
1125420 1613.7
1125430 1614.8
1125440 1615.5
1125450 1615.5
1125460 1615.7
1125470 1616.2
1125480 1616.2
1125490 1616.5
1125500 1616.7
1125510 1616.7
1125520 1613.9
1125530 1608.6
1125540 1608.6
1125550 1602.8
1125560 1595.8
1125570 1595.8
1125580 1594.0
1125590 1600.1
1125600 1600.1
1125610 1598.5
1125620 1604.2
1125630 1604.2
1125640 1607.3
1125650 1609.5
1125660 1609.5
1125670 1614.2
1125680 1616.2
1125690 1616.2
1125700 1615.5
1125710 1619.5
1125720 1620.2
1125730 1620.2
1125740 1619.7
1125750 1621.0
1125760 1621.0
1125770 1622.2
1125780 1624.2
1125790 1624.2
1125800 1626.1
1125810 1627.4
1125820 1627.4
1125830 1629.0
1125840 1630.9
1125850 1630.9
1125860 1632.8
1125870 1635.2
1125880 1635.2
1125890 1637.6
1125900 1640.5
1125910 1640.5
1125920 1643.2
1125930 1646.0
1125940 1646.0
1125950 1648.6
1125960 1650.6
1125970 1646.2
1125980 1648.1
1125990 1649.9
1126000 1651.4
1126010 1651.4
1126020 1653.2
1126030 1654.7
1126040 1654.7
1126050 1656.5
1126060 1658.0
1126070 1658.0
1126080 1659.7
1126090 1660.6
1126100 1660.6
1126110 1661.4
1126120 1662.0
1126130 1662.0
1126140 1662.9
1126150 1663.5
1126160 1663.5
1126170 1663.8
1126180 1663.7
1126190 1663.7
1126200 1663.4
1126210 1662.8
1126220 1662.8
1126230 1661.6
1126240 1660.0
1126250 1660.0
1126260 1657.8
1126270 1655.8
1126280 1655.8
1126290 1652.7
1126300 1648.8
1126310 1644.3
1126320 1643.2
1126330 1638.7
1126340 1633.8
1126350 1633.8
1126360 1629.4
1126370 1625.5
1126380 1625.5
1126390 1621.7
1126400 1617.3
1126410 1617.3
1126420 1612.8
1126430 1608.5
1126440 1608.5
1126450 1604.1
1126460 1600.5
1126470 1600.5
1126480 1597.1
1126490 1593.2
1126500 1593.2
1126510 1589.3
1126520 1584.9
1126530 1584.9
1126540 1581.4
1126550 1577.7
1126560 1577.7
1126570 1573.8
1126580 1570.5
1126590 1567.2
1126600 1567.2
1126610 1564.2
1126620 1561.0
1126630 1561.0
1126640 1557.3
1126650 1552.1
1126660 1552.1
1126670 1546.3
1126680 1544.0
1126690 1544.0
1126700 1538.5
1126710 1532.6
1126720 1532.6
1126730 1525.7
1126740 1519.3
1126750 1519.3
1126760 1513.4
1126770 1507.7
1126780 1507.7
1126790 1502.3
1126800 1498.0
1126810 1498.0
1126820 1493.5
1126830 1488.8
1126840 1488.8
1126850 1484.0
1126860 1479.8
1126870 1476.8
1126880 1476.8
1126890 1474.1
1126900 1482.6
1126910 1482.6
1126920 1490.1
1126930 1495.2
1126940 1495.2
1126950 1498.7
1126960 1503.0
1126970 1503.0
1126980 1508.0
1126990 1512.8
1127000 1512.8
1127010 1517.7
1127020 1521.4
1127030 1521.4
1127040 1522.4
1127050 1525.4
1127060 1525.4
1127070 1527.6
1127080 1528.9
1127090 1528.9
1127100 1529.4
1127110 1529.3
1127120 1529.3
1127130 1529.5
1127140 1529.9
1127150 1530.2
1127160 1530.2
1127170 1530.0
1127180 1529.8
1127190 1529.8
1127200 1530.2
1127210 1530.4
1127220 1530.4
1127230 1531.0
1127240 1530.9
1127250 1530.9
1127260 1529.9
1127270 1528.2
1127280 1528.2
1127290 1526.3
1127300 1524.5
1127310 1524.5
1127320 1522.1
1127330 1520.8
1127340 1520.8
1127350 1520.8
1127360 1522.0
1127370 1522.0
1127380 1522.8
1127390 1518.4
1127400 1518.4
1127410 1518.6
1127420 1519.0
1127430 1517.4
1127440 1517.4
1127450 1512.1
1127460 1514.5
1127470 1514.5
1127480 1517.2
1127490 1517.8
1127500 1517.8
1127510 1517.8
1127520 1517.7
1127530 1517.7
1127540 1517.7
1127550 1518.8
1127560 1518.8
1127570 1520.2
1127580 1520.3
1127590 1520.3
1127600 1519.7
1127610 1519.1
1127620 1519.1
1127630 1518.2
1127640 1517.4
1127650 1517.4
1127660 1516.3
1127670 1515.0
1127680 1515.0
1127690 1513.9
1127700 1512.9
1127710 1511.5
1127720 1511.5
1127730 1510.0
1127740 1507.8
1127750 1501.4
1127760 1497.0
1127770 1493.8
1127780 1493.8
1127790 1490.8
1127800 1487.2
1127810 1487.2
1127820 1483.7
1127830 1481.1
1127840 1481.1
1127850 1477.6
1127860 1473.4
1127870 1473.4
1127880 1470.6
1127890 1468.0
1127900 1468.0
1127910 1464.8
1127920 1460.4
1127930 1460.4
1127940 1457.4
1127950 1455.8
1127960 1455.8
1127970 1454.2
1127980 1453.5
1127990 1453.5
1128000 1453.7
1128010 1454.3
1128020 1454.4
1128030 1454.4
1128040 1454.3
1128050 1454.4
1128060 1454.4
1128070 1452.0
1128080 1445.8
1128090 1445.8
1128100 1438.3
1128110 1432.7
1128120 1432.7
1128130 1432.1
1128140 1429.4
1128150 1429.4
1128160 1428.8
1128170 1429.4
1128180 1429.4
1128190 1430.1
1128200 1434.7
1128210 1434.7
1128220 1437.0
1128230 1437.8
1128240 1437.8
1128250 1438.6
1128260 1437.3
1128270 1437.3
1128280 1434.5
1128290 1434.3
1128300 1436.0
1128310 1436.0
1128320 1435.2
1128330 1433.0
1128340 1433.0
1128350 1432.5
1128360 1432.8
1128370 1432.8
1128380 1432.9
1128390 1432.6
1128400 1432.6
1128410 1430.7
1128420 1428.4
1128430 1428.4
1128440 1426.2
1128450 1423.8
1128460 1417.4
1128470 1416.0
1128480 1414.9
1128490 1414.9
1128500 1416.2
1128510 1418.0
1128520 1418.0
1128530 1421.9
1128540 1423.7
1128550 1423.7
1128560 1422.7
1128570 1420.5
1128580 1417.1
1128590 1417.1
1128600 1413.6
1128610 1408.7
1128620 1408.7
1128630 1402.7
1128640 1400.7
1128650 1400.7
1128660 1399.8
1128670 1399.7
1128680 1399.7
1128690 1400.0
1128700 1401.0
1128710 1401.0
1128720 1402.2
1128730 1404.0
1128740 1404.0
1128750 1405.9
1128760 1408.5
1128770 1408.5
1128780 1411.1
1128790 1413.5
1128800 1413.5
1128810 1415.3
1128820 1413.6
1128830 1413.6
1128840 1414.3
1128850 1414.3
1128860 1414.7
1128870 1414.7
1128880 1414.8
1128890 1414.4
1128900 1414.4
1128910 1411.1
1128920 1406.3
1128930 1406.3
1128940 1399.8
1128950 1391.0
1128960 1391.0
1128970 1382.0
1128980 1374.1
1128990 1374.1
1129000 1366.1
1129010 1358.5
1129020 1358.5
1129030 1351.3
1129040 1345.1
1129050 1345.1
1129060 1337.3
1129070 1328.9
1129080 1328.9
1129090 1321.9
1129100 1315.6
1129110 1315.6
1129120 1309.7
1129130 1303.7
1129140 1297.0
1129150 1297.0
1129160 1290.3
1129170 1283.5
1129180 1281.4
1129190 1275.1
1129200 1269.6
1129210 1269.6
1129220 1264.5
1129230 1261.7
1129240 1261.7
1129250 1258.9
1129260 1255.9
1129270 1255.9
1129280 1251.9
1129290 1247.8
1129300 1247.8
1129310 1243.6
1129320 1239.1
1129330 1239.1
1129340 1235.1
1129350 1231.6
1129360 1231.6
1129370 1228.3
1129380 1225.1
1129390 1225.1
1129400 1222.3
1129410 1219.2
1129420 1215.7
1129430 1215.7
1129440 1211.1
1129450 1206.4
1129460 1206.4
1129470 1203.0
1129480 1201.3
1129490 1201.3
1129500 1199.2
1129510 1197.2
1129520 1197.2
1129530 1196.4
1129540 1193.4
1129550 1193.4
1129560 1190.8
1129570 1187.8
1129580 1187.8
1129590 1186.1
1129600 1183.4
1129610 1183.4
1129620 1179.7
1129630 1177.3
1129640 1177.3
1129650 1175.2
1129660 1174.2
1129670 1174.2
1129680 1173.1
1129690 1171.5
1129700 1171.5
1129710 1169.9
1129720 1168.0
1129730 1165.7
1129740 1165.7
1129750 1164.1
1129760 1163.0
1129770 1163.0
1129780 1162.0
1129790 1161.0
1129800 1161.0
1129810 1160.2
1129820 1159.2
1129830 1159.2
1129840 1159.1
1129850 1159.6
1129860 1159.6
1129870 1159.5
1129880 1157.7
1129890 1157.7
1129900 1155.0
1129910 1155.3
1129920 1155.3
1129930 1155.0
1129940 1154.3
1129950 1154.3
1129960 1153.5
1129970 1152.8
1129980 1152.8
1129990 1152.5
1130000 1152.2
1130010 1152.2
1130020 1152.2
1130030 1152.0
1130040 1151.6
1130050 1151.6
1130060 1151.2
1130070 1150.9
1130080 1150.9
1130090 1150.4
1130100 1150.5
1130110 1150.5
1130120 1150.5
1130130 1150.3
1130140 1150.3
1130150 1150.1
1130160 1150.0
1130170 1150.0
1130180 1150.0
1130190 1150.1
1130200 1150.1
1130210 1149.8
1130220 1149.7
1130230 1149.7
1130240 1149.6
1130250 1147.8
1130260 1146.0
1130270 1145.1
1130280 1144.8
1130290 1144.3
1130300 1144.3
1130310 1144.2
1130320 1142.9
1130330 1142.9
1130340 1140.0
1130350 1139.2
1130360 1139.2
1130370 1135.6
1130380 1133.6
1130390 1133.6
1130400 1133.4
1130410 1133.3
1130420 1133.3
1130430 1133.2
1130440 1133.2
1130450 1133.2
1130460 1133.4
1130470 1132.7
1130480 1132.7
1130490 1132.7
1130500 1132.8
1130510 1132.8
1130520 1132.7
1130530 1131.7
1130540 1131.7
1130550 1132.9
1130560 1137.2
1130570 1143.5
1130580 1143.5
1130590 1149.3
1130600 1145.2
1130610 1145.2
1130620 1149.5
1130630 1151.4
1130640 1151.4
1130650 1155.9
1130660 1161.3
1130670 1161.3
1130680 1162.1
1130690 1162.1
1130700 1162.1
1130710 1163.7
1130720 1166.9
1130730 1166.9
1130740 1169.9
1130750 1175.8
1130760 1175.8
1130770 1181.0
1130780 1184.0
1130790 1184.0
1130800 1187.3
1130810 1189.6
1130820 1189.6
1130830 1192.4
1130840 1195.2
1130850 1197.5
1130860 1197.5
1130870 1199.6
1130880 1202.1
1130890 1202.1
1130900 1204.4
1130910 1207.2
1130920 1207.2
1130930 1209.1
1130940 1210.9
1130950 1210.9
1130960 1212.3
1130970 1214.0
1130980 1216.9
1130990 1218.3
1131000 1219.3
1131010 1219.3
1131020 1220.4
1131030 1221.5
1131040 1221.5
1131050 1224.9
1131060 1226.0
1131070 1226.0
1131080 1230.1
1131090 1234.0
1131100 1234.0
1131110 1238.3
1131120 1242.9
1131130 1246.9
1131140 1246.9
1131150 1250.6
1131160 1253.8
1131170 1253.8
1131180 1258.2
1131190 1262.5
1131200 1262.5
1131210 1266.5
1131220 1269.7
1131230 1269.7
1131240 1272.5
1131250 1276.0
1131260 1276.0
1131270 1279.5
1131280 1280.5
1131290 1280.5
1131300 1282.5
1131310 1285.6
1131320 1285.6
1131330 1289.9
1131340 1296.6
1131350 1296.6
1131360 1300.9
1131370 1303.9
1131380 1303.9
1131390 1305.0
1131400 1303.7
1131410 1303.7
1131420 1304.0
1131430 1307.7
1131440 1311.1
1131450 1311.1
1131460 1314.2
1131470 1316.6
1131480 1316.6
1131490 1318.9
1131500 1321.1
1131510 1321.1
1131520 1322.3
1131530 1323.1
1131540 1323.1
1131550 1325.1
1131560 1326.6
1131570 1326.6
1131580 1328.5
1131590 1329.7
1131600 1329.7
1131610 1333.0
1131620 1337.2
1131630 1337.2
1131640 1341.8
1131650 1346.8
1131660 1346.8
1131670 1352.0
1131680 1359.4
1131690 1359.4
1131700 1368.8
1131710 1376.0
1131720 1383.6
1131730 1383.6
1131740 1390.1
1131750 1395.6
1131760 1395.6
1131770 1400.7
1131780 1405.5
1131790 1405.5
1131800 1410.3
1131810 1414.2
1131820 1414.2
1131830 1416.8
1131840 1418.3
1131850 1418.3
1131860 1419.6
1131870 1421.4
1131880 1421.4
1131890 1422.1
1131900 1421.5
1131910 1421.5
1131920 1419.5
1131930 1416.4
1131940 1416.4
1131950 1411.9
1131960 1410.6
1131970 1410.6
1131980 1408.4
1131990 1404.8
1132000 1398.3
1132010 1398.3
1132020 1390.5
1132030 1385.8
1132040 1385.8
1132050 1382.7
1132060 1386.4
1132070 1386.4
1132080 1384.1
1132090 1380.9
1132100 1380.9
1132110 1378.6
1132120 1377.0
1132130 1377.0
1132140 1373.9
1132150 1371.0
1132160 1371.0
1132170 1369.6
1132180 1367.2
1132190 1367.2
1132200 1363.9
1132210 1360.5
1132220 1360.5
1132230 1357.3
1132240 1353.8
1132250 1353.8
1132260 1349.4
1132270 1344.8
1132280 1342.4
1132290 1342.4
1132300 1340.4
1132310 1338.2
1132320 1338.2
1132330 1337.1
1132340 1334.9
1132350 1334.9
1132360 1332.6
1132370 1330.6
1132380 1330.6
1132390 1328.5
1132400 1325.6
1132410 1325.6
1132420 1325.2
1132430 1321.4
1132440 1321.4
1132450 1318.3
1132460 1315.3
1132470 1315.3
1132480 1312.0
1132490 1308.0
1132500 1308.0
1132510 1303.6
1132520 1298.9
1132530 1298.9
1132540 1296.4
1132550 1293.0
1132560 1289.8
1132570 1289.8
1132580 1288.1
1132590 1284.9
1132600 1284.9
1132610 1279.6
1132620 1275.1
1132630 1275.1
1132640 1271.6
1132650 1269.0
1132660 1269.0
1132670 1267.9
1132680 1265.7
1132690 1265.7
1132700 1260.1
1132710 1253.6
1132720 1253.6
1132730 1246.9
1132740 1241.7
1132750 1241.7
1132760 1241.0
1132770 1240.1
1132780 1244.8
1132790 1241.4
1132800 1239.7
1132810 1239.7
1132820 1240.7
1132830 1245.4
1132840 1251.7
1132850 1251.7
1132860 1256.2
1132870 1259.0
1132880 1259.0
1132890 1261.8
1132900 1264.7
1132910 1264.7
1132920 1265.8
1132930 1266.9
1132940 1266.9
1132950 1268.4
1132960 1269.6
1132970 1269.6
1132980 1272.3
1132990 1274.7
1133000 1274.7
1133010 1277.8
1133020 1280.2
1133030 1280.2
1133040 1280.8
1133050 1281.6
1133060 1281.6
1133070 1283.4
1133080 1284.6
1133090 1284.6
1133100 1285.7
1133110 1287.3
1133120 1287.3
1133130 1289.5
1133140 1292.5
1133150 1293.9
1133160 1293.9
1133170 1295.1
1133180 1296.3
1133190 1296.3
1133200 1297.9
1133210 1299.8
1133220 1299.8
1133230 1301.4
1133240 1303.0
1133250 1303.0
1133260 1304.8
1133270 1306.3
1133280 1306.3
1133290 1307.8
1133300 1309.2
1133310 1309.2
1133320 1310.8
1133330 1312.3
1133340 1312.3
1133350 1313.4
1133360 1314.8
1133370 1314.8
1133380 1317.8
1133390 1321.5
1133400 1321.5
1133410 1325.1
1133420 1329.7
1133430 1335.3
1133440 1335.3
1133450 1340.7
1133460 1345.0
1133470 1345.0
1133480 1349.4
1133490 1355.1
1133500 1355.1
1133510 1358.1
1133520 1362.6
1133530 1362.6
1133540 1366.8
1133550 1371.0
1133560 1371.0
1133570 1375.6
1133580 1381.3
1133590 1381.3
1133600 1387.3
1133610 1391.0
1133620 1391.0
1133630 1391.8
1133640 1391.9
1133650 1391.9
1133660 1392.5
1133670 1392.8
1133680 1392.8
1133690 1393.4
1133700 1394.3
1133710 1395.4
1133720 1395.4
1133730 1396.0
1133740 1397.0
1133750 1397.0
1133760 1398.9
1133770 1401.6
1133780 1401.6
1133790 1405.4
1133800 1409.1
1133810 1409.1
1133820 1413.3
1133830 1416.4
1133840 1416.4
1133850 1419.6
1133860 1423.2
1133870 1420.7
1133880 1426.4
1133890 1432.5
1133900 1432.5
1133910 1439.3
1133920 1444.6
1133930 1444.6
1133940 1450.3
1133950 1455.8
1133960 1455.8
1133970 1461.3
1133980 1466.8
1133990 1471.9
1134000 1471.9
1134010 1475.9
1134020 1479.5
1134030 1479.5
1134040 1482.2
1134050 1485.7
1134060 1485.7
1134070 1490.0
1134080 1493.9
1134090 1493.9
1134100 1495.0
1134110 1497.7
1134120 1497.7
1134130 1503.4
1134140 1508.6
1134150 1508.6
1134160 1511.0
1134170 1511.3
1134180 1511.3
1134190 1512.3
1134200 1511.3
1134210 1511.3
1134220 1509.4
1134230 1513.7
1134240 1511.6
1134250 1519.2
1134260 1526.8
1134270 1532.9
1134280 1532.9
1134290 1538.0
1134300 1543.8
1134310 1543.8
1134320 1550.0
1134330 1555.3
1134340 1555.3
1134350 1559.7
1134360 1563.4
1134370 1563.4
1134380 1565.5
1134390 1567.8
1134400 1567.8
1134410 1567.9
1134420 1565.1
1134430 1565.1
1134440 1569.5
1134450 1580.0
1134460 1580.0
1134470 1591.1
1134480 1597.7
1134490 1597.7
1134500 1604.4
1134510 1610.0
1134520 1610.0
1134530 1613.8
1134540 1615.4
1134550 1618.6
1134560 1618.6
1134570 1622.9
1134580 1629.1
1134590 1629.1
1134600 1638.7
1134610 1644.7
1134620 1644.7
1134630 1648.1
1134640 1651.2
1134650 1651.2
1134660 1654.0
1134670 1656.7
1134680 1656.7
1134690 1658.5
1134700 1662.3
1134710 1662.3
1134720 1664.9
1134730 1669.3
1134740 1669.3
1134750 1674.6
1134760 1675.3
1134770 1675.3
1134780 1674.2
1134790 1678.8
1134800 1678.8
1134810 1679.6
1134820 1672.9
1134830 1672.9
1134840 1677.8
1134850 1684.2
1134860 1688.2
1134870 1688.2
1134880 1695.6
1134890 1701.9
1134900 1701.9
1134910 1710.0
1134920 1716.8
1134930 1716.8
1134940 1722.5
1134950 1725.8
1134960 1723.1
1134970 1725.3
1134980 1728.7
1134990 1728.7
1135000 1732.8
1135010 1738.0
1135020 1738.0
1135030 1744.9
1135040 1752.0
1135050 1752.0
1135060 1753.7
1135070 1754.2
1135080 1754.2
1135090 1753.9
1135100 1752.3
1135110 1752.3
1135120 1751.9
1135130 1751.8
1135140 1757.4
1135150 1757.4
1135160 1764.1
1135170 1769.0
1135180 1769.0
1135190 1771.6
1135200 1773.9
1135210 1773.9
1135220 1777.7
1135230 1782.0
1135240 1782.0
1135250 1788.2
1135260 1795.2
1135270 1795.2
1135280 1801.6
1135290 1808.1
1135300 1808.1
1135310 1814.0
1135320 1818.1
1135330 1815.4
1135340 1819.0
1135350 1820.0
1135360 1820.0
1135370 1822.8
1135380 1826.5
1135390 1826.5
1135400 1829.0
1135410 1832.5
1135420 1836.8
1135430 1836.8
1135440 1841.4
1135450 1846.1
1135460 1846.1
1135470 1852.3
1135480 1859.1
1135490 1859.1
1135500 1865.2
1135510 1871.2
1135520 1871.2
1135530 1876.9
1135540 1881.8
1135550 1881.8
1135560 1886.2
1135570 1890.6
1135580 1890.6
1135590 1895.4
1135600 1900.5
1135610 1900.5
1135620 1905.4
1135630 1909.9
1135640 1909.9
1135650 1914.4
1135660 1918.8
1135670 1918.8
1135680 1923.2
1135690 1923.8
1135700 1928.1
1135710 1928.1
1135720 1931.8
1135730 1934.6
1135740 1934.6
1135750 1937.0
1135760 1937.4
1135770 1937.4
1135780 1936.3
1135790 1933.5
1135800 1933.5
1135810 1930.9
1135820 1928.2
1135830 1928.2
1135840 1926.7
1135850 1924.7
1135860 1924.7
1135870 1922.7
1135880 1922.7
1135890 1922.7
1135900 1921.4
1135910 1920.9
1135920 1920.9
1135930 1920.3
1135940 1919.5
1135950 1919.5
1135960 1919.2
1135970 1919.5
1135980 1920.2
1135990 1920.2
1136000 1921.8
1136010 1922.8
1136020 1922.8
1136030 1923.9
1136040 1926.5
1136050 1926.5
1136060 1924.1
1136070 1926.7
1136080 1926.7
1136090 1929.2
1136100 1932.9
1136110 1932.9
1136120 1935.4
1136130 1939.3
1136140 1939.3
1136150 1941.1
1136160 1943.5
1136170 1943.5
1136180 1946.7
1136190 1950.0
1136200 1950.0
1136210 1952.1
1136220 1954.2
1136230 1954.2
1136240 1955.9
1136250 1957.8
1136260 1960.3
1136270 1960.3
1136280 1961.8
1136290 1964.0
1136300 1964.0
1136310 1969.1
1136320 1974.1
1136330 1974.1
1136340 1979.3
1136350 1986.0
1136360 1986.0
1136370 1992.4
1136380 1998.6
1136390 1998.6
1136400 2008.9
1136410 2021.2
1136420 2018.5
1136430 2034.6
1136440 2055.2
1136450 2055.2
1136460 2074.5
1136470 2090.0
1136480 2090.0
1136490 2099.1
1136500 2101.9
1136510 2101.9
1136520 2113.0
1136530 2125.7
1136540 2125.7
1136550 2134.4
1136560 2124.1
1136570 2119.0
1136580 2119.0
1136590 2122.0
1136600 2131.5
1136610 2131.5
1136620 2141.7
1136630 2152.7
1136640 2152.7
1136650 2166.9
1136660 2169.7
1136670 2169.7
1136680 2163.5
1136690 2154.1
1136700 2154.1
1136710 2150.5
1136720 2142.8
1136730 2142.8
1136740 2136.9
1136750 2132.8
1136760 2132.8
1136770 2118.6
1136780 2103.6
1136790 2095.0
1136800 2084.5
1136810 2077.4
1136820 2077.4
1136830 2069.0
1136840 2056.1
1136850 2041.1
1136860 2041.1
1136870 2031.3
1136880 2019.8
1136890 2019.8
1136900 2012.4
1136910 2007.7
1136920 2007.7
1136930 2001.8
1136940 1995.7
1136950 1995.7
1136960 1989.9
1136970 1983.5
1136980 1983.5
1136990 1976.4
1137000 1970.5
1137010 1970.5
1137020 1965.4
1137030 1960.1
1137040 1960.1
1137050 1955.7
1137060 1952.4
1137070 1952.4
1137080 1951.1
1137090 1948.4
1137100 1948.4
1137110 1943.5
1137120 1938.2
