1120000 1742.9
1120010 1749.0
1120020 1749.0
1120030 1755.6
1120040 1763.4
1120050 1763.4
1120060 1769.4
1120070 1774.0
1120080 1774.0
1120090 1778.1
1120100 1783.2
1120110 1789.5
1120120 1789.5
1120130 1795.6
1120140 1801.4
1120150 1801.4
1120160 1811.4
1120170 1817.6
1120180 1817.6
1120190 1823.1
1120200 1829.4
1120210 1829.4
1120220 1836.3
1120230 1842.8
1120240 1842.8
1120250 1849.4
1120260 1854.8
1120270 1854.8
1120280 1857.6
1120290 1856.2
1120300 1856.2
1120310 1854.1
1120320 1851.5
1120330 1851.5
1120340 1848.6
1120350 1849.9
1120360 1849.9
1120370 1851.8
1120380 1850.6
1120390 1848.8
1120400 1848.8
1120410 1845.8
1120420 1840.3
1120430 1840.3
1120440 1838.3
1120450 1837.0
1120460 1837.0
1120470 1833.5
1120480 1829.5
1120490 1829.5
1120500 1826.1
1120510 1814.1
1120520 1814.1
1120530 1809.9
1120540 1805.2
1120550 1805.2
1120560 1799.6
1120570 1795.1
1120580 1795.1
1120590 1790.8
1120600 1786.6
1120610 1786.6
1120620 1784.6
1120630 1782.3
1120640 1782.3
1120650 1779.8
1120660 1777.1
1120670 1773.8
1120680 1773.8
1120690 1771.7
1120700 1771.6
1120710 1771.6
1120720 1772.2
1120730 1771.9
1120740 1771.9
1120750 1771.3
1120760 1770.6
1120770 1770.6
1120780 1769.4
1120790 1767.6
1120800 1767.6
1120810 1766.1
1120820 1764.2
1120830 1764.2
1120840 1761.1
1120850 1757.2
1120860 1756.6
1120870 1754.6
1120880 1752.9
1120890 1752.9
1120900 1750.4
1120910 1748.9
1120920 1748.9
1120930 1749.3
1120940 1747.9
1120950 1743.4
1120960 1743.4
1120970 1739.5
1120980 1737.7
1120990 1737.7
1121000 1737.9
1121010 1738.7
1121020 1738.7
1121030 1739.3
1121040 1739.4
1121050 1739.4
1121060 1739.6
1121070 1740.0
1121080 1740.0
1121090 1740.1
1121100 1740.1
1121110 1740.1
1121120 1739.2
1121130 1739.4
1121140 1739.4
1121150 1739.3
1121160 1740.2
1121170 1740.2
1121180 1741.4
1121190 1742.2
1121200 1742.2
1121210 1742.7
1121220 1744.4
1121230 1744.4
1121240 1746.1
1121250 1748.9
1121260 1752.5
1121270 1752.5
1121280 1755.2
1121290 1758.8
1121300 1758.8
1121310 1763.2
1121320 1768.0
1121330 1768.0
1121340 1773.4
1121350 1779.2
1121360 1779.2
1121370 1785.2
1121380 1790.2
1121390 1790.2
1121400 1795.8
1121410 1801.6
1121420 1801.6
1121430 1808.0
1121440 1813.4
1121450 1813.4
1121460 1819.7
1121470 1825.8
1121480 1825.8
1121490 1831.6
1121500 1838.8
1121510 1838.8
1121520 1845.2
1121530 1852.3
1121540 1858.4
1121550 1858.4
1121560 1864.4
1121570 1871.2
1121580 1871.2
1121590 1880.2
1121600 1889.7
1121610 1889.7
1121620 1898.4
1121630 1909.1
1121640 1909.1
1121650 1918.9
1121660 1927.1
1121670 1927.1
1121680 1934.9
1121690 1943.6
1121700 1943.6
1121710 1952.1
1121720 1960.0
1121730 1960.0
1121740 1970.3
1121750 1982.7
1121760 1982.7
1121770 1994.3
1121780 2002.4
1121790 2002.4
1121800 2009.5
1121810 2015.0
1121820 2020.4
1121830 2020.4
1121840 2023.9
1121850 2027.3
1121860 2027.3
1121870 2024.2
1121880 2013.6
1121890 2013.6
1121900 2001.9
1121910 1993.1
1121920 1993.1
1121930 1981.9
1121940 1972.7
1121950 1972.7
1121960 1960.9
1121970 1951.5
1121980 1951.5
1121990 1940.8
1122000 1932.2
1122010 1932.2
1122020 1922.1
1122030 1913.1
1122040 1913.1
1122050 1905.6
1122060 1897.1
1122070 1897.1
1122080 1888.1
1122090 1878.8
1122100 1878.8
1122110 1872.1
1122120 1867.1
1122130 1861.6
1122140 1861.6
1122150 1856.0
1122160 1850.8
1122170 1850.8
1122180 1846.4
1122190 1842.8
1122200 1842.8
1122210 1839.6
1122220 1836.1
1122230 1836.1
1122240 1832.1
1122250 1828.1
1122260 1832.3
1122270 1827.8
1122280 1823.4
1122290 1823.4
1122300 1819.5
1122310 1815.7
1122320 1815.7
1122330 1811.9
1122340 1808.5
1122350 1808.5
1122360 1806.3
1122370 1804.5
1122380 1804.5
1122390 1802.6
1122400 1801.0
1122410 1801.7
1122420 1801.7
1122430 1803.3
1122440 1806.0
1122450 1806.0
1122460 1809.4
1122470 1813.0
1122480 1813.0
1122490 1815.3
1122500 1816.7
1122510 1816.7
1122520 1817.4
1122530 1820.1
1122540 1820.1
1122550 1824.2
1122560 1824.3
1122570 1824.3
1122580 1821.7
1122590 1819.8
1122600 1819.8
1122610 1816.0
1122620 1820.6
1122630 1820.6
1122640 1814.1
1122650 1810.8
1122660 1810.8
1122670 1807.9
1122680 1803.1
1122690 1797.8
1122700 1797.8
1122710 1793.0
1122720 1789.4
1122730 1789.4
1122740 1787.6
1122750 1784.4
1122760 1784.4
1122770 1781.5
1122780 1777.8
1122790 1777.8
1122800 1774.0
1122810 1771.7
1122820 1771.7
1122830 1770.8
1122840 1768.7
1122850 1768.7
1122860 1767.2
1122870 1766.6
1122880 1766.6
1122890 1767.1
1122900 1769.3
1122910 1769.3
1122920 1769.6
1122930 1767.2
1122940 1767.2
1122950 1762.5
1122960 1758.7
1122970 1759.9
1122980 1759.9
1122990 1757.1
1123000 1754.8
1123010 1754.8
1123020 1753.9
1123030 1754.6
1123040 1754.6
1123050 1756.9
1123060 1759.3
1123070 1759.3
1123080 1761.1
1123090 1764.1
1123100 1764.1
1123110 1767.5
1123120 1770.5
1123130 1770.5
1123140 1774.5
1123150 1778.7
1123160 1778.7
1123170 1782.3
1123180 1784.1
1123190 1784.1
1123200 1787.7
1123210 1791.7
1123220 1791.7
1123230 1797.6
1123240 1804.7
1123250 1804.7
1123260 1812.5
1123270 1817.4
1123280 1822.2
1123290 1822.2
1123300 1829.5
1123310 1837.2
1123320 1848.0
1123330 1854.2
1123340 1858.3
1123350 1858.3
1123360 1856.4
1123370 1856.9
1123380 1856.9
1123390 1859.7
1123400 1858.8
1123410 1858.8
1123420 1862.3
1123430 1868.1
1123440 1868.1
1123450 1871.1
1123460 1869.0
1123470 1869.0
1123480 1868.5
1123490 1870.7
1123500 1870.7
1123510 1868.1
1123520 1864.6
1123530 1864.6
1123540 1862.0
1123550 1859.8
1123560 1858.8
1123570 1858.8
1123580 1856.7
1123590 1855.2
1123600 1855.2
1123610 1853.9
1123620 1852.7
1123630 1852.7
1123640 1852.8
1123650 1852.9
1123660 1852.9
1123670 1867.1
1123680 1866.5
1123690 1866.5
1123700 1862.7
1123710 1858.9
1123720 1858.9
1123730 1860.2
1123740 1859.7
1123750 1859.7
1123760 1858.3
1123770 1854.2
1123780 1854.2
1123790 1856.6
1123800 1862.3
1123810 1862.3
1123820 1864.5
1123830 1861.7
1123840 1863.2
1123850 1863.2
1123860 1869.3
1123870 1874.9
1123880 1874.9
1123890 1872.6
1123900 1868.2
1123910 1868.2
1123920 1864.3
1123930 1859.6
1123940 1859.6
1123950 1854.1
1123960 1848.2
1123970 1848.2
1123980 1842.3
1123990 1835.4
1124000 1835.4
1124010 1829.8
1124020 1825.7
1124030 1829.8
1124040 1826.4
1124050 1825.1
1124060 1825.1
1124070 1826.0
1124080 1828.1
1124090 1828.1
1124100 1831.5
1124110 1835.3
1124120 1839.4
1124130 1839.4
1124140 1843.3
1124150 1846.8
1124160 1846.8
1124170 1850.9
1124180 1857.5
1124190 1857.5
1124200 1865.6
1124210 1870.2
1124220 1870.2
1124230 1870.3
1124240 1870.0
1124250 1870.0
1124260 1875.2
1124270 1880.3
1124280 1880.3
1124290 1884.3
1124300 1889.0
1124310 1889.0
1124320 1891.8
1124330 1890.9
1124340 1890.9
1124350 1884.9
1124360 1876.8
1124370 1876.8
1124380 1875.9
1124390 1866.2
1124400 1866.2
1124410 1858.2
1124420 1850.8
1124430 1843.1
1124440 1843.1
1124450 1836.8
1124460 1831.8
1124470 1831.8
1124480 1826.6
1124490 1821.2
1124500 1821.2
1124510 1818.4
1124520 1817.1
1124530 1817.1
1124540 1817.4
1124550 1818.2
1124560 1818.2
1124570 1818.9
1124580 1819.8
1124590 1819.8
1124600 1821.8
1124610 1824.8
1124620 1824.8
1124630 1827.9
1124640 1830.4
1124650 1830.4
1124660 1830.3
1124670 1830.1
1124680 1830.1
1124690 1830.9
1124700 1834.0
1124710 1837.9
1124720 1837.9
1124730 1848.7
1124740 1852.8
1124750 1852.8
1124760 1861.0
1124770 1867.5
1124780 1867.5
1124790 1868.2
1124800 1870.7
1124810 1870.7
1124820 1875.4
1124830 1882.2
1124840 1882.2
1124850 1891.0
1124860 1902.6
1124870 1902.6
1124880 1915.8
1124890 1924.1
1124900 1924.1
1124910 1923.2
1124920 1926.6
1124930 1926.6
1124940 1933.7
1124950 1938.7
1124960 1938.7
1124970 1939.5
1124980 1937.8
1124990 1935.7
1125000 1935.7
1125010 1936.3
1125020 1929.9
1125030 1929.9
1125040 1923.5
1125050 1921.2
1125060 1921.2
1125070 1923.3
1125080 1927.4
1125090 1927.7
1125100 1925.2
1125110 1926.8
1125120 1926.8
1125130 1928.9
1125140 1930.7
1125150 1930.7
1125160 1930.4
1125170 1929.6
1125180 1929.6
1125190 1930.7
1125200 1933.4
1125210 1933.4
1125220 1936.8
1125230 1940.2
1125240 1940.2
1125250 1942.4
1125260 1942.7
1125270 1941.6
1125280 1941.6
1125290 1941.7
1125300 1943.1
1125310 1943.1
1125320 1944.3
1125330 1944.7
1125340 1944.7
1125350 1944.5
1125360 1944.1
1125370 1944.1
1125380 1943.5
1125390 1942.9
1125400 1942.9
1125410 1942.0
1125420 1936.3
1125430 1936.3
1125440 1932.0
1125450 1923.5
1125460 1923.5
1125470 1915.0
1125480 1906.0
1125490 1906.0
1125500 1901.8
1125510 1900.1
1125520 1900.1
1125530 1895.3
1125540 1887.7
1125550 1887.7
1125560 1882.4
1125570 1879.7
1125580 1878.7
1125590 1878.7
1125600 1877.0
1125610 1874.9
1125620 1874.9
1125630 1872.5
1125640 1871.3
1125650 1871.3
1125660 1871.7
1125670 1873.7
1125680 1873.7
1125690 1876.1
1125700 1879.2
1125710 1879.2
1125720 1882.8
1125730 1884.9
1125740 1884.9
1125750 1886.5
1125760 1892.4
1125770 1892.4
1125780 1899.5
1125790 1905.1
1125800 1913.6
1125810 1921.0
1125820 1931.1
1125830 1931.1
1125840 1939.1
1125850 1937.4
1125860 1925.1
1125870 1925.1
1125880 1915.6
1125890 1915.8
1125900 1915.8
1125910 1921.7
1125920 1926.5
1125930 1926.5
1125940 1925.3
1125950 1919.7
1125960 1919.7
1125970 1920.8
1125980 1921.8
1125990 1921.8
1126000 1922.2
1126010 1921.8
1126020 1921.8
1126030 1921.7
1126040 1923.0
1126050 1923.0
1126060 1922.0
1126070 1920.9
1126080 1920.9
1126090 1920.2
1126100 1920.4
1126110 1920.4
1126120 1920.8
1126130 1921.8
1126140 1923.3
1126150 1924.5
1126160 1924.5
1126170 1921.2
1126180 1921.2
1126190 1917.9
1126200 1916.1
1126210 1916.1
1126220 1914.3
1126230 1913.6
1126240 1913.6
1126250 1912.2
1126260 1910.2
1126270 1910.2
1126280 1908.5
1126290 1907.3
1126300 1907.3
1126310 1904.4
1126320 1899.8
1126330 1899.8
1126340 1894.9
1126350 1892.7
1126360 1892.7
1126370 1888.8
1126380 1881.8
1126390 1881.8
1126400 1875.1
1126410 1868.6
1126420 1863.1
1126430 1863.1
1126440 1857.9
1126450 1852.1
1126460 1852.1
1126470 1846.5
1126480 1841.6
1126490 1841.6
1126500 1837.1
1126510 1828.9
1126520 1828.9
1126530 1824.8
1126540 1820.1
1126550 1820.1
1126560 1815.0
1126570 1809.1
1126580 1809.1
1126590 1803.8
1126600 1801.4
1126610 1801.4
1126620 1798.6
1126630 1796.0
1126640 1796.0
1126650 1793.9
1126660 1792.0
1126670 1792.0
1126680 1789.3
1126690 1787.1
1126700 1787.1
1126710 1785.4
1126720 1782.7
1126730 1780.2
1126740 1780.2
1126750 1777.8
1126760 1777.4
1126770 1777.4
1126780 1776.9
1126790 1775.2
1126800 1775.2
1126810 1772.7
1126820 1770.9
1126830 1770.9
1126840 1766.5
1126850 1763.8
1126860 1763.8
1126870 1765.3
1126880 1767.9
1126890 1767.9
1126900 1768.5
1126910 1769.8
1126920 1769.8
1126930 1770.8
1126940 1772.6
1126950 1772.6
1126960 1775.3
1126970 1777.5
1126980 1777.5
1126990 1780.3
1127000 1783.3
1127010 1787.0
1127020 1787.0
1127030 1790.4
1127040 1793.7
1127050 1793.7
1127060 1797.0
1127070 1801.1
1127080 1801.1
1127090 1805.2
1127100 1810.1
1127110 1810.1
1127120 1814.2
1127130 1818.8
1127140 1818.8
1127150 1823.7
1127160 1828.2
1127170 1828.2
1127180 1832.0
1127190 1837.4
1127200 1837.4
1127210 1842.6
1127220 1845.5
1127230 1845.5
1127240 1850.3
1127250 1855.7
1127260 1855.7
1127270 1862.6
1127280 1865.8
1127290 1868.7
1127300 1868.7
1127310 1877.8
1127320 1888.3
1127330 1888.3
1127340 1894.4
1127350 1900.7
1127360 1900.7
1127370 1906.4
1127380 1914.9
1127390 1914.9
1127400 1922.0
1127410 1925.0
1127420 1925.0
1127430 1927.5
1127440 1930.5
1127450 1930.5
1127460 1934.3
1127470 1936.6
1127480 1936.6
1127490 1937.4
1127500 1937.7
1127510 1937.7
1127520 1937.1
1127530 1934.0
1127540 1934.0
1127550 1931.3
1127560 1927.4
1127570 1927.4
1127580 1918.7
1127590 1913.5
1127600 1909.6
1127610 1909.6
1127620 1907.9
1127630 1908.1
1127640 1908.1
1127650 1905.9
1127660 1903.1
1127670 1903.1
1127680 1896.2
1127690 1889.1
1127700 1889.1
1127710 1883.6
1127720 1877.2
1127730 1877.2
1127740 1868.8
1127750 1861.1
1127760 1861.1
1127770 1859.3
1127780 1857.1
1127790 1857.1
1127800 1850.1
1127810 1842.3
1127820 1842.3
1127830 1835.8
1127840 1831.1
1127850 1831.1
1127860 1826.7
1127870 1822.2
1127880 1817.4
1127890 1817.4
1127900 1812.9
1127910 1808.7
1127920 1808.7
1127930 1804.5
1127940 1802.2
1127950 1802.2
1127960 1798.6
1127970 1795.7
1127980 1795.7
1127990 1794.9
1128000 1796.0
1128010 1796.0
1128020 1798.8
1128030 1803.6
1128040 1803.6
1128050 1808.9
1128060 1814.1
1128070 1814.1
1128080 1823.7
1128090 1848.6
1128100 1848.6
1128110 1851.9
1128120 1846.0
1128130 1846.0
1128140 1842.8
1128150 1836.9
1128160 1829.4
1128170 1829.4
1128180 1821.2
1128190 1815.7
1128200 1815.7
1128210 1810.9
1128220 1804.8
1128230 1804.8
1128240 1798.4
1128250 1792.2
1128260 1792.2
1128270 1784.4
1128280 1779.2
1128290 1771.8
1128300 1768.0
1128310 1760.8
1128320 1760.8
1128330 1751.0
1128340 1744.4
1128350 1744.4
1128360 1736.8
1128370 1726.9
1128380 1726.9
1128390 1720.1
1128400 1713.7
1128410 1713.7
1128420 1708.8
1128430 1703.5
1128440 1698.2
1128450 1698.2
1128460 1690.9
1128470 1686.2
1128480 1686.2
1128490 1682.3
1128500 1679.3
1128510 1679.3
1128520 1675.2
1128530 1669.3
1128540 1669.3
1128550 1664.0
1128560 1659.0
1128570 1659.0
1128580 1655.4
1128590 1650.9
1128600 1650.9
1128610 1646.9
1128620 1643.1
1128630 1643.1
1128640 1638.8
1128650 1629.5
1128660 1629.5
1128670 1624.3
1128680 1619.2
1128690 1619.2
1128700 1614.4
1128710 1609.1
1128720 1609.1
1128730 1603.7
1128740 1600.9
1128750 1598.0
1128760 1598.0
1128770 1595.6
1128780 1594.2
1128790 1594.2
1128800 1590.2
1128810 1584.7
1128820 1584.7
1128830 1579.7
1128840 1575.1
1128850 1575.1
1128860 1569.9
1128870 1563.0
1128880 1563.0
1128890 1556.5
1128900 1548.9
1128910 1548.9
1128920 1541.7
1128930 1534.8
1128940 1534.8
1128950 1528.7
1128960 1523.1
1128970 1523.1
1128980 1518.2
1128990 1511.6
1129000 1511.6
1129010 1501.3
1129020 1496.3
1129030 1492.8
1129040 1492.8
1129050 1488.8
1129060 1483.8
1129070 1483.8
1129080 1478.4
1129090 1472.5
1129100 1472.5
1129110 1466.5
1129120 1461.7
1129130 1461.7
1129140 1458.0
1129150 1454.8
1129160 1454.8
1129170 1450.5
1129180 1445.6
1129190 1445.6
1129200 1441.7
1129210 1439.0
1129220 1439.0
1129230 1436.0
1129240 1433.7
1129250 1433.7
1129260 1432.5
1129270 1431.9
1129280 1431.9
1129290 1430.6
1129300 1428.6
1129310 1427.0
1129320 1427.0
1129330 1426.8
1129340 1427.9
1129350 1427.9
1129360 1428.5
1129370 1423.3
1129380 1423.3
1129390 1423.6
1129400 1423.4
1129410 1423.4
1129420 1422.5
1129430 1420.6
1129440 1420.6
1129450 1418.2
1129460 1415.5
1129470 1415.5
1129480 1412.6
1129490 1409.9
1129500 1409.9
1129510 1406.8
1129520 1403.3
1129530 1403.3
1129540 1399.4
1129550 1396.5
1129560 1396.5
1129570 1393.4
1129580 1389.6
1129590 1385.9
1129600 1385.9
1129610 1383.2
1129620 1380.3
1129630 1380.3
1129640 1376.2
1129650 1371.6
1129660 1371.6
1129670 1368.4
1129680 1366.6
1129690 1366.6
1129700 1365.4
1129710 1363.9
1129720 1363.9
1129730 1356.8
1129740 1355.8
1129750 1355.8
1129760 1354.0
1129770 1351.3
1129780 1351.3
1129790 1347.1
1129800 1342.8
1129810 1342.8
1129820 1338.4
1129830 1334.2
1129840 1334.2
1129850 1329.5
1129860 1324.3
1129870 1324.3
1129880 1320.7
1129890 1317.5
1129900 1313.8
1129910 1313.8
1129920 1309.7
1129930 1305.5
1129940 1305.5
1129950 1300.5
1129960 1295.8
1129970 1295.8
1129980 1293.3
1129990 1289.4
1130000 1289.4
1130010 1283.5
1130020 1277.2
1130030 1277.2
1130040 1275.3
1130050 1275.6
1130060 1275.6
1130070 1275.0
1130080 1274.0
1130090 1269.8
1130100 1268.7
1130110 1266.4
1130120 1266.4
1130130 1263.5
1130140 1260.9
1130150 1260.9
1130160 1257.7
1130170 1254.9
1130180 1253.6
1130190 1253.6
1130200 1251.9
1130210 1250.1
1130220 1250.1
1130230 1248.1
1130240 1244.4
1130250 1244.4
1130260 1240.5
1130270 1238.8
1130280 1238.8
1130290 1236.8
1130300 1234.1
1130310 1234.1
1130320 1231.3
1130330 1228.3
1130340 1228.3
1130350 1225.7
1130360 1224.1
1130370 1224.1
1130380 1222.1
1130390 1220.1
1130400 1220.1
1130410 1218.4
1130420 1218.2
1130430 1218.2
1130440 1217.4
1130450 1215.3
1130460 1214.3
1130470 1214.3
1130480 1213.1
1130490 1211.4
1130500 1211.4
1130510 1210.2
1130520 1209.4
1130530 1209.4
1130540 1208.7
1130550 1207.8
1130560 1207.8
1130570 1206.4
1130580 1203.3
1130590 1203.3
1130600 1201.5
1130610 1198.7
1130620 1198.7
1130630 1197.8
1130640 1198.7
1130650 1198.7
1130660 1200.7
1130670 1200.7
1130680 1200.7
1130690 1199.6
1130700 1197.8
1130710 1197.8
1130720 1195.3
1130730 1191.7
1130740 1189.6
1130750 1189.6
1130760 1187.0
1130770 1184.0
1130780 1184.0
1130790 1179.7
1130800 1176.0
1130810 1176.8
1130820 1175.5
1130830 1173.1
1130840 1173.1
1130850 1169.5
1130860 1165.5
1130870 1165.5
1130880 1161.9
1130890 1158.5
1130900 1158.5
1130910 1154.6
1130920 1150.5
1130930 1150.5
1130940 1147.8
1130950 1147.2
1130960 1147.2
1130970 1147.7
1130980 1151.0
1130990 1151.0
1131000 1154.9
1131010 1156.4
1131020 1156.4
1131030 1154.8
1131040 1149.8
1131050 1143.4
1131060 1143.4
1131070 1137.6
1131080 1132.7
1131090 1132.7
1131100 1128.0
1131110 1124.6
1131120 1124.6
1131130 1120.4
1131140 1116.2
1131150 1116.2
1131160 1113.2
1131170 1111.7
1131180 1111.7
1131190 1111.2
1131200 1112.0
1131210 1112.0
1131220 1114.0
1131230 1114.3
1131240 1114.3
1131250 1114.4
1131260 1115.0
1131270 1115.0
1131280 1113.8
1131290 1108.3
1131300 1108.3
1131310 1103.1
1131320 1101.6
1131330 1099.1
1131340 1099.1
1131350 1099.4
1131360 1101.0
1131370 1101.0
1131380 1101.5
1131390 1101.5
1131400 1101.5
1131410 1101.8
1131420 1104.4
1131430 1104.4
1131440 1105.0
1131450 1104.7
1131460 1104.7
1131470 1105.9
1131480 1108.4
1131490 1108.4
1131500 1109.9
1131510 1112.2
1131520 1112.2
1131530 1113.5
1131540 1113.7
1131550 1113.7
1131560 1114.2
1131570 1117.2
1131580 1117.2
1131590 1121.0
1131600 1122.0
1131610 1122.3
1131620 1122.3
1131630 1122.7
1131640 1123.5
1131650 1123.5
1131660 1124.1
1131670 1124.3
1131680 1124.3
1131690 1124.7
1131700 1125.2
1131710 1125.2
1131720 1125.7
1131730 1125.9
1131740 1125.9
1131750 1126.3
1131760 1126.9
1131770 1126.9
1131780 1127.4
1131790 1127.9
1131800 1127.9
1131810 1128.5
1131820 1129.4
1131830 1129.4
1131840 1130.8
1131850 1131.6
1131860 1131.6
1131870 1132.4
1131880 1131.6
1131890 1132.7
1131900 1132.7
1131910 1128.2
1131920 1122.4
1131930 1122.4
1131940 1120.3
1131950 1121.4
1131960 1121.4
1131970 1126.7
1131980 1131.2
1131990 1131.2
1132000 1136.1
1132010 1139.9
1132020 1139.9
1132030 1143.6
1132040 1148.2
1132050 1148.2
1132060 1152.3
1132070 1155.7
1132080 1155.7
1132090 1158.3
1132100 1160.4
1132110 1160.4
1132120 1161.1
1132130 1162.7
1132140 1162.7
1132150 1164.9
1132160 1167.0
1132170 1167.0
1132180 1169.2
1132190 1171.9
1132200 1174.8
1132210 1174.8
1132220 1178.4
1132230 1183.2
1132240 1183.2
1132250 1191.6
1132260 1195.3
1132270 1195.3
1132280 1198.1
1132290 1199.4
1132300 1199.4
1132310 1201.3
1132320 1203.2
1132330 1203.2
1132340 1203.1
1132350 1203.3
1132360 1203.3
1132370 1206.4
1132380 1209.9
1132390 1209.9
1132400 1211.7
1132410 1213.2
1132420 1213.2
1132430 1215.0
1132440 1216.6
1132450 1216.6
1132460 1218.4
1132470 1220.9
1132480 1224.6
1132490 1224.6
1132500 1229.5
1132510 1234.0
1132520 1234.0
1132530 1239.6
1132540 1247.0
1132550 1247.0
1132560 1255.4
1132570 1263.4
1132580 1263.4
1132590 1270.8
1132600 1278.6
1132610 1279.0
1132620 1286.5
1132630 1293.5
1132640 1293.5
1132650 1299.8
1132660 1307.8
1132670 1307.8
1132680 1315.8
1132690 1322.9
1132700 1322.9
1132710 1326.6
1132720 1330.4
1132730 1330.4
1132740 1334.1
1132750 1336.6
1132760 1338.7
1132770 1338.7
1132780 1341.1
1132790 1343.4
1132800 1343.4
1132810 1347.5
1132820 1352.5
1132830 1352.5
1132840 1356.6
1132850 1360.2
1132860 1360.2
1132870 1364.8
1132880 1370.0
1132890 1370.0
1132900 1375.5
1132910 1381.7
1132920 1381.7
1132930 1388.2
1132940 1395.6
1132950 1395.6
1132960 1402.8
1132970 1410.9
1132980 1416.1
1132990 1422.3
1133000 1427.3
1133010 1427.3
1133020 1432.1
1133030 1436.4
1133040 1440.9
1133050 1440.9
1133060 1446.5
1133070 1452.7
1133080 1452.7
1133090 1458.9
1133100 1465.4
1133110 1465.4
1133120 1471.8
1133130 1477.2
1133140 1477.2
1133150 1481.9
1133160 1486.2
1133170 1486.2
1133180 1490.8
1133190 1496.2
1133200 1496.2
1133210 1501.8
1133220 1508.0
1133230 1508.0
1133240 1513.9
1133250 1520.0
1133260 1520.0
1133270 1526.4
1133280 1531.9
1133290 1531.9
1133300 1536.9
1133310 1541.2
1133320 1541.2
1133330 1546.5
1133340 1549.8
1133350 1555.3
1133360 1555.3
1133370 1561.3
1133380 1566.8
1133390 1566.8
1133400 1571.6
1133410 1576.2
1133420 1576.2
1133430 1580.9
1133440 1585.1
1133450 1585.1
1133460 1588.8
1133470 1591.8
1133480 1591.8
1133490 1596.0
1133500 1601.8
1133510 1601.8
1133520 1607.8
1133530 1613.9
1133540 1613.9
1133550 1619.6
1133560 1625.1
1133570 1625.1
1133580 1628.5
1133590 1631.0
1133600 1631.0
1133610 1633.8
1133620 1637.1
1133630 1641.4
1133640 1641.4
1133650 1643.2
1133660 1645.4
1133670 1645.4
1133680 1648.3
1133690 1651.1
1133700 1646.9
1133710 1649.0
1133720 1651.3
1133730 1651.3
1133740 1653.7
1133750 1653.8
1133760 1653.8
1133770 1656.0
1133780 1657.1
1133790 1657.1
1133800 1659.4
1133810 1660.7
1133820 1660.7
1133830 1660.4
1133840 1661.1
1133850 1661.1
1133860 1665.9
1133870 1667.2
1133880 1667.2
1133890 1667.1
1133900 1669.8
1133910 1673.9
1133920 1673.9
1133930 1676.3
1133940 1679.0
1133950 1679.0
1133960 1681.4
1133970 1683.6
1133980 1683.6
1133990 1685.7
1134000 1687.7
1134010 1687.7
1134020 1689.8
1134030 1692.9
1134040 1692.9
1134050 1695.9
1134060 1694.4
1134070 1694.4
1134080 1695.9
1134090 1697.7
1134100 1697.7
1134110 1701.7
1134120 1706.4
1134130 1706.4
1134140 1710.4
1134150 1713.3
1134160 1713.3
1134170 1717.0
1134180 1721.3
1134190 1725.9
1134200 1725.9
1134210 1731.4
1134220 1736.2
1134230 1736.2
1134240 1741.2
1134250 1746.6
1134260 1746.6
1134270 1751.3
1134280 1758.5
1134290 1758.5
1134300 1765.3
1134310 1771.5
1134320 1771.5
1134330 1778.1
1134340 1785.5
1134350 1785.5
1134360 1792.8
1134370 1799.9
1134380 1799.9
1134390 1807.2
1134400 1814.1
1134410 1814.1
1134420 1821.7
1134430 1826.0
1134440 1826.0
1134450 1833.5
1134460 1840.4
1134470 1840.4
1134480 1847.0
1134490 1854.7
1134500 1862.3
1134510 1862.3
1134520 1870.3
1134530 1878.8
1134540 1878.8
1134550 1890.1
1134560 1898.9
1134570 1898.9
1134580 1906.3
1134590 1914.5
1134600 1914.5
1134610 1922.1
1134620 1927.6
1134630 1927.6
1134640 1933.8
1134650 1939.8
1134660 1939.8
1134670 1946.5
1134680 1954.4
1134690 1954.4
1134700 1958.9
1134710 1965.7
1134720 1965.7
1134730 1973.1
1134740 1978.1
1134750 1978.1
1134760 1980.9
1134770 1980.6
1134780 1988.3
1134790 1992.8
1134800 2000.3
1134810 2006.3
1134820 2006.3
1134830 2010.0
1134840 2010.9
1134850 2010.9
1134860 2013.1
1134870 2019.4
1134880 2019.4
1134890 2026.8
1134900 2033.8
1134910 2033.8
1134920 2038.8
1134930 2043.2
1134940 2043.2
1134950 2049.4
1134960 2056.3
1134970 2056.3
1134980 2062.8
1134990 2068.5
1135000 2068.5
1135010 2074.3
1135020 2080.2
1135030 2080.2
1135040 2086.1
1135050 2092.6
1135060 2099.2
1135070 2099.2
1135080 2105.0
1135090 2110.1
1135100 2110.1
1135110 2115.6
1135120 2121.1
1135130 2121.1
1135140 2126.2
1135150 2130.0
1135160 2131.1
1135170 2129.8
1135180 2126.4
1135190 2126.4
1135200 2123.1
1135210 2119.9
1135220 2119.9
1135230 2118.2
1135240 2115.7
1135250 2115.7
1135260 2114.6
1135270 2113.3
1135280 2113.3
1135290 2111.4
1135300 2112.1
1135310 2112.1
1135320 2111.8
1135330 2111.5
1135340 2112.2
1135350 2112.2
1135360 2113.0
1135370 2114.1
1135380 2114.1
1135390 2115.4
1135400 2115.9
1135410 2115.9
1135420 2116.8
1135430 2119.0
1135440 2119.0
1135450 2121.0
1135460 2122.9
1135470 2122.9
1135480 2124.6
1135490 2126.8
1135500 2126.8
1135510 2129.3
1135520 2126.9
1135530 2126.9
1135540 2129.6
1135550 2132.4
1135560 2132.4
1135570 2134.6
1135580 2131.7
1135590 2131.7
1135600 2124.0
1135610 2115.4
1135620 2106.8
1135630 2106.8
1135640 2093.8
1135650 2081.4
1135660 2081.4
1135670 2071.8
1135680 2062.4
1135690 2062.4
1135700 2051.9
1135710 2043.9
1135720 2043.9
1135730 2038.3
1135740 2032.9
1135750 2032.9
1135760 2024.8
1135770 2016.5
1135780 2016.5
1135790 2009.6
1135800 1999.8
1135810 1999.8
1135820 1989.8
1135830 1983.3
1135840 1983.3
1135850 1977.3
1135860 1972.2
1135870 1972.2
1135880 1967.9
1135890 1968.4
1135900 1968.4
1135910 1964.5
1135920 1960.1
1135930 1955.1
1135940 1955.1
1135950 1949.8
1135960 1944.5
1135970 1944.5
1135980 1939.0
1135990 1932.7
1136000 1932.7
1136010 1927.0
1136020 1922.4
1136030 1922.4
1136040 1917.6
1136050 1913.0
1136060 1913.0
1136070 1908.0
1136080 1903.2
1136090 1903.2
1136100 1898.2
1136110 1893.2
1136120 1893.2
1136130 1889.4
