1120000 1709.8
1120010 1709.8
1120020 1710.3
1120030 1710.7
1120040 1710.7
1120050 1711.5
1120060 1711.5
1120070 1711.5
1120080 1710.3
1120090 1709.5
1120100 1708.9
1120110 1708.9
1120120 1708.5
1120130 1707.1
1120140 1707.1
1120150 1705.9
1120160 1704.8
1120170 1704.8
1120180 1704.7
1120190 1705.0
1120200 1705.0
1120210 1705.2
1120220 1706.1
1120230 1706.1
1120240 1707.3
1120250 1707.8
1120260 1707.8
1120270 1708.3
1120280 1708.6
1120290 1708.6
1120300 1708.8
1120310 1708.9
1120320 1708.9
1120330 1709.8
1120340 1711.7
1120350 1715.4
1120360 1717.0
1120370 1718.7
1120380 1718.7
1120390 1720.8
1120400 1723.7
1120410 1727.1
1120420 1727.1
1120430 1730.9
1120440 1734.2
1120450 1734.2
1120460 1737.9
1120470 1741.5
1120480 1741.5
1120490 1744.3
1120500 1749.7
1120510 1749.7
1120520 1754.9
1120530 1759.9
1120540 1759.9
1120550 1764.3
1120560 1769.5
1120570 1769.5
1120580 1774.5
1120590 1778.0
1120600 1778.0
1120610 1783.4
1120620 1789.6
1120630 1789.6
1120640 1795.8
1120650 1802.5
1120660 1802.5
1120670 1810.7
1120680 1818.2
1120690 1821.9
1120700 1830.4
1120710 1832.9
1120720 1839.8
1120730 1839.8
1120740 1846.3
1120750 1855.4
1120760 1855.4
1120770 1861.2
1120780 1862.0
1120790 1862.0
1120800 1860.5
1120810 1859.4
1120820 1859.4
1120830 1860.4
1120840 1863.2
1120850 1863.2
1120860 1867.0
1120870 1872.1
1120880 1872.1
1120890 1876.3
1120900 1879.1
1120910 1879.1
1120920 1882.2
1120930 1885.9
1120940 1885.9
1120950 1888.8
1120960 1892.2
1120970 1896.4
1120980 1896.4
1120990 1901.8
1121000 1908.7
1121010 1908.7
1121020 1917.3
1121030 1924.5
1121040 1924.5
1121050 1937.8
1121060 1943.7
1121070 1943.7
1121080 1946.3
1121090 1941.4
1121100 1941.4
1121110 1931.9
1121120 1923.6
1121130 1923.6
1121140 1918.0
1121150 1913.2
1121160 1913.2
1121170 1908.2
1121180 1903.5
1121190 1903.5
1121200 1900.9
1121210 1899.6
1121220 1899.6
1121230 1896.7
1121240 1892.6
1121250 1892.6
1121260 1888.1
1121270 1883.3
1121280 1877.7
1121290 1877.7
1121300 1873.0
1121310 1868.7
1121320 1868.7
1121330 1863.8
1121340 1859.4
1121350 1859.4
1121360 1855.0
1121370 1850.3
1121380 1850.3
1121390 1846.7
1121400 1840.2
1121410 1840.2
1121420 1837.0
1121430 1834.1
1121440 1834.1
1121450 1831.6
1121460 1829.3
1121470 1829.3
1121480 1827.1
1121490 1824.7
1121500 1824.7
1121510 1822.4
1121520 1820.9
1121530 1820.9
1121540 1819.4
1121550 1817.2
1121560 1814.6
1121570 1814.6
1121580 1811.1
1121590 1803.8
1121600 1803.8
1121610 1794.9
1121620 1787.0
1121630 1787.0
1121640 1779.4
1121650 1772.0
1121660 1772.0
1121670 1764.1
1121680 1759.2
1121690 1759.2
1121700 1753.9
1121710 1747.7
1121720 1747.7
1121730 1742.9
1121740 1737.7
1121750 1744.3
1121760 1739.8
1121770 1734.7
1121780 1734.7
1121790 1727.9
1121800 1721.9
1121810 1721.9
1121820 1719.0
1121830 1716.8
1121840 1716.8
1121850 1712.9
1121860 1709.4
1121870 1706.2
1121880 1706.2
1121890 1702.5
1121900 1698.1
1121910 1698.1
1121920 1694.3
1121930 1691.7
1121940 1691.7
1121950 1690.1
1121960 1687.6
1121970 1687.6
1121980 1684.7
1121990 1682.2
1122000 1682.2
1122010 1679.6
1122020 1677.5
1122030 1677.5
1122040 1676.3
1122050 1673.7
1122060 1673.7
1122070 1671.1
1122080 1669.1
1122090 1669.1
1122100 1669.0
1122110 1668.3
1122120 1668.3
1122130 1667.1
1122140 1665.6
1122150 1664.5
1122160 1664.5
1122170 1663.9
1122180 1663.2
1122190 1663.2
1122200 1662.4
1122210 1661.6
1122220 1661.6
1122230 1661.0
1122240 1660.5
1122250 1660.5
1122260 1659.8
1122270 1659.1
1122280 1659.1
1122290 1658.2
1122300 1657.5
1122310 1657.5
1122320 1656.5
1122330 1655.7
1122340 1655.7
1122350 1654.7
1122360 1653.7
1122370 1653.7
1122380 1653.6
1122390 1653.2
1122400 1653.2
1122410 1653.3
1122420 1655.0
1122430 1655.8
1122440 1655.8
1122450 1657.9
1122460 1657.2
1122470 1657.2
1122480 1656.5
1122490 1655.3
1122500 1655.3
1122510 1653.1
1122520 1650.2
1122530 1650.2
1122540 1648.5
1122550 1647.9
1122560 1647.9
1122570 1646.8
1122580 1645.6
1122590 1645.6
1122600 1642.6
1122610 1640.9
1122620 1640.9
1122630 1639.5
1122640 1638.1
1122650 1638.1
1122660 1636.6
1122670 1635.2
1122680 1635.2
1122690 1633.5
1122700 1631.6
1122710 1631.6
1122720 1630.0
1122730 1628.7
1122740 1627.9
1122750 1627.9
1122760 1627.0
1122770 1626.0
1122780 1626.0
1122790 1624.9
1122800 1619.8
1122810 1625.8
1122820 1624.4
1122830 1620.9
1122840 1620.9
1122850 1612.7
1122860 1603.8
1122870 1603.8
1122880 1598.7
1122890 1594.9
1122900 1594.9
1122910 1594.7
1122920 1589.8
1122930 1589.8
1122940 1582.2
1122950 1573.8
1122960 1573.8
1122970 1564.6
1122980 1554.8
1122990 1554.8
1123000 1557.2
1123010 1566.7
1123020 1572.1
1123030 1572.1
1123040 1568.0
1123050 1563.0
1123060 1563.0
1123070 1562.0
1123080 1562.2
1123090 1562.2
1123100 1563.0
1123110 1561.9
1123120 1561.9
1123130 1561.6
1123140 1558.7
1123150 1558.7
1123160 1546.8
1123170 1542.0
1123180 1542.0
1123190 1536.0
1123200 1532.1
1123210 1532.1
1123220 1524.5
1123230 1517.5
1123240 1517.5
1123250 1511.3
1123260 1504.1
1123270 1504.1
1123280 1497.5
1123290 1495.0
1123300 1495.0
1123310 1495.0
1123320 1493.9
1123330 1493.2
1123340 1493.2
1123350 1493.6
1123360 1492.1
1123370 1492.1
1123380 1493.0
1123390 1497.2
1123400 1497.2
1123410 1504.7
1123420 1507.8
1123430 1507.8
1123440 1508.1
1123450 1507.5
1123460 1507.5
1123470 1506.8
1123480 1505.4
1123490 1505.4
1123500 1502.6
1123510 1501.2
1123520 1501.2
1123530 1497.1
1123540 1490.9
1123550 1490.9
1123560 1485.6
1123570 1481.2
1123580 1481.2
1123590 1478.2
1123600 1475.6
1123610 1473.4
1123620 1473.4
1123630 1475.9
1123640 1482.3
1123650 1482.3
1123660 1485.2
1123670 1484.0
1123680 1484.0
1123690 1481.3
1123700 1482.2
1123710 1482.2
1123720 1482.6
1123730 1485.9
1123740 1485.9
1123750 1486.4
1123760 1486.4
1123770 1486.4
1123780 1486.1
1123790 1485.4
1123800 1485.4
1123810 1484.4
1123820 1483.1
1123830 1483.1
1123840 1481.7
1123850 1481.2
1123860 1485.0
1123870 1484.4
1123880 1483.1
1123890 1480.9
1123900 1480.9
1123910 1478.9
1123920 1476.9
1123930 1476.9
1123940 1475.5
1123950 1476.9
1123960 1476.9
1123970 1477.2
1123980 1478.2
1123990 1478.2
1124000 1479.5
1124010 1481.0
1124020 1481.0
1124030 1482.1
1124040 1483.2
1124050 1483.2
1124060 1484.2
1124070 1485.1
1124080 1485.1
1124090 1487.3
1124100 1488.7
1124110 1488.7
1124120 1488.6
1124130 1484.6
1124140 1484.6
1124150 1487.5
1124160 1492.2
1124170 1495.8
1124180 1495.8
1124190 1498.1
1124200 1499.8
1124210 1499.8
1124220 1505.4
1124230 1507.6
1124240 1507.6
1124250 1508.9
1124260 1510.1
1124270 1510.1
1124280 1511.5
1124290 1513.3
1124300 1513.3
1124310 1513.1
1124320 1514.8
1124330 1514.8
1124340 1515.9
1124350 1516.7
1124360 1516.7
1124370 1518.1
1124380 1519.9
1124390 1519.9
1124400 1522.2
1124410 1522.4
1124420 1522.4
1124430 1522.5
1124440 1522.5
1124450 1522.5
1124460 1522.5
1124470 1522.7
1124480 1523.4
1124490 1523.4
1124500 1525.0
1124510 1527.3
1124520 1527.3
1124530 1528.3
1124540 1528.5
1124550 1528.5
1124560 1528.0
1124570 1527.8
1124580 1527.8
1124590 1524.9
1124600 1523.0
1124610 1523.0
1124620 1522.7
1124630 1522.5
1124640 1522.5
1124650 1522.0
1124660 1520.8
1124670 1520.8
1124680 1518.2
1124690 1515.7
1124700 1515.7
1124710 1512.8
1124720 1511.8
1124730 1511.8
1124740 1512.7
1124750 1511.4
1124760 1510.3
1124770 1510.3
1124780 1508.7
1124790 1507.3
1124800 1507.3
1124810 1505.6
1124820 1502.8
1124830 1502.8
1124840 1505.9
1124850 1506.3
1124860 1506.3
1124870 1507.3
1124880 1507.1
1124890 1507.1
1124900 1508.4
1124910 1509.3
1124920 1509.3
1124930 1511.2
1124940 1511.7
1124950 1511.7
1124960 1512.3
1124970 1511.0
1124980 1511.0
1124990 1509.5
1125000 1509.1
1125010 1509.1
1125020 1508.7
1125030 1508.5
1125040 1509.7
1125050 1509.7
1125060 1510.5
1125070 1510.5
1125080 1510.5
1125090 1509.0
1125100 1505.5
1125110 1505.5
1125120 1503.3
1125130 1502.7
1125140 1502.7
1125150 1501.1
1125160 1499.1
1125170 1499.1
1125180 1499.1
1125190 1497.4
1125200 1497.4
1125210 1494.2
1125220 1490.5
1125230 1490.5
1125240 1486.2
1125250 1484.2
1125260 1484.2
1125270 1484.6
1125280 1484.3
1125290 1484.3
1125300 1480.4
1125310 1477.5
1125320 1477.5
1125330 1474.8
1125340 1472.8
1125350 1471.5
1125360 1471.5
1125370 1470.1
1125380 1468.5
1125390 1468.5
1125400 1466.6
1125410 1464.5
1125420 1464.5
1125430 1462.1
1125440 1460.3
1125450 1460.3
1125460 1459.0
1125470 1458.2
1125480 1458.2
1125490 1456.0
1125500 1453.9
1125510 1453.9
1125520 1451.5
1125530 1448.8
1125540 1448.8
1125550 1446.7
1125560 1444.5
1125570 1444.5
1125580 1443.0
1125590 1442.3
1125600 1442.3
1125610 1443.6
1125620 1443.6
1125630 1444.0
1125640 1448.4
1125650 1448.7
1125660 1449.4
1125670 1449.4
1125680 1451.1
1125690 1452.2
1125700 1452.2
1125710 1452.8
1125720 1451.5
1125730 1451.5
1125740 1452.2
1125750 1451.5
1125760 1451.5
1125770 1449.9
1125780 1449.3
1125790 1449.3
1125800 1448.3
1125810 1446.5
1125820 1446.5
1125830 1444.9
1125840 1443.4
1125850 1443.4
1125860 1441.8
1125870 1437.8
1125880 1437.8
1125890 1440.0
1125900 1440.0
1125910 1439.8
1125920 1439.8
1125930 1440.1
1125940 1441.1
1125950 1441.1
1125960 1441.0
1125970 1441.5
1125980 1441.5
1125990 1448.5
1126000 1449.0
1126010 1449.0
1126020 1450.7
1126030 1453.4
1126040 1453.4
1126050 1456.2
1126060 1458.7
1126070 1458.7
1126080 1460.4
1126090 1461.2
1126100 1461.2
1126110 1460.2
1126120 1455.7
1126130 1455.7
1126140 1450.4
1126150 1444.9
1126160 1444.9
1126170 1439.9
1126180 1435.5
1126190 1435.5
1126200 1431.6
1126210 1429.9
1126220 1428.5
1126230 1428.5
1126240 1427.5
1126250 1427.7
1126260 1427.7
1126270 1428.2
1126280 1428.0
1126290 1428.0
1126300 1429.0
1126310 1431.5
1126320 1431.5
1126330 1433.7
1126340 1436.8
1126350 1437.9
1126360 1440.9
1126370 1443.0
1126380 1443.0
1126390 1445.2
1126400 1446.9
1126410 1446.9
1126420 1448.3
1126430 1449.1
1126440 1449.1
1126450 1452.1
1126460 1454.4
1126470 1454.4
1126480 1455.2
1126490 1455.7
1126500 1455.7
1126510 1455.7
1126520 1454.7
1126530 1454.0
1126540 1454.0
1126550 1454.4
1126560 1455.9
1126570 1455.9
1126580 1456.4
1126590 1457.9
1126600 1457.9
1126610 1459.2
1126620 1460.7
1126630 1460.7
1126640 1461.5
1126650 1462.9
1126660 1462.9
1126670 1463.9
1126680 1465.2
1126690 1465.2
1126700 1466.6
1126710 1468.0
1126720 1468.0
1126730 1469.0
1126740 1468.9
1126750 1468.9
1126760 1467.2
1126770 1466.3
1126780 1466.9
1126790 1466.9
1126800 1468.6
1126810 1470.1
1126820 1470.1
1126830 1472.1
1126840 1473.3
1126850 1473.3
1126860 1474.1
1126870 1474.1
1126880 1474.1
1126890 1474.2
1126900 1474.4
1126910 1474.4
1126920 1473.7
1126930 1473.2
1126940 1473.2
1126950 1473.3
1126960 1473.2
1126970 1473.2
1126980 1473.2
1126990 1472.8
1127000 1472.8
1127010 1473.5
1127020 1474.4
1127030 1474.4
1127040 1475.1
1127050 1473.5
1127060 1479.6
1127070 1476.2
1127080 1474.4
1127090 1472.7
1127100 1472.7
1127110 1471.3
1127120 1469.9
1127130 1469.9
1127140 1467.7
1127150 1467.2
1127160 1467.2
1127170 1466.8
1127180 1465.5
1127190 1465.5
1127200 1463.0
1127210 1460.1
1127220 1460.1
1127230 1456.8
1127240 1455.1
1127250 1455.1
1127260 1457.4
1127270 1458.7
1127280 1458.7
1127290 1460.1
1127300 1462.3
1127310 1462.3
1127320 1464.0
1127330 1465.4
1127340 1465.4
1127350 1467.4
1127360 1470.0
1127370 1473.3
1127380 1473.3
1127390 1476.7
1127400 1480.3
1127410 1484.7
1127420 1486.8
1127430 1487.3
1127440 1487.3
1127450 1487.3
1127460 1486.9
1127470 1486.9
1127480 1487.1
1127490 1488.5
1127500 1488.5
1127510 1490.4
1127520 1492.4
1127530 1492.4
1127540 1495.5
1127550 1499.6
1127560 1499.6
1127570 1502.7
1127580 1505.8
1127590 1505.8
1127600 1508.1
1127610 1508.2
1127620 1508.2
1127630 1507.2
1127640 1508.7
1127650 1511.5
1127660 1511.5
1127670 1514.5
1127680 1517.2
1127690 1517.2
1127700 1520.0
1127710 1523.2
1127720 1523.2
1127730 1525.1
1127740 1526.2
1127750 1526.2
1127760 1527.4
1127770 1531.7
1127780 1531.7
1127790 1531.9
1127800 1530.9
1127810 1530.9
1127820 1529.6
1127830 1528.4
1127840 1528.4
1127850 1528.3
1127860 1528.1
1127870 1528.1
1127880 1528.0
1127890 1527.4
1127900 1527.4
1127910 1527.2
1127920 1527.5
1127930 1527.5
1127940 1528.2
1127950 1530.1
1127960 1533.0
1127970 1533.0
1127980 1537.0
1127990 1541.1
1128000 1541.1
1128010 1546.5
1128020 1552.4
1128030 1552.4
1128040 1558.2
1128050 1563.2
1128060 1563.2
1128070 1567.0
1128080 1566.4
1128090 1566.4
1128100 1563.1
1128110 1560.5
1128120 1560.5
1128130 1561.9
1128140 1560.2
1128150 1560.2
1128160 1556.1
1128170 1550.1
1128180 1550.1
1128190 1542.5
1128200 1535.1
1128210 1535.1
1128220 1528.2
1128230 1523.6
1128240 1520.5
1128250 1520.5
1128260 1517.2
1128270 1514.2
1128280 1514.2
1128290 1511.1
1128300 1508.4
1128310 1508.4
1128320 1506.2
1128330 1504.3
1128340 1504.3
1128350 1502.6
1128360 1498.6
1128370 1498.6
1128380 1494.1
1128390 1490.9
1128400 1490.9
1128410 1488.0
1128420 1484.4
1128430 1484.4
1128440 1485.7
1128450 1485.2
1128460 1485.2
1128470 1482.9
1128480 1480.7
1128490 1485.4
1128500 1486.8
1128510 1487.4
1128520 1487.4
1128530 1486.6
1128540 1486.4
1128550 1486.3
1128560 1486.3
1128570 1486.6
1128580 1487.3
1128590 1487.3
1128600 1488.0
1128610 1488.4
1128620 1488.4
1128630 1488.8
1128640 1490.4
1128650 1490.4
1128660 1494.1
1128670 1498.0
1128680 1498.0
1128690 1500.2
1128700 1499.7
1128710 1499.7
1128720 1498.2
1128730 1500.9
1128740 1500.9
1128750 1503.0
1128760 1508.7
1128770 1508.7
1128780 1514.0
1128790 1517.5
1128800 1517.5
1128810 1521.2
1128820 1524.5
1128830 1528.1
1128840 1528.1
1128850 1535.9
1128860 1540.0
1128870 1540.0
1128880 1544.3
1128890 1549.4
1128900 1549.4
1128910 1555.2
1128920 1561.2
1128930 1561.2
1128940 1568.6
1128950 1576.3
1128960 1576.3
1128970 1584.9
1128980 1594.2
1128990 1594.2
1129000 1602.4
1129010 1611.5
1129020 1611.5
1129030 1620.6
1129040 1627.6
1129050 1627.6
1129060 1635.4
1129070 1643.0
1129080 1643.0
1129090 1649.6
1129100 1658.9
1129110 1667.1
1129120 1667.1
1129130 1672.7
1129140 1678.8
1129150 1678.8
1129160 1686.6
1129170 1695.1
1129180 1695.1
1129190 1702.7
1129200 1711.9
1129210 1711.9
1129220 1718.5
1129230 1720.5
1129240 1720.5
1129250 1721.6
1129260 1729.4
1129270 1729.4
1129280 1738.4
1129290 1742.2
1129300 1742.2
1129310 1739.0
1129320 1731.8
1129330 1731.8
1129340 1723.6
1129350 1713.4
1129360 1713.4
1129370 1705.3
1129380 1697.3
1129390 1697.3
1129400 1690.3
1129410 1683.9
1129420 1675.9
1129430 1675.9
1129440 1668.6
1129450 1663.1
1129460 1663.1
1129470 1656.3
1129480 1650.4
1129490 1650.4
1129500 1644.7
1129510 1639.9
1129520 1639.9
1129530 1635.3
1129540 1630.7
1129550 1630.7
1129560 1625.8
1129570 1617.8
1129580 1617.8
1129590 1611.6
1129600 1608.4
1129610 1608.4
1129620 1602.7
1129630 1596.0
1129640 1596.0
1129650 1593.0
1129660 1591.5
1129670 1591.5
1129680 1587.6
1129690 1583.3
1129700 1579.8
1129710 1579.8
1129720 1574.3
1129730 1567.8
1129740 1567.8
1129750 1561.7
1129760 1557.6
1129770 1557.6
1129780 1554.6
1129790 1549.1
1129800 1549.1
1129810 1545.1
1129820 1542.0
1129830 1542.0
1129840 1539.6
1129850 1537.7
1129860 1537.7
1129870 1533.7
1129880 1528.4
1129890 1528.4
1129900 1522.6
1129910 1516.0
1129920 1513.2
1129930 1506.3
1129940 1500.7
1129950 1500.7
1129960 1494.8
1129970 1489.9
1129980 1484.9
1129990 1484.9
1130000 1480.4
1130010 1475.0
1130020 1475.0
1130030 1469.3
1130040 1463.3
1130050 1463.3
1130060 1457.7
1130070 1451.6
1130080 1451.6
1130090 1444.7
1130100 1438.4
1130110 1438.4
1130120 1433.8
1130130 1430.2
1130140 1430.2
1130150 1426.5
1130160 1422.3
1130170 1422.3
1130180 1418.8
1130190 1415.0
1130200 1415.0
1130210 1410.8
1130220 1404.3
1130230 1404.3
1130240 1399.2
1130250 1396.8
1130260 1396.8
1130270 1392.7
1130280 1387.0
1130290 1383.6
1130300 1383.6
1130310 1380.4
1130320 1377.3
1130330 1377.3
1130340 1374.0
1130350 1370.8
1130360 1370.8
1130370 1367.5
1130380 1364.3
1130390 1364.3
1130400 1361.8
1130410 1359.3
1130420 1359.3
1130430 1357.1
1130440 1355.2
1130450 1355.2
1130460 1353.5
1130470 1350.9
1130480 1350.9
1130490 1346.9
1130500 1342.0
1130510 1342.0
1130520 1337.5
1130530 1332.5
1130540 1332.5
1130550 1328.0
1130560 1324.4
1130570 1321.1
1130580 1321.1
1130590 1317.5
1130600 1314.9
1130610 1314.9
1130620 1311.8
1130630 1308.9
1130640 1312.5
1130650 1309.1
1130660 1305.1
1130670 1305.1
1130680 1300.6
1130690 1295.0
1130700 1295.0
1130710 1289.5
1130720 1284.1
1130730 1284.1
1130740 1279.5
1130750 1274.2
1130760 1274.2
1130770 1269.5
1130780 1265.6
1130790 1265.6
1130800 1261.2
1130810 1257.6
1130820 1257.6
1130830 1254.3
1130840 1250.4
1130850 1247.9
1130860 1247.9
1130870 1245.4
1130880 1243.9
1130890 1243.9
1130900 1241.7
1130910 1237.7
1130920 1237.7
1130930 1232.0
1130940 1226.3
1130950 1226.3
1130960 1221.1
1130970 1217.7
1130980 1217.7
1130990 1214.5
1131000 1210.2
1131010 1210.2
1131020 1207.2
1131030 1204.0
1131040 1204.0
1131050 1201.1
1131060 1198.9
1131070 1198.9
1131080 1197.3
1131090 1195.1
1131100 1195.1
1131110 1192.5
1131120 1191.1
1131130 1191.1
1131140 1189.2
1131150 1187.5
1131160 1186.2
1131170 1186.2
1131180 1184.2
1131190 1183.6
1131200 1183.6
1131210 1183.6
1131220 1183.3
1131230 1183.3
1131240 1183.0
1131250 1183.0
1131260 1183.0
1131270 1183.0
1131280 1183.4
1131290 1183.4
1131300 1183.5
1131310 1183.3
1131320 1183.3
1131330 1182.5
1131340 1182.0
1131350 1182.0
1131360 1180.1
1131370 1179.6
1131380 1179.6
1131390 1179.5
1131400 1178.8
1131410 1178.8
1131420 1178.0
1131430 1177.1
1131440 1176.7
1131450 1176.7
1131460 1176.3
1131470 1175.1
1131480 1175.1
1131490 1173.1
1131500 1171.4
1131510 1171.4
1131520 1169.7
1131530 1168.2
1131540 1168.2
1131550 1166.4
1131560 1164.7
1131570 1164.7
1131580 1162.8
1131590 1160.3
1131600 1160.3
1131610 1158.2
1131620 1155.0
1131630 1155.0
1131640 1150.4
1131650 1146.2
1131660 1146.2
1131670 1142.2
1131680 1138.9
1131690 1138.9
1131700 1134.9
1131710 1130.8
1131720 1125.9
1131730 1125.9
1131740 1122.5
1131750 1118.9
1131760 1118.9
1131770 1115.1
1131780 1111.5
1131790 1111.5
1131800 1108.4
1131810 1104.8
1131820 1104.8
1131830 1101.4
1131840 1098.8
1131850 1098.8
1131860 1095.3
1131870 1091.3
1131880 1091.3
1131890 1085.2
1131900 1083.7
1131910 1083.7
1131920 1083.3
1131930 1082.4
1131940 1082.4
1131950 1082.1
1131960 1082.5
1131970 1082.5
1131980 1084.4
1131990 1091.8
1132000 1091.8
1132010 1097.1
1132020 1098.4
1132030 1101.4
1132040 1101.4
1132050 1105.1
1132060 1108.3
1132070 1108.3
1132080 1110.3
1132090 1113.8
1132100 1113.8
1132110 1114.6
1132120 1116.9
1132130 1116.9
1132140 1118.0
1132150 1118.6
1132160 1118.6
1132170 1119.4
1132180 1120.9
1132190 1120.9
1132200 1123.2
1132210 1125.8
1132220 1125.8
1132230 1127.8
1132240 1131.5
1132250 1131.5
1132260 1135.6
1132270 1139.4
1132280 1139.4
1132290 1142.1
1132300 1144.0
1132310 1146.5
1132320 1146.5
1132330 1149.1
1132340 1151.5
1132350 1151.5
1132360 1153.6
1132370 1155.6
1132380 1155.6
1132390 1157.8
1132400 1160.1
1132410 1160.1
1132420 1161.2
1132430 1161.8
1132440 1161.8
1132450 1161.5
1132460 1164.9
1132470 1164.9
1132480 1167.6
1132490 1170.7
1132500 1170.7
1132510 1173.5
1132520 1177.2
1132530 1177.2
1132540 1179.8
1132550 1183.3
1132560 1183.3
1132570 1187.9
1132580 1192.4
1132590 1197.1
1132600 1197.1
1132610 1203.2
1132620 1208.0
1132630 1208.0
1132640 1213.0
1132650 1218.5
1132660 1218.5
1132670 1223.2
1132680 1228.4
1132690 1228.4
1132700 1233.8
1132710 1238.4
1132720 1238.4
1132730 1243.8
1132740 1250.3
1132750 1250.3
1132760 1256.6
1132770 1262.4
1132780 1262.4
1132790 1268.4
1132800 1273.9
1132810 1278.4
1132820 1283.2
1132830 1287.2
1132840 1287.2
1132850 1290.5
1132860 1294.0
1132870 1294.0
1132880 1297.8
1132890 1302.3
1132900 1307.0
1132910 1307.0
1132920 1312.0
1132930 1316.3
1132940 1316.3
1132950 1320.1
1132960 1323.9
1132970 1323.9
1132980 1327.9
1132990 1333.4
1133000 1333.4
1133010 1339.2
1133020 1344.7
1133030 1344.7
1133040 1349.6
1133050 1354.5
1133060 1354.5
1133070 1359.7
1133080 1365.0
1133090 1365.0
1133100 1370.9
1133110 1376.6
1133120 1376.6
1133130 1385.5
1133140 1393.2
1133150 1393.2
1133160 1400.6
1133170 1408.4
1133180 1414.7
1133190 1414.7
1133200 1419.2
1133210 1424.0
1133220 1424.0
1133230 1429.8
1133240 1435.3
1133250 1435.3
1133260 1440.3
1133270 1443.9
1133280 1443.9
1133290 1446.8
1133300 1450.1
1133310 1450.1
1133320 1452.4
1133330 1455.5
1133340 1455.5
1133350 1459.1
1133360 1463.1
1133370 1463.1
1133380 1467.7
1133390 1472.2
1133400 1472.2
1133410 1476.9
1133420 1481.3
1133430 1481.3
1133440 1486.4
1133450 1492.5
1133460 1499.5
1133470 1499.5
1133480 1506.3
1133490 1513.3
1133500 1513.3
1133510 1520.9
1133520 1528.4
1133530 1528.4
1133540 1536.9
1133550 1544.2
1133560 1544.2
1133570 1551.2
1133580 1557.1
1133590 1557.1
1133600 1562.3
1133610 1567.0
1133620 1567.0
1133630 1570.8
1133640 1574.4
1133650 1574.4
1133660 1577.6
1133670 1580.4
1133680 1580.4
1133690 1582.5
1133700 1584.4
1133710 1584.4
1133720 1585.8
1133730 1586.5
1133740 1586.5
1133750 1587.4
1133760 1589.1
1133770 1591.4
1133780 1591.4
1133790 1594.7
1133800 1598.8
1133810 1598.8
1133820 1602.2
1133830 1605.6
1133840 1605.6
1133850 1609.6
1133860 1613.4
1133870 1613.4
1133880 1617.8
1133890 1623.1
1133900 1621.5
1133910 1627.5
1133920 1633.7
1133930 1633.7
1133940 1639.5
1133950 1645.1
1133960 1645.1
1133970 1650.6
1133980 1656.8
1133990 1656.8
1134000 1662.8
1134010 1668.2
1134020 1668.2
1134030 1674.4
1134040 1681.1
1134050 1688.1
1134060 1688.1
1134070 1694.8
1134080 1701.1
1134090 1701.1
1134100 1707.8
1134110 1714.7
1134120 1714.7
1134130 1721.4
1134140 1728.5
1134150 1728.5
1134160 1735.9
1134170 1743.7
1134180 1743.7
1134190 1751.4
1134200 1759.1
1134210 1759.1
1134220 1766.5
1134230 1774.0
1134240 1774.0
1134250 1782.0
1134260 1788.4
1134270 1788.4
1134280 1796.1
1134290 1804.0
1134300 1804.0
1134310 1812.6
1134320 1820.6
1134330 1828.1
1134340 1828.1
1134350 1836.0
1134360 1844.1
1134370 1844.1
1134380 1851.6
1134390 1858.7
1134400 1858.7
1134410 1865.7
1134420 1872.5
1134430 1872.5
1134440 1879.0
1134450 1884.5
1134460 1884.5
1134470 1888.8
1134480 1891.8
1134490 1891.8
1134500 1893.5
1134510 1891.6
1134520 1891.6
1134530 1886.7
1134540 1881.9
1134550 1881.9
1134560 1876.9
1134570 1872.4
1134580 1872.4
1134590 1868.5
1134600 1865.0
1134610 1865.0
1134620 1861.5
1134630 1858.1
1134640 1854.3
1134650 1854.3
1134660 1850.7
1134670 1846.9
1134680 1846.9
1134690 1843.8
1134700 1839.5
1134710 1839.5
1134720 1831.5
1134730 1822.2
1134740 1822.2
1134750 1813.4
1134760 1805.7
1134770 1805.7
1134780 1801.0
1134790 1795.8
1134800 1795.8
1134810 1790.8
1134820 1786.8
1134830 1786.8
1134840 1783.1
1134850 1780.1
1134860 1780.1
1134870 1778.6
1134880 1779.6
1134890 1779.6
1134900 1779.4
1134910 1776.2
1134920 1774.8
1134930 1774.8
1134940 1774.0
1134950 1769.6
1134960 1769.6
1134970 1762.7
1134980 1756.6
1134990 1755.6
1135000 1750.6
1135010 1745.8
1135020 1745.8
1135030 1740.6
1135040 1736.1
1135050 1736.1
1135060 1732.6
1135070 1730.0
1135080 1730.0
1135090 1728.0
1135100 1727.0
1135110 1727.0
1135120 1729.3
1135130 1730.2
1135140 1730.2
1135150 1728.2
1135160 1728.6
1135170 1728.6
1135180 1729.5
1135190 1730.2
1135200 1730.4
1135210 1730.4
1135220 1730.6
1135230 1730.6
1135240 1730.6
1135250 1730.5
1135260 1730.5
1135270 1730.5
1135280 1730.7
1135290 1731.4
1135300 1731.4
1135310 1734.4
1135320 1738.5
1135330 1738.5
1135340 1742.3
1135350 1745.0
1135360 1750.3
1135370 1753.0
1135380 1755.3
1135390 1755.3
1135400 1761.3
1135410 1767.0
1135420 1767.0
1135430 1772.1
1135440 1779.4
1135450 1779.4
1135460 1784.5
1135470 1789.0
1135480 1790.8
1135490 1790.8
1135500 1792.0
1135510 1793.3
1135520 1793.3
1135530 1794.8
1135540 1798.0
1135550 1798.0
1135560 1803.2
1135570 1808.0
1135580 1808.0
1135590 1814.7
1135600 1822.3
1135610 1822.3
1135620 1829.4
1135630 1834.2
1135640 1834.2
1135650 1837.4
1135660 1838.3
1135670 1838.3
1135680 1836.3
1135690 1836.5
1135700 1836.5
1135710 1837.9
1135720 1836.3
1135730 1836.3
1135740 1834.4
1135750 1833.0
1135760 1833.0
1135770 1834.5
1135780 1838.0
1135790 1840.8
1135800 1840.8
1135810 1843.1
1135820 1846.6
1135830 1846.6
1135840 1851.0
1135850 1855.7
1135860 1855.7
1135870 1859.6
1135880 1863.5
1135890 1863.5
1135900 1867.4
1135910 1870.2
1135920 1870.2
1135930 1874.5
1135940 1880.2
1135950 1880.2
1135960 1887.2
1135970 1894.9
1135980 1894.9
1135990 1902.8
1136000 1910.8
1136010 1910.8
1136020 1919.5
1136030 1927.1
1136040 1927.1
1136050 1930.5
1136060 1930.4
1136070 1930.0
1136080 1930.0
1136090 1930.4
1136100 1930.5
1136110 1930.5
1136120 1934.3
1136130 1940.5
1136140 1940.5
1136150 1946.1
1136160 1951.8
1136170 1951.8
1136180 1958.4
1136190 1965.1
1136200 1965.1
1136210 1972.8
1136220 1982.8
1136230 1982.8
1136240 1989.5
1136250 1997.6
1136260 1997.6
1136270 2008.5
1136280 2016.1
1136290 2016.1
1136300 2018.9
1136310 2013.5
1136320 2013.5
1136330 2006.6
1136340 1998.7
1136350 1990.7
1136360 1990.7
1136370 1984.0
1136380 1979.1
1136390 1979.1
1136400 1975.5
1136410 1971.8
1136420 1971.8
1136430 1968.4
1136440 1963.2
1136450 1961.4
1136460 1955.7
1136470 1950.2
1136480 1950.2
1136490 1946.7
1136500 1944.3
1136510 1944.3
1136520 1942.0
1136530 1939.0
1136540 1939.0
1136550 1935.6
1136560 1932.2
1136570 1932.2
1136580 1929.9
1136590 1928.5
1136600 1928.5
1136610 1925.5
1136620 1923.5
1136630 1923.5
