1120000 1839.1
1120010 1844.0
1120020 1844.0
1120030 1846.8
1120040 1847.6
1120050 1847.6
1120060 1847.5
1120070 1845.7
1120080 1845.7
1120090 1843.8
1120100 1841.2
1120110 1841.2
1120120 1837.6
1120130 1834.9
1120140 1834.9
1120150 1836.1
1120160 1836.3
1120170 1836.3
1120180 1835.0
1120190 1834.8
1120200 1834.8
1120210 1834.3
1120220 1834.1
1120230 1834.1
1120240 1833.2
1120250 1832.2
1120260 1832.2
1120270 1832.0
1120280 1831.3
1120290 1831.2
1120300 1831.2
1120310 1831.5
1120320 1832.7
1120330 1832.7
1120340 1834.4
1120350 1835.6
1120360 1842.4
1120370 1843.5
1120380 1845.0
1120390 1845.0
1120400 1846.2
1120410 1849.2
1120420 1849.2
1120430 1853.7
1120440 1857.4
1120450 1857.4
1120460 1859.1
1120470 1860.5
1120480 1860.5
1120490 1863.4
1120500 1865.7
1120510 1865.7
1120520 1869.5
1120530 1874.2
1120540 1874.2
1120550 1886.0
1120560 1895.3
1120570 1895.3
1120580 1897.8
1120590 1903.9
1120600 1917.0
1120610 1917.0
1120620 1922.0
1120630 1919.8
1120640 1919.8
1120650 1915.7
1120660 1911.9
1120670 1911.9
1120680 1911.0
1120690 1911.7
1120700 1911.7
1120710 1905.4
1120720 1906.8
1120730 1906.8
1120740 1907.4
1120750 1908.5
1120760 1908.5
1120770 1909.3
1120780 1910.1
1120790 1910.1
1120800 1910.4
1120810 1911.5
1120820 1911.5
1120830 1912.7
1120840 1913.5
1120850 1913.5
1120860 1914.1
1120870 1915.5
1120880 1918.7
1120890 1918.7
1120900 1922.4
1120910 1926.4
1120920 1926.4
1120930 1929.9
1120940 1933.1
1120950 1933.1
1120960 1935.4
1120970 1937.4
1120980 1937.4
1120990 1939.7
1121000 1941.9
1121010 1941.9
1121020 1945.0
1121030 1949.3
1121040 1949.3
1121050 1951.9
1121060 1948.4
1121070 1948.4
1121080 1940.5
1121090 1932.6
1121100 1932.6
1121110 1924.7
1121120 1916.7
1121130 1916.7
1121140 1910.2
1121150 1902.3
1121160 1894.7
1121170 1894.7
1121180 1886.5
1121190 1878.0
1121200 1878.0
1121210 1870.5
1121220 1862.4
1121230 1862.4
1121240 1854.9
1121250 1847.1
1121260 1847.1
1121270 1839.1
1121280 1833.0
1121290 1833.0
1121300 1828.5
1121310 1823.8
1121320 1823.8
1121330 1817.8
1121340 1812.4
1121350 1812.4
1121360 1807.6
1121370 1802.6
1121380 1802.6
1121390 1798.2
1121400 1794.2
1121410 1793.1
1121420 1789.0
1121430 1785.4
1121440 1785.4
1121450 1782.0
1121460 1776.5
1121470 1770.2
1121480 1770.2
1121490 1764.1
1121500 1760.1
1121510 1760.1
1121520 1759.3
1121530 1758.6
1121540 1758.6
1121550 1757.4
1121560 1755.4
1121570 1755.4
1121580 1754.3
1121590 1752.6
1121600 1752.6
1121610 1750.6
1121620 1748.6
1121630 1748.6
1121640 1746.0
1121650 1743.2
1121660 1743.2
1121670 1742.9
1121680 1741.8
1121690 1741.8
1121700 1740.5
1121710 1738.9
1121720 1738.9
1121730 1736.5
1121740 1734.8
1121750 1733.2
1121760 1732.8
1121770 1730.4
1121780 1728.6
1121790 1728.6
1121800 1726.7
1121810 1724.7
1121820 1724.7
1121830 1723.4
1121840 1722.1
1121850 1722.1
1121860 1721.4
1121870 1721.3
1121880 1721.3
1121890 1720.6
1121900 1719.2
1121910 1719.2
1121920 1718.3
1121930 1718.1
1121940 1718.1
1121950 1718.9
1121960 1719.2
1121970 1719.2
1121980 1719.0
1121990 1718.8
1122000 1718.8
1122010 1718.9
1122020 1718.9
1122030 1719.2
1122040 1719.2
1122050 1719.0
1122060 1718.3
1122070 1718.3
1122080 1717.3
1122090 1715.7
1122100 1715.7
1122110 1713.4
1122120 1705.9
1122130 1705.9
1122140 1703.8
1122150 1701.8
1122160 1701.8
1122170 1699.6
1122180 1696.6
1122190 1696.6
1122200 1693.7
1122210 1690.6
1122220 1690.6
1122230 1686.6
1122240 1682.4
1122250 1682.4
1122260 1678.2
1122270 1673.9
1122280 1673.9
1122290 1669.5
1122300 1665.4
1122310 1665.4
1122320 1661.2
1122330 1657.0
1122340 1653.6
1122350 1653.6
1122360 1650.2
1122370 1647.2
1122380 1647.2
1122390 1645.7
1122400 1645.0
1122410 1645.0
1122420 1645.3
1122430 1645.5
1122440 1645.5
1122450 1647.1
1122460 1648.9
1122470 1647.3
1122480 1649.1
1122490 1651.2
1122500 1651.2
1122510 1653.3
1122520 1654.8
1122530 1654.8
1122540 1655.3
1122550 1655.3
1122560 1655.3
1122570 1654.7
1122580 1653.2
1122590 1653.2
1122600 1651.6
1122610 1650.3
1122620 1649.0
1122630 1649.0
1122640 1647.6
1122650 1646.5
1122660 1646.5
1122670 1645.2
1122680 1644.1
1122690 1644.1
1122700 1643.2
1122710 1642.4
1122720 1642.4
1122730 1641.4
1122740 1640.5
1122750 1640.5
1122760 1639.1
1122770 1636.9
1122780 1636.9
1122790 1633.9
1122800 1632.3
1122810 1632.3
1122820 1630.8
1122830 1629.5
1122840 1629.5
1122850 1628.2
1122860 1627.1
1122870 1627.1
1122880 1626.2
1122890 1625.4
1122900 1624.5
1122910 1624.5
1122920 1623.5
1122930 1622.5
1122940 1622.5
1122950 1621.5
1122960 1620.0
1122970 1620.0
1122980 1618.2
1122990 1615.9
1123000 1615.9
1123010 1613.4
1123020 1610.1
1123030 1610.1
1123040 1605.4
1123050 1600.2
1123060 1600.2
1123070 1594.4
1123080 1588.7
1123090 1588.7
1123100 1583.3
1123110 1579.3
1123120 1579.3
1123130 1575.7
1123140 1571.9
1123150 1571.9
1123160 1568.1
1123170 1565.5
1123180 1565.5
1123190 1563.5
1123200 1561.4
1123210 1559.2
1123220 1559.2
1123230 1557.5
1123240 1555.8
1123250 1555.8
1123260 1554.3
1123270 1552.9
1123280 1552.9
1123290 1551.6
1123300 1550.7
1123310 1550.7
1123320 1549.2
1123330 1544.1
1123340 1544.1
1123350 1534.4
1123360 1525.5
1123370 1525.5
1123380 1529.9
1123390 1537.7
1123400 1537.7
1123410 1543.6
1123420 1547.3
1123430 1547.3
1123440 1548.2
1123450 1547.7
1123460 1547.7
1123470 1547.5
1123480 1546.8
1123490 1547.3
1123500 1547.3
1123510 1548.4
1123520 1547.2
1123530 1548.5
1123540 1547.2
1123550 1545.5
1123560 1545.5
1123570 1543.9
1123580 1542.6
1123590 1542.6
1123600 1543.5
1123610 1545.5
1123620 1545.5
1123630 1547.4
1123640 1548.6
1123650 1548.6
1123660 1546.8
1123670 1548.4
1123680 1548.4
1123690 1550.0
1123700 1550.5
1123710 1550.5
1123720 1551.3
1123730 1551.1
1123740 1551.1
1123750 1550.0
1123760 1551.0
1123770 1554.0
1123780 1554.0
1123790 1556.2
1123800 1557.8
1123810 1557.8
1123820 1558.9
1123830 1558.9
1123840 1558.9
1123850 1557.0
1123860 1553.4
1123870 1553.4
1123880 1555.1
1123890 1554.1
1123900 1554.1
1123910 1552.7
1123920 1555.0
1123930 1555.0
1123940 1557.5
1123950 1559.4
1123960 1559.4
1123970 1561.5
1123980 1564.8
1123990 1564.8
1124000 1567.0
1124010 1569.9
1124020 1569.9
1124030 1571.8
1124040 1571.9
1124050 1571.9
1124060 1573.0
1124070 1573.0
1124080 1572.6
1124090 1572.6
1124100 1572.2
1124110 1572.0
1124120 1572.0
1124130 1571.8
1124140 1571.2
1124150 1571.2
1124160 1569.3
1124170 1567.3
1124180 1567.3
1124190 1565.7
1124200 1564.0
1124210 1564.0
1124220 1565.5
1124230 1566.9
1124240 1566.9
1124250 1567.6
1124260 1568.0
1124270 1568.0
1124280 1568.1
1124290 1568.2
1124300 1568.2
1124310 1568.0
1124320 1567.5
1124330 1567.5
1124340 1566.9
1124350 1565.9
1124360 1565.0
1124370 1565.0
1124380 1564.2
1124390 1563.5
1124400 1563.5
1124410 1562.2
1124420 1561.0
1124430 1561.0
1124440 1560.1
1124450 1559.1
1124460 1559.1
1124470 1558.4
1124480 1558.1
1124490 1558.1
1124500 1557.2
1124510 1555.6
1124520 1555.6
1124530 1555.0
1124540 1555.7
1124550 1555.7
1124560 1556.9
1124570 1558.2
1124580 1558.2
1124590 1561.5
1124600 1562.6
1124610 1562.6
1124620 1562.8
1124630 1563.1
1124640 1563.8
1124650 1563.8
1124660 1563.9
1124670 1563.6
1124680 1563.6
1124690 1563.5
1124700 1564.0
1124710 1564.0
1124720 1565.1
1124730 1566.0
1124740 1566.0
1124750 1566.2
1124760 1565.5
1124770 1565.5
1124780 1565.0
1124790 1564.4
1124800 1564.4
1124810 1563.7
1124820 1563.0
1124830 1563.0
1124840 1561.4
1124850 1559.6
1124860 1559.6
1124870 1558.8
1124880 1559.9
1124890 1559.9
1124900 1560.3
1124910 1559.7
1124920 1559.7
1124930 1559.7
1124940 1561.7
1124950 1560.9
1124960 1560.9
1124970 1559.7
1124980 1558.7
1124990 1558.7
1125000 1556.9
1125010 1555.1
1125020 1555.1
1125030 1555.1
1125040 1555.0
1125050 1555.0
1125060 1554.1
1125070 1555.1
1125080 1555.1
1125090 1557.1
1125100 1558.3
1125110 1558.3
1125120 1558.5
1125130 1558.3
1125140 1558.3
1125150 1557.8
1125160 1556.5
1125170 1556.5
1125180 1555.0
1125190 1554.0
1125200 1554.0
1125210 1554.5
1125220 1554.6
1125230 1553.9
1125240 1553.9
1125250 1551.8
1125260 1550.4
1125270 1550.4
1125280 1549.4
1125290 1548.5
1125300 1551.7
1125310 1551.0
1125320 1548.9
1125330 1548.9
1125340 1548.1
1125350 1548.1
1125360 1548.1
1125370 1547.8
1125380 1546.5
1125390 1546.5
1125400 1545.3
1125410 1543.6
1125420 1543.6
1125430 1541.5
1125440 1538.8
1125450 1538.8
1125460 1536.8
1125470 1535.9
1125480 1535.9
1125490 1535.2
1125500 1533.7
1125510 1532.7
1125520 1532.7
1125530 1532.1
1125540 1531.4
1125550 1531.4
1125560 1528.5
1125570 1523.8
1125580 1523.8
1125590 1523.8
1125600 1531.1
1125610 1531.1
1125620 1536.6
1125630 1538.7
1125640 1538.7
1125650 1542.8
1125660 1543.2
1125670 1543.2
1125680 1543.4
1125690 1543.6
1125700 1543.6
1125710 1543.7
1125720 1543.6
1125730 1543.6
1125740 1543.7
1125750 1543.7
1125760 1543.7
1125770 1543.4
1125780 1542.4
1125790 1542.4
1125800 1540.9
1125810 1539.6
1125820 1538.4
1125830 1538.4
1125840 1537.6
1125850 1537.6
1125860 1537.6
1125870 1537.5
1125880 1537.1
1125890 1537.1
1125900 1537.2
1125910 1537.8
1125920 1537.8
1125930 1538.4
1125940 1539.2
1125950 1539.2
1125960 1539.4
1125970 1539.7
1125980 1539.7
1125990 1539.5
1126000 1538.4
1126010 1541.6
1126020 1541.6
1126030 1542.4
1126040 1542.4
1126050 1544.1
1126060 1543.7
1126070 1543.7
1126080 1541.9
1126090 1540.8
1126100 1541.0
1126110 1541.0
1126120 1541.4
1126130 1542.3
1126140 1542.3
1126150 1543.1
1126160 1543.1
1126170 1543.1
1126180 1542.6
1126190 1542.2
1126200 1542.2
1126210 1542.3
1126220 1543.6
1126230 1543.6
1126240 1544.9
1126250 1543.4
1126260 1543.4
1126270 1539.5
1126280 1537.3
1126290 1537.3
1126300 1536.8
1126310 1534.0
1126320 1534.0
1126330 1529.1
1126340 1525.3
1126350 1525.3
1126360 1529.0
1126370 1528.7
1126380 1529.2
1126390 1529.2
1126400 1528.9
1126410 1527.3
1126420 1527.3
1126430 1525.6
1126440 1523.0
1126450 1523.0
1126460 1522.0
1126470 1523.4
1126480 1523.4
1126490 1526.0
1126500 1528.9
1126510 1528.9
1126520 1532.3
1126530 1534.7
1126540 1534.7
1126550 1536.9
1126560 1538.5
1126570 1538.5
1126580 1539.7
1126590 1540.6
1126600 1540.6
1126610 1540.8
1126620 1540.5
1126630 1540.5
1126640 1539.6
1126650 1538.4
1126660 1538.4
1126670 1538.2
1126680 1537.3
1126690 1533.9
1126700 1533.9
1126710 1530.8
1126720 1537.1
1126730 1537.1
1126740 1535.6
1126750 1532.7
1126760 1532.7
1126770 1530.2
1126780 1528.6
1126790 1528.6
1126800 1527.7
1126810 1528.4
1126820 1528.4
1126830 1528.6
1126840 1528.9
1126850 1528.9
1126860 1527.3
1126870 1523.6
1126880 1523.6
1126890 1521.4
1126900 1522.0
1126910 1522.0
1126920 1524.0
1126930 1526.1
1126940 1526.1
1126950 1528.3
1126960 1529.7
1126970 1529.9
1126980 1529.9
1126990 1530.6
1127000 1531.8
1127010 1531.8
1127020 1533.4
1127030 1535.1
1127040 1535.1
1127050 1535.2
1127060 1535.7
1127070 1538.6
1127080 1539.8
1127090 1541.1
1127100 1541.1
1127110 1540.8
1127120 1539.3
1127130 1539.3
1127140 1539.1
1127150 1543.2
1127160 1543.2
1127170 1548.7
1127180 1553.8
1127190 1553.8
1127200 1557.9
1127210 1562.7
1127220 1562.7
1127230 1567.8
1127240 1573.6
1127250 1577.9
1127260 1577.9
1127270 1578.8
1127280 1579.6
1127290 1579.6
1127300 1581.8
1127310 1584.4
1127320 1584.4
1127330 1587.8
1127340 1593.5
1127350 1593.5
1127360 1598.0
1127370 1600.3
1127380 1600.3
1127390 1601.8
1127400 1603.4
1127410 1603.4
1127420 1603.8
1127430 1612.4
1127440 1612.4
1127450 1613.5
1127460 1614.3
1127470 1614.3
1127480 1615.9
1127490 1617.3
1127500 1617.3
1127510 1619.2
1127520 1619.3
1127530 1619.3
1127540 1618.8
1127550 1619.0
1127560 1620.1
1127570 1620.1
1127580 1620.3
1127590 1621.2
1127600 1621.2
1127610 1622.3
1127620 1624.0
1127630 1624.0
1127640 1625.2
1127650 1626.0
1127660 1626.0
1127670 1627.4
1127680 1630.1
1127690 1630.1
1127700 1632.7
1127710 1635.5
1127720 1635.5
1127730 1639.1
1127740 1641.8
1127750 1641.8
1127760 1643.7
1127770 1645.6
1127780 1645.6
1127790 1657.0
1127800 1658.7
1127810 1658.7
1127820 1660.9
1127830 1661.6
1127840 1662.3
1127850 1662.3
1127860 1663.2
1127870 1663.8
1127880 1663.8
1127890 1663.4
1127900 1663.4
1127910 1663.4
1127920 1662.9
1127930 1662.0
1127940 1662.0
1127950 1660.8
1127960 1658.3
1127970 1658.3
1127980 1651.5
1127990 1645.3
1128000 1645.3
1128010 1641.9
1128020 1640.5
1128030 1640.5
1128040 1640.4
1128050 1641.1
1128060 1641.1
1128070 1643.0
1128080 1644.7
1128090 1644.7
1128100 1646.7
1128110 1648.6
1128120 1649.3
1128130 1649.3
1128140 1648.3
1128150 1648.4
1128160 1648.4
1128170 1648.6
1128180 1648.6
1128190 1648.6
1128200 1647.5
1128210 1645.4
1128220 1645.4
1128230 1642.4
1128240 1638.2
1128250 1638.2
1128260 1633.8
1128270 1629.9
1128280 1629.9
1128290 1625.3
1128300 1619.2
1128310 1619.2
1128320 1613.5
1128330 1608.6
1128340 1608.6
1128350 1603.3
1128360 1600.3
1128370 1600.3
1128380 1598.4
1128390 1596.9
1128400 1596.9
1128410 1596.0
1128420 1595.4
1128430 1595.0
1128440 1595.0
1128450 1595.5
1128460 1596.0
1128470 1596.0
1128480 1596.6
1128490 1598.3
1128500 1598.3
1128510 1598.5
1128520 1597.4
1128530 1597.4
1128540 1595.3
1128550 1592.0
1128560 1592.0
1128570 1587.6
1128580 1583.4
1128590 1583.4
1128600 1580.1
1128610 1582.5
1128620 1582.5
1128630 1585.0
1128640 1587.6
1128650 1587.6
1128660 1590.3
1128670 1593.4
1128680 1593.4
1128690 1596.6
1128700 1599.8
1128710 1603.2
1128720 1603.2
1128730 1606.5
1128740 1609.5
1128750 1609.5
1128760 1612.4
1128770 1615.9
1128780 1615.9
1128790 1618.8
1128800 1624.1
1128810 1624.1
1128820 1630.2
1128830 1633.3
1128840 1633.3
1128850 1636.4
1128860 1647.4
1128870 1647.4
1128880 1654.4
1128890 1662.0
1128900 1662.0
1128910 1669.7
1128920 1676.8
1128930 1676.8
1128940 1685.0
1128950 1692.0
1128960 1692.0
1128970 1699.2
1128980 1708.1
1128990 1717.9
1129000 1717.9
1129010 1727.5
1129020 1736.5
1129030 1736.5
1129040 1745.9
1129050 1755.0
1129060 1755.0
1129070 1763.9
1129080 1772.5
1129090 1772.5
1129100 1781.3
1129110 1789.4
1129120 1789.4
1129130 1790.2
1129140 1785.0
1129150 1785.0
1129160 1780.9
1129170 1778.6
1129180 1778.6
1129190 1776.2
1129200 1772.1
1129210 1772.1
1129220 1762.4
1129230 1759.8
1129240 1759.8
1129250 1756.6
1129260 1752.3
1129270 1746.7
1129280 1746.7
1129290 1739.6
1129300 1731.5
1129310 1731.5
1129320 1725.3
1129330 1720.7
1129340 1720.7
1129350 1715.2
1129360 1709.0
1129370 1709.0
1129380 1703.6
1129390 1697.1
1129400 1697.1
1129410 1691.9
1129420 1687.7
1129430 1687.7
1129440 1683.3
1129450 1678.1
1129460 1678.1
1129470 1671.6
1129480 1663.6
1129490 1663.6
1129500 1655.7
1129510 1647.5
1129520 1647.5
1129530 1637.8
1129540 1627.0
1129550 1627.0
1129560 1616.5
1129570 1607.4
1129580 1599.7
1129590 1599.7
1129600 1592.9
1129610 1586.3
1129620 1586.3
1129630 1580.2
1129640 1573.9
1129650 1573.9
1129660 1567.8
1129670 1561.4
1129680 1561.4
1129690 1556.0
1129700 1549.9
1129710 1549.9
1129720 1543.7
1129730 1538.1
1129740 1538.1
1129750 1532.2
1129760 1527.2
1129770 1527.2
1129780 1522.0
1129790 1517.5
1129800 1517.5
1129810 1513.4
1129820 1509.4
1129830 1509.4
1129840 1505.4
1129850 1501.0
1129860 1496.5
1129870 1496.5
1129880 1492.4
1129890 1488.8
1129900 1488.8
1129910 1485.1
1129920 1481.7
1129930 1481.7
1129940 1477.2
1129950 1473.5
1129960 1473.5
1129970 1468.3
1129980 1461.6
1129990 1461.6
1130000 1454.3
1130010 1447.1
1130020 1447.1
1130030 1440.2
1130040 1433.7
1130050 1433.7
1130060 1427.7
1130070 1422.1
1130080 1422.1
1130090 1416.4
1130100 1411.2
1130110 1411.2
1130120 1406.9
1130130 1402.9
1130140 1399.7
1130150 1399.7
1130160 1396.1
1130170 1393.2
1130180 1393.2
1130190 1389.3
1130200 1384.3
1130210 1384.3
1130220 1379.3
1130230 1378.1
1130240 1378.1
1130250 1375.7
1130260 1372.5
1130270 1372.5
1130280 1369.2
1130290 1366.0
1130300 1364.9
1130310 1362.0
1130320 1358.4
1130330 1358.4
1130340 1354.3
1130350 1350.6
1130360 1350.6
1130370 1346.7
1130380 1343.4
1130390 1343.4
1130400 1340.8
1130410 1337.8
1130420 1337.8
1130430 1334.9
1130440 1332.2
1130450 1329.6
1130460 1329.6
1130470 1326.7
1130480 1323.9
1130490 1323.9
1130500 1321.2
1130510 1318.5
1130520 1318.5
1130530 1315.7
1130540 1312.6
1130550 1312.6
1130560 1309.7
1130570 1306.6
1130580 1306.6
1130590 1303.0
1130600 1299.1
1130610 1299.1
1130620 1294.3
1130630 1290.4
1130640 1290.4
1130650 1287.1
1130660 1284.1
1130670 1284.1
1130680 1280.2
1130690 1276.2
1130700 1276.2
1130710 1272.5
1130720 1268.5
1130730 1263.7
1130740 1263.7
1130750 1258.5
1130760 1253.8
1130770 1253.8
1130780 1249.5
1130790 1244.3
1130800 1244.3
1130810 1239.1
1130820 1233.1
1130830 1233.1
1130840 1227.2
1130850 1222.0
1130860 1222.0
1130870 1218.1
1130880 1213.8
1130890 1213.8
1130900 1212.9
1130910 1212.1
1130920 1212.1
1130930 1209.7
1130940 1206.5
1130950 1206.5
1130960 1203.9
1130970 1201.6
1130980 1201.6
1130990 1199.2
1131000 1196.8
1131010 1194.3
1131020 1193.8
1131030 1191.1
1131040 1189.2
1131050 1189.2
1131060 1187.3
1131070 1185.7
1131080 1185.7
1131090 1183.1
1131100 1182.0
1131110 1182.0
1131120 1179.9
1131130 1178.4
1131140 1178.4
1131150 1176.8
1131160 1175.2
1131170 1175.2
1131180 1173.9
1131190 1172.5
1131200 1172.5
1131210 1171.0
1131220 1169.9
1131230 1169.9
1131240 1168.6
1131250 1167.5
1131260 1167.5
1131270 1166.5
1131280 1165.2
1131290 1165.2
1131300 1164.0
1131310 1163.0
1131320 1161.9
1131330 1161.9
1131340 1160.8
1131350 1159.8
1131360 1159.8
1131370 1158.6
1131380 1157.8
1131390 1157.8
1131400 1156.7
1131410 1155.5
1131420 1155.5
1131430 1153.9
1131440 1153.5
1131450 1153.5
1131460 1153.3
1131470 1152.6
1131480 1152.6
1131490 1151.9
1131500 1151.0
1131510 1151.0
1131520 1150.8
1131530 1150.0
1131540 1150.0
1131550 1148.9
1131560 1147.3
1131570 1147.3
1131580 1144.4
1131590 1141.4
1131600 1137.9
1131610 1137.9
1131620 1133.8
1131630 1128.7
1131640 1128.7
1131650 1123.4
1131660 1119.2
1131670 1119.2
1131680 1115.1
1131690 1112.1
1131700 1112.1
1131710 1109.4
1131720 1106.0
1131730 1106.0
1131740 1093.0
1131750 1089.4
1131760 1089.4
1131770 1087.8
1131780 1087.7
1131790 1087.7
1131800 1090.8
1131810 1098.4
1131820 1098.4
1131830 1101.5
1131840 1103.2
1131850 1103.2
1131860 1105.0
1131870 1106.8
1131880 1108.1
1131890 1108.1
1131900 1109.4
1131910 1110.7
1131920 1110.7
1131930 1112.6
1131940 1114.5
1131950 1114.5
1131960 1116.4
1131970 1118.6
1131980 1118.6
1131990 1120.7
1132000 1122.8
1132010 1122.8
1132020 1125.0
1132030 1127.1
1132040 1127.1
1132050 1129.1
1132060 1131.2
1132070 1131.2
1132080 1133.4
1132090 1135.3
1132100 1135.6
1132110 1138.0
1132120 1140.4
1132130 1140.4
1132140 1142.5
1132150 1144.6
1132160 1144.6
1132170 1147.3
1132180 1150.7
1132190 1151.0
1132200 1151.0
1132210 1151.6
1132220 1152.0
1132230 1152.0
1132240 1147.2
1132250 1144.3
1132260 1144.3
1132270 1153.9
1132280 1162.8
1132290 1162.8
1132300 1167.7
1132310 1172.3
1132320 1172.3
1132330 1176.1
1132340 1179.2
1132350 1179.2
1132360 1183.8
1132370 1187.7
1132380 1187.7
1132390 1190.7
1132400 1192.8
1132410 1192.8
1132420 1196.0
1132430 1199.4
1132440 1199.4
1132450 1201.9
1132460 1205.9
1132470 1209.4
1132480 1209.4
1132490 1213.3
1132500 1216.2
1132510 1216.2
1132520 1217.3
1132530 1216.7
1132540 1216.7
1132550 1216.0
1132560 1215.4
1132570 1215.4
1132580 1216.9
1132590 1220.5
1132600 1220.5
1132610 1224.9
1132620 1229.5
1132630 1229.5
1132640 1235.6
1132650 1243.1
1132660 1243.1
1132670 1250.8
1132680 1257.1
1132690 1257.1
1132700 1262.8
1132710 1267.7
1132720 1267.7
1132730 1272.1
1132740 1276.8
1132750 1281.6
1132760 1281.6
1132770 1286.4
1132780 1290.7
1132790 1290.7
1132800 1294.9
1132810 1298.9
1132820 1296.2
1132830 1299.2
1132840 1301.0
1132850 1301.0
1132860 1303.5
1132870 1305.5
1132880 1305.5
1132890 1306.3
1132900 1307.3
1132910 1307.3
1132920 1310.7
1132930 1315.4
1132940 1315.4
1132950 1319.0
1132960 1321.7
1132970 1321.7
1132980 1324.5
1132990 1328.1
1133000 1328.1
1133010 1333.3
1133020 1338.7
1133030 1338.7
1133040 1343.5
1133050 1348.4
1133060 1354.3
1133070 1354.3
1133080 1360.5
1133090 1366.5
1133100 1366.5
1133110 1372.4
1133120 1378.0
1133130 1378.0
1133140 1383.8
1133150 1388.6
1133160 1388.6
1133170 1392.0
1133180 1394.0
1133190 1389.6
1133200 1392.7
1133210 1395.9
1133220 1395.9
1133230 1400.7
1133240 1405.5
1133250 1405.5
1133260 1410.4
1133270 1416.3
1133280 1416.3
1133290 1423.2
1133300 1431.4
1133310 1431.4
1133320 1437.9
1133330 1444.3
1133340 1451.2
1133350 1451.2
1133360 1457.5
1133370 1463.6
1133380 1463.6
1133390 1469.5
1133400 1475.8
1133410 1475.8
1133420 1482.1
1133430 1489.0
1133440 1489.0
1133450 1495.6
1133460 1501.3
1133470 1501.3
1133480 1507.3
1133490 1512.9
1133500 1512.9
1133510 1516.6
1133520 1520.2
1133530 1520.2
1133540 1524.2
1133550 1520.7
1133560 1520.7
1133570 1517.1
1133580 1520.1
1133590 1520.1
1133600 1529.4
1133610 1536.8
1133620 1541.9
1133630 1541.9
1133640 1546.4
1133650 1550.7
1133660 1550.7
1133670 1555.0
1133680 1559.5
1133690 1559.5
1133700 1563.8
1133710 1566.7
1133720 1566.7
1133730 1568.8
1133740 1571.5
1133750 1571.5
1133760 1574.4
1133770 1577.1
1133780 1577.1
1133790 1579.8
1133800 1584.2
1133810 1584.2
1133820 1589.4
1133830 1595.3
1133840 1595.3
1133850 1601.0
1133860 1606.2
1133870 1606.2
1133880 1611.0
1133890 1615.6
1133900 1615.6
1133910 1624.0
1133920 1629.7
1133930 1635.4
1133940 1635.4
1133950 1640.1
1133960 1644.6
1133970 1644.6
1133980 1649.3
1133990 1654.4
1134000 1654.4
1134010 1659.0
1134020 1664.0
1134030 1664.0
1134040 1669.1
1134050 1674.0
1134060 1674.0
1134070 1679.0
1134080 1684.3
1134090 1684.3
1134100 1689.9
1134110 1695.5
1134120 1695.5
1134130 1702.9
1134140 1710.3
1134150 1710.3
1134160 1716.6
1134170 1722.7
1134180 1722.7
1134190 1728.0
1134200 1731.5
1134210 1734.7
1134220 1734.7
1134230 1738.7
1134240 1743.3
1134250 1743.3
1134260 1748.5
1134270 1753.8
1134280 1747.6
1134290 1752.7
1134300 1756.6
1134310 1756.6
1134320 1759.1
1134330 1763.1
1134340 1763.1
1134350 1769.0
1134360 1774.6
1134370 1774.6
1134380 1780.8
1134390 1788.7
1134400 1788.7
1134410 1794.5
1134420 1797.3
1134430 1797.3
1134440 1802.6
1134450 1809.6
1134460 1809.6
1134470 1814.4
1134480 1817.9
1134490 1821.1
1134500 1821.1
1134510 1821.9
1134520 1822.8
1134530 1822.8
1134540 1825.5
1134550 1828.7
1134560 1828.7
1134570 1833.9
1134580 1839.6
1134590 1839.6
1134600 1840.9
1134610 1841.6
1134620 1841.6
1134630 1843.0
1134640 1843.8
1134650 1843.8
1134660 1847.1
1134670 1851.6
1134680 1851.6
1134690 1855.9
1134700 1858.3
1134710 1858.3
1134720 1856.5
1134730 1849.8
1134740 1849.8
1134750 1843.1
1134760 1835.8
1134770 1830.3
1134780 1830.3
1134790 1826.1
1134800 1820.9
1134810 1820.9
1134820 1814.6
1134830 1809.5
1134840 1809.5
1134850 1806.1
1134860 1802.1
1134870 1802.1
1134880 1797.9
1134890 1793.7
1134900 1793.7
1134910 1789.8
1134920 1787.0
1134930 1787.0
1134940 1782.1
1134950 1777.7
1134960 1777.7
1134970 1775.1
1134980 1777.2
1134990 1777.2
1135000 1776.9
1135010 1778.7
1135020 1778.7
1135030 1777.3
1135040 1776.1
1135050 1776.1
1135060 1775.6
1135070 1775.6
1135080 1775.7
1135090 1775.7
1135100 1774.8
1135110 1773.5
1135120 1773.5
1135130 1773.6
1135140 1772.9
1135150 1772.9
1135160 1771.0
1135170 1769.8
1135180 1769.8
1135190 1768.7
1135200 1769.2
1135210 1769.2
1135220 1770.4
1135230 1770.9
1135240 1770.9
1135250 1771.5
1135260 1773.2
1135270 1773.2
1135280 1773.2
1135290 1773.5
1135300 1773.5
1135310 1773.9
1135320 1774.3
1135330 1774.3
1135340 1774.7
1135350 1775.0
1135360 1775.5
1135370 1775.9
1135380 1776.2
1135390 1776.7
1135400 1776.7
1135410 1777.2
1135420 1778.2
1135430 1778.2
1135440 1780.1
1135450 1780.4
1135460 1780.4
1135470 1780.5
1135480 1783.0
1135490 1783.0
1135500 1788.3
1135510 1793.5
1135520 1793.5
1135530 1798.4
1135540 1801.6
1135550 1801.6
1135560 1804.8
1135570 1807.2
1135580 1807.2
1135590 1808.1
1135600 1810.2
1135610 1810.2
1135620 1814.9
1135630 1818.3
1135640 1821.2
1135650 1821.2
1135660 1823.8
1135670 1826.0
1135680 1826.0
1135690 1828.7
1135700 1831.9
1135710 1831.9
1135720 1833.6
1135730 1837.0
1135740 1840.2
1135750 1847.5
1135760 1854.1
1135770 1854.1
1135780 1859.8
1135790 1864.1
1135800 1864.1
1135810 1866.9
1135820 1869.6
1135830 1869.6
1135840 1872.3
1135850 1873.6
1135860 1873.6
1135870 1873.8
1135880 1874.5
1135890 1874.5
1135900 1875.6
1135910 1879.1
1135920 1879.1
1135930 1883.8
1135940 1889.3
1135950 1894.9
1135960 1894.9
1135970 1900.2
1135980 1906.2
1135990 1906.2
1136000 1913.5
1136010 1921.3
1136020 1921.3
1136030 1928.0
1136040 1933.2
1136050 1933.2
1136060 1939.0
1136070 1946.9
1136080 1946.9
1136090 1955.9
1136100 1964.2
1136110 1964.2
1136120 1971.4
1136130 1979.4
1136140 1979.4
1136150 1988.1
1136160 2000.4
1136170 2000.4
1136180 2019.2
1136190 2031.1
1136200 2031.1
1136210 2033.5
1136220 2032.2
1136230 2028.8
1136240 2028.8
1136250 2022.6
1136260 2016.5
1136270 2016.5
1136280 2012.2
1136290 2008.0
1136300 2008.0
1136310 2003.1
1136320 1998.2
1136330 1998.2
1136340 1993.9
1136350 1989.1
1136360 1989.1
1136370 1984.3
1136380 1979.7
1136390 1979.7
1136400 1974.5
1136410 1968.9
1136420 1968.9
1136430 1963.4
1136440 1958.1
1136450 1958.1
1136460 1952.2
1136470 1943.0
1136480 1943.0
1136490 1936.8
1136500 1931.3
1136510 1925.1
1136520 1925.1
1136530 1919.3
1136540 1915.0
1136550 1915.0
1136560 1906.8
1136570 1898.6
1136580 1898.6
1136590 1891.9
1136600 1887.4
1136610 1887.4
1136620 1883.0
1136630 1877.8
1136640 1877.8
1136650 1872.4
1136660 1867.7
1136670 1867.7
1136680 1863.0
