1120000 1438.1
1120010 1442.4
1120020 1442.4
1120030 1446.9
1120040 1450.1
1120050 1450.1
1120060 1452.0
1120070 1454.8
1120080 1454.8
1120090 1459.6
1120100 1464.6
1120110 1464.6
1120120 1469.8
1120130 1476.7
1120140 1485.0
1120150 1485.0
1120160 1495.4
1120170 1502.8
1120180 1502.8
1120190 1507.0
1120200 1515.9
1120210 1515.9
1120220 1518.6
1120230 1517.3
1120240 1517.3
1120250 1519.4
1120260 1540.5
1120270 1540.5
1120280 1574.7
1120290 1580.7
1120300 1580.7
1120310 1552.7
1120320 1570.6
1120330 1570.6
1120340 1593.9
1120350 1614.2
1120360 1614.2
1120370 1631.4
1120380 1644.3
1120390 1644.3
1120400 1673.3
1120410 1692.5
1120420 1692.5
1120430 1700.1
1120440 1702.5
1120450 1702.3
1120460 1702.3
1120470 1699.1
1120480 1700.5
1120490 1700.5
1120500 1702.5
1120510 1709.8
1120520 1709.8
1120530 1714.4
1120540 1721.4
1120550 1721.4
1120560 1728.3
1120570 1736.0
1120580 1736.0
1120590 1745.6
1120600 1754.9
1120610 1754.9
1120620 1763.2
1120630 1772.1
1120640 1772.1
1120650 1784.3
1120660 1794.7
1120670 1794.7
1120680 1804.5
1120690 1817.7
1120700 1817.7
1120710 1826.7
1120720 1834.9
1120730 1841.5
1120740 1841.5
1120750 1836.1
1120760 1832.8
1120770 1832.8
1120780 1838.5
1120790 1846.8
1120800 1846.8
1120810 1864.2
1120820 1886.1
1120830 1888.8
1120840 1900.8
1120850 1908.1
1120860 1908.1
1120870 1916.0
1120880 1926.8
1120890 1926.8
1120900 1940.0
1120910 1953.1
1120920 1953.1
1120930 1961.2
1120940 1968.2
1120950 1968.2
1120960 1976.1
1120970 1977.6
1120980 1977.6
1120990 1977.1
1121000 1984.7
1121010 1984.7
1121020 2007.1
1121030 2029.2
1121040 2037.7
1121050 2037.7
1121060 2040.0
1121070 2046.3
1121080 2046.3
1121090 2043.2
1121100 2036.8
1121110 2036.8
1121120 2030.5
1121130 2024.4
1121140 2024.4
1121150 2018.4
1121160 2013.6
1121170 2013.6
1121180 2011.8
1121190 2007.1
1121200 2007.1
1121210 2002.7
1121220 1998.6
1121230 1998.6
1121240 1994.2
1121250 1989.5
1121260 1989.5
1121270 1984.6
1121280 1978.6
1121290 1978.6
1121300 1974.3
1121310 1969.5
1121320 1964.3
1121330 1964.3
1121340 1960.5
1121350 1958.5
1121360 1958.5
1121370 1955.1
1121380 1952.1
1121390 1952.1
1121400 1949.9
1121410 1948.6
1121420 1948.6
1121430 1945.3
1121440 1941.9
1121450 1941.9
1121460 1940.6
1121470 1938.7
1121480 1938.7
1121490 1936.7
1121500 1935.2
1121510 1935.2
1121520 1933.5
1121530 1934.2
1121540 1934.2
1121550 1935.1
1121560 1936.7
1121570 1936.7
1121580 1937.7
1121590 1937.5
1121600 1937.5
1121610 1937.3
1121620 1935.5
1121630 1931.9
1121640 1931.9
1121650 1928.4
1121660 1924.0
1121670 1924.0
1121680 1921.6
1121690 1918.5
1121700 1918.5
1121710 1915.5
1121720 1914.3
1121730 1914.3
1121740 1912.5
1121750 1912.7
1121760 1912.7
1121770 1914.6
1121780 1913.7
1121790 1913.7
1121800 1912.5
1121810 1910.2
1121820 1910.2
1121830 1906.9
1121840 1902.4
1121850 1902.4
1121860 1898.9
1121870 1896.0
1121880 1896.0
1121890 1892.6
1121900 1888.3
1121910 1885.3
1121920 1885.3
1121930 1883.8
1121940 1880.1
1121950 1880.1
1121960 1876.8
1121970 1873.7
1121980 1873.7
1121990 1870.2
1122000 1864.3
1122010 1864.3
1122020 1858.9
1122030 1855.4
1122040 1855.4
1122050 1850.8
1122060 1847.6
1122070 1847.6
1122080 1844.1
1122090 1841.3
1122100 1841.3
1122110 1837.1
1122120 1833.3
1122130 1833.3
1122140 1833.4
1122150 1834.2
1122160 1834.2
1122170 1834.2
1122180 1833.7
1122190 1833.7
1122200 1831.6
1122210 1830.1
1122220 1827.7
1122230 1827.7
1122240 1824.3
1122250 1823.2
1122260 1823.2
1122270 1820.6
1122280 1818.4
1122290 1818.4
1122300 1818.4
1122310 1818.3
1122320 1818.3
1122330 1817.4
1122340 1816.4
1122350 1816.4
1122360 1814.7
1122370 1812.0
1122380 1812.0
1122390 1813.0
1122400 1813.3
1122410 1813.3
1122420 1814.7
1122430 1814.7
1122440 1814.7
1122450 1813.8
1122460 1813.9
1122470 1813.9
1122480 1815.2
1122490 1813.6
1122500 1810.7
1122510 1810.7
1122520 1808.6
1122530 1806.7
1122540 1806.7
1122550 1804.3
1122560 1803.4
1122570 1803.4
1122580 1802.2
1122590 1800.8
1122600 1800.8
1122610 1798.6
1122620 1795.9
1122630 1795.9
1122640 1793.1
1122650 1791.4
1122660 1791.4
1122670 1790.4
1122680 1787.4
1122690 1787.4
1122700 1784.6
1122710 1779.8
1122720 1779.8
1122730 1779.5
1122740 1779.2
1122750 1779.2
1122760 1778.2
1122770 1776.9
1122780 1776.9
1122790 1772.6
1122800 1766.8
1122810 1760.9
1122820 1760.9
1122830 1758.1
1122840 1755.5
1122850 1755.5
1122860 1752.9
1122870 1748.7
1122880 1748.7
1122890 1743.7
1122900 1734.7
1122910 1734.7
1122920 1728.0
1122930 1720.8
1122940 1717.8
1122950 1711.5
1122960 1705.9
1122970 1705.9
1122980 1702.6
1122990 1699.2
1123000 1699.2
1123010 1695.1
1123020 1690.5
1123030 1690.5
1123040 1687.6
1123050 1685.2
1123060 1685.2
1123070 1683.4
1123080 1682.3
1123090 1680.5
1123100 1680.5
1123110 1678.2
1123120 1675.1
1123130 1675.1
1123140 1676.6
1123150 1673.2
1123160 1673.2
1123170 1671.6
1123180 1671.8
1123190 1671.8
1123200 1672.8
1123210 1673.5
1123220 1673.5
1123230 1676.0
1123240 1678.5
1123250 1678.5
1123260 1681.3
1123270 1685.4
1123280 1685.4
1123290 1681.8
1123300 1688.6
1123310 1688.6
1123320 1692.5
1123330 1692.8
1123340 1692.8
1123350 1693.3
1123360 1693.6
1123370 1693.6
1123380 1693.1
1123390 1692.3
1123400 1691.9
1123410 1691.9
1123420 1692.2
1123430 1691.9
1123440 1691.9
1123450 1691.8
1123460 1690.0
1123470 1690.0
1123480 1688.8
1123490 1688.8
1123500 1688.8
1123510 1687.3
1123520 1686.9
1123530 1686.9
1123540 1685.9
1123550 1686.4
1123560 1686.4
1123570 1686.6
1123580 1686.3
1123590 1686.3
1123600 1684.5
1123610 1684.4
1123620 1684.4
1123630 1685.9
1123640 1687.9
1123650 1680.7
1123660 1681.8
1123670 1682.2
1123680 1681.3
1123690 1681.3
1123700 1679.7
1123710 1679.3
1123720 1679.3
1123730 1676.6
1123740 1676.7
1123750 1676.7
1123760 1677.9
1123770 1679.0
1123780 1679.0
1123790 1679.0
1123800 1679.7
1123810 1679.7
1123820 1681.3
1123830 1683.5
1123840 1683.5
1123850 1685.3
1123860 1687.7
1123870 1687.7
1123880 1691.0
1123890 1693.0
1123900 1693.0
1123910 1695.4
1123920 1698.2
1123930 1698.2
1123940 1701.2
1123950 1704.4
1123960 1704.4
1123970 1707.0
1123980 1708.4
1123990 1711.1
1124000 1705.3
1124010 1707.0
1124020 1708.9
1124030 1708.9
1124040 1710.8
1124050 1713.2
1124060 1713.2
1124070 1715.6
1124080 1716.3
1124090 1716.3
1124100 1717.9
1124110 1718.8
1124120 1718.8
1124130 1720.0
1124140 1721.0
1124150 1721.0
1124160 1721.3
1124170 1721.2
1124180 1721.2
1124190 1720.8
1124200 1721.8
1124210 1721.8
1124220 1723.5
1124230 1724.9
1124240 1724.9
1124250 1726.5
1124260 1730.0
1124270 1733.1
1124280 1733.1
1124290 1735.4
1124300 1738.1
1124310 1738.1
1124320 1740.7
1124330 1743.9
1124340 1743.9
1124350 1738.1
1124360 1738.5
1124370 1738.5
1124380 1738.2
1124390 1739.1
1124400 1739.1
1124410 1739.9
1124420 1741.8
1124430 1741.8
1124440 1746.4
1124450 1749.7
1124460 1749.7
1124470 1751.2
1124480 1754.0
1124490 1754.0
1124500 1756.6
1124510 1758.6
1124520 1758.6
1124530 1759.5
1124540 1762.3
1124550 1762.3
1124560 1765.3
1124570 1766.1
1124580 1768.3
1124590 1768.3
1124600 1772.8
1124610 1776.5
1124620 1776.5
1124630 1777.9
1124640 1778.8
1124650 1778.8
1124660 1780.6
1124670 1782.3
1124680 1782.3
1124690 1783.2
1124700 1785.3
1124710 1778.3
1124720 1781.0
1124730 1783.3
1124740 1783.3
1124750 1784.5
1124760 1787.4
1124770 1787.4
1124780 1789.1
1124790 1792.2
1124800 1792.2
1124810 1795.0
1124820 1797.3
1124830 1797.3
1124840 1800.0
1124850 1802.2
1124860 1803.2
1124870 1803.2
1124880 1804.9
1124890 1806.0
1124900 1806.0
1124910 1807.2
1124920 1808.6
1124930 1808.6
1124940 1809.4
1124950 1810.0
1124960 1810.0
1124970 1808.1
1124980 1804.9
1124990 1804.9
1125000 1804.6
1125010 1806.2
1125020 1806.2
1125030 1806.6
1125040 1806.4
1125050 1806.4
1125060 1800.5
1125070 1801.1
1125080 1801.1
1125090 1799.8
1125100 1800.0
1125110 1800.0
1125120 1801.3
1125130 1801.6
1125140 1801.6
1125150 1801.6
1125160 1802.4
1125170 1803.3
1125180 1803.3
1125190 1804.6
1125200 1805.0
1125210 1805.0
1125220 1808.1
1125230 1812.1
1125240 1812.1
1125250 1815.8
1125260 1818.6
1125270 1818.6
1125280 1821.7
1125290 1826.5
1125300 1826.5
1125310 1830.3
1125320 1833.1
1125330 1833.1
1125340 1837.3
1125350 1843.6
1125360 1843.6
1125370 1848.5
1125380 1850.6
1125390 1850.6
1125400 1852.7
1125410 1855.2
1125420 1848.7
1125430 1850.7
1125440 1851.5
1125450 1850.9
1125460 1850.9
1125470 1852.9
1125480 1854.1
1125490 1854.1
1125500 1853.4
1125510 1852.7
1125520 1852.7
1125530 1854.2
1125540 1859.8
1125550 1859.8
1125560 1856.0
1125570 1856.9
1125580 1856.9
1125590 1857.1
1125600 1856.9
1125610 1856.9
1125620 1857.7
1125630 1858.1
1125640 1858.1
1125650 1861.1
1125660 1862.5
1125670 1862.5
1125680 1862.7
1125690 1864.9
1125700 1864.9
1125710 1875.8
1125720 1899.0
1125730 1899.0
1125740 1913.9
1125750 1916.9
1125760 1917.2
1125770 1882.7
1125780 1903.9
1125790 1913.1
1125800 1913.1
1125810 1914.8
1125820 1916.1
1125830 1916.1
1125840 1916.6
1125850 1917.1
1125860 1917.1
1125870 1918.0
1125880 1918.8
1125890 1918.8
1125900 1919.3
1125910 1919.4
1125920 1919.4
1125930 1919.6
1125940 1919.4
1125950 1919.4
1125960 1919.7
1125970 1920.3
1125980 1920.3
1125990 1919.9
1126000 1920.0
1126010 1920.0
1126020 1921.9
1126030 1922.6
1126040 1923.0
1126050 1923.0
1126060 1923.4
1126070 1923.4
1126080 1923.4
1126090 1923.1
1126100 1922.7
1126110 1922.7
1126120 1921.7
1126130 1915.3
1126140 1915.3
1126150 1914.8
1126160 1915.4
1126170 1915.4
1126180 1915.5
1126190 1915.1
1126200 1915.1
1126210 1912.9
1126220 1908.6
1126230 1908.6
1126240 1890.2
1126250 1869.1
1126260 1869.1
1126270 1868.0
1126280 1864.2
1126290 1864.2
1126300 1857.3
1126310 1852.3
1126320 1852.3
1126330 1848.1
1126340 1843.5
1126350 1838.3
1126360 1838.3
1126370 1832.7
1126380 1826.6
1126390 1826.6
1126400 1820.7
1126410 1813.5
1126420 1813.5
1126430 1806.1
1126440 1799.2
1126450 1799.2
1126460 1792.7
1126470 1786.3
1126480 1784.5
1126490 1778.2
1126500 1770.7
1126510 1770.7
1126520 1763.8
1126530 1757.3
1126540 1757.3
1126550 1751.2
1126560 1744.2
1126570 1744.2
1126580 1737.3
1126590 1730.6
1126600 1730.6
1126610 1725.4
1126620 1720.2
1126630 1714.8
1126640 1714.8
1126650 1710.8
1126660 1707.6
1126670 1707.6
1126680 1704.4
1126690 1701.0
1126700 1701.0
1126710 1697.4
1126720 1694.0
1126730 1694.0
1126740 1691.2
1126750 1690.6
1126760 1690.6
1126770 1692.6
1126780 1694.9
1126790 1694.9
1126800 1693.8
1126810 1692.6
1126820 1692.6
1126830 1691.4
1126840 1686.9
1126850 1686.9
1126860 1684.4
1126870 1680.5
1126880 1680.5
1126890 1675.4
1126900 1671.5
1126910 1671.5
1126920 1668.4
1126930 1666.7
1126940 1666.0
1126950 1666.0
1126960 1665.3
1126970 1665.6
1126980 1665.6
1126990 1665.8
1127000 1665.1
1127010 1665.1
1127020 1663.4
1127030 1659.2
1127040 1659.2
1127050 1654.1
1127060 1649.3
1127070 1649.3
1127080 1644.1
1127090 1637.8
1127100 1637.8
1127110 1631.4
1127120 1624.3
1127130 1624.3
1127140 1617.2
1127150 1610.4
1127160 1610.4
1127170 1603.8
1127180 1597.7
1127190 1597.7
1127200 1592.6
1127210 1588.2
1127220 1583.4
1127230 1583.4
1127240 1581.9
1127250 1579.2
1127260 1579.2
1127270 1574.2
1127280 1569.9
1127290 1569.9
1127300 1564.8
1127310 1558.6
1127320 1558.6
1127330 1554.3
1127340 1548.8
1127350 1548.8
1127360 1543.6
1127370 1538.6
1127380 1538.6
1127390 1533.7
1127400 1528.9
1127410 1528.9
1127420 1524.3
1127430 1519.1
1127440 1519.1
1127450 1513.8
1127460 1508.9
1127470 1508.9
1127480 1504.9
1127490 1501.7
1127500 1499.0
1127510 1499.0
1127520 1497.5
1127530 1494.6
1127540 1494.6
1127550 1487.8
1127560 1482.5
1127570 1482.5
1127580 1477.8
1127590 1474.8
1127600 1474.8
1127610 1472.2
1127620 1470.5
1127630 1470.5
1127640 1470.1
1127650 1471.3
1127660 1471.3
1127670 1471.9
1127680 1471.5
1127690 1471.5
1127700 1470.5
1127710 1467.9
1127720 1467.9
1127730 1465.3
1127740 1462.2
1127750 1462.2
1127760 1457.7
1127770 1453.4
1127780 1453.4
1127790 1449.4
1127800 1446.4
1127810 1443.5
1127820 1443.5
1127830 1440.7
1127840 1438.2
1127850 1438.2
1127860 1435.3
1127870 1431.4
1127880 1431.4
1127890 1427.9
1127900 1424.8
1127910 1422.5
1127920 1419.1
1127930 1417.2
1127940 1417.2
1127950 1416.2
1127960 1415.6
1127970 1415.6
1127980 1414.7
1127990 1413.1
1128000 1413.1
1128010 1411.4
1128020 1408.1
1128030 1408.1
1128040 1404.8
1128050 1403.0
1128060 1403.0
1128070 1400.9
1128080 1398.5
1128090 1395.2
1128100 1395.2
1128110 1391.5
1128120 1388.1
1128130 1388.1
1128140 1384.6
1128150 1381.1
1128160 1381.1
1128170 1379.3
1128180 1377.9
1128190 1377.9
1128200 1376.9
1128210 1376.8
1128220 1376.8
1128230 1375.9
1128240 1374.4
1128250 1374.4
1128260 1372.3
1128270 1369.1
1128280 1369.1
1128290 1367.3
1128300 1365.4
1128310 1365.4
1128320 1364.4
1128330 1365.1
1128340 1365.1
1128350 1366.0
1128360 1365.2
1128370 1365.2
1128380 1364.8
1128390 1364.7
1128400 1363.1
1128410 1363.1
1128420 1361.3
1128430 1359.3
1128440 1359.3
1128450 1358.2
1128460 1356.1
1128470 1356.1
1128480 1352.4
1128490 1346.5
1128500 1346.5
1128510 1342.2
1128520 1339.3
1128530 1339.3
1128540 1333.5
1128550 1320.2
1128560 1320.2
1128570 1311.4
1128580 1305.9
1128590 1305.9
1128600 1302.1
1128610 1298.4
1128620 1298.4
1128630 1294.4
1128640 1290.9
1128650 1290.9
1128660 1287.4
1128670 1283.5
1128680 1278.2
1128690 1278.2
1128700 1275.5
1128710 1271.4
1128720 1271.4
1128730 1264.3
1128740 1260.8
1128750 1260.8
1128760 1261.1
1128770 1263.3
1128780 1263.3
1128790 1265.1
1128800 1262.1
1128810 1262.1
1128820 1258.4
1128830 1255.8
1128840 1255.8
1128850 1254.1
1128860 1252.8
1128870 1252.8
1128880 1250.8
1128890 1248.7
1128900 1248.7
1128910 1247.8
1128920 1247.2
1128930 1247.2
1128940 1246.6
1128950 1247.2
1128960 1247.2
1128970 1249.8
1128980 1250.2
1128990 1244.8
1129000 1244.8
1129010 1245.0
1129020 1245.6
1129030 1245.6
1129040 1246.7
1129050 1245.6
1129060 1245.6
1129070 1243.6
1129080 1241.8
1129090 1241.8
1129100 1240.2
1129110 1239.2
1129120 1239.2
1129130 1238.6
1129140 1237.8
1129150 1237.8
1129160 1237.0
1129170 1236.4
1129180 1236.4
1129190 1236.2
1129200 1238.8
1129210 1238.8
1129220 1239.8
1129230 1238.7
1129240 1238.7
1129250 1237.4
1129260 1236.4
1129270 1235.4
1129280 1235.4
1129290 1233.7
1129300 1233.8
1129310 1233.8
1129320 1234.4
1129330 1235.9
1129340 1241.2
1129350 1243.4
1129360 1243.5
1129370 1243.5
1129380 1243.4
1129390 1242.6
1129400 1242.6
1129410 1241.5
1129420 1240.5
1129430 1240.5
1129440 1239.4
1129450 1238.0
1129460 1238.0
1129470 1236.5
1129480 1234.6
1129490 1234.6
1129500 1233.0
1129510 1230.1
1129520 1230.1
1129530 1227.2
1129540 1225.4
1129550 1225.4
1129560 1223.9
1129570 1222.7
1129580 1222.2
1129590 1222.2
1129600 1221.4
1129610 1220.1
1129620 1220.1
1129630 1218.8
1129640 1217.7
1129650 1217.7
1129660 1216.6
1129670 1215.4
1129680 1215.4
1129690 1214.1
1129700 1212.7
1129710 1212.7
1129720 1212.2
1129730 1211.1
1129740 1211.1
1129750 1209.8
1129760 1209.2
1129770 1209.2
1129780 1208.7
1129790 1207.6
1129800 1207.6
1129810 1207.0
1129820 1208.7
1129830 1208.7
1129840 1209.0
1129850 1208.9
1129860 1209.5
1129870 1209.5
1129880 1209.1
1129890 1209.4
1129900 1209.4
1129910 1210.5
1129920 1212.2
1129930 1212.2
1129940 1213.4
1129950 1214.1
1129960 1214.1
1129970 1214.1
1129980 1214.3
1129990 1214.3
1130000 1217.7
1130010 1221.3
1130020 1221.3
1130030 1225.9
1130040 1232.3
1130050 1232.3
1130060 1240.8
1130070 1242.8
1130080 1242.8
1130090 1241.0
1130100 1237.8
1130110 1237.8
1130120 1232.6
1130130 1226.9
1130140 1226.9
1130150 1224.1
1130160 1227.3
1130170 1227.8
1130180 1227.8
1130190 1228.3
1130200 1228.4
1130210 1228.4
1130220 1227.5
1130230 1226.6
1130240 1226.6
1130250 1225.6
1130260 1226.1
1130270 1226.1
1130280 1228.2
1130290 1230.4
1130300 1230.4
1130310 1231.9
1130320 1233.3
1130330 1233.3
1130340 1234.8
1130350 1237.1
1130360 1237.1
1130370 1238.2
1130380 1238.9
1130390 1238.9
1130400 1240.2
1130410 1241.3
1130420 1243.8
1130430 1245.4
1130440 1248.1
1130450 1249.8
1130460 1249.8
1130470 1252.2
1130480 1255.0
1130490 1255.0
1130500 1257.4
1130510 1259.9
1130520 1259.9
1130530 1262.0
1130540 1265.0
1130550 1265.0
1130560 1267.6
1130570 1269.4
1130580 1269.4
1130590 1271.1
1130600 1272.7
1130610 1272.7
1130620 1273.8
1130630 1273.8
1130640 1273.8
1130650 1272.0
1130660 1270.6
1130670 1270.6
1130680 1272.7
1130690 1272.8
1130700 1272.8
1130710 1273.0
1130720 1273.9
1130730 1273.9
1130740 1275.7
1130750 1277.9
1130760 1279.4
1130770 1279.4
1130780 1282.9
1130790 1284.0
1130800 1284.0
1130810 1285.6
1130820 1287.5
1130830 1287.5
1130840 1289.7
1130850 1291.7
1130860 1291.7
1130870 1293.7
1130880 1295.4
1130890 1295.4
1130900 1296.7
1130910 1297.8
1130920 1297.8
1130930 1298.7
1130940 1299.3
1130950 1299.3
1130960 1299.2
1130970 1298.7
1130980 1298.7
1130990 1297.2
1131000 1295.5
1131010 1295.5
1131020 1294.2
1131030 1292.2
1131040 1289.6
1131050 1289.6
1131060 1286.3
1131070 1283.2
1131080 1283.2
1131090 1280.2
1131100 1277.9
1131110 1277.9
1131120 1275.0
1131130 1271.6
1131140 1271.7
1131150 1269.5
1131160 1267.3
1131170 1267.3
1131180 1264.5
1131190 1261.7
1131200 1261.7
1131210 1258.9
1131220 1256.5
1131230 1256.5
1131240 1253.7
1131250 1250.7
1131260 1250.7
1131270 1247.4
1131280 1244.9
1131290 1244.9
1131300 1240.3
1131310 1236.7
1131320 1236.7
1131330 1233.6
1131340 1231.4
1131350 1228.8
1131360 1228.8
1131370 1225.6
1131380 1222.6
1131390 1222.6
1131400 1219.8
1131410 1217.4
1131420 1217.4
1131430 1215.0
1131440 1212.6
1131450 1212.6
1131460 1210.4
1131470 1208.1
1131480 1208.1
1131490 1205.7
1131500 1203.2
1131510 1203.2
1131520 1201.7
1131530 1200.5
1131540 1200.5
1131550 1198.5
1131560 1196.5
1131570 1196.5
1131580 1194.5
1131590 1192.8
1131600 1192.8
1131610 1191.7
1131620 1190.0
1131630 1188.4
1131640 1188.4
1131650 1186.7
1131660 1183.7
1131670 1183.7
1131680 1179.1
1131690 1175.6
1131700 1175.6
1131710 1172.4
1131720 1172.5
1131730 1172.5
1131740 1172.9
1131750 1170.6
1131760 1170.6
1131770 1166.8
1131780 1163.2
1131790 1163.2
1131800 1158.9
1131810 1154.3
1131820 1154.3
1131830 1149.8
1131840 1146.5
1131850 1146.5
1131860 1144.5
1131870 1143.2
1131880 1143.2
1131890 1141.2
1131900 1139.3
1131910 1139.3
1131920 1137.7
1131930 1134.4
1131940 1130.5
1131950 1130.5
1131960 1127.0
1131970 1124.2
1131980 1124.2
1131990 1121.9
1132000 1120.5
1132010 1120.5
1132020 1119.2
1132030 1117.6
1132040 1117.6
1132050 1115.7
1132060 1113.8
1132070 1113.8
1132080 1110.8
1132090 1108.6
1132100 1108.6
1132110 1107.2
1132120 1106.6
1132130 1106.6
1132140 1106.5
1132150 1106.4
1132160 1106.4
1132170 1105.7
1132180 1103.1
1132190 1103.1
1132200 1099.2
1132210 1096.3
1132220 1094.0
1132230 1095.8
1132240 1091.9
1132250 1087.1
1132260 1087.1
1132270 1080.3
1132280 1074.2
1132290 1074.2
1132300 1070.1
1132310 1064.7
1132320 1064.7
1132330 1059.8
1132340 1056.8
1132350 1056.8
1132360 1054.7
1132370 1053.0
1132380 1053.0
1132390 1051.8
1132400 1051.5
1132410 1051.5
1132420 1051.3
1132430 1050.8
1132440 1050.8
1132450 1050.3
1132460 1050.1
1132470 1050.1
1132480 1048.7
1132490 1046.9
1132500 1046.9
1132510 1047.6
1132520 1050.4
1132530 1050.0
1132540 1050.0
1132550 1049.8
1132560 1050.2
1132570 1050.2
1132580 1052.1
1132590 1060.8
1132600 1060.8
1132610 1065.7
1132620 1069.8
1132630 1069.8
1132640 1070.9
1132650 1071.5
1132660 1071.5
1132670 1071.2
1132680 1071.1
1132690 1071.1
1132700 1071.6
1132710 1071.8
1132720 1071.8
1132730 1071.6
1132740 1071.4
1132750 1071.4
1132760 1071.2
1132770 1070.9
1132780 1070.9
1132790 1070.7
1132800 1070.4
1132810 1069.8
1132820 1069.8
1132830 1069.9
1132840 1071.3
1132850 1071.3
1132860 1074.1
1132870 1077.1
1132880 1077.1
1132890 1080.1
1132900 1083.2
1132910 1083.2
1132920 1086.8
1132930 1091.2
1132940 1091.2
1132950 1099.8
1132960 1103.3
1132970 1103.3
1132980 1106.4
1132990 1109.6
1133000 1109.6
1133010 1112.0
1133020 1114.4
1133030 1114.4
1133040 1117.3
1133050 1119.9
1133060 1119.9
1133070 1122.5
1133080 1126.4
1133090 1126.4
1133100 1129.6
1133110 1133.1
1133120 1136.9
1133130 1136.9
1133140 1141.1
1133150 1145.4
1133160 1145.4
1133170 1148.5
1133180 1153.8
1133190 1153.8
1133200 1157.1
1133210 1160.6
1133220 1160.6
1133230 1163.0
1133240 1166.0
1133250 1166.0
1133260 1169.8
1133270 1174.0
1133280 1174.0
1133290 1179.1
1133300 1183.5
1133310 1183.5
1133320 1192.7
1133330 1195.8
1133340 1195.8
1133350 1199.7
1133360 1206.7
1133370 1206.7
1133380 1213.7
1133390 1220.1
1133400 1226.9
1133410 1226.9
1133420 1236.1
1133430 1244.9
1133440 1244.9
1133450 1251.3
1133460 1257.1
1133470 1257.1
1133480 1262.6
1133490 1267.8
1133500 1267.8
1133510 1273.0
1133520 1277.9
1133530 1277.9
1133540 1283.1
1133550 1289.1
1133560 1289.1
1133570 1296.0
1133580 1302.8
1133590 1302.8
1133600 1309.3
1133610 1316.3
1133620 1316.3
1133630 1324.9
1133640 1333.8
1133650 1333.8
1133660 1340.8
1133670 1347.1
1133680 1356.4
1133690 1367.0
1133700 1378.4
1133710 1389.1
1133720 1389.1
1133730 1397.5
1133740 1403.0
1133750 1403.0
1133760 1407.3
1133770 1411.5
1133780 1411.5
1133790 1415.7
1133800 1420.1
1133810 1420.1
1133820 1425.7
1133830 1431.9
1133840 1431.9
1133850 1437.3
1133860 1439.5
1133870 1439.5
1133880 1439.1
1133890 1437.6
1133900 1437.6
1133910 1439.0
1133920 1438.4
1133930 1438.4
1133940 1435.8
1133950 1432.0
1133960 1432.0
1133970 1426.5
1133980 1420.3
1133990 1414.5
1134000 1414.5
1134010 1408.9
1134020 1403.1
1134030 1403.1
1134040 1400.6
1134050 1396.4
1134060 1396.4
1134070 1391.6
1134080 1385.8
1134090 1385.8
1134100 1380.2
1134110 1373.9
1134120 1373.9
1134130 1366.7
1134140 1361.6
1134150 1361.6
1134160 1359.2
1134170 1356.8
1134180 1356.8
1134190 1352.1
1134200 1346.3
1134210 1346.3
1134220 1338.0
1134230 1332.2
1134240 1332.2
1134250 1332.9
1134260 1342.1
1134270 1342.1
1134280 1349.5
1134290 1355.9
1134300 1365.2
1134310 1365.2
1134320 1372.5
1134330 1379.7
1134340 1379.7
1134350 1381.3
1134360 1385.3
1134370 1385.3
1134380 1392.3
1134390 1399.1
1134400 1399.1
1134410 1404.5
1134420 1411.8
1134430 1411.8
1134440 1420.5
1134450 1428.6
1134460 1428.6
1134470 1436.2
1134480 1443.6
1134490 1443.6
1134500 1449.0
1134510 1457.6
1134520 1457.6
1134530 1465.2
1134540 1472.1
1134550 1472.1
1134560 1479.3
1134570 1486.6
1134580 1492.0
1134590 1492.0
1134600 1498.5
1134610 1503.7
1134620 1503.7
1134630 1509.7
1134640 1516.7
1134650 1516.7
1134660 1523.4
1134670 1530.3
1134680 1530.3
1134690 1536.1
1134700 1541.3
1134710 1541.3
1134720 1547.8
1134730 1553.0
1134740 1553.0
1134750 1557.9
1134760 1564.0
1134770 1574.8
1134780 1577.0
1134790 1581.7
1134800 1581.7
1134810 1586.7
1134820 1594.0
1134830 1594.0
1134840 1601.8
1134850 1609.9
1134860 1609.9
1134870 1617.2
1134880 1625.2
1134890 1632.9
1134900 1632.9
1134910 1640.4
1134920 1647.8
1134930 1647.8
1134940 1655.2
1134950 1662.5
1134960 1662.5
1134970 1669.3
1134980 1676.1
1134990 1676.1
1135000 1683.3
1135010 1690.1
1135020 1690.1
1135030 1697.2
1135040 1704.7
1135050 1704.7
1135060 1712.4
1135070 1719.4
1135080 1719.4
1135090 1726.8
1135100 1733.9
1135110 1733.9
1135120 1740.9
1135130 1747.0
1135140 1747.0
1135150 1753.7
1135160 1760.3
1135170 1766.9
1135180 1766.9
1135190 1773.7
1135200 1780.1
1135210 1780.1
1135220 1786.9
1135230 1793.5
1135240 1793.5
1135250 1800.3
1135260 1806.6
1135270 1806.6
1135280 1813.3
1135290 1819.9
1135300 1819.9
1135310 1826.3
1135320 1832.2
1135330 1832.2
1135340 1837.9
1135350 1843.5
1135360 1843.5
1135370 1847.7
1135380 1849.9
1135390 1849.9
1135400 1852.3
1135410 1855.0
1135420 1855.0
1135430 1856.1
1135440 1851.5
1135450 1844.3
1135460 1844.3
1135470 1836.6
1135480 1828.8
1135490 1828.8
1135500 1821.3
1135510 1813.3
1135520 1813.3
1135530 1805.1
1135540 1797.3
1135550 1797.3
1135560 1788.4
1135570 1778.7
1135580 1778.7
1135590 1770.4
1135600 1762.9
1135610 1762.9
1135620 1755.6
1135630 1747.4
1135640 1747.4
1135650 1740.0
1135660 1733.3
1135670 1733.3
1135680 1726.4
1135690 1719.5
1135700 1719.5
1135710 1712.3
1135720 1705.1
1135730 1705.1
1135740 1698.1
1135750 1690.7
1135760 1685.4
1135770 1685.4
1135780 1681.3
1135790 1676.4
1135800 1676.4
1135810 1670.0
1135820 1663.8
1135830 1663.8
1135840 1659.0
1135850 1653.3
1135860 1654.1
1135870 1649.2
1135880 1644.0
1135890 1644.0
1135900 1638.3
1135910 1633.5
1135920 1633.5
1135930 1628.2
1135940 1623.1
1135950 1623.1
1135960 1618.5
1135970 1613.8
1135980 1613.8
1135990 1609.4
1136000 1605.2
1136010 1605.2
1136020 1601.2
1136030 1597.9
1136040 1595.4
1136050 1595.4
1136060 1592.6
1136070 1587.9
1136080 1587.9
1136090 1581.7
1136100 1574.7
1136110 1574.7
1136120 1571.0
1136130 1574.0
1136140 1574.0
1136150 1578.9
1136160 1585.8
1136170 1585.8
1136180 1590.7
1136190 1592.7
1136200 1592.7
1136210 1594.5
1136220 1596.5
1136230 1598.1
1136240 1601.0
1136250 1604.1
1136260 1604.1
1136270 1607.7
1136280 1610.5
1136290 1610.5
1136300 1614.0
1136310 1617.8
1136320 1617.8
1136330 1621.3
1136340 1624.6
1136350 1628.8
1136360 1628.8
1136370 1633.8
1136380 1639.8
1136390 1639.8
1136400 1646.2
1136410 1652.6
1136420 1652.6
1136430 1658.9
1136440 1664.7
1136450 1664.7
1136460 1670.1
1136470 1675.8
1136480 1675.8
1136490 1682.4
1136500 1690.8
1136510 1690.8
1136520 1699.2
1136530 1707.6
1136540 1707.6
1136550 1715.7
1136560 1723.3
1136570 1723.3
1136580 1730.8
1136590 1737.6
1136600 1739.0
1136610 1746.4
1136620 1753.2
1136630 1760.1
1136640 1760.1
1136650 1766.7
1136660 1774.0
1136670 1774.0
1136680 1781.5
1136690 1788.9
1136700 1788.9
1136710 1796.5
1136720 1804.1
1136730 1804.1
1136740 1811.5
1136750 1820.3
1136760 1820.3
1136770 1830.3
1136780 1840.3
1136790 1840.3
1136800 1850.2
1136810 1863.8
1136820 1863.8
1136830 1871.3
1136840 1877.0
1136850 1877.0
1136860 1883.0
1136870 1889.4
1136880 1889.4
1136890 1896.1
1136900 1902.8
1136910 1902.8
1136920 1908.7
1136930 1912.7
1136940 1915.8
1136950 1915.8
1136960 1920.9
1136970 1922.3
1136980 1922.3
1136990 1922.6
1137000 1921.8
1137010 1921.8
1137020 1920.2
1137030 1918.3
1137040 1918.3
1137050 1915.9
1137060 1913.4
1137070 1913.4
1137080 1912.1
1137090 1910.9
1137100 1910.9
1137110 1909.7
1137120 1909.9
1137130 1909.9
1137140 1910.3
1137150 1910.0
1137160 1910.0
1137170 1908.4
1137180 1905.4
1137190 1905.4
1137200 1902.7
1137210 1901.4
1137220 1900.1
1137230 1900.1
1137240 1898.8
1137250 1898.2
1137260 1898.2
1137270 1897.9
1137280 1896.7
1137290 1896.7
1137300 1892.4
1137310 1888.0
1137320 1888.0
1137330 1880.7
1137340 1875.9
1137350 1875.9
1137360 1873.0
1137370 1871.6
1137380 1871.6
1137390 1870.9
