1120000 1567.1
1120010 1576.0
1120020 1576.0
1120030 1579.0
1120040 1584.0
1120050 1584.0
1120060 1592.0
1120070 1601.2
1120080 1601.2
1120090 1608.9
1120100 1616.8
1120110 1616.8
1120120 1625.3
1120130 1632.3
1120140 1640.0
1120150 1640.0
1120160 1651.1
1120170 1664.8
1120180 1664.8
1120190 1678.4
1120200 1697.3
1120210 1697.3
1120220 1706.7
1120230 1712.8
1120240 1712.8
1120250 1723.8
1120260 1729.0
1120270 1729.0
1120280 1736.2
1120290 1742.2
1120300 1742.2
1120310 1748.5
1120320 1754.8
1120330 1754.8
1120340 1762.7
1120350 1771.7
1120360 1771.7
1120370 1779.1
1120380 1786.6
1120390 1786.6
1120400 1794.1
1120410 1800.9
1120420 1807.0
1120430 1807.0
1120440 1813.4
1120450 1819.7
1120460 1819.7
1120470 1827.0
1120480 1835.0
1120490 1835.0
1120500 1842.8
1120510 1849.8
1120520 1849.8
1120530 1856.2
1120540 1863.5
1120550 1863.5
1120560 1871.1
1120570 1878.5
1120580 1878.5
1120590 1885.3
1120600 1895.4
1120610 1895.4
1120620 1903.4
1120630 1911.1
1120640 1911.1
1120650 1918.3
1120660 1926.5
1120670 1926.5
1120680 1935.5
1120690 1944.0
1120700 1944.0
1120710 1952.3
1120720 1960.8
1120730 1969.3
1120740 1969.3
1120750 1977.4
1120760 1985.7
1120770 1985.7
1120780 1992.9
1120790 1998.7
1120800 1998.7
1120810 2001.5
1120820 2002.2
1120830 2002.2
1120840 2002.4
1120850 2002.5
1120860 2002.5
1120870 2002.2
1120880 2001.6
1120890 2001.6
1120900 2000.5
1120910 1997.4
1120920 1997.4
1120930 1992.8
1120940 1989.0
1120950 1984.1
1120960 1981.1
1120970 1979.2
1120980 1979.2
1120990 1976.2
1121000 1971.8
1121010 1969.7
1121020 1969.7
1121030 1970.7
1121040 1970.0
1121050 1970.0
1121060 1967.4
1121070 1963.9
1121080 1963.9
1121090 1960.3
1121100 1957.0
1121110 1957.0
1121120 1954.7
1121130 1955.2
1121140 1955.2
1121150 1955.3
1121160 1952.9
1121170 1952.9
1121180 1951.0
1121190 1953.6
1121200 1953.6
1121210 1954.9
1121220 1954.3
1121230 1954.3
1121240 1953.0
1121250 1951.4
1121260 1951.4
1121270 1950.5
1121280 1949.4
1121290 1949.4
1121300 1944.7
1121310 1945.3
1121320 1947.8
1121330 1947.8
1121340 1948.4
1121350 1948.3
1121360 1948.3
1121370 1951.3
1121380 1955.0
1121390 1955.0
1121400 1958.6
1121410 1962.3
1121420 1962.3
1121430 1966.6
1121440 1971.5
1121450 1971.5
1121460 1976.3
1121470 1981.2
1121480 1981.2
1121490 1985.5
1121500 1988.4
1121510 1988.4
1121520 1990.8
1121530 1991.6
1121540 1991.6
1121550 1987.9
1121560 1979.9
1121570 1979.9
1121580 1971.2
1121590 1964.8
1121600 1961.4
1121610 1961.4
1121620 1956.9
1121630 1952.0
1121640 1952.0
1121650 1961.2
1121660 1959.2
1121670 1959.2
1121680 1953.1
1121690 1945.8
1121700 1945.8
1121710 1936.1
1121720 1928.1
1121730 1928.1
1121740 1922.7
1121750 1919.3
1121760 1919.3
1121770 1916.7
1121780 1912.9
1121790 1912.9
1121800 1907.8
1121810 1902.8
1121820 1902.8
1121830 1898.8
1121840 1896.6
1121850 1896.6
1121860 1895.7
1121870 1896.0
1121880 1896.0
1121890 1896.9
1121900 1898.8
1121910 1897.8
1121920 1897.8
1121930 1894.3
1121940 1890.1
1121950 1890.1
1121960 1887.2
1121970 1884.5
1121980 1884.5
1121990 1882.1
1122000 1879.0
1122010 1878.7
1122020 1875.2
1122030 1876.0
1122040 1876.0
1122050 1877.0
1122060 1874.4
1122070 1874.4
1122080 1870.7
1122090 1867.9
1122100 1867.9
1122110 1865.8
1122120 1863.3
1122130 1863.3
1122140 1862.8
1122150 1861.0
1122160 1861.0
1122170 1858.5
1122180 1855.7
1122190 1852.3
1122200 1852.3
1122210 1848.4
1122220 1843.4
1122230 1843.4
1122240 1838.5
1122250 1833.8
1122260 1833.8
1122270 1829.7
1122280 1825.2
1122290 1825.2
1122300 1820.6
1122310 1816.5
1122320 1816.5
1122330 1813.3
1122340 1809.8
1122350 1809.8
1122360 1807.1
1122370 1804.9
1122380 1804.9
1122390 1804.4
1122400 1803.0
1122410 1803.0
1122420 1800.5
1122430 1798.2
1122440 1798.2
1122450 1797.9
1122460 1798.9
1122470 1798.9
1122480 1799.3
1122490 1800.0
1122500 1798.9
1122510 1798.9
1122520 1797.1
1122530 1794.8
1122540 1794.8
1122550 1791.8
1122560 1789.9
1122570 1789.9
1122580 1788.8
1122590 1788.2
1122600 1788.2
1122610 1787.5
1122620 1786.5
1122630 1786.5
1122640 1784.9
1122650 1783.6
1122660 1783.6
1122670 1782.5
1122680 1781.3
1122690 1781.3
1122700 1779.1
1122710 1777.0
1122720 1777.0
1122730 1774.3
1122740 1771.9
1122750 1771.9
1122760 1769.7
1122770 1768.5
1122780 1768.4
1122790 1768.4
1122800 1766.8
1122810 1764.4
1122820 1764.4
1122830 1761.9
1122840 1761.0
1122850 1761.0
1122860 1759.9
1122870 1758.5
1122880 1758.5
1122890 1756.7
1122900 1754.2
1122910 1754.2
1122920 1751.5
1122930 1748.7
1122940 1748.7
1122950 1746.0
1122960 1741.9
1122970 1741.9
1122980 1739.8
1122990 1737.7
1123000 1737.7
1123010 1735.4
1123020 1733.0
1123030 1733.0
1123040 1730.7
1123050 1728.3
1123060 1728.7
1123070 1725.8
1123080 1723.4
1123090 1721.0
1123100 1721.0
1123110 1718.8
1123120 1716.5
1123130 1716.5
1123140 1714.4
1123150 1711.5
1123160 1711.5
1123170 1710.2
1123180 1706.5
1123190 1706.5
1123200 1704.2
1123210 1701.9
1123220 1701.9
1123230 1699.2
1123240 1697.1
1123250 1697.1
1123260 1695.5
1123270 1693.9
1123280 1693.9
1123290 1691.1
1123300 1689.0
1123310 1689.0
1123320 1688.0
1123330 1687.5
1123340 1687.5
1123350 1686.3
1123360 1683.6
1123370 1680.7
1123380 1680.7
1123390 1677.4
1123400 1673.9
1123410 1673.9
1123420 1671.9
1123430 1668.7
1123440 1668.7
1123450 1665.7
1123460 1662.8
1123470 1662.8
1123480 1660.0
1123490 1657.4
1123500 1657.4
1123510 1654.9
1123520 1653.0
1123530 1653.0
1123540 1651.1
1123550 1649.3
1123560 1649.3
1123570 1646.8
1123580 1643.5
1123590 1643.5
1123600 1640.2
1123610 1636.7
1123620 1636.7
1123630 1633.4
1123640 1630.6
1123650 1630.6
1123660 1627.6
1123670 1624.5
1123680 1621.8
1123690 1621.8
1123700 1618.6
1123710 1615.3
1123720 1615.3
1123730 1612.5
1123740 1609.2
1123750 1609.2
1123760 1605.5
1123770 1601.8
1123780 1601.8
1123790 1598.8
1123800 1595.9
1123810 1595.9
1123820 1592.8
1123830 1589.9
1123840 1589.9
1123850 1586.6
1123860 1584.5
1123870 1584.5
1123880 1584.0
1123890 1584.4
1123900 1584.4
1123910 1585.2
1123920 1585.6
1123930 1585.6
1123940 1585.0
1123950 1584.5
1123960 1583.8
1123970 1583.8
1123980 1584.2
1123990 1584.9
1124000 1584.9
1124010 1585.1
1124020 1582.7
1124030 1582.7
1124040 1579.2
1124050 1579.6
1124060 1579.6
1124070 1580.3
1124080 1580.0
1124090 1580.0
1124100 1581.0
1124110 1582.3
1124120 1577.4
1124130 1579.6
1124140 1581.9
1124150 1581.9
1124160 1583.0
1124170 1583.6
1124180 1583.6
1124190 1584.8
1124200 1586.5
1124210 1586.5
1124220 1590.3
1124230 1590.6
1124240 1590.6
1124250 1590.2
1124260 1590.7
1124270 1591.2
1124280 1591.2
1124290 1593.0
1124300 1595.2
1124310 1595.2
1124320 1597.1
1124330 1598.1
1124340 1598.1
1124350 1598.5
1124360 1598.4
1124370 1598.4
1124380 1599.7
1124390 1604.3
1124400 1604.3
1124410 1609.4
1124420 1611.5
1124430 1611.5
1124440 1612.4
1124450 1614.0
1124460 1614.0
1124470 1615.1
1124480 1608.2
1124490 1608.2
1124500 1608.9
1124510 1609.5
1124520 1609.5
1124530 1609.5
1124540 1610.0
1124550 1610.7
1124560 1610.7
1124570 1612.2
1124580 1613.9
1124590 1613.9
1124600 1617.2
1124610 1621.5
1124620 1621.5
1124630 1625.1
1124640 1628.1
1124650 1628.1
1124660 1631.2
1124670 1633.0
1124680 1633.0
1124690 1635.8
1124700 1635.4
1124710 1635.4
1124720 1635.8
1124730 1642.6
1124740 1642.6
1124750 1644.7
1124760 1644.7
1124770 1644.7
1124780 1648.4
1124790 1646.3
1124800 1646.3
1124810 1647.0
1124820 1648.5
1124830 1642.0
1124840 1643.7
1124850 1643.2
1124860 1642.9
1124870 1642.9
1124880 1643.5
1124890 1644.8
1124900 1644.8
1124910 1649.0
1124920 1652.3
1124930 1652.3
1124940 1655.2
1124950 1658.5
1124960 1658.5
1124970 1661.3
1124980 1663.0
1124990 1663.0
1125000 1659.9
1125010 1656.0
1125020 1656.0
1125030 1654.1
1125040 1654.0
1125050 1654.0
1125060 1651.8
1125070 1649.7
1125080 1649.7
1125090 1650.3
1125100 1651.9
1125110 1651.9
1125120 1654.2
1125130 1656.5
1125140 1655.9
1125150 1655.9
1125160 1655.4
1125170 1655.7
1125180 1645.9
1125190 1647.7
1125200 1649.5
1125210 1649.5
1125220 1650.7
1125230 1652.7
1125240 1652.7
1125250 1654.0
1125260 1662.0
1125270 1662.0
1125280 1667.7
1125290 1667.6
1125300 1667.6
1125310 1667.8
1125320 1671.1
1125330 1671.1
1125340 1674.6
1125350 1677.7
1125360 1677.7
1125370 1680.8
1125380 1684.5
1125390 1684.5
1125400 1687.3
1125410 1689.4
1125420 1689.4
1125430 1692.1
1125440 1697.3
1125450 1702.6
1125460 1702.6
1125470 1706.3
1125480 1707.8
1125490 1707.8
1125500 1708.0
1125510 1709.2
1125520 1709.2
1125530 1712.1
1125540 1710.5
1125550 1710.5
1125560 1712.4
1125570 1712.8
1125580 1712.8
1125590 1713.1
1125600 1712.9
1125610 1712.9
1125620 1713.2
1125630 1713.0
1125640 1713.0
1125650 1715.1
1125660 1718.1
1125670 1718.1
1125680 1720.6
1125690 1722.7
1125700 1722.7
1125710 1724.5
1125720 1725.3
1125730 1726.1
1125740 1726.1
1125750 1726.2
1125760 1724.7
1125770 1724.7
1125780 1724.1
1125790 1723.1
1125800 1723.1
1125810 1720.9
1125820 1718.2
1125830 1718.2
1125840 1718.7
1125850 1721.8
1125860 1721.8
1125870 1724.8
1125880 1727.2
1125890 1723.4
1125900 1725.4
1125910 1726.7
1125920 1726.7
1125930 1727.0
1125940 1727.4
1125950 1727.4
1125960 1727.8
1125970 1727.8
1125980 1727.8
1125990 1727.5
1126000 1726.9
1126010 1726.0
1126020 1726.0
1126030 1724.7
1126040 1724.2
1126050 1724.2
1126060 1723.9
1126070 1724.3
1126080 1724.3
1126090 1725.8
1126100 1726.4
1126110 1726.4
1126120 1727.1
1126130 1729.3
1126140 1729.3
1126150 1732.2
1126160 1731.7
1126170 1731.7
1126180 1732.4
1126190 1733.8
1126200 1733.8
1126210 1735.4
1126220 1737.0
1126230 1737.0
1126240 1736.1
1126250 1729.0
1126260 1729.0
1126270 1729.3
1126280 1730.1
1126290 1730.1
1126300 1728.6
1126310 1727.3
1126320 1727.1
1126330 1727.1
1126340 1726.7
1126350 1727.2
1126360 1727.2
1126370 1727.2
1126380 1728.1
1126390 1728.1
1126400 1727.2
1126410 1726.4
1126420 1726.4
1126430 1725.9
1126440 1725.7
1126450 1725.7
1126460 1725.6
1126470 1723.7
1126480 1723.7
1126490 1721.8
1126500 1720.8
1126510 1720.8
1126520 1721.8
1126530 1720.4
1126540 1720.4
1126550 1715.6
1126560 1710.2
1126570 1710.2
1126580 1703.9
1126590 1698.5
1126600 1694.4
1126610 1691.5
1126620 1687.1
1126630 1689.5
1126640 1689.5
1126650 1685.2
1126660 1674.9
1126670 1674.9
1126680 1669.2
1126690 1664.1
1126700 1664.1
1126710 1659.4
1126720 1653.3
1126730 1653.3
1126740 1652.4
1126750 1648.6
1126760 1648.6
1126770 1639.1
1126780 1634.3
1126790 1634.3
1126800 1633.3
1126810 1635.5
1126820 1635.5
1126830 1636.1
1126840 1635.6
1126850 1635.6
1126860 1635.5
1126870 1632.1
1126880 1632.1
1126890 1628.2
1126900 1623.3
1126910 1618.6
1126920 1618.6
1126930 1616.5
1126940 1613.7
1126950 1613.7
1126960 1604.2
1126970 1599.8
1126980 1599.8
1126990 1595.6
1127000 1591.3
1127010 1591.3
1127020 1584.9
1127030 1580.3
1127040 1580.3
1127050 1576.0
1127060 1572.2
1127070 1572.2
1127080 1570.2
1127090 1568.2
1127100 1568.2
1127110 1565.3
1127120 1561.8
1127130 1561.8
1127140 1558.6
1127150 1554.5
1127160 1554.5
1127170 1550.4
1127180 1546.4
1127190 1542.1
1127200 1542.1
1127210 1537.7
1127220 1533.2
1127230 1533.2
1127240 1529.0
1127250 1525.2
1127260 1525.2
1127270 1521.5
1127280 1518.5
1127290 1518.5
1127300 1516.4
1127310 1515.3
1127320 1515.4
1127330 1514.6
1127340 1514.0
1127350 1514.0
1127360 1512.4
1127370 1510.9
1127380 1510.9
1127390 1509.6
1127400 1505.7
1127410 1505.7
1127420 1500.8
1127430 1496.5
1127440 1496.5
1127450 1492.0
1127460 1487.2
1127470 1487.2
1127480 1482.7
1127490 1478.0
1127500 1473.2
1127510 1473.2
1127520 1469.3
1127530 1465.7
1127540 1465.7
1127550 1462.2
1127560 1458.9
1127570 1458.9
1127580 1455.8
1127590 1452.2
1127600 1452.2
1127610 1448.4
1127620 1444.8
1127630 1444.8
1127640 1440.9
1127650 1436.6
1127660 1436.6
1127670 1432.2
1127680 1426.2
1127690 1426.2
1127700 1421.2
1127710 1417.2
1127720 1417.2
1127730 1412.3
1127740 1407.9
1127750 1407.9
1127760 1403.7
1127770 1400.1
1127780 1398.3
1127790 1398.3
1127800 1395.2
1127810 1390.7
1127820 1390.7
1127830 1386.8
1127840 1384.6
1127850 1384.6
1127860 1381.9
1127870 1377.6
1127880 1377.6
1127890 1372.7
1127900 1368.3
1127910 1368.3
1127920 1364.4
1127930 1360.6
1127940 1360.6
1127950 1357.1
1127960 1354.3
1127970 1354.3
1127980 1351.4
1127990 1348.0
1128000 1348.0
1128010 1344.5
1128020 1341.5
1128030 1341.1
1128040 1338.2
1128050 1335.5
1128060 1335.5
1128070 1332.6
1128080 1330.5
1128090 1331.4
1128100 1331.4
1128110 1332.0
1128120 1332.0
1128130 1332.0
1128140 1331.9
1128150 1331.6
1128160 1331.6
1128170 1331.4
1128180 1330.8
1128190 1330.8
1128200 1329.5
1128210 1327.9
1128220 1327.9
1128230 1325.4
1128240 1322.7
1128250 1322.7
1128260 1320.2
1128270 1317.5
1128280 1317.5
1128290 1314.9
1128300 1311.3
1128310 1311.3
1128320 1311.8
1128330 1313.3
1128340 1313.3
1128350 1314.1
1128360 1313.3
1128370 1313.6
1128380 1313.6
1128390 1312.7
1128400 1314.5
1128410 1314.5
1128420 1315.9
1128430 1316.8
1128440 1316.8
1128450 1317.2
1128460 1317.5
1128470 1317.5
1128480 1317.7
1128490 1317.8
1128500 1317.8
1128510 1317.7
1128520 1317.1
1128530 1317.1
1128540 1316.9
1128550 1316.9
1128560 1316.9
1128570 1316.1
1128580 1314.9
1128590 1314.9
1128600 1313.4
1128610 1311.9
1128620 1311.9
1128630 1310.7
1128640 1309.8
1128650 1309.8
1128660 1309.5
1128670 1309.5
1128680 1308.3
1128690 1308.3
1128700 1307.3
1128710 1306.7
1128720 1306.7
1128730 1305.8
1128740 1304.8
1128750 1302.4
1128760 1301.9
1128770 1301.2
1128780 1301.2
1128790 1299.8
1128800 1297.7
1128810 1297.7
1128820 1295.6
1128830 1293.8
1128840 1293.8
1128850 1292.2
1128860 1290.6
1128870 1290.6
1128880 1289.3
1128890 1287.9
1128900 1287.9
1128910 1286.9
1128920 1286.0
1128930 1286.0
1128940 1285.0
1128950 1283.7
1128960 1283.4
1128970 1283.4
1128980 1283.7
1128990 1284.2
1129000 1284.2
1129010 1284.2
1129020 1284.3
1129030 1284.3
1129040 1283.4
1129050 1282.8
1129060 1282.8
1129070 1280.7
1129080 1280.1
1129090 1280.1
1129100 1281.0
1129110 1283.4
1129120 1283.4
1129130 1284.9
1129140 1287.6
1129150 1287.6
1129160 1288.7
1129170 1288.6
1129180 1288.6
1129190 1289.0
1129200 1288.9
1129210 1288.9
1129220 1289.4
1129230 1289.5
1129240 1289.5
1129250 1289.8
1129260 1289.3
1129270 1288.3
1129280 1288.3
1129290 1287.8
1129300 1288.1
1129310 1288.1
1129320 1288.1
1129330 1288.4
1129340 1288.4
1129350 1288.0
1129360 1285.8
1129370 1285.8
1129380 1285.6
1129390 1285.8
1129400 1285.8
1129410 1286.9
1129420 1286.6
1129430 1286.6
1129440 1285.2
1129450 1284.3
1129460 1284.3
1129470 1281.1
1129480 1280.1
1129490 1280.1
1129500 1278.8
1129510 1276.9
1129520 1276.9
1129530 1275.3
1129540 1273.7
1129550 1273.3
1129560 1273.3
1129570 1273.5
1129580 1274.9
1129590 1274.9
1129600 1275.4
1129610 1273.9
1129620 1273.9
1129630 1272.2
1129640 1266.7
1129650 1266.7
1129660 1261.3
1129670 1263.0
1129680 1263.0
1129690 1265.9
1129700 1266.3
1129710 1266.3
1129720 1265.0
1129730 1262.5
1129740 1262.5
1129750 1259.0
1129760 1254.2
1129770 1254.2
1129780 1249.9
1129790 1246.7
1129800 1246.7
1129810 1244.9
1129820 1245.1
1129830 1244.3
1129840 1243.8
1129850 1239.9
1129860 1235.3
1129870 1235.3
1129880 1234.5
1129890 1236.0
1129900 1236.0
1129910 1239.9
1129920 1240.7
1129930 1240.7
1129940 1242.7
1129950 1244.5
1129960 1244.5
1129970 1246.8
1129980 1248.9
1129990 1248.9
1130000 1251.4
1130010 1254.2
1130020 1254.2
1130030 1255.7
1130040 1259.1
1130050 1259.1
1130060 1262.2
1130070 1264.8
1130080 1264.8
1130090 1267.0
1130100 1269.8
1130110 1269.8
1130120 1274.0
1130130 1279.2
1130140 1285.0
1130150 1285.0
1130160 1290.4
1130170 1293.6
1130180 1293.6
1130190 1301.7
1130200 1304.8
1130210 1304.8
1130220 1308.0
1130230 1311.4
1130240 1311.4
1130250 1314.5
1130260 1316.9
1130270 1316.9
1130280 1319.6
1130290 1321.6
1130300 1321.6
1130310 1323.2
1130320 1323.7
1130330 1323.7
1130340 1322.9
1130350 1322.9
1130360 1322.9
1130370 1322.8
1130380 1323.9
1130390 1323.9
1130400 1326.4
1130410 1328.6
1130420 1330.7
1130430 1330.7
1130440 1332.2
1130450 1332.9
1130460 1332.9
1130470 1332.7
1130480 1333.2
1130490 1333.2
1130500 1333.2
1130510 1332.6
1130520 1332.6
1130530 1331.4
1130540 1329.9
1130550 1331.1
1130560 1329.4
1130570 1328.2
1130580 1328.2
1130590 1327.4
1130600 1326.8
1130610 1326.8
1130620 1325.9
1130630 1325.3
1130640 1325.3
1130650 1324.7
1130660 1324.2
1130670 1324.2
1130680 1324.2
1130690 1324.2
1130700 1324.2
1130710 1323.9
1130720 1324.0
1130730 1323.7
1130740 1323.7
1130750 1323.1
1130760 1321.7
1130770 1321.7
1130780 1319.8
1130790 1318.4
1130800 1318.4
1130810 1316.8
1130820 1315.1
1130830 1315.1
1130840 1313.5
1130850 1312.4
1130860 1312.4
1130870 1310.8
1130880 1307.7
1130890 1307.7
1130900 1303.2
1130910 1297.7
1130920 1297.7
1130930 1294.5
1130940 1289.8
1130950 1289.8
1130960 1285.2
1130970 1280.6
1130980 1280.6
1130990 1275.5
1131000 1269.8
1131010 1267.0
1131020 1267.0
1131030 1264.7
1131040 1261.9
1131050 1261.9
1131060 1259.3
1131070 1256.9
1131080 1256.9
1131090 1253.6
1131100 1250.2
1131110 1250.2
1131120 1247.1
1131130 1242.8
1131140 1242.8
1131150 1238.6
1131160 1234.4
1131170 1234.4
1131180 1231.5
1131190 1230.6
1131200 1230.6
1131210 1229.5
1131220 1228.0
1131230 1228.0
1131240 1225.5
1131250 1221.3
1131260 1221.3
1131270 1216.0
1131280 1211.4
1131290 1211.4
1131300 1208.2
1131310 1205.9
1131320 1203.1
1131330 1203.1
1131340 1200.7
1131350 1198.8
1131360 1198.8
1131370 1197.1
1131380 1194.4
1131390 1194.4
1131400 1191.2
1131410 1188.4
1131420 1188.4
1131430 1186.6
1131440 1184.5
1131450 1184.5
1131460 1182.2
1131470 1179.7
1131480 1179.7
1131490 1176.8
1131500 1175.3
1131510 1175.3
1131520 1172.9
1131530 1170.4
1131540 1170.4
1131550 1167.2
1131560 1162.3
1131570 1162.3
1131580 1158.6
1131590 1156.5
1131600 1153.8
1131610 1153.8
1131620 1150.9
1131630 1146.6
1131640 1146.6
1131650 1144.6
1131660 1143.2
1131670 1143.2
1131680 1140.6
1131690 1137.7
1131700 1137.7
1131710 1135.3
1131720 1132.5
1131730 1132.5
1131740 1130.7
1131750 1128.5
1131760 1128.5
1131770 1126.4
1131780 1124.8
1131790 1124.8
1131800 1123.5
1131810 1121.5
1131820 1121.5
1131830 1118.2
1131840 1115.1
1131850 1115.1
1131860 1114.5
1131870 1114.2
1131880 1114.2
1131890 1113.3
1131900 1112.2
1131910 1111.3
1131920 1111.3
1131930 1109.7
1131940 1107.6
1131950 1107.6
1131960 1105.8
1131970 1103.4
1131980 1103.4
1131990 1100.3
1132000 1099.3
1132010 1099.3
1132020 1099.3
1132030 1098.9
1132040 1098.9
1132050 1096.6
1132060 1094.4
1132070 1094.4
1132080 1092.5
1132090 1091.9
1132100 1091.9
1132110 1090.9
1132120 1090.3
1132130 1090.3
1132140 1089.8
1132150 1089.4
1132160 1089.4
1132170 1089.1
1132180 1088.7
1132190 1087.5
1132200 1087.5
1132210 1082.6
1132220 1075.9
1132230 1075.9
1132240 1068.5
1132250 1059.7
1132260 1059.7
1132270 1052.8
1132280 1052.7
1132290 1052.7
1132300 1053.8
1132310 1055.6
1132320 1055.6
1132330 1055.9
1132340 1055.2
1132350 1055.4
1132360 1055.5
1132370 1057.0
1132380 1057.0
1132390 1059.1
1132400 1059.4
1132410 1059.4
1132420 1059.1
1132430 1058.7
1132440 1058.7
1132450 1058.6
1132460 1059.0
1132470 1059.0
1132480 1059.8
1132490 1060.3
1132500 1061.1
1132510 1061.1
1132520 1063.1
1132530 1066.2
1132540 1066.2
1132550 1069.5
1132560 1073.7
1132570 1073.7
1132580 1077.4
1132590 1082.0
1132600 1082.0
1132610 1090.8
1132620 1098.9
1132630 1098.9
1132640 1103.9
1132650 1106.5
1132660 1106.5
1132670 1109.7
1132680 1113.6
1132690 1113.6
1132700 1118.3
1132710 1125.3
1132720 1125.3
1132730 1131.3
1132740 1135.8
1132750 1135.8
1132760 1138.1
1132770 1140.2
1132780 1143.1
1132790 1143.1
1132800 1146.3
1132810 1149.4
1132820 1149.4
1132830 1151.6
1132840 1155.2
1132850 1155.2
1132860 1159.5
1132870 1163.8
1132880 1163.8
1132890 1169.7
1132900 1175.6
1132910 1175.6
1132920 1180.8
1132930 1185.6
1132940 1185.6
1132950 1190.4
1132960 1197.3
1132970 1197.3
1132980 1203.9
1132990 1210.0
1133000 1210.0
1133010 1216.5
1133020 1227.8
1133030 1227.8
1133040 1237.2
1133050 1242.8
1133060 1242.8
1133070 1245.5
1133080 1242.3
1133090 1241.6
1133100 1241.6
1133110 1241.8
1133120 1242.5
1133130 1242.5
1133140 1243.4
1133150 1246.0
1133160 1246.0
1133170 1249.7
1133180 1254.6
1133190 1254.6
1133200 1258.3
1133210 1261.9
1133220 1261.9
1133230 1265.4
1133240 1268.9
1133250 1268.9
1133260 1273.0
1133270 1277.7
1133280 1277.7
1133290 1283.2
1133300 1289.6
1133310 1289.6
1133320 1296.6
1133330 1304.1
1133340 1304.1
1133350 1311.9
1133360 1319.6
1133370 1326.8
1133380 1326.8
1133390 1331.8
1133400 1334.1
1133410 1334.1
1133420 1337.3
1133430 1341.8
1133440 1342.8
1133450 1347.6
1133460 1352.2
1133470 1352.2
1133480 1356.2
1133490 1359.2
1133500 1359.2
1133510 1361.4
1133520 1363.4
1133530 1363.4
1133540 1366.2
1133550 1369.9
1133560 1369.9
1133570 1375.2
1133580 1381.2
1133590 1381.2
1133600 1387.8
1133610 1394.7
1133620 1394.7
1133630 1402.0
1133640 1410.0
1133650 1410.0
1133660 1419.0
1133670 1428.0
1133680 1436.5
1133690 1436.5
1133700 1443.6
1133710 1449.1
1133720 1449.1
1133730 1455.0
1133740 1460.3
1133750 1460.3
1133760 1464.5
1133770 1466.5
1133780 1466.5
1133790 1469.1
1133800 1472.6
1133810 1472.6
1133820 1474.0
1133830 1474.2
1133840 1474.2
1133850 1474.1
1133860 1474.3
1133870 1474.3
1133880 1474.6
1133890 1475.0
1133900 1475.0
1133910 1474.6
1133920 1473.2
1133930 1473.2
1133940 1470.4
1133950 1465.2
1133960 1459.7
1133970 1459.7
1133980 1455.5
1133990 1451.4
1134000 1451.4
1134010 1447.7
1134020 1445.1
1134030 1445.1
1134040 1442.5
1134050 1439.8
1134060 1439.8
1134070 1436.8
1134080 1433.3
1134090 1433.3
1134100 1429.0
1134110 1424.5
1134120 1424.5
1134130 1420.7
1134140 1417.0
1134150 1417.0
1134160 1410.8
1134170 1404.0
1134180 1404.0
1134190 1399.5
1134200 1392.8
1134210 1392.8
1134220 1383.8
1134230 1382.5
1134240 1388.6
1134250 1388.6
1134260 1395.4
1134270 1402.6
1134280 1402.6
1134290 1407.6
1134300 1410.8
1134310 1410.8
1134320 1416.4
1134330 1419.7
1134340 1419.7
1134350 1422.6
1134360 1430.4
1134370 1430.4
1134380 1436.6
1134390 1440.9
1134400 1440.9
1134410 1444.9
1134420 1448.7
1134430 1448.7
1134440 1452.4
1134450 1456.6
1134460 1456.6
1134470 1462.1
1134480 1467.8
1134490 1467.8
1134500 1473.3
1134510 1478.3
1134520 1478.3
1134530 1486.9
1134540 1492.6
1134550 1497.8
1134560 1497.8
1134570 1504.2
1134580 1510.7
1134590 1510.7
1134600 1517.3
1134610 1523.9
1134620 1523.9
1134630 1531.2
1134640 1538.1
1134650 1538.1
1134660 1545.5
1134670 1552.7
1134680 1552.7
1134690 1560.1
1134700 1567.2
1134710 1567.2
1134720 1574.6
1134730 1582.2
1134740 1582.2
1134750 1589.7
1134760 1596.5
1134770 1596.5
1134780 1601.9
1134790 1607.4
1134800 1607.4
1134810 1612.8
1134820 1617.6
1134830 1621.9
1134840 1621.9
1134850 1626.1
1134860 1629.7
1134870 1629.7
1134880 1634.1
1134890 1636.1
1134900 1636.1
1134910 1642.5
1134920 1648.6
1134930 1648.6
1134940 1655.4
1134950 1662.4
1134960 1662.4
1134970 1670.3
1134980 1678.6
1134990 1678.6
1135000 1688.4
1135010 1698.2
1135020 1698.2
1135030 1707.0
1135040 1715.2
1135050 1715.2
1135060 1723.2
1135070 1731.0
1135080 1731.0
1135090 1739.6
1135100 1747.2
1135110 1747.2
1135120 1754.5
1135130 1759.2
1135140 1763.8
1135150 1763.8
1135160 1768.6
1135170 1773.6
1135180 1773.6
1135190 1778.7
1135200 1785.0
1135210 1785.0
1135220 1792.3
1135230 1799.4
1135240 1799.4
1135250 1804.8
1135260 1809.2
1135270 1809.2
1135280 1814.7
1135290 1820.7
1135300 1820.7
1135310 1827.7
1135320 1833.2
1135330 1833.2
1135340 1839.0
1135350 1845.2
1135360 1845.2
1135370 1852.3
1135380 1859.7
1135390 1859.7
1135400 1865.4
1135410 1872.9
1135420 1880.2
1135430 1880.2
1135440 1886.1
1135450 1891.9
1135460 1891.9
1135470 1897.5
1135480 1902.3
1135490 1902.3
1135500 1902.2
1135510 1896.4
1135520 1896.4
1135530 1889.4
1135540 1882.3
1135550 1882.3
1135560 1874.9
1135570 1867.1
1135580 1867.1
1135590 1857.4
1135600 1849.1
1135610 1849.1
1135620 1841.6
1135630 1832.6
1135640 1832.6
1135650 1823.8
1135660 1814.9
1135670 1814.9
1135680 1808.0
1135690 1804.6
1135700 1804.6
1135710 1795.5
1135720 1784.7
1135730 1774.8
1135740 1774.8
1135750 1766.3
1135760 1758.8
1135770 1758.8
1135780 1749.6
1135790 1741.3
1135800 1741.3
1135810 1736.0
1135820 1731.0
1135830 1731.0
1135840 1725.0
1135850 1718.6
1135860 1718.6
1135870 1712.3
1135880 1706.4
1135890 1706.4
1135900 1701.9
1135910 1697.8
1135920 1697.8
1135930 1692.9
1135940 1688.4
1135950 1688.4
1135960 1683.9
1135970 1679.2
1135980 1679.2
1135990 1678.5
1136000 1674.7
1136010 1670.7
1136020 1670.7
1136030 1666.9
1136040 1663.8
1136050 1663.8
1136060 1661.4
1136070 1659.3
1136080 1659.3
1136090 1657.6
1136100 1655.3
1136110 1655.3
1136120 1654.0
1136130 1653.6
1136140 1653.6
1136150 1653.0
1136160 1648.7
1136170 1648.7
1136180 1641.3
1136190 1634.9
1136200 1634.9
1136210 1635.2
1136220 1644.9
1136230 1644.9
1136240 1652.8
1136250 1659.7
1136260 1659.7
1136270 1664.9
1136280 1668.2
1136290 1668.2
1136300 1674.0
1136310 1679.9
1136320 1685.4
1136330 1685.4
1136340 1692.4
1136350 1701.6
1136360 1709.2
1136370 1717.4
1136380 1727.8
1136390 1727.8
1136400 1735.7
1136410 1742.5
1136420 1742.5
1136430 1748.8
1136440 1755.8
1136450 1755.8
1136460 1762.9
1136470 1769.2
1136480 1769.2
1136490 1774.8
1136500 1779.7
1136510 1779.7
1136520 1784.8
1136530 1790.7
1136540 1790.7
1136550 1796.4
1136560 1801.7
1136570 1801.7
1136580 1805.8
1136590 1810.3
1136600 1816.3
1136610 1816.3
1136620 1821.8
1136630 1825.8
1136640 1825.8
1136650 1830.2
1136660 1835.8
1136670 1835.8
1136680 1842.3
1136690 1849.5
1136700 1849.5
1136710 1858.3
1136720 1868.5
1136730 1868.5
1136740 1875.7
1136750 1883.3
1136760 1883.3
1136770 1890.3
1136780 1895.7
1136790 1895.7
1136800 1900.1
1136810 1903.3
1136820 1903.3
1136830 1904.5
1136840 1903.0
1136850 1903.0
1136860 1904.0
1136870 1903.8
1136880 1905.8
1136890 1905.8
1136900 1907.4
1136910 1906.1
1136920 1906.1
1136930 1902.4
1136940 1899.1
1136950 1899.1
1136960 1895.0
1136970 1889.3
1136980 1889.3
1136990 1882.7
1137000 1876.9
1137010 1876.9
1137020 1871.4
1137030 1864.6
1137040 1864.6
1137050 1858.1
1137060 1851.5
1137070 1851.5
1137080 1846.2
1137090 1840.3
1137100 1840.3
1137110 1836.3
1137120 1834.3
1137130 1834.3
1137140 1833.0
1137150 1831.4
1137160 1831.4
1137170 1831.1
