1120000 1613.9
1120010 1616.9
1120020 1614.6
1120030 1621.1
1120040 1621.1
1120050 1622.0
1120060 1622.8
1120070 1622.8
1120080 1617.0
1120090 1615.9
1120100 1615.9
1120110 1616.1
1120120 1626.5
1120130 1626.5
1120140 1633.1
1120150 1640.2
1120160 1640.2
1120170 1650.7
1120180 1657.9
1120190 1654.6
1120200 1664.8
1120210 1671.7
1120220 1671.7
1120230 1673.2
1120240 1679.9
1120250 1679.9
1120260 1683.6
1120270 1685.3
1120280 1685.3
1120290 1683.1
1120300 1686.7
1120310 1694.2
1120320 1694.2
1120330 1701.2
1120340 1709.4
1120350 1709.4
1120360 1722.6
1120370 1734.3
1120380 1734.3
1120390 1733.7
1120400 1722.3
1120410 1722.3
1120420 1722.3
1120430 1724.3
1120440 1724.3
1120450 1733.7
1120460 1754.2
1120470 1754.2
1120480 1765.3
1120490 1772.6
1120500 1772.6
1120510 1778.3
1120520 1790.5
1120530 1790.5
1120540 1809.4
1120550 1830.0
1120560 1830.0
1120570 1843.4
1120580 1856.9
1120590 1856.9
1120600 1865.7
1120610 1860.5
1120620 1854.4
1120630 1854.4
1120640 1862.5
1120650 1879.9
1120660 1879.9
1120670 1904.3
1120680 1916.0
1120690 1916.0
1120700 1918.3
1120710 1921.7
1120720 1921.7
1120730 1927.8
1120740 1932.0
1120750 1932.0
1120760 1931.1
1120770 1934.1
1120780 1934.1
1120790 1941.5
1120800 1949.2
1120810 1949.2
1120820 1955.8
1120830 1958.8
1120840 1958.8
1120850 1962.3
1120860 1969.9
1120870 1969.9
1120880 1978.3
1120890 1993.3
1120900 2003.2
1120910 2003.2
1120920 2011.5
1120930 2019.4
1120940 2019.4
1120950 2026.4
1120960 2026.3
1120970 2026.3
1120980 2021.7
1120990 2017.2
1121000 2017.2
1121010 2014.0
1121020 2011.7
1121030 2011.7
1121040 2009.0
1121050 2005.7
1121060 2005.7
1121070 2004.2
1121080 2003.2
1121090 2003.2
1121100 2001.9
1121110 1999.9
1121120 1999.9
1121130 1997.3
1121140 1996.0
1121150 1996.0
1121160 1994.9
1121170 1993.2
1121180 1993.2
1121190 1994.4
1121200 1996.0
1121210 1997.6
1121220 1997.6
1121230 1999.8
1121240 1995.1
1121250 1995.1
1121260 1997.0
1121270 1999.5
1121280 1999.5
1121290 2001.7
1121300 2006.5
1121310 2006.5
1121320 2012.2
1121330 2015.7
1121340 2015.7
1121350 2017.4
1121360 2014.5
1121370 2014.5
1121380 2006.0
1121390 1998.2
1121400 1998.2
1121410 1990.3
1121420 1983.7
1121430 1983.7
1121440 1977.6
1121450 1971.9
1121460 1971.9
1121470 1966.5
1121480 1961.4
1121490 1956.8
1121500 1956.8
1121510 1952.5
1121520 1948.5
1121530 1948.5
1121540 1943.8
1121550 1939.0
1121560 1939.0
1121570 1935.3
1121580 1933.1
1121590 1933.5
1121600 1930.3
1121610 1928.2
1121620 1928.2
1121630 1927.3
1121640 1926.7
1121650 1926.7
1121660 1925.4
1121670 1924.0
1121680 1924.0
1121690 1922.3
1121700 1919.3
1121710 1919.3
1121720 1916.8
1121730 1915.3
1121740 1915.3
1121750 1913.1
1121760 1910.7
1121770 1910.7
1121780 1909.4
1121790 1906.6
1121800 1904.0
1121810 1904.0
1121820 1901.8
1121830 1900.2
1121840 1900.2
1121850 1900.1
1121860 1900.4
1121870 1900.4
1121880 1900.6
1121890 1900.7
1121900 1900.7
1121910 1899.9
1121920 1897.2
1121930 1897.2
1121940 1893.3
1121950 1890.5
1121960 1890.5
1121970 1888.5
1121980 1886.8
1121990 1886.8
1122000 1883.3
1122010 1880.0
1122020 1880.0
1122030 1875.6
1122040 1872.5
1122050 1872.5
1122060 1870.7
1122070 1868.5
1122080 1865.2
1122090 1865.2
1122100 1861.3
1122110 1857.1
1122120 1857.1
1122130 1853.2
1122140 1849.1
1122150 1849.1
1122160 1844.7
1122170 1840.6
1122180 1840.6
1122190 1836.9
1122200 1832.9
1122210 1832.9
1122220 1829.4
1122230 1825.8
1122240 1825.8
1122250 1822.9
1122260 1820.4
1122270 1820.4
1122280 1818.3
1122290 1816.8
1122300 1816.8
1122310 1816.7
1122320 1814.8
1122330 1814.8
1122340 1813.7
1122350 1812.5
1122360 1812.5
1122370 1810.4
1122380 1808.7
1122390 1808.7
1122400 1808.7
1122410 1808.5
1122420 1807.0
1122430 1807.0
1122440 1805.7
1122450 1804.8
1122460 1804.8
1122470 1804.3
1122480 1803.6
1122490 1803.6
1122500 1803.2
1122510 1802.0
1122520 1802.0
1122530 1798.7
1122540 1796.9
1122550 1796.9
1122560 1794.9
1122570 1792.9
1122580 1792.9
1122590 1791.2
1122600 1789.1
1122610 1789.1
1122620 1786.1
1122630 1783.3
1122640 1785.8
1122650 1782.6
1122660 1781.6
1122670 1780.3
1122680 1780.3
1122690 1777.2
1122700 1773.3
1122710 1773.3
1122720 1767.4
1122730 1763.1
1122740 1763.1
1122750 1759.5
1122760 1756.6
1122770 1756.6
1122780 1751.2
1122790 1746.5
1122800 1746.5
1122810 1742.9
1122820 1740.6
1122830 1740.6
1122840 1738.3
1122850 1735.2
1122860 1735.2
1122870 1732.3
1122880 1728.6
1122890 1728.6
1122900 1722.5
1122910 1716.1
1122920 1716.1
1122930 1712.3
1122940 1710.2
1122950 1710.2
1122960 1706.6
1122970 1702.3
1122980 1698.2
1122990 1698.2
1123000 1697.6
1123010 1693.5
1123020 1693.5
1123030 1691.1
1123040 1688.7
1123050 1688.7
1123060 1686.7
1123070 1683.6
1123080 1683.6
1123090 1681.0
1123100 1678.2
1123110 1678.2
1123120 1675.1
1123130 1673.9
1123140 1673.9
1123150 1672.0
1123160 1669.7
1123170 1669.7
1123180 1667.7
1123190 1665.4
1123200 1665.4
1123210 1662.6
1123220 1660.1
1123230 1660.1
1123240 1657.4
1123250 1654.8
1123260 1651.8
1123270 1651.8
1123280 1649.0
1123290 1645.9
1123300 1645.9
1123310 1642.9
1123320 1639.8
1123330 1639.8
1123340 1636.2
1123350 1637.9
1123360 1637.9
1123370 1635.8
1123380 1633.7
1123390 1633.7
1123400 1630.9
1123410 1628.3
1123420 1628.3
1123430 1625.6
1123440 1623.2
1123450 1623.2
1123460 1620.9
1123470 1618.5
1123480 1618.5
1123490 1615.9
1123500 1614.9
1123510 1614.9
1123520 1614.6
1123530 1614.9
1123540 1614.9
1123550 1615.3
1123560 1617.0
1123570 1618.6
1123580 1618.6
1123590 1620.3
1123600 1622.0
1123610 1622.0
1123620 1622.5
1123630 1623.1
1123640 1623.1
1123650 1625.4
1123660 1627.6
1123670 1627.6
1123680 1628.9
1123690 1630.8
1123700 1625.4
1123710 1626.5
1123720 1628.7
1123730 1628.7
1123740 1631.9
1123750 1634.9
1123760 1634.9
1123770 1637.6
1123780 1637.6
1123790 1637.6
1123800 1637.3
1123810 1634.8
1123820 1634.8
1123830 1630.2
1123840 1625.0
1123850 1619.8
1123860 1619.8
1123870 1615.8
1123880 1615.3
1123890 1615.3
1123900 1616.7
1123910 1617.9
1123920 1617.9
1123930 1619.8
1123940 1622.4
1123950 1622.4
1123960 1624.7
1123970 1626.6
1123980 1626.6
1123990 1629.2
1124000 1632.4
1124010 1632.4
1124020 1638.0
1124030 1644.0
1124040 1644.0
1124050 1640.7
1124060 1637.9
1124070 1637.9
1124080 1639.4
1124090 1641.2
1124100 1641.2
1124110 1645.0
1124120 1647.8
1124130 1647.8
1124140 1649.2
1124150 1651.9
1124160 1652.0
1124170 1652.0
1124180 1652.3
1124190 1653.7
1124200 1653.7
1124210 1654.3
1124220 1653.3
1124230 1653.3
1124240 1653.2
1124250 1653.3
1124260 1653.3
1124270 1654.4
1124280 1656.1
1124290 1656.1
1124300 1657.8
1124310 1658.8
1124320 1658.8
1124330 1659.9
1124340 1661.0
1124350 1661.0
1124360 1662.6
1124370 1664.5
1124380 1664.5
1124390 1667.0
1124400 1669.4
1124410 1664.1
1124420 1665.7
1124430 1667.0
1124440 1668.2
1124450 1668.2
1124460 1670.5
1124470 1672.7
1124480 1672.7
1124490 1674.3
1124500 1675.9
1124510 1675.9
1124520 1677.1
1124530 1678.3
1124540 1678.3
1124550 1679.9
1124560 1681.2
1124570 1681.2
1124580 1683.0
1124590 1685.4
1124600 1685.4
1124610 1688.3
1124620 1690.9
1124630 1690.9
1124640 1694.0
1124650 1696.6
1124660 1696.6
1124670 1698.5
1124680 1701.7
1124690 1701.7
1124700 1705.1
1124710 1707.0
1124720 1707.0
1124730 1708.6
1124740 1710.9
1124750 1714.2
1124760 1709.0
1124770 1712.7
1124780 1714.1
1124790 1714.1
1124800 1713.8
1124810 1714.9
1124820 1714.9
1124830 1716.3
1124840 1719.0
1124850 1719.0
1124860 1720.9
1124870 1722.3
1124880 1722.3
1124890 1722.7
1124900 1723.8
1124910 1723.8
1124920 1724.8
1124930 1725.7
1124940 1725.7
1124950 1726.3
1124960 1727.0
1124970 1727.0
1124980 1727.5
1124990 1727.1
1125000 1727.1
1125010 1726.4
1125020 1726.6
1125030 1726.2
1125040 1726.2
1125050 1723.8
1125060 1721.7
1125070 1721.7
1125080 1720.7
1125090 1720.2
1125100 1720.2
1125110 1720.6
1125120 1716.9
1125130 1716.9
1125140 1718.5
1125150 1719.4
1125160 1719.4
1125170 1721.1
1125180 1721.4
1125190 1721.4
1125200 1723.3
1125210 1725.8
1125220 1725.8
1125230 1728.3
1125240 1729.6
1125250 1729.6
1125260 1730.9
1125270 1732.6
1125280 1732.6
1125290 1734.9
1125300 1738.6
1125310 1738.6
1125320 1742.3
1125330 1745.3
1125340 1748.6
1125350 1748.6
1125360 1750.8
1125370 1749.9
1125380 1749.9
1125390 1750.4
1125400 1752.3
1125410 1752.3
1125420 1755.9
1125430 1758.1
1125440 1758.1
1125450 1759.4
1125460 1761.7
1125470 1755.7
1125480 1757.8
1125490 1758.2
1125500 1758.2
1125510 1758.5
1125520 1759.3
1125530 1759.3
1125540 1760.1
1125550 1760.8
1125560 1760.8
1125570 1763.0
1125580 1765.0
1125590 1765.0
1125600 1767.3
1125610 1770.0
1125620 1771.6
1125630 1771.6
1125640 1773.4
1125650 1775.9
1125660 1775.9
1125670 1777.2
1125680 1777.3
1125690 1777.3
1125700 1778.0
1125710 1779.7
1125720 1779.7
1125730 1780.9
1125740 1780.4
1125750 1780.4
1125760 1779.5
1125770 1784.1
1125780 1784.1
1125790 1789.7
1125800 1791.7
1125810 1791.7
1125820 1793.4
1125830 1785.8
1125840 1785.8
1125850 1788.8
1125860 1790.3
1125870 1790.3
1125880 1787.7
1125890 1788.3
1125900 1788.3
1125910 1788.1
1125920 1790.8
1125930 1790.3
1125940 1790.3
1125950 1788.7
1125960 1790.1
1125970 1790.1
1125980 1794.7
1125990 1797.5
1126000 1797.5
1126010 1796.9
1126020 1797.7
1126030 1797.7
1126040 1802.9
1126050 1807.2
1126060 1807.2
1126070 1807.6
1126080 1806.4
1126090 1806.4
1126100 1805.7
1126110 1804.6
1126120 1804.6
1126130 1803.3
1126140 1803.3
1126150 1803.3
1126160 1803.5
1126170 1805.1
1126180 1802.0
1126190 1802.4
1126200 1801.6
1126210 1799.9
1126220 1799.9
1126230 1800.2
1126240 1799.4
1126250 1799.4
1126260 1798.1
1126270 1796.2
1126280 1796.2
1126290 1794.0
1126300 1794.7
1126310 1794.7
1126320 1796.5
1126330 1798.7
1126340 1798.7
1126350 1801.4
1126360 1802.7
1126370 1802.7
1126380 1801.6
1126390 1801.8
1126400 1801.8
1126410 1805.9
1126420 1805.0
1126430 1805.0
1126440 1797.6
1126450 1791.1
1126460 1791.1
1126470 1786.5
1126480 1781.4
1126490 1781.4
1126500 1775.3
1126510 1768.7
1126520 1761.6
1126530 1761.6
1126540 1752.8
1126550 1746.2
1126560 1746.2
1126570 1739.2
1126580 1732.0
1126590 1732.0
1126600 1726.2
1126610 1719.6
1126620 1719.6
1126630 1712.9
1126640 1705.6
1126650 1705.6
1126660 1697.9
1126670 1689.5
1126680 1689.5
1126690 1684.0
1126700 1680.8
1126710 1680.8
1126720 1675.4
1126730 1670.4
1126740 1670.4
1126750 1667.3
1126760 1664.8
1126770 1664.8
1126780 1662.8
1126790 1660.8
1126800 1657.4
1126810 1657.4
1126820 1653.5
1126830 1651.9
1126840 1651.9
1126850 1651.2
1126860 1651.7
1126870 1651.7
1126880 1653.2
1126890 1653.7
1126900 1656.5
1126910 1654.6
1126920 1651.0
1126930 1651.0
1126940 1647.7
1126950 1642.6
1126960 1642.6
1126970 1636.9
1126980 1632.1
1126990 1632.1
1127000 1629.1
1127010 1627.7
1127020 1627.7
1127030 1626.4
1127040 1624.8
1127050 1624.8
1127060 1622.2
1127070 1618.4
1127080 1618.4
1127090 1613.3
1127100 1607.7
1127110 1602.9
1127120 1602.9
1127130 1598.7
1127140 1593.5
1127150 1593.5
1127160 1588.2
1127170 1583.4
1127180 1583.4
1127190 1577.7
1127200 1571.5
1127210 1571.5
1127220 1565.3
1127230 1560.9
1127240 1560.9
1127250 1555.3
1127260 1550.6
1127270 1550.6
1127280 1545.6
1127290 1540.9
1127300 1540.9
1127310 1535.7
1127320 1531.4
1127330 1531.4
1127340 1526.1
1127350 1520.0
1127360 1520.0
1127370 1513.9
1127380 1508.6
1127390 1504.4
1127400 1504.4
1127410 1501.6
1127420 1502.3
1127430 1502.3
1127440 1503.3
1127450 1501.5
1127460 1501.5
1127470 1498.5
1127480 1495.3
1127490 1495.3
1127500 1491.0
1127510 1487.9
1127520 1487.9
1127530 1483.4
1127540 1479.0
1127550 1479.0
1127560 1475.3
1127570 1472.6
1127580 1472.6
1127590 1469.9
1127600 1465.9
1127610 1459.0
1127620 1454.4
1127630 1450.0
1127640 1450.0
1127650 1446.3
1127660 1442.8
1127670 1442.8
1127680 1438.9
1127690 1435.2
1127700 1431.9
1127710 1431.9
1127720 1430.4
1127730 1429.1
1127740 1429.1
1127750 1426.3
1127760 1423.4
1127770 1423.4
1127780 1419.9
1127790 1416.0
1127800 1416.0
1127810 1412.3
1127820 1410.2
1127830 1410.2
1127840 1407.7
1127850 1404.0
1127860 1404.0
1127870 1400.7
1127880 1398.9
1127890 1398.9
1127900 1399.1
1127910 1398.8
1127920 1398.8
1127930 1397.9
1127940 1397.1
1127950 1397.1
1127960 1396.8
1127970 1390.8
1127980 1390.1
1127990 1390.1
1128000 1388.5
1128010 1385.7
1128020 1385.7
1128030 1381.4
1128040 1375.9
1128050 1375.9
1128060 1370.8
1128070 1365.3
1128080 1365.3
1128090 1360.2
1128100 1355.2
1128110 1355.2
1128120 1350.2
1128130 1345.5
1128140 1345.5
1128150 1341.4
1128160 1337.6
1128170 1337.6
1128180 1335.0
1128190 1334.7
1128200 1334.7
1128210 1334.9
1128220 1333.9
1128230 1333.9
1128240 1332.9
1128250 1332.4
1128260 1332.4
1128270 1331.6
1128280 1333.6
1128290 1336.2
1128300 1336.2
1128310 1337.5
1128320 1338.0
1128330 1331.7
1128340 1335.3
1128350 1340.6
1128360 1340.6
1128370 1345.7
1128380 1348.5
1128390 1348.5
1128400 1350.3
1128410 1350.0
1128420 1350.0
1128430 1346.8
1128440 1345.0
1128450 1345.0
1128460 1343.6
1128470 1340.8
1128480 1340.8
1128490 1332.5
1128500 1325.8
1128510 1325.8
1128520 1320.4
1128530 1316.4
1128540 1316.4
1128550 1314.3
1128560 1312.9
1128570 1311.5
1128580 1311.5
1128590 1309.7
1128600 1307.2
1128610 1307.2
1128620 1302.7
1128630 1299.0
1128640 1299.0
1128650 1295.7
1128660 1291.1
1128670 1291.1
1128680 1286.4
1128690 1282.1
1128700 1282.1
1128710 1277.5
1128720 1274.0
1128730 1274.0
1128740 1271.2
1128750 1269.9
1128760 1269.9
1128770 1268.8
1128780 1268.1
1128790 1268.1
1128800 1267.9
1128810 1267.9
1128820 1267.9
1128830 1268.6
1128840 1269.3
1128850 1269.3
1128860 1269.7
1128870 1269.3
1128880 1269.7
1128890 1269.7
1128900 1271.0
1128910 1273.6
1128920 1273.6
1128930 1274.1
1128940 1274.2
1128950 1274.2
1128960 1274.1
1128970 1274.9
1128980 1274.9
1128990 1275.4
1129000 1275.8
1129010 1275.8
1129020 1276.2
1129030 1276.7
1129040 1278.7
1129050 1278.5
1129060 1277.8
1129070 1277.8
1129080 1277.1
1129090 1276.2
1129100 1276.2
1129110 1275.0
1129120 1274.7
1129130 1274.7
1129140 1274.3
1129150 1273.7
1129160 1273.2
1129170 1273.2
1129180 1272.9
1129190 1272.9
1129200 1272.9
1129210 1273.1
1129220 1273.1
1129230 1273.1
1129240 1273.0
1129250 1272.7
1129260 1272.7
1129270 1271.7
1129280 1270.5
1129290 1270.5
1129300 1268.5
1129310 1266.4
1129320 1266.4
1129330 1264.6
1129340 1264.2
1129350 1264.2
1129360 1263.4
1129370 1263.1
1129380 1263.1
1129390 1262.9
1129400 1266.3
1129410 1266.3
1129420 1264.7
1129430 1261.7
1129440 1259.2
1129450 1259.2
1129460 1254.9
1129470 1250.8
1129480 1250.8
1129490 1247.3
1129500 1244.3
1129510 1244.3
1129520 1242.5
1129530 1241.0
1129540 1241.0
1129550 1238.9
1129560 1235.4
1129570 1235.4
1129580 1232.1
1129590 1229.6
1129600 1229.6
1129610 1229.2
1129620 1229.2
1129630 1229.2
1129640 1227.9
1129650 1226.6
1129660 1226.6
1129670 1225.5
1129680 1224.8
1129690 1224.8
1129700 1224.8
1129710 1225.1
1129720 1225.1
1129730 1224.9
1129740 1227.8
1129750 1231.1
1129760 1234.1
1129770 1237.9
1129780 1240.4
1129790 1240.4
1129800 1244.1
1129810 1250.6
1129820 1250.6
1129830 1255.6
1129840 1257.2
1129850 1257.2
1129860 1257.1
1129870 1256.4
1129880 1256.4
1129890 1255.3
1129900 1253.5
1129910 1253.5
1129920 1251.4
1129930 1250.9
1129940 1250.9
1129950 1249.9
1129960 1247.5
1129970 1247.5
1129980 1246.9
1129990 1247.1
1130000 1247.1
1130010 1245.5
1130020 1243.5
1130030 1241.1
1130040 1241.1
1130050 1236.9
1130060 1231.7
1130070 1231.7
1130080 1229.5
1130090 1228.0
1130100 1228.0
1130110 1228.3
1130120 1242.1
1130130 1242.1
1130140 1251.7
1130150 1262.1
1130160 1262.1
1130170 1265.9
1130180 1267.6
1130190 1267.6
1130200 1267.9
1130210 1268.5
1130220 1268.5
1130230 1269.8
1130240 1270.7
1130250 1270.7
1130260 1270.8
1130270 1271.7
1130280 1271.7
1130290 1273.3
1130300 1275.1
1130310 1275.1
1130320 1276.7
1130330 1278.8
1130340 1278.8
1130350 1278.8
1130360 1280.4
1130370 1283.0
1130380 1283.0
1130390 1285.0
1130400 1285.0
1130410 1285.0
1130420 1284.4
1130430 1284.5
1130440 1284.5
1130450 1286.2
1130460 1287.9
1130470 1287.9
1130480 1293.3
1130490 1295.6
1130500 1295.6
1130510 1297.3
1130520 1299.7
1130530 1299.7
1130540 1301.0
1130550 1302.3
1130560 1302.3
1130570 1302.9
1130580 1303.3
1130590 1303.3
1130600 1303.3
1130610 1303.6
1130620 1303.8
1130630 1303.8
1130640 1304.1
1130650 1304.2
1130660 1304.2
1130670 1302.6
1130680 1305.8
1130690 1305.8
1130700 1305.6
1130710 1306.9
1130720 1306.9
1130730 1307.4
1130740 1308.0
1130750 1308.0
1130760 1309.7
1130770 1311.7
1130780 1311.7
1130790 1313.3
1130800 1314.4
1130810 1314.4
1130820 1315.2
1130830 1314.9
1130840 1316.6
1130850 1315.7
1130860 1314.7
1130870 1314.7
1130880 1313.0
1130890 1311.6
1130900 1311.6
1130910 1309.4
1130920 1307.1
1130930 1304.8
1130940 1304.8
1130950 1302.3
1130960 1299.8
1130970 1299.8
1130980 1297.4
1130990 1294.9
1131000 1294.9
1131010 1290.4
1131020 1284.6
1131030 1284.6
1131040 1282.0
1131050 1279.7
1131060 1279.7
1131070 1275.4
1131080 1270.4
1131090 1270.4
1131100 1266.1
1131110 1262.8
1131120 1262.8
1131130 1260.7
1131140 1258.7
1131150 1258.7
1131160 1256.5
1131170 1253.4
1131180 1253.4
1131190 1248.7
1131200 1241.9
1131210 1238.3
1131220 1238.3
1131230 1235.7
1131240 1232.5
1131250 1232.5
1131260 1229.7
1131270 1226.5
1131280 1226.5
1131290 1223.2
1131300 1219.6
1131310 1219.6
1131320 1215.9
1131330 1212.9
1131340 1212.9
1131350 1210.5
1131360 1208.7
1131370 1208.7
1131380 1206.9
1131390 1205.0
1131400 1205.0
1131410 1203.1
1131420 1200.9
1131430 1200.9
1131440 1198.7
1131450 1197.0
1131460 1197.0
1131470 1196.1
1131480 1194.6
1131490 1194.6
1131500 1192.7
1131510 1190.7
1131520 1188.5
1131530 1188.5
1131540 1185.6
1131550 1183.6
1131560 1182.7
1131570 1182.5
1131580 1180.7
1131590 1180.7
1131600 1178.0
1131610 1174.0
1131620 1174.0
1131630 1169.4
1131640 1166.6
1131650 1166.6
1131660 1164.1
1131670 1161.2
1131680 1161.2
1131690 1158.6
1131700 1156.0
1131710 1156.0
1131720 1152.9
1131730 1150.0
1131740 1150.0
1131750 1147.5
1131760 1144.9
1131770 1144.9
1131780 1141.6
1131790 1138.6
1131800 1136.8
1131810 1136.8
1131820 1135.4
1131830 1134.1
1131840 1134.1
1131850 1132.1
1131860 1130.5
1131870 1130.5
1131880 1129.1
1131890 1127.4
1131900 1127.4
1131910 1125.9
1131920 1123.0
1131930 1123.0
1131940 1120.3
1131950 1118.6
1131960 1118.6
1131970 1116.5
1131980 1114.2
1131990 1114.2
1132000 1112.1
1132010 1110.9
1132020 1110.9
1132030 1109.8
1132040 1107.5
1132050 1107.5
1132060 1106.3
1132070 1104.9
1132080 1104.9
1132090 1101.8
1132100 1099.3
1132110 1096.9
1132120 1096.9
1132130 1093.9
1132140 1092.0
1132150 1092.0
1132160 1090.9
1132170 1089.6
1132180 1089.6
1132190 1088.3
1132200 1086.7
1132210 1086.7
1132220 1085.2
1132230 1084.1
1132240 1084.1
1132250 1082.4
1132260 1079.6
1132270 1079.6
1132280 1073.6
1132290 1070.8
1132300 1070.8
1132310 1067.5
1132320 1063.0
1132330 1063.0
1132340 1056.3
1132350 1052.3
1132360 1052.3
1132370 1051.1
1132380 1049.6
1132390 1050.3
1132400 1050.3
1132410 1052.6
1132420 1054.5
1132430 1054.5
1132440 1054.7
1132450 1054.7
1132460 1054.7
1132470 1054.7
1132480 1054.7
1132490 1054.7
1132500 1054.6
1132510 1054.1
1132520 1054.1
1132530 1054.0
1132540 1054.6
1132550 1054.6
1132560 1054.7
1132570 1055.4
1132580 1055.4
1132590 1059.5
1132600 1065.9
1132610 1065.9
1132620 1071.2
1132630 1073.6
1132640 1073.6
1132650 1076.3
1132660 1080.6
1132670 1080.6
1132680 1084.7
1132690 1086.2
1132700 1086.0
1132710 1086.0
1132720 1086.6
1132730 1088.2
1132740 1088.2
1132750 1090.0
1132760 1092.3
1132770 1092.3
1132780 1096.5
1132790 1101.2
1132800 1101.2
1132810 1106.8
1132820 1112.4
1132830 1112.4
1132840 1117.4
1132850 1121.4
1132860 1121.4
1132870 1125.0
1132880 1128.7
1132890 1128.7
1132900 1132.6
1132910 1136.3
1132920 1136.3
1132930 1139.2
1132940 1141.9
1132950 1141.9
1132960 1144.9
1132970 1148.5
1132980 1151.6
1132990 1151.6
1133000 1155.7
1133010 1164.6
1133020 1164.6
1133030 1170.9
1133040 1177.3
1133050 1177.3
1133060 1182.8
1133070 1188.1
1133080 1188.1
1133090 1192.7
1133100 1196.5
1133110 1196.5
1133120 1200.5
1133130 1205.3
1133140 1205.3
1133150 1209.0
1133160 1211.5
1133170 1211.5
1133180 1213.7
1133190 1216.8
1133200 1216.8
1133210 1219.7
1133220 1223.3
1133230 1223.3
1133240 1227.4
1133250 1231.5
1133260 1231.5
1133270 1234.9
1133280 1240.2
1133290 1246.5
1133300 1246.5
1133310 1254.4
1133320 1262.6
1133330 1262.6
1133340 1269.2
1133350 1276.1
1133360 1276.1
1133370 1290.8
1133380 1297.5
1133390 1297.5
1133400 1304.3
1133410 1309.6
1133420 1309.6
1133430 1315.1
1133440 1319.8
1133450 1319.8
1133460 1325.2
1133470 1331.1
1133480 1331.1
1133490 1338.0
1133500 1345.2
1133510 1345.2
1133520 1351.9
1133530 1358.0
1133540 1358.0
1133550 1365.5
1133560 1373.4
1133570 1378.3
1133580 1378.3
1133590 1381.3
1133600 1384.1
1133610 1384.1
1133620 1387.6
1133630 1392.0
1133640 1392.0
1133650 1398.0
1133660 1404.3
1133670 1404.3
1133680 1411.0
1133690 1417.4
1133700 1417.4
1133710 1424.3
1133720 1431.8
1133730 1431.8
1133740 1442.5
1133750 1450.4
1133760 1450.4
1133770 1454.8
1133780 1457.3
1133790 1457.3
1133800 1459.6
1133810 1462.4
1133820 1462.4
1133830 1464.5
1133840 1465.6
1133850 1465.6
1133860 1466.4
1133870 1466.4
1133880 1465.9
1133890 1465.9
1133900 1465.7
1133910 1465.3
1133920 1465.3
1133930 1463.6
1133940 1460.6
1133950 1460.6
1133960 1456.5
1133970 1450.7
1133980 1450.7
1133990 1444.9
1134000 1439.2
1134010 1439.2
1134020 1434.6
1134030 1431.3
1134040 1431.3
1134050 1427.1
1134060 1422.6
1134070 1422.6
1134080 1417.6
1134090 1412.2
1134100 1411.7
1134110 1406.3
1134120 1402.0
1134130 1402.0
1134140 1396.3
1134150 1388.8
1134160 1380.1
1134170 1380.1
1134180 1374.4
1134190 1370.1
1134200 1370.1
1134210 1363.7
1134220 1361.4
1134230 1361.4
1134240 1359.9
1134250 1368.2
1134260 1368.2
1134270 1375.0
1134280 1380.9
1134290 1380.9
1134300 1388.0
1134310 1394.0
1134320 1394.0
1134330 1400.2
1134340 1402.7
1134350 1402.7
1134360 1405.3
1134370 1411.8
1134380 1411.8
1134390 1417.1
1134400 1422.8
1134410 1422.8
1134420 1428.1
1134430 1433.4
1134440 1439.2
1134450 1439.2
1134460 1444.8
1134470 1450.3
1134480 1450.3
1134490 1456.2
1134500 1461.3
1134510 1461.3
1134520 1467.4
1134530 1474.1
1134540 1474.1
1134550 1480.7
1134560 1487.3
1134570 1487.3
1134580 1494.4
1134590 1501.8
1134600 1501.8
1134610 1509.6
1134620 1517.7
1134630 1517.7
1134640 1525.6
1134650 1533.3
1134660 1533.3
1134670 1539.3
1134680 1545.3
1134690 1545.3
1134700 1551.2
1134710 1557.2
1134720 1557.2
1134730 1563.4
1134740 1569.4
1134750 1575.2
1134760 1575.2
1134770 1581.4
1134780 1588.6
1134790 1588.6
1134800 1595.5
1134810 1602.2
1134820 1602.2
1134830 1602.7
1134840 1609.0
1134850 1609.0
1134860 1615.2
1134870 1621.8
1134880 1621.8
1134890 1627.6
1134900 1633.8
1134910 1633.8
1134920 1640.0
1134930 1646.4
1134940 1646.4
1134950 1652.8
1134960 1659.7
1134970 1659.7
1134980 1666.3
1134990 1672.8
1135000 1672.8
1135010 1679.7
1135020 1686.4
1135030 1692.8
1135040 1692.8
1135050 1699.6
1135060 1706.7
1135070 1706.7
1135080 1713.5
1135090 1720.2
1135100 1720.2
1135110 1726.6
1135120 1733.3
1135130 1733.3
1135140 1740.0
1135150 1746.5
1135160 1746.5
1135170 1753.6
1135180 1760.4
1135190 1758.1
1135200 1764.3
1135210 1771.2
1135220 1771.2
1135230 1778.0
1135240 1784.8
1135250 1784.8
1135260 1791.6
1135270 1798.4
1135280 1798.4
1135290 1805.3
1135300 1812.0
1135310 1812.0
1135320 1818.7
1135330 1825.7
1135340 1832.3
1135350 1832.3
1135360 1839.1
1135370 1845.7
1135380 1845.7
1135390 1851.6
1135400 1857.3
1135410 1857.3
1135420 1863.0
1135430 1868.4
1135440 1868.4
1135450 1873.4
1135460 1873.8
1135470 1873.8
1135480 1868.2
1135490 1861.8
1135500 1861.8
1135510 1854.3
1135520 1847.2
1135530 1847.2
1135540 1839.0
1135550 1830.4
1135560 1835.4
1135570 1826.9
1135580 1818.9
1135590 1818.9
1135600 1810.4
1135610 1802.3
1135620 1794.0
1135630 1794.0
1135640 1785.5
1135650 1775.8
1135660 1775.8
1135670 1767.1
1135680 1756.0
1135690 1756.0
1135700 1743.1
1135710 1734.1
1135720 1734.1
1135730 1727.0
1135740 1719.2
1135750 1719.2
1135760 1712.4
1135770 1704.6
1135780 1704.6
1135790 1699.0
1135800 1693.6
1135810 1693.6
1135820 1688.1
1135830 1681.8
1135840 1681.8
1135850 1676.5
1135860 1673.2
1135870 1673.2
1135880 1668.6
1135890 1664.0
1135900 1664.0
1135910 1659.8
1135920 1658.2
1135930 1653.9
1135940 1653.9
1135950 1648.8
1135960 1644.3
1135970 1644.3
1135980 1639.6
1135990 1635.3
1136000 1635.3
1136010 1630.7
1136020 1626.6
1136030 1626.6
1136040 1622.6
1136050 1619.0
1136060 1619.0
1136070 1615.2
1136080 1611.2
1136090 1611.2
1136100 1607.8
1136110 1605.6
1136120 1605.6
1136130 1603.8
1136140 1598.1
1136150 1598.1
1136160 1593.5
1136170 1594.8
1136180 1594.8
1136190 1603.4
1136200 1609.3
1136210 1611.5
1136220 1611.5
1136230 1613.0
1136240 1615.7
1136250 1615.7
1136260 1619.3
1136270 1623.8
1136280 1623.8
1136290 1628.6
1136300 1633.7
1136310 1633.7
1136320 1639.6
1136330 1645.7
1136340 1645.7
1136350 1651.8
1136360 1657.4
1136370 1657.4
1136380 1661.8
1136390 1666.3
1136400 1666.3
1136410 1671.5
1136420 1677.9
1136430 1677.9
1136440 1685.8
1136450 1693.8
1136460 1693.8
1136470 1701.5
1136480 1709.4
1136490 1709.4
1136500 1718.8
1136510 1728.8
1136520 1736.5
1136530 1736.5
1136540 1743.2
1136550 1751.0
1136560 1751.0
1136570 1758.3
1136580 1764.3
1136590 1764.3
1136600 1770.2
1136610 1776.3
1136620 1776.3
1136630 1782.0
1136640 1788.7
1136650 1792.8
1136660 1799.1
1136670 1806.9
1136680 1806.9
1136690 1815.8
1136700 1824.0
1136710 1824.0
1136720 1832.3
1136730 1839.4
1136740 1839.4
1136750 1846.1
1136760 1852.6
1136770 1852.6
1136780 1858.8
1136790 1865.1
1136800 1871.6
1136810 1871.6
1136820 1878.5
1136830 1885.8
1136840 1885.8
1136850 1892.6
1136860 1899.8
1136870 1899.8
1136880 1906.9
1136890 1913.0
1136900 1913.0
1136910 1915.1
1136920 1912.4
1136930 1912.4
1136940 1908.2
1136950 1900.9
1136960 1900.9
1136970 1896.9
1136980 1890.1
1136990 1890.1
1137000 1884.2
1137010 1878.9
1137020 1877.6
1137030 1873.3
1137040 1869.6
1137050 1869.6
1137060 1867.4
1137070 1864.2
1137080 1864.2
1137090 1860.6
1137100 1858.9
1137110 1857.7
1137120 1857.7
1137130 1856.2
1137140 1854.9
1137150 1854.9
1137160 1852.9
1137170 1848.7
1137180 1848.7
1137190 1844.9
1137200 1841.7
1137210 1841.7
1137220 1838.0
1137230 1834.5
1137240 1834.5
1137250 1835.5
1137260 1835.4
1137270 1835.4
1137280 1833.6
