1120000 1413.8
1120010 1413.8
1120020 1420.1
1120030 1425.1
1120040 1425.1
1120050 1429.4
1120060 1432.9
1120070 1435.2
1120080 1435.2
1120090 1437.4
1120100 1439.2
1120110 1439.2
1120120 1439.4
1120130 1444.7
1120140 1444.7
1120150 1449.2
1120160 1451.2
1120170 1451.2
1120180 1453.0
1120190 1456.2
1120200 1456.2
1120210 1458.1
1120220 1460.9
1120230 1460.9
1120240 1464.1
1120250 1468.3
1120260 1468.3
1120270 1473.3
1120280 1478.1
1120290 1478.1
1120300 1482.9
1120310 1486.8
1120320 1486.8
1120330 1492.7
1120340 1495.5
1120350 1495.5
1120360 1497.6
1120370 1500.3
1120380 1503.1
1120390 1503.1
1120400 1505.7
1120410 1507.3
1120420 1507.3
1120430 1508.4
1120440 1513.6
1120450 1513.6
1120460 1520.3
1120470 1527.1
1120480 1527.1
1120490 1532.2
1120500 1536.9
1120510 1536.9
1120520 1541.2
1120530 1546.5
1120540 1546.5
1120550 1550.3
1120560 1552.3
1120570 1552.3
1120580 1556.5
1120590 1583.2
1120600 1583.2
1120610 1617.4
1120620 1651.2
1120630 1651.2
1120640 1701.9
1120650 1717.3
1120660 1715.2
1120670 1715.2
1120680 1720.7
1120690 1712.0
1120700 1712.0
1120710 1698.8
1120720 1706.4
1120730 1706.4
1120740 1704.6
1120750 1713.6
1120760 1713.6
1120770 1716.0
1120780 1723.2
1120790 1723.2
1120800 1727.8
1120810 1727.2
1120820 1727.2
1120830 1728.6
1120840 1737.1
1120850 1737.1
1120860 1745.8
1120870 1760.2
1120880 1760.2
1120890 1773.6
1120900 1791.7
1120910 1791.7
1120920 1810.1
1120930 1817.1
1120940 1817.1
1120950 1821.1
1120960 1832.5
1120970 1852.4
1120980 1852.4
1120990 1872.4
1121000 1883.3
1121010 1883.3
1121020 1897.6
1121030 1910.3
1121040 1910.3
1121050 1912.7
1121060 1919.6
1121070 1919.6
1121080 1925.4
1121090 1935.0
1121100 1935.0
1121110 1950.3
1121120 1966.6
1121130 1966.6
1121140 1980.4
1121150 1995.4
1121160 1995.4
1121170 2007.8
1121180 2018.3
1121190 2018.3
1121200 2020.7
1121210 2016.8
1121220 2016.8
1121230 2011.5
1121240 2004.8
1121250 1998.6
1121260 1998.6
1121270 1993.2
1121280 1992.1
1121290 1992.1
1121300 1989.1
1121310 1983.6
1121320 1983.6
1121330 1978.5
1121340 1973.2
1121350 1973.2
1121360 1968.7
1121370 1965.9
1121380 1965.6
1121390 1960.3
1121400 1955.0
1121410 1955.0
1121420 1949.2
1121430 1944.3
1121440 1944.3
1121450 1940.4
1121460 1938.0
1121470 1938.0
1121480 1935.6
1121490 1933.9
1121500 1933.9
1121510 1932.3
1121520 1930.0
1121530 1930.0
1121540 1928.4
1121550 1926.4
1121560 1923.5
1121570 1923.5
1121580 1921.7
1121590 1917.4
1121600 1917.4
1121610 1913.0
1121620 1910.1
1121630 1910.1
1121640 1907.6
1121650 1904.4
1121660 1904.4
1121670 1901.7
1121680 1897.6
1121690 1897.6
1121700 1897.6
1121710 1897.0
1121720 1897.0
1121730 1893.0
1121740 1892.3
1121750 1892.3
1121760 1891.7
1121770 1891.4
1121780 1891.4
1121790 1890.2
1121800 1889.0
1121810 1889.0
1121820 1888.0
1121830 1887.5
1121840 1887.6
1121850 1887.6
1121860 1888.0
1121870 1888.1
1121880 1888.1
1121890 1887.5
1121900 1886.9
1121910 1886.9
1121920 1886.0
1121930 1885.3
1121940 1885.3
1121950 1885.3
1121960 1884.6
1121970 1884.6
1121980 1883.9
1121990 1883.9
1122000 1883.9
1122010 1884.3
1122020 1884.0
1122030 1884.0
1122040 1883.1
1122050 1879.0
1122060 1879.0
1122070 1870.7
1122080 1865.3
1122090 1864.1
1122100 1859.7
1122110 1860.3
1122120 1860.3
1122130 1860.1
1122140 1856.4
1122150 1854.4
1122160 1854.4
1122170 1853.5
1122180 1852.2
1122190 1852.2
1122200 1851.9
1122210 1852.0
1122220 1852.0
1122230 1851.5
1122240 1851.2
1122250 1851.2
1122260 1850.6
1122270 1850.3
1122280 1850.3
1122290 1849.6
1122300 1847.9
1122310 1847.9
1122320 1845.9
1122330 1845.5
1122340 1845.5
1122350 1844.9
1122360 1842.7
1122370 1842.7
1122380 1839.1
1122390 1834.9
1122400 1834.9
1122410 1830.5
1122420 1828.5
1122430 1828.5
1122440 1824.1
1122450 1823.7
1122460 1823.1
1122470 1823.1
1122480 1820.7
1122490 1820.8
1122500 1820.8
1122510 1819.0
1122520 1819.5
1122530 1819.5
1122540 1818.2
1122550 1815.7
1122560 1815.7
1122570 1814.4
1122580 1812.5
1122590 1812.5
1122600 1809.9
1122610 1806.5
1122620 1806.5
1122630 1804.2
1122640 1803.0
1122650 1803.0
1122660 1799.6
1122670 1796.5
1122680 1796.5
1122690 1793.1
1122700 1788.5
1122710 1788.5
1122720 1784.7
1122730 1782.1
1122740 1779.5
1122750 1779.5
1122760 1776.7
1122770 1773.4
1122780 1773.4
1122790 1773.2
1122800 1770.9
1122810 1770.9
1122820 1767.6
1122830 1764.7
1122840 1764.7
1122850 1762.8
1122860 1764.0
1122870 1764.0
1122880 1766.2
1122890 1766.0
1122900 1766.0
1122910 1766.0
1122920 1766.8
1122930 1766.8
1122940 1766.8
1122950 1767.9
1122960 1767.9
1122970 1768.0
1122980 1769.7
1122990 1769.7
1123000 1769.6
1123010 1767.9
1123020 1765.1
1123030 1765.1
1123040 1763.4
1123050 1762.2
1123060 1762.2
1123070 1761.7
1123080 1761.9
1123090 1761.9
1123100 1762.8
1123110 1764.4
1123120 1764.4
1123130 1765.7
1123140 1761.4
1123150 1761.4
1123160 1763.2
1123170 1764.9
1123180 1764.9
1123190 1762.3
1123200 1762.2
1123210 1762.2
1123220 1762.1
1123230 1762.4
1123240 1762.4
1123250 1763.5
1123260 1765.5
1123270 1765.5
1123280 1768.1
1123290 1769.2
1123300 1769.2
1123310 1769.8
1123320 1770.5
1123330 1770.3
1123340 1770.3
1123350 1771.0
1123360 1771.3
1123370 1771.3
1123380 1771.1
1123390 1771.2
1123400 1771.2
1123410 1771.4
1123420 1771.9
1123430 1771.9
1123440 1773.0
1123450 1774.6
1123460 1774.6
1123470 1775.9
1123480 1775.3
1123490 1775.3
1123500 1773.1
1123510 1775.0
1123520 1775.0
1123530 1775.6
1123540 1772.7
1123550 1772.7
1123560 1769.4
1123570 1767.5
1123580 1767.5
1123590 1767.3
1123600 1767.7
1123610 1769.6
1123620 1769.6
1123630 1773.1
1123640 1773.6
1123650 1773.6
1123660 1772.4
1123670 1773.6
1123680 1773.6
1123690 1774.6
1123700 1772.2
1123710 1772.2
1123720 1770.0
1123730 1769.9
1123740 1769.9
1123750 1769.7
1123760 1766.8
1123770 1766.8
1123780 1766.7
1123790 1767.6
1123800 1767.6
1123810 1768.5
1123820 1771.5
1123830 1771.5
1123840 1774.2
1123850 1772.1
1123860 1772.1
1123870 1775.3
1123880 1778.7
1123890 1778.7
1123900 1782.1
1123910 1785.2
1123920 1788.0
1123930 1788.0
1123940 1792.2
1123950 1796.6
1123960 1796.6
1123970 1800.5
1123980 1803.9
1123990 1803.9
1124000 1807.3
1124010 1810.7
1124020 1810.7
1124030 1813.8
1124040 1816.5
1124050 1816.5
1124060 1819.5
1124070 1822.3
1124080 1822.3
1124090 1824.4
1124100 1825.7
1124110 1825.7
1124120 1827.8
1124130 1830.9
1124140 1830.9
1124150 1834.2
1124160 1836.8
1124170 1836.8
1124180 1839.0
1124190 1840.4
1124200 1834.7
1124210 1834.7
1124220 1837.2
1124230 1839.9
1124240 1839.9
1124250 1842.6
1124260 1845.1
1124270 1845.1
1124280 1846.7
1124290 1846.6
1124300 1846.6
1124310 1846.5
1124320 1847.7
1124330 1847.7
1124340 1849.4
1124350 1851.2
1124360 1851.2
1124370 1853.7
1124380 1855.4
1124390 1855.4
1124400 1856.7
1124410 1858.1
1124420 1858.1
1124430 1860.2
1124440 1862.1
1124450 1862.1
1124460 1862.8
1124470 1863.7
1124480 1863.7
1124490 1867.1
1124500 1868.5
1124510 1869.1
1124520 1869.1
1124530 1871.4
1124540 1872.6
1124550 1872.6
1124560 1866.1
1124570 1867.4
1124580 1867.4
1124590 1871.0
1124600 1874.6
1124610 1874.6
1124620 1878.6
1124630 1882.2
1124640 1882.2
1124650 1885.3
1124660 1889.2
1124670 1889.2
1124680 1892.5
1124690 1896.9
1124700 1896.9
1124710 1906.1
1124720 1909.3
1124730 1909.3
1124740 1912.7
1124750 1912.2
1124760 1912.2
1124770 1910.2
1124780 1911.9
1124790 1914.9
1124800 1914.9
1124810 1916.4
1124820 1916.2
1124830 1916.2
1124840 1917.9
1124850 1918.3
1124860 1918.3
1124870 1922.9
1124880 1923.4
1124890 1923.4
1124900 1933.9
1124910 1924.3
1124920 1924.3
1124930 1916.8
1124940 1910.2
1124950 1910.2
1124960 1909.2
1124970 1911.7
1124980 1911.7
1124990 1910.1
1125000 1910.5
1125010 1910.5
1125020 1910.9
1125030 1911.7
1125040 1911.7
1125050 1919.8
1125060 1918.1
1125070 1918.1
1125080 1922.4
1125090 1925.0
1125100 1925.8
1125110 1925.8
1125120 1925.9
1125130 1931.6
1125140 1931.6
1125150 1933.8
1125160 1932.0
1125170 1932.0
1125180 1932.3
1125190 1931.5
1125200 1931.5
1125210 1931.0
1125220 1931.4
1125230 1931.4
1125240 1930.9
1125250 1931.5
1125260 1931.5
1125270 1928.1
1125280 1930.9
1125290 1930.9
1125300 1934.8
1125310 1936.7
1125320 1936.7
1125330 1936.7
1125340 1935.3
1125350 1935.3
1125360 1932.4
1125370 1930.3
1125380 1929.9
1125390 1929.9
1125400 1929.3
1125410 1932.4
1125420 1932.4
1125430 1936.9
1125440 1941.9
1125450 1941.9
1125460 1972.9
1125470 1996.8
1125480 1996.8
1125490 1998.4
1125500 1999.4
1125510 1999.4
1125520 2000.1
1125530 2000.7
1125540 2000.7
1125550 2001.3
1125560 2002.2
1125570 2002.2
1125580 2003.0
1125590 2002.9
1125600 2002.9
1125610 2002.8
1125620 1997.5
1125630 1997.5
1125640 1997.0
1125650 1996.5
1125660 1996.5
1125670 1996.2
1125680 1996.2
1125690 1995.8
1125700 1995.8
1125710 1994.9
1125720 1994.7
1125730 1994.7
1125740 1994.8
1125750 1995.5
1125760 1995.5
1125770 1996.4
1125780 1996.6
1125790 1996.6
1125800 1996.7
1125810 1996.7
1125820 1996.7
1125830 1996.6
1125840 1995.8
1125850 1995.8
1125860 1992.9
1125870 1992.3
1125880 1992.3
1125890 1992.8
1125900 1993.5
1125910 1993.5
1125920 1994.0
1125930 1991.9
1125940 1991.9
1125950 1989.1
1125960 1986.8
1125970 1986.8
1125980 1981.0
1125990 1980.3
1126000 1976.1
1126010 1976.1
1126020 1970.3
1126030 1971.5
1126040 1971.5
1126050 1973.0
1126060 1970.3
1126070 1970.3
1126080 1968.7
1126090 1965.5
1126100 1965.5
1126110 1962.1
1126120 1960.9
1126130 1960.9
1126140 1956.8
1126150 1948.2
1126160 1948.2
1126170 1902.8
1126180 1870.6
1126190 1870.6
1126200 1860.3
1126210 1848.2
1126220 1848.2
1126230 1833.9
1126240 1827.7
1126250 1827.7
1126260 1822.8
1126270 1819.1
1126280 1815.1
1126290 1815.1
1126300 1811.4
1126310 1807.9
1126320 1807.9
1126330 1809.8
1126340 1805.2
1126350 1805.2
1126360 1800.2
1126370 1795.1
1126380 1795.1
1126390 1789.3
1126400 1783.2
1126410 1783.2
1126420 1778.0
1126430 1773.8
1126440 1773.8
1126450 1769.9
1126460 1766.2
1126470 1766.2
1126480 1763.9
1126490 1762.6
1126500 1762.6
1126510 1763.5
1126520 1764.3
1126530 1764.3
1126540 1759.6
1126550 1754.7
1126560 1754.7
1126570 1752.7
1126580 1749.9
1126590 1747.7
1126600 1747.7
1126610 1746.6
1126620 1745.4
1126630 1745.4
1126640 1743.8
1126650 1742.0
1126660 1742.0
1126670 1740.2
1126680 1737.5
1126690 1737.7
1126700 1735.1
1126710 1732.7
1126720 1732.7
1126730 1731.1
1126740 1730.4
1126750 1730.4
1126760 1730.4
1126770 1729.8
1126780 1729.8
1126790 1728.4
1126800 1727.8
1126810 1727.8
1126820 1725.2
1126830 1720.4
1126840 1720.4
1126850 1717.3
1126860 1711.8
1126870 1707.1
1126880 1707.1
1126890 1703.4
1126900 1700.7
1126910 1700.7
1126920 1697.3
1126930 1693.5
1126940 1693.5
1126950 1688.6
1126960 1683.5
1126970 1683.5
1126980 1679.3
1126990 1676.3
1127000 1676.3
1127010 1671.4
1127020 1665.4
1127030 1665.4
1127040 1659.6
1127050 1656.0
1127060 1656.0
1127070 1652.6
1127080 1650.1
1127090 1650.1
1127100 1646.8
1127110 1641.7
1127120 1641.7
1127130 1635.6
1127140 1630.3
1127150 1630.3
1127160 1625.0
1127170 1620.0
1127180 1615.8
1127190 1615.8
1127200 1611.9
1127210 1608.1
1127220 1608.1
1127230 1604.7
1127240 1601.0
1127250 1601.0
1127260 1597.5
1127270 1593.8
1127280 1593.8
1127290 1589.5
1127300 1586.7
1127310 1586.7
1127320 1586.1
1127330 1585.0
1127340 1585.0
1127350 1582.2
1127360 1578.1
1127370 1578.1
1127380 1576.0
1127390 1571.9
1127400 1570.6
1127410 1565.6
1127420 1560.4
1127430 1560.4
1127440 1555.4
1127450 1553.1
1127460 1551.2
1127470 1551.2
1127480 1548.2
1127490 1545.3
1127500 1545.3
1127510 1542.4
1127520 1539.4
1127530 1539.4
1127540 1534.1
1127550 1527.8
1127560 1527.8
1127570 1523.8
1127580 1521.4
1127590 1521.4
1127600 1518.7
1127610 1515.5
1127620 1515.5
1127630 1511.4
1127640 1509.2
1127650 1509.2
1127660 1508.0
1127670 1505.7
1127680 1505.7
1127690 1502.4
1127700 1500.4
1127710 1500.4
1127720 1502.4
1127730 1502.3
1127740 1502.3
1127750 1498.9
1127760 1497.3
1127770 1493.1
1127780 1493.1
1127790 1486.5
1127800 1483.2
1127810 1483.2
1127820 1484.6
1127830 1483.9
1127840 1483.9
1127850 1481.4
1127860 1478.3
1127870 1478.3
1127880 1476.0
1127890 1474.3
1127900 1474.3
1127910 1472.8
1127920 1470.0
1127930 1470.0
1127940 1468.0
1127950 1468.9
1127960 1468.9
1127970 1469.4
1127980 1469.4
1127990 1469.4
1128000 1468.0
1128010 1466.9
1128020 1466.9
1128030 1462.7
1128040 1456.6
1128050 1450.6
1128060 1450.6
1128070 1446.0
1128080 1443.7
1128090 1443.7
1128100 1441.6
1128110 1439.3
1128120 1436.4
1128130 1434.8
1128140 1433.2
1128150 1433.2
1128160 1431.0
1128170 1428.9
1128180 1428.9
1128190 1430.3
1128200 1431.5
1128210 1431.5
1128220 1431.8
1128230 1431.9
1128240 1431.9
1128250 1431.7
1128260 1430.5
1128270 1430.5
1128280 1428.1
1128290 1425.5
1128300 1425.5
1128310 1427.1
1128320 1428.9
1128330 1428.9
1128340 1429.2
1128350 1427.4
1128360 1425.1
1128370 1425.1
1128380 1422.4
1128390 1420.1
1128400 1420.1
1128410 1419.2
1128420 1418.3
1128430 1418.3
1128440 1415.2
1128450 1412.5
1128460 1412.5
1128470 1408.6
1128480 1408.8
1128490 1408.8
1128500 1407.8
1128510 1407.3
1128520 1407.3
1128530 1407.4
1128540 1407.1
1128550 1407.1
1128560 1407.0
1128570 1406.1
1128580 1406.1
1128590 1404.2
1128600 1402.5
1128610 1402.5
1128620 1400.6
1128630 1398.1
1128640 1394.0
1128650 1394.0
1128660 1390.8
1128670 1386.5
1128680 1386.5
1128690 1379.8
1128700 1374.5
1128710 1374.5
1128720 1370.5
1128730 1363.9
1128740 1363.9
1128750 1353.9
1128760 1344.6
1128770 1344.6
1128780 1334.8
1128790 1325.9
1128800 1325.9
1128810 1321.5
1128820 1316.8
1128830 1310.1
1128840 1305.8
1128850 1301.5
1128860 1301.5
1128870 1297.9
1128880 1294.9
1128890 1294.9
1128900 1291.8
1128910 1288.1
1128920 1288.1
1128930 1284.1
1128940 1281.2
1128950 1280.0
1128960 1280.0
1128970 1277.8
1128980 1273.8
1128990 1273.8
1129000 1270.0
1129010 1268.0
1129020 1268.0
1129030 1266.3
1129040 1264.8
1129050 1264.8
1129060 1263.6
1129070 1262.0
1129080 1262.0
1129090 1260.9
1129100 1260.2
1129110 1260.2
1129120 1260.0
1129130 1259.9
1129140 1259.9
1129150 1259.4
1129160 1258.5
1129170 1258.5
1129180 1257.6
1129190 1252.2
1129200 1252.2
1129210 1251.0
1129220 1249.3
1129230 1247.8
1129240 1247.8
1129250 1246.0
1129260 1243.1
1129270 1243.1
1129280 1238.7
1129290 1233.9
1129300 1233.9
1129310 1234.1
1129320 1235.0
1129330 1235.0
1129340 1235.0
1129350 1233.1
1129360 1233.1
1129370 1231.0
1129380 1230.0
1129390 1230.0
1129400 1228.5
1129410 1226.8
1129420 1226.8
1129430 1224.9
1129440 1222.8
1129450 1222.8
1129460 1221.6
1129470 1220.8
1129480 1220.8
1129490 1220.1
1129500 1219.4
1129510 1219.4
1129520 1218.3
1129530 1217.9
1129540 1217.6
1129550 1215.3
1129560 1214.5
1129570 1214.2
1129580 1214.2
1129590 1213.5
1129600 1213.0
1129610 1213.0
1129620 1212.5
1129630 1211.9
1129640 1211.9
1129650 1211.3
1129660 1210.9
1129670 1210.9
1129680 1210.3
1129690 1208.8
1129700 1208.8
1129710 1207.3
1129720 1205.5
1129730 1205.5
1129740 1203.7
1129750 1203.5
1129760 1203.5
1129770 1203.4
1129780 1202.1
1129790 1202.1
1129800 1201.5
1129810 1200.8
1129820 1200.0
1129830 1200.0
1129840 1199.5
1129850 1199.3
1129860 1199.3
1129870 1199.2
1129880 1198.8
1129890 1198.8
1129900 1197.9
1129910 1197.1
1129920 1197.1
1129930 1196.5
1129940 1196.4
1129950 1196.4
1129960 1195.9
1129970 1195.0
1129980 1195.0
1129990 1195.2
1130000 1195.1
1130010 1195.1
1130020 1195.9
1130030 1198.6
1130040 1198.6
1130050 1203.2
1130060 1206.2
1130070 1206.2
1130080 1207.4
1130090 1206.9
1130100 1206.9
1130110 1202.8
1130120 1198.9
1130130 1195.8
1130140 1195.8
1130150 1193.0
1130160 1189.9
1130170 1189.9
1130180 1188.1
1130190 1187.7
1130200 1187.7
1130210 1187.2
1130220 1187.0
1130230 1187.0
1130240 1186.8
1130250 1186.7
1130260 1186.7
1130270 1186.1
1130280 1186.0
1130290 1186.0
1130300 1187.8
1130310 1189.4
1130320 1189.4
1130330 1192.3
1130340 1195.9
1130350 1195.9
1130360 1201.0
1130370 1203.8
1130380 1203.8
1130390 1208.2
1130400 1210.3
1130410 1212.2
1130420 1212.2
1130430 1211.7
1130440 1206.1
1130450 1206.1
1130460 1205.9
1130470 1212.7
1130480 1212.7
1130490 1212.3
1130500 1211.5
1130510 1211.5
1130520 1213.9
1130530 1216.1
1130540 1216.1
1130550 1216.6
1130560 1218.8
1130570 1218.8
1130580 1219.4
1130590 1220.8
1130600 1220.8
1130610 1222.1
1130620 1223.3
1130630 1224.0
1130640 1225.1
1130650 1226.3
1130660 1226.3
1130670 1227.8
1130680 1230.2
1130690 1230.2
1130700 1231.9
1130710 1234.8
1130720 1237.3
1130730 1237.3
1130740 1240.4
1130750 1241.9
1130760 1241.9
1130770 1242.9
1130780 1244.1
1130790 1244.1
1130800 1244.9
1130810 1245.8
1130820 1245.8
1130830 1246.5
1130840 1246.7
1130850 1246.7
1130860 1246.5
1130870 1249.4
1130880 1249.4
1130890 1251.7
1130900 1252.0
1130910 1252.0
1130920 1249.0
1130930 1247.5
1130940 1247.5
1130950 1246.8
1130960 1247.4
1130970 1247.4
1130980 1248.9
1130990 1253.8
1131000 1255.6
1131010 1255.6
1131020 1257.4
1131030 1258.5
1131040 1258.5
1131050 1259.1
1131060 1258.6
1131070 1258.6
1131080 1255.5
1131090 1252.8
1131100 1252.8
1131110 1252.9
1131120 1253.9
1131130 1253.9
1131140 1255.5
1131150 1255.8
1131160 1255.8
1131170 1255.5
1131180 1255.4
1131190 1255.4
1131200 1255.7
1131210 1256.2
1131220 1256.2
1131230 1256.5
1131240 1256.8
1131250 1256.8
1131260 1254.1
1131270 1252.0
1131280 1252.0
1131290 1250.9
1131300 1250.5
1131310 1250.1
1131320 1250.1
1131330 1250.3
1131340 1250.0
1131350 1248.6
1131360 1247.0
1131370 1245.8
1131380 1245.8
1131390 1244.3
1131400 1241.0
1131410 1241.0
1131420 1238.3
1131430 1235.2
1131440 1235.2
1131450 1231.5
1131460 1227.1
1131470 1227.1
1131480 1223.0
1131490 1218.8
1131500 1218.8
1131510 1214.1
1131520 1209.7
1131530 1209.7
1131540 1206.4
1131550 1203.8
1131560 1203.8
1131570 1202.0
1131580 1201.4
1131590 1199.2
1131600 1199.2
1131610 1196.1
1131620 1194.0
1131630 1194.0
1131640 1191.6
1131650 1188.8
1131660 1188.8
1131670 1185.7
1131680 1182.9
1131690 1182.9
1131700 1179.9
1131710 1174.4
1131720 1174.4
1131730 1171.2
1131740 1168.6
1131750 1168.6
1131760 1165.8
1131770 1162.8
1131780 1162.8
1131790 1160.2
1131800 1157.5
1131810 1157.5
1131820 1154.9
1131830 1152.3
1131840 1152.3
1131850 1149.7
1131860 1146.9
1131870 1146.9
1131880 1144.2
1131890 1141.8
1131900 1139.2
1131910 1139.2
1131920 1136.2
1131930 1134.4
1131940 1134.4
1131950 1134.7
1131960 1134.9
1131970 1134.9
1131980 1133.6
1131990 1131.8
1132000 1131.8
1132010 1129.1
1132020 1125.6
1132030 1125.6
1132040 1122.3
1132050 1121.2
1132060 1121.2
1132070 1123.4
1132080 1121.5
1132090 1121.5
1132100 1119.3
1132110 1117.5
1132120 1117.5
1132130 1115.3
1132140 1113.4
1132150 1113.4
1132160 1113.3
1132170 1114.4
1132180 1114.0
1132190 1114.0
1132200 1112.9
1132210 1111.3
1132220 1111.3
1132230 1109.2
1132240 1107.4
1132250 1107.4
1132260 1106.5
1132270 1106.0
1132280 1106.0
1132290 1105.6
1132300 1105.1
1132310 1105.1
1132320 1105.6
1132330 1106.2
1132340 1106.2
1132350 1106.2
1132360 1106.3
1132370 1106.3
1132380 1105.4
1132390 1103.2
1132400 1103.2
1132410 1100.7
1132420 1098.9
1132430 1098.9
1132440 1095.4
1132450 1093.0
1132460 1093.0
1132470 1091.8
1132480 1090.2
1132490 1088.4
1132500 1088.4
1132510 1084.9
1132520 1082.4
1132530 1082.4
1132540 1080.7
1132550 1078.7
1132560 1078.7
1132570 1076.9
1132580 1075.7
1132590 1075.7
1132600 1072.6
1132610 1070.1
1132620 1070.1
1132630 1068.8
1132640 1067.1
1132650 1067.1
1132660 1065.3
1132670 1064.0
1132680 1064.0
1132690 1061.4
1132700 1059.0
1132710 1059.0
1132720 1057.7
1132730 1057.1
1132740 1057.1
1132750 1054.6
1132760 1050.5
1132770 1044.3
1132780 1044.3
1132790 1042.6
1132800 1040.5
1132810 1040.5
1132820 1041.0
1132830 1041.5
1132840 1041.5
1132850 1043.3
1132860 1043.7
1132870 1043.7
1132880 1044.4
1132890 1047.5
1132900 1047.5
1132910 1052.2
1132920 1059.1
1132930 1059.1
1132940 1066.0
1132950 1067.4
1132960 1067.4
1132970 1068.5
1132980 1068.0
1132990 1068.0
1133000 1067.7
1133010 1068.9
1133020 1068.9
1133030 1070.3
1133040 1072.0
1133050 1072.0
1133060 1074.4
1133070 1075.4
1133080 1076.5
1133090 1076.5
1133100 1077.9
1133110 1079.7
1133120 1079.7
1133130 1081.5
1133140 1083.2
1133150 1083.2
1133160 1087.9
1133170 1090.9
1133180 1090.9
1133190 1093.7
1133200 1096.9
1133210 1096.9
1133220 1101.1
1133230 1104.8
1133240 1104.8
1133250 1108.3
1133260 1112.2
1133270 1112.2
1133280 1116.3
1133290 1120.5
1133300 1120.5
1133310 1125.2
1133320 1128.4
1133330 1128.4
1133340 1131.8
1133350 1135.4
1133360 1138.8
1133370 1138.8
1133380 1141.7
1133390 1145.4
1133400 1145.4
1133410 1150.3
1133420 1156.0
1133430 1156.0
1133440 1161.9
1133450 1167.7
1133460 1167.7
1133470 1173.8
1133480 1180.0
1133490 1180.0
1133500 1186.5
1133510 1193.8
1133520 1197.2
1133530 1204.6
1133540 1211.9
1133550 1211.9
1133560 1218.7
1133570 1225.5
1133580 1225.5
1133590 1230.6
1133600 1236.6
1133610 1236.6
1133620 1245.7
1133630 1256.7
1133640 1256.7
1133650 1269.1
1133660 1285.5
1133670 1299.1
1133680 1299.1
1133690 1310.9
1133700 1320.5
1133710 1320.5
1133720 1328.2
1133730 1334.5
1133740 1334.5
1133750 1340.9
1133760 1347.5
1133770 1347.5
1133780 1354.3
1133790 1361.4
1133800 1361.4
1133810 1367.7
1133820 1373.0
1133830 1373.0
1133840 1377.5
1133850 1381.2
1133860 1381.2
1133870 1383.2
1133880 1383.3
1133890 1386.5
1133900 1385.8
1133910 1384.1
1133920 1384.1
1133930 1380.2
1133940 1376.0
1133950 1372.6
1133960 1372.6
1133970 1367.6
1133980 1362.0
1133990 1362.0
1134000 1357.5
1134010 1352.4
1134020 1352.4
1134030 1346.3
1134040 1339.8
1134050 1339.8
1134060 1333.2
1134070 1326.9
1134080 1326.9
1134090 1320.6
1134100 1314.0
1134110 1314.0
1134120 1307.6
1134130 1302.5
1134140 1302.5
1134150 1303.5
1134160 1312.6
1134170 1312.6
1134180 1320.8
1134190 1327.7
1134200 1327.7
1134210 1332.7
1134220 1335.2
1134230 1335.2
1134240 1336.7
1134250 1340.6
1134260 1342.7
1134270 1342.7
1134280 1347.2
1134290 1355.2
1134300 1355.2
1134310 1362.7
1134320 1369.5
1134330 1369.5
1134340 1375.6
1134350 1381.6
1134360 1381.6
1134370 1387.4
1134380 1393.2
1134390 1393.2
1134400 1399.2
1134410 1405.8
1134420 1405.8
1134430 1412.4
1134440 1419.4
1134450 1419.4
1134460 1427.4
1134470 1435.1
1134480 1435.1
1134490 1443.2
1134500 1450.8
1134510 1450.8
1134520 1457.3
1134530 1463.2
1134540 1466.6
1134550 1466.6
1134560 1467.7
1134570 1472.0
1134580 1472.0
1134590 1475.4
1134600 1479.1
1134610 1482.6
1134620 1487.0
1134630 1491.8
1134640 1491.8
1134650 1497.4
1134660 1503.3
1134670 1503.3
1134680 1509.2
1134690 1514.9
1134700 1514.9
1134710 1520.5
1134720 1525.4
1134730 1525.4
1134740 1529.8
1134750 1533.6
1134760 1533.6
1134770 1537.4
1134780 1540.7
1134790 1540.7
1134800 1544.3
1134810 1547.5
1134820 1547.5
1134830 1550.6
1134840 1554.6
1134850 1559.1
1134860 1559.1
1134870 1562.5
1134880 1566.0
1134890 1566.0
1134900 1569.1
1134910 1572.0
1134920 1572.0
1134930 1575.9
1134940 1581.5
1134950 1581.5
1134960 1587.6
1134970 1590.1
1134980 1598.8
1134990 1600.7
1135000 1608.1
1135010 1608.1
1135020 1613.3
1135030 1618.9
1135040 1618.9
1135050 1623.9
1135060 1628.6
1135070 1628.6
1135080 1632.7
1135090 1640.7
1135100 1640.7
1135110 1647.9
1135120 1649.2
1135130 1641.4
1135140 1641.4
1135150 1635.1
1135160 1643.0
1135170 1643.0
1135180 1650.3
1135190 1648.8
1135200 1648.8
1135210 1651.4
1135220 1648.3
1135230 1648.3
1135240 1647.9
1135250 1654.2
1135260 1654.2
1135270 1662.7
1135280 1673.5
1135290 1673.5
1135300 1683.4
1135310 1691.3
1135320 1691.3
1135330 1694.3
1135340 1707.0
1135350 1707.0
1135360 1708.3
1135370 1712.4
1135380 1712.4
1135390 1716.5
1135400 1725.3
1135410 1725.3
1135420 1734.3
1135430 1738.8
1135440 1739.8
1135450 1739.8
1135460 1745.2
1135470 1752.3
1135480 1752.3
1135490 1760.2
1135500 1766.8
1135510 1766.8
1135520 1770.0
1135530 1773.2
1135540 1773.2
1135550 1774.3
1135560 1770.1
1135570 1770.1
1135580 1763.8
1135590 1757.6
1135600 1757.6
1135610 1750.4
1135620 1742.4
1135630 1742.4
1135640 1735.4
1135650 1728.6
1135660 1728.6
1135670 1722.7
1135680 1718.3
1135690 1718.3
1135700 1713.2
1135710 1708.2
1135720 1701.9
1135730 1701.9
1135740 1696.0
1135750 1690.2
1135760 1690.2
1135770 1684.2
1135780 1678.1
1135790 1678.1
1135800 1671.9
1135810 1665.5
1135820 1665.5
1135830 1659.0
1135840 1652.8
1135850 1652.8
1135860 1646.6
1135870 1640.5
1135880 1640.5
1135890 1634.2
1135900 1628.0
1135910 1628.0
1135920 1622.0
1135930 1616.0
1135940 1616.0
1135950 1610.7
1135960 1605.7
1135970 1605.7
1135980 1600.9
1135990 1596.5
1136000 1596.5
1136010 1592.2
1136020 1588.8
1136030 1585.6
1136040 1585.6
1136050 1582.1
1136060 1579.1
1136070 1579.9
1136080 1577.7
1136090 1574.7
1136100 1574.7
1136110 1567.6
1136120 1559.2
1136130 1559.2
1136140 1551.3
1136150 1543.2
1136160 1543.2
1136170 1544.6
1136180 1551.3
1136190 1551.3
1136200 1555.3
1136210 1559.2
1136220 1559.2
1136230 1566.0
1136240 1572.7
1136250 1572.7
1136260 1577.5
1136270 1581.1
1136280 1581.1
1136290 1584.9
1136300 1590.3
1136310 1594.8
1136320 1594.8
1136330 1598.3
1136340 1602.0
1136350 1602.0
1136360 1606.0
1136370 1610.2
1136380 1610.2
1136390 1614.3
1136400 1618.6
1136410 1618.6
1136420 1623.3
1136430 1628.8
1136440 1630.6
1136450 1635.6
1136460 1640.6
1136470 1640.6
1136480 1647.0
1136490 1652.7
1136500 1652.7
1136510 1658.3
1136520 1664.1
1136530 1664.1
1136540 1670.8
1136550 1677.8
1136560 1677.8
1136570 1684.8
1136580 1691.4
1136590 1697.8
1136600 1697.8
1136610 1703.9
1136620 1710.0
1136630 1710.0
1136640 1716.2
1136650 1721.6
1136660 1721.6
1136670 1727.1
1136680 1731.6
1136690 1731.6
1136700 1737.7
1136710 1744.6
1136720 1744.6
1136730 1751.9
1136740 1758.9
1136750 1758.9
1136760 1765.8
1136770 1772.9
1136780 1772.9
1136790 1779.7
1136800 1786.6
1136810 1788.9
1136820 1796.0
1136830 1803.3
1136840 1803.3
1136850 1810.5
1136860 1818.1
1136870 1818.1
1136880 1825.9
1136890 1834.0
1136900 1842.7
1136910 1842.7
1136920 1850.9
1136930 1858.7
1136940 1858.7
1136950 1867.9
1136960 1878.0
1136970 1878.0
1136980 1885.7
1136990 1892.1
1137000 1892.1
1137010 1899.8
1137020 1906.4
1137030 1906.4
1137040 1911.9
1137050 1915.9
1137060 1915.9
1137070 1920.2
1137080 1925.0
1137090 1925.0
1137100 1930.8
1137110 1936.7
1137120 1936.7
1137130 1942.9
1137140 1949.1
1137150 1949.1
1137160 1956.1
1137170 1963.7
1137180 1968.3
1137190 1968.3
1137200 1973.2
1137210 1977.7
1137220 1977.7
1137230 1980.9
1137240 1980.5
1137250 1980.5
1137260 1975.9
1137270 1971.9
1137280 1971.9
1137290 1968.3
1137300 1965.2
1137310 1965.2
1137320 1962.6
1137330 1959.8
1137340 1959.8
1137350 1956.7
1137360 1953.6
1137370 1953.6
1137380 1950.5
1137390 1947.0
1137400 1947.0
1137410 1943.9
1137420 1940.5
1137430 1940.5
1137440 1936.6
1137450 1931.9
1137460 1931.9
1137470 1927.6
1137480 1923.4
1137490 1918.3
1137500 1918.3
1137510 1915.4
1137520 1912.6
1137530 1912.6
1137540 1904.7
1137550 1901.5
1137560 1901.5
