1120000 1322.7
1120010 1324.0
1120020 1323.6
1120030 1326.7
1120040 1326.7
1120050 1324.8
1120060 1324.8
1120070 1322.9
1120080 1318.8
1120090 1318.8
1120100 1315.4
1120110 1315.3
1120120 1315.3
1120130 1316.2
1120140 1318.1
1120150 1318.1
1120160 1318.4
1120170 1318.2
1120180 1318.2
1120190 1320.8
1120200 1324.8
1120210 1326.3
1120220 1326.3
1120230 1327.2
1120240 1328.9
1120250 1328.9
1120260 1330.9
1120270 1333.0
1120280 1333.0
1120290 1335.0
1120300 1336.5
1120310 1336.5
1120320 1338.3
1120330 1341.0
1120340 1341.0
1120350 1343.6
1120360 1346.0
1120370 1346.0
1120380 1349.9
1120390 1353.2
1120400 1353.2
1120410 1358.7
1120420 1366.3
1120430 1366.3
1120440 1376.0
1120450 1382.3
1120460 1382.3
1120470 1385.2
1120480 1388.1
1120490 1388.1
1120500 1390.9
1120510 1396.5
1120520 1403.7
1120530 1403.7
1120540 1407.0
1120550 1407.7
1120560 1407.7
1120570 1410.5
1120580 1415.0
1120590 1415.0
1120600 1420.8
1120610 1419.9
1120620 1419.9
1120630 1420.6
1120640 1423.8
1120650 1423.8
1120660 1427.0
1120670 1425.3
1120680 1425.3
1120690 1424.8
1120700 1426.7
1120710 1426.7
1120720 1429.0
1120730 1436.0
1120740 1436.0
1120750 1437.8
1120760 1440.0
1120770 1440.0
1120780 1443.2
1120790 1449.3
1120800 1455.1
1120810 1455.1
1120820 1458.3
1120830 1459.6
1120840 1459.6
1120850 1461.3
1120860 1466.0
1120870 1466.0
1120880 1471.5
1120890 1474.9
1120900 1474.9
1120910 1475.6
1120920 1474.4
1120930 1474.4
1120940 1477.3
1120950 1481.8
1120960 1481.8
1120970 1486.2
1120980 1489.9
1120990 1489.9
1121000 1490.2
1121010 1490.9
1121020 1490.9
1121030 1492.7
1121040 1494.3
1121050 1494.3
1121060 1496.2
1121070 1500.0
1121080 1503.8
1121090 1522.8
1121100 1518.8
1121110 1518.5
1121120 1518.5
1121130 1520.5
1121140 1521.0
1121150 1521.0
1121160 1531.0
1121170 1541.0
1121180 1541.0
1121190 1544.4
1121200 1540.6
1121210 1540.6
1121220 1539.7
1121230 1539.1
1121240 1539.1
1121250 1537.7
1121260 1542.4
1121270 1542.4
1121280 1546.8
1121290 1551.7
1121300 1551.7
1121310 1556.9
1121320 1562.8
1121330 1562.8
1121340 1567.9
1121350 1574.1
1121360 1574.1
1121370 1580.0
1121380 1583.7
1121390 1583.7
1121400 1586.8
1121410 1589.8
1121420 1592.8
1121430 1597.8
1121440 1600.4
1121450 1602.9
1121460 1602.9
1121470 1604.8
1121480 1605.1
1121490 1605.1
1121500 1605.6
1121510 1605.2
1121520 1605.2
1121530 1606.1
1121540 1605.8
1121550 1605.8
1121560 1606.8
1121570 1607.7
1121580 1607.7
1121590 1608.6
1121600 1608.6
1121610 1608.6
1121620 1608.0
1121630 1607.0
1121640 1607.0
1121650 1605.5
1121660 1603.5
1121670 1603.5
1121680 1601.6
1121690 1599.7
1121700 1597.8
1121710 1597.8
1121720 1594.7
1121730 1592.3
1121740 1592.3
1121750 1590.4
1121760 1587.2
1121770 1587.2
1121780 1593.1
1121790 1596.5
1121800 1596.5
1121810 1598.0
1121820 1599.9
1121830 1599.9
1121840 1602.3
1121850 1604.8
1121860 1604.8
1121870 1606.6
1121880 1608.1
1121890 1608.1
1121900 1610.2
1121910 1612.7
1121920 1612.7
1121930 1615.3
1121940 1617.3
1121950 1617.3
1121960 1617.7
1121970 1619.0
1121980 1619.0
1121990 1621.9
1122000 1624.1
1122010 1625.7
1122020 1625.7
1122030 1626.3
1122040 1625.3
1122050 1625.3
1122060 1627.7
1122070 1632.2
1122080 1632.2
1122090 1635.3
1122100 1638.8
1122110 1638.8
1122120 1640.9
1122130 1649.9
1122140 1649.9
1122150 1649.2
1122160 1648.7
1122170 1648.7
1122180 1647.3
1122190 1645.8
1122200 1645.8
1122210 1645.7
1122220 1646.0
1122230 1646.0
1122240 1646.2
1122250 1646.1
1122260 1646.1
1122270 1646.2
1122280 1646.6
1122290 1646.6
1122300 1647.8
1122310 1648.9
1122320 1649.1
1122330 1649.1
1122340 1648.7
1122350 1646.1
1122360 1646.1
1122370 1643.4
1122380 1640.5
1122390 1640.5
1122400 1637.0
1122410 1633.2
1122420 1633.2
1122430 1630.1
1122440 1631.6
1122450 1631.6
1122460 1633.4
1122470 1636.1
1122480 1641.1
1122490 1644.0
1122500 1646.1
1122510 1646.1
1122520 1649.4
1122530 1651.5
1122540 1651.5
1122550 1653.1
1122560 1654.5
1122570 1654.5
1122580 1655.3
1122590 1656.8
1122600 1658.1
1122610 1658.1
1122620 1659.2
1122630 1659.9
1122640 1659.9
1122650 1659.8
1122660 1659.6
1122670 1659.6
1122680 1659.7
1122690 1659.3
1122700 1659.3
1122710 1658.3
1122720 1657.5
1122730 1657.5
1122740 1657.5
1122750 1657.9
1122760 1657.9
1122770 1658.4
1122780 1658.8
1122790 1658.8
1122800 1659.8
1122810 1660.2
1122820 1660.2
1122830 1665.2
1122840 1663.8
1122850 1663.8
1122860 1662.7
1122870 1661.5
1122880 1661.5
1122890 1659.6
1122900 1658.1
1122910 1656.3
1122920 1656.3
1122930 1654.2
1122940 1653.5
1122950 1653.5
1122960 1653.6
1122970 1653.6
1122980 1653.6
1122990 1652.8
1123000 1652.2
1123010 1652.2
1123020 1651.9
1123030 1652.4
1123040 1652.4
1123050 1652.7
1123060 1654.3
1123070 1654.3
1123080 1655.7
1123090 1658.1
1123100 1658.1
1123110 1660.0
1123120 1661.8
1123130 1661.8
1123140 1663.6
1123150 1664.3
1123160 1664.3
1123170 1665.6
1123180 1668.2
1123190 1672.4
1123200 1672.4
1123210 1673.9
1123220 1676.8
1123230 1676.8
1123240 1679.5
1123250 1681.2
1123260 1681.2
1123270 1684.9
1123280 1688.4
1123290 1688.4
1123300 1691.1
1123310 1694.5
1123320 1694.5
1123330 1698.0
1123340 1700.9
1123350 1700.9
1123360 1704.6
1123370 1708.3
1123380 1708.3
1123390 1711.3
1123400 1714.9
1123410 1714.9
1123420 1718.7
1123430 1721.1
1123440 1721.1
1123450 1724.3
1123460 1728.0
1123470 1728.0
1123480 1731.6
1123490 1735.7
1123500 1740.3
1123510 1740.3
1123520 1745.2
1123530 1749.8
1123540 1751.2
1123550 1755.4
1123560 1759.6
1123570 1759.6
1123580 1764.1
1123590 1768.5
1123600 1768.5
1123610 1772.7
1123620 1776.7
1123630 1776.7
1123640 1781.0
1123650 1785.0
1123660 1785.0
1123670 1788.9
1123680 1792.9
1123690 1792.9
1123700 1796.7
1123710 1799.8
1123720 1799.8
1123730 1803.0
1123740 1807.8
1123750 1807.8
1123760 1813.0
1123770 1818.0
1123780 1818.0
1123790 1822.2
1123800 1826.9
1123810 1831.7
1123820 1831.7
1123830 1837.0
1123840 1842.4
1123850 1842.4
1123860 1848.4
1123870 1854.6
1123880 1854.6
1123890 1862.9
1123900 1869.5
1123910 1869.5
1123920 1876.0
1123930 1881.8
1123940 1881.8
1123950 1886.3
1123960 1890.3
1123970 1890.3
1123980 1893.8
1123990 1898.6
1124000 1898.6
1124010 1911.5
1124020 1922.5
1124030 1922.5
1124040 1929.0
1124050 1936.6
1124060 1936.6
1124070 1946.7
1124080 1954.6
1124090 1956.7
1124100 1956.7
1124110 1961.1
1124120 1967.8
1124130 1967.8
1124140 1976.1
1124150 1988.9
1124160 1988.9
1124170 1999.2
1124180 2012.8
1124190 2012.8
1124200 2018.4
1124210 2009.7
1124220 2009.7
1124230 2005.9
1124240 2008.0
1124250 2017.7
1124260 2018.1
1124270 2022.7
1124280 2022.7
1124290 2032.1
1124300 2040.1
1124310 2040.1
1124320 2045.9
1124330 2055.4
1124340 2055.4
1124350 2065.2
1124360 2075.3
1124370 2075.3
1124380 2086.0
1124390 2096.7
1124400 2111.3
1124410 2111.3
1124420 2121.9
1124430 2120.6
1124440 2120.6
1124450 2113.4
1124460 2106.6
1124470 2106.6
1124480 2099.4
1124490 2092.5
1124500 2092.5
1124510 2085.9
1124520 2079.1
1124530 2079.1
1124540 2072.6
1124550 2066.3
1124560 2066.3
1124570 2059.8
1124580 2053.2
1124590 2053.2
1124600 2047.2
1124610 2040.7
1124620 2040.7
1124630 2034.5
1124640 2029.7
1124650 2029.7
1124660 2024.8
1124670 2020.2
1124680 2015.4
1124690 2015.4
1124700 2011.1
1124710 2008.5
1124720 2008.5
1124730 2007.5
1124740 2005.5
1124750 2005.5
1124760 2004.6
1124770 2002.7
1124780 2002.7
1124790 2002.4
1124800 2003.7
1124810 2003.7
1124820 2004.9
1124830 2005.2
1124840 2005.2
1124850 2004.6
1124860 2006.5
1124870 2006.5
1124880 2009.4
1124890 2012.6
1124900 2012.6
1124910 2016.6
1124920 2019.9
1124930 2019.9
1124940 2027.1
1124950 2023.2
1124960 2023.2
1124970 2029.2
1124980 2028.1
1124990 2024.4
1125000 2024.4
1125010 2020.8
1125020 2017.7
1125030 2017.7
1125040 2015.0
1125050 2012.2
1125060 2012.2
1125070 2012.1
1125080 2011.4
1125090 2011.4
1125100 2008.5
1125110 2005.7
1125120 2005.7
1125130 2000.3
1125140 1994.3
1125150 1994.3
1125160 1988.6
1125170 1984.5
1125180 1984.5
1125190 1980.2
1125200 1976.1
1125210 1976.1
1125220 1972.2
1125230 1968.3
1125240 1968.3
1125250 1965.5
1125260 1962.2
1125270 1962.2
1125280 1959.0
1125290 1956.2
1125300 1953.6
1125310 1953.8
1125320 1950.1
1125330 1947.1
1125340 1947.1
1125350 1945.8
1125360 1944.5
1125370 1944.5
1125380 1941.9
1125390 1939.6
1125400 1939.6
1125410 1937.7
1125420 1935.4
1125430 1935.4
1125440 1933.8
1125450 1935.6
1125460 1935.6
1125470 1937.0
1125480 1936.4
1125490 1936.4
1125500 1934.7
1125510 1932.4
1125520 1932.4
1125530 1927.6
1125540 1923.9
1125550 1923.9
1125560 1919.1
1125570 1915.7
1125580 1913.8
1125590 1913.8
1125600 1913.6
1125610 1913.0
1125620 1913.0
1125630 1910.4
1125640 1908.4
1125650 1908.4
1125660 1903.1
1125670 1901.2
1125680 1901.2
1125690 1900.3
1125700 1900.6
1125710 1900.6
1125720 1898.9
1125730 1895.2
1125740 1895.2
1125750 1893.1
1125760 1891.4
1125770 1891.4
1125780 1889.7
1125790 1889.2
1125800 1889.2
1125810 1888.0
1125820 1886.0
1125830 1886.0
1125840 1885.2
1125850 1884.2
1125860 1884.2
1125870 1883.2
1125880 1882.3
1125890 1880.8
1125900 1880.8
1125910 1877.8
1125920 1874.8
1125930 1874.8
1125940 1873.1
1125950 1871.0
1125960 1871.0
1125970 1868.3
1125980 1865.6
1125990 1865.6
1126000 1866.0
1126010 1866.7
1126020 1866.0
1126030 1865.5
1126040 1863.7
1126050 1863.7
1126060 1861.0
1126070 1861.1
1126080 1861.1
1126090 1862.7
1126100 1860.7
1126110 1860.7
1126120 1857.8
1126130 1855.3
1126140 1855.3
1126150 1855.8
1126160 1856.8
1126170 1857.9
1126180 1857.9
1126190 1859.7
1126200 1861.3
1126210 1861.3
1126220 1860.8
1126230 1857.3
1126240 1857.3
1126250 1853.0
1126260 1847.4
1126270 1847.4
1126280 1843.2
1126290 1844.4
1126300 1844.4
1126310 1843.0
1126320 1844.7
1126330 1844.7
1126340 1845.5
1126350 1843.7
1126360 1843.7
1126370 1838.2
1126380 1835.2
1126390 1835.2
1126400 1834.8
1126410 1834.4
1126420 1834.4
1126430 1835.5
1126440 1838.8
1126450 1838.8
1126460 1838.5
1126470 1837.9
1126480 1837.0
1126490 1837.0
1126500 1837.4
1126510 1840.2
1126520 1840.2
1126530 1838.2
1126540 1835.6
1126550 1835.6
1126560 1834.2
1126570 1831.5
1126580 1831.5
1126590 1828.2
1126600 1825.2
1126610 1825.2
1126620 1823.2
1126630 1820.0
1126640 1820.0
1126650 1817.3
1126660 1815.6
1126670 1815.6
1126680 1815.1
1126690 1814.4
1126700 1814.4
1126710 1813.3
1126720 1811.8
1126730 1811.4
1126740 1809.9
1126750 1809.4
1126760 1809.4
1126770 1807.9
1126780 1808.5
1126790 1808.2
1126800 1808.2
1126810 1807.1
1126820 1805.1
1126830 1805.1
1126840 1802.5
1126850 1799.0
1126860 1799.0
1126870 1797.9
1126880 1798.5
1126890 1798.5
1126900 1798.0
1126910 1796.2
1126920 1796.2
1126930 1794.2
1126940 1792.3
1126950 1792.3
1126960 1790.3
1126970 1789.0
1126980 1789.0
1126990 1785.3
1127000 1782.3
1127010 1782.3
1127020 1784.0
1127030 1788.0
1127040 1788.0
1127050 1787.9
1127060 1784.7
1127070 1781.1
1127080 1781.1
1127090 1777.1
1127100 1774.8
1127110 1774.8
1127120 1772.9
1127130 1771.2
1127140 1771.2
1127150 1770.6
1127160 1769.6
1127170 1769.6
1127180 1768.0
1127190 1765.7
1127200 1765.7
1127210 1763.5
1127220 1761.9
1127230 1761.9
1127240 1759.9
1127250 1757.3
1127260 1757.3
1127270 1754.1
1127280 1752.2
1127290 1752.2
1127300 1752.4
1127310 1752.5
1127320 1752.5
1127330 1750.6
1127340 1749.2
1127350 1749.2
1127360 1748.3
1127370 1747.3
1127380 1748.8
1127390 1748.8
1127400 1749.2
1127410 1747.6
1127420 1747.6
1127430 1744.6
1127440 1743.1
1127450 1741.3
1127460 1739.0
1127470 1737.0
1127480 1737.0
1127490 1735.7
1127500 1733.7
1127510 1733.7
1127520 1730.9
1127530 1727.8
1127540 1727.8
1127550 1724.0
1127560 1721.7
1127570 1721.7
1127580 1718.9
1127590 1716.0
1127600 1716.0
1127610 1714.3
1127620 1712.5
1127630 1712.5
1127640 1710.6
1127650 1707.9
1127660 1705.8
1127670 1705.8
1127680 1704.8
1127690 1704.1
1127700 1704.1
1127710 1703.4
1127720 1701.9
1127730 1701.9
1127740 1699.8
1127750 1698.3
1127760 1698.3
1127770 1698.4
1127780 1698.8
1127790 1698.8
1127800 1697.8
1127810 1695.6
1127820 1695.6
1127830 1690.5
1127840 1686.1
1127850 1686.1
1127860 1682.7
1127870 1679.4
1127880 1679.4
1127890 1676.1
1127900 1672.4
1127910 1672.4
1127920 1668.6
1127930 1664.8
1127940 1664.8
1127950 1662.6
1127960 1660.7
1127970 1657.6
1127980 1657.6
1127990 1654.2
1128000 1650.5
1128010 1650.5
1128020 1646.8
1128030 1642.8
1128040 1642.8
1128050 1639.2
1128060 1636.0
1128070 1636.0
1128080 1633.2
1128090 1630.2
1128100 1630.2
1128110 1627.5
1128120 1625.2
1128130 1625.2
1128140 1623.0
1128150 1620.5
1128160 1618.4
1128170 1616.6
1128180 1615.7
1128190 1615.7
1128200 1613.8
1128210 1611.7
1128220 1611.7
1128230 1609.7
1128240 1607.0
1128250 1603.9
1128260 1603.9
1128270 1602.3
1128280 1602.5
1128290 1602.5
1128300 1599.3
1128310 1595.4
1128320 1595.4
1128330 1592.0
1128340 1588.0
1128350 1588.0
1128360 1583.6
1128370 1578.2
1128380 1578.2
1128390 1573.7
1128400 1570.5
1128410 1570.5
1128420 1566.8
1128430 1561.9
1128440 1561.9
1128450 1559.8
1128460 1558.9
1128470 1558.9
1128480 1558.0
1128490 1554.7
1128500 1554.7
1128510 1551.5
1128520 1549.2
1128530 1549.2
1128540 1545.8
1128550 1541.3
1128560 1535.9
1128570 1535.9
1128580 1531.9
1128590 1529.7
1128600 1529.7
1128610 1527.2
1128620 1524.1
1128630 1524.1
1128640 1521.0
1128650 1517.3
1128660 1517.3
1128670 1514.3
1128680 1512.9
1128690 1512.9
1128700 1511.1
1128710 1508.2
1128720 1508.2
1128730 1506.9
1128740 1506.0
1128750 1506.0
1128760 1503.7
1128770 1500.5
1128780 1500.5
1128790 1497.1
1128800 1494.5
1128810 1494.5
1128820 1494.3
1128830 1491.7
1128840 1491.7
1128850 1487.1
1128860 1482.2
1128870 1477.4
1128880 1477.2
1128890 1475.4
1128900 1473.6
1128910 1473.6
1128920 1470.0
1128930 1465.7
1128940 1465.7
1128950 1461.5
1128960 1457.1
1128970 1457.1
1128980 1452.9
1128990 1448.3
1129000 1448.3
1129010 1444.6
1129020 1440.2
1129030 1440.2
1129040 1435.2
1129050 1430.9
1129060 1430.9
1129070 1428.3
1129080 1424.5
1129090 1424.5
1129100 1419.9
1129110 1417.9
1129120 1417.9
1129130 1417.3
1129140 1414.5
1129150 1411.1
1129160 1411.1
1129170 1407.8
1129180 1404.4
1129190 1404.4
1129200 1400.5
1129210 1396.8
1129220 1396.8
1129230 1394.4
1129240 1392.7
1129250 1392.7
1129260 1389.2
1129270 1385.6
1129280 1385.6
1129290 1383.7
1129300 1382.2
1129310 1382.2
1129320 1379.5
1129330 1376.2
1129340 1376.2
1129350 1372.4
1129360 1370.6
1129370 1370.6
1129380 1367.6
1129390 1363.7
1129400 1363.7
1129410 1361.7
1129420 1361.8
1129430 1361.8
1129440 1362.0
1129450 1359.9
1129460 1355.9
1129470 1355.9
1129480 1351.1
1129490 1346.8
1129500 1346.8
1129510 1341.8
1129520 1336.4
1129530 1336.4
1129540 1332.2
1129550 1329.8
1129560 1329.8
1129570 1327.8
1129580 1325.0
1129590 1323.0
1129600 1320.7
1129610 1317.9
1129620 1317.9
1129630 1314.5
1129640 1312.1
1129650 1312.1
1129660 1308.8
1129670 1304.8
1129680 1304.8
1129690 1301.8
1129700 1299.4
1129710 1299.4
1129720 1296.8
1129730 1293.5
1129740 1292.8
1129750 1292.8
1129760 1290.5
1129770 1287.2
1129780 1287.2
1129790 1285.1
1129800 1282.9
1129810 1282.9
1129820 1280.9
1129830 1277.2
1129840 1277.2
1129850 1271.6
1129860 1254.1
1129870 1254.1
1129880 1242.5
1129890 1235.4
1129900 1235.4
1129910 1230.4
1129920 1226.2
1129930 1226.2
1129940 1220.1
1129950 1219.4
1129960 1219.4
1129970 1215.1
1129980 1211.3
1129990 1211.3
1130000 1207.1
1130010 1202.2
1130020 1202.2
1130030 1197.8
1130040 1193.1
1130050 1189.3
1130060 1189.3
1130070 1185.1
1130080 1179.4
1130090 1179.4
1130100 1175.1
1130110 1172.4
1130120 1172.4
1130130 1171.4
1130140 1170.3
1130150 1170.3
1130160 1166.3
1130170 1162.5
1130180 1162.5
1130190 1161.2
1130200 1160.3
1130210 1160.3
1130220 1159.1
1130230 1158.6
1130240 1158.6
1130250 1158.8
1130260 1159.0
1130270 1159.0
1130280 1159.2
1130290 1159.7
1130300 1159.7
1130310 1164.5
1130320 1165.2
1130330 1165.2
1130340 1165.5
1130350 1165.8
1130360 1165.9
1130370 1165.9
1130380 1165.9
1130390 1166.1
1130400 1166.1
1130410 1166.3
1130420 1166.4
1130430 1166.4
1130440 1166.4
1130450 1166.4
1130460 1166.4
1130470 1166.3
1130480 1166.3
1130490 1166.3
1130500 1166.2
1130510 1165.7
1130520 1165.7
1130530 1165.2
1130540 1164.6
1130550 1164.6
1130560 1163.4
1130570 1162.0
1130580 1162.0
1130590 1160.6
1130600 1159.4
1130610 1159.4
1130620 1157.9
1130630 1155.6
1130640 1153.7
1130650 1153.7
1130660 1152.1
1130670 1149.0
1130680 1149.0
1130690 1147.3
1130700 1146.1
1130710 1146.1
1130720 1144.4
1130730 1143.0
1130740 1143.0
1130750 1142.0
1130760 1140.6
1130770 1140.6
1130780 1139.4
1130790 1138.2
1130800 1138.2
1130810 1137.3
1130820 1136.3
1130830 1136.3
1130840 1135.4
1130850 1134.5
1130860 1134.5
1130870 1133.7
1130880 1132.8
1130890 1132.8
1130900 1132.1
1130910 1131.2
1130920 1131.2
1130930 1130.3
1130940 1129.3
1130950 1128.6
1130960 1128.6
1130970 1128.2
1130980 1128.1
1130990 1128.1
1131000 1127.6
1131010 1127.8
1131020 1127.8
1131030 1127.9
1131040 1126.5
1131050 1126.5
1131060 1126.4
1131070 1126.7
1131080 1126.7
1131090 1127.4
1131100 1127.6
1131110 1127.6
1131120 1127.3
1131130 1127.1
1131140 1127.1
1131150 1127.4
1131160 1127.8
1131170 1127.8
1131180 1128.3
1131190 1128.7
1131200 1128.7
1131210 1128.9
1131220 1127.6
1131230 1126.6
1131240 1126.6
1131250 1125.2
1131260 1123.6
1131270 1123.6
1131280 1122.9
1131290 1123.6
1131300 1123.6
1131310 1123.2
1131320 1121.8
1131330 1121.8
1131340 1120.5
1131350 1120.0
1131360 1120.0
1131370 1119.5
1131380 1118.3
1131390 1118.3
1131400 1114.1
1131410 1113.4
1131420 1113.4
1131430 1113.1
1131440 1113.0
1131450 1113.0
1131460 1112.8
1131470 1112.4
1131480 1112.4
1131490 1111.5
1131500 1110.1
1131510 1110.1
1131520 1108.9
1131530 1108.2
1131540 1107.5
1131550 1107.5
1131560 1106.6
1131570 1106.0
1131580 1106.0
1131590 1105.8
1131600 1105.0
1131610 1105.0
1131620 1104.2
1131630 1103.4
1131640 1103.4
1131650 1103.3
1131660 1103.1
1131670 1103.1
1131680 1103.1
1131690 1102.8
1131700 1102.8
1131710 1102.6
1131720 1102.3
1131730 1102.3
1131740 1102.0
1131750 1101.5
1131760 1100.9
1131770 1100.0
1131780 1099.5
1131790 1099.5
1131800 1099.0
1131810 1099.0
1131820 1099.0
1131830 1098.9
1131840 1098.9
1131850 1098.7
1131860 1098.7
1131870 1098.3
1131880 1098.2
1131890 1098.2
1131900 1098.1
1131910 1098.0
1131920 1098.0
1131930 1098.0
1131940 1097.9
1131950 1097.9
1131960 1097.9
1131970 1097.8
1131980 1097.8
1131990 1097.5
1132000 1097.1
1132010 1097.1
1132020 1096.7
1132030 1096.1
1132040 1096.1
1132050 1096.4
1132060 1096.8
1132070 1096.8
1132080 1098.2
1132090 1101.0
1132100 1101.0
1132110 1103.8
1132120 1109.4
1132130 1111.0
1132140 1111.0
1132150 1112.5
1132160 1114.1
1132170 1114.1
1132180 1115.6
1132190 1117.0
1132200 1117.0
1132210 1118.5
1132220 1119.9
1132230 1119.9
1132240 1121.2
1132250 1122.7
1132260 1122.7
1132270 1124.1
1132280 1124.9
1132290 1124.9
1132300 1125.5
1132310 1125.9
1132320 1125.9
1132330 1126.3
1132340 1126.6
1132350 1126.6
1132360 1127.0
1132370 1127.3
1132380 1127.3
1132390 1127.5
1132400 1127.7
1132410 1127.7
1132420 1127.8
1132430 1127.7
1132440 1127.1
1132450 1127.1
1132460 1126.1
1132470 1124.5
1132480 1123.6
1132490 1122.3
1132500 1120.6
1132510 1120.6
1132520 1118.8
1132530 1117.1
1132540 1117.1
1132550 1115.6
1132560 1113.7
1132570 1113.7
1132580 1111.5
1132590 1109.3
1132600 1109.3
1132610 1107.0
1132620 1104.1
1132630 1104.1
1132640 1100.5
1132650 1097.0
1132660 1097.0
1132670 1094.7
1132680 1093.6
1132690 1093.6
1132700 1093.8
1132710 1094.7
1132720 1095.3
1132730 1095.3
1132740 1095.5
1132750 1095.3
1132760 1095.3
1132770 1094.5
1132780 1093.5
1132790 1093.5
1132800 1092.0
1132810 1089.7
1132820 1089.7
1132830 1087.0
1132840 1084.3
1132850 1084.3
1132860 1080.9
1132870 1076.1
1132880 1076.1
1132890 1072.3
1132900 1070.5
1132910 1070.5
1132920 1068.9
1132930 1067.6
1132940 1067.6
1132950 1067.2
1132960 1066.8
1132970 1066.8
1132980 1066.3
1132990 1066.0
1133000 1066.0
1133010 1065.6
1133020 1065.1
1133030 1064.8
1133040 1064.8
1133050 1062.4
1133060 1056.4
1133070 1056.4
1133080 1050.7
1133090 1045.7
1133100 1045.7
1133110 1041.2
1133120 1038.6
1133130 1038.6
1133140 1035.9
1133150 1036.0
1133160 1036.0
1133170 1033.6
1133180 1027.9
1133190 1027.9
1133200 1023.5
1133210 1022.5
1133220 1022.5
1133230 1021.8
1133240 1023.9
1133250 1023.9
1133260 1025.9
1133270 1028.2
1133280 1028.2
1133290 1029.2
1133300 1033.1
1133310 1040.3
1133320 1040.3
1133330 1047.0
1133340 1053.1
1133350 1053.1
1133360 1056.2
1133370 1057.6
1133380 1057.6
1133390 1058.2
1133400 1058.4
1133410 1058.4
1133420 1058.3
1133430 1058.6
1133440 1058.6
1133450 1058.9
1133460 1059.5
1133470 1059.5
1133480 1059.6
1133490 1059.3
1133500 1059.3
1133510 1059.2
1133520 1059.3
1133530 1059.3
1133540 1059.3
1133550 1059.3
1133560 1059.3
1133570 1059.4
1133580 1062.1
1133590 1062.1
1133600 1063.8
1133610 1066.7
1133620 1068.7
1133630 1068.7
1133640 1069.3
1133650 1069.8
1133660 1069.8
1133670 1070.7
1133680 1071.0
1133690 1071.0
1133700 1071.6
1133710 1072.1
1133720 1072.1
1133730 1072.6
1133740 1075.5
1133750 1075.5
1133760 1076.9
1133770 1077.1
1133780 1077.1
1133790 1079.3
1133800 1081.8
1133810 1081.8
1133820 1083.0
1133830 1083.8
1133840 1083.8
1133850 1085.0
1133860 1086.6
1133870 1086.6
1133880 1088.0
1133890 1089.7
1133900 1089.7
1133910 1091.3
1133920 1092.5
1133930 1094.8
1133940 1094.8
1133950 1096.1
1133960 1097.5
1133970 1097.5
1133980 1099.5
1133990 1100.8
1134000 1100.8
1134010 1102.0
1134020 1103.4
1134030 1103.4
1134040 1105.1
1134050 1106.2
1134060 1106.2
1134070 1106.6
1134080 1107.3
1134090 1107.3
1134100 1107.8
1134110 1108.8
1134120 1108.8
1134130 1110.5
1134140 1112.0
1134150 1112.0
1134160 1112.8
1134170 1115.1
1134180 1115.1
1134190 1119.6
1134200 1125.8
1134210 1132.0
1134220 1132.0
1134230 1136.0
1134240 1137.1
1134250 1137.1
1134260 1137.3
1134270 1138.2
1134280 1138.2
1134290 1139.6
1134300 1143.0
1134310 1143.0
1134320 1146.0
1134330 1148.2
1134340 1148.2
1134350 1149.9
1134360 1151.2
1134370 1151.2
1134380 1152.3
1134390 1154.2
1134400 1154.2
1134410 1157.0
1134420 1160.8
1134430 1160.8
1134440 1163.4
1134450 1164.0
1134460 1164.0
1134470 1164.3
1134480 1164.1
1134490 1164.1
1134500 1164.7
1134510 1165.4
1134520 1167.2
1134530 1167.2
1134540 1168.0
1134550 1169.2
1134560 1169.2
1134570 1171.5
1134580 1173.1
1134590 1173.1
1134600 1174.3
1134610 1175.2
1134620 1175.2
1134630 1175.7
1134640 1175.6
1134650 1175.6
1134660 1177.9
1134670 1179.7
1134680 1179.7
1134690 1181.7
1134700 1183.2
1134710 1183.2
1134720 1185.9
1134730 1189.1
1134740 1189.1
1134750 1191.2
1134760 1191.3
1134770 1191.3
1134780 1189.9
1134790 1188.5
1134800 1189.3
1134810 1189.3
1134820 1189.8
1134830 1191.2
1134840 1191.2
1134850 1193.7
1134860 1196.1
1134870 1196.1
1134880 1198.6
1134890 1201.1
1134900 1201.1
1134910 1204.7
1134920 1209.1
1134930 1209.1
1134940 1213.6
1134950 1218.0
1134960 1218.0
1134970 1223.0
1134980 1227.9
1134990 1227.9
1135000 1233.2
1135010 1239.3
1135020 1239.3
1135030 1250.3
1135040 1256.4
1135050 1256.4
1135060 1262.0
1135070 1266.5
1135080 1266.5
1135090 1268.9
1135100 1270.2
1135110 1271.4
1135120 1271.4
1135130 1271.9
1135140 1272.6
1135150 1272.6
1135160 1274.2
1135170 1276.6
1135180 1276.6
1135190 1279.0
1135200 1281.7
1135210 1281.7
1135220 1284.0
1135230 1285.7
1135240 1285.7
1135250 1287.0
1135260 1290.5
1135270 1290.5
1135280 1295.0
1135290 1300.4
1135300 1300.4
1135310 1307.1
1135320 1314.4
1135330 1314.4
1135340 1320.4
1135350 1324.9
1135360 1324.9
1135370 1328.8
1135380 1332.7
1135390 1336.6
1135400 1340.7
1135410 1344.8
1135420 1348.7
1135430 1348.7
1135440 1352.9
1135450 1357.1
1135460 1357.1
1135470 1361.1
1135480 1366.1
1135490 1366.1
1135500 1370.7
1135510 1375.4
1135520 1375.4
1135530 1380.1
1135540 1385.7
1135550 1385.7
1135560 1391.6
1135570 1394.7
1135580 1394.7
1135590 1394.1
1135600 1392.0
1135610 1392.0
1135620 1389.5
1135630 1387.0
1135640 1387.0
1135650 1384.7
1135660 1381.6
1135670 1381.6
1135680 1379.1
1135690 1377.1
1135700 1375.3
1135710 1375.3
1135720 1372.4
1135730 1366.6
1135740 1366.6
1135750 1359.4
1135760 1359.7
1135770 1359.7
1135780 1357.0
1135790 1350.9
1135800 1350.9
1135810 1341.4
1135820 1332.8
1135830 1332.8
1135840 1324.7
1135850 1317.0
1135860 1317.0
1135870 1309.5
1135880 1301.0
1135890 1301.0
1135900 1297.9
1135910 1303.2
1135920 1303.2
1135930 1310.3
1135940 1319.4
1135950 1319.4
1135960 1329.0
1135970 1338.6
1135980 1338.6
1135990 1347.6
1136000 1357.7
1136010 1368.4
1136020 1368.4
1136030 1378.3
1136040 1387.0
1136050 1387.0
1136060 1395.2
1136070 1403.0
1136080 1403.0
1136090 1410.3
1136100 1417.4
1136110 1417.4
1136120 1425.7
1136130 1432.7
1136140 1432.7
1136150 1440.1
1136160 1447.5
1136170 1447.5
1136180 1453.8
1136190 1460.9
1136200 1460.9
1136210 1468.1
1136220 1475.9
1136230 1475.9
1136240 1483.8
1136250 1492.0
1136260 1492.0
1136270 1500.3
1136280 1508.0
1136290 1515.4
1136300 1515.4
1136310 1522.5
1136320 1529.6
1136330 1529.6
1136340 1536.3
1136350 1543.4
1136360 1543.4
1136370 1550.3
1136380 1556.9
1136390 1556.9
1136400 1563.8
1136410 1570.5
1136420 1570.5
1136430 1577.6
1136440 1584.3
1136450 1584.3
1136460 1591.4
1136470 1598.7
1136480 1598.7
1136490 1603.8
1136500 1610.2
1136510 1610.2
1136520 1617.0
1136530 1623.9
1136540 1623.9
1136550 1630.8
1136560 1637.8
1136570 1637.8
1136580 1645.1
1136590 1652.4
1136600 1659.3
1136610 1659.3
1136620 1666.8
1136630 1674.3
1136640 1674.3
1136650 1681.7
1136660 1688.8
1136670 1688.8
1136680 1695.3
1136690 1702.3
1136700 1702.3
1136710 1708.7
1136720 1715.2
1136730 1715.2
1136740 1721.8
1136750 1728.0
1136760 1728.0
1136770 1734.5
1136780 1740.2
1136790 1740.2
1136800 1745.9
1136810 1751.8
1136820 1751.8
1136830 1754.8
1136840 1753.9
1136850 1753.9
1136860 1765.5
1136870 1767.2
1136880 1771.0
1136890 1771.0
1136900 1774.5
1136910 1772.4
1136920 1772.4
1136930 1772.6
1136940 1775.7
1136950 1775.7
1136960 1777.2
1136970 1778.8
1136980 1778.8
1136990 1781.3
1137000 1783.5
1137010 1783.5
1137020 1785.8
1137030 1789.1
1137040 1789.1
1137050 1791.6
1137060 1795.1
1137070 1795.1
1137080 1798.3
1137090 1801.3
1137100 1801.3
1137110 1804.5
1137120 1806.6
1137130 1806.6
1137140 1808.7
1137150 1806.1
1137160 1806.1
1137170 1803.6
1137180 1800.2
1137190 1799.9
1137200 1799.9
1137210 1805.2
1137220 1817.3
1137230 1817.3
1137240 1818.0
1137250 1824.8
1137260 1824.8
1137270 1833.7
1137280 1841.0
1137290 1841.0
1137300 1845.3
1137310 1846.8
1137320 1846.8
1137330 1850.5
1137340 1857.3
1137350 1857.3
1137360 1865.7
1137370 1871.0
1137380 1871.0
1137390 1876.3
1137400 1881.6
1137410 1881.6
1137420 1886.6
1137430 1890.8
1137440 1890.8
1137450 1894.7
1137460 1898.5
1137470 1902.1
1137480 1902.1
1137490 1905.7
1137500 1909.2
1137510 1909.2
1137520 1912.3
1137530 1915.0
1137540 1915.0
1137550 1917.4
1137560 1919.4
1137570 1919.4
1137580 1920.4
1137590 1920.2
1137600 1920.2
1137610 1917.5
1137620 1914.7
1137630 1914.7
1137640 1912.6
1137650 1911.6
1137660 1911.6
1137670 1910.1
1137680 1908.3
1137690 1908.3
1137700 1906.7
1137710 1905.4
1137720 1905.4
1137730 1903.4
1137740 1900.0
1137750 1900.0
1137760 1897.3
1137770 1896.0
1137780 1895.1
1137790 1895.1
1137800 1895.4
1137810 1896.9
1137820 1896.9
1137830 1897.9
1137840 1898.5
1137850 1898.5
1137860 1899.1
1137870 1900.0
1137880 1900.0
1137890 1900.7
1137900 1900.5
1137910 1900.5
1137920 1900.4
1137930 1900.5
1137940 1900.5
1137950 1899.4
1137960 1894.4
1137970 1894.4
1137980 1894.1
1137990 1892.6
1138000 1892.6
1138010 1890.5
1138020 1888.6
1138030 1888.6
1138040 1887.0
1138050 1885.9
1138060 1885.9
1138070 1884.3
1138080 1881.3
1138090 1877.2
1138100 1877.2
1138110 1872.6
1138120 1867.7
1138130 1867.7
1138140 1863.2
1138150 1858.7
1138160 1858.7
1138170 1853.6
1138180 1849.3
1138190 1849.3
1138200 1844.8
1138210 1841.3
1138220 1841.3
1138230 1837.8
1138240 1831.3
1138250 1831.3
1138260 1823.3
1138270 1815.3
1138280 1815.3
1138290 1809.0
