1120000 1376.4
1120010 1377.0
1120020 1376.4
1120030 1376.4
1120040 1374.5
1120050 1372.2
1120060 1372.2
1120070 1371.1
1120080 1371.2
1120090 1371.2
1120100 1371.4
1120110 1371.5
1120120 1371.5
1120130 1371.5
1120140 1371.6
1120150 1372.2
1120160 1372.2
1120170 1372.5
1120180 1373.3
1120190 1373.3
1120200 1374.2
1120210 1375.1
1120220 1375.1
1120230 1375.9
1120240 1378.2
1120250 1378.2
1120260 1380.5
1120270 1383.7
1120280 1383.7
1120290 1385.9
1120300 1388.0
1120310 1388.0
1120320 1390.4
1120330 1392.3
1120340 1392.3
1120350 1394.6
1120360 1397.1
1120370 1397.1
1120380 1399.8
1120390 1401.7
1120400 1401.7
1120410 1402.8
1120420 1406.3
1120430 1406.3
1120440 1409.6
1120450 1412.1
1120460 1413.6
1120470 1413.6
1120480 1415.3
1120490 1418.4
1120500 1418.4
1120510 1422.7
1120520 1426.8
1120530 1426.8
1120540 1430.9
1120550 1435.2
1120560 1435.2
1120570 1439.2
1120580 1443.3
1120590 1443.3
1120600 1446.8
1120610 1451.0
1120620 1449.6
1120630 1453.2
1120640 1457.6
1120650 1457.6
1120660 1463.0
1120670 1468.5
1120680 1468.5
1120690 1473.4
1120700 1479.5
1120710 1479.5
1120720 1485.8
1120730 1492.0
1120740 1492.0
1120750 1497.9
1120760 1502.4
1120770 1508.9
1120780 1508.9
1120790 1525.3
1120800 1538.9
1120810 1538.9
1120820 1549.9
1120830 1566.0
1120840 1566.0
1120850 1574.5
1120860 1593.8
1120870 1593.8
1120880 1605.2
1120890 1610.0
1120900 1610.0
1120910 1616.6
1120920 1623.9
1120930 1623.9
1120940 1630.7
1120950 1637.8
1120960 1637.8
1120970 1641.6
1120980 1648.3
1120990 1648.3
1121000 1654.7
1121010 1664.6
1121020 1664.6
1121030 1678.0
1121040 1688.0
1121050 1690.2
1121060 1690.2
1121070 1689.5
1121080 1693.8
1121090 1693.8
1121100 1702.8
1121110 1713.6
1121120 1713.6
1121130 1726.0
1121140 1738.0
1121150 1738.0
1121160 1748.9
1121170 1759.1
1121180 1759.1
1121190 1770.1
1121200 1776.6
1121210 1776.6
1121220 1781.0
1121230 1789.0
1121240 1789.0
1121250 1796.8
1121260 1804.9
1121270 1804.9
1121280 1814.1
1121290 1824.1
1121300 1824.1
1121310 1833.8
1121320 1842.1
1121330 1842.1
1121340 1839.0
1121350 1836.2
1121360 1845.0
1121370 1845.0
1121380 1853.4
1121390 1860.5
1121400 1860.5
1121410 1865.9
1121420 1856.8
1121430 1856.8
1121440 1837.2
1121450 1801.8
1121460 1801.8
1121470 1780.7
1121480 1767.5
1121490 1767.5
1121500 1757.9
1121510 1755.2
1121520 1755.2
1121530 1763.4
1121540 1773.7
1121550 1773.7
1121560 1781.1
1121570 1783.4
1121580 1783.4
1121590 1785.6
1121600 1791.9
1121610 1791.9
1121620 1791.9
1121630 1785.6
1121640 1773.0
1121650 1773.0
1121660 1766.5
1121670 1788.8
1121680 1788.8
1121690 1777.0
1121700 1774.4
1121710 1774.4
1121720 1778.5
1121730 1786.2
1121740 1786.2
1121750 1794.6
1121760 1806.4
1121770 1806.4
1121780 1821.9
1121790 1840.3
1121800 1840.3
1121810 1859.2
1121820 1875.3
1121830 1875.3
1121840 1902.6
1121850 1925.6
1121860 1925.6
1121870 1938.7
1121880 1953.0
1121890 1953.0
1121900 1966.1
1121910 1971.5
1121920 1971.5
1121930 1966.7
1121940 1955.9
1121950 1944.5
1121960 1944.5
1121970 1929.5
1121980 1902.1
1121990 1902.1
1122000 1875.2
1122010 1855.4
1122020 1854.1
1122030 1839.6
1122040 1836.7
1122050 1836.7
1122060 1841.9
1122070 1846.3
1122080 1846.3
1122090 1865.9
1122100 1870.9
1122110 1870.9
1122120 1869.6
1122130 1861.7
1122140 1861.7
1122150 1863.8
1122160 1878.3
1122170 1878.3
1122180 1889.3
1122190 1896.6
1122200 1896.6
1122210 1900.7
1122220 1901.3
1122230 1901.3
1122240 1887.5
1122250 1866.1
1122260 1842.2
1122270 1842.2
1122280 1852.7
1122290 1867.3
1122300 1867.3
1122310 1862.5
1122320 1847.5
1122330 1847.5
1122340 1833.5
1122350 1827.1
1122360 1827.1
1122370 1831.2
1122380 1873.4
1122390 1873.4
1122400 1898.1
1122410 1916.7
1122420 1916.7
1122430 1920.3
1122440 1916.2
1122450 1916.2
1122460 1910.9
1122470 1904.5
1122480 1904.5
1122490 1906.5
1122500 1901.4
1122510 1901.4
1122520 1897.8
1122530 1905.8
1122540 1916.2
1122550 1916.2
1122560 1921.8
1122570 1916.3
1122580 1916.3
1122590 1891.6
1122600 1874.5
1122610 1874.5
1122620 1862.2
1122630 1861.2
1122640 1861.2
1122650 1854.0
1122660 1845.6
1122670 1845.6
1122680 1849.8
1122690 1845.8
1122700 1845.8
1122710 1824.6
1122720 1816.2
1122730 1827.8
1122740 1826.4
1122750 1833.8
1122760 1833.8
1122770 1831.4
1122780 1816.2
1122790 1816.2
1122800 1813.0
1122810 1817.0
1122820 1817.0
1122830 1816.5
1122840 1810.6
1122850 1811.2
1122860 1811.2
1122870 1811.1
1122880 1813.3
1122890 1813.3
1122900 1824.3
1122910 1824.3
1122920 1824.3
1122930 1813.0
1122940 1806.1
1122950 1806.1
1122960 1799.7
1122970 1794.7
1122980 1794.7
1122990 1797.2
1123000 1792.4
1123010 1792.4
1123020 1786.7
1123030 1787.4
1123040 1787.4
1123050 1785.6
1123060 1786.2
1123070 1786.2
1123080 1792.7
1123090 1793.1
1123100 1793.1
1123110 1792.8
1123120 1789.9
1123130 1788.8
1123140 1788.8
1123150 1787.6
1123160 1787.8
1123170 1787.8
1123180 1790.5
1123190 1795.9
1123200 1795.9
1123210 1804.2
1123220 1813.3
1123230 1813.3
1123240 1820.9
1123250 1828.7
1123260 1828.7
1123270 1834.4
1123280 1830.6
1123290 1830.6
1123300 1826.6
1123310 1831.2
1123320 1831.2
1123330 1837.4
1123340 1847.0
1123350 1847.0
1123360 1857.5
1123370 1866.7
1123380 1866.7
1123390 1876.5
1123400 1876.7
1123410 1876.7
1123420 1881.5
1123430 1900.4
1123440 1903.5
1123450 1903.5
1123460 1906.3
1123470 1900.2
1123480 1900.2
1123490 1902.3
1123500 1913.5
1123510 1913.5
1123520 1932.1
1123530 1940.5
1123540 1940.5
1123550 1944.7
1123560 1949.5
1123570 1949.5
1123580 1950.9
1123590 1953.7
1123600 1953.7
1123610 1956.2
1123620 1956.9
1123630 1956.9
1123640 1959.4
1123650 1962.3
1123660 1962.3
1123670 1966.7
1123680 1971.4
1123690 1971.4
1123700 1974.0
1123710 1973.9
1123720 1973.9
1123730 1964.1
1123740 1954.6
1123750 1961.0
1123760 1961.0
1123770 1970.2
1123780 1979.7
1123790 1989.5
1123800 1984.3
1123810 1989.1
1123820 1989.1
1123830 1990.6
1123840 1981.6
1123850 1981.6
1123860 1983.3
1123870 1987.4
1123880 1987.4
1123890 1991.6
1123900 2001.8
1123910 2001.8
1123920 2015.1
1123930 2030.8
1123940 2030.8
1123950 2029.8
1123960 2028.8
1123970 2028.8
1123980 2022.9
1123990 2020.9
1124000 2020.9
1124010 2033.3
1124020 2052.3
1124030 2066.9
1124040 2066.9
1124050 2082.6
1124060 2100.3
1124070 2100.3
1124080 2106.6
1124090 2095.4
1124100 2095.4
1124110 2086.3
1124120 2096.6
1124130 2096.6
1124140 2141.6
1124150 2169.0
1124160 2169.0
1124170 2192.9
1124180 2194.2
1124190 2194.2
1124200 2194.7
1124210 2195.7
1124220 2195.7
1124230 2196.1
1124240 2197.5
1124250 2197.5
1124260 2198.3
1124270 2200.0
1124280 2200.0
1124290 2200.6
1124300 2201.8
1124310 2201.8
1124320 2203.6
1124330 2204.8
1124340 2206.5
1124350 2206.5
1124360 2208.0
1124370 2209.4
1124380 2209.4
1124390 2210.1
1124400 2210.2
1124410 2210.2
1124420 2209.6
1124430 2209.8
1124440 2209.8
1124450 2208.4
1124460 2207.4
1124470 2207.4
1124480 2208.8
1124490 2207.0
1124500 2207.0
1124510 2206.0
1124520 2205.5
1124530 2205.5
1124540 2204.9
1124550 2197.6
1124560 2197.6
1124570 2134.9
1124580 2093.1
1124590 2093.1
1124600 2084.6
1124610 2076.9
1124620 2071.3
1124630 2071.3
1124640 2066.2
1124650 2060.6
1124660 2060.6
1124670 2055.2
1124680 2049.6
1124690 2049.6
1124700 2043.9
1124710 2037.7
1124720 2037.7
1124730 2031.6
1124740 2025.4
1124750 2025.4
1124760 2019.5
1124770 2014.2
1124780 2014.2
1124790 2009.8
1124800 2005.8
1124810 2005.8
1124820 2001.3
1124830 1995.8
1124840 1995.8
1124850 1992.6
1124860 1987.5
1124870 1987.5
1124880 1982.2
1124890 1977.5
1124900 1977.5
1124910 1972.9
1124920 1968.8
1124930 1965.3
1124940 1965.3
1124950 1961.5
1124960 1959.2
1124970 1959.2
1124980 1957.6
1124990 1954.3
1125000 1954.3
1125010 1950.9
1125020 1945.8
1125030 1945.8
1125040 1942.6
1125050 1940.3
1125060 1940.3
1125070 1939.4
1125080 1940.7
1125090 1940.7
1125100 1942.1
1125110 1939.4
1125120 1939.4
1125130 1936.8
1125140 1935.8
1125150 1935.8
1125160 1934.7
1125170 1934.1
1125180 1934.1
1125190 1933.2
1125200 1929.6
1125210 1928.3
1125220 1928.3
1125230 1929.3
1125240 1932.6
1125250 1932.6
1125260 1935.1
1125270 1938.1
1125280 1938.1
1125290 1941.8
1125300 1943.8
1125310 1943.8
1125320 1943.9
1125330 1942.9
1125340 1942.9
1125350 1943.1
1125360 1943.8
1125370 1943.8
1125380 1942.8
1125390 1940.9
1125400 1940.9
1125410 1940.2
1125420 1940.9
1125430 1940.9
1125440 1941.5
1125450 1939.5
1125460 1939.5
1125470 1937.4
1125480 1935.2
1125490 1935.2
1125500 1931.4
1125510 1928.0
1125520 1925.7
1125530 1925.7
1125540 1923.7
1125550 1921.9
1125560 1922.5
1125570 1922.4
1125580 1926.1
1125590 1926.1
1125600 1927.6
1125610 1927.6
1125620 1927.6
1125630 1926.5
1125640 1925.7
1125650 1925.7
1125660 1924.8
1125670 1922.2
1125680 1922.2
1125690 1918.5
1125700 1916.6
1125710 1916.6
1125720 1913.4
1125730 1909.8
1125740 1909.8
1125750 1906.8
1125760 1903.0
1125770 1903.0
1125780 1899.1
1125790 1894.6
1125800 1894.6
1125810 1889.4
1125820 1884.2
1125830 1880.0
1125840 1880.0
1125850 1877.3
1125860 1874.6
1125870 1874.6
1125880 1871.8
1125890 1868.6
1125900 1868.6
1125910 1866.0
1125920 1863.7
1125930 1863.7
1125940 1861.1
1125950 1857.3
1125960 1857.3
1125970 1852.9
1125980 1849.0
1125990 1849.0
1126000 1845.3
1126010 1840.1
1126020 1840.1
1126030 1835.0
1126040 1830.5
1126050 1830.5
1126060 1826.0
1126070 1823.0
1126080 1823.0
1126090 1819.6
1126100 1814.0
1126110 1809.2
1126120 1809.2
1126130 1805.3
1126140 1800.4
1126150 1800.4
1126160 1795.3
1126170 1791.9
1126180 1791.9
1126190 1788.8
1126200 1784.8
1126210 1784.8
1126220 1780.4
1126230 1777.1
1126240 1777.1
1126250 1773.8
1126260 1770.3
1126270 1773.0
1126280 1766.8
1126290 1761.4
1126300 1761.4
1126310 1757.2
1126320 1753.3
1126330 1753.3
1126340 1748.8
1126350 1744.4
1126360 1744.4
1126370 1740.7
1126380 1736.6
1126390 1736.6
1126400 1732.7
1126410 1729.9
1126420 1727.0
1126430 1727.0
1126440 1724.9
1126450 1723.7
1126460 1723.7
1126470 1720.9
1126480 1718.8
1126490 1718.8
1126500 1718.5
1126510 1717.3
1126520 1717.3
1126530 1716.8
1126540 1714.6
1126550 1714.6
1126560 1712.5
1126570 1712.0
1126580 1712.0
1126590 1709.5
1126600 1708.4
1126610 1708.4
1126620 1705.4
1126630 1706.2
1126640 1706.2
1126650 1710.2
1126660 1711.9
1126670 1711.9
1126680 1711.6
1126690 1711.5
1126700 1714.2
1126710 1714.2
1126720 1720.8
1126730 1726.5
1126740 1726.5
1126750 1733.1
1126760 1737.1
1126770 1737.1
1126780 1738.2
1126790 1736.8
1126800 1736.8
1126810 1735.9
1126820 1736.8
1126830 1736.8
1126840 1739.4
1126850 1740.0
1126860 1740.0
1126870 1740.3
1126880 1740.5
1126890 1740.5
1126900 1740.3
1126910 1739.1
1126920 1739.1
1126930 1736.7
1126940 1734.2
1126950 1734.2
1126960 1732.7
1126970 1731.6
1126980 1729.0
1126990 1727.7
1127000 1726.6
1127010 1725.4
1127020 1725.4
1127030 1725.4
1127040 1724.4
1127050 1724.4
1127060 1723.0
1127070 1721.8
1127080 1721.8
1127090 1719.9
1127100 1717.6
1127110 1717.6
1127120 1715.8
1127130 1714.3
1127140 1714.3
1127150 1714.2
1127160 1712.8
1127170 1712.8
1127180 1711.9
1127190 1710.3
1127200 1710.3
1127210 1708.4
1127220 1706.6
1127230 1706.6
1127240 1706.6
1127250 1704.2
1127260 1704.2
1127270 1700.8
1127280 1697.9
1127290 1695.4
1127300 1695.4
1127310 1694.2
1127320 1693.8
1127330 1693.8
1127340 1691.2
1127350 1688.6
1127360 1688.6
1127370 1685.3
1127380 1682.3
1127390 1682.3
1127400 1677.2
1127410 1673.1
1127420 1673.1
1127430 1673.5
1127440 1675.1
1127450 1675.1
1127460 1675.4
1127470 1674.6
1127480 1674.6
1127490 1675.5
1127500 1677.2
1127510 1677.2
1127520 1677.8
1127530 1677.4
1127540 1677.4
1127550 1676.9
1127560 1677.1
1127570 1677.1
1127580 1677.7
1127590 1677.1
1127600 1673.6
1127610 1673.6
1127620 1670.8
1127630 1668.9
1127640 1668.9
1127650 1667.7
1127660 1665.6
1127670 1665.6
1127680 1663.9
1127690 1665.2
1127700 1660.2
1127710 1661.4
1127720 1660.9
1127730 1660.9
1127740 1659.0
1127750 1657.0
1127760 1657.0
1127770 1655.6
1127780 1653.9
1127790 1653.9
1127800 1650.1
1127810 1647.3
1127820 1647.3
1127830 1647.3
1127840 1647.1
1127850 1647.1
1127860 1646.0
1127870 1643.4
1127880 1643.4
1127890 1642.6
1127900 1643.4
1127910 1644.6
1127920 1644.6
1127930 1644.5
1127940 1643.1
1127950 1643.1
1127960 1640.9
1127970 1638.3
1127980 1638.3
1127990 1636.7
1128000 1634.8
1128010 1634.8
1128020 1631.9
1128030 1629.0
1128040 1629.0
1128050 1625.2
1128060 1624.0
1128070 1624.0
1128080 1621.1
1128090 1619.6
1128100 1619.6
1128110 1619.1
1128120 1619.4
1128130 1619.4
1128140 1618.1
1128150 1617.6
1128160 1617.6
1128170 1615.1
1128180 1613.1
1128190 1611.6
1128200 1611.6
1128210 1609.2
1128220 1606.4
1128230 1606.4
1128240 1603.9
1128250 1601.1
1128260 1601.1
1128270 1599.5
1128280 1597.1
1128290 1597.1
1128300 1593.9
1128310 1592.9
1128320 1592.9
1128330 1591.4
1128340 1588.4
1128350 1588.4
1128360 1588.1
1128370 1585.6
1128380 1585.6
1128390 1583.1
1128400 1582.3
1128410 1582.2
1128420 1580.9
1128430 1579.8
1128440 1579.8
1128450 1577.1
1128460 1572.2
1128470 1572.2
1128480 1567.2
1128490 1564.7
1128500 1563.5
1128510 1563.5
1128520 1562.3
1128530 1559.5
1128540 1559.5
1128550 1554.5
1128560 1549.6
1128570 1549.6
1128580 1543.5
1128590 1538.9
1128600 1538.9
1128610 1536.8
1128620 1536.2
1128630 1536.2
1128640 1534.2
1128650 1531.5
1128660 1531.5
1128670 1528.9
1128680 1525.6
1128690 1525.6
1128700 1522.6
1128710 1519.1
1128720 1519.1
1128730 1515.7
1128740 1512.3
1128750 1512.3
1128760 1508.1
1128770 1505.2
1128780 1501.1
1128790 1501.1
1128800 1497.0
1128810 1494.2
1128820 1494.2
1128830 1491.7
1128840 1489.0
1128850 1489.0
1128860 1485.6
1128870 1482.2
1128880 1482.2
1128890 1478.1
1128900 1473.7
1128910 1473.7
1128920 1471.6
1128930 1469.8
1128940 1469.8
1128950 1466.4
1128960 1461.3
1128970 1461.3
1128980 1456.3
1128990 1452.7
1129000 1452.7
1129010 1452.8
1129020 1451.7
1129030 1451.7
1129040 1447.2
1129050 1440.0
1129060 1440.0
1129070 1435.4
1129080 1431.4
1129090 1427.7
1129100 1427.7
1129110 1425.0
1129120 1422.0
1129130 1422.2
1129140 1420.4
1129150 1418.7
1129160 1418.7
1129170 1416.8
1129180 1414.4
1129190 1414.4
1129200 1413.2
1129210 1410.4
1129220 1410.4
1129230 1405.8
1129240 1402.9
1129250 1402.9
1129260 1399.4
1129270 1396.7
1129280 1396.7
1129290 1394.9
1129300 1391.9
1129310 1391.9
1129320 1390.0
1129330 1390.3
1129340 1390.3
1129350 1388.4
1129360 1386.1
1129370 1383.9
1129380 1383.9
1129390 1381.9
1129400 1379.0
1129410 1379.0
1129420 1375.5
1129430 1372.2
1129440 1372.2
1129450 1368.7
1129460 1365.0
1129470 1365.0
1129480 1361.1
1129490 1357.1
1129500 1357.1
1129510 1353.1
1129520 1350.1
1129530 1350.1
1129540 1347.4
1129550 1344.4
1129560 1344.4
1129570 1341.7
1129580 1338.0
1129590 1338.0
1129600 1333.3
1129610 1329.9
1129620 1329.9
1129630 1326.1
1129640 1318.0
1129650 1318.0
1129660 1308.4
1129670 1301.5
1129680 1295.1
1129690 1295.1
1129700 1289.7
1129710 1284.5
1129720 1284.5
1129730 1279.8
1129740 1275.3
1129750 1275.3
1129760 1270.7
1129770 1266.3
1129780 1266.3
1129790 1261.1
1129800 1255.9
1129810 1255.9
1129820 1250.9
1129830 1245.6
1129840 1245.6
1129850 1237.7
1129860 1233.7
1129870 1233.7
1129880 1229.8
1129890 1225.1
1129900 1225.1
1129910 1221.0
1129920 1218.0
1129930 1218.0
1129940 1215.4
1129950 1213.5
1129960 1213.5
1129970 1212.6
1129980 1211.1
1129990 1208.5
1130000 1208.5
1130010 1207.1
1130020 1206.3
1130030 1206.3
1130040 1206.5
1130050 1207.9
1130060 1207.9
1130070 1207.8
1130080 1206.8
1130090 1206.8
1130100 1205.1
1130110 1203.4
1130120 1203.4
1130130 1201.7
1130140 1200.1
1130150 1200.1
1130160 1198.9
1130170 1197.8
1130180 1197.8
1130190 1196.9
1130200 1196.1
1130210 1196.7
1130220 1196.1
1130230 1195.3
1130240 1195.3
1130250 1193.8
1130260 1191.7
1130270 1189.9
1130280 1189.9
1130290 1187.8
1130300 1189.8
1130310 1189.8
1130320 1191.9
1130330 1191.4
1130340 1191.4
1130350 1191.2
1130360 1191.9
1130370 1191.9
1130380 1193.5
1130390 1196.8
1130400 1196.8
1130410 1200.3
1130420 1202.6
1130430 1202.6
1130440 1202.6
1130450 1201.3
1130460 1201.3
1130470 1198.3
1130480 1196.6
1130490 1196.6
1130500 1194.9
1130510 1190.4
1130520 1190.4
1130530 1186.4
1130540 1183.2
1130550 1183.2
1130560 1181.4
1130570 1180.8
1130580 1179.0
1130590 1179.0
1130600 1177.4
1130610 1176.0
1130620 1176.0
1130630 1175.4
1130640 1174.2
1130650 1174.2
1130660 1173.1
1130670 1171.2
1130680 1171.2
1130690 1169.6
1130700 1167.1
1130710 1167.1
1130720 1164.8
1130730 1163.7
1130740 1163.7
1130750 1164.0
1130760 1163.6
1130770 1163.6
1130780 1162.2
1130790 1160.7
1130800 1160.7
1130810 1159.0
1130820 1157.5
1130830 1157.5
1130840 1155.9
1130850 1153.7
1130860 1151.3
1130870 1151.3
1130880 1149.5
1130890 1148.0
1130900 1148.0
1130910 1145.3
1130920 1143.1
1130930 1140.1
1130940 1137.8
1130950 1136.3
1130960 1136.3
1130970 1134.6
1130980 1133.6
1130990 1133.6
1131000 1133.3
1131010 1133.4
1131020 1133.4
1131030 1133.2
1131040 1132.2
1131050 1132.2
1131060 1130.5
1131070 1128.0
1131080 1128.0
1131090 1126.0
1131100 1124.8
1131110 1124.8
1131120 1123.5
1131130 1122.0
1131140 1122.0
1131150 1120.7
1131160 1119.8
1131170 1119.2
1131180 1119.2
1131190 1118.7
1131200 1117.9
1131210 1117.9
1131220 1116.3
1131230 1114.4
1131240 1114.4
1131250 1112.8
1131260 1111.4
1131270 1111.4
1131280 1110.3
1131290 1107.3
1131300 1107.3
1131310 1107.1
1131320 1106.9
1131330 1106.9
1131340 1106.7
1131350 1106.5
1131360 1106.5
1131370 1106.4
1131380 1106.2
1131390 1106.2
1131400 1106.0
1131410 1105.9
1131420 1105.9
1131430 1105.4
1131440 1104.6
1131450 1104.3
1131460 1104.3
1131470 1103.4
1131480 1103.5
1131490 1103.5
1131500 1104.0
1131510 1105.3
1131520 1105.3
1131530 1106.4
1131540 1107.6
1131550 1107.6
1131560 1109.2
1131570 1110.1
1131580 1110.1
1131590 1109.8
1131600 1109.7
1131610 1109.7
1131620 1109.6
1131630 1109.7
1131640 1109.7
1131650 1112.3
1131660 1112.3
1131670 1112.3
1131680 1112.9
1131690 1113.2
1131700 1113.2
1131710 1113.1
1131720 1113.2
1131730 1113.2
1131740 1113.8
1131750 1114.2
1131760 1114.1
1131770 1114.1
1131780 1114.1
1131790 1114.0
1131800 1114.0
1131810 1114.1
1131820 1114.4
1131830 1114.4
1131840 1114.9
1131850 1115.4
1131860 1115.4
1131870 1116.1
1131880 1117.0
1131890 1117.0
1131900 1117.8
1131910 1118.6
1131920 1118.6
1131930 1120.0
1131940 1122.4
1131950 1122.4
1131960 1123.1
1131970 1123.9
1131980 1123.9
1131990 1124.1
1132000 1122.7
1132010 1124.8
1132020 1122.5
1132030 1123.8
1132040 1125.8
1132050 1125.8
1132060 1125.9
1132070 1124.3
1132080 1124.3
1132090 1122.3
1132100 1121.0
1132110 1121.0
1132120 1120.4
1132130 1119.4
1132140 1119.4
1132150 1117.4
1132160 1116.4
1132170 1116.4
1132180 1115.5
1132190 1114.5
1132200 1114.5
1132210 1113.7
1132220 1113.2
1132230 1113.2
1132240 1113.1
1132250 1113.0
1132260 1113.0
1132270 1111.8
1132280 1111.0
1132290 1111.0
1132300 1110.3
1132310 1109.8
1132320 1109.8
1132330 1109.1
1132340 1108.5
1132350 1107.9
1132360 1107.9
1132370 1108.1
1132380 1107.4
1132390 1107.4
1132400 1106.7
1132410 1106.4
1132420 1106.4
1132430 1106.1
1132440 1105.9
1132450 1105.9
1132460 1104.9
1132470 1104.6
1132480 1104.6
1132490 1104.5
1132500 1104.3
1132510 1104.3
1132520 1104.3
1132530 1104.4
1132540 1104.4
1132550 1104.5
1132560 1104.2
1132570 1104.2
1132580 1103.4
1132590 1102.6
1132600 1102.6
1132610 1101.8
1132620 1101.7
1132630 1101.7
1132640 1101.8
1132650 1101.8
1132660 1102.1
1132670 1102.1
1132680 1101.7
1132690 1101.1
1132700 1101.1
1132710 1100.6
1132720 1100.0
1132730 1100.7
1132740 1099.9
1132750 1100.0
1132760 1100.0
1132770 1100.4
1132780 1099.9
1132790 1099.9
1132800 1098.8
1132810 1097.8
1132820 1097.8
1132830 1096.3
1132840 1094.6
1132850 1094.6
1132860 1093.0
1132870 1092.1
1132880 1092.1
1132890 1091.2
1132900 1089.5
1132910 1089.5
1132920 1087.5
1132930 1085.1
1132940 1082.7
1132950 1082.7
1132960 1079.9
1132970 1076.6
1132980 1076.6
1132990 1074.1
1133000 1071.8
1133010 1071.8
1133020 1070.1
1133030 1069.5
1133040 1069.5
1133050 1069.3
1133060 1067.7
1133070 1067.7
1133080 1063.6
1133090 1061.3
1133100 1061.7
1133110 1061.2
1133120 1059.3
1133130 1059.3
1133140 1057.5
1133150 1053.7
1133160 1053.7
1133170 1045.8
1133180 1037.1
1133190 1037.1
1133200 1031.7
1133210 1028.0
1133220 1028.0
1133230 1028.0
1133240 1038.4
1133250 1047.6
1133260 1047.6
1133270 1050.7
1133280 1052.9
1133290 1052.9
1133300 1053.9
1133310 1054.5
1133320 1054.5
1133330 1055.4
1133340 1056.7
1133350 1056.7
1133360 1057.8
1133370 1059.2
1133380 1059.2
1133390 1060.1
1133400 1060.8
1133410 1060.8
1133420 1062.1
1133430 1063.4
1133440 1063.4
1133450 1064.6
1133460 1066.0
1133470 1066.0
1133480 1066.8
1133490 1067.4
1133500 1067.4
1133510 1067.8
1133520 1069.0
1133530 1070.6
1133540 1070.6
1133550 1071.7
1133560 1072.9
1133570 1072.9
1133580 1073.7
1133590 1074.6
1133600 1074.6
1133610 1075.5
1133620 1076.6
1133630 1076.6
1133640 1077.9
1133650 1079.6
1133660 1079.6
1133670 1081.7
1133680 1084.0
1133690 1084.0
1133700 1086.2
1133710 1088.3
1133720 1088.3
1133730 1090.5
1133740 1092.5
1133750 1092.5
1133760 1094.4
1133770 1096.3
1133780 1096.3
1133790 1098.2
1133800 1100.4
1133810 1100.4
1133820 1102.4
1133830 1104.6
1133840 1106.5
1133850 1106.5
1133860 1108.2
1133870 1109.6
1133880 1109.6
1133890 1110.8
1133900 1108.3
1133910 1108.3
1133920 1110.4
1133930 1113.1
1133940 1113.1
1133950 1115.0
1133960 1115.7
1133970 1115.7
1133980 1116.5
1133990 1118.3
1134000 1118.3
1134010 1121.2
1134020 1126.4
1134030 1126.4
1134040 1131.0
1134050 1131.7
1134060 1131.7
1134070 1132.4
1134080 1134.9
1134090 1134.9
1134100 1137.7
1134110 1140.7
1134120 1143.4
1134130 1143.4
1134140 1145.9
1134150 1148.1
1134160 1148.1
1134170 1150.8
1134180 1153.8
1134190 1154.0
1134200 1157.0
1134210 1159.7
1134220 1159.7
1134230 1162.4
1134240 1165.1
1134250 1165.1
1134260 1167.8
1134270 1170.3
1134280 1170.3
1134290 1172.9
1134300 1175.2
1134310 1175.2
1134320 1177.6
1134330 1181.2
1134340 1181.2
1134350 1183.6
1134360 1185.7
1134370 1185.7
1134380 1188.8
1134390 1190.0
1134400 1190.0
1134410 1191.1
1134420 1192.4
1134430 1194.3
1134440 1194.3
1134450 1196.1
1134460 1197.7
1134470 1197.7
1134480 1198.9
1134490 1200.7
1134500 1200.7
1134510 1201.9
1134520 1202.7
1134530 1202.7
1134540 1203.3
1134550 1206.4
1134560 1206.4
1134570 1208.9
1134580 1211.3
1134590 1211.3
1134600 1213.1
1134610 1214.5
1134620 1214.5
1134630 1216.2
1134640 1221.3
1134650 1221.3
1134660 1224.3
1134670 1222.3
1134680 1222.3
1134690 1226.6
1134700 1231.2
1134710 1236.6
1134720 1236.6
1134730 1241.1
1134740 1242.3
1134750 1242.3
1134760 1242.6
1134770 1248.1
1134780 1248.1
1134790 1255.6
1134800 1260.8
1134810 1260.8
1134820 1265.6
1134830 1271.5
1134840 1271.5
1134850 1276.3
1134860 1281.3
1134870 1281.3
1134880 1286.6
1134890 1292.0
1134900 1292.0
1134910 1294.9
1134920 1299.5
1134930 1299.5
1134940 1300.4
1134950 1301.3
1134960 1301.3
1134970 1302.2
1134980 1303.7
1134990 1303.7
1135000 1307.3
1135010 1311.1
1135020 1315.4
1135030 1315.4
1135040 1319.8
1135050 1325.1
1135060 1325.1
1135070 1329.7
1135080 1333.4
1135090 1333.4
1135100 1337.9
1135110 1342.4
1135120 1342.4
1135130 1346.0
1135140 1347.0
1135150 1347.0
1135160 1345.8
1135170 1347.9
1135180 1347.9
1135190 1351.2
1135200 1354.4
1135210 1354.4
1135220 1357.2
1135230 1359.7
1135240 1359.7
1135250 1363.1
1135260 1367.4
1135270 1367.4
1135280 1377.1
1135290 1382.8
1135300 1382.8
1135310 1388.8
1135320 1394.4
1135330 1399.2
1135340 1399.2
1135350 1404.4
1135360 1410.6
1135370 1410.6
1135380 1416.9
1135390 1423.1
1135400 1423.1
1135410 1428.0
1135420 1433.8
1135430 1433.8
1135440 1441.7
1135450 1449.7
1135460 1449.7
1135470 1457.0
1135480 1465.9
1135490 1465.9
1135500 1475.9
1135510 1479.6
1135520 1479.6
1135530 1476.3
1135540 1471.9
1135550 1471.9
1135560 1467.5
1135570 1463.8
1135580 1463.8
1135590 1459.9
1135600 1456.7
1135610 1452.8
1135620 1452.8
1135630 1450.7
1135640 1448.1
1135650 1453.1
1135660 1449.9
1135670 1446.6
1135680 1446.6
1135690 1444.0
1135700 1441.4
1135710 1441.4
1135720 1438.8
1135730 1435.5
1135740 1435.5
1135750 1431.6
1135760 1426.5
1135770 1426.5
1135780 1420.0
1135790 1412.9
1135800 1412.9
1135810 1404.8
1135820 1400.1
1135830 1400.1
1135840 1399.1
1135850 1401.6
1135860 1401.6
1135870 1401.1
1135880 1395.7
1135890 1395.7
1135900 1388.7
1135910 1381.1
1135920 1374.1
1135930 1374.1
1135940 1366.2
1135950 1357.5
1135960 1357.5
1135970 1350.5
1135980 1350.9
1135990 1350.9
1136000 1357.3
1136010 1362.6
1136020 1362.6
1136030 1367.9
1136040 1372.3
1136050 1372.3
1136060 1376.9
1136070 1384.5
1136080 1384.5
1136090 1392.5
1136100 1400.0
1136110 1400.0
1136120 1406.4
1136130 1415.7
1136140 1415.7
1136150 1424.1
1136160 1431.8
1136170 1431.8
1136180 1440.1
1136190 1448.8
1136200 1457.9
1136210 1457.9
1136220 1467.3
1136230 1475.3
1136240 1475.3
1136250 1482.4
1136260 1489.0
1136270 1489.0
1136280 1496.3
1136290 1502.9
1136300 1502.9
1136310 1509.5
1136320 1516.5
1136330 1516.5
1136340 1522.9
1136350 1529.3
1136360 1529.3
1136370 1535.4
1136380 1540.5
1136390 1540.5
1136400 1548.0
1136410 1555.7
1136420 1555.7
1136430 1562.2
1136440 1569.2
1136450 1569.2
1136460 1576.5
1136470 1583.9
1136480 1583.9
1136490 1591.0
1136500 1597.9
1136510 1604.8
1136520 1604.8
1136530 1612.4
1136540 1619.1
1136550 1619.1
1136560 1625.7
1136570 1632.9
1136580 1632.9
1136590 1639.6
1136600 1647.0
1136610 1647.0
1136620 1654.1
1136630 1660.7
1136640 1660.7
1136650 1667.9
1136660 1675.6
1136670 1675.6
1136680 1683.0
1136690 1690.2
1136700 1690.2
1136710 1697.3
1136720 1704.4
1136730 1704.4
1136740 1708.6
1136750 1715.0
1136760 1715.0
1136770 1720.3
1136780 1726.3
1136790 1731.8
1136800 1731.8
1136810 1737.3
1136820 1742.0
1136830 1742.0
1136840 1744.6
1136850 1749.8
1136860 1749.8
1136870 1755.9
1136880 1760.9
1136890 1760.9
1136900 1766.6
1136910 1773.1
1136920 1773.1
1136930 1779.7
1136940 1786.0
1136950 1786.0
1136960 1793.6
1136970 1801.2
1136980 1801.2
1136990 1808.5
1137000 1816.3
1137010 1816.3
1137020 1823.3
1137030 1830.6
1137040 1830.6
1137050 1838.5
1137060 1846.4
1137070 1846.4
1137080 1853.9
1137090 1861.6
1137100 1869.0
1137110 1867.5
1137120 1876.0
1137130 1883.7
1137140 1883.7
1137150 1891.5
1137160 1899.3
1137170 1899.3
1137180 1907.3
1137190 1915.7
1137200 1915.7
1137210 1923.4
1137220 1931.1
1137230 1931.1
1137240 1938.8
1137250 1946.4
1137260 1946.4
1137270 1954.0
1137280 1961.6
1137290 1961.6
1137300 1968.9
1137310 1975.8
1137320 1975.8
1137330 1981.0
1137340 1980.5
1137350 1980.5
1137360 1976.6
1137370 1974.5
1137380 1966.8
1137390 1966.8
1137400 1958.2
1137410 1949.2
1137420 1949.2
1137430 1940.2
1137440 1931.4
1137450 1931.4
1137460 1923.9
1137470 1917.1
1137480 1915.2
1137490 1906.8
1137500 1899.3
1137510 1899.3
1137520 1890.7
1137530 1883.6
1137540 1883.6
1137550 1876.0
1137560 1868.9
1137570 1868.9
1137580 1861.5
1137590 1853.9
1137600 1853.9
1137610 1847.9
1137620 1843.4
1137630 1843.4
1137640 1838.0
1137650 1832.5
1137660 1832.5
1137670 1826.4
1137680 1820.9
1137690 1812.6
1137700 1812.6
1137710 1806.4
1137720 1801.7
1137730 1801.7
1137740 1796.9
1137750 1792.4
1137760 1792.4
1137770 1786.5
1137780 1781.9
1137790 1781.9
1137800 1777.9
1137810 1774.6
1137820 1774.6
1137830 1772.0
1137840 1770.5
1137850 1768.0
1137860 1767.7
1137870 1768.7
1137880 1768.7
