1120000 1351.8
1120010 1352.6
1120020 1353.0
1120030 1353.0
1120040 1353.2
1120050 1353.5
1120060 1353.8
1120070 1353.8
1120080 1354.8
1120090 1356.9
1120100 1356.9
1120110 1359.4
1120120 1362.2
1120130 1362.2
1120140 1368.0
1120150 1371.4
1120160 1371.4
1120170 1374.4
1120180 1377.2
1120190 1377.2
1120200 1379.9
1120210 1382.5
1120220 1382.5
1120230 1384.3
1120240 1385.3
1120250 1385.3
1120260 1387.6
1120270 1390.6
1120280 1390.6
1120290 1393.8
1120300 1397.9
1120310 1397.9
1120320 1401.8
1120330 1405.8
1120340 1410.5
1120350 1410.5
1120360 1414.8
1120370 1419.5
1120380 1419.5
1120390 1422.8
1120400 1428.3
1120410 1428.3
1120420 1435.0
1120430 1441.0
1120440 1441.0
1120450 1445.8
1120460 1449.9
1120470 1449.9
1120480 1454.6
1120490 1455.0
1120500 1455.0
1120510 1460.2
1120520 1465.9
1120530 1465.9
1120540 1470.4
1120550 1474.2
1120560 1474.2
1120570 1477.8
1120580 1481.2
1120590 1481.2
1120600 1483.5
1120610 1486.6
1120620 1486.6
1120630 1490.1
1120640 1494.1
1120650 1498.2
1120660 1498.2
1120670 1502.5
1120680 1505.6
1120690 1505.6
1120700 1507.4
1120710 1508.5
1120720 1508.5
1120730 1509.5
1120740 1511.8
1120750 1511.8
1120760 1511.2
1120770 1509.4
1120780 1509.4
1120790 1511.6
1120800 1517.2
1120810 1517.2
1120820 1524.0
1120830 1530.5
1120840 1526.0
1120850 1528.2
1120860 1532.9
1120870 1532.9
1120880 1540.9
1120890 1550.2
1120900 1550.2
1120910 1556.2
1120920 1554.1
1120930 1554.1
1120940 1553.0
1120950 1554.0
1120960 1555.2
1120970 1555.2
1120980 1556.5
1120990 1556.2
1121000 1556.2
1121010 1555.2
1121020 1552.7
1121030 1552.7
1121040 1553.1
1121050 1553.1
1121060 1553.1
1121070 1553.6
1121080 1553.5
1121090 1553.5
1121100 1553.1
1121110 1553.4
1121120 1553.4
1121130 1554.3
1121140 1556.1
1121150 1556.1
1121160 1557.4
1121170 1556.2
1121180 1556.2
1121190 1550.8
1121200 1552.7
1121210 1552.7
1121220 1552.1
1121230 1549.8
1121240 1548.9
1121250 1548.9
1121260 1549.3
1121270 1550.7
1121280 1550.7
1121290 1552.4
1121300 1553.4
1121310 1553.4
1121320 1552.7
1121330 1554.1
1121340 1554.1
1121350 1555.1
1121360 1555.4
1121370 1555.4
1121380 1557.8
1121390 1559.1
1121400 1559.1
1121410 1561.5
1121420 1563.5
1121430 1563.5
1121440 1564.8
1121450 1566.3
1121460 1566.3
1121470 1571.3
1121480 1576.0
1121490 1576.0
1121500 1582.6
1121510 1587.0
1121520 1587.0
1121530 1590.9
1121540 1585.9
1121550 1590.2
1121560 1590.2
1121570 1606.4
1121580 1617.6
1121590 1617.6
1121600 1612.4
1121610 1607.2
1121620 1607.2
1121630 1611.2
1121640 1594.3
1121650 1594.3
1121660 1602.0
1121670 1615.7
1121680 1615.7
1121690 1631.4
1121700 1632.0
1121710 1632.0
1121720 1626.2
1121730 1625.9
1121740 1625.9
1121750 1630.4
1121760 1637.8
1121770 1637.8
1121780 1640.6
1121790 1637.3
1121800 1637.3
1121810 1636.2
1121820 1635.2
1121830 1635.2
1121840 1633.4
1121850 1632.5
1121860 1631.4
1121870 1631.4
1121880 1630.1
1121890 1634.5
1121900 1634.5
1121910 1633.5
1121920 1633.0
1121930 1633.0
1121940 1632.9
1121950 1632.6
1121960 1632.6
1121970 1631.6
1121980 1630.7
1121990 1630.7
1122000 1630.5
1122010 1630.3
1122020 1630.3
1122030 1631.0
1122040 1631.1
1122050 1631.1
1122060 1631.0
1122070 1634.1
1122080 1634.1
1122090 1636.3
1122100 1637.8
1122110 1637.8
1122120 1639.7
1122130 1640.9
1122140 1640.9
1122150 1641.5
1122160 1641.8
1122170 1642.4
1122180 1642.4
1122190 1645.0
1122200 1647.6
1122210 1647.6
1122220 1649.1
1122230 1652.0
1122240 1652.3
1122250 1653.5
1122260 1656.2
1122270 1656.2
1122280 1659.2
1122290 1663.1
1122300 1663.1
1122310 1666.9
1122320 1670.7
1122330 1670.7
1122340 1674.3
1122350 1678.1
1122360 1678.1
1122370 1681.9
1122380 1684.9
1122390 1684.9
1122400 1686.7
1122410 1688.3
1122420 1688.3
1122430 1690.8
1122440 1694.9
1122450 1699.1
1122460 1699.1
1122470 1702.6
1122480 1706.3
1122490 1706.3
1122500 1711.6
1122510 1716.3
1122520 1716.3
1122530 1721.2
1122540 1725.8
1122550 1725.8
1122560 1730.9
1122570 1737.2
1122580 1737.2
1122590 1743.7
1122600 1746.0
1122610 1746.0
1122620 1752.2
1122630 1758.3
1122640 1758.3
1122650 1766.0
1122660 1772.6
1122670 1772.6
1122680 1777.7
1122690 1782.5
1122700 1782.5
1122710 1786.9
1122720 1791.8
1122730 1791.8
1122740 1796.9
1122750 1802.2
1122760 1807.9
1122770 1807.9
1122780 1814.8
1122790 1822.3
1122800 1822.3
1122810 1828.9
1122820 1836.5
1122830 1836.5
1122840 1843.7
1122850 1848.5
1122860 1848.5
1122870 1848.3
1122880 1849.4
1122890 1849.4
1122900 1860.8
1122910 1871.9
1122920 1871.9
1122930 1872.6
1122940 1873.4
1122950 1866.0
1122960 1859.9
1122970 1866.8
1122980 1866.8
1122990 1871.6
1123000 1875.4
1123010 1875.4
1123020 1881.2
1123030 1887.7
1123040 1887.7
1123050 1896.6
1123060 1916.9
1123070 1920.9
1123080 1920.9
1123090 1934.2
1123100 1940.6
1123110 1940.6
1123120 1942.2
1123130 1942.0
1123140 1942.0
1123150 1942.8
1123160 1942.9
1123170 1942.9
1123180 1944.0
1123190 1944.4
1123200 1944.4
1123210 1942.5
1123220 1939.9
1123230 1939.9
1123240 1931.7
1123250 1935.8
1123260 1935.8
1123270 1935.3
1123280 1936.2
1123290 1936.2
1123300 1941.6
1123310 1941.8
1123320 1941.8
1123330 1942.3
1123340 1942.6
1123350 1942.8
1123360 1942.8
1123370 1943.3
1123380 1943.3
1123390 1943.3
1123400 1943.3
1123410 1942.9
1123420 1942.9
1123430 1941.7
1123440 1940.6
1123450 1940.6
1123460 1939.4
1123470 1939.9
1123480 1939.9
1123490 1940.5
1123500 1939.6
1123510 1939.6
1123520 1937.7
1123530 1938.2
1123540 1938.2
1123550 1937.8
1123560 1938.8
1123570 1938.8
1123580 1944.1
1123590 1946.5
1123600 1946.5
1123610 1946.8
1123620 1944.9
1123630 1944.9
1123640 1942.3
1123650 1939.8
1123660 1936.0
1123670 1936.0
1123680 1934.4
1123690 1932.4
1123700 1932.4
1123710 1932.9
1123720 1935.2
1123730 1935.2
1123740 1934.7
1123750 1933.9
1123760 1933.9
1123770 1933.8
1123780 1935.8
1123790 1935.8
1123800 1936.6
1123810 1936.5
1123820 1936.5
1123830 1935.8
1123840 1934.6
1123850 1934.6
1123860 1933.7
1123870 1932.9
1123880 1932.9
1123890 1931.5
1123900 1930.8
1123910 1930.8
1123920 1930.9
1123930 1932.2
1123940 1932.2
1123950 1933.1
1123960 1932.6
1123970 1932.8
1123980 1932.8
1123990 1931.2
1124000 1932.1
1124010 1933.8
1124020 1932.1
1124030 1932.1
1124040 1932.1
1124050 1931.6
1124060 1932.2
1124070 1932.2
1124080 1932.1
1124090 1932.3
1124100 1932.3
1124110 1934.0
1124120 1934.1
1124130 1934.1
1124140 1933.7
1124150 1934.9
1124160 1934.9
1124170 1933.4
1124180 1932.0
1124190 1932.0
1124200 1930.8
1124210 1929.5
1124220 1929.5
1124230 1930.4
1124240 1930.5
1124250 1930.5
1124260 1929.5
1124270 1927.7
1124280 1928.9
1124290 1928.9
1124300 1929.7
1124310 1929.2
1124320 1929.2
1124330 1930.1
1124340 1930.9
1124350 1930.9
1124360 1932.5
1124370 1933.2
1124380 1933.2
1124390 1932.8
1124400 1934.2
1124410 1934.2
1124420 1937.1
1124430 1944.8
1124440 1944.8
1124450 1950.0
1124460 1953.1
1124470 1953.1
1124480 1955.1
1124490 1955.6
1124500 1955.6
1124510 1956.4
1124520 1958.1
1124530 1958.1
1124540 1959.8
1124550 1960.9
1124560 1961.4
1124570 1961.4
1124580 1962.3
1124590 1963.7
1124600 1963.7
1124610 1963.8
1124620 1964.0
1124630 1964.0
1124640 1966.9
1124650 1967.8
1124660 1967.8
1124670 1964.9
1124680 1965.3
1124690 1965.3
1124700 1965.3
1124710 1965.9
1124720 1967.3
1124730 1966.8
1124740 1967.2
1124750 1967.2
1124760 1967.0
1124770 1967.1
1124780 1967.1
1124790 1966.7
1124800 1965.8
1124810 1965.8
1124820 1964.0
1124830 1959.9
1124840 1959.9
1124850 1957.5
1124860 1956.4
1124870 1955.0
1124880 1955.0
1124890 1953.8
1124900 1950.0
1124910 1950.0
1124920 1946.9
1124930 1946.6
1124940 1946.6
1124950 1947.1
1124960 1946.2
1124970 1946.2
1124980 1942.7
1124990 1940.6
1125000 1940.6
1125010 1939.1
1125020 1936.7
1125030 1936.7
1125040 1937.0
1125050 1937.7
1125060 1937.7
1125070 1935.1
1125080 1932.5
1125090 1932.5
1125100 1932.3
1125110 1937.9
1125120 1937.9
1125130 1946.6
1125140 1948.7
1125150 1948.7
1125160 1947.2
1125170 1944.9
1125180 1941.9
1125190 1941.9
1125200 1939.1
1125210 1936.4
1125220 1936.4
1125230 1935.0
1125240 1932.0
1125250 1932.0
1125260 1929.4
1125270 1926.2
1125280 1926.2
1125290 1930.2
1125300 1930.3
1125310 1930.3
1125320 1925.7
1125330 1925.4
1125340 1925.4
1125350 1924.0
1125360 1923.1
1125370 1923.1
1125380 1922.2
1125390 1921.5
1125400 1921.5
1125410 1921.5
1125420 1921.0
1125430 1915.9
1125440 1917.5
1125450 1918.4
1125460 1917.8
1125470 1917.8
1125480 1916.8
1125490 1916.4
1125500 1916.4
1125510 1917.6
1125520 1919.0
1125530 1919.0
1125540 1917.8
1125550 1918.3
1125560 1918.3
1125570 1919.0
1125580 1922.2
1125590 1922.2
1125600 1924.2
1125610 1923.1
1125620 1923.1
1125630 1919.4
1125640 1915.6
1125650 1915.6
1125660 1914.1
1125670 1915.1
1125680 1915.1
1125690 1915.6
1125700 1914.3
1125710 1914.3
1125720 1911.3
1125730 1908.2
1125740 1908.2
1125750 1904.0
1125760 1902.9
1125770 1902.6
1125780 1899.8
1125790 1900.8
1125800 1899.9
1125810 1899.9
1125820 1897.8
1125830 1897.4
1125840 1897.4
1125850 1901.4
1125860 1901.1
1125870 1901.1
1125880 1898.9
1125890 1895.8
1125900 1895.8
1125910 1894.4
1125920 1892.3
1125930 1892.3
1125940 1888.7
1125950 1884.3
1125960 1884.3
1125970 1882.1
1125980 1882.0
1125990 1882.0
1126000 1884.3
1126010 1883.1
1126020 1883.1
1126030 1880.1
1126040 1877.0
1126050 1877.0
1126060 1872.4
1126070 1867.4
1126080 1863.2
1126090 1863.2
1126100 1858.7
1126110 1855.5
1126120 1855.5
1126130 1851.5
1126140 1848.2
1126150 1848.2
1126160 1844.9
1126170 1841.6
1126180 1841.6
1126190 1838.3
1126200 1836.8
1126210 1836.8
1126220 1837.7
1126230 1841.5
1126240 1841.5
1126250 1841.5
1126260 1839.0
1126270 1839.0
1126280 1834.7
1126290 1830.6
1126300 1830.6
1126310 1827.3
1126320 1826.4
1126330 1826.4
1126340 1826.1
1126350 1822.7
1126360 1818.8
1126370 1818.8
1126380 1817.5
1126390 1815.3
1126400 1815.3
1126410 1811.5
1126420 1807.6
1126430 1807.6
1126440 1806.8
1126450 1801.6
1126460 1801.6
1126470 1794.2
1126480 1788.6
1126490 1789.6
1126500 1785.8
1126510 1782.7
1126520 1782.7
1126530 1779.8
1126540 1779.9
1126550 1779.9
1126560 1777.9
1126570 1774.5
1126580 1774.5
1126590 1769.2
1126600 1766.2
1126610 1766.2
1126620 1764.0
1126630 1761.0
1126640 1761.0
1126650 1759.4
1126660 1758.6
1126670 1754.6
1126680 1754.6
1126690 1751.5
1126700 1748.5
1126710 1748.5
1126720 1744.6
1126730 1741.4
1126740 1741.4
1126750 1738.0
1126760 1740.3
1126770 1740.3
1126780 1740.4
1126790 1736.8
1126800 1736.8
1126810 1734.9
1126820 1735.3
1126830 1735.3
1126840 1735.2
1126850 1731.8
1126860 1731.8
1126870 1731.4
1126880 1729.3
1126890 1729.3
1126900 1726.1
1126910 1720.2
1126920 1720.2
1126930 1712.7
1126940 1710.8
1126950 1710.8
1126960 1709.2
1126970 1708.0
1126980 1706.4
1126990 1706.4
1127000 1702.9
1127010 1697.7
1127020 1697.7
1127030 1692.8
1127040 1688.6
1127050 1688.6
1127060 1687.4
1127070 1687.9
1127080 1687.9
1127090 1687.3
1127100 1683.5
1127110 1683.5
1127120 1680.2
1127130 1678.8
1127140 1678.8
1127150 1677.6
1127160 1675.7
1127170 1675.7
1127180 1674.0
1127190 1671.6
1127200 1671.6
1127210 1673.5
1127220 1675.3
1127230 1675.3
1127240 1683.4
1127250 1682.6
1127260 1682.6
1127270 1680.3
1127280 1679.6
1127290 1678.3
1127300 1678.3
1127310 1678.1
1127320 1675.4
1127330 1675.4
1127340 1673.1
1127350 1671.6
1127360 1671.6
1127370 1669.2
1127380 1666.6
1127390 1666.6
1127400 1661.2
1127410 1661.4
1127420 1661.4
1127430 1661.4
1127440 1662.9
1127450 1662.9
1127460 1661.5
1127470 1659.7
1127480 1659.7
1127490 1655.3
1127500 1649.7
1127510 1649.7
1127520 1645.6
1127530 1643.2
1127540 1643.2
1127550 1640.7
1127560 1648.6
1127570 1644.7
1127580 1644.7
1127590 1640.0
1127600 1636.0
1127610 1636.0
1127620 1632.5
1127630 1629.6
1127640 1629.6
1127650 1627.2
1127660 1624.4
1127670 1624.4
1127680 1621.2
1127690 1616.2
1127700 1616.2
1127710 1611.6
1127720 1607.9
1127730 1607.9
1127740 1603.6
1127750 1601.0
1127760 1601.0
1127770 1600.0
1127780 1599.0
1127790 1599.0
1127800 1595.9
1127810 1593.5
1127820 1593.5
1127830 1591.8
1127840 1592.1
1127850 1592.1
1127860 1590.9
1127870 1589.1
1127880 1586.0
1127890 1586.0
1127900 1584.0
1127910 1583.5
1127920 1584.2
1127930 1582.0
1127940 1579.0
1127950 1579.0
1127960 1578.1
1127970 1577.2
1127980 1577.2
1127990 1577.3
1128000 1576.6
1128010 1576.6
1128020 1576.5
1128030 1577.5
1128040 1577.5
1128050 1577.3
1128060 1575.3
1128070 1575.3
1128080 1573.5
1128090 1572.7
1128100 1572.7
1128110 1571.9
1128120 1571.4
1128130 1571.4
1128140 1571.6
1128150 1570.2
1128160 1570.2
1128170 1568.6
1128180 1566.8
1128190 1564.5
1128200 1564.5
1128210 1558.8
1128220 1553.8
1128230 1553.8
1128240 1551.2
1128250 1549.6
1128260 1549.6
1128270 1548.4
1128280 1543.4
1128290 1543.4
1128300 1542.1
1128310 1541.1
1128320 1541.1
1128330 1539.9
1128340 1538.9
1128350 1538.9
1128360 1537.1
1128370 1536.0
1128380 1536.0
1128390 1533.7
1128400 1530.7
1128410 1530.7
1128420 1528.5
1128430 1526.7
1128440 1526.7
1128450 1526.1
1128460 1525.4
1128470 1523.7
1128480 1523.7
1128490 1521.0
1128500 1519.2
1128510 1519.2
1128520 1519.0
1128530 1519.2
1128540 1519.2
1128550 1519.6
1128560 1520.6
1128570 1520.6
1128580 1524.6
1128590 1527.4
1128600 1527.4
1128610 1528.0
1128620 1526.7
1128630 1526.7
1128640 1521.8
1128650 1521.3
1128660 1521.3
1128670 1520.6
1128680 1519.9
1128690 1519.9
1128700 1518.4
1128710 1517.6
1128720 1517.6
1128730 1516.8
1128740 1515.7
1128750 1515.7
1128760 1514.7
1128770 1511.9
1128780 1510.4
1128790 1510.4
1128800 1509.4
1128810 1510.2
1128820 1510.2
1128830 1510.9
1128840 1510.3
1128850 1510.3
1128860 1509.6
1128870 1508.7
1128880 1508.7
1128890 1506.7
1128900 1504.7
1128910 1504.7
1128920 1502.4
1128930 1501.4
1128940 1501.4
1128950 1501.0
1128960 1500.1
1128970 1500.1
1128980 1498.6
1128990 1497.3
1129000 1494.6
1129010 1493.8
1129020 1493.6
1129030 1493.6
1129040 1492.6
1129050 1491.9
1129060 1491.9
1129070 1491.9
1129080 1492.1
1129090 1489.9
1129100 1489.9
1129110 1487.5
1129120 1487.1
1129130 1487.1
1129140 1486.1
1129150 1485.5
1129160 1485.5
1129170 1485.1
1129180 1484.0
1129190 1484.0
1129200 1482.6
1129210 1481.1
1129220 1481.1
1129230 1479.0
1129240 1477.5
1129250 1477.5
1129260 1476.6
1129270 1475.8
1129280 1475.8
1129290 1474.6
1129300 1472.9
1129310 1472.9
1129320 1471.2
1129330 1470.2
1129340 1470.2
1129350 1466.9
1129360 1464.2
1129370 1461.2
1129380 1461.2
1129390 1459.6
1129400 1459.0
1129410 1459.0
1129420 1458.3
1129430 1457.4
1129440 1457.4
1129450 1457.3
1129460 1457.0
1129470 1457.0
1129480 1456.3
1129490 1455.8
1129500 1455.8
1129510 1454.3
1129520 1450.5
1129530 1450.5
1129540 1444.8
1129550 1440.7
1129560 1440.7
1129570 1436.9
1129580 1434.4
1129590 1434.4
1129600 1433.5
1129610 1434.7
1129620 1434.7
1129630 1437.0
1129640 1438.0
1129650 1438.0
1129660 1437.9
1129670 1437.5
1129680 1437.1
1129690 1437.1
1129700 1437.6
1129710 1432.7
1129720 1432.7
1129730 1433.0
1129740 1432.5
1129750 1432.5
1129760 1432.6
1129770 1433.3
1129780 1433.3
1129790 1433.6
1129800 1433.3
1129810 1433.3
1129820 1432.4
1129830 1431.4
1129840 1431.4
1129850 1430.3
1129860 1428.4
1129870 1428.4
1129880 1426.1
1129890 1423.5
1129900 1423.5
1129910 1421.0
1129920 1419.5
1129930 1419.5
1129940 1417.6
1129950 1416.1
1129960 1416.1
1129970 1416.1
1129980 1416.9
1129990 1416.7
1130000 1416.7
1130010 1416.4
1130020 1415.3
1130030 1415.3
1130040 1413.8
1130050 1412.1
1130060 1412.1
1130070 1407.7
1130080 1406.9
1130090 1406.9
1130100 1405.6
1130110 1404.3
1130120 1404.3
1130130 1402.6
1130140 1401.6
1130150 1401.6
1130160 1401.8
1130170 1403.2
1130180 1403.2
1130190 1403.1
1130200 1403.1
1130210 1403.1
1130220 1402.6
1130230 1402.1
1130240 1402.1
1130250 1401.8
1130260 1401.4
1130270 1401.4
1130280 1401.1
1130290 1401.4
1130300 1400.5
1130310 1400.5
1130320 1399.6
1130330 1398.7
1130340 1398.7
1130350 1397.4
1130360 1396.2
1130370 1396.2
1130380 1394.7
1130390 1393.2
1130400 1393.2
1130410 1391.7
1130420 1389.3
1130430 1387.0
1130440 1385.0
1130450 1383.6
1130460 1383.6
1130470 1382.8
1130480 1381.6
1130490 1381.6
1130500 1380.4
1130510 1379.4
1130520 1379.4
1130530 1379.8
1130540 1380.1
1130550 1380.1
1130560 1379.5
1130570 1378.9
1130580 1378.2
1130590 1378.2
1130600 1376.6
1130610 1374.5
1130620 1374.5
1130630 1372.5
1130640 1369.9
1130650 1369.9
1130660 1368.0
1130670 1366.2
1130680 1366.2
1130690 1363.2
1130700 1360.4
1130710 1360.4
1130720 1357.2
1130730 1352.7
1130740 1352.7
1130750 1349.6
1130760 1348.0
1130770 1348.0
1130780 1346.8
1130790 1343.7
1130800 1343.7
1130810 1343.3
1130820 1342.2
1130830 1342.2
1130840 1341.1
1130850 1340.0
1130860 1340.0
1130870 1338.5
1130880 1337.3
1130890 1336.1
1130900 1336.1
1130910 1334.4
1130920 1333.0
1130930 1333.0
1130940 1331.6
1130950 1329.4
1130960 1329.4
1130970 1327.6
1130980 1325.9
1130990 1325.9
1131000 1325.5
1131010 1324.3
1131020 1324.3
1131030 1322.5
1131040 1320.7
1131050 1320.7
1131060 1319.3
1131070 1318.5
1131080 1318.5
1131090 1317.4
1131100 1316.7
1131110 1316.7
1131120 1316.3
1131130 1314.7
1131140 1314.7
1131150 1313.1
1131160 1310.2
1131170 1310.2
1131180 1307.8
1131190 1305.2
1131200 1302.5
1131210 1302.5
1131220 1299.4
1131230 1296.7
1131240 1296.7
1131250 1294.3
1131260 1292.1
1131270 1292.1
1131280 1289.8
1131290 1286.8
1131300 1286.8
1131310 1285.2
1131320 1283.9
1131330 1283.9
1131340 1282.6
1131350 1280.6
1131360 1280.6
1131370 1278.6
1131380 1276.8
1131390 1276.8
1131400 1274.2
1131410 1271.5
1131420 1271.5
1131430 1269.1
1131440 1266.4
1131450 1266.4
1131460 1263.2
1131470 1259.6
1131480 1255.9
1131490 1255.9
1131500 1251.5
1131510 1246.5
1131520 1245.9
1131530 1241.6
1131540 1236.8
1131550 1236.8
1131560 1232.2
1131570 1228.3
1131580 1228.3
1131590 1224.0
1131600 1219.2
1131610 1219.2
1131620 1214.4
1131630 1208.8
1131640 1208.8
1131650 1203.3
1131660 1198.3
1131670 1198.3
1131680 1193.8
1131690 1188.9
1131700 1188.9
1131710 1183.8
1131720 1178.2
1131730 1178.2
1131740 1172.4
1131750 1167.4
1131760 1167.4
1131770 1162.0
1131780 1156.0
1131790 1150.1
1131800 1150.1
1131810 1144.1
1131820 1138.8
1131830 1138.8
1131840 1132.9
1131850 1127.0
1131860 1127.0
1131870 1121.3
1131880 1118.1
1131890 1118.1
1131900 1114.1
1131910 1110.6
1131920 1110.6
1131930 1107.0
1131940 1102.2
1131950 1102.2
1131960 1098.4
1131970 1093.8
1131980 1093.8
1131990 1088.7
1132000 1084.4
1132010 1084.4
1132020 1082.0
1132030 1080.1
1132040 1080.1
1132050 1078.6
1132060 1075.9
1132070 1075.9
1132080 1072.8
1132090 1071.0
1132100 1071.7
1132110 1071.7
1132120 1071.6
1132130 1071.5
1132140 1071.5
1132150 1070.2
1132160 1068.4
1132170 1068.4
1132180 1067.3
1132190 1065.9
1132200 1065.9
1132210 1063.8
1132220 1062.2
1132230 1062.2
1132240 1057.9
1132250 1055.6
1132260 1055.6
1132270 1052.7
1132280 1049.2
1132290 1049.2
1132300 1046.2
1132310 1044.9
1132320 1044.9
1132330 1040.4
1132340 1038.4
1132350 1038.4
1132360 1038.4
1132370 1036.6
1132380 1032.0
1132390 1032.0
1132400 1032.5
1132410 1035.5
1132420 1035.5
1132430 1036.4
1132440 1035.1
1132450 1035.1
1132460 1035.7
1132470 1036.8
1132480 1036.8
1132490 1037.4
1132500 1036.4
1132510 1036.4
1132520 1033.7
1132530 1031.0
1132540 1031.0
1132550 1028.8
1132560 1027.0
1132570 1027.0
1132580 1026.7
1132590 1027.0
1132600 1021.7
1132610 1023.3
1132620 1025.2
1132630 1025.2
1132640 1023.6
1132650 1019.6
1132660 1019.6
1132670 1016.6
1132680 1013.7
1132690 1012.8
1132700 1012.8
1132710 1013.3
1132720 1013.7
1132730 1013.7
1132740 1014.1
1132750 1015.0
1132760 1015.0
1132770 1015.5
1132780 1015.8
1132790 1015.8
1132800 1015.9
1132810 1017.0
1132820 1017.0
1132830 1018.4
1132840 1018.9
1132850 1018.9
1132860 1019.2
1132870 1019.4
1132880 1019.4
1132890 1019.4
1132900 1019.3
1132910 1019.3
1132920 1019.3
1132930 1019.4
1132940 1019.4
1132950 1019.3
1132960 1019.1
1132970 1019.3
1132980 1018.8
1132990 1018.7
1133000 1019.1
1133010 1019.1
1133020 1020.4
1133030 1021.2
1133040 1021.2
1133050 1021.9
1133060 1023.7
1133070 1023.7
1133080 1024.6
1133090 1025.7
1133100 1025.7
1133110 1027.5
1133120 1029.5
1133130 1029.5
1133140 1029.5
1133150 1029.8
1133160 1029.8
1133170 1030.2
1133180 1030.7
1133190 1030.7
1133200 1031.2
1133210 1031.5
1133220 1031.5
1133230 1031.5
1133240 1031.4
1133250 1031.4
1133260 1031.3
1133270 1031.2
1133280 1031.1
1133290 1031.1
1133300 1031.0
1133310 1031.4
1133320 1031.4
1133330 1035.9
1133340 1036.7
1133350 1036.7
1133360 1037.1
1133370 1037.1
1133380 1037.1
1133390 1037.6
1133400 1039.0
1133410 1039.0
1133420 1040.2
1133430 1043.0
1133440 1043.0
1133450 1045.1
1133460 1046.8
1133470 1046.8
1133480 1048.7
1133490 1051.0
1133500 1051.0
1133510 1053.1
1133520 1055.2
1133530 1055.2
1133540 1057.1
1133550 1058.6
1133560 1058.6
1133570 1059.6
1133580 1060.6
1133590 1060.7
1133600 1060.7
1133610 1059.9
1133620 1058.8
1133630 1058.8
1133640 1057.7
1133650 1056.4
1133660 1056.4
1133670 1055.2
1133680 1055.3
1133690 1056.1
1133700 1056.3
1133710 1056.6
1133720 1056.6
1133730 1056.4
1133740 1056.2
1133750 1056.2
1133760 1056.0
1133770 1055.4
1133780 1055.4
1133790 1055.0
1133800 1054.7
1133810 1054.7
1133820 1054.4
1133830 1053.7
1133840 1053.7
1133850 1052.9
1133860 1051.8
1133870 1051.8
1133880 1051.0
1133890 1049.9
1133900 1048.5
1133910 1048.5
1133920 1046.8
1133930 1045.0
1133940 1045.0
1133950 1043.4
1133960 1041.5
1133970 1041.5
1133980 1039.8
1133990 1038.4
1134000 1038.4
1134010 1037.5
1134020 1036.7
1134030 1036.7
1134040 1036.3
1134050 1036.2
1134060 1036.3
1134070 1036.4
1134080 1036.1
1134090 1036.1
1134100 1036.0
1134110 1036.0
1134120 1036.0
1134130 1035.9
1134140 1035.6
1134150 1035.6
1134160 1034.9
1134170 1034.7
1134180 1034.6
1134190 1034.6
1134200 1034.3
1134210 1034.2
1134220 1034.2
1134230 1034.2
1134240 1034.4
1134250 1034.4
1134260 1034.4
1134270 1032.4
1134280 1032.4
1134290 1024.6
1134300 1017.0
1134310 1017.0
1134320 1009.3
1134330 998.3
1134340 998.3
1134350 988.7
1134360 983.3
1134370 983.3
1134380 980.8
1134390 981.7
1134400 981.7
1134410 984.1
1134420 992.0
1134430 992.0
1134440 998.5
1134450 1001.6
1134460 1001.6
1134470 1003.7
1134480 1005.1
1134490 1006.4
1134500 1006.4
1134510 1007.4
1134520 1009.3
1134530 1009.3
1134540 1014.4
1134550 1022.4
1134560 1022.4
1134570 1029.3
1134580 1032.6
1134590 1032.6
1134600 1031.6
1134610 1035.6
1134620 1035.6
1134630 1041.9
1134640 1044.4
1134650 1044.4
1134660 1046.6
1134670 1048.2
1134680 1048.2
1134690 1048.7
1134700 1049.1
1134710 1049.1
1134720 1050.3
1134730 1051.9
1134740 1051.9
1134750 1052.3
1134760 1053.0
1134770 1053.0
1134780 1056.7
1134790 1057.8
1134800 1057.7
1134810 1057.7
1134820 1057.3
1134830 1056.6
1134840 1056.6
1134850 1056.0
1134860 1056.0
1134870 1056.0
1134880 1055.9
1134890 1055.7
1134900 1055.7
1134910 1051.6
1134920 1041.7
1134930 1041.7
1134940 1031.2
1134950 1020.6
1134960 1020.6
1134970 1019.2
1134980 1024.0
1134990 1024.0
1135000 1032.0
1135010 1039.0
1135020 1039.0
1135030 1046.5
1135040 1054.0
1135050 1054.0
1135060 1060.7
1135070 1063.1
1135080 1061.6
1135090 1061.6
1135100 1060.3
1135110 1059.8
1135120 1059.8
1135130 1059.6
1135140 1060.0
1135150 1061.6
1135160 1061.8
1135170 1062.8
1135180 1062.8
1135190 1064.0
1135200 1065.1
1135210 1065.1
1135220 1066.1
1135230 1067.5
1135240 1067.5
1135250 1070.1
1135260 1073.2
1135270 1073.2
1135280 1073.8
1135290 1074.3
1135300 1074.3
1135310 1075.0
1135320 1076.4
1135330 1076.4
1135340 1077.8
1135350 1079.3
1135360 1079.3
1135370 1081.0
1135380 1082.9
1135390 1085.4
1135400 1085.4
1135410 1089.7
1135420 1091.8
1135430 1091.8
1135440 1093.4
1135450 1095.4
1135460 1095.4
1135470 1097.9
1135480 1101.1
1135490 1101.1
1135500 1105.2
1135510 1115.4
1135520 1115.4
1135530 1119.9
1135540 1123.6
1135550 1123.6
1135560 1127.2
1135570 1130.4
1135580 1130.4
1135590 1133.6
1135600 1137.3
1135610 1137.3
1135620 1141.0
1135630 1144.6
1135640 1144.6
1135650 1149.0
1135660 1153.5
1135670 1153.5
1135680 1157.0
1135690 1159.9
1135700 1162.8
1135710 1162.8
1135720 1167.9
1135730 1173.1
1135740 1173.1
1135750 1176.4
1135760 1180.8
1135770 1180.8
1135780 1184.5
1135790 1187.7
1135800 1187.7
1135810 1189.8
1135820 1191.1
1135830 1191.1
1135840 1192.1
1135850 1194.0
1135860 1194.0
1135870 1196.6
1135880 1201.2
1135890 1201.2
1135900 1203.2
1135910 1205.6
1135920 1205.6
1135930 1208.0
1135940 1210.0
1135950 1210.0
1135960 1212.4
1135970 1215.1
1135980 1217.7
1135990 1217.7
1136000 1220.3
1136010 1222.6
1136020 1222.6
1136030 1225.2
1136040 1228.3
1136050 1228.3
1136060 1230.9
1136070 1232.7
1136080 1232.7
1136090 1233.8
1136100 1234.8
1136110 1234.8
1136120 1237.4
1136130 1240.3
1136140 1240.3
1136150 1243.4
1136160 1247.6
1136170 1247.6
1136180 1252.7
1136190 1258.5
1136200 1258.5
1136210 1263.7
1136220 1266.1
1136230 1266.1
1136240 1268.6
1136250 1270.8
1136260 1270.8
1136270 1273.6
1136280 1275.9
1136290 1277.6
1136300 1277.6
1136310 1278.7
1136320 1279.5
1136330 1279.5
1136340 1280.0
1136350 1280.1
1136360 1280.1
1136370 1281.1
1136380 1283.6
1136390 1283.6
1136400 1286.6
1136410 1289.4
1136420 1289.4
1136430 1293.4
1136440 1296.1
1136450 1296.1
1136460 1297.1
1136470 1298.3
1136480 1298.3
1136490 1298.8
1136500 1299.5
1136510 1299.5
1136520 1300.3
1136530 1302.3
1136540 1302.3
1136550 1304.2
1136560 1304.6
1136570 1304.6
1136580 1305.9
1136590 1308.1
1136600 1308.9
1136610 1307.9
1136620 1308.3
1136630 1308.9
1136640 1308.9
1136650 1309.5
1136660 1310.4
1136670 1310.4
1136680 1311.5
1136690 1312.7
1136700 1312.7
1136710 1314.2
1136720 1316.3
1136730 1316.3
1136740 1318.6
1136750 1320.4
1136760 1320.4
1136770 1321.6
1136780 1322.5
1136790 1322.5
1136800 1324.0
1136810 1325.8
1136820 1325.8
1136830 1327.5
1136840 1331.5
1136850 1331.5
1136860 1336.1
1136870 1340.3
1136880 1343.3
1136890 1343.3
1136900 1345.0
1136910 1346.3
1136920 1346.3
1136930 1347.9
1136940 1349.5
1136950 1349.5
1136960 1350.7
1136970 1352.0
1136980 1353.9
1136990 1355.5
1137000 1356.7
1137010 1356.7
1137020 1357.9
1137030 1359.6
1137040 1359.6
1137050 1361.4
1137060 1363.0
1137070 1363.0
1137080 1365.1
1137090 1367.5
1137100 1367.5
1137110 1369.7
1137120 1372.1
1137130 1372.1
1137140 1375.0
1137150 1378.0
1137160 1378.0
1137170 1381.2
1137180 1384.6
1137190 1387.7
1137200 1387.7
1137210 1390.8
1137220 1393.2
1137230 1393.2
1137240 1396.1
1137250 1398.6
1137260 1398.6
1137270 1399.9
1137280 1402.8
1137290 1402.8
1137300 1405.4
1137310 1407.3
1137320 1407.3
1137330 1409.6
1137340 1411.8
1137350 1414.9
1137360 1417.1
1137370 1419.8
1137380 1419.8
1137390 1421.0
1137400 1422.7
1137410 1422.7
1137420 1424.6
1137430 1426.5
1137440 1426.5
1137450 1428.1
1137460 1430.3
1137470 1430.3
1137480 1433.1
1137490 1436.3
1137500 1439.6
1137510 1439.6
1137520 1442.6
1137530 1446.2
1137540 1446.2
1137550 1450.5
1137560 1455.2
1137570 1455.2
1137580 1460.1
1137590 1464.5
1137600 1464.5
1137610 1469.2
1137620 1473.5
1137630 1473.5
1137640 1477.3
1137650 1480.3
1137660 1480.3
1137670 1483.5
1137680 1488.4
1137690 1488.4
1137700 1493.7
1137710 1502.8
1137720 1502.8
1137730 1510.0
1137740 1516.7
1137750 1516.7
1137760 1521.6
1137770 1525.7
1137780 1531.9
1137790 1531.9
1137800 1536.3
1137810 1539.9
1137820 1539.9
1137830 1545.0
1137840 1549.1
1137850 1549.1
1137860 1553.3
1137870 1558.3
1137880 1558.3
1137890 1563.6
1137900 1569.1
1137910 1569.1
1137920 1573.9
1137930 1578.8
1137940 1578.8
1137950 1584.3
1137960 1590.0
1137970 1590.0
1137980 1594.9
1137990 1599.6
1138000 1599.6
1138010 1604.6
1138020 1608.3
1138030 1608.3
1138040 1611.5
1138050 1617.0
1138060 1617.0
1138070 1623.4
1138080 1634.7
1138090 1642.1
1138100 1642.1
1138110 1651.5
1138120 1662.7
1138130 1662.7
1138140 1672.5
1138150 1680.3
1138160 1680.3
1138170 1686.8
1138180 1691.1
1138190 1691.1
1138200 1693.0
1138210 1696.7
1138220 1696.7
1138230 1701.7
1138240 1708.1
1138250 1708.1
1138260 1712.5
1138270 1718.5
1138280 1718.5
1138290 1725.6
1138300 1730.5
1138310 1730.5
1138320 1736.5
1138330 1742.4
1138340 1742.4
1138350 1747.2
1138360 1752.1
1138370 1752.1
1138380 1757.4
1138390 1763.0
1138400 1767.8
1138410 1767.8
1138420 1771.3
1138430 1773.9
1138440 1773.9
1138450 1785.1
1138460 1791.2
1138470 1791.2
1138480 1798.7
1138490 1805.9
1138500 1805.9
1138510 1812.3
1138520 1818.1
1138530 1818.1
1138540 1823.8
1138550 1829.2
1138560 1829.2
1138570 1833.6
1138580 1836.9
1138590 1836.9
1138600 1840.3
1138610 1845.8
1138620 1845.8
1138630 1851.2
1138640 1857.2
1138650 1857.2
1138660 1862.0
1138670 1867.2
1138680 1872.4
1138690 1872.4
1138700 1877.5
1138710 1881.9
1138720 1881.9
1138730 1884.7
1138740 1884.4
1138750 1884.4
1138760 1879.7
1138770 1872.2
1138780 1872.2
1138790 1865.0
1138800 1858.2
1138810 1858.2
1138820 1850.8
1138830 1843.2
1138840 1843.2
1138850 1836.6
1138860 1829.2
1138870 1829.2
1138880 1821.1
1138890 1812.9
1138900 1812.9
1138910 1804.4
1138920 1798.2
1138930 1798.2
1138940 1791.5
1138950 1784.4
1138960 1784.4
1138970 1777.9
1138980 1771.4
1138990 1764.8
1139000 1764.8
1139010 1756.7
1139020 1748.4
1139030 1748.4
1139040 1741.8
1139050 1734.8
1139060 1734.8
1139070 1729.2
1139080 1721.5
1139090 1721.5
1139100 1712.9
1139110 1682.5
1139120 1682.5
1139130 1654.6
1139140 1648.5
1139150 1648.5
1139160 1643.5
1139170 1638.8
1139180 1638.8
