1120000 1443.7
1120010 1447.6
1120020 1447.6
1120030 1451.7
1120040 1455.5
1120050 1455.5
1120060 1458.6
1120070 1462.1
1120080 1462.1
1120090 1465.9
1120100 1469.3
1120110 1469.3
1120120 1472.9
1120130 1477.1
1120140 1477.1
1120150 1481.4
1120160 1484.3
1120170 1484.3
1120180 1486.1
1120190 1481.9
1120200 1481.9
1120210 1488.6
1120220 1494.2
1120230 1501.0
1120240 1501.0
1120250 1506.9
1120260 1515.1
1120270 1515.1
1120280 1525.7
1120290 1531.5
1120300 1531.5
1120310 1536.0
1120320 1546.8
1120330 1546.8
1120340 1558.5
1120350 1565.5
1120360 1565.5
1120370 1575.9
1120380 1597.4
1120390 1597.4
1120400 1615.8
1120410 1629.6
1120420 1629.6
1120430 1633.5
1120440 1632.2
1120450 1632.2
1120460 1627.6
1120470 1619.7
1120480 1619.7
1120490 1609.5
1120500 1601.2
1120510 1591.0
1120520 1591.0
1120530 1579.3
1120540 1573.7
1120550 1573.7
1120560 1568.6
1120570 1562.5
1120580 1562.5
1120590 1554.7
1120600 1547.6
1120610 1547.6
1120620 1542.5
1120630 1537.2
1120640 1537.2
1120650 1529.6
1120660 1520.8
1120670 1520.8
1120680 1512.0
1120690 1505.1
1120700 1505.1
1120710 1500.3
1120720 1496.6
1120730 1496.6
1120740 1492.1
1120750 1486.5
1120760 1486.5
1120770 1481.0
1120780 1475.4
1120790 1475.4
1120800 1470.3
1120810 1465.4
1120820 1462.1
1120830 1462.1
1120840 1459.8
1120850 1457.8
1120860 1457.8
1120870 1454.7
1120880 1451.3
1120890 1454.3
1120900 1450.4
1120910 1447.6
1120920 1447.6
1120930 1443.6
1120940 1442.8
1120950 1442.8
1120960 1441.6
1120970 1439.5
1120980 1439.5
1120990 1437.6
1121000 1435.8
1121010 1435.8
1121020 1434.9
1121030 1435.3
1121040 1435.3
1121050 1436.5
1121060 1437.8
1121070 1437.8
1121080 1436.2
1121090 1435.0
1121100 1435.0
1121110 1435.9
1121120 1440.9
1121130 1447.2
1121140 1447.2
1121150 1453.5
1121160 1458.2
1121170 1458.2
1121180 1458.0
1121190 1464.6
1121200 1464.6
1121210 1473.5
1121220 1482.4
1121230 1482.4
1121240 1484.1
1121250 1493.6
1121260 1493.6
1121270 1500.4
1121280 1505.8
1121290 1505.8
1121300 1510.3
1121310 1514.3
1121320 1514.3
1121330 1518.0
1121340 1521.7
1121350 1521.7
1121360 1525.5
1121370 1529.6
1121380 1529.6
1121390 1533.8
1121400 1538.0
1121410 1538.0
1121420 1542.9
1121430 1547.8
1121440 1552.2
1121450 1552.2
1121460 1557.2
1121470 1561.6
1121480 1561.6
1121490 1565.0
1121500 1567.9
1121510 1567.9
1121520 1570.3
1121530 1571.6
1121540 1571.6
1121550 1572.6
1121560 1575.3
1121570 1575.3
1121580 1578.6
1121590 1577.3
1121600 1577.3
1121610 1580.9
1121620 1582.8
1121630 1582.8
1121640 1585.5
1121650 1590.3
1121660 1590.3
1121670 1593.7
1121680 1596.9
1121690 1596.9
1121700 1600.4
1121710 1604.7
1121720 1608.6
1121730 1608.6
1121740 1611.2
1121750 1613.7
1121760 1613.7
1121770 1617.7
1121780 1621.7
1121790 1621.7
1121800 1625.5
1121810 1628.9
1121820 1628.9
1121830 1631.6
1121840 1634.3
1121850 1634.3
1121860 1638.1
1121870 1642.5
1121880 1642.5
1121890 1646.9
1121900 1651.1
1121910 1651.1
1121920 1654.4
1121930 1659.4
1121940 1654.4
1121950 1659.5
1121960 1665.4
1121970 1665.4
1121980 1672.0
1121990 1678.8
1122000 1678.8
1122010 1686.0
1122020 1692.5
1122030 1698.4
1122040 1698.4
1122050 1705.1
1122060 1712.4
1122070 1712.4
1122080 1720.0
1122090 1727.8
1122100 1727.8
1122110 1736.6
1122120 1742.1
1122130 1742.1
1122140 1745.5
1122150 1748.7
1122160 1748.7
1122170 1751.2
1122180 1752.8
1122190 1752.8
1122200 1753.9
1122210 1755.3
1122220 1755.3
1122230 1757.8
1122240 1761.9
1122250 1761.9
1122260 1766.9
1122270 1771.4
1122280 1771.4
1122290 1778.4
1122300 1782.6
1122310 1782.6
1122320 1786.7
1122330 1790.3
1122340 1793.8
1122350 1793.8
1122360 1793.9
1122370 1790.7
1122380 1790.7
1122390 1787.5
1122400 1783.6
1122410 1783.6
1122420 1779.2
1122430 1775.4
1122440 1775.4
1122450 1771.7
1122460 1767.9
1122470 1767.9
1122480 1765.8
1122490 1763.4
1122500 1763.4
1122510 1763.9
1122520 1765.2
1122530 1765.2
1122540 1766.0
1122550 1766.5
1122560 1766.5
1122570 1764.9
1122580 1765.7
1122590 1765.7
1122600 1769.1
1122610 1774.4
1122620 1774.4
1122630 1779.6
1122640 1780.8
1122650 1782.7
1122660 1782.7
1122670 1782.9
1122680 1782.8
1122690 1782.8
1122700 1783.5
1122710 1783.7
1122720 1783.7
1122730 1783.9
1122740 1784.0
1122750 1784.0
1122760 1784.2
1122770 1784.8
1122780 1784.8
1122790 1785.4
1122800 1786.9
1122810 1786.9
1122820 1787.7
1122830 1788.9
1122840 1788.9
1122850 1790.4
1122860 1791.7
1122870 1791.7
1122880 1792.3
1122890 1792.1
1122900 1792.1
1122910 1792.6
1122920 1793.9
1122930 1796.1
1122940 1796.1
1122950 1798.9
1122960 1801.4
1122970 1801.4
1122980 1804.3
1122990 1808.6
1123000 1807.0
1123010 1811.8
1123020 1817.5
1123030 1817.5
1123040 1821.5
1123050 1827.6
1123060 1827.6
1123070 1834.5
1123080 1838.8
1123090 1838.8
1123100 1840.8
1123110 1840.5
1123120 1840.5
1123130 1839.7
1123140 1838.5
1123150 1838.5
1123160 1838.8
1123170 1839.2
1123180 1839.2
1123190 1837.7
1123200 1836.5
1123210 1836.5
1123220 1837.4
1123230 1838.3
1123240 1839.9
1123250 1839.9
1123260 1843.3
1123270 1847.0
1123280 1847.0
1123290 1851.0
1123300 1854.1
1123310 1854.1
1123320 1856.4
1123330 1857.6
1123340 1857.6
1123350 1862.2
1123360 1867.0
1123370 1867.0
1123380 1871.2
1123390 1873.1
1123400 1873.1
1123410 1875.4
1123420 1874.9
1123430 1874.9
1123440 1877.8
1123450 1880.1
1123460 1880.1
1123470 1882.2
1123480 1881.7
1123490 1881.7
1123500 1883.1
1123510 1882.9
1123520 1882.9
1123530 1883.1
1123540 1883.4
1123550 1882.8
1123560 1882.8
1123570 1884.4
1123580 1885.1
1123590 1885.1
1123600 1885.1
1123610 1885.9
1123620 1885.9
1123630 1885.2
1123640 1885.0
1123650 1885.0
1123660 1885.0
1123670 1885.0
1123680 1885.0
1123690 1885.8
1123700 1888.8
1123710 1888.8
1123720 1889.2
1123730 1889.2
1123740 1889.2
1123750 1890.8
1123760 1892.3
1123770 1892.3
1123780 1892.7
1123790 1892.2
1123800 1892.2
1123810 1892.3
1123820 1893.3
1123830 1893.9
1123840 1893.9
1123850 1894.8
1123860 1897.1
1123870 1897.1
1123880 1899.3
1123890 1901.0
1123900 1901.0
1123910 1900.9
1123920 1901.8
1123930 1901.8
1123940 1902.0
1123950 1902.0
1123960 1902.0
1123970 1902.7
1123980 1902.7
1123990 1902.7
1124000 1902.6
1124010 1902.4
1124020 1902.4
1124030 1902.3
1124040 1904.4
1124050 1904.4
1124060 1911.5
1124070 1912.0
1124080 1912.0
1124090 1910.7
1124100 1910.4
1124110 1910.4
1124120 1911.0
1124130 1912.3
1124140 1912.6
1124150 1912.6
1124160 1911.2
1124170 1910.0
1124180 1910.0
1124190 1907.5
1124200 1903.6
1124210 1903.6
1124220 1898.8
1124230 1896.7
1124240 1896.7
1124250 1897.8
1124260 1898.5
1124270 1898.5
1124280 1898.4
1124290 1898.6
1124300 1898.6
1124310 1900.8
1124320 1902.7
1124330 1902.7
1124340 1904.0
1124350 1905.0
1124360 1905.0
1124370 1909.7
1124380 1912.6
1124390 1912.6
1124400 1914.6
1124410 1919.0
1124420 1919.0
1124430 1922.0
1124440 1924.2
1124450 1922.9
1124460 1922.9
1124470 1919.5
1124480 1913.3
1124490 1913.3
1124500 1906.5
1124510 1897.5
1124520 1897.5
1124530 1889.3
1124540 1883.5
1124550 1883.5
1124560 1879.2
1124570 1878.3
1124580 1878.3
1124590 1878.2
1124600 1879.2
1124610 1879.2
1124620 1882.8
1124630 1888.2
1124640 1888.2
1124650 1892.2
1124660 1893.5
1124670 1893.5
1124680 1895.6
1124690 1905.0
1124700 1905.0
1124710 1912.8
1124720 1916.7
1124730 1916.7
1124740 1916.1
1124750 1910.0
1124760 1907.6
1124770 1907.6
1124780 1905.4
1124790 1901.5
1124800 1901.5
1124810 1899.5
1124820 1898.0
1124830 1898.0
1124840 1896.6
1124850 1895.1
1124860 1895.1
1124870 1893.8
1124880 1893.2
1124890 1893.2
1124900 1893.5
1124910 1894.2
1124920 1894.2
1124930 1893.7
1124940 1893.4
1124950 1893.4
1124960 1893.2
1124970 1892.9
1124980 1892.9
1124990 1891.7
1125000 1890.7
1125010 1890.7
1125020 1890.6
1125030 1890.1
1125040 1891.7
1125050 1891.7
1125060 1893.6
1125070 1897.4
1125080 1897.4
1125090 1901.5
1125100 1903.0
1125110 1903.0
1125120 1903.3
1125130 1904.4
1125140 1904.4
1125150 1901.9
1125160 1895.5
1125170 1895.5
1125180 1892.2
1125190 1893.4
1125200 1893.4
1125210 1894.4
1125220 1894.7
1125230 1894.7
1125240 1894.7
1125250 1894.9
1125260 1894.9
1125270 1895.6
1125280 1897.4
1125290 1897.4
1125300 1898.9
1125310 1898.9
1125320 1898.9
1125330 1898.4
1125340 1900.9
1125350 1904.2
1125360 1904.2
1125370 1904.9
1125380 1904.7
1125390 1904.7
1125400 1902.2
1125410 1898.7
1125420 1898.7
1125430 1894.1
1125440 1890.8
1125450 1890.8
1125460 1887.2
1125470 1881.3
1125480 1881.3
1125490 1878.7
1125500 1874.2
1125510 1874.2
1125520 1871.1
1125530 1869.6
1125540 1869.6
1125550 1867.0
1125560 1865.0
1125570 1865.0
1125580 1862.4
1125590 1860.0
1125600 1860.0
1125610 1858.2
1125620 1857.2
1125630 1857.2
1125640 1854.6
1125650 1852.2
1125660 1850.1
1125670 1850.1
1125680 1848.1
1125690 1847.3
1125700 1847.3
1125710 1843.5
1125720 1839.8
1125730 1839.8
1125740 1836.2
1125750 1833.8
1125760 1833.8
1125770 1833.1
1125780 1831.2
1125790 1831.2
1125800 1829.1
1125810 1828.0
1125820 1828.0
1125830 1827.6
1125840 1826.7
1125850 1826.7
1125860 1827.0
1125870 1826.4
1125880 1826.4
1125890 1823.4
1125900 1821.1
1125910 1821.1
1125920 1820.7
1125930 1816.5
1125940 1816.5
1125950 1811.3
1125960 1806.5
1125970 1797.9
1125980 1797.9
1125990 1791.0
1126000 1785.8
1126010 1785.8
1126020 1782.7
1126030 1780.2
1126040 1780.2
1126050 1777.0
1126060 1774.0
1126070 1774.0
1126080 1772.6
1126090 1772.7
1126100 1772.7
1126110 1771.6
1126120 1768.6
1126130 1768.6
1126140 1765.7
1126150 1762.2
1126160 1762.2
1126170 1758.0
1126180 1759.8
1126190 1759.8
1126200 1758.2
1126210 1755.7
1126220 1755.7
1126230 1752.0
1126240 1745.3
1126250 1743.9
1126260 1743.9
1126270 1742.7
1126280 1739.4
1126290 1739.4
1126300 1735.5
1126310 1732.1
1126320 1732.1
1126330 1728.5
1126340 1726.4
1126350 1726.4
1126360 1728.0
1126370 1726.1
1126380 1726.1
1126390 1722.5
1126400 1720.0
1126410 1720.0
1126420 1720.5
1126430 1719.7
1126440 1719.7
1126450 1715.3
1126460 1709.1
1126470 1709.1
1126480 1707.8
1126490 1711.4
1126500 1711.4
1126510 1713.1
1126520 1714.7
1126530 1714.7
1126540 1716.8
1126550 1715.5
1126560 1713.5
1126570 1713.5
1126580 1711.2
1126590 1712.7
1126600 1712.7
1126610 1711.4
1126620 1709.5
1126630 1709.5
1126640 1705.1
1126650 1703.6
1126660 1703.6
1126670 1702.1
1126680 1704.2
1126690 1704.2
1126700 1708.9
1126710 1710.6
1126720 1710.6
1126730 1709.9
1126740 1710.2
1126750 1710.2
1126760 1711.9
1126770 1711.8
1126780 1711.8
1126790 1711.2
1126800 1710.7
1126810 1710.7
1126820 1707.3
1126830 1706.7
1126840 1706.7
1126850 1699.4
1126860 1691.4
1126870 1689.1
1126880 1689.1
1126890 1690.2
1126900 1689.7
1126910 1689.7
1126920 1691.7
1126930 1691.3
1126940 1691.3
1126950 1691.7
1126960 1692.7
1126970 1692.7
1126980 1694.9
1126990 1696.7
1127000 1696.7
1127010 1697.3
1127020 1692.7
1127030 1692.7
1127040 1686.1
1127050 1686.6
1127060 1686.6
1127070 1687.5
1127080 1686.3
1127090 1686.3
1127100 1685.1
1127110 1682.7
1127120 1682.7
1127130 1680.3
1127140 1678.2
1127150 1678.2
1127160 1679.9
1127170 1684.2
1127180 1693.2
1127190 1693.2
1127200 1696.7
1127210 1695.9
1127220 1695.9
1127230 1697.1
1127240 1696.9
1127250 1692.2
1127260 1692.5
1127270 1691.0
1127280 1691.0
1127290 1687.9
1127300 1683.4
1127310 1683.4
1127320 1679.4
1127330 1678.4
1127340 1678.4
1127350 1679.1
1127360 1681.7
1127370 1681.7
1127380 1687.6
1127390 1695.0
1127400 1695.0
1127410 1696.8
1127420 1698.5
1127430 1698.5
1127440 1700.4
1127450 1700.5
1127460 1699.3
1127470 1699.3
1127480 1697.1
1127490 1695.9
1127500 1695.9
1127510 1693.1
1127520 1691.4
1127530 1691.4
1127540 1692.1
1127550 1692.2
1127560 1692.2
1127570 1694.1
1127580 1695.4
1127590 1695.4
1127600 1697.7
1127610 1695.1
1127620 1695.1
1127630 1698.0
1127640 1699.6
1127650 1699.6
1127660 1700.2
1127670 1701.0
1127680 1701.0
1127690 1700.7
1127700 1700.5
1127710 1700.5
1127720 1700.8
1127730 1700.5
1127740 1700.5
1127750 1702.4
1127760 1703.9
1127770 1703.1
1127780 1703.1
1127790 1702.2
1127800 1701.2
1127810 1701.2
1127820 1701.9
1127830 1700.9
1127840 1700.9
1127850 1700.2
1127860 1698.6
1127870 1698.6
1127880 1696.5
1127890 1693.3
1127900 1693.3
1127910 1691.1
1127920 1690.5
1127930 1690.5
1127940 1692.4
1127950 1692.4
1127960 1692.4
1127970 1688.4
1127980 1687.3
1127990 1687.3
1128000 1685.2
1128010 1682.1
1128020 1682.1
1128030 1675.6
1128040 1671.5
1128050 1671.5
1128060 1669.4
1128070 1667.8
1128080 1666.3
1128090 1666.3
1128100 1665.0
1128110 1663.7
1128120 1663.7
1128130 1663.5
1128140 1662.1
1128150 1662.1
1128160 1663.9
1128170 1662.5
1128180 1662.5
1128190 1661.5
1128200 1659.8
1128210 1659.8
1128220 1659.0
1128230 1657.8
1128240 1657.8
1128250 1658.0
1128260 1656.2
1128270 1656.2
1128280 1653.8
1128290 1649.6
1128300 1649.6
1128310 1645.6
1128320 1642.1
1128330 1643.1
1128340 1640.4
1128350 1636.9
1128360 1636.9
1128370 1634.5
1128380 1631.5
1128390 1629.4
1128400 1629.4
1128410 1626.6
1128420 1624.1
1128430 1624.1
1128440 1622.4
1128450 1622.0
1128460 1622.0
1128470 1621.0
1128480 1618.4
1128490 1618.4
1128500 1616.7
1128510 1614.7
1128520 1614.7
1128530 1612.8
1128540 1610.0
1128550 1610.0
1128560 1606.5
1128570 1603.1
1128580 1603.1
1128590 1603.3
1128600 1603.7
1128610 1603.7
1128620 1602.6
1128630 1601.2
1128640 1601.2
1128650 1601.5
1128660 1602.7
1128670 1605.2
1128680 1603.6
1128690 1605.4
1128700 1607.2
1128710 1607.2
1128720 1611.9
1128730 1612.3
1128740 1612.3
1128750 1610.4
1128760 1607.0
1128770 1607.0
1128780 1600.7
1128790 1597.0
1128800 1597.0
1128810 1594.4
1128820 1591.6
1128830 1591.6
1128840 1589.2
1128850 1587.1
1128860 1587.1
1128870 1585.2
1128880 1583.8
1128890 1583.8
1128900 1582.1
1128910 1581.2
1128920 1581.2
1128930 1580.6
1128940 1580.0
1128950 1580.0
1128960 1579.1
1128970 1577.5
1128980 1576.0
1128990 1576.0
1129000 1574.6
1129010 1574.3
1129020 1574.3
1129030 1574.7
1129040 1570.8
1129050 1570.8
1129060 1573.4
1129070 1577.8
1129080 1577.8
1129090 1578.8
1129100 1578.5
1129110 1578.5
1129120 1579.9
1129130 1578.0
1129140 1578.0
1129150 1576.2
1129160 1574.2
1129170 1574.2
1129180 1571.3
1129190 1573.0
1129200 1573.0
1129210 1576.1
1129220 1576.7
1129230 1576.7
1129240 1575.8
1129250 1573.5
1129260 1573.5
1129270 1573.2
1129280 1571.6
1129290 1569.8
1129300 1569.8
1129310 1568.2
1129320 1566.9
1129330 1566.9
1129340 1566.8
1129350 1567.1
1129360 1567.1
1129370 1567.1
1129380 1566.8
1129390 1566.8
1129400 1562.7
1129410 1562.1
1129420 1562.1
1129430 1560.4
1129440 1559.3
1129450 1559.3
1129460 1557.6
1129470 1555.6
1129480 1555.6
1129490 1553.5
1129500 1551.8
1129510 1551.8
1129520 1549.9
1129530 1547.6
1129540 1547.6
1129550 1546.4
1129560 1544.9
1129570 1542.4
1129580 1542.4
1129590 1541.2
1129600 1540.6
1129610 1540.6
1129620 1538.6
1129630 1537.1
1129640 1537.1
1129650 1535.4
1129660 1535.5
1129670 1535.5
1129680 1535.2
1129690 1535.3
1129700 1535.3
1129710 1534.8
1129720 1533.8
1129730 1533.8
1129740 1533.6
1129750 1533.9
1129760 1530.9
1129770 1530.9
1129780 1530.3
1129790 1530.3
1129800 1528.8
1129810 1526.8
1129820 1526.8
1129830 1525.0
1129840 1523.0
1129850 1523.0
1129860 1521.7
1129870 1520.3
1129880 1518.7
1129890 1518.7
1129900 1517.4
1129910 1516.2
1129920 1516.2
1129930 1514.9
1129940 1513.8
1129950 1513.8
1129960 1511.9
1129970 1509.7
1129980 1509.7
1129990 1507.9
1130000 1506.6
1130010 1506.6
1130020 1504.7
1130030 1504.1
1130040 1504.1
1130050 1501.5
1130060 1498.3
1130070 1498.3
1130080 1496.8
1130090 1494.5
1130100 1494.5
1130110 1491.2
1130120 1486.6
1130130 1486.6
1130140 1483.9
1130150 1480.0
1130160 1480.0
1130170 1478.1
1130180 1476.3
1130190 1474.3
1130200 1474.3
1130210 1472.7
1130220 1470.9
1130230 1470.9
1130240 1469.6
1130250 1467.0
1130260 1467.0
1130270 1464.8
1130280 1463.5
1130290 1463.5
1130300 1461.6
1130310 1460.0
1130320 1460.0
1130330 1458.1
1130340 1455.9
1130350 1455.9
1130360 1454.4
1130370 1452.8
1130380 1452.8
1130390 1451.0
1130400 1449.2
1130410 1449.2
1130420 1447.0
1130430 1445.7
1130440 1445.7
1130450 1444.1
1130460 1441.5
1130470 1441.5
1130480 1437.3
1130490 1435.5
1130500 1433.6
1130510 1433.6
1130520 1431.8
1130530 1430.4
1130540 1430.4
1130550 1428.4
1130560 1426.1
1130570 1426.1
1130580 1424.3
1130590 1422.3
1130600 1422.3
1130610 1420.1
1130620 1417.4
1130630 1417.4
1130640 1414.4
1130650 1411.4
1130660 1411.4
1130670 1408.9
1130680 1406.1
1130690 1406.1
1130700 1404.1
1130710 1401.4
1130720 1401.4
1130730 1398.5
1130740 1395.0
1130750 1395.0
1130760 1391.8
1130770 1388.4
1130780 1385.0
1130790 1385.0
1130800 1382.2
1130810 1379.9
1130820 1379.9
1130830 1377.9
1130840 1373.4
1130850 1373.4
1130860 1370.2
1130870 1367.6
1130880 1367.6
1130890 1365.0
1130900 1361.8
1130910 1361.8
1130920 1358.0
1130930 1354.6
1130940 1354.6
1130950 1352.3
1130960 1350.1
1130970 1350.1
1130980 1347.3
1130990 1345.0
1131000 1345.0
1131010 1342.4
1131020 1340.2
1131030 1340.2
1131040 1338.1
1131050 1335.6
1131060 1335.6
1131070 1334.2
1131080 1332.0
1131090 1330.1
1131100 1330.1
1131110 1328.6
1131120 1327.2
1131130 1327.2
1131140 1325.3
1131150 1323.8
1131160 1323.8
1131170 1322.0
1131180 1320.0
1131190 1320.0
1131200 1312.0
1131210 1308.6
1131220 1308.6
1131230 1304.3
1131240 1303.0
1131250 1303.0
1131260 1302.4
1131270 1301.0
1131280 1301.0
1131290 1300.1
1131300 1299.6
1131310 1299.6
1131320 1297.8
1131330 1294.2
1131340 1294.2
1131350 1289.9
1131360 1284.9
1131370 1284.9
1131380 1280.7
1131390 1276.8
1131400 1273.0
1131410 1273.0
1131420 1268.4
1131430 1264.6
1131440 1264.6
1131450 1263.2
1131460 1261.8
1131470 1261.8
1131480 1258.9
1131490 1255.4
1131500 1255.4
1131510 1253.5
1131520 1249.9
1131530 1249.9
1131540 1245.8
1131550 1240.7
1131560 1240.7
1131570 1234.7
1131580 1229.0
1131590 1229.0
1131600 1222.8
1131610 1218.6
1131620 1218.6
1131630 1215.6
1131640 1212.1
1131650 1212.1
1131660 1209.2
1131670 1207.6
1131680 1207.6
1131690 1207.0
1131700 1206.6
1131710 1204.6
1131720 1204.6
1131730 1204.4
1131740 1209.2
1131750 1209.2
1131760 1213.2
1131770 1215.9
1131780 1215.9
1131790 1215.4
1131800 1210.9
1131810 1210.9
1131820 1205.8
1131830 1202.0
1131840 1202.0
1131850 1200.9
1131860 1200.2
1131870 1200.2
1131880 1199.1
1131890 1197.0
1131900 1197.0
1131910 1194.5
1131920 1190.7
1131930 1189.1
1131940 1185.1
1131950 1181.6
1131960 1181.6
1131970 1178.1
1131980 1175.2
1131990 1172.2
1132000 1172.2
1132010 1169.3
1132020 1165.4
1132030 1165.4
1132040 1161.6
1132050 1158.8
1132060 1158.8
1132070 1156.2
1132080 1152.7
1132090 1152.7
1132100 1148.7
1132110 1145.5
1132120 1145.5
1132130 1142.7
1132140 1139.7
1132150 1139.7
1132160 1137.2
1132170 1135.1
1132180 1135.1
1132190 1132.6
1132200 1130.3
1132210 1130.3
1132220 1126.9
1132230 1123.0
1132240 1123.0
1132250 1119.6
1132260 1116.8
1132270 1116.8
1132280 1114.2
1132290 1110.2
1132300 1107.6
1132310 1107.6
1132320 1104.1
1132330 1100.7
1132340 1100.7
1132350 1097.7
1132360 1094.9
1132370 1094.9
1132380 1093.7
1132390 1092.7
1132400 1092.7
1132410 1090.5
1132420 1087.5
1132430 1087.5
1132440 1084.8
1132450 1082.6
1132460 1082.6
1132470 1080.8
1132480 1078.2
1132490 1078.2
1132500 1075.0
1132510 1072.0
1132520 1072.0
1132530 1069.0
1132540 1065.0
1132550 1065.0
1132560 1060.4
1132570 1055.9
1132580 1055.9
1132590 1055.3
1132600 1056.3
1132610 1056.7
1132620 1056.7
1132630 1055.8
1132640 1055.4
1132650 1053.8
1132660 1053.9
1132670 1054.0
1132680 1054.0
1132690 1053.8
1132700 1052.7
1132710 1052.7
1132720 1049.6
1132730 1049.7
1132740 1049.7
1132750 1051.6
1132760 1054.4
1132770 1054.4
1132780 1055.7
1132790 1056.4
1132800 1056.4
1132810 1056.9
1132820 1057.6
1132830 1057.6
1132840 1058.1
1132850 1058.2
1132860 1058.2
1132870 1057.8
1132880 1057.7
1132890 1057.6
1132900 1057.6
1132910 1057.3
1132920 1056.7
1132930 1056.7
1132940 1056.1
1132950 1055.4
1132960 1055.4
1132970 1054.7
1132980 1053.2
1132990 1053.2
1133000 1050.2
1133010 1042.9
1133020 1042.9
1133030 1039.0
1133040 1037.0
1133050 1037.0
1133060 1034.2
1133070 1035.8
1133080 1035.8
1133090 1045.0
1133100 1048.0
1133110 1048.0
1133120 1049.1
1133130 1049.5
1133140 1049.5
1133150 1050.5
1133160 1051.4
1133170 1051.4
1133180 1051.3
1133190 1051.6
1133200 1052.1
1133210 1052.1
1133220 1052.1
1133230 1052.4
1133240 1052.4
1133250 1054.1
1133260 1055.5
1133270 1055.5
1133280 1056.0
1133290 1056.4
1133300 1056.4
1133310 1056.8
1133320 1057.0
1133330 1057.0
1133340 1057.1
1133350 1056.9
1133360 1056.9
1133370 1056.3
1133380 1054.5
1133390 1054.5
1133400 1055.9
1133410 1056.4
1133420 1056.4
1133430 1056.9
1133440 1057.8
1133450 1057.8
1133460 1059.0
1133470 1060.2
1133480 1060.2
1133490 1061.1
1133500 1061.7
1133510 1063.2
1133520 1063.2
1133530 1064.8
1133540 1065.5
1133550 1065.5
1133560 1067.0
1133570 1067.8
1133580 1067.8
1133590 1068.6
1133600 1070.1
1133610 1070.1
1133620 1071.6
1133630 1073.0
1133640 1073.0
1133650 1074.6
1133660 1076.1
1133670 1076.1
1133680 1076.9
1133690 1077.9
1133700 1077.9
1133710 1079.1
1133720 1080.1
1133730 1080.1
1133740 1077.9
1133750 1078.4
1133760 1078.4
1133770 1079.0
1133780 1080.1
1133790 1080.1
1133800 1081.3
1133810 1082.7
1133820 1084.8
1133830 1084.8
1133840 1086.8
1133850 1088.6
1133860 1088.6
1133870 1090.3
1133880 1091.4
1133890 1091.4
1133900 1092.1
1133910 1092.1
1133920 1092.1
1133930 1091.8
1133940 1091.5
1133950 1091.5
1133960 1090.1
1133970 1088.3
1133980 1088.3
1133990 1088.6
1134000 1088.5
1134010 1088.5
1134020 1088.1
1134030 1087.6
1134040 1087.6
1134050 1087.4
1134060 1086.9
1134070 1086.9
1134080 1085.7
1134090 1084.0
1134100 1079.1
1134110 1079.1
1134120 1078.0
1134130 1076.1
1134140 1076.1
1134150 1073.0
1134160 1070.4
1134170 1070.4
1134180 1069.5
1134190 1068.7
1134200 1068.7
1134210 1067.1
1134220 1066.6
1134230 1066.6
1134240 1066.5
1134250 1066.5
1134260 1066.5
1134270 1067.5
1134280 1067.6
1134290 1067.6
1134300 1066.6
1134310 1065.4
1134320 1065.4
1134330 1064.7
1134340 1064.2
1134350 1064.2
1134360 1063.7
1134370 1063.1
1134380 1063.1
1134390 1063.0
1134400 1062.9
1134410 1062.1
1134420 1062.1
1134430 1060.7
1134440 1060.7
1134450 1060.7
1134460 1061.4
1134470 1062.8
1134480 1062.8
1134490 1063.1
1134500 1062.9
1134510 1062.9
1134520 1060.8
1134530 1058.1
1134540 1058.1
1134550 1055.8
1134560 1052.1
1134570 1052.1
1134580 1048.3
1134590 1044.6
1134600 1044.6
1134610 1039.5
1134620 1032.3
1134630 1032.3
1134640 1025.8
1134650 1024.8
1134660 1024.8
1134670 1024.4
1134680 1021.0
1134690 1021.0
1134700 1016.1
1134710 1010.1
1134720 985.5
1134730 985.5
1134740 976.5
1134750 973.9
1134760 973.9
1134770 971.3
1134780 974.9
1134790 974.9
1134800 980.4
1134810 981.0
1134820 981.0
1134830 990.0
1134840 989.7
1134850 989.7
1134860 987.7
1134870 984.7
1134880 984.7
1134890 982.6
1134900 980.6
1134910 980.6
1134920 980.7
1134930 980.3
1134940 980.3
1134950 978.2
1134960 976.0
1134970 976.0
1134980 974.9
1134990 975.0
1135000 974.7
1135010 974.7
1135020 975.1
1135030 974.8
1135040 974.8
1135050 973.5
1135060 972.6
1135070 972.6
1135080 971.0
1135090 969.3
1135100 969.3
1135110 968.7
1135120 968.4
1135130 968.4
1135140 968.4
1135150 968.3
1135160 968.3
1135170 968.0
1135180 967.7
1135190 967.7
1135200 969.9
1135210 974.9
1135220 974.9
1135230 977.3
1135240 979.2
1135250 979.2
1135260 980.1
1135270 981.8
1135280 981.8
1135290 984.0
1135300 988.5
1135310 994.9
1135320 994.9
1135330 999.9
1135340 1004.6
1135350 1004.6
1135360 1008.3
1135370 1018.0
1135380 1018.0
1135390 1023.1
1135400 1023.9
1135410 1023.9
1135420 1025.6
1135430 1026.7
1135440 1026.7
1135450 1030.5
1135460 1032.6
1135470 1032.6
1135480 1036.6
1135490 1038.8
1135500 1038.8
1135510 1041.9
1135520 1047.4
1135530 1047.4
1135540 1052.8
1135550 1055.4
1135560 1056.1
1135570 1057.4
1135580 1059.2
1135590 1059.2
1135600 1059.9
1135610 1063.1
1135620 1067.3
1135630 1067.3
1135640 1071.5
1135650 1074.3
1135660 1074.3
1135670 1076.0
1135680 1079.2
1135690 1079.2
1135700 1082.7
1135710 1084.9
1135720 1084.9
1135730 1086.6
1135740 1088.0
1135750 1088.0
1135760 1090.2
1135770 1091.2
1135780 1091.2
1135790 1090.9
1135800 1091.3
1135810 1091.3
1135820 1092.6
1135830 1093.8
1135840 1093.8
1135850 1095.9
1135860 1097.7
1135870 1097.7
1135880 1100.3
1135890 1103.4
1135900 1103.4
1135910 1105.3
1135920 1107.6
1135930 1117.2
1135940 1117.2
1135950 1118.6
1135960 1120.2
1135970 1120.2
1135980 1119.2
1135990 1119.7
1136000 1119.7
1136010 1122.0
1136020 1127.1
1136030 1127.1
1136040 1131.9
1136050 1136.5
1136060 1136.5
1136070 1139.0
1136080 1139.3
1136090 1139.3
1136100 1142.2
1136110 1146.4
1136120 1146.4
1136130 1150.7
1136140 1154.5
1136150 1154.5
1136160 1158.3
1136170 1160.3
1136180 1160.3
1136190 1162.1
1136200 1165.6
1136210 1169.5
1136220 1169.5
1136230 1173.6
1136240 1176.0
1136250 1176.0
1136260 1177.2
1136270 1179.7
1136280 1179.7
1136290 1189.3
1136300 1191.8
1136310 1191.8
1136320 1193.6
1136330 1195.4
1136340 1195.4
1136350 1195.9
1136360 1198.3
1136370 1198.3
1136380 1200.4
1136390 1201.8
1136400 1201.8
1136410 1203.3
1136420 1205.3
1136430 1205.3
1136440 1206.7
1136450 1208.7
1136460 1208.7
1136470 1211.2
1136480 1215.2
1136490 1215.2
1136500 1219.4
1136510 1224.5
1136520 1230.6
1136530 1230.6
1136540 1236.5
1136550 1241.3
1136560 1241.3
1136570 1245.0
1136580 1248.4
1136590 1248.4
1136600 1251.3
1136610 1253.8
1136620 1253.8
1136630 1256.5
1136640 1260.1
1136650 1260.1
1136660 1268.3
1136670 1270.5
1136680 1270.5
1136690 1272.5
1136700 1273.6
1136710 1273.6
1136720 1273.3
1136730 1272.4
1136740 1272.4
1136750 1272.8
1136760 1272.8
1136770 1272.8
1136780 1273.0
1136790 1274.1
1136800 1274.1
1136810 1277.1
1136820 1280.8
1136830 1284.8
1136840 1284.8
1136850 1286.7
1136860 1287.1
1136870 1287.1
1136880 1288.7
1136890 1289.8
1136900 1289.8
1136910 1290.1
1136920 1290.2
1136930 1290.2
1136940 1290.8
1136950 1293.4
1136960 1293.4
1136970 1296.1
1136980 1296.3
1136990 1296.3
1137000 1295.2
1137010 1293.9
1137020 1293.9
1137030 1295.7
1137040 1297.4
1137050 1297.4
1137060 1299.7
1137070 1301.4
1137080 1301.4
1137090 1302.9
1137100 1304.6
1137110 1307.1
1137120 1307.1
1137130 1309.2
1137140 1310.8
1137150 1310.8
1137160 1311.5
1137170 1311.7
1137180 1311.7
1137190 1311.4
1137200 1311.6
1137210 1311.6
1137220 1312.9
1137230 1314.0
1137240 1314.0
1137250 1315.0
1137260 1316.5
1137270 1316.5
1137280 1318.1
1137290 1320.5
1137300 1320.5
1137310 1323.0
1137320 1325.4
1137330 1325.4
1137340 1327.1
1137350 1328.9
1137360 1328.9
1137370 1330.6
1137380 1332.4
1137390 1335.5
1137400 1338.1
1137410 1340.4
1137420 1342.7
1137430 1342.7
1137440 1345.7
1137450 1348.0
1137460 1348.0
1137470 1349.9
1137480 1352.2
1137490 1352.2
1137500 1354.7
1137510 1356.8
1137520 1356.8
1137530 1358.3
1137540 1360.1
1137550 1360.1
1137560 1361.1
1137570 1362.2
1137580 1362.2
1137590 1364.1
1137600 1366.4
1137610 1366.4
1137620 1370.8
1137630 1375.2
1137640 1375.2
1137650 1379.4
1137660 1383.6
1137670 1383.6
1137680 1387.0
1137690 1389.5
1137700 1389.5
1137710 1392.7
1137720 1396.2
1137730 1400.0
1137740 1400.0
1137750 1403.6
1137760 1412.6
1137770 1412.6
1137780 1417.1
1137790 1421.7
1137800 1421.7
1137810 1426.2
1137820 1429.8
1137830 1429.8
1137840 1431.7
1137850 1435.9
1137860 1435.9
1137870 1440.6
1137880 1443.9
1137890 1443.9
1137900 1449.0
1137910 1454.2
1137920 1454.2
1137930 1460.3
1137940 1465.1
1137950 1465.1
1137960 1468.3
1137970 1470.2
1137980 1470.2
1137990 1470.8
1138000 1470.8
1138010 1470.8
1138020 1469.1
1138030 1474.7
1138040 1477.7
1138050 1477.7
1138060 1480.1
1138070 1482.4
1138080 1482.4
1138090 1484.0
1138100 1485.3
1138110 1485.3
1138120 1487.4
1138130 1494.4
1138140 1494.4
1138150 1497.8
1138160 1500.8
1138170 1500.8
1138180 1502.9
1138190 1504.3
1138200 1504.3
1138210 1507.2
1138220 1512.0
1138230 1512.0
1138240 1516.4
1138250 1520.4
1138260 1520.4
1138270 1524.5
1138280 1529.8
1138290 1529.8
1138300 1535.0
1138310 1540.5
1138320 1544.7
1138330 1544.7
1138340 1546.8
1138350 1551.4
1138360 1551.4
1138370 1555.3
1138380 1560.3
1138390 1560.3
1138400 1566.1
1138410 1570.1
1138420 1570.1
1138430 1571.4
1138440 1571.7
1138450 1571.7
1138460 1574.0
1138470 1580.0
1138480 1580.0
1138490 1587.0
1138500 1594.5
1138510 1594.5
1138520 1601.5
1138530 1607.5
1138540 1607.5
1138550 1612.4
1138560 1617.0
1138570 1617.0
1138580 1622.8
1138590 1628.6
1138600 1628.6
1138610 1633.7
1138620 1638.7
1138630 1640.3
1138640 1640.3
1138650 1639.7
1138660 1642.8
1138670 1642.8
1138680 1652.8
1138690 1663.0
1138700 1663.0
1138710 1672.7
1138720 1681.6
1138730 1681.6
1138740 1686.6
1138750 1698.1
1138760 1698.1
1138770 1707.5
1138780 1712.4
1138790 1712.4
1138800 1714.9
1138810 1722.5
1138820 1722.5
1138830 1732.8
1138840 1739.4
1138850 1739.4
1138860 1746.1
1138870 1759.2
1138880 1759.2
1138890 1757.0
1138900 1749.0
1138910 1749.0
1138920 1741.6
1138930 1734.8
1138940 1729.0
1138950 1729.0
1138960 1724.1
1138970 1719.9
1138980 1719.9
1138990 1715.8
1139000 1712.5
1139010 1712.5
1139020 1708.6
1139030 1705.1
1139040 1705.1
1139050 1702.7
1139060 1699.9
1139070 1699.9
1139080 1696.8
1139090 1694.3
1139100 1694.3
1139110 1692.0
1139120 1690.0
1139130 1690.0
1139140 1687.7
1139150 1685.8
1139160 1685.8
1139170 1684.2
1139180 1682.8
1139190 1682.8
1139200 1681.6
1139210 1680.1
1139220 1678.4
1139230 1678.4
1139240 1670.1
1139250 1669.3
1139260 1669.3
1139270 1670.3
1139280 1671.3
1139290 1671.3
1139300 1668.9
1139310 1669.5
1139320 1669.5
1139330 1671.5
1139340 1670.8
1139350 1670.8
1139360 1664.8
1139370 1657.7
1139380 1657.7
1139390 1650.8
1139400 1644.1
1139410 1644.1
1139420 1638.7
1139430 1635.4
1139440 1635.4
1139450 1631.2
1139460 1629.2
1139470 1629.2
1139480 1628.7
1139490 1627.8
1139500 1627.8
1139510 1627.1
1139520 1625.4
