1120000 1564.3
1120010 1563.9
1120020 1563.9
1120030 1560.3
1120040 1557.1
1120050 1557.1
1120060 1558.6
1120070 1570.9
1120080 1570.9
1120090 1578.9
1120100 1584.7
1120110 1584.7
1120120 1579.9
1120130 1582.8
1120140 1584.7
1120150 1584.7
1120160 1585.1
1120170 1585.1
1120180 1585.1
1120190 1580.6
1120200 1580.8
1120210 1580.8
1120220 1581.8
1120230 1579.2
1120240 1579.2
1120250 1578.9
1120260 1580.4
1120270 1580.4
1120280 1579.1
1120290 1569.8
1120300 1569.8
1120310 1565.8
1120320 1562.6
1120330 1562.6
1120340 1560.5
1120350 1560.0
1120360 1560.0
1120370 1560.5
1120380 1559.6
1120390 1559.6
1120400 1557.8
1120410 1556.4
1120420 1563.1
1120430 1562.4
1120440 1562.3
1120450 1559.2
1120460 1559.2
1120470 1536.9
1120480 1505.0
1120490 1505.0
1120500 1498.9
1120510 1490.8
1120520 1490.8
1120530 1484.9
1120540 1478.6
1120550 1478.6
1120560 1472.8
1120570 1465.6
1120580 1465.6
1120590 1459.6
1120600 1453.9
1120610 1453.9
1120620 1449.5
1120630 1444.0
1120640 1444.0
1120650 1437.4
1120660 1431.0
1120670 1431.0
1120680 1424.7
1120690 1418.0
1120700 1418.0
1120710 1412.3
1120720 1407.6
1120730 1407.6
1120740 1402.1
1120750 1397.2
1120760 1392.4
1120770 1393.1
1120780 1390.1
1120790 1387.5
1120800 1387.5
1120810 1383.9
1120820 1380.7
1120830 1380.7
1120840 1377.6
1120850 1375.5
1120860 1375.5
1120870 1377.9
1120880 1383.9
1120890 1383.9
1120900 1389.6
1120910 1395.7
1120920 1395.7
1120930 1402.2
1120940 1408.7
1120950 1408.7
1120960 1415.0
1120970 1421.0
1120980 1421.0
1120990 1427.6
1121000 1434.2
1121010 1434.2
1121020 1440.7
1121030 1447.4
1121040 1454.3
1121050 1454.3
1121060 1460.8
1121070 1467.5
1121080 1467.5
1121090 1474.6
1121100 1482.4
1121110 1482.4
1121120 1490.1
1121130 1498.1
1121140 1498.1
1121150 1505.4
1121160 1512.5
1121170 1512.5
1121180 1519.9
1121190 1531.1
1121200 1531.1
1121210 1540.5
1121220 1550.6
1121230 1550.6
1121240 1557.5
1121250 1562.9
1121260 1562.9
1121270 1569.8
1121280 1577.5
1121290 1577.5
1121300 1585.3
1121310 1593.6
1121320 1593.6
1121330 1602.4
1121340 1610.9
1121350 1620.0
1121360 1620.0
1121370 1626.5
1121380 1631.4
1121390 1631.4
1121400 1636.8
1121410 1644.0
1121420 1644.0
1121430 1648.0
1121440 1648.9
1121450 1648.9
1121460 1651.9
1121470 1657.8
1121480 1657.8
1121490 1660.5
1121500 1662.7
1121510 1662.7
1121520 1664.7
1121530 1666.5
1121540 1666.5
1121550 1668.7
1121560 1669.7
1121570 1669.7
1121580 1672.0
1121590 1673.7
1121600 1673.7
1121610 1674.9
1121620 1674.9
1121630 1674.9
1121640 1672.9
1121650 1665.7
1121660 1659.2
1121670 1659.2
1121680 1653.2
1121690 1648.1
1121700 1648.1
1121710 1643.8
1121720 1641.4
1121730 1641.4
1121740 1639.6
1121750 1638.8
1121760 1638.8
1121770 1640.2
1121780 1641.8
1121790 1641.8
1121800 1641.5
1121810 1642.7
1121820 1646.0
1121830 1646.3
1121840 1646.6
1121850 1646.6
1121860 1648.3
1121870 1650.4
1121880 1650.4
1121890 1652.3
1121900 1653.9
1121910 1653.9
1121920 1655.9
1121930 1657.9
1121940 1657.9
1121950 1659.5
1121960 1660.9
1121970 1663.1
1121980 1663.1
1121990 1664.9
1122000 1666.0
1122010 1666.0
1122020 1668.0
1122030 1672.2
1122040 1672.2
1122050 1675.7
1122060 1678.4
1122070 1678.4
1122080 1679.8
1122090 1680.3
1122100 1680.3
1122110 1680.5
1122120 1680.9
1122130 1680.9
1122140 1682.7
1122150 1684.6
1122160 1684.6
1122170 1687.0
1122180 1698.5
1122190 1698.5
1122200 1701.7
1122210 1703.8
1122220 1703.8
1122230 1705.6
1122240 1707.1
1122250 1708.8
1122260 1708.8
1122270 1711.1
1122280 1713.3
1122290 1713.3
1122300 1715.5
1122310 1717.6
1122320 1717.6
1122330 1719.5
1122340 1721.1
1122350 1721.1
1122360 1723.4
1122370 1723.8
1122380 1723.8
1122390 1722.0
1122400 1723.5
1122410 1723.5
1122420 1724.7
1122430 1724.9
1122440 1724.9
1122450 1727.8
1122460 1730.6
1122470 1730.6
1122480 1732.3
1122490 1735.1
1122500 1735.1
1122510 1737.6
1122520 1739.7
1122530 1741.7
1122540 1744.0
1122550 1746.2
1122560 1747.5
1122570 1747.5
1122580 1748.7
1122590 1751.5
1122600 1751.5
1122610 1752.6
1122620 1752.4
1122630 1752.4
1122640 1753.3
1122650 1754.8
1122660 1754.8
1122670 1753.6
1122680 1751.4
1122690 1751.4
1122700 1750.3
1122710 1750.5
1122720 1750.5
1122730 1750.0
1122740 1749.8
1122750 1749.8
1122760 1751.6
1122770 1753.1
1122780 1753.1
1122790 1753.9
1122800 1755.2
1122810 1755.2
1122820 1755.6
1122830 1757.9
1122840 1757.9
1122850 1759.4
1122860 1761.6
1122870 1764.2
1122880 1767.9
1122890 1768.1
1122900 1767.9
1122910 1767.9
1122920 1768.0
1122930 1767.7
1122940 1767.7
1122950 1768.7
1122960 1770.0
1122970 1770.0
1122980 1771.3
1122990 1772.8
1123000 1772.8
1123010 1773.1
1123020 1773.5
1123030 1773.5
1123040 1773.1
1123050 1774.0
1123060 1774.0
1123070 1775.0
1123080 1775.7
1123090 1775.7
1123100 1775.8
1123110 1777.3
1123120 1777.3
1123130 1777.6
1123140 1776.5
1123150 1776.5
1123160 1782.9
1123170 1784.8
1123180 1786.4
1123190 1786.4
1123200 1788.8
1123210 1790.2
1123220 1790.2
1123230 1794.2
1123240 1797.7
1123250 1797.7
1123260 1800.9
1123270 1802.1
1123280 1802.1
1123290 1802.4
1123300 1804.5
1123310 1804.5
1123320 1807.6
1123330 1808.4
1123340 1808.4
1123350 1807.2
1123360 1806.2
1123370 1806.2
1123380 1805.2
1123390 1805.7
1123400 1805.7
1123410 1805.9
1123420 1808.7
1123430 1808.7
1123440 1814.2
1123450 1820.6
1123460 1820.6
1123470 1821.9
1123480 1820.7
1123490 1819.9
1123500 1819.9
1123510 1819.8
1123520 1821.2
1123530 1821.2
1123540 1823.1
1123550 1823.7
1123560 1823.7
1123570 1823.5
1123580 1823.1
1123590 1827.9
1123600 1828.1
1123610 1828.5
1123620 1828.5
1123630 1828.1
1123640 1825.4
1123650 1825.4
1123660 1823.5
1123670 1823.3
1123680 1823.3
1123690 1824.3
1123700 1834.7
1123710 1834.7
1123720 1835.9
1123730 1838.8
1123740 1838.8
1123750 1839.1
1123760 1838.5
1123770 1836.6
1123780 1836.6
1123790 1836.6
1123800 1835.0
1123810 1835.0
1123820 1837.6
1123830 1842.6
1123840 1842.6
1123850 1843.0
1123860 1844.7
1123870 1844.7
1123880 1848.2
1123890 1850.8
1123900 1850.8
1123910 1853.6
1123920 1853.7
1123930 1853.7
1123940 1849.3
1123950 1847.1
1123960 1847.1
1123970 1844.7
1123980 1842.5
1123990 1842.5
1124000 1841.3
1124010 1837.9
1124020 1837.9
1124030 1842.8
1124040 1845.3
1124050 1845.3
1124060 1844.8
1124070 1846.1
1124080 1847.0
1124090 1847.0
1124100 1847.1
1124110 1848.8
1124120 1848.8
1124130 1844.6
1124140 1843.3
1124150 1843.3
1124160 1841.1
1124170 1842.4
1124180 1842.4
1124190 1845.3
1124200 1849.2
1124210 1849.2
1124220 1848.7
1124230 1849.2
1124240 1849.2
1124250 1850.1
1124260 1848.7
1124270 1848.7
1124280 1847.7
1124290 1852.4
1124300 1852.4
1124310 1848.0
1124320 1843.6
1124330 1843.6
1124340 1841.8
1124350 1842.5
1124360 1842.5
1124370 1844.3
1124380 1845.6
1124390 1844.4
1124400 1844.4
1124410 1842.2
1124420 1840.2
1124430 1840.2
1124440 1839.9
1124450 1842.6
1124460 1842.6
1124470 1843.7
1124480 1843.2
1124490 1843.2
1124500 1846.3
1124510 1846.8
1124520 1846.8
1124530 1847.1
1124540 1845.3
1124550 1845.3
1124560 1843.3
1124570 1842.2
1124580 1842.2
1124590 1840.8
1124600 1841.8
1124610 1841.8
1124620 1840.4
1124630 1839.9
1124640 1839.9
1124650 1840.3
1124660 1839.5
1124670 1839.5
1124680 1838.7
1124690 1838.9
1124700 1837.8
1124710 1837.8
1124720 1835.1
1124730 1832.7
1124740 1832.7
1124750 1831.7
1124760 1833.4
1124770 1833.4
1124780 1834.9
1124790 1838.2
1124800 1838.2
1124810 1839.7
1124820 1840.3
1124830 1840.3
1124840 1841.5
1124850 1843.2
1124860 1843.2
1124870 1843.4
1124880 1841.0
1124890 1841.0
1124900 1838.1
1124910 1838.5
1124920 1838.5
1124930 1841.0
1124940 1844.5
1124950 1844.5
1124960 1844.1
1124970 1842.7
1124980 1842.2
1124990 1842.2
1125000 1845.2
1125010 1844.4
1125020 1844.4
1125030 1846.7
1125040 1847.2
1125050 1847.2
1125060 1845.0
1125070 1841.9
1125080 1841.9
1125090 1839.3
1125100 1837.5
1125110 1837.5
1125120 1835.9
1125130 1843.9
1125140 1843.9
1125150 1851.9
1125160 1855.4
1125170 1855.4
1125180 1855.0
1125190 1850.9
1125200 1850.9
1125210 1849.4
1125220 1846.6
1125230 1846.6
1125240 1845.1
1125250 1843.4
1125260 1843.4
1125270 1840.6
1125280 1840.1
1125290 1843.2
1125300 1843.2
1125310 1844.1
1125320 1842.2
1125330 1842.2
1125340 1840.8
1125350 1840.8
1125360 1844.6
1125370 1843.5
1125380 1842.4
1125390 1842.4
1125400 1842.4
1125410 1843.0
1125420 1843.0
1125430 1842.5
1125440 1841.5
1125450 1841.5
1125460 1842.2
1125470 1841.7
1125480 1841.7
1125490 1840.4
1125500 1837.3
1125510 1837.3
1125520 1833.7
1125530 1830.0
1125540 1830.0
1125550 1827.6
1125560 1824.9
1125570 1824.9
1125580 1822.2
1125590 1819.8
1125600 1817.5
1125610 1817.5
1125620 1815.3
1125630 1812.9
1125640 1812.9
1125650 1811.2
1125660 1810.5
1125670 1810.5
1125680 1810.1
1125690 1808.0
1125700 1808.0
1125710 1805.7
1125720 1804.1
1125730 1804.1
1125740 1802.3
1125750 1801.7
1125760 1801.7
1125770 1799.5
1125780 1797.7
1125790 1797.7
1125800 1797.6
1125810 1797.3
1125820 1797.3
1125830 1795.1
1125840 1791.9
1125850 1791.9
1125860 1790.0
1125870 1789.1
1125880 1789.1
1125890 1787.2
1125900 1783.5
1125910 1777.2
1125920 1777.2
1125930 1768.6
1125940 1765.2
1125950 1765.2
1125960 1764.4
1125970 1761.5
1125980 1761.5
1125990 1757.1
1126000 1759.0
1126010 1759.0
1126020 1764.0
1126030 1765.5
1126040 1765.5
1126050 1766.8
1126060 1768.7
1126070 1770.8
1126080 1771.1
1126090 1770.3
1126100 1770.3
1126110 1769.6
1126120 1768.8
1126130 1768.8
1126140 1768.1
1126150 1769.5
1126160 1769.5
1126170 1768.2
1126180 1764.0
1126190 1761.8
1126200 1761.8
1126210 1764.9
1126220 1768.6
1126230 1768.6
1126240 1770.6
1126250 1771.6
1126260 1771.6
1126270 1772.3
1126280 1769.1
1126290 1769.1
1126300 1771.5
1126310 1778.0
1126320 1778.0
1126330 1780.5
1126340 1781.8
1126350 1781.8
1126360 1783.1
1126370 1784.3
1126380 1784.3
1126390 1784.4
1126400 1782.1
1126410 1782.1
1126420 1780.5
1126430 1781.8
1126440 1781.8
1126450 1784.5
1126460 1786.4
1126470 1786.4
1126480 1785.9
1126490 1783.1
1126500 1781.7
1126510 1781.7
1126520 1786.9
1126530 1788.9
1126540 1788.9
1126550 1789.3
1126560 1789.1
1126570 1789.1
1126580 1787.5
1126590 1782.9
1126600 1782.9
1126610 1781.5
1126620 1782.1
1126630 1782.1
1126640 1785.7
1126650 1790.0
1126660 1790.0
1126670 1793.4
1126680 1796.4
1126690 1796.4
1126700 1798.7
1126710 1798.8
1126720 1798.8
1126730 1799.7
1126740 1802.4
1126750 1802.4
1126760 1804.3
1126770 1805.7
1126780 1803.7
1126790 1805.1
1126800 1806.3
1126810 1806.9
1126820 1806.9
1126830 1807.4
1126840 1810.7
1126850 1810.7
1126860 1810.9
1126870 1811.4
1126880 1811.4
1126890 1813.5
1126900 1813.7
1126910 1813.7
1126920 1812.6
1126930 1808.3
1126940 1808.3
1126950 1804.7
1126960 1805.0
1126970 1805.0
1126980 1804.6
1126990 1805.1
1127000 1805.1
1127010 1806.2
1127020 1810.4
1127030 1810.4
1127040 1814.9
1127050 1815.8
1127060 1815.8
1127070 1813.6
1127080 1814.3
1127090 1814.3
1127100 1814.9
1127110 1814.9
1127120 1813.6
1127130 1813.6
1127140 1809.6
1127150 1808.0
1127160 1808.0
1127170 1807.5
1127180 1807.4
1127190 1807.4
1127200 1805.8
1127210 1802.5
1127220 1802.5
1127230 1804.2
1127240 1802.3
1127250 1802.3
1127260 1801.1
1127270 1803.5
1127280 1803.5
1127290 1802.6
1127300 1801.5
1127310 1801.5
1127320 1801.0
1127330 1800.3
1127340 1800.3
1127350 1801.3
1127360 1798.5
1127370 1798.5
1127380 1789.7
1127390 1796.4
1127400 1796.4
1127410 1800.9
1127420 1802.3
1127430 1801.7
1127440 1801.7
1127450 1801.6
1127460 1800.7
1127470 1800.7
1127480 1800.9
1127490 1796.1
1127500 1796.1
1127510 1790.3
1127520 1784.1
1127530 1784.1
1127540 1784.4
1127550 1783.2
1127560 1783.2
1127570 1783.5
1127580 1785.0
1127590 1785.0
1127600 1784.4
1127610 1783.0
1127620 1783.0
1127630 1781.2
1127640 1778.2
1127650 1778.2
1127660 1774.0
1127670 1771.0
1127680 1771.0
1127690 1770.9
1127700 1766.7
1127710 1765.7
1127720 1765.7
1127730 1763.4
1127740 1764.2
1127750 1764.2
1127760 1764.6
1127770 1766.8
1127780 1766.8
1127790 1769.6
1127800 1770.4
1127810 1770.4
1127820 1768.2
1127830 1766.2
1127840 1766.2
1127850 1762.6
1127860 1759.3
1127870 1759.3
1127880 1754.4
1127890 1749.4
1127900 1749.4
1127910 1746.3
1127920 1747.0
1127930 1747.0
1127940 1744.0
1127950 1741.3
1127960 1741.3
1127970 1740.0
1127980 1739.1
1127990 1739.1
1128000 1737.6
1128010 1734.6
1128020 1731.2
1128030 1731.2
1128040 1729.8
1128050 1733.8
1128060 1733.8
1128070 1736.8
1128080 1737.3
1128090 1737.3
1128100 1736.3
1128110 1733.8
1128120 1733.8
1128130 1731.4
1128140 1728.8
1128150 1728.8
1128160 1725.9
1128170 1721.5
1128180 1721.5
1128190 1718.8
1128200 1718.6
1128210 1714.8
1128220 1715.9
1128230 1714.9
1128240 1714.9
1128250 1714.4
1128260 1718.1
1128270 1718.1
1128280 1718.6
1128290 1717.1
1128300 1717.1
1128310 1714.1
1128320 1711.2
1128330 1710.1
1128340 1710.1
1128350 1710.6
1128360 1710.5
1128370 1710.5
1128380 1709.6
1128390 1708.4
1128400 1708.4
1128410 1707.2
1128420 1706.0
1128430 1706.0
1128440 1704.6
1128450 1702.8
1128460 1702.8
1128470 1701.0
1128480 1698.8
1128490 1698.8
1128500 1696.0
1128510 1692.3
1128520 1692.3
1128530 1692.2
1128540 1694.8
1128550 1694.8
1128560 1693.7
1128570 1690.7
1128580 1690.7
1128590 1690.0
1128600 1691.0
1128610 1691.0
1128620 1691.5
1128630 1691.8
1128640 1690.5
1128650 1690.5
1128660 1689.4
1128670 1688.9
1128680 1688.9
1128690 1690.2
1128700 1689.6
1128710 1689.6
1128720 1687.8
1128730 1686.3
1128740 1686.3
1128750 1684.8
1128760 1682.5
1128770 1682.5
1128780 1678.8
1128790 1674.9
1128800 1674.9
1128810 1670.6
1128820 1667.2
1128830 1667.2
1128840 1666.5
1128850 1666.4
1128860 1666.4
1128870 1668.8
1128880 1669.6
1128890 1669.6
1128900 1668.9
1128910 1668.3
1128920 1668.6
1128930 1664.6
1128940 1664.3
1128950 1664.3
1128960 1664.3
1128970 1664.0
1128980 1663.1
1128990 1663.1
1129000 1661.6
1129010 1659.4
1129020 1659.4
1129030 1658.1
1129040 1658.5
1129050 1658.5
1129060 1659.4
1129070 1659.7
1129080 1659.7
1129090 1657.7
1129100 1654.1
1129110 1654.1
1129120 1651.9
1129130 1646.1
1129140 1646.1
1129150 1642.0
1129160 1640.2
1129170 1640.2
1129180 1641.1
1129190 1642.1
1129200 1642.1
1129210 1642.0
1129220 1641.7
1129230 1644.3
1129240 1644.3
1129250 1643.5
1129260 1641.8
1129270 1641.8
1129280 1640.5
1129290 1635.7
1129300 1635.7
1129310 1633.9
1129320 1632.9
1129330 1632.9
1129340 1631.7
1129350 1630.9
1129360 1630.9
1129370 1630.1
1129380 1628.6
1129390 1628.6
1129400 1627.6
1129410 1625.8
1129420 1625.8
1129430 1623.0
1129440 1620.9
1129450 1620.9
1129460 1618.1
1129470 1614.2
1129480 1614.2
1129490 1610.2
1129500 1608.6
1129510 1608.6
1129520 1607.1
1129530 1606.0
1129540 1606.0
1129550 1606.0
1129560 1605.5
1129570 1606.0
1129580 1606.0
1129590 1604.9
1129600 1601.6
1129610 1601.6
1129620 1598.7
1129630 1597.3
1129640 1593.9
1129650 1591.9
1129660 1590.4
1129670 1590.4
1129680 1589.3
1129690 1588.4
1129700 1588.4
1129710 1586.8
1129720 1585.3
1129730 1585.3
1129740 1584.0
1129750 1583.0
1129760 1583.0
1129770 1580.9
1129780 1579.7
1129790 1579.7
1129800 1578.3
1129810 1576.6
1129820 1576.6
1129830 1575.2
1129840 1572.7
1129850 1572.2
1129860 1572.2
1129870 1571.1
1129880 1569.2
1129890 1569.2
1129900 1567.1
1129910 1565.2
1129920 1565.2
1129930 1563.5
1129940 1561.3
1129950 1561.3
1129960 1559.6
1129970 1558.5
1129980 1558.5
1129990 1556.3
1130000 1551.9
1130010 1551.9
1130020 1550.5
1130030 1545.4
1130040 1545.4
1130050 1541.4
1130060 1538.5
1130070 1538.5
1130080 1536.6
1130090 1532.8
1130100 1532.8
1130110 1528.5
1130120 1527.2
1130130 1524.8
1130140 1524.8
1130150 1521.2
1130160 1516.8
1130170 1516.8
1130180 1513.7
1130190 1511.1
1130200 1511.1
1130210 1508.3
1130220 1507.2
1130230 1507.2
1130240 1506.8
1130250 1506.2
1130260 1506.2
1130270 1507.6
1130280 1506.5
1130290 1506.5
1130300 1503.9
1130310 1500.5
1130320 1500.5
1130330 1498.7
1130340 1497.4
1130350 1497.4
1130360 1494.0
1130370 1491.4
1130380 1491.4
1130390 1491.2
1130400 1494.0
1130410 1494.0
1130420 1494.2
1130430 1494.5
1130440 1493.4
1130450 1493.4
1130460 1488.5
1130470 1482.5
1130480 1482.5
1130490 1477.0
1130500 1474.6
1130510 1474.6
1130520 1473.5
1130530 1471.4
1130540 1471.4
1130550 1468.3
1130560 1466.2
1130570 1466.2
1130580 1462.5
1130590 1458.4
1130600 1458.4
1130610 1456.2
1130620 1450.6
1130630 1450.6
1130640 1445.9
1130650 1441.2
1130660 1441.2
1130670 1435.3
1130680 1429.4
1130690 1429.4
1130700 1423.8
1130710 1417.6
1130720 1417.6
1130730 1414.2
1130740 1409.9
1130750 1405.5
1130760 1405.5
1130770 1401.2
1130780 1396.7
1130790 1396.7
1130800 1391.7
1130810 1388.6
1130820 1388.6
1130830 1386.6
1130840 1385.0
1130850 1385.0
1130860 1382.2
1130870 1379.8
1130880 1379.8
1130890 1377.3
1130900 1374.3
1130910 1374.3
1130920 1370.0
1130930 1366.7
1130940 1366.7
1130950 1363.5
1130960 1360.9
1130970 1360.9
1130980 1359.8
1130990 1357.9
1131000 1357.9
1131010 1354.9
1131020 1352.1
1131030 1352.1
1131040 1350.7
1131050 1348.4
1131060 1345.5
1131070 1345.5
1131080 1344.4
1131090 1339.8
1131100 1339.8
1131110 1335.8
1131120 1331.3
1131130 1331.3
1131140 1325.8
1131150 1319.6
1131160 1319.6
1131170 1314.3
1131180 1310.1
1131190 1310.1
1131200 1305.5
1131210 1302.1
1131220 1302.1
1131230 1297.5
1131240 1292.8
1131250 1292.8
1131260 1287.8
1131270 1283.8
1131280 1283.8
1131290 1281.0
1131300 1278.9
1131310 1278.9
1131320 1274.8
1131330 1270.5
1131340 1268.2
1131350 1268.2
1131360 1265.3
1131370 1261.8
1131380 1261.8
1131390 1256.7
1131400 1251.0
1131410 1251.0
1131420 1247.0
1131430 1243.2
1131440 1243.2
1131450 1238.4
1131460 1232.6
1131470 1232.6
1131480 1227.4
1131490 1223.3
1131500 1223.3
1131510 1219.6
1131520 1216.0
1131530 1216.0
1131540 1212.8
1131550 1209.3
1131560 1209.3
1131570 1206.3
1131580 1202.7
1131590 1202.7
1131600 1198.6
1131610 1194.1
1131620 1194.1
1131630 1190.2
1131640 1187.4
1131650 1185.4
1131660 1185.4
1131670 1183.0
1131680 1179.9
1131690 1179.9
1131700 1176.5
1131710 1173.0
1131720 1173.0
1131730 1169.6
1131740 1167.4
1131750 1167.4
1131760 1163.8
1131770 1162.4
1131780 1162.4
1131790 1160.2
1131800 1157.2
1131810 1161.1
1131820 1157.5
1131830 1153.5
1131840 1153.5
1131850 1150.8
1131860 1148.3
1131870 1148.3
1131880 1145.8
1131890 1141.8
1131900 1141.8
1131910 1140.7
1131920 1138.4
1131930 1138.4
1131940 1136.0
1131950 1134.9
1131960 1133.8
1131970 1133.8
1131980 1134.2
1131990 1135.3
1132000 1135.3
1132010 1136.0
1132020 1135.0
1132030 1135.0
1132040 1132.6
1132050 1130.7
1132060 1130.7
1132070 1128.5
1132080 1126.3
1132090 1126.3
1132100 1119.6
1132110 1117.0
1132120 1117.0
1132130 1118.0
1132140 1119.1
1132150 1119.1
1132160 1120.4
1132170 1117.5
1132180 1117.5
1132190 1118.7
1132200 1119.9
1132210 1119.9
1132220 1120.6
1132230 1121.1
1132240 1121.1
1132250 1121.5
1132260 1122.1
1132270 1121.6
1132280 1121.6
1132290 1120.1
1132300 1115.4
1132310 1115.4
1132320 1110.8
1132330 1108.2
1132340 1108.2
1132350 1109.1
1132360 1112.6
1132370 1112.6
1132380 1113.4
1132390 1113.1
1132400 1113.1
1132410 1112.0
1132420 1111.4
1132430 1111.4
1132440 1113.0
1132450 1114.4
1132460 1114.4
1132470 1115.4
1132480 1117.3
1132490 1117.3
1132500 1119.4
1132510 1121.4
1132520 1121.4
1132530 1120.0
1132540 1122.8
1132550 1124.7
1132560 1124.7
1132570 1127.3
1132580 1130.5
1132590 1130.5
1132600 1133.9
1132610 1137.3
1132620 1137.3
1132630 1140.0
1132640 1142.6
1132650 1142.6
1132660 1145.2
1132670 1147.0
1132680 1147.0
1132690 1149.0
1132700 1150.9
1132710 1150.9
1132720 1152.3
1132730 1153.3
1132740 1153.3
1132750 1155.1
1132760 1158.5
1132770 1158.5
1132780 1159.9
1132790 1160.5
1132800 1160.5
1132810 1161.4
1132820 1162.4
1132830 1162.4
1132840 1161.8
1132850 1159.4
1132860 1157.6
1132870 1157.6
1132880 1157.0
1132890 1160.8
1132900 1157.0
1132910 1159.3
1132920 1161.3
1132930 1161.3
1132940 1163.4
1132950 1165.7
1132960 1165.7
1132970 1168.3
1132980 1170.7
1132990 1170.7
1133000 1171.0
1133010 1170.0
1133020 1170.0
1133030 1167.6
1133040 1165.9
1133050 1165.9
1133060 1165.4
1133070 1163.9
1133080 1163.9
1133090 1165.1
1133100 1165.6
1133110 1165.6
1133120 1165.2
1133130 1164.5
1133140 1164.5
1133150 1163.4
1133160 1163.1
1133170 1163.2
1133180 1163.2
1133190 1165.1
1133200 1166.9
1133210 1166.9
1133220 1168.5
1133230 1169.8
1133240 1169.8
1133250 1170.0
1133260 1164.4
1133270 1164.4
1133280 1164.6
1133290 1165.2
1133300 1165.2
1133310 1166.2
1133320 1167.2
1133330 1167.2
1133340 1169.4
1133350 1171.4
1133360 1171.4
1133370 1171.6
1133380 1170.7
1133390 1170.7
1133400 1167.1
1133410 1165.4
1133420 1165.4
1133430 1168.5
1133440 1170.8
1133450 1170.8
1133460 1172.0
1133470 1173.4
1133480 1175.8
1133490 1175.8
1133500 1177.5
1133510 1178.4
1133520 1178.4
1133530 1177.1
1133540 1176.4
1133550 1176.4
1133560 1178.4
1133570 1178.6
1133580 1178.6
1133590 1178.2
1133600 1178.0
1133610 1178.0
1133620 1175.0
1133630 1175.9
1133640 1175.9
1133650 1175.1
1133660 1175.4
1133670 1175.4
1133680 1176.5
1133690 1177.6
1133700 1177.6
1133710 1177.8
1133720 1176.3
1133730 1176.3
1133740 1175.2
1133750 1176.2
1133760 1178.3
1133770 1178.3
1133780 1178.6
1133790 1175.0
1133800 1175.0
1133810 1172.4
1133820 1171.2
1133830 1171.2
1133840 1170.1
1133850 1168.8
1133860 1168.8
1133870 1168.5
1133880 1168.2
1133890 1168.2
1133900 1167.0
1133910 1165.5
1133920 1165.5
1133930 1164.2
1133940 1162.7
1133950 1162.7
1133960 1161.8
1133970 1159.6
1133980 1159.6
1133990 1154.9
1134000 1153.3
1134010 1153.3
1134020 1152.0
1134030 1151.0
1134040 1151.0
1134050 1149.6
1134060 1147.9
1134070 1145.9
1134080 1145.9
1134090 1146.5
1134100 1146.4
1134110 1146.4
1134120 1145.8
1134130 1144.7
1134140 1144.7
1134150 1142.6
1134160 1138.7
1134170 1138.7
1134180 1134.0
1134190 1130.7
1134200 1130.7
1134210 1128.7
1134220 1127.1
1134230 1127.1
1134240 1124.7
1134250 1121.3
1134260 1121.3
1134270 1119.4
1134280 1117.0
1134290 1117.0
1134300 1113.7
1134310 1110.6
1134320 1110.6
1134330 1107.0
1134340 1103.1
1134350 1101.8
1134360 1098.1
1134370 1095.5
1134380 1093.0
1134390 1093.0
1134400 1090.7
1134410 1087.9
1134420 1087.9
1134430 1084.8
1134440 1082.2
1134450 1082.2
1134460 1079.6
1134470 1077.3
1134480 1077.3
1134490 1075.7
1134500 1073.8
1134510 1073.8
1134520 1071.1
1134530 1068.2
1134540 1068.2
1134550 1065.3
1134560 1063.6
1134570 1063.6
1134580 1063.7
1134590 1063.5
1134600 1063.5
1134610 1063.1
1134620 1062.8
1134630 1062.8
1134640 1062.5
1134650 1062.4
1134660 1062.4
1134670 1062.3
1134680 1062.1
1134690 1061.9
1134700 1061.9
1134710 1061.8
1134720 1061.8
1134730 1061.8
1134740 1061.8
1134750 1061.8
1134760 1061.8
1134770 1061.8
1134780 1061.7
1134790 1061.7
1134800 1061.7
1134810 1061.7
1134820 1061.7
1134830 1061.4
1134840 1060.9
1134850 1060.9
1134860 1060.5
1134870 1059.0
1134880 1059.0
1134890 1056.8
1134900 1054.5
1134910 1054.5
1134920 1052.7
1134930 1051.0
1134940 1051.0
1134950 1049.6
1134960 1048.7
1134970 1047.1
1134980 1047.1
1134990 1047.1
1135000 1048.2
1135010 1048.2
1135020 1048.9
1135030 1049.4
1135040 1049.4
1135050 1050.2
1135060 1051.0
1135070 1051.0
1135080 1053.6
1135090 1053.5
1135100 1053.5
1135110 1052.5
1135120 1049.4
1135130 1049.4
1135140 1045.2
1135150 1042.3
1135160 1042.3
1135170 1039.7
1135180 1038.0
1135190 1038.0
1135200 1035.9
1135210 1033.4
1135220 1033.4
1135230 1031.5
1135240 1029.7
1135250 1029.7
1135260 1026.3
1135270 1019.8
1135280 1014.7
1135290 1014.7
1135300 1011.9
1135310 1008.6
1135320 1008.6
1135330 1004.6
1135340 1001.4
1135350 1001.4
1135360 1000.3
1135370 996.0
1135380 996.0
1135390 991.8
1135400 983.7
1135410 983.7
1135420 977.6
1135430 972.7
1135440 973.3
1135450 970.4
1135460 967.0
1135470 967.0
1135480 964.5
1135490 962.6
1135500 962.6
1135510 960.5
1135520 960.9
1135530 960.9
1135540 962.0
1135550 962.5
1135560 962.5
1135570 962.3
1135580 961.8
1135590 963.8
1135600 963.8
1135610 967.9
1135620 971.9
1135630 971.9
1135640 979.8
1135650 991.4
1135660 991.4
1135670 1002.0
1135680 1006.4
1135690 1006.4
1135700 1008.5
1135710 1011.4
1135720 1011.4
1135730 1017.4
1135740 1023.9
1135750 1023.9
1135760 1029.8
1135770 1033.9
1135780 1033.9
1135790 1039.4
1135800 1044.1
1135810 1045.3
1135820 1049.4
1135830 1052.7
1135840 1052.7
1135850 1054.5
1135860 1056.1
1135870 1056.1
1135880 1057.8
1135890 1060.1
1135900 1062.0
1135910 1062.0
1135920 1062.4
1135930 1062.5
1135940 1062.5
1135950 1063.9
1135960 1066.8
1135970 1066.8
1135980 1070.4
1135990 1073.6
1136000 1073.6
1136010 1075.9
1136020 1078.0
1136030 1078.0
1136040 1080.6
1136050 1084.4
1136060 1084.4
1136070 1087.9
1136080 1091.1
1136090 1091.1
1136100 1094.6
1136110 1097.5
1136120 1097.5
1136130 1101.0
1136140 1104.8
1136150 1104.8
1136160 1107.6
1136170 1110.1
1136180 1110.9
1136190 1110.9
1136200 1112.4
1136210 1113.8
1136220 1113.8
1136230 1116.3
1136240 1119.9
1136250 1119.9
1136260 1122.5
1136270 1124.9
1136280 1124.9
1136290 1126.6
1136300 1127.9
1136310 1127.9
1136320 1128.9
1136330 1130.5
1136340 1130.5
1136350 1130.8
1136360 1131.9
1136370 1131.9
1136380 1134.1
1136390 1137.2
1136400 1137.2
1136410 1141.0
1136420 1143.6
1136430 1143.6
1136440 1145.9
1136450 1147.2
1136460 1147.2
1136470 1148.4
1136480 1150.7
1136490 1153.3
1136500 1153.3
1136510 1156.0
1136520 1159.1
1136530 1159.1
1136540 1163.7
1136550 1166.3
1136560 1166.3
1136570 1169.4
1136580 1172.1
1136590 1172.1
1136600 1174.9
1136610 1177.4
1136620 1177.4
1136630 1179.5
1136640 1181.9
1136650 1181.9
1136660 1184.9
1136670 1189.7
1136680 1189.7
1136690 1194.3
1136700 1195.9
1136710 1195.9
1136720 1197.8
1136730 1199.3
1136740 1199.3
1136750 1200.1
1136760 1200.4
1136770 1200.4
1136780 1202.2
1136790 1204.3
1136800 1209.2
1136810 1209.2
1136820 1214.0
1136830 1219.5
1136840 1219.5
1136850 1226.5
1136860 1231.4
1136870 1231.4
1136880 1234.7
1136890 1237.3
1136900 1237.3
1136910 1244.8
1136920 1246.1
1136930 1246.1
1136940 1246.3
1136950 1246.0
1136960 1246.0
1136970 1245.6
1136980 1245.4
1136990 1245.4
1137000 1244.8
1137010 1245.0
1137020 1245.0
1137030 1246.1
1137040 1246.6
1137050 1246.6
1137060 1246.5
1137070 1246.3
1137080 1246.0
1137090 1246.0
1137100 1245.2
1137110 1244.4
1137120 1244.4
1137130 1244.1
1137140 1244.8
1137150 1244.8
1137160 1246.1
1137170 1247.7
1137180 1247.7
1137190 1248.9
1137200 1250.7
1137210 1250.7
1137220 1252.9
1137230 1256.2
1137240 1256.2
1137250 1259.2
1137260 1261.6
1137270 1261.6
1137280 1268.0
1137290 1268.7
1137300 1268.7
1137310 1266.6
1137320 1269.1
1137330 1269.1
1137340 1272.1
1137350 1274.7
1137360 1274.7
1137370 1276.9
1137380 1278.4
1137390 1280.6
1137400 1280.6
1137410 1282.8
1137420 1284.9
1137430 1284.9
1137440 1287.4
1137450 1289.7
1137460 1289.7
1137470 1291.1
1137480 1290.5
1137490 1290.5
1137500 1290.0
1137510 1290.1
1137520 1290.1
1137530 1291.5
1137540 1293.1
1137550 1293.1
1137560 1294.0
1137570 1294.5
1137580 1294.5
1137590 1294.9
1137600 1295.4
1137610 1295.4
1137620 1296.9
1137630 1300.6
1137640 1305.8
1137650 1308.4
1137660 1308.3
1137670 1308.3
1137680 1315.7
1137690 1321.7
1137700 1326.6
1137710 1326.6
1137720 1331.6
1137730 1335.6
1137740 1335.6
1137750 1338.1
1137760 1339.7
1137770 1339.7
1137780 1340.4
1137790 1338.6
1137800 1338.6
1137810 1334.7
1137820 1334.6
1137830 1334.6
1137840 1341.5
1137850 1345.5
1137860 1345.5
1137870 1348.6
1137880 1351.4
1137890 1351.4
1137900 1354.2
1137910 1356.5
1137920 1356.5
1137930 1359.3
1137940 1361.9
1137950 1361.9
1137960 1364.4
1137970 1367.3
1137980 1367.3
1137990 1369.7
1138000 1372.6
1138010 1376.9
1138020 1376.9
1138030 1380.0
1138040 1383.2
1138050 1383.2
1138060 1385.5
1138070 1388.5
1138080 1388.5
1138090 1391.0
1138100 1393.0
1138110 1393.0
1138120 1393.9
1138130 1393.8
1138140 1393.8
1138150 1393.6
1138160 1395.1
1138170 1395.1
1138180 1397.0
1138190 1400.0
1138200 1400.0
1138210 1402.8
1138220 1405.2
1138230 1405.2
1138240 1407.1
1138250 1410.5
1138260 1410.5
1138270 1414.9
1138280 1418.4
1138290 1421.5
1138300 1421.5
1138310 1425.2
1138320 1428.7
1138330 1428.7
1138340 1431.2
1138350 1432.7
1138360 1432.7
1138370 1434.4
1138380 1443.8
1138390 1443.8
1138400 1448.0
1138410 1450.4
1138420 1450.4
1138430 1451.3
1138440 1452.6
1138450 1452.6
1138460 1456.2
1138470 1460.2
1138480 1460.2
1138490 1464.3
1138500 1469.1
1138510 1469.1
1138520 1473.3
1138530 1477.4
1138540 1477.4
1138550 1481.1
1138560 1484.2
1138570 1484.2
1138580 1487.4
1138590 1491.1
1138600 1495.5
1138610 1495.5
1138620 1499.4
1138630 1504.4
1138640 1504.4
1138650 1509.6
1138660 1514.0
1138670 1514.0
1138680 1518.2
1138690 1522.4
1138700 1522.4
1138710 1527.2
1138720 1531.8
1138730 1531.8
1138740 1535.4
1138750 1548.7
1138760 1548.7
1138770 1554.1
1138780 1560.2
1138790 1560.2
1138800 1567.1
1138810 1572.1
1138820 1572.1
1138830 1578.5
1138840 1586.4
1138850 1586.4
1138860 1592.8
1138870 1599.3
1138880 1599.3
1138890 1600.2
1138900 1602.3
1138910 1610.8
1138920 1610.8
1138930 1620.2
1138940 1626.3
1138950 1626.3
1138960 1631.8
1138970 1639.6
1138980 1639.6
1138990 1644.3
1139000 1650.1
1139010 1650.1
1139020 1657.1
1139030 1662.6
1139040 1662.6
1139050 1666.4
1139060 1667.0
1139070 1667.0
1139080 1670.3
1139090 1678.7
1139100 1678.7
1139110 1685.5
1139120 1695.6
1139130 1695.6
1139140 1700.0
1139150 1704.3
1139160 1704.3
1139170 1708.2
1139180 1712.5
1139190 1712.5
1139200 1717.0
1139210 1721.5
1139220 1725.7
1139230 1725.7
1139240 1730.1
1139250 1734.1
1139260 1734.1
1139270 1737.9
1139280 1740.0
1139290 1740.0
1139300 1739.2
1139310 1737.1
1139320 1737.1
1139330 1735.1
1139340 1731.2
1139350 1731.2
1139360 1722.1
1139370 1711.9
1139380 1711.9
1139390 1703.5
1139400 1695.5
1139410 1695.5
1139420 1688.2
1139430 1680.7
1139440 1680.7
1139450 1673.4
1139460 1667.8
1139470 1667.8
1139480 1664.0
1139490 1666.1
1139500 1663.0
1139510 1663.0
1139520 1657.2
1139530 1649.0
1139540 1649.0
1139550 1639.6
1139560 1630.2
1139570 1630.2
1139580 1622.2
1139590 1614.4
1139600 1614.4
1139610 1607.4
1139620 1600.9
1139630 1600.9
1139640 1593.8
1139650 1588.7
1139660 1588.7
1139670 1584.8
1139680 1581.6
1139690 1581.6
1139700 1580.8
1139710 1580.0
1139720 1580.0
1139730 1578.5
