1120000 1286.3
1120010 1285.3
1120020 1283.5
1120030 1283.5
1120040 1283.4
1120050 1285.0
1120060 1285.0
1120070 1284.8
1120080 1285.0
1120090 1285.0
1120100 1285.6
1120110 1287.2
1120120 1288.6
1120130 1288.6
1120140 1289.0
1120150 1289.1
1120160 1289.1
1120170 1287.8
1120180 1288.8
1120190 1288.8
1120200 1289.3
1120210 1289.0
1120220 1297.6
1120230 1297.6
1120240 1299.1
1120250 1299.1
1120260 1300.0
1120270 1300.8
1120280 1300.8
1120290 1301.5
1120300 1301.9
1120310 1301.9
1120320 1299.8
1120330 1299.5
1120340 1299.5
1120350 1299.9
1120360 1299.8
1120370 1299.8
1120380 1301.6
1120390 1302.0
1120400 1302.3
1120410 1302.3
1120420 1302.8
1120430 1302.1
1120440 1302.1
1120450 1301.6
1120460 1300.0
1120470 1300.0
1120480 1296.7
1120490 1296.9
1120500 1296.9
1120510 1296.9
1120520 1297.4
1120530 1297.4
1120540 1297.6
1120550 1295.9
1120560 1295.9
1120570 1304.3
1120580 1308.6
1120590 1308.6
1120600 1311.5
1120610 1313.4
1120620 1313.4
1120630 1314.4
1120640 1315.0
1120650 1315.0
1120660 1316.8
1120670 1318.4
1120680 1318.4
1120690 1320.1
1120700 1321.3
1120710 1323.7
1120720 1323.7
1120730 1327.5
1120740 1332.7
1120750 1332.7
1120760 1338.8
1120770 1345.8
1120780 1345.8
1120790 1353.4
1120800 1362.6
1120810 1362.6
1120820 1374.3
1120830 1385.7
1120840 1385.7
1120850 1392.0
1120860 1395.2
1120870 1395.2
1120880 1397.3
1120890 1401.1
1120900 1401.1
1120910 1405.4
1120920 1409.4
1120930 1409.4
1120940 1415.4
1120950 1422.6
1120960 1422.6
1120970 1429.2
1120980 1437.0
1120990 1437.0
1121000 1442.6
1121010 1444.9
1121020 1445.3
1121030 1445.3
1121040 1444.9
1121050 1443.5
1121060 1443.5
1121070 1442.0
1121080 1443.6
1121090 1443.6
1121100 1447.0
1121110 1449.2
1121120 1449.2
1121130 1449.7
1121140 1450.4
1121150 1450.4
1121160 1450.4
1121170 1449.7
1121180 1449.7
1121190 1448.3
1121200 1446.6
1121210 1446.6
1121220 1447.9
1121230 1450.8
1121240 1450.8
1121250 1454.4
1121260 1455.8
1121270 1460.6
1121280 1463.0
1121290 1465.9
1121300 1465.9
1121310 1467.4
1121320 1468.8
1121330 1469.3
1121340 1469.3
1121350 1472.1
1121360 1476.9
1121370 1476.9
1121380 1482.0
1121390 1484.1
1121400 1484.1
1121410 1486.2
1121420 1487.6
1121430 1487.6
1121440 1489.4
1121450 1491.5
1121460 1491.5
1121470 1493.1
1121480 1494.9
1121490 1494.9
1121500 1498.4
1121510 1502.5
1121520 1502.5
1121530 1507.1
1121540 1509.8
1121550 1509.8
1121560 1511.7
1121570 1512.1
1121580 1512.1
1121590 1513.6
1121600 1516.0
1121610 1516.0
1121620 1525.3
1121630 1526.7
1121640 1530.4
1121650 1530.4
1121660 1535.9
1121670 1540.0
1121680 1540.0
1121690 1541.4
1121700 1543.2
1121710 1543.2
1121720 1545.5
1121730 1547.9
1121740 1547.9
1121750 1551.4
1121760 1555.3
1121770 1555.3
1121780 1559.5
1121790 1565.2
1121800 1565.2
1121810 1570.5
1121820 1573.2
1121830 1573.2
1121840 1575.5
1121850 1577.0
1121860 1577.0
1121870 1577.6
1121880 1576.7
1121890 1576.7
1121900 1575.7
1121910 1574.7
1121920 1574.7
1121930 1571.8
1121940 1574.1
1121950 1579.8
1121960 1579.8
1121970 1582.0
1121980 1586.5
1121990 1586.5
1122000 1590.8
1122010 1594.9
1122020 1594.9
1122030 1599.7
1122040 1605.0
1122050 1605.0
1122060 1609.6
1122070 1613.1
1122080 1613.1
1122090 1615.9
1122100 1618.5
1122110 1618.5
1122120 1620.9
1122130 1623.2
1122140 1623.2
1122150 1625.9
1122160 1628.1
1122170 1628.1
1122180 1630.0
1122190 1631.3
1122200 1631.3
1122210 1633.7
1122220 1637.6
1122230 1642.2
1122240 1642.2
1122250 1644.3
1122260 1645.5
1122270 1645.5
1122280 1646.2
1122290 1647.0
1122300 1647.0
1122310 1647.4
1122320 1649.5
1122330 1652.0
1122340 1654.5
1122350 1656.4
1122360 1656.4
1122370 1655.7
1122380 1648.8
1122390 1648.8
1122400 1644.4
1122410 1640.6
1122420 1640.6
1122430 1635.9
1122440 1633.0
1122450 1633.0
1122460 1633.4
1122470 1634.6
1122480 1634.6
1122490 1635.0
1122500 1635.8
1122510 1635.8
1122520 1636.9
1122530 1638.4
1122540 1640.0
1122550 1640.0
1122560 1642.0
1122570 1643.6
1122580 1643.6
1122590 1645.6
1122600 1647.4
1122610 1647.4
1122620 1649.2
1122630 1650.5
1122640 1650.5
1122650 1651.2
1122660 1652.8
1122670 1652.8
1122680 1656.6
1122690 1652.4
1122700 1652.4
1122710 1649.7
1122720 1645.9
1122730 1645.9
1122740 1641.8
1122750 1635.2
1122760 1635.2
1122770 1628.7
1122780 1623.6
1122790 1623.6
1122800 1621.0
1122810 1617.3
1122820 1617.3
1122830 1616.3
1122840 1614.3
1122850 1612.4
1122860 1612.4
1122870 1609.8
1122880 1607.9
1122890 1607.9
1122900 1606.4
1122910 1604.9
1122920 1604.9
1122930 1604.1
1122940 1603.0
1122950 1603.0
1122960 1601.3
1122970 1599.2
1122980 1599.2
1122990 1598.3
1123000 1598.2
1123010 1598.2
1123020 1597.0
1123030 1602.4
1123040 1602.4
1123050 1603.2
1123060 1604.2
1123070 1604.2
1123080 1604.7
1123090 1604.1
1123100 1604.1
1123110 1603.3
1123120 1602.9
1123130 1602.9
1123140 1602.7
1123150 1602.3
1123160 1602.4
1123170 1602.4
1123180 1602.0
1123190 1604.0
1123200 1604.0
1123210 1608.3
1123220 1610.4
1123230 1610.4
1123240 1610.3
1123250 1611.1
1123260 1611.1
1123270 1612.5
1123280 1616.9
1123290 1616.9
1123300 1621.2
1123310 1625.4
1123320 1625.4
1123330 1627.6
1123340 1629.2
1123350 1629.2
1123360 1633.6
1123370 1639.0
1123380 1643.4
1123390 1647.1
1123400 1651.4
1123410 1651.4
1123420 1656.6
1123430 1658.6
1123440 1658.6
1123450 1662.6
1123460 1667.5
1123470 1672.9
1123480 1672.9
1123490 1677.8
1123500 1681.1
1123510 1681.1
1123520 1684.4
1123530 1687.7
1123540 1687.7
1123550 1690.0
1123560 1696.1
1123570 1696.1
1123580 1702.3
1123590 1708.4
1123600 1708.4
1123610 1712.2
1123620 1715.0
1123630 1715.0
1123640 1719.4
1123650 1723.1
1123660 1723.1
1123670 1727.1
1123680 1735.2
1123690 1735.2
1123700 1742.9
1123710 1744.7
1123720 1744.7
1123730 1743.4
1123740 1746.8
1123750 1745.8
1123760 1745.8
1123770 1747.7
1123780 1748.2
1123790 1748.2
1123800 1751.7
1123810 1754.2
1123820 1754.2
1123830 1753.5
1123840 1751.0
1123850 1751.0
1123860 1750.1
1123870 1752.4
1123880 1752.4
1123890 1754.2
1123900 1755.0
1123910 1755.0
1123920 1757.3
1123930 1758.3
1123940 1758.3
1123950 1764.9
1123960 1769.4
1123970 1769.4
1123980 1768.6
1123990 1767.3
1124000 1767.3
1124010 1767.5
1124020 1768.5
1124030 1768.5
1124040 1769.1
1124050 1769.5
1124060 1766.5
1124070 1766.5
1124080 1765.6
1124090 1768.2
1124100 1768.2
1124110 1769.1
1124120 1768.6
1124130 1768.6
1124140 1766.1
1124150 1763.3
1124160 1763.3
1124170 1763.0
1124180 1766.7
1124190 1766.7
1124200 1768.2
1124210 1768.1
1124220 1768.1
1124230 1769.3
1124240 1769.1
1124250 1769.1
1124260 1768.5
1124270 1770.8
1124280 1770.8
1124290 1770.3
1124300 1768.1
1124310 1768.1
1124320 1765.6
1124330 1762.8
1124340 1762.8
1124350 1761.4
1124360 1764.1
1124370 1765.6
1124380 1765.6
1124390 1765.6
1124400 1762.4
1124410 1762.4
1124420 1757.5
1124430 1757.5
1124440 1761.5
1124450 1761.7
1124460 1761.2
1124470 1761.2
1124480 1761.3
1124490 1760.6
1124500 1760.6
1124510 1758.0
1124520 1758.0
1124530 1758.0
1124540 1758.9
1124550 1758.8
1124560 1758.8
1124570 1757.1
1124580 1757.4
1124590 1757.4
1124600 1756.2
1124610 1753.7
1124620 1753.7
1124630 1750.6
1124640 1751.2
1124650 1751.2
1124660 1750.0
1124670 1749.6
1124680 1751.8
1124690 1751.8
1124700 1761.1
1124710 1762.9
1124720 1762.9
1124730 1761.2
1124740 1759.3
1124750 1759.3
1124760 1758.1
1124770 1756.8
1124780 1756.8
1124790 1754.4
1124800 1757.4
1124810 1757.4
1124820 1754.7
1124830 1750.8
1124840 1750.8
1124850 1756.0
1124860 1760.3
1124870 1760.3
1124880 1756.6
1124890 1760.2
1124900 1760.2
1124910 1762.4
1124920 1757.7
1124930 1757.7
1124940 1755.6
1124950 1754.0
1124960 1754.0
1124970 1753.9
1124980 1756.3
1124990 1758.0
1125000 1758.0
1125010 1758.4
1125020 1761.1
1125030 1761.1
1125040 1761.6
1125050 1759.8
1125060 1759.8
1125070 1760.8
1125080 1761.8
1125090 1761.8
1125100 1762.7
1125110 1763.2
1125120 1763.2
1125130 1765.3
1125140 1770.7
1125150 1767.9
1125160 1770.7
1125170 1772.2
1125180 1772.2
1125190 1772.7
1125200 1773.1
1125210 1773.1
1125220 1773.9
1125230 1774.9
1125240 1774.9
1125250 1776.4
1125260 1778.3
1125270 1779.2
1125280 1779.2
1125290 1781.7
1125300 1785.5
1125310 1785.5
1125320 1788.6
1125330 1789.3
1125340 1789.3
1125350 1789.0
1125360 1791.4
1125370 1791.4
1125380 1797.0
1125390 1800.3
1125400 1800.3
1125410 1802.9
1125420 1809.3
1125430 1809.3
1125440 1812.0
1125450 1816.2
1125460 1816.2
1125470 1822.6
1125480 1826.2
1125490 1826.2
1125500 1828.6
1125510 1828.9
1125520 1828.9
1125530 1830.7
1125540 1834.0
1125550 1834.0
1125560 1840.4
1125570 1844.4
1125580 1846.9
1125590 1846.9
1125600 1849.9
1125610 1849.2
1125620 1849.2
1125630 1848.0
1125640 1848.9
1125650 1848.9
1125660 1850.9
1125670 1852.0
1125680 1852.0
1125690 1853.7
1125700 1854.2
1125710 1854.2
1125720 1854.2
1125730 1854.7
1125740 1854.7
1125750 1855.0
1125760 1855.9
1125770 1855.9
1125780 1856.2
1125790 1855.2
1125800 1855.2
1125810 1856.5
1125820 1857.4
1125830 1857.4
1125840 1858.1
1125850 1858.3
1125860 1854.8
1125870 1855.2
1125880 1855.0
1125890 1855.2
1125900 1855.2
1125910 1854.7
1125920 1859.1
1125930 1859.1
1125940 1863.0
1125950 1863.1
1125960 1863.1
1125970 1860.4
1125980 1861.1
1125990 1861.1
1126000 1862.9
1126010 1863.6
1126020 1863.6
1126030 1866.5
1126040 1870.6
1126050 1870.6
1126060 1873.6
1126070 1874.7
1126080 1874.7
1126090 1876.2
1126100 1875.9
1126110 1875.9
1126120 1871.7
1126130 1873.0
1126140 1873.0
1126150 1872.6
1126160 1873.1
1126170 1873.1
1126180 1876.5
1126190 1877.5
1126200 1877.4
1126210 1877.4
1126220 1876.2
1126230 1885.0
1126240 1885.0
1126250 1887.0
1126260 1888.0
1126270 1888.0
1126280 1888.4
1126290 1889.8
1126300 1889.8
1126310 1889.4
1126320 1889.7
1126330 1889.7
1126340 1889.9
1126350 1889.8
1126360 1889.8
1126370 1890.6
1126380 1891.1
1126390 1891.1
1126400 1892.1
1126410 1892.6
1126420 1892.6
1126430 1890.9
1126440 1893.5
1126450 1893.5
1126460 1897.4
1126470 1899.7
1126480 1899.7
1126490 1899.9
1126500 1898.8
1126510 1900.0
1126520 1900.0
1126530 1900.1
1126540 1898.6
1126550 1898.6
1126560 1894.8
1126570 1896.2
1126580 1892.0
1126590 1892.5
1126600 1892.2
1126610 1892.2
1126620 1892.1
1126630 1890.6
1126640 1890.6
1126650 1891.1
1126660 1892.0
1126670 1892.0
1126680 1891.9
1126690 1892.3
1126700 1892.3
1126710 1893.3
1126720 1894.6
1126730 1894.6
1126740 1896.4
1126750 1894.4
1126760 1894.4
1126770 1896.9
1126780 1898.2
1126790 1899.5
1126800 1899.5
1126810 1902.3
1126820 1902.2
1126830 1902.2
1126840 1901.8
1126850 1903.8
1126860 1903.8
1126870 1904.5
1126880 1902.7
1126890 1902.7
1126900 1900.8
1126910 1903.5
1126920 1903.5
1126930 1901.2
1126940 1901.0
1126950 1901.0
1126960 1902.8
1126970 1904.0
1126980 1904.0
1126990 1904.9
1127000 1903.2
1127010 1903.2
1127020 1904.7
1127030 1904.1
1127040 1904.1
1127050 1899.4
1127060 1898.1
1127070 1898.1
1127080 1898.3
1127090 1897.6
1127100 1898.1
1127110 1898.1
1127120 1897.3
1127130 1898.6
1127140 1898.6
1127150 1900.3
1127160 1901.6
1127170 1901.6
1127180 1901.4
1127190 1898.2
1127200 1898.2
1127210 1896.3
1127220 1896.9
1127230 1896.9
1127240 1898.7
1127250 1899.6
1127260 1899.6
1127270 1899.7
1127280 1898.9
1127290 1895.1
1127300 1895.3
1127310 1895.9
1127320 1895.9
1127330 1896.5
1127340 1896.6
1127350 1896.6
1127360 1897.7
1127370 1897.9
1127380 1897.9
1127390 1898.3
1127400 1898.7
1127410 1898.5
1127420 1898.5
1127430 1899.1
1127440 1900.7
1127450 1900.7
1127460 1901.2
1127470 1901.2
1127480 1901.2
1127490 1900.5
1127500 1899.3
1127510 1899.3
1127520 1899.1
1127530 1897.2
1127540 1897.2
1127550 1893.5
1127560 1890.2
1127570 1890.2
1127580 1891.6
1127590 1893.0
1127600 1893.0
1127610 1893.5
1127620 1890.8
1127630 1890.8
1127640 1887.0
1127650 1880.8
1127660 1880.8
1127670 1885.3
1127680 1887.1
1127690 1887.1
1127700 1887.4
1127710 1886.7
1127720 1884.6
1127730 1884.6
1127740 1883.4
1127750 1883.5
1127760 1883.5
1127770 1885.3
1127780 1885.4
1127790 1885.4
1127800 1884.9
1127810 1883.8
1127820 1883.8
1127830 1882.7
1127840 1880.3
1127850 1880.3
1127860 1876.0
1127870 1875.5
1127880 1875.5
1127890 1874.4
1127900 1874.7
1127910 1874.7
1127920 1875.2
1127930 1875.1
1127940 1875.1
1127950 1873.8
1127960 1871.0
1127970 1871.0
1127980 1869.5
1127990 1870.0
1128000 1865.2
1128010 1865.1
1128020 1865.3
1128030 1865.1
1128040 1865.1
1128050 1864.6
1128060 1864.4
1128070 1864.4
1128080 1862.7
1128090 1861.8
1128100 1861.8
1128110 1859.0
1128120 1856.7
1128130 1856.7
1128140 1854.2
1128150 1850.1
1128160 1850.1
1128170 1847.2
1128180 1847.5
1128190 1847.5
1128200 1850.1
1128210 1851.1
1128220 1851.1
1128230 1850.5
1128240 1850.1
1128250 1850.1
1128260 1845.4
1128270 1841.8
1128280 1841.8
1128290 1840.2
1128300 1838.6
1128310 1836.8
1128320 1836.8
1128330 1834.8
1128340 1832.8
1128350 1832.8
1128360 1829.2
1128370 1827.1
1128380 1827.1
1128390 1825.4
1128400 1825.2
1128410 1825.2
1128420 1824.8
1128430 1822.9
1128440 1822.9
1128450 1822.3
1128460 1823.1
1128470 1823.1
1128480 1824.6
1128490 1829.8
1128500 1829.8
1128510 1830.2
1128520 1824.6
1128530 1824.6
1128540 1814.8
1128550 1809.0
1128560 1809.0
1128570 1808.3
1128580 1807.9
1128590 1807.9
1128600 1806.2
1128610 1806.7
1128620 1808.5
1128630 1808.5
1128640 1807.1
1128650 1804.2
1128660 1804.2
1128670 1800.5
1128680 1798.8
1128690 1798.8
1128700 1798.4
1128710 1797.6
1128720 1795.1
1128730 1794.8
1128740 1794.3
1128750 1794.3
1128760 1795.1
1128770 1794.4
1128780 1794.4
1128790 1793.7
1128800 1794.4
1128810 1794.4
1128820 1795.0
1128830 1794.1
1128840 1794.1
1128850 1795.3
1128860 1795.3
1128870 1795.3
1128880 1794.3
1128890 1792.4
1128900 1792.4
1128910 1790.6
1128920 1789.4
1128930 1786.3
1128940 1786.3
1128950 1784.0
1128960 1782.6
1128970 1782.6
1128980 1780.0
1128990 1778.9
1129000 1778.9
1129010 1777.6
1129020 1777.0
1129030 1777.0
1129040 1776.0
1129050 1773.9
1129060 1773.9
1129070 1772.3
1129080 1768.2
1129090 1768.2
1129100 1767.3
1129110 1764.6
1129120 1764.6
1129130 1762.4
1129140 1760.6
1129150 1760.6
1129160 1759.0
1129170 1758.3
1129180 1758.3
1129190 1756.1
1129200 1754.3
1129210 1754.3
1129220 1751.2
1129230 1748.3
1129240 1746.1
1129250 1746.1
1129260 1745.4
1129270 1741.8
1129280 1741.8
1129290 1738.3
1129300 1738.2
1129310 1738.2
1129320 1733.6
1129330 1729.8
1129340 1729.8
1129350 1726.0
1129360 1723.8
1129370 1723.8
1129380 1722.2
1129390 1720.1
1129400 1720.1
1129410 1719.9
1129420 1719.3
1129430 1719.3
1129440 1716.4
1129450 1714.1
1129460 1714.1
1129470 1711.2
1129480 1709.0
1129490 1709.0
1129500 1707.5
1129510 1706.8
1129520 1706.8
1129530 1706.6
1129540 1705.1
1129550 1702.4
1129560 1702.4
1129570 1698.8
1129580 1696.9
1129590 1696.9
1129600 1695.5
1129610 1694.1
1129620 1694.1
1129630 1690.8
1129640 1687.9
1129650 1687.9
1129660 1686.5
1129670 1684.0
1129680 1684.0
1129690 1681.7
1129700 1679.0
1129710 1679.0
1129720 1675.8
1129730 1672.3
1129740 1672.3
1129750 1671.4
1129760 1669.9
1129770 1669.9
1129780 1666.6
1129790 1665.0
1129800 1663.1
1129810 1661.7
1129820 1658.8
1129830 1655.9
1129840 1655.9
1129850 1651.5
1129860 1647.5
1129870 1647.5
1129880 1644.3
1129890 1640.7
1129900 1640.7
1129910 1638.2
1129920 1635.9
1129930 1635.9
1129940 1631.7
1129950 1626.6
1129960 1626.6
1129970 1622.9
1129980 1620.0
1129990 1620.0
1130000 1616.5
1130010 1610.0
1130020 1610.0
1130030 1606.0
1130040 1602.4
1130050 1602.4
1130060 1599.0
1130070 1594.7
1130080 1594.7
1130090 1589.7
1130100 1584.9
1130110 1584.9
1130120 1578.7
1130130 1561.1
1130140 1551.1
1130150 1551.1
1130160 1545.4
1130170 1538.9
1130180 1538.9
1130190 1532.2
1130200 1525.5
1130210 1525.5
1130220 1518.9
1130230 1512.7
1130240 1512.7
1130250 1507.1
1130260 1501.8
1130270 1501.8
1130280 1496.2
1130290 1489.7
1130300 1489.7
1130310 1482.3
1130320 1476.5
1130330 1476.5
1130340 1472.3
1130350 1468.6
1130360 1468.6
1130370 1464.7
1130380 1460.9
1130390 1460.9
1130400 1457.1
1130410 1452.8
1130420 1452.8
1130430 1447.9
1130440 1442.5
1130450 1437.7
1130460 1437.7
1130470 1435.3
1130480 1432.8
1130490 1432.8
1130500 1427.4
1130510 1421.0
1130520 1424.0
1130530 1418.5
1130540 1413.1
1130550 1413.1
1130560 1408.1
1130570 1404.7
1130580 1404.7
1130590 1402.6
1130600 1399.8
1130610 1399.8
1130620 1396.2
1130630 1392.7
1130640 1392.7
1130650 1389.4
1130660 1386.1
1130670 1386.1
1130680 1381.9
1130690 1375.7
1130700 1375.7
1130710 1368.8
1130720 1362.7
1130730 1362.7
1130740 1358.8
1130750 1357.0
1130760 1354.5
1130770 1354.5
1130780 1350.6
1130790 1344.8
1130800 1344.8
1130810 1338.6
1130820 1334.3
1130830 1334.3
1131590 1208.4
1131600 1205.0
1131610 1205.8
1131620 1206.6
1131630 1206.6
1131640 1206.2
1131650 1205.4
1131660 1206.2
1131670 1206.2
1131680 1205.7
1131690 1205.8
1131700 1205.8
1131710 1206.8
1131720 1208.4
1131730 1208.4
1131740 1210.7
1131750 1214.5
1131760 1214.5
1131770 1216.8
1131780 1218.5
1131790 1218.5
1131800 1221.5
1131810 1223.5
1131820 1223.5
1131830 1225.9
1131840 1228.6
1131850 1228.6
1131860 1230.2
1131870 1232.9
1131880 1232.9
1131890 1234.3
1131900 1235.3
1131910 1235.3
1131920 1236.6
1131930 1237.6
1131940 1237.6
1131950 1238.0
1131960 1232.6
1131970 1231.7
1131980 1231.7
1131990 1232.0
1132000 1233.6
1132010 1233.6
1132020 1235.3
1132030 1237.0
1132040 1237.0
1132050 1238.0
1132060 1239.1
1132070 1239.1
1132080 1240.5
1132090 1242.8
1132100 1242.8
1132110 1244.1
1132120 1245.2
1132130 1245.2
1132140 1249.0
1132150 1253.0
1132160 1253.0
1132170 1255.8
1132180 1258.1
1132190 1258.1
1132200 1260.1
1132210 1260.4
1132220 1260.4
1132230 1259.2
1132240 1257.5
1132250 1257.5
1132260 1257.1
1132270 1257.8
1132280 1259.0
1132290 1259.0
1132300 1259.4
1132310 1259.9
1132320 1259.9
1132330 1257.9
1132340 1259.0
1132350 1259.0
1132360 1260.0
1132370 1260.6
1132380 1260.6
1132390 1261.1
1132400 1262.6
1132410 1262.6
1132420 1264.2
1132430 1264.9
1132440 1264.9
1132450 1264.0
1132460 1265.4
1132470 1265.4
1132480 1267.3
1132490 1268.3
1132500 1268.3
1132510 1270.4
1132520 1272.7
1132530 1272.7
1132540 1273.7
1132550 1273.4
1132560 1273.0
1132570 1273.0
1132580 1274.0
1132590 1275.4
1132600 1275.4
1132610 1275.9
1132620 1274.7
1132630 1274.7
1132640 1274.5
1132650 1275.4
1132660 1275.4
1132670 1276.7
1132680 1277.4
1132690 1274.2
1132700 1274.8
1132710 1275.3
1132720 1275.3
1132730 1276.4
1132740 1276.9
1132750 1276.9
1132760 1278.0
1132770 1278.3
1132780 1278.3
1132790 1278.4
1132800 1279.1
1132810 1279.1
1132820 1280.7
1132830 1279.5
1132840 1279.5
1132850 1278.5
1132860 1279.4
1132870 1281.3
1132880 1281.3
1132890 1282.7
1132900 1283.6
1132910 1283.6
1132920 1284.5
1132930 1284.1
1132940 1284.1
1132950 1284.5
1132960 1287.0
1132970 1287.0
1132980 1290.5
1132990 1293.9
1133000 1293.9
1133010 1296.2
1133020 1298.7
1133030 1298.7
1133040 1300.6
1133050 1294.7
1133060 1294.7
1133070 1296.0
1133080 1296.8
1133090 1296.8
1133100 1298.7
1133110 1300.8
1133120 1300.8
1133130 1302.8
1133140 1303.4
1133150 1303.4
1133160 1301.7
1133170 1298.1
1133180 1300.2
1133190 1300.2
1133200 1303.8
1133210 1304.1
1133220 1304.1
1133230 1302.2
1133240 1303.9
1133250 1303.9
1133260 1303.9
1133270 1303.3
1133280 1303.3
1133290 1304.3
1133300 1305.8
1133310 1305.8
1133320 1307.3
1133330 1308.3
1133340 1308.3
1133350 1309.0
1133360 1310.8
1133370 1310.8
1133380 1312.4
1133390 1312.3
1133400 1312.3
1133410 1302.9
1133420 1300.8
1133430 1300.8
1133440 1301.3
1133450 1302.0
1133460 1302.0
1133470 1301.6
1133480 1300.6
1133490 1298.7
1133500 1298.7
1133510 1297.6
1133520 1294.8
1133530 1294.8
1133540 1291.8
1133550 1291.9
1133560 1291.9
1133570 1293.2
1133580 1292.1
1133590 1292.1
1133600 1289.7
1133610 1286.1
1133620 1286.1
1133630 1279.6
1133640 1271.1
1133650 1271.1
1133660 1267.4
1133670 1265.9
1133680 1265.9
1133690 1263.1
1133700 1257.1
1133710 1257.1
1133720 1250.2
1133730 1244.2
1133740 1244.2
1133750 1239.6
1133760 1236.1
1133770 1236.1
1133780 1231.7
1133790 1228.2
1133800 1224.4
1133810 1224.4
1133820 1219.6
1133830 1214.8
1133840 1214.8
1133850 1212.5
1133860 1210.1
1133870 1210.1
1133880 1206.9
1133890 1204.7
1133900 1204.7
1133910 1203.2
1133920 1203.2
1133930 1203.2
1133940 1200.6
1133950 1195.4
1133960 1195.4
1133970 1189.8
1133980 1180.9
1133990 1180.9
1134000 1176.7
1134010 1172.7
1134020 1172.7
1134030 1166.3
1134040 1158.8
1134050 1158.8
1134060 1151.3
1134070 1144.9
1134080 1138.5
1134090 1138.5
1134100 1134.3
1134110 1130.0
1134120 1130.0
1134130 1121.9
1134140 1120.0
1134150 1120.0
1134160 1114.0
1134170 1107.7
1134180 1107.7
1134190 1102.0
1134200 1096.8
1134210 1096.8
1134220 1091.5
1134230 1088.2
1134240 1088.2
1134250 1084.2
1134260 1079.8
1134270 1079.8
1134280 1075.9
1134290 1072.6
1134300 1072.6
1134310 1069.4
1134320 1067.9
1134330 1067.9
1134340 1067.1
1134350 1066.9
1134360 1066.9
1134370 1066.6
1134380 1066.2
1134390 1066.6
1134400 1066.6
1134410 1066.7
1134420 1066.6
1134430 1066.6
1134440 1066.3
1134450 1065.8
1134460 1065.8
1134470 1064.2
1134480 1060.6
1134490 1060.6
1134500 1057.7
1134510 1056.7
1134520 1056.7
1134530 1053.5
1134540 1053.5
1134550 1053.5
1134560 1055.8
1134570 1060.5
1134580 1060.5
1134590 1064.2
1134600 1064.7
1134610 1064.7
1134620 1064.5
1134630 1064.1
1134640 1064.1
1134650 1064.0
1134660 1064.6
1134670 1064.6
1134680 1064.8
1134690 1064.5
1134700 1063.9
1134710 1063.9
1134720 1063.8
1134730 1064.3
1134740 1064.3
1134750 1064.9
1134760 1065.1
1134770 1065.1
1134780 1065.4
1134790 1065.8
1134800 1065.8
1134810 1065.8
1134820 1065.5
1134830 1065.5
1134840 1065.4
1134850 1064.7
1134860 1064.7
1134870 1055.6
1134880 1056.0
1134890 1056.0
1134900 1054.5
1134910 1055.0
1134920 1055.0
1134930 1056.0
1134940 1056.7
1134950 1056.7
1134960 1056.9
1134970 1055.8
1134980 1055.8
1134990 1052.4
1135000 1045.8
1135010 1038.8
1135020 1038.8
1135030 1042.6
1135040 1050.3
1135050 1050.3
1135060 1056.5
1135070 1057.0
1135080 1057.0
1135090 1056.8
1135100 1056.2
1135110 1056.2
1135120 1055.7
1135130 1055.7
1135140 1055.7
1135150 1056.1
1135160 1057.0
1135170 1057.0
1135180 1057.9
1135190 1059.0
1135200 1059.0
1135210 1060.1
1135220 1060.8
1135230 1061.9
1135240 1062.6
1135250 1063.1
1135260 1063.1
1135270 1063.3
1135280 1063.2
1135290 1061.8
1135300 1061.8
1135310 1057.1
1135320 1051.7
1135330 1051.7
1135340 1046.1
1135350 1040.9
1135360 1040.9
1135370 1037.2
1135380 1034.2
1135390 1034.2
1135400 1030.6
1135410 1026.2
1135420 1026.2
1135430 1019.3
1135440 1010.8
1135450 1010.8
1135460 1001.6
1135470 993.0
1135480 993.0
1135490 985.4
1135500 978.5
1135510 978.5
1135520 971.8
1135530 967.0
1135540 967.0
1135550 962.4
1135560 957.9
1135570 957.9
1135580 954.6
1135590 953.7
1135600 955.7
1135610 955.7
1135620 962.4
1135630 968.2
1135640 968.2
1135650 972.7
1135660 976.9
1135670 976.9
1135680 983.2
1135690 987.3
1135700 987.3
1135710 991.3
1135720 994.7
1135730 994.7
1135740 999.5
1135750 1003.9
1135760 1003.9
1135770 1003.7
1135780 1005.3
1135790 1005.3
1135800 1008.2
1135810 1009.1
1135820 1009.1
1135830 1009.3
1135840 1009.2
1135850 1009.2
1135860 1007.2
1135870 1009.0
1135880 1009.0
1135890 1010.6
1135900 1012.0
1135910 1012.0
1135920 1012.0
1135930 1010.8
1135940 1010.1
1135950 1010.1
1135960 1010.1
1135970 1013.7
1135980 1013.7
1135990 1013.5
1136000 1014.4
1136010 1014.4
1136020 1015.3
1136030 1014.6
1136040 1014.6
1136050 1012.5
1136060 1011.8
1136070 1011.8
1136080 1012.1
1136090 1012.9
1136100 1012.9
1136110 1015.8
1136120 1018.1
1136130 1018.1
1136140 1016.2
1136150 1016.4
1136160 1016.4
1136170 1022.9
1136180 1024.3
1136190 1024.3
1136200 1027.1
1136210 1033.0
1136220 1038.6
1136230 1038.6
1136240 1041.2
1136250 1043.6
1136260 1043.6
1136270 1045.2
1136280 1045.8
1136290 1045.8
1136300 1046.9
1136310 1048.6
1136320 1048.6
1136330 1055.4
1136340 1059.1
1136350 1059.1
1136360 1061.1
1136370 1064.3
1136380 1064.3
1136390 1072.2
1136400 1078.0
1136410 1078.0
1136420 1082.8
1136430 1086.7
1136440 1086.7
1136450 1090.0
1136460 1092.9
1136470 1092.9
1136480 1095.5
1136490 1098.6
1136500 1101.6
1136510 1101.6
1136520 1104.4
1136530 1107.3
1136540 1107.3
1136550 1110.2
1136560 1110.7
1136570 1110.7
1136580 1110.6
1136590 1110.1
1136600 1110.1
1136610 1109.2
1136620 1108.3
1136630 1108.3
1136640 1107.3
1136650 1106.1
1136660 1106.1
1136670 1105.6
1136680 1106.0
1136690 1106.0
1136700 1108.7
1136710 1109.3
1136720 1109.3
1136730 1109.2
1136740 1108.5
1136750 1108.5
1136760 1107.9
1136770 1108.1
1136780 1108.1
1136790 1109.3
1136800 1110.7
1136810 1112.5
1136820 1112.5
1136830 1115.4
1136840 1118.8
1136850 1118.8
1136860 1122.2
1136870 1124.9
1136880 1124.9
1136890 1127.9
1136900 1130.1
1136910 1130.1
1136920 1131.8
1136930 1132.9
1136940 1132.9
1136950 1131.6
1136960 1134.4
1136970 1134.4
1136980 1137.0
1136990 1138.3
1137000 1138.3
1137010 1139.8
1137020 1141.3
1137030 1141.3
1137040 1142.7
1137050 1143.5
1137060 1143.5
1137070 1144.0
1137080 1135.2
1137090 1135.2
1137100 1136.5
1137110 1142.4
1137120 1147.4
1137130 1147.4
1137140 1153.0
1137150 1157.2
1137160 1157.2
1137170 1163.2
1137180 1167.7
1137190 1167.7
1137200 1171.0
1137210 1174.4
1137220 1174.4
1137230 1177.1
1137240 1178.9
1137250 1178.9
1137260 1181.9
1137270 1185.3
1137280 1185.3
1137290 1187.8
1137300 1189.2
1137310 1189.2
1137320 1189.6
1137330 1191.6
1137340 1191.6
1137350 1193.8
1137360 1195.7
1137370 1195.7
1137380 1197.0
1137390 1196.4
1137400 1196.4
1137410 1196.1
1137420 1198.8
1137430 1204.3
1137440 1204.3
1137450 1208.4
1137460 1211.3
1137470 1211.3
1137480 1215.1
1137490 1219.2
1137500 1219.2
1137510 1222.2
1137520 1225.9
1137530 1225.9
1137540 1230.5
1137550 1233.8
1137560 1233.8
1137570 1236.0
1137580 1238.0
1137590 1238.0
1137600 1239.8
1137610 1242.3
1137620 1242.3
1137630 1246.0
1137640 1250.0
1137650 1250.0
1137660 1252.0
1137670 1252.7
1137680 1252.7
1137690 1253.8
1137700 1255.3
1137710 1255.3
1137720 1256.2
1137730 1257.1
1137740 1258.7
1137750 1258.7
1137760 1259.8
1137770 1263.3
1137780 1263.3
1137790 1266.0
1137800 1270.0
1137810 1270.0
1137820 1272.4
1137830 1276.3
1137840 1276.3
1137850 1279.2
1137860 1280.3
1137870 1280.3
1137880 1281.7
1137890 1284.5
1137900 1284.5
1137910 1288.4
1137920 1291.8
1137930 1291.8
1137940 1294.8
1137950 1296.2
1137960 1296.2
1137970 1298.5
1137980 1301.2
1137990 1301.2
1138000 1304.4
1138010 1306.9
1138020 1309.6
1138030 1309.6
1138040 1313.5
1138050 1317.9
1138060 1317.9
1138070 1321.1
1138080 1324.6
1138090 1324.6
1138100 1330.4
1138110 1334.3
1138120 1334.3
1138130 1335.9
1138140 1337.5
1138150 1337.5
1138160 1338.1
1138170 1342.2
1138180 1342.2
1138190 1344.1
1138200 1346.1
1138210 1346.1
1138220 1349.1
1138230 1351.7
1138240 1351.7
1138250 1353.5
1138260 1355.3
1138270 1355.3
1138280 1356.4
1138290 1357.3
1138300 1357.3
1138310 1358.1
1138320 1358.9
1138330 1359.7
1138340 1359.7
1138350 1360.2
1138360 1361.0
1138370 1361.0
1138380 1361.6
1138390 1362.7
1138400 1362.7
1138410 1364.0
1138420 1365.0
1138430 1365.0
1138440 1365.7
1138450 1366.9
1138460 1366.9
1138470 1367.4
1138480 1367.6
1138490 1367.6
1138500 1367.9
1138510 1368.7
1138520 1368.7
1138530 1369.7
1138540 1370.6
1138550 1370.6
1138560 1371.0
1138570 1371.3
1138580 1371.3
1138590 1371.6
1138600 1372.4
1138610 1372.4
1138620 1373.2
1138630 1374.6
1138640 1376.3
1138650 1376.3
1138660 1377.9
1138670 1379.9
1138680 1379.9
1138690 1382.0
1138700 1384.3
1138710 1384.3
1138720 1387.0
1138730 1389.7
1138740 1389.7
1138750 1392.5
1138760 1395.9
1138770 1395.9
1138780 1399.5
1138790 1403.1
1138800 1403.1
1138810 1406.0
1138820 1408.8
1138830 1408.8
1138840 1412.0
1138850 1415.9
1138860 1415.9
1138870 1420.3
1138880 1425.0
1138890 1425.0
1138900 1429.2
1138910 1436.8
1138920 1436.8
1138930 1441.4
1138940 1445.3
1138950 1448.6
1138960 1448.6
1138970 1452.2
1138980 1456.0
1138990 1456.0
1139000 1458.9
1139010 1461.9
1139020 1461.9
1139030 1465.2
1139040 1469.2
1139050 1469.2
1139060 1472.6
1139070 1477.2
1139080 1477.2
1139090 1482.1
1139100 1487.5
1139110 1487.5
1139120 1493.1
1139130 1498.4
1139140 1498.4
1139150 1504.0
1139160 1509.7
1139170 1509.7
1139180 1515.4
1139190 1520.4
1139200 1520.4
1139210 1525.0
1139220 1529.5
1139230 1534.5
1139240 1534.5
1139250 1540.5
1139260 1546.4
1139270 1549.9
1139280 1555.8
1139290 1563.1
1139300 1563.1
1139310 1570.6
1139320 1577.5
1139330 1577.5
1139340 1583.8
1139350 1587.6
1139360 1587.6
1139370 1590.1
1139380 1595.3
1139390 1595.3
1139400 1601.9
1139410 1608.9
1139420 1608.9
1139430 1617.0
1139440 1623.5
1139450 1623.5
1139460 1630.3
1139470 1638.5
1139480 1638.5
1139490 1647.8
1139500 1658.0
1139510 1658.0
1139520 1672.2
1139530 1686.0
1139540 1696.8
1139550 1696.8
1139560 1699.6
1139570 1703.9
1139580 1703.9
1139590 1703.4
1139600 1703.3
1139610 1703.3
1139620 1705.0
1139630 1705.1
1139640 1703.9
1139650 1701.9
1139660 1698.9
1139670 1698.9
1139680 1695.8
1139690 1693.5
1139700 1693.5
1139710 1691.2
1139720 1687.5
1139730 1687.5
1139740 1683.2
1139750 1679.3
1139760 1679.3
1139770 1676.0
1139780 1673.0
1139790 1673.0
1139800 1669.8
1139810 1666.5
1139820 1666.5
1139830 1662.3
1139840 1657.6
1139850 1652.8
1139860 1652.8
1139870 1647.8
1139880 1642.5
1139890 1642.5
