1120000 1127.2
1120010 1127.0
1120020 1127.0
1120030 1126.8
1120040 1126.7
1120050 1126.7
1120060 1125.0
1120070 1123.3
1120080 1124.9
1120090 1124.9
1120100 1127.4
1120110 1128.1
1120120 1128.1
1120130 1129.8
1120140 1131.7
1120150 1131.7
1120160 1136.3
1120170 1140.0
1120180 1146.7
1120190 1150.1
1120200 1152.3
1120210 1152.3
1120220 1154.4
1120230 1157.4
1120240 1157.4
1120250 1160.9
1120260 1164.8
1120270 1164.8
1120280 1169.0
1120290 1172.0
1120300 1172.0
1120310 1173.0
1120320 1174.4
1120330 1174.4
1120340 1177.4
1120350 1181.4
1120360 1183.5
1120370 1183.5
1120380 1184.7
1120390 1184.5
1120400 1184.5
1120410 1188.9
1120420 1193.7
1120430 1193.7
1120440 1196.7
1120450 1199.5
1120460 1199.5
1120470 1202.7
1120480 1205.8
1120490 1205.8
1120500 1207.2
1120510 1204.5
1120520 1204.5
1120530 1205.6
1120540 1199.2
1120550 1199.2
1120560 1201.9
1120570 1205.3
1120580 1205.3
1120590 1223.0
1120600 1232.1
1120610 1232.1
1120620 1235.6
1120630 1238.0
1120640 1238.0
1120650 1235.9
1120660 1241.8
1120670 1249.3
1120680 1249.3
1120690 1254.1
1120700 1259.4
1120710 1259.4
1120720 1265.6
1120730 1271.9
1120740 1271.9
1120750 1277.7
1120760 1288.2
1120770 1288.2
1120780 1295.3
1120790 1298.5
1120800 1298.5
1120810 1304.1
1120820 1312.8
1120830 1312.8
1120840 1323.1
1120850 1333.9
1120860 1333.9
1120870 1340.8
1120880 1348.9
1120890 1348.9
1120900 1353.6
1120910 1358.0
1120920 1358.0
1120930 1360.7
1120940 1363.7
1120950 1363.7
1120960 1367.4
1120970 1371.3
1120980 1375.3
1120990 1375.3
1121000 1379.3
1121010 1383.0
1121020 1383.0
1121030 1386.3
1121040 1390.1
1121050 1390.1
1121060 1394.0
1121070 1397.9
1121080 1397.9
1121090 1400.8
1121100 1402.8
1121110 1402.8
1121120 1404.2
1121130 1407.6
1121140 1407.6
1121150 1411.6
1121160 1415.2
1121170 1415.2
1121180 1418.1
1121190 1419.9
1121200 1419.9
1121210 1421.1
1121220 1422.5
1121230 1427.1
1121240 1429.8
1121250 1432.9
1121260 1432.9
1121270 1437.7
1121280 1443.0
1121290 1447.1
1121300 1447.1
1121310 1450.0
1121320 1451.8
1121330 1451.8
1121340 1451.8
1121350 1453.6
1121360 1453.6
1121370 1456.7
1121380 1459.5
1121390 1459.5
1121400 1462.7
1121410 1466.2
1121420 1466.2
1121430 1468.7
1121440 1471.2
1121450 1471.2
1121460 1473.3
1121470 1476.1
1121480 1476.1
1121490 1478.0
1121500 1479.7
1121510 1479.7
1121520 1482.4
1121530 1485.5
1121540 1485.5
1121550 1487.8
1121560 1489.5
1121570 1489.5
1121580 1495.5
1121590 1497.4
1121600 1498.3
1121610 1498.3
1121620 1500.7
1121630 1503.2
1121640 1503.2
1121650 1505.7
1121660 1509.2
1121670 1509.2
1121680 1513.3
1121690 1515.5
1121700 1515.5
1121710 1516.7
1121720 1518.1
1121730 1518.1
1121740 1519.8
1121750 1521.5
1121760 1521.5
1121770 1523.4
1121780 1526.4
1121790 1526.4
1121800 1528.4
1121810 1529.6
1121820 1529.6
1121830 1530.3
1121840 1532.6
1121850 1532.6
1121860 1536.7
1121870 1540.8
1121880 1540.8
1121890 1545.4
1121900 1548.3
1121910 1551.3
1121920 1551.3
1121930 1557.4
1121940 1558.7
1121950 1558.7
1121960 1559.5
1121970 1559.7
1121980 1559.7
1121990 1559.1
1122000 1559.3
1122010 1559.3
1122020 1563.3
1122030 1565.8
1122040 1565.8
1122050 1567.1
1122060 1568.6
1122070 1568.6
1122080 1569.7
1122090 1569.9
1122100 1569.9
1122110 1569.9
1122120 1569.9
1122130 1569.9
1122140 1572.8
1122150 1576.4
1122160 1576.4
1122170 1580.7
1122180 1584.2
1122190 1588.0
1122200 1588.0
1122210 1592.8
1122220 1597.0
1122230 1597.0
1122240 1598.9
1122250 1600.7
1122260 1600.7
1122270 1602.8
1122280 1607.0
1122290 1609.8
1122300 1613.7
1122310 1615.1
1122320 1615.1
1122330 1615.7
1122340 1616.7
1122350 1616.7
1122360 1618.1
1122370 1619.0
1122380 1619.0
1122390 1618.7
1122400 1615.6
1122410 1615.6
1122420 1616.0
1122430 1618.2
1122440 1618.2
1122450 1619.8
1122460 1619.4
1122470 1619.4
1122480 1616.8
1122490 1613.2
1122500 1600.1
1122510 1600.1
1122520 1592.5
1122530 1590.1
1122540 1590.1
1122550 1584.3
1122560 1577.6
1122570 1577.6
1122580 1571.5
1122590 1562.9
1122600 1562.9
1122610 1555.6
1122620 1550.1
1122630 1550.1
1122640 1550.8
1122650 1545.6
1122660 1545.6
1122670 1540.8
1122680 1537.5
1122690 1537.5
1122700 1533.7
1122710 1529.7
1122720 1529.7
1122730 1528.0
1122740 1526.3
1122750 1526.3
1122760 1523.6
1122770 1521.6
1122780 1521.6
1122790 1519.5
1122800 1516.7
1122810 1515.0
1122820 1515.0
1122830 1513.7
1122840 1513.2
1122850 1513.2
1122860 1511.5
1122870 1510.6
1122880 1510.6
1122890 1510.2
1122900 1510.1
1122910 1510.1
1122920 1509.3
1122930 1509.3
1122940 1509.3
1122950 1510.0
1122960 1510.4
1122970 1510.4
1122980 1510.3
1122990 1513.2
1123000 1513.2
1123010 1512.0
1123020 1510.4
1123030 1510.4
1123040 1510.5
1123050 1512.2
1123060 1512.2
1123070 1514.2
1123080 1516.9
1123090 1516.9
1123100 1518.4
1123110 1521.2
1123120 1524.5
1123130 1524.5
1123140 1529.1
1123150 1534.3
1123160 1534.3
1123170 1539.2
1123180 1544.7
1123190 1544.7
1123200 1550.3
1123210 1555.3
1123220 1555.3
1123230 1561.3
1123240 1566.6
1123250 1566.6
1123260 1570.8
1123270 1574.8
1123280 1574.8
1123290 1576.4
1123300 1580.2
1123310 1580.2
1123320 1580.6
1123330 1582.3
1123340 1568.3
1123350 1569.9
1123360 1574.2
1123370 1574.2
1123380 1580.0
1123390 1586.2
1123400 1586.2
1123410 1590.4
1123420 1594.9
1123430 1596.9
1123440 1596.9
1123450 1604.6
1123460 1613.7
1123470 1613.7
1123480 1614.7
1123490 1613.9
1123500 1613.9
1123510 1613.7
1123520 1614.9
1123530 1614.9
1123540 1616.8
1123550 1616.8
1123560 1616.8
1123570 1617.4
1123580 1618.8
1123590 1618.8
1123600 1622.8
1123610 1624.3
1123620 1624.3
1123630 1624.6
1123640 1628.7
1123650 1628.7
1123660 1631.7
1123670 1634.5
1123680 1634.5
1123690 1636.6
1123700 1644.4
1123710 1644.4
1123720 1651.2
1123730 1654.4
1123740 1655.2
1123750 1655.2
1123760 1655.9
1123770 1657.9
1123780 1657.9
1123790 1659.8
1123800 1661.2
1123810 1661.2
1123820 1665.7
1123830 1674.3
1123840 1674.3
1123850 1679.9
1123860 1681.9
1123870 1681.9
1123880 1682.7
1123890 1682.8
1123900 1682.8
1123910 1681.1
1123920 1682.1
1123930 1682.1
1123940 1685.2
1123950 1687.1
1123960 1687.1
1123970 1692.7
1123980 1697.8
1123990 1697.8
1124000 1699.2
1124010 1698.0
1124020 1696.7
1124030 1696.7
1124040 1693.3
1124050 1697.6
1124060 1697.6
1124070 1698.5
1124080 1699.4
1124090 1699.4
1124100 1697.9
1124110 1694.5
1124120 1694.5
1124130 1695.6
1124140 1695.9
1124150 1695.9
1124160 1698.3
1124170 1699.0
1124180 1699.0
1124190 1701.1
1124200 1706.7
1124210 1706.7
1124220 1707.0
1124230 1709.4
1124240 1709.4
1124250 1711.4
1124260 1709.7
1124270 1709.7
1124280 1708.7
1124290 1707.6
1124300 1707.6
1124310 1707.9
1124320 1709.2
1124330 1709.8
1124340 1709.8
1124350 1711.1
1124360 1711.7
1124370 1711.7
1124380 1710.9
1124390 1711.5
1124400 1708.9
1124410 1710.9
1124420 1711.1
1124430 1711.1
1124440 1712.7
1124450 1715.3
1124460 1715.3
1124470 1715.5
1124480 1717.3
1124490 1717.3
1124500 1718.7
1124510 1719.1
1124520 1719.1
1124530 1719.1
1124540 1721.6
1124550 1721.6
1124560 1721.0
1124570 1722.1
1124580 1722.1
1124590 1724.2
1124600 1725.1
1124610 1725.1
1124620 1726.9
1124630 1732.0
1124640 1733.4
1124650 1733.4
1124660 1732.7
1124670 1732.7
1124680 1732.7
1124690 1732.9
1124700 1734.0
1124710 1734.0
1124720 1735.0
1124730 1735.1
1124740 1735.1
1124750 1734.5
1124760 1734.7
1124770 1734.7
1124780 1733.6
1124790 1733.5
1124800 1733.5
1124810 1735.9
1124820 1737.6
1124830 1737.6
1124840 1738.6
1124850 1739.3
1124860 1739.3
1124870 1740.9
1124880 1744.3
1124890 1744.3
1124900 1748.9
1124910 1751.4
1124920 1751.4
1124930 1753.4
1124940 1754.9
1124950 1754.1
1124960 1754.1
1124970 1757.4
1124980 1758.4
1124990 1758.4
1125000 1763.7
1125010 1769.6
1125020 1769.6
1125030 1772.7
1125040 1775.7
1125050 1775.7
1125060 1776.8
1125070 1779.3
1125080 1779.3
1125090 1780.7
1125100 1781.4
1125110 1778.2
1125120 1784.6
1125130 1792.4
1125140 1792.4
1125150 1796.5
1125160 1799.0
1125170 1799.0
1125180 1799.8
1125190 1796.4
1125200 1796.4
1125210 1797.5
1125220 1802.8
1125230 1802.8
1125240 1809.7
1125250 1812.1
1125260 1815.4
1125270 1815.4
1125280 1819.8
1125290 1821.0
1125300 1821.0
1125310 1821.3
1125320 1820.9
1125330 1820.9
1125340 1824.0
1125350 1826.2
1125360 1826.2
1125370 1829.5
1125380 1831.8
1125390 1831.8
1125400 1834.1
1125410 1836.9
1125420 1836.9
1125430 1841.3
1125440 1845.0
1125450 1845.0
1125460 1846.6
1125470 1845.8
1125480 1845.8
1125490 1846.5
1125500 1847.5
1125510 1847.5
1125520 1848.5
1125530 1851.8
1125540 1856.4
1125550 1856.4
1125560 1858.3
1125570 1861.0
1125580 1861.0
1125590 1863.2
1125600 1866.0
1125610 1866.0
1125620 1870.1
1125630 1874.6
1125640 1874.6
1125650 1876.8
1125660 1876.4
1125670 1876.4
1125680 1879.4
1125690 1883.9
1125700 1883.9
1125710 1885.9
1125720 1887.4
1125730 1887.4
1125740 1886.7
1125750 1888.8
1125760 1888.8
1125770 1891.2
1125780 1893.9
1125790 1893.9
1125800 1896.4
1125810 1899.4
1125820 1895.5
1125830 1897.4
1125840 1900.3
1125850 1904.4
1125860 1904.4
1125870 1907.7
1125880 1913.5
1125890 1913.5
1125900 1919.7
1125910 1923.3
1125920 1923.3
1125930 1925.6
1125940 1927.4
1125950 1927.4
1125960 1929.7
1125970 1930.0
1125980 1930.0
1125990 1934.4
1126000 1937.6
1126010 1937.6
1126020 1939.2
1126030 1940.0
1126040 1940.0
1126050 1939.7
1126060 1941.2
1126070 1941.2
1126080 1944.1
1126090 1944.9
1126100 1944.9
1126110 1945.2
1126120 1945.2
1126130 1945.2
1126140 1944.2
1126150 1946.4
1126160 1950.4
1126170 1950.4
1126180 1947.1
1126190 1938.5
1126200 1938.5
1126210 1936.9
1126220 1938.3
1126230 1938.3
1126240 1939.1
1126250 1936.3
1126260 1936.3
1126270 1936.0
1126280 1937.2
1126290 1937.2
1126300 1939.2
1126310 1943.6
1126320 1943.6
1126330 1944.3
1126340 1942.6
1126350 1942.6
1126360 1939.3
1126370 1940.4
1126380 1940.4
1126390 1941.7
1126400 1942.7
1126410 1942.7
1126420 1943.2
1126430 1941.3
1126440 1941.3
1126450 1941.5
1126460 1945.0
1126470 1946.2
1126480 1946.2
1126490 1947.2
1126500 1949.4
1126510 1949.4
1126520 1949.7
1126530 1948.6
1126540 1946.8
1126550 1946.6
1126560 1946.8
1126570 1946.8
1126580 1945.1
1126590 1942.2
1126600 1942.2
1126610 1938.7
1126620 1938.7
1126630 1938.7
1126640 1940.7
1126650 1943.1
1126660 1943.1
1126670 1946.6
1126680 1947.0
1126690 1947.0
1126700 1947.0
1126710 1946.4
1126720 1946.4
1126730 1945.2
1126740 1946.1
1126750 1946.1
1126760 1947.4
1126770 1947.0
1126780 1948.4
1126790 1948.4
1126800 1949.8
1126810 1950.1
1126820 1950.1
1126830 1946.3
1126840 1949.7
1126850 1949.7
1126860 1952.5
1126870 1953.5
1126880 1953.5
1126890 1949.1
1126900 1948.9
1126910 1948.9
1126920 1948.7
1126930 1946.9
1126940 1946.9
1126950 1946.1
1126960 1948.3
1126970 1948.3
1126980 1949.6
1126990 1949.5
1127000 1949.5
1127010 1952.6
1127020 1952.6
1127030 1952.6
1127040 1955.9
1127050 1955.9
1127060 1955.9
1127070 1957.8
1127080 1955.6
1127090 1953.9
1127100 1953.9
1127110 1955.0
1127120 1957.1
1127130 1957.1
1127140 1958.0
1127150 1955.2
1127160 1955.2
1127170 1953.9
1127180 1958.9
1127190 1958.9
1127200 1963.2
1127210 1963.6
1127220 1963.6
1127230 1962.0
1127240 1959.7
1127250 1953.3
1127260 1950.7
1127270 1947.4
1127280 1947.4
1127290 1945.5
1127300 1944.7
1127310 1944.7
1127320 1945.0
1127330 1943.4
1127340 1943.4
1127350 1942.3
1127360 1942.4
1127370 1943.9
1127380 1943.9
1127390 1943.1
1127400 1944.3
1127410 1944.3
1127420 1946.8
1127430 1946.3
1127440 1946.3
1127450 1946.0
1127460 1945.1
1127470 1945.1
1127480 1943.4
1127490 1941.9
1127500 1941.9
1127510 1941.9
1127520 1942.3
1127530 1942.3
1127540 1942.6
1127550 1943.6
1127560 1943.6
1127570 1945.2
1127580 1947.2
1127590 1947.2
1127600 1949.0
1127610 1945.9
1127620 1945.9
1127630 1945.9
1127640 1946.5
1127650 1946.5
1127660 1944.8
1127670 1942.8
1127680 1942.1
1127690 1942.1
1127700 1942.0
1127710 1942.5
1127720 1942.5
1127730 1943.1
1127740 1940.8
1127750 1940.8
1127760 1938.8
1127770 1940.5
1127780 1940.5
1127790 1941.9
1127800 1940.8
1127810 1940.8
1127820 1939.0
1127830 1939.6
1127840 1939.6
1127850 1941.9
1127860 1942.9
1127870 1942.9
1127880 1937.2
1127890 1931.5
1127900 1931.5
1127910 1929.2
1127920 1934.1
1127930 1934.1
1127940 1938.1
1127950 1938.0
1127960 1932.9
1127970 1933.2
1127980 1932.4
1127990 1927.9
1128000 1927.9
1128010 1924.2
1128020 1919.9
1128030 1919.9
1128040 1916.7
1128050 1912.9
1128060 1912.9
1128070 1908.1
1128080 1908.1
1128090 1908.1
1128100 1906.5
1128110 1903.8
1128120 1903.8
1128130 1901.1
1128140 1898.9
1128150 1898.9
1128160 1901.2
1128170 1901.9
1128180 1901.9
1128190 1899.8
1128200 1897.3
1128210 1897.3
1128220 1897.1
1128230 1896.6
1128240 1896.6
1128250 1894.0
1128260 1891.2
1128270 1891.2
1128280 1886.2
1128290 1882.8
1128300 1879.5
1128310 1879.5
1128320 1874.6
1128330 1873.5
1128340 1873.5
1128350 1872.9
1128360 1873.3
1128370 1873.3
1128380 1871.8
1128390 1872.3
1128400 1872.3
1128410 1877.3
1128420 1879.7
1128430 1879.7
1128440 1876.0
1128450 1875.3
1128460 1875.3
1128470 1875.1
1128480 1871.7
1128490 1871.7
1128500 1865.0
1128510 1856.9
1128520 1856.9
1128530 1854.6
1128540 1853.6
1128550 1853.6
1128560 1855.4
1128570 1853.5
1128580 1853.5
1128590 1852.0
1128600 1849.6
1128610 1846.9
1128620 1846.9
1128630 1844.3
1128640 1841.2
1128650 1841.2
1128660 1838.3
1128670 1835.6
1128680 1836.0
1128690 1835.5
1128700 1833.5
1128710 1833.5
1128720 1830.7
1128730 1828.2
1128740 1828.2
1128750 1826.6
1128760 1825.0
1128770 1825.0
1128780 1824.8
1128790 1825.0
1128800 1825.0
1128810 1822.6
1128820 1821.9
1128830 1821.9
1128840 1821.1
1128850 1819.1
1128860 1819.1
1128870 1817.9
1128880 1815.5
1128890 1814.2
1128900 1814.2
1128910 1814.0
1128920 1811.6
1128930 1811.6
1128940 1804.8
1128950 1796.9
1128960 1796.9
1128970 1792.2
1128980 1787.5
1128990 1787.5
1129000 1785.7
1129010 1780.4
1129020 1780.4
1129030 1773.7
1129040 1771.9
1129050 1771.9
1129060 1766.0
1129070 1759.0
1129080 1759.0
1129090 1753.6
1129100 1750.3
1129110 1750.3
1129120 1747.5
1129130 1744.6
1129140 1744.6
1129150 1741.9
1129160 1739.2
1129170 1739.2
1129180 1736.3
1129190 1733.6
1129200 1731.8
1129210 1731.8
1129220 1728.8
1129230 1725.8
1129240 1725.8
1129250 1722.8
1129260 1719.2
1129270 1719.2
1129280 1716.4
1129290 1713.6
1129300 1713.6
1129310 1710.6
1129320 1707.5
1129330 1707.5
1129340 1705.1
1129350 1702.6
1129360 1702.6
1129370 1700.8
1129380 1698.2
1129390 1698.2
1129400 1706.4
1129410 1705.7
1129420 1705.7
1129430 1708.4
1129440 1708.8
1129450 1708.8
1129460 1707.5
1129470 1704.6
1129480 1704.6
1129490 1701.3
1129500 1697.9
1129510 1693.4
1129520 1693.4
1129530 1689.0
1129540 1685.3
1129550 1685.3
1129560 1682.1
1129570 1679.7
1129580 1679.7
1129590 1677.2
1129600 1674.7
1129610 1674.7
1129620 1672.9
1129630 1671.2
1129640 1671.2
1129650 1668.6
1129660 1666.6
1129670 1666.6
1129680 1663.8
1129690 1659.3
1129700 1659.3
1129710 1654.4
1129720 1649.6
1129730 1649.6
1129740 1643.9
1129750 1638.6
1129760 1641.8
1129770 1636.6
1129780 1632.3
1129790 1632.3
1129800 1627.6
1129810 1624.1
1129820 1619.6
1129830 1619.6
1129840 1614.6
1129850 1608.7
1129860 1608.7
1129870 1599.9
1129880 1589.0
1129890 1589.0
1129900 1571.6
1129910 1555.7
1129920 1555.7
1129930 1546.2
1129940 1540.3
1129950 1540.3
1129960 1534.6
1129970 1528.6
1129980 1528.6
1129990 1524.9
1130000 1521.1
1130010 1521.1
1130020 1516.9
1130030 1513.4
1130040 1513.4
1130050 1510.1
1130060 1507.6
1130070 1507.6
1130080 1505.0
1130090 1502.8
1130100 1502.8
1130110 1498.9
1130120 1495.3
1130130 1491.9
1130140 1491.9
1130150 1488.9
1130160 1484.8
1130170 1484.8
1130180 1480.9
1130190 1476.0
1130200 1476.0
1130210 1470.4
1130220 1464.0
1130230 1464.0
1130240 1460.8
1130250 1459.7
1130260 1459.7
1130270 1455.4
1130280 1451.0
1130290 1451.0
1130300 1447.5
1130310 1442.4
1130320 1442.4
1130330 1436.3
1130340 1430.7
1130350 1430.7
1130360 1428.6
1130370 1425.8
1130380 1425.8
1130390 1421.6
1130400 1417.0
1130410 1413.0
1130420 1413.0
1130430 1408.8
1130440 1404.2
1130450 1404.2
1130460 1400.7
1130480 1396.7
1131580 1275.0
1131590 1275.0
1131600 1276.7
1131610 1278.0
1131620 1278.0
1131630 1280.4
1131640 1283.5
1131650 1287.1
1131660 1287.1
1131670 1289.5
1131680 1291.0
1131690 1291.0
1131700 1292.6
1131710 1295.8
1131720 1295.8
1131730 1299.0
1131740 1300.6
1131750 1300.6
1131760 1302.3
1131770 1303.7
1131780 1303.7
1131790 1304.9
1131800 1305.3
1131810 1305.3
1131820 1304.9
1131830 1307.4
1131840 1307.4
1131850 1310.6
1131860 1314.1
1131870 1314.1
1131880 1318.2
1131890 1321.6
1131900 1321.6
1131910 1322.2
1131920 1318.9
1131930 1318.9
1131940 1320.3
1131950 1319.0
1131960 1318.9
1131970 1318.9
1131980 1320.7
1131990 1323.1
1132000 1323.1
1132010 1325.5
1132020 1326.6
1132030 1326.6
1132040 1327.8
1132050 1329.2
1132060 1329.2
1132070 1329.9
1132080 1330.4
1132090 1330.4
1132100 1330.2
1132110 1330.3
1132120 1330.3
1132130 1331.5
1132140 1333.7
1132150 1333.7
1132160 1334.1
1132170 1332.8
1132180 1332.8
1132190 1332.1
1132200 1332.6
1132210 1332.6
1132220 1333.7
1132230 1334.6
1132240 1336.6
1132250 1336.6
1132260 1337.6
1132270 1337.6
1132280 1337.6
1132290 1334.7
1132300 1333.9
1132310 1333.9
1132320 1333.5
1132330 1333.1
1132340 1333.1
1132350 1333.5
1132360 1334.3
1132370 1334.3
1132380 1335.3
1132390 1336.3
1132400 1336.3
1132410 1337.6
1132420 1338.2
1132430 1338.2
1132440 1338.4
1132450 1337.6
1132460 1337.6
1132470 1336.6
1132480 1336.4
1132490 1336.4
1132500 1337.4
1132510 1338.4
1132520 1338.4
1132530 1338.4
1132540 1337.3
1132550 1336.6
1132560 1336.6
1132570 1338.8
1132580 1341.0
1132590 1341.0
1132600 1343.0
1132610 1345.5
1132620 1345.5
1132630 1347.6
1132640 1348.4
1132650 1344.5
1132660 1345.1
1132670 1345.9
1132680 1345.9
1132690 1347.4
1132700 1348.3
1132710 1348.3
1132720 1349.4
1132730 1350.1
1132740 1350.1
1132750 1352.1
1132760 1353.8
1132770 1353.8
1132780 1355.4
1132790 1357.4
1132800 1357.4
1132810 1359.2
1132820 1359.4
1132830 1359.4
1132840 1360.5
1132850 1362.3
1132860 1363.6
1132870 1363.6
1132880 1363.7
1132890 1362.7
1132900 1362.7
1132910 1364.3
1132920 1364.5
1132930 1364.5
1132940 1363.4
1132950 1363.4
1132960 1363.4
1132970 1364.3
1132980 1364.2
1132990 1364.2
1133000 1365.2
1133010 1360.1
1133020 1360.1
1133030 1361.6
1133040 1363.3
1133050 1363.3
1133060 1362.8
1133070 1360.6
1133080 1360.6
1133090 1363.2
1133100 1365.7
1133110 1365.7
1133120 1370.2
1133130 1373.6
1133140 1373.6
1133150 1375.5
1133160 1375.5
1133170 1375.0
1133180 1375.0
1133190 1375.2
1133200 1375.6
1133210 1375.6
1133220 1376.5
1133230 1375.5
1133240 1375.5
1133250 1372.7
1133260 1367.5
1133270 1367.5
1133280 1367.0
1133290 1367.6
1133300 1367.6
1133310 1368.5
1133320 1369.2
1133330 1369.2
1133340 1369.5
1133350 1369.3
1133360 1369.3
1133370 1364.1
1133380 1358.8
1133390 1358.8
1133400 1353.7
1133410 1352.3
1133420 1352.3
1133430 1350.4
1133440 1348.2
1133450 1348.2
1133460 1346.5
1133470 1343.8
1133480 1340.1
1133490 1340.1
1133500 1336.1
1133510 1331.8
1133520 1331.8
1133530 1326.2
1133540 1315.5
1133550 1315.5
1133560 1300.6
1133570 1289.2
1133580 1289.2
1133590 1280.6
1133600 1268.0
1133610 1268.0
1133620 1258.9
1133630 1252.6
1133640 1252.6
1133650 1247.6
1133660 1243.7
1133670 1243.7
1133680 1239.3
1133690 1235.7
1133700 1235.7
1133710 1232.7
1133720 1230.5
1133730 1230.5
1133740 1229.5
1133750 1223.8
1133760 1221.7
1133770 1221.7
1133780 1216.6
1133790 1209.7
1133800 1209.7
1133810 1202.4
1133820 1198.0
1133830 1198.0
1133840 1191.3
1133850 1180.9
1133860 1180.9
1133870 1172.3
1133880 1166.9
1133890 1166.9
1133900 1160.9
1133910 1154.7
1133920 1154.7
1133930 1148.2
1133940 1142.8
1133950 1142.8
1133960 1136.9
1133970 1130.8
1133980 1130.8
1133990 1125.6
1134000 1122.8
1134010 1122.8
1134020 1119.2
1134030 1115.7
1134040 1115.7
1134050 1114.7
1134060 1112.8
1134070 1110.1
1134080 1110.1
1134090 1107.1
1134100 1103.8
1134110 1103.8
1134120 1100.6
1134130 1096.6
1134140 1096.6
1134150 1092.8
1134160 1088.6
1134170 1088.6
1134180 1085.1
1134190 1082.7
1134200 1082.7
1134210 1080.3
1134220 1076.9
1134230 1076.9
1134240 1076.2
1134250 1076.1
1134260 1076.1
1134270 1076.0
1134280 1075.9
1134290 1075.9
1134300 1075.6
1134310 1075.0
1134320 1075.0
1134330 1073.5
1134340 1071.5
1134350 1071.5
1134360 1069.6
1134370 1068.8
1134380 1068.9
1134390 1068.9
1134400 1072.0
1134410 1073.1
1134420 1073.1
1134430 1073.0
1134440 1073.1
1134450 1073.1
1134460 1072.6
1134470 1073.4
1134480 1073.4
1134490 1074.8
1134500 1076.9
1134510 1076.9
1134520 1078.5
1134530 1080.4
1134540 1080.4
1134550 1081.5
1134560 1081.8
1134570 1081.8
1134580 1081.3
1134590 1080.5
1134600 1080.5
1134610 1079.4
1134620 1080.4
1134630 1080.4
1134640 1081.7
1134650 1083.4
1134660 1083.4
1134670 1085.1
1134680 1086.1
1134690 1087.0
1134700 1087.0
1134710 1088.4
1134720 1090.1
1134730 1090.1
1134740 1091.6
1134750 1092.9
1134760 1092.9
1134770 1094.0
1134780 1094.7
1134790 1094.7
1134800 1094.1
1134810 1091.1
1134820 1091.1
1134830 1089.1
1134840 1088.8
1134850 1088.8
1134860 1088.5
1134870 1088.2
1134880 1088.2
1134890 1087.8
1134900 1087.3
1134910 1087.3
1134920 1086.8
1134930 1086.2
1134940 1086.2
1134950 1085.6
1134960 1084.3
1134970 1083.5
1134980 1083.5
1134990 1083.2
1135000 1084.7
1135010 1084.7
1135020 1085.7
1135030 1086.1
1135040 1086.1
1135050 1086.2
1135060 1086.7
1135070 1086.7
1135080 1087.3
1135090 1087.4
1135100 1087.4
1135110 1086.5
1135120 1084.6
1135130 1084.6
1135140 1083.1
1135150 1082.0
1135160 1082.0
1135170 1080.9
1135180 1080.0
1135190 1079.9
1135200 1079.8
1135210 1079.6
1135220 1079.6
1135230 1078.8
1135240 1077.1
1135250 1077.1
1135260 1074.5
1135270 1071.8
1135280 1070.1
1135290 1070.1
1135300 1069.3
1135310 1068.9
1135320 1068.9
1135330 1067.8
1135340 1065.5
1135350 1065.5
1135360 1063.1
1135370 1061.0
1135380 1061.0
1135390 1059.3
1135400 1057.2
1135410 1057.2
1135420 1054.1
1135430 1048.8
1135440 1048.8
1135450 1043.2
1135460 1038.7
1135470 1038.7
1135480 1036.2
1135490 1035.3
1135500 1035.3
1135510 1029.6
1135520 1023.4
1135530 1023.4
1135540 1018.9
1135550 1016.5
1135560 1012.4
1135570 1011.6
1135580 1006.1
1135590 999.2
1135600 999.2
1135610 993.4
1135620 992.1
1135630 992.1
1135640 992.0
1135650 994.6
1135660 994.6
1135670 995.4
1135680 996.8
1135690 996.8
1135700 998.5
1135710 999.0
1135720 999.0
1135730 998.0
1135740 996.0
1135750 996.0
1135760 997.8
1135770 998.4
1135780 998.4
1135790 996.1
1135800 990.4
1135810 990.4
1135820 984.4
1135830 982.4
1135840 982.4
1135850 981.3
1135860 977.2
1135870 977.2
1135880 971.1
1135890 965.6
1135900 961.6
1135910 961.6
1135920 959.3
1135930 955.2
1135940 955.2
1135950 956.5
1135960 957.8
1135970 957.8
1135980 958.1
1135990 958.7
1136000 958.7
1136010 959.2
1136020 961.0
1136030 961.0
1136040 962.5
1136050 963.6
1136060 963.6
1136070 963.2
1136080 958.9
1136090 958.9
1136100 952.6
1136110 950.1
1136120 950.1
1136130 947.6
1136140 947.1
1136150 947.1
1136160 945.6
1136170 945.3
1136180 945.3
1136190 948.7
1136200 956.6
1136210 963.6
1136220 963.6
1136230 970.9
1136240 979.8
1136250 979.8
1136260 988.9
1136270 997.0
1136280 997.0
1136290 1004.5
1136300 1012.1
1136310 1012.1
1136320 1016.2
1136330 1018.4
1136340 1018.4
1136350 1020.1
1136360 1021.8
1136370 1021.8
1136380 1022.2
1136390 1023.9
1136400 1023.9
1136410 1026.1
1136420 1027.8
1136430 1027.8
1136440 1028.6
1136450 1029.1
1136460 1029.1
1136470 1029.9
1136480 1031.1
1136490 1031.0
1136500 1031.0
1136510 1032.5
1136520 1035.4
1136530 1035.4
1136540 1038.4
1136550 1040.2
1136560 1040.2
1136570 1041.7
1136580 1044.3
1136590 1044.3
1136600 1047.6
1136610 1050.9
1136620 1050.9
1136630 1053.7
1136640 1057.1
1136650 1057.1
1136660 1064.0
1136670 1067.1
1136680 1067.1
1136690 1071.0
1136700 1074.1
1136710 1074.1
1136720 1079.1
1136730 1083.5
1136740 1083.5
1136750 1087.6
1136760 1090.8
1136770 1090.8
1136780 1093.0
1136790 1093.5
1136800 1093.4
1136810 1093.4
1136820 1093.4
1136830 1093.2
1136840 1093.2
1136850 1092.5
1136860 1091.9
1136870 1091.9
1136880 1091.0
1136890 1090.3
1136900 1090.3
1136910 1089.1
1136920 1086.2
1136930 1086.2
1136940 1078.3
1136950 1070.8
1136960 1070.8
1136970 1069.7
1136980 1080.2
1136990 1080.2
1137000 1088.1
1137010 1090.0
1137020 1090.0
1137030 1094.7
1137040 1096.2
1137050 1096.2
1137060 1098.0
1137070 1099.3
1137080 1099.3
1137090 1099.5
1137100 1099.8
1137110 1100.4
1137120 1100.4
1137130 1103.3
1137140 1108.1
1137150 1108.1
1137160 1111.6
1137170 1114.1
1137180 1114.1
1137190 1116.3
1137200 1117.3
1137210 1117.3
1137220 1117.2
1137230 1119.8
1137240 1119.8
1137250 1122.9
1137260 1125.3
1137270 1125.3
1137280 1126.6
1137290 1128.4
1137300 1128.4
1137310 1130.1
1137320 1132.4
1137330 1132.4
1137340 1135.3
1137350 1137.7
1137360 1137.7
1137370 1140.8
1137380 1143.6
1137390 1145.8
1137400 1148.7
1137410 1153.1
1137420 1159.1
1137430 1159.1
1137440 1163.5
1137450 1166.3
1137460 1166.3
1137470 1168.2
1137480 1169.9
1137490 1169.9
1137500 1173.3
1137510 1178.2
1137520 1178.2
1137530 1181.9
1137540 1184.8
1137550 1184.8
1137560 1187.6
1137570 1190.2
1137580 1190.2
1137590 1193.4
1137600 1197.3
1137610 1197.3
1137620 1199.9
1137630 1203.0
1137640 1203.0
1137650 1206.4
1137660 1208.4
1137670 1208.4
1137680 1209.5
1137690 1211.3
1137700 1211.3
1137710 1215.1
1137720 1217.1
1137730 1217.5
1137740 1217.5
1137750 1218.7
1137760 1224.6
1137770 1224.6
1137780 1226.1
1137790 1229.0
1137800 1229.0
1137810 1233.2
1137820 1235.5
1137830 1235.5
1137840 1236.0
1137850 1236.1
1137860 1236.1
1137870 1234.3
1137880 1234.8
1137890 1234.8
1137900 1237.5
1137910 1240.0
1137920 1240.0
1137930 1243.1
1137940 1247.0
1137950 1247.0
1137960 1250.2
1137970 1253.4
1137980 1253.4
1137990 1257.4
1138000 1261.3
1138010 1265.0
1138020 1265.0
1138030 1269.4
1138040 1273.7
1138050 1273.7
1138060 1279.1
1138070 1281.6
1138080 1281.6
1138090 1282.4
1138100 1285.3
1138110 1285.3
1138120 1290.3
1138130 1294.8
1138140 1294.8
1138150 1297.9
1138160 1299.5
1138170 1299.5
1138180 1300.7
1138190 1301.9
1138200 1301.9
1138210 1303.4
1138220 1304.7
1138230 1304.7
1138240 1306.4
1138250 1308.0
1138260 1308.0
1138270 1310.0
1138280 1311.4
1138290 1311.4
1138300 1313.3
1138310 1315.3
1138320 1316.8
1138330 1316.8
1138340 1317.9
1138350 1318.7
1138360 1318.7
1138370 1320.6
1138380 1323.2
1138390 1323.2
1138400 1325.6
1138410 1327.3
1138420 1327.3
1138430 1329.2
1138440 1330.7
1138450 1330.7
1138460 1332.6
1138470 1334.3
1138480 1334.3
1138490 1336.4
1138500 1340.9
1138510 1340.9
1138520 1341.5
1138530 1342.2
1138540 1342.2
1138550 1343.5
1138560 1344.3
1138570 1344.3
1138580 1344.6
1138590 1345.5
1138600 1345.5
1138610 1346.6
1138620 1348.3
1138630 1349.6
1138640 1349.6
1138650 1350.7
1138660 1352.0
1138670 1352.0
1138680 1353.3
1138690 1354.7
1138700 1354.7
1138710 1355.9
1138720 1356.7
1138730 1356.7
1138740 1357.3
1138750 1358.7
1138760 1358.7
1138770 1361.8
1138780 1365.7
1138790 1365.7
1138800 1369.0
1138810 1369.7
1138820 1369.7
1138830 1370.5
1138840 1374.7
1138850 1374.7
1138860 1382.2
1138870 1387.8
1138880 1387.8
1138890 1392.4
1138900 1396.2
1138910 1396.2
1138920 1399.6
1138930 1403.1
1138940 1405.4
1138950 1405.4
1138960 1407.4
1138970 1409.8
1138980 1409.8
1138990 1412.0
1139000 1414.2
1139010 1414.2
1139020 1416.9
1139030 1419.6
1139040 1419.6
1139050 1422.8
1139060 1426.1
1139070 1426.1
1139080 1429.3
1139090 1432.4
1139100 1432.4
1139110 1435.6
1139120 1438.8
1139130 1438.8
1139140 1442.1
1139150 1445.4
1139160 1445.4
1139170 1449.4
1139180 1453.7
1139190 1453.7
1139200 1457.8
1139210 1461.6
1139220 1465.0
1139230 1469.8
1139240 1473.5
1139250 1477.1
1139260 1477.1
1139270 1479.8
1139280 1482.1
1139290 1482.1
1139300 1485.4
1139310 1488.3
1139320 1488.3
1139330 1491.9
1139340 1497.3
1139350 1497.3
1139360 1502.8
1139370 1507.7
1139380 1507.7
1139390 1513.3
1139400 1519.0
1139410 1519.0
1139420 1524.4
1139430 1528.9
1139440 1528.9
1139450 1533.9
1139460 1540.9
1139470 1540.9
1139480 1546.4
1139490 1552.3
1139500 1552.3
1139510 1558.0
1139520 1564.0
1139530 1565.7
1139540 1565.7
1139550 1567.2
1139560 1566.8
1139570 1566.8
1139580 1561.9
1139590 1562.0
1139600 1568.9
1139610 1571.7
1139620 1573.2
1139630 1573.2
1139640 1575.1
1139650 1579.2
1139660 1579.2
1139670 1584.5
1139680 1589.9
1139690 1589.9
1139700 1595.1
1139710 1598.5
1139720 1598.5
1139730 1602.7
1139740 1607.4
1139750 1607.4
1139760 1610.6
1139770 1608.9
1139780 1608.9
1139790 1605.3
1139800 1607.5
1139810 1607.5
1139820 1613.1
