1120000 1239.6
1120010 1239.6
1120020 1236.6
1120030 1237.7
1120040 1237.7
1120050 1241.0
1120060 1242.1
1120070 1242.1
1120080 1244.5
1120090 1243.9
1120100 1243.9
1120110 1238.4
1120120 1245.5
1120130 1245.5
1120140 1245.5
1120150 1242.7
1120160 1242.7
1120170 1235.5
1120180 1237.1
1120190 1237.1
1120200 1240.6
1120210 1243.4
1120220 1243.4
1120230 1245.9
1120240 1263.7
1120250 1265.4
1120260 1265.4
1120270 1265.4
1120280 1265.3
1120290 1265.3
1120300 1265.6
1120310 1265.9
1120320 1265.9
1120330 1265.8
1120340 1267.1
1120350 1267.1
1120360 1268.8
1120370 1270.8
1120380 1270.8
1120390 1272.0
1120400 1272.0
1120410 1272.0
1120420 1273.1
1120430 1274.3
1120440 1274.3
1120450 1274.4
1120460 1273.7
1120470 1273.7
1120480 1273.9
1120490 1274.8
1120500 1274.8
1120510 1276.0
1120520 1276.6
1120530 1276.6
1120540 1278.7
1120550 1281.2
1120560 1284.2
1120570 1284.2
1120580 1286.4
1120590 1293.3
1120600 1293.3
1120610 1295.4
1120620 1297.2
1120630 1297.2
1120640 1299.1
1120650 1300.7
1120660 1300.7
1120670 1302.3
1120680 1305.3
1120690 1305.3
1120700 1309.8
1120710 1315.6
1120720 1315.6
1120730 1322.2
1120740 1330.0
1120750 1330.0
1120760 1338.3
1120770 1349.2
1120780 1349.2
1120790 1356.3
1120800 1361.3
1120810 1361.3
1120820 1366.5
1120830 1372.1
1120840 1372.1
1120850 1378.1
1120860 1383.3
1120870 1387.6
1120880 1387.6
1120890 1391.2
1120900 1394.6
1120910 1394.6
1120920 1398.1
1120930 1401.5
1120940 1409.5
1120950 1414.3
1120960 1418.1
1120970 1418.1
1120980 1420.6
1120990 1423.7
1121000 1423.7
1121010 1428.1
1121020 1432.2
1121030 1432.2
1121040 1435.4
1121050 1438.9
1121060 1438.9
1121070 1440.2
1121080 1442.4
1121090 1442.4
1121100 1444.9
1121110 1446.5
1121120 1446.5
1121130 1447.9
1121140 1449.9
1121150 1449.9
1121160 1451.0
1121170 1453.0
1121180 1452.1
1121190 1452.1
1121200 1450.3
1121210 1446.1
1121220 1446.1
1121230 1440.9
1121240 1440.8
1121250 1440.8
1121260 1443.2
1121270 1444.9
1121280 1444.9
1121290 1450.0
1121300 1450.8
1121310 1450.8
1121320 1454.4
1121330 1457.7
1121340 1457.7
1121350 1460.2
1121360 1462.5
1121370 1462.5
1121380 1464.3
1121390 1465.3
1121400 1465.3
1121410 1466.4
1121420 1468.8
1121430 1468.8
1121440 1474.1
1121450 1477.1
1121460 1477.1
1121470 1479.0
1121480 1481.1
1121490 1483.0
1121500 1483.0
1121510 1484.1
1121520 1486.3
1121530 1486.3
1121540 1488.0
1121550 1491.5
1121560 1491.5
1121570 1494.9
1121580 1498.5
1121590 1498.5
1121600 1503.3
1121610 1509.7
1121620 1509.7
1121630 1515.5
1121640 1522.7
1121650 1522.7
1121660 1528.5
1121670 1534.2
1121680 1534.2
1121690 1539.6
1121700 1545.5
1121710 1545.5
1121720 1553.7
1121730 1558.2
1121740 1558.2
1121750 1563.0
1121760 1564.0
1121770 1562.8
1121780 1562.8
1121790 1563.9
1121800 1565.1
1121810 1565.1
1121820 1564.5
1121830 1558.4
1121840 1558.4
1121850 1557.0
1121860 1559.7
1121870 1559.7
1121880 1562.5
1121890 1565.0
1121900 1565.0
1121910 1569.0
1121920 1574.3
1121930 1574.3
1121940 1581.5
1121950 1587.4
1121960 1587.4
1121970 1588.2
1121980 1589.6
1121990 1593.5
1122000 1594.9
1122010 1596.8
1122020 1596.8
1122030 1598.5
1122040 1599.8
1122050 1599.8
1122060 1601.0
1122070 1602.5
1122080 1604.5
1122090 1604.5
1122100 1609.1
1122110 1612.3
1122120 1612.3
1122130 1614.7
1122140 1616.5
1122150 1616.5
1122160 1618.3
1122170 1620.7
1122180 1620.7
1122190 1623.9
1122200 1626.2
1122210 1626.2
1122220 1628.8
1122230 1630.8
1122240 1630.8
1122250 1632.6
1122260 1634.1
1122270 1634.1
1122280 1635.8
1122290 1639.0
1122300 1639.0
1122310 1641.4
1122320 1641.3
1122330 1641.3
1122340 1644.8
1122350 1646.8
1122360 1646.8
1122370 1648.8
1122380 1651.0
1122390 1652.7
1122400 1652.7
1122410 1651.8
1122420 1645.8
1122430 1645.8
1122440 1635.8
1122450 1629.2
1122460 1629.2
1122470 1623.4
1122480 1620.9
1122490 1620.9
1122500 1620.5
1122510 1621.2
1122520 1621.2
1122530 1621.8
1122540 1622.9
1122550 1622.9
1122560 1623.6
1122570 1624.7
1122580 1624.7
1122590 1626.3
1122600 1628.4
1122610 1628.4
1122620 1630.9
1122630 1632.4
1122640 1632.4
1122650 1633.0
1122660 1634.9
1122670 1634.9
1122680 1635.1
1122690 1623.9
1122700 1623.3
1122710 1623.3
1122720 1615.0
1122730 1610.6
1122740 1610.6
1122750 1604.3
1122760 1598.7
1122770 1598.7
1122780 1597.1
1122790 1594.8
1122800 1594.8
1122810 1592.1
1122820 1589.6
1122830 1589.6
1122840 1587.8
1122850 1585.7
1122860 1585.7
1122870 1584.1
1122880 1582.4
1122890 1582.4
1122900 1580.8
1122910 1578.4
1122920 1578.4
1122930 1576.5
1122940 1575.6
1122950 1575.6
1122960 1574.8
1122970 1574.9
1122980 1574.9
1122990 1574.5
1123000 1574.3
1123010 1574.8
1123020 1574.8
1123030 1574.0
1123040 1573.4
1123050 1579.0
1123060 1579.2
1123070 1579.5
1123080 1579.5
1123090 1579.5
1123100 1579.5
1123110 1579.5
1123120 1579.5
1123130 1579.8
1123140 1579.8
1123150 1579.5
1123160 1580.0
1123170 1580.0
1123180 1580.4
1123190 1580.0
1123200 1580.0
1123210 1580.0
1123220 1580.0
1123230 1580.0
1123240 1581.5
1123250 1583.6
1123260 1583.6
1123270 1586.2
1123280 1588.9
1123290 1591.8
1123300 1591.8
1123310 1592.9
1123320 1596.7
1123330 1596.7
1123340 1601.8
1123350 1607.5
1123360 1607.5
1123370 1614.4
1123380 1619.4
1123390 1619.4
1123400 1629.3
1123410 1632.2
1123420 1632.2
1123430 1634.9
1123440 1638.0
1123450 1638.0
1123460 1641.6
1123470 1645.2
1123480 1645.2
1123490 1647.6
1123500 1651.4
1123510 1651.4
1123520 1654.8
1123530 1658.5
1123540 1658.5
1123550 1662.2
1123560 1665.7
1123570 1665.7
1123580 1670.7
1123590 1676.2
1123600 1680.8
1123610 1680.8
1123620 1688.3
1123630 1691.2
1123640 1691.2
1123650 1694.8
1123660 1698.7
1123670 1698.7
1123680 1703.3
1123690 1707.7
1123700 1707.7
1123710 1711.4
1123720 1715.6
1123730 1715.6
1123740 1720.2
1123750 1722.2
1123760 1730.0
1123770 1730.0
1123780 1732.9
1123790 1732.9
1123800 1737.4
1123810 1740.4
1123820 1740.4
1123830 1741.3
1123840 1742.5
1123850 1742.5
1123860 1745.2
1123870 1748.4
1123880 1748.4
1123890 1750.1
1123900 1750.7
1123910 1749.2
1123920 1749.2
1123930 1750.2
1123940 1753.0
1123950 1753.0
1123960 1753.1
1123970 1750.6
1123980 1750.6
1123990 1749.5
1124000 1751.4
1124010 1751.4
1124020 1751.9
1124030 1752.7
1124040 1752.7
1124050 1754.5
1124060 1751.8
1124070 1751.8
1124080 1748.4
1124090 1746.6
1124100 1746.6
1124110 1752.1
1124120 1751.5
1124130 1751.5
1124140 1751.4
1124150 1750.1
1124160 1750.1
1124170 1747.0
1124180 1746.2
1124190 1746.2
1124200 1748.7
1124210 1749.5
1124220 1748.9
1124230 1748.9
1124240 1747.6
1124250 1748.2
1124260 1748.2
1124270 1750.9
1124280 1751.7
1124290 1751.7
1124300 1752.9
1124310 1752.9
1124320 1752.9
1124330 1750.5
1124340 1747.7
1124350 1747.7
1124360 1747.0
1124370 1747.5
1124380 1747.5
1124390 1746.8
1124400 1744.8
1124410 1744.8
1124420 1742.9
1124430 1740.5
1124440 1740.5
1124450 1740.4
1124460 1741.9
1124470 1741.9
1124480 1742.8
1124490 1743.6
1124500 1743.6
1124510 1747.2
1124520 1747.1
1124530 1747.0
1124540 1747.0
1124550 1745.4
1124560 1745.8
1124570 1745.8
1124580 1745.2
1124590 1744.6
1124600 1744.6
1124610 1744.2
1124620 1743.0
1124630 1743.0
1124640 1741.7
1124650 1740.3
1124660 1740.3
1124670 1739.1
1124680 1737.1
1124690 1737.1
1124700 1736.7
1124710 1739.1
1124720 1739.1
1124730 1746.3
1124740 1752.0
1124750 1752.0
1124760 1751.3
1124770 1750.5
1124780 1750.5
1124790 1749.0
1124800 1748.2
1124810 1749.7
1124820 1751.2
1124830 1750.5
1124840 1748.8
1124850 1748.8
1124860 1748.6
1124870 1749.4
1124880 1749.4
1124890 1750.1
1124900 1749.1
1124910 1749.1
1124920 1751.1
1124930 1753.1
1124940 1753.1
1124950 1754.0
1124960 1753.7
1124970 1753.7
1124980 1754.7
1124990 1755.4
1125000 1755.4
1125010 1755.8
1125020 1758.4
1125030 1758.4
1125040 1758.8
1125050 1760.5
1125060 1760.5
1125070 1762.8
1125080 1763.3
1125090 1763.3
1125100 1764.4
1125110 1765.1
1125120 1765.4
1125130 1765.4
1125140 1764.2
1125150 1762.2
1125160 1762.2
1125170 1765.7
1125180 1763.8
1125190 1763.8
1125200 1766.0
1125210 1767.5
1125220 1767.5
1125230 1769.5
1125240 1771.2
1125250 1771.2
1125260 1773.9
1125270 1775.5
1125280 1775.5
1125290 1777.1
1125300 1780.9
1125310 1780.9
1125320 1785.7
1125330 1788.6
1125340 1788.6
1125350 1791.6
1125360 1795.1
1125370 1795.1
1125380 1798.2
1125390 1800.6
1125400 1800.6
1125410 1807.2
1125420 1816.5
1125430 1820.4
1125440 1820.4
1125450 1821.8
1125460 1823.1
1125470 1823.1
1125480 1827.8
1125490 1833.0
1125500 1833.0
1125510 1837.8
1125520 1841.8
1125530 1838.8
1125540 1842.8
1125550 1843.8
1125560 1843.8
1125570 1846.0
1125580 1847.5
1125590 1847.5
1125600 1848.6
1125610 1849.4
1125620 1849.4
1125630 1849.6
1125640 1850.1
1125650 1850.1
1125660 1851.1
1125670 1852.2
1125680 1852.2
1125690 1853.6
1125700 1854.3
1125710 1854.3
1125720 1855.4
1125730 1857.4
1125740 1859.2
1125750 1859.2
1125760 1860.5
1125770 1861.3
1125780 1861.3
1125790 1863.4
1125800 1868.7
1125810 1868.7
1125820 1874.9
1125830 1878.2
1125840 1878.2
1125850 1879.7
1125860 1879.1
1125870 1879.1
1125880 1874.1
1125890 1867.3
1125900 1867.3
1125910 1866.6
1125920 1865.9
1125930 1865.9
1125940 1866.5
1125950 1867.9
1125960 1867.9
1125970 1869.9
1125980 1871.9
1125990 1871.9
1126000 1872.9
1126010 1875.2
1126020 1875.2
1126030 1877.5
1126040 1877.9
1126050 1878.9
1126060 1878.9
1126070 1880.6
1126080 1882.1
1126090 1882.1
1126100 1883.3
1126110 1885.2
1126120 1885.2
1126130 1885.1
1126140 1885.2
1126150 1885.2
1126160 1885.3
1126170 1885.7
1126180 1885.7
1126190 1886.2
1126200 1886.8
1126210 1886.8
1126220 1887.7
1126230 1889.5
1126240 1886.4
1126250 1887.7
1126260 1888.9
1126270 1888.9
1126280 1892.4
1126290 1894.9
1126300 1894.9
1126310 1896.1
1126320 1897.6
1126330 1897.6
1126340 1899.0
1126350 1899.1
1126360 1899.4
1126370 1899.4
1126380 1899.7
1126390 1900.4
1126400 1900.4
1126410 1902.3
1126420 1904.1
1126430 1904.1
1126440 1905.0
1126450 1909.2
1126460 1909.2
1126470 1909.9
1126480 1910.3
1126490 1910.3
1126500 1912.5
1126510 1915.6
1126520 1915.6
1126530 1914.1
1126540 1911.6
1126550 1911.6
1126560 1909.4
1126570 1909.6
1126580 1909.6
1126590 1910.4
1126600 1907.8
1126610 1907.8
1126620 1908.1
1126630 1906.6
1126640 1906.3
1126650 1906.3
1126660 1906.2
1126670 1905.2
1126680 1905.2
1126690 1902.9
1126700 1902.5
1126710 1902.5
1126720 1903.5
1126730 1904.4
1126740 1904.4
1126750 1907.2
1126760 1911.1
1126770 1911.1
1126780 1913.0
1126790 1915.9
1126800 1915.9
1126810 1915.7
1126820 1915.1
1126830 1915.1
1126840 1914.0
1126850 1914.7
1126860 1914.7
1126870 1916.0
1126880 1915.3
1126890 1915.3
1126900 1911.0
1126910 1909.4
1126920 1909.4
1126930 1912.3
1126940 1911.7
1126950 1908.5
1126960 1908.5
1126970 1907.1
1126980 1907.9
1126990 1907.9
1127000 1907.8
1127010 1907.8
1127020 1907.8
1127030 1908.7
1127040 1907.9
1127050 1907.9
1127060 1910.9
1127070 1913.5
1127080 1913.5
1127090 1914.0
1127100 1913.8
1127110 1913.8
1127120 1915.3
1127130 1917.6
1127140 1917.6
1127150 1916.2
1127160 1915.3
1127170 1915.3
1127180 1915.3
1127190 1912.9
1127200 1912.9
1127210 1913.0
1127220 1913.5
1127230 1913.5
1127240 1913.5
1127250 1913.1
1127260 1912.9
1127270 1912.9
1127280 1912.9
1127290 1912.5
1127300 1912.5
1127310 1909.4
1127320 1910.4
1127330 1910.4
1127340 1910.6
1127350 1910.4
1127360 1910.4
1127370 1912.1
1127380 1913.7
1127390 1913.7
1127400 1912.7
1127410 1911.1
1127420 1911.1
1127430 1910.2
1127440 1910.2
1127450 1910.2
1127460 1911.2
1127470 1912.9
1127480 1912.9
1127490 1910.4
1127500 1906.9
1127510 1906.9
1127520 1907.3
1127530 1908.8
1127540 1908.8
1127550 1910.9
1127560 1910.4
1127570 1909.1
1127580 1909.1
1127590 1906.7
1127600 1905.4
1127610 1905.4
1127620 1903.6
1127630 1904.3
1127640 1904.3
1127650 1905.7
1127660 1906.3
1127670 1903.2
1127680 1904.5
1127690 1905.0
1127700 1905.0
1127710 1905.0
1127720 1906.1
1127730 1906.1
1127740 1905.2
1127750 1903.8
1127760 1903.8
1127770 1903.2
1127780 1902.5
1127790 1902.5
1127800 1899.1
1127810 1898.9
1127820 1898.9
1127830 1900.5
1127840 1899.6
1127850 1899.6
1127860 1897.5
1127870 1897.1
1127880 1894.2
1127890 1894.2
1127900 1891.3
1127910 1888.8
1127920 1888.8
1127930 1886.9
1127940 1884.3
1127950 1884.3
1127960 1883.5
1127970 1882.8
1127980 1882.8
1127990 1881.4
1128000 1881.4
1128010 1881.4
1128020 1878.0
1128030 1876.9
1128040 1876.9
1128050 1875.7
1128060 1876.8
1128070 1876.8
1128080 1875.2
1128090 1871.2
1128100 1871.2
1128110 1872.8
1128120 1872.0
1128130 1872.0
1128140 1872.1
1128150 1871.2
1128160 1870.2
1128170 1870.2
1128180 1869.1
1128190 1868.5
1128200 1868.5
1128210 1866.0
1128220 1864.6
1128230 1864.6
1128240 1864.1
1128250 1863.8
1128260 1863.8
1128270 1862.0
1128280 1858.1
1128290 1858.1
1128300 1853.7
1128310 1851.8
1128320 1851.8
1128330 1848.3
1128340 1847.0
1128350 1847.0
1128360 1848.7
1128370 1848.7
1128380 1842.3
1128390 1843.3
1128400 1842.9
1128410 1842.9
1128420 1841.5
1128430 1839.7
1128440 1839.7
1128450 1838.4
1128460 1838.7
1128470 1835.8
1128480 1835.8
1128490 1834.9
1128500 1836.4
1128510 1836.4
1128520 1835.3
1128530 1832.5
1128540 1832.5
1128550 1832.0
1128560 1828.8
1128570 1828.8
1128580 1826.4
1128590 1824.6
1128600 1824.6
1128610 1820.5
1128620 1818.0
1128630 1818.0
1128640 1817.1
1128650 1815.0
1128660 1815.0
1128670 1813.2
1128680 1812.1
1128690 1812.1
1128700 1811.9
1128710 1812.1
1128720 1812.1
1128730 1811.3
1128740 1804.0
1128750 1804.0
1128760 1805.3
1128770 1805.6
1128780 1805.1
1128790 1805.1
1128800 1803.7
1128810 1803.6
1128820 1803.6
1128830 1802.4
1128840 1801.8
1128850 1801.8
1128860 1799.9
1128870 1799.3
1128880 1799.3
1128890 1798.4
1128900 1798.2
1128910 1798.2
1128920 1796.8
1128930 1795.9
1128940 1795.9
1128950 1794.4
1128960 1792.8
1128970 1792.8
1128980 1791.2
1128990 1790.7
1129000 1790.7
1129010 1788.9
1129020 1786.2
1129030 1786.2
1129040 1782.8
1129050 1779.9
1129060 1779.9
1129070 1777.2
1129080 1774.1
1129090 1773.5
1129100 1772.7
1129110 1771.0
1129120 1768.0
1129130 1768.0
1129140 1767.0
1129150 1767.8
1129160 1767.8
1129170 1769.1
1129180 1766.8
1129190 1766.8
1129200 1763.5
1129210 1761.4
1129220 1761.4
1129230 1759.2
1129240 1755.3
1129250 1755.3
1129260 1751.7
1129270 1747.9
1129280 1747.9
1129290 1745.6
1129300 1743.7
1129310 1743.7
1129320 1741.7
1129330 1740.0
1129340 1740.0
1129350 1738.4
1129360 1736.7
1129370 1736.7
1129380 1733.5
1129390 1733.2
1129400 1730.4
1129410 1730.4
1129420 1728.0
1129430 1726.9
1129440 1726.9
1129450 1723.9
1129460 1719.5
1129470 1719.5
1129480 1717.2
1129490 1715.1
1129500 1715.1
1129510 1713.1
1129520 1710.6
1129530 1710.6
1129540 1709.4
1129550 1707.2
1129560 1707.2
1129570 1705.0
1129580 1704.1
1129590 1704.1
1129600 1702.3
1129610 1701.0
1129620 1701.0
1129630 1697.1
1129640 1694.1
1129650 1694.1
1129660 1690.5
1129670 1687.4
1129680 1685.3
1129690 1685.3
1129700 1684.4
1129710 1680.8
1129720 1680.8
1129730 1677.7
1129740 1675.1
1129750 1675.1
1129760 1671.3
1129770 1668.0
1129780 1668.0
1129790 1664.7
1129800 1661.1
1129810 1661.1
1129820 1657.0
1129830 1654.2
1129840 1654.2
1129850 1650.7
1129860 1645.0
1129870 1645.0
1129880 1636.6
1129890 1628.1
1129900 1628.1
1129910 1621.9
1129920 1616.5
1129930 1616.5
1129940 1611.1
1129950 1606.5
1129960 1606.5
1129970 1602.2
1129980 1597.9
1129990 1592.7
1130000 1592.7
1130010 1587.9
1130020 1583.9
1130030 1583.9
1130040 1579.2
1130050 1575.1
1130060 1575.1
1130070 1570.5
1130080 1565.8
1130090 1565.8
1130100 1561.7
1130110 1557.1
1130120 1557.1
1130130 1550.4
1130140 1544.3
1130150 1544.3
1130160 1538.7
1130170 1533.5
1130180 1535.7
1130190 1531.1
1130200 1525.2
1130210 1525.2
1130220 1517.7
1130230 1509.7
1130240 1509.7
1130250 1501.5
1130260 1489.2
1130270 1489.2
1130280 1478.5
1130290 1472.1
1130300 1468.5
1130310 1468.5
1130320 1468.4
1130330 1466.7
1130340 1466.7
1130350 1462.7
1130360 1458.2
1130370 1458.2
1130380 1454.8
1130390 1451.0
1130400 1451.0
1130410 1446.9
1130420 1442.7
1130430 1442.7
1130440 1439.2
1130450 1432.4
1130460 1432.4
1130470 1426.1
1130480 1421.0
1130490 1421.0
1130500 1415.7
1130510 1411.0
1130520 1411.0
1130530 1410.3
1130540 1409.6
1130550 1409.6
1130560 1406.5
1130570 1401.9
1130580 1401.9
1130590 1397.9
1130600 1395.4
1130610 1392.3
1130620 1392.3
1130630 1387.8
1130640 1382.5
1130650 1382.5
1130660 1376.4
1130670 1369.4
1130680 1369.4
1130690 1361.6
1130700 1354.6
1130710 1354.6
1130720 1349.9
1130730 1346.8
1130740 1346.8
1131590 1221.4
1131600 1222.6
1131610 1222.6
1131620 1219.6
1131630 1219.6
1131640 1219.6
1131650 1219.7
1131660 1221.7
1131670 1221.7
1131680 1223.7
1131690 1223.6
1131700 1223.6
1131710 1223.7
1131720 1224.7
1131730 1224.7
1131740 1226.0
1131750 1227.9
1131760 1227.9
1131770 1230.1
1131780 1232.6
1131790 1232.6
1131800 1232.0
1131810 1234.1
1131820 1239.9
1131830 1239.9
1131840 1244.6
1131850 1247.4
1131860 1247.4
1131870 1248.4
1131880 1250.4
1131890 1250.4
1131900 1252.4
1131910 1255.6
1131920 1255.6
1131930 1257.6
1131940 1258.9
1131950 1258.9
1131960 1260.0
1131970 1261.3
1131980 1256.1
1131990 1257.7
1132000 1259.5
1132010 1259.5
1132020 1261.1
1132030 1262.8
1132040 1262.8
1132050 1264.6
1132060 1265.6
1132070 1265.6
1132080 1266.3
1132090 1267.7
1132100 1267.7
1132110 1268.1
1132120 1267.5
1132130 1269.1
1132140 1269.1
1132150 1272.8
1132160 1274.5
1132170 1274.5
1132180 1275.0
1132190 1274.8
1132200 1274.8
1132210 1275.0
1132220 1275.2
1132230 1275.2
1132240 1275.1
1132250 1274.9
1132260 1274.9
1132270 1275.3
1132280 1275.8
1132290 1275.8
1132300 1276.8
1132310 1278.6
1132320 1278.6
1132330 1280.7
1132340 1282.5
1132350 1277.5
1132360 1279.7
1132370 1281.3
1132380 1281.3
1132390 1282.6
1132400 1283.4
1132410 1284.1
1132420 1284.1
1132430 1285.7
1132440 1285.5
1132450 1285.5
1132460 1284.0
1132470 1284.0
1132480 1284.0
1132490 1284.1
1132500 1286.5
1132510 1286.5
1132520 1288.2
1132530 1289.3
1132540 1289.3
1132550 1289.9
1132560 1290.1
1132570 1290.1
1132580 1290.1
1132590 1291.3
1132600 1291.3
1132610 1292.2
1132620 1292.4
1132630 1292.4
1132640 1291.9
1132650 1292.6
1132660 1292.6
1132670 1294.0
1132680 1294.6
1132690 1294.6
1132700 1295.7
1132710 1291.0
1132720 1291.5
1132730 1291.5
1132740 1291.9
1132750 1293.4
1132760 1293.4
1132770 1294.5
1132780 1295.1
1132790 1295.1
1132800 1294.9
1132810 1294.8
1132820 1294.8
1132830 1294.7
1132840 1294.8
1132850 1294.8
1132860 1294.9
1132870 1296.0
1132880 1296.0
1132890 1297.4
1132900 1299.2
1132910 1299.2
1132920 1300.1
1132930 1301.2
1132940 1301.2
1132950 1303.4
1132960 1304.8
1132970 1304.8
1132980 1306.7
1132990 1309.0
1133000 1309.0
1133010 1309.6
1133020 1310.0
1133030 1312.4
1133040 1312.4
1133050 1314.8
1133060 1316.9
1133070 1312.0
1133080 1313.2
1133090 1315.4
1133100 1315.4
1133110 1316.4
1133120 1317.2
1133130 1317.2
1133140 1319.0
1133150 1319.8
1133160 1319.8
1133170 1318.4
1133180 1317.1
1133190 1317.1
1133200 1316.5
1133210 1317.3
1133220 1317.3
1133230 1320.3
1133240 1322.4
1133250 1322.4
1133260 1323.4
1133270 1325.1
1133280 1325.1
1133290 1325.9
1133300 1326.8
1133310 1326.8
1133320 1327.7
1133330 1328.5
1133340 1328.5
1133350 1328.5
1133360 1328.5
1133370 1326.7
1133380 1326.7
1133390 1323.2
1133400 1318.3
1133410 1318.3
1133420 1317.2
1133430 1315.0
1133440 1315.0
1133450 1314.3
1133460 1317.4
1133470 1317.4
1133480 1318.2
1133490 1317.0
1133500 1317.0
1133510 1311.9
1133520 1303.8
1133530 1303.8
1133540 1296.1
1133550 1291.3
1133560 1291.3
1133570 1290.3
1133580 1288.9
1133590 1288.9
1133600 1281.5
1133610 1273.2
1133620 1273.2
1133630 1265.7
1133640 1261.4
1133650 1257.5
1133660 1257.5
1133670 1254.7
1133680 1251.4
1133690 1251.4
1133700 1248.3
1133710 1244.2
1133720 1244.2
1133730 1240.7
1133740 1237.4
1133750 1237.4
1133760 1233.9
1133770 1229.6
1133780 1229.6
1133790 1226.2
1133800 1223.5
1133810 1223.5
1133820 1220.4
1133830 1216.5
1133840 1216.5
1133850 1213.2
1133860 1210.5
1133870 1210.5
1133880 1209.0
1133890 1208.0
1133900 1208.0
1133910 1205.1
1133920 1198.3
1133930 1191.0
1133940 1191.0
1133950 1184.7
1133960 1179.2
1133970 1179.2
1133980 1175.1
1133990 1170.9
1134000 1170.9
1134010 1162.1
1134020 1153.3
1134030 1153.3
1134040 1145.1
1134050 1138.9
1134060 1138.9
1134070 1133.7
1134080 1128.7
1134090 1128.7
1134100 1121.4
1134110 1113.8
1134120 1113.8
1134130 1107.9
1134140 1102.8
1134150 1102.8
1134160 1098.1
1134170 1092.7
1134180 1092.7
1134190 1087.8
1134200 1083.4
1134210 1083.4
1134220 1080.3
1134230 1077.5
1134240 1074.9
1134250 1074.9
1134260 1072.8
1134270 1070.0
1134280 1070.0
1134290 1069.0
1134300 1069.4
1134310 1069.4
1134320 1069.4
1134330 1069.2
1134340 1069.2
1134350 1068.5
1134360 1068.3
1134370 1068.3
1134380 1068.2
1134390 1068.0
1134400 1068.0
1134410 1067.6
1134420 1066.2
1134430 1066.2
1134440 1063.8
1134450 1058.9
1134460 1058.9
1134470 1058.4
1134480 1059.2
1134490 1059.2
1134500 1062.0
1134510 1063.6
1134520 1057.7
1134530 1062.1
1134540 1065.7
1134550 1066.8
1134560 1066.8
1134570 1067.3
1134580 1067.6
1134590 1067.6
1134600 1067.7
1134610 1068.1
1134620 1068.1
1134630 1068.8
1134640 1069.4
1134650 1069.4
1134660 1069.9
1134670 1069.8
1134680 1069.8
1134690 1069.6
1134700 1068.7
1134710 1068.7
1134720 1067.5
1134730 1068.7
1134740 1068.7
1134750 1070.9
1134760 1071.7
1134770 1071.7
1134780 1071.9
1134790 1072.1
1134800 1072.1
1134810 1072.4
1134820 1072.5
1134830 1072.5
1134840 1072.5
1134850 1071.6
1134860 1071.2
1134870 1071.2
1134880 1071.1
1134890 1068.8
1134900 1068.8
1134910 1069.1
1134920 1069.0
1134930 1069.0
1134940 1068.5
1134950 1067.8
1134960 1067.8
1134970 1067.0
1134980 1066.1
1134990 1066.1
1135000 1065.1
1135010 1064.4
1135020 1064.4
1135030 1059.8
1135040 1060.6
1135050 1060.6
1135060 1062.8
1135070 1064.1
1135080 1064.1
1135090 1064.3
1135100 1063.4
1135110 1063.4
1135120 1062.3
1135130 1061.3
1135140 1060.1
1135150 1060.1
1135160 1060.0
1135170 1059.2
1135180 1059.2
1135190 1058.3
1135200 1056.8
1135210 1056.8
1135220 1055.4
1135230 1055.6
1135240 1055.6
1135250 1058.2
1135260 1058.7
1135270 1058.7
1135280 1059.3
1135290 1059.9
1135300 1059.9
1135310 1060.5
1135320 1060.6
1135330 1060.6
1135340 1059.1
1135350 1052.8
1135360 1052.8
1135370 1046.8
1135380 1041.9
1135390 1041.9
1135400 1037.0
1135410 1032.5
1135420 1032.5
1135430 1027.5
1135440 1018.7
1135450 1011.1
1135460 1011.1
1135470 1004.1
1135480 997.4
1135490 997.4
1135500 990.3
1135510 984.2
1135520 984.2
1135530 980.1
1135540 975.2
1135550 975.2
1135560 965.9
1135570 957.7
1135580 957.7
1135590 953.8
1135600 952.7
1135610 952.7
1135620 957.9
1135630 958.8
1135640 958.8
1135650 960.4
1135660 961.7
1135670 961.7
1135680 962.8
1135690 964.1
1135700 964.1
1135710 967.8
1135720 968.2
1135730 968.2
1135740 969.4
1135750 973.0
1135760 974.3
1135770 974.3
1135780 978.0
1135790 983.3
1135800 983.3
1135810 988.9
1135820 993.7
1135830 993.7
1135840 992.9
1135850 987.5
1135860 987.5
1135870 990.7
1135880 990.6
1135890 990.6
1135900 991.1
1135910 991.5
1135920 991.5
1135930 988.9
1135940 985.2
1135950 985.2
1135960 983.5
1135970 983.3
1135980 983.3
1135990 991.1
1136000 991.4
1136010 991.4
1136020 990.4
1136030 988.9
1136040 988.9
1136050 987.9
1136060 989.4
1136070 990.1
1136080 990.1
1136090 990.6
1136100 990.3
1136110 990.3
1136120 988.8
1136130 991.4
1136140 991.4
1136150 997.8
1136160 1003.6
1136170 1003.6
1136180 1007.8
1136190 1009.7
1136200 1009.7
1136210 1011.5
1136220 1013.0
1136230 1013.0
1136240 1013.9
1136250 1016.3
1136260 1016.3
1136270 1021.1
1136280 1026.2
1136290 1026.2
1136300 1031.6
1136310 1036.0
1136320 1036.0
1136330 1039.9
1136340 1043.1
1136350 1044.7
1136360 1048.6
1136370 1052.4
1136380 1055.3
1136390 1055.3
1136400 1058.8
1136410 1062.9
1136420 1062.9
1136430 1066.2
1136440 1069.4
1136450 1069.4
1136460 1072.5
1136470 1076.5
1136480 1076.5
1136490 1080.7
1136500 1085.1
1136510 1085.1
1136520 1089.5
1136530 1093.0
1136540 1093.0
1136550 1096.7
1136560 1100.5
1136570 1100.5
1136580 1103.1
1136590 1104.2
1136600 1104.2
1136610 1104.0
1136620 1103.6
1136630 1103.6
1136640 1102.6
1136650 1101.6
1136660 1100.2
1136670 1100.2
1136680 1099.2
1136690 1098.8
1136700 1098.8
1136710 1098.7
1136720 1102.9
1136730 1102.9
1136740 1105.1
1136750 1105.1
1136760 1105.1
1136770 1103.7
1136780 1101.5
1136790 1101.5
1136800 1101.1
1136810 1103.0
1136820 1103.0
1136830 1104.8
1136840 1105.9
1136850 1105.9
1136860 1107.8
1136870 1110.0
1136880 1110.0
1136890 1113.9
1136900 1116.5
1136910 1116.5
1136920 1117.2
1136930 1115.5
1136940 1115.5
1136950 1122.0
1136960 1125.7
1136970 1127.4
1136980 1127.4
1136990 1128.0
1137000 1128.9
1137010 1128.9
1137020 1130.8
1137030 1131.9
1137040 1131.9
1137050 1128.8
1137060 1121.4
1137070 1121.4
1137080 1114.5
1137090 1117.3
1137100 1117.3
1137110 1126.3
1137120 1136.4
1137130 1136.4
1137140 1143.4
1137150 1149.3
1137160 1149.3
1137170 1153.3
1137180 1157.7
1137190 1157.7
1137200 1159.4
1137210 1161.2
1137220 1161.2
1137230 1166.5
1137240 1169.8
1137250 1169.8
1137260 1170.9
1137270 1172.9
1137280 1176.5
1137290 1176.5
1137300 1178.6
1137310 1179.8
1137320 1179.8
1137330 1180.8
1137340 1182.1
1137350 1182.1
1137360 1183.3
1137370 1184.4
1137380 1184.4
1137390 1186.3
1137400 1188.6
1137410 1188.6
1137420 1191.5
1137430 1194.9
1137440 1194.9
1137450 1200.3
1137460 1204.5
1137470 1204.5
1137480 1208.2
1137490 1211.4
1137500 1211.4
1137510 1215.5
1137520 1219.4
1137530 1219.4
1137540 1221.8
1137550 1225.4
1137560 1225.4
1137570 1228.2
1137580 1230.0
1137590 1232.8
1137600 1232.8
1137610 1236.6
1137620 1238.7
1137630 1238.7
1137640 1239.6
1137650 1241.2
1137660 1241.2
1137670 1242.3
1137680 1244.6
1137690 1244.6
1137700 1247.1
1137710 1248.7
1137720 1248.7
1137730 1250.3
1137740 1251.9
1137750 1251.9
1137760 1253.2
1137770 1254.7
1137780 1254.7
1137790 1256.8
1137800 1258.8
1137810 1258.8
1137820 1262.3
1137830 1264.0
1137840 1264.0
1137850 1267.2
1137860 1270.8
1137870 1273.4
1137880 1273.4
1137890 1275.0
1137900 1276.2
1137910 1276.2
1137920 1278.9
1137930 1279.3
1137940 1279.3
1137950 1280.0
1137960 1282.2
1137970 1282.2
1137980 1282.9
1137990 1284.9
1138000 1284.9
1138010 1288.0
1138020 1291.9
1138030 1291.9
1138040 1296.3
1138050 1301.0
1138060 1301.0
1138070 1304.8
1138080 1309.0
1138090 1309.0
1138100 1316.4
1138110 1322.3
1138120 1322.3
1138130 1324.4
1138140 1326.5
1138150 1326.5
1138160 1328.5
1138170 1329.2
1138180 1328.8
1138190 1331.2
1138200 1332.3
1138210 1334.6
1138220 1334.6
1138230 1337.4
1138240 1339.9
1138250 1339.9
1138260 1342.3
1138270 1345.3
1138280 1345.3
1138290 1347.6
1138300 1349.4
1138310 1349.4
1138320 1350.8
1138330 1352.6
1138340 1352.6
1138350 1354.5
1138360 1355.0
1138370 1355.0
1138380 1357.0
1138390 1358.4
1138400 1358.4
1138410 1359.9
1138420 1361.5
1138430 1361.5
1138440 1362.0
1138450 1362.5
1138460 1362.5
1138470 1363.4
1138480 1364.4
1138490 1365.3
1138500 1365.3
1138510 1366.4
1138520 1366.9
1138530 1366.9
1138540 1367.1
1138550 1367.4
1138560 1368.6
1138570 1368.7
1138580 1368.6
1138590 1368.6
1138600 1368.4
1138610 1368.1
1138620 1368.1
1138630 1368.6
1138640 1369.3
1138650 1369.3
1138660 1370.6
1138670 1373.0
1138680 1373.0
1138690 1375.4
1138700 1377.6
1138710 1377.6
1138720 1379.8
1138730 1382.4
1138740 1382.4
1138750 1384.6
1138760 1386.3
1138770 1386.3
1138780 1389.0
1138790 1392.5
1138800 1394.3
1138810 1394.3
1138820 1396.3
1138830 1399.5
1138840 1399.5
1138850 1403.6
1138860 1407.5
1138870 1407.5
1138880 1411.1
1138890 1414.7
1138900 1414.7
1138910 1418.9
1138920 1426.1
1138930 1426.1
1138940 1430.3
1138950 1433.7
1138960 1433.7
1138970 1436.5
1138980 1439.4
1138990 1439.4
1139000 1442.4
1139010 1446.5
1139020 1446.5
1139030 1451.2
1139040 1456.1
1139050 1456.1
1139060 1460.6
1139070 1465.2
1139080 1469.9
1139090 1469.9
1139100 1474.2
1139110 1478.5
1139120 1478.5
1139130 1482.9
1139140 1487.6
1139150 1487.6
1139160 1492.6
1139170 1497.1
1139180 1497.1
1139190 1501.6
1139200 1506.8
1139210 1506.8
1139220 1512.3
1139230 1518.1
1139240 1518.1
1139250 1524.1
1139260 1530.1
1139270 1530.1
1139280 1535.8
1139290 1545.1
1139300 1545.1
1139310 1550.1
1139320 1556.7
1139330 1556.7
1139340 1565.5
1139350 1575.0
1139360 1575.0
1139370 1583.8
1139380 1590.3
1139390 1593.3
1139400 1593.3
1139410 1594.8
1139420 1600.0
1139430 1600.0
1139440 1607.8
1139450 1614.9
1139460 1614.9
1139470 1621.5
1139480 1629.8
1139490 1629.8
1139500 1639.7
1139510 1649.7
1139520 1649.7
1139530 1660.3
1139540 1670.3
1139550 1670.3
1139560 1681.1
1139570 1692.2
1139580 1692.2
1139590 1695.0
1139600 1691.8
1139610 1691.8
1139620 1693.8
1139630 1699.3
1139640 1699.3
1139650 1702.2
1139660 1706.0
1139670 1706.0
1139680 1704.8
1139690 1701.3
1139700 1697.2
1139710 1697.2
1139720 1693.4
1139730 1690.4
1139740 1690.4
1139750 1687.4
1139760 1686.3
1139770 1686.3
1139780 1684.4
1139790 1681.2
1139800 1681.2
1139810 1677.5
1139820 1673.9
1139830 1673.9
1139840 1670.2
1139850 1666.3
1139860 1666.3
1139870 1662.3
