1120000 1140.5
1120010 1139.4
1120020 1139.0
1120030 1139.0
1120040 1138.7
1120050 1139.7
1120060 1139.4
1120070 1139.4
1120080 1138.5
1120090 1138.6
1120100 1138.6
1120110 1139.9
1120120 1142.4
1120130 1142.4
1120140 1144.3
1120150 1145.6
1120160 1145.6
1120170 1146.2
1120180 1148.4
1120190 1148.4
1120200 1151.2
1120210 1152.2
1120220 1141.5
1120230 1135.7
1120240 1139.0
1120250 1139.0
1120260 1145.3
1120270 1151.1
1120280 1151.1
1120290 1155.9
1120300 1159.3
1120310 1159.3
1120320 1164.2
1120330 1169.5
1120340 1169.5
1120350 1172.7
1120360 1175.1
1120370 1176.2
1120380 1176.2
1120390 1178.0
1120400 1179.5
1120410 1179.5
1120420 1181.3
1120430 1181.7
1120440 1181.7
1120450 1184.0
1120460 1186.6
1120470 1186.6
1120480 1190.2
1120490 1193.3
1120500 1193.3
1120510 1198.7
1120520 1203.1
1120530 1203.1
1120540 1205.4
1120550 1205.0
1120560 1205.0
1120570 1204.9
1120580 1217.2
1120590 1217.2
1120600 1227.4
1120610 1232.4
1120620 1232.4
1120630 1236.8
1120640 1241.8
1120650 1241.8
1120660 1247.2
1120670 1251.7
1120680 1256.7
1120690 1256.7
1120700 1263.2
1120710 1270.3
1120720 1270.3
1120730 1277.5
1120740 1290.9
1120750 1290.9
1120760 1315.1
1120770 1323.8
1120780 1323.8
1120790 1329.0
1120800 1332.8
1120810 1332.8
1120820 1335.7
1120830 1336.4
1120840 1336.4
1120850 1338.7
1120860 1341.5
1120870 1341.5
1120880 1343.2
1120890 1341.2
1120900 1341.2
1120910 1346.8
1120920 1349.2
1120930 1349.2
1120940 1351.8
1120950 1354.9
1120960 1354.9
1120970 1357.9
1120980 1361.3
1120990 1365.4
1121000 1365.4
1121010 1369.2
1121020 1374.0
1121030 1374.0
1121040 1377.4
1121050 1381.6
1121060 1381.6
1121070 1385.3
1121080 1387.8
1121090 1387.8
1121100 1390.6
1121110 1393.8
1121120 1393.8
1121130 1396.2
1121140 1397.3
1121150 1397.3
1121160 1397.7
1121170 1400.0
1121180 1400.0
1121190 1404.7
1121200 1408.1
1121210 1408.1
1121220 1410.5
1121230 1412.6
1121240 1412.6
1121250 1414.5
1121260 1417.4
1121270 1423.8
1121280 1423.8
1121290 1426.6
1121300 1429.9
1121310 1429.9
1121320 1434.4
1121330 1436.8
1121340 1436.8
1121350 1438.8
1121360 1440.5
1121370 1440.5
1121380 1441.9
1121390 1439.3
1121400 1439.3
1121410 1436.3
1121420 1437.0
1121430 1437.0
1121440 1440.0
1121450 1442.8
1121460 1442.8
1121470 1446.2
1121480 1448.8
1121490 1448.8
1121500 1451.7
1121510 1453.9
1121520 1453.9
1121530 1456.6
1121540 1459.4
1121550 1459.4
1121560 1462.3
1121570 1464.9
1121580 1465.6
1121590 1465.6
1121600 1465.6
1121610 1467.7
1121620 1472.6
1121630 1478.2
1121640 1481.8
1121650 1481.8
1121660 1484.3
1121670 1486.9
1121680 1486.9
1121690 1489.1
1121700 1490.6
1121710 1490.6
1121720 1492.5
1121730 1494.7
1121740 1494.7
1121750 1496.3
1121760 1498.7
1121770 1498.7
1121780 1499.4
1121790 1497.4
1121800 1497.4
1121810 1497.6
1121820 1505.3
1121830 1505.3
1121840 1512.2
1121850 1513.9
1121860 1513.9
1121870 1515.9
1121880 1516.3
1121890 1518.5
1121900 1518.5
1121910 1519.8
1121920 1521.3
1121930 1521.3
1121940 1524.3
1121950 1528.7
1121960 1528.7
1121970 1530.4
1121980 1535.5
1121990 1535.5
1122000 1538.4
1122010 1540.3
1122020 1540.3
1122030 1541.4
1122040 1541.4
1122050 1541.4
1122060 1541.8
1122070 1543.4
1122080 1543.4
1122090 1544.9
1122100 1547.1
1122110 1547.1
1122120 1551.3
1122130 1554.1
1122140 1554.1
1122150 1558.0
1122160 1561.5
1122170 1561.5
1122180 1565.0
1122190 1567.3
1122200 1569.8
1122210 1569.8
1122220 1572.4
1122230 1574.3
1122240 1574.3
1122250 1576.1
1122260 1576.5
1122270 1576.5
1122280 1576.0
1122290 1575.2
1122300 1575.2
1122310 1572.9
1122320 1575.9
1122330 1575.9
1122340 1576.5
1122350 1575.8
1122360 1575.8
1122370 1577.2
1122380 1578.1
1122390 1578.1
1122400 1575.9
1122410 1575.6
1122420 1575.6
1122430 1577.0
1122440 1577.0
1122450 1577.0
1122460 1575.8
1122470 1563.8
1122480 1563.8
1122490 1548.6
1122500 1541.8
1122510 1538.5
1122520 1538.5
1122530 1534.4
1122540 1529.6
1122550 1529.6
1122560 1524.5
1122570 1520.0
1122580 1520.0
1122590 1515.1
1122600 1510.0
1122610 1510.0
1122620 1505.3
1122630 1501.6
1122640 1501.6
1122650 1499.2
1122660 1496.4
1122670 1496.4
1122680 1497.3
1122690 1495.6
1122700 1495.6
1122710 1494.6
1122720 1493.8
1122730 1493.8
1122740 1493.8
1122750 1494.2
1122760 1494.2
1122770 1494.7
1122780 1495.1
1122790 1495.1
1122800 1495.5
1122810 1495.9
1122820 1496.4
1122830 1496.4
1122840 1496.9
1122850 1497.5
1122860 1497.5
1122870 1498.1
1122880 1498.5
1122890 1498.5
1122900 1500.0
1122910 1503.0
1122920 1503.0
1122930 1505.3
1122940 1508.2
1122950 1508.2
1122960 1511.1
1122970 1512.9
1122980 1512.9
1122990 1516.8
1123000 1520.8
1123010 1520.8
1123020 1524.5
1123030 1525.6
1123040 1525.6
1123050 1530.3
1123060 1535.1
1123070 1535.1
1123080 1540.6
1123090 1546.4
1123100 1551.9
1123110 1551.9
1123120 1556.8
1123130 1563.1
1123140 1563.1
1123150 1570.0
1123160 1577.7
1123170 1577.7
1123180 1586.1
1123190 1594.5
1123200 1594.5
1123210 1597.9
1123220 1599.2
1123230 1599.2
1123240 1610.7
1123250 1618.7
1123260 1618.7
1123270 1618.7
1123280 1621.0
1123290 1621.0
1123300 1626.2
1123310 1633.3
1123320 1633.3
1123330 1639.2
1123340 1643.7
1123350 1643.7
1123360 1645.5
1123370 1647.5
1123380 1644.3
1123390 1644.4
1123400 1644.5
1123410 1643.2
1123420 1643.2
1123430 1638.5
1123440 1633.7
1123450 1633.7
1123460 1630.8
1123470 1629.8
1123480 1629.8
1123490 1629.9
1123500 1630.2
1123510 1630.2
1123520 1631.8
1123530 1632.9
1123540 1632.9
1123550 1630.7
1123560 1630.8
1123570 1630.8
1123580 1630.8
1123590 1633.6
1123600 1633.6
1123610 1634.9
1123620 1633.9
1123630 1633.9
1123640 1630.7
1123650 1628.1
1123660 1628.1
1123670 1628.9
1123680 1632.2
1123690 1632.2
1123700 1636.0
1123710 1635.9
1123720 1634.5
1123730 1631.2
1123740 1632.1
1123750 1634.1
1123760 1634.1
1123770 1635.6
1123780 1640.0
1123790 1640.0
1123800 1644.6
1123810 1651.3
1123820 1651.3
1123830 1655.7
1123840 1656.0
1123850 1656.0
1123860 1658.0
1123870 1666.5
1123880 1666.5
1123890 1674.0
1123900 1677.6
1123910 1677.6
1123920 1680.7
1123930 1685.3
1123940 1685.3
1123950 1689.7
1123960 1692.1
1123970 1692.1
1123980 1692.6
1123990 1691.6
1124000 1691.6
1124010 1691.3
1124020 1688.6
1124030 1684.4
1124040 1684.4
1124050 1686.0
1124060 1690.2
1124070 1690.2
1124080 1691.6
1124090 1694.2
1124100 1694.2
1124110 1694.8
1124120 1694.6
1124130 1694.6
1124140 1694.3
1124150 1695.3
1124160 1695.3
1124170 1696.3
1124180 1695.1
1124190 1695.1
1124200 1693.8
1124210 1695.1
1124220 1695.1
1124230 1696.1
1124240 1697.0
1124250 1697.0
1124260 1698.1
1124270 1697.6
1124280 1697.6
1124290 1694.8
1124300 1694.3
1124310 1694.3
1124320 1698.5
1124330 1700.5
1124340 1700.2
1124350 1700.2
1124360 1699.5
1124370 1699.9
1124380 1699.9
1124390 1702.3
1124400 1702.8
1124410 1702.8
1124420 1703.3
1124430 1708.7
1124440 1705.3
1124450 1707.9
1124460 1709.4
1124470 1709.4
1124480 1709.1
1124490 1710.3
1124500 1710.3
1124510 1713.1
1124520 1715.8
1124530 1715.8
1124540 1719.8
1124550 1719.3
1124560 1719.3
1124570 1718.5
1124580 1721.9
1124590 1721.9
1124600 1726.5
1124610 1730.6
1124620 1730.6
1124630 1732.3
1124640 1732.7
1124650 1735.1
1124660 1735.1
1124670 1737.9
1124680 1739.8
1124690 1739.8
1124700 1741.9
1124710 1743.5
1124720 1743.5
1124730 1744.3
1124740 1745.8
1124750 1745.8
1124760 1746.5
1124770 1747.2
1124780 1747.2
1124790 1749.4
1124800 1748.7
1124810 1748.7
1124820 1751.1
1124830 1751.8
1124840 1751.8
1124850 1754.2
1124860 1759.7
1124870 1759.7
1124880 1768.9
1124890 1770.5
1124900 1770.5
1124910 1772.2
1124920 1775.5
1124930 1781.2
1124940 1781.2
1124950 1783.9
1124960 1786.8
1124970 1786.8
1124980 1788.8
1124990 1791.5
1125000 1791.5
1125010 1793.7
1125020 1796.6
1125030 1796.6
1125040 1800.0
1125050 1802.7
1125060 1802.7
1125070 1805.9
1125080 1813.2
1125090 1813.2
1125100 1816.8
1125110 1819.5
1125120 1819.5
1125130 1821.9
1125140 1821.8
1125150 1819.6
1125160 1824.0
1125170 1828.6
1125180 1828.6
1125190 1828.6
1125200 1829.5
1125210 1829.5
1125220 1830.5
1125230 1832.3
1125240 1830.8
1125250 1830.8
1125260 1830.4
1125270 1831.9
1125280 1831.9
1125290 1835.5
1125300 1839.6
1125310 1839.6
1125320 1843.0
1125330 1845.8
1125340 1845.8
1125350 1849.3
1125360 1855.0
1125370 1855.0
1125380 1859.5
1125390 1864.7
1125400 1864.7
1125410 1866.5
1125420 1864.5
1125430 1864.5
1125440 1868.5
1125450 1873.0
1125460 1873.0
1125470 1876.9
1125480 1879.4
1125490 1879.4
1125500 1879.8
1125510 1876.7
1125520 1876.7
1125530 1875.0
1125540 1874.1
1125550 1876.6
1125560 1876.6
1125570 1880.0
1125580 1883.4
1125590 1883.4
1125600 1886.9
1125610 1889.8
1125620 1889.8
1125630 1893.2
1125640 1897.1
1125650 1897.1
1125660 1899.0
1125670 1901.0
1125680 1901.0
1125690 1904.1
1125700 1909.1
1125710 1909.1
1125720 1913.9
1125730 1913.4
1125740 1913.4
1125750 1917.3
1125760 1922.7
1125770 1922.7
1125780 1927.6
1125790 1929.8
1125800 1929.8
1125810 1933.9
1125820 1936.5
1125830 1936.5
1125840 1936.8
1125850 1938.7
1125860 1939.1
1125870 1939.1
1125880 1941.3
1125890 1940.1
1125900 1940.1
1125910 1939.2
1125920 1943.1
1125930 1943.1
1125940 1949.1
1125950 1951.5
1125960 1951.5
1125970 1952.4
1125980 1952.9
1125990 1952.9
1126000 1954.4
1126010 1958.1
1126020 1958.1
1126030 1957.5
1126040 1958.0
1126050 1958.0
1126060 1959.2
1126070 1959.7
1126080 1959.7
1126090 1961.5
1126100 1965.1
1126110 1965.1
1126120 1966.8
1126130 1970.2
1126140 1970.2
1126150 1975.2
1126160 1978.6
1126170 1981.9
1126180 1981.9
1126190 1983.8
1126200 1984.7
1126210 1984.7
1126220 1979.9
1126230 1977.9
1126240 1977.9
1126250 1979.8
1126260 1982.8
1126270 1982.8
1126280 1982.4
1126290 1981.0
1126300 1981.0
1126310 1980.2
1126320 1979.8
1126330 1979.8
1126340 1978.3
1126350 1977.0
1126360 1977.0
1126370 1973.3
1126380 1970.8
1126390 1970.8
1126400 1969.3
1126410 1972.2
1126420 1972.2
1126430 1971.7
1126440 1965.0
1126450 1965.0
1126460 1964.5
1126470 1965.2
1126480 1966.7
1126490 1966.7
1126500 1966.5
1126510 1970.1
1126520 1970.1
1126530 1972.9
1126540 1972.9
1126550 1972.9
1126560 1969.6
1126570 1964.6
1126580 1964.6
1126590 1965.6
1126600 1966.0
1126610 1966.0
1126620 1967.8
1126630 1969.2
1126640 1969.2
1126650 1970.4
1126660 1973.7
1126670 1973.7
1126680 1973.4
1126690 1972.6
1126700 1972.6
1126710 1973.8
1126720 1975.7
1126730 1975.7
1126740 1976.3
1126750 1977.5
1126760 1978.3
1126770 1978.3
1126780 1979.2
1126790 1980.1
1126800 1980.1
1126810 1981.6
1126820 1983.3
1126830 1983.3
1126840 1983.5
1126850 1985.3
1126860 1985.3
1126870 1987.2
1126880 1986.9
1126890 1986.9
1126900 1986.9
1126910 1987.0
1126920 1987.0
1126930 1983.9
1126940 1985.3
1126950 1985.3
1126960 1985.3
1126970 1985.8
1126980 1985.8
1126990 1986.3
1127000 1986.6
1127010 1986.6
1127020 1987.9
1127030 1988.7
1127040 1988.7
1127050 1987.1
1127060 1984.9
1127070 1986.0
1127080 1986.0
1127090 1986.8
1127100 1989.5
1127110 1989.5
1127120 1991.7
1127130 1990.2
1127140 1990.2
1127150 1990.9
1127160 1991.9
1127170 1991.9
1127180 1992.0
1127190 1991.8
1127200 1991.8
1127210 1991.4
1127220 1991.0
1127230 1991.0
1127240 1990.8
1127250 1990.5
1127260 1990.5
1127270 1990.2
1127280 1991.3
1127290 1987.6
1127300 1986.8
1127310 1984.6
1127320 1984.6
1127330 1982.9
1127340 1979.2
1127350 1979.2
1127360 1976.4
1127370 1976.0
1127380 1976.9
1127390 1976.9
1127400 1976.8
1127410 1976.7
1127420 1976.7
1127430 1975.6
1127440 1973.6
1127450 1973.6
1127460 1972.8
1127470 1972.5
1127480 1972.5
1127490 1972.8
1127500 1972.6
1127510 1972.6
1127520 1972.7
1127530 1974.6
1127540 1974.6
1127550 1975.3
1127560 1976.7
1127570 1976.7
1127580 1978.3
1127590 1978.4
1127600 1978.4
1127610 1979.4
1127620 1979.4
1127630 1979.4
1127640 1978.0
1127650 1972.2
1127660 1972.2
1127670 1973.7
1127680 1976.5
1127690 1975.7
1127700 1975.7
1127710 1979.9
1127720 1980.9
1127730 1980.9
1127740 1979.6
1127750 1975.5
1127760 1975.5
1127770 1972.2
1127780 1969.7
1127790 1969.7
1127800 1969.7
1127810 1970.6
1127820 1970.6
1127830 1971.6
1127840 1971.8
1127850 1971.8
1127860 1971.0
1127870 1971.3
1127880 1971.3
1127890 1970.1
1127900 1967.9
1127910 1967.9
1127920 1967.3
1127930 1966.1
1127940 1966.1
1127950 1963.7
1127960 1961.8
1127970 1961.8
1127980 1959.4
1127990 1955.6
1128000 1953.8
1128010 1953.8
1128020 1951.8
1128030 1949.2
1128040 1949.2
1128050 1946.5
1128060 1942.8
1128070 1942.8
1128080 1940.6
1128090 1938.3
1128100 1938.3
1128110 1936.0
1128120 1933.6
1128130 1933.6
1128140 1932.1
1128150 1927.9
1128160 1927.9
1128170 1925.2
1128180 1921.7
1128190 1921.7
1128200 1918.3
1128210 1914.6
1128220 1914.6
1128230 1911.7
1128240 1908.6
1128250 1908.6
1128260 1905.7
1128270 1902.5
1128280 1898.9
1128290 1898.9
1128300 1895.5
1128310 1893.4
1128320 1893.4
1128330 1890.3
1128340 1888.7
1128350 1888.7
1128360 1883.2
1128370 1879.8
1128380 1879.8
1128390 1876.0
1128400 1873.4
1128410 1873.4
1128420 1870.3
1128430 1867.9
1128440 1867.9
1128450 1864.3
1128460 1862.2
1128470 1862.2
1128480 1856.5
1128490 1851.4
1128500 1851.4
1128510 1847.3
1128520 1842.7
1128530 1842.7
1128540 1821.9
1128550 1803.1
1128560 1803.1
1128570 1794.3
1128580 1787.2
1128590 1780.5
1128600 1780.5
1128610 1774.0
1128620 1769.3
1128630 1769.3
1128640 1765.0
1128650 1763.7
1128660 1763.7
1128670 1761.9
1128680 1761.2
1128690 1761.2
1128700 1762.5
1128710 1765.4
1128720 1794.8
1128730 1796.0
1128740 1802.0
1128750 1802.0
1128760 1803.0
1128770 1799.4
1128780 1799.4
1128790 1795.9
1128800 1792.7
1128810 1792.7
1128820 1789.1
1128830 1783.8
1128840 1783.8
1128850 1775.6
1128860 1769.9
1128870 1769.9
1128880 1766.7
1128890 1763.1
1128900 1758.4
1128910 1758.4
1128920 1754.6
1128930 1753.4
1128940 1753.4
1128950 1752.4
1128960 1749.5
1128970 1749.5
1128980 1748.8
1128990 1749.4
1129000 1749.4
1129010 1751.0
1129020 1750.1
1129030 1750.1
1129040 1749.7
1129050 1748.8
1129060 1748.8
1129070 1745.9
1129080 1743.7
1129090 1743.7
1129100 1740.3
1129110 1736.5
1129120 1736.5
1129130 1733.6
1129140 1730.4
1129150 1730.4
1129160 1727.0
1129170 1724.0
1129180 1724.0
1129190 1720.5
1129200 1716.9
1129210 1713.1
1129220 1713.1
1129230 1709.9
1129240 1707.9
1129250 1707.9
1129260 1705.4
1129270 1701.8
1129280 1701.8
1129290 1698.0
1129300 1692.6
1129310 1692.6
1129320 1689.6
1129330 1687.0
1129340 1687.0
1129350 1682.4
1129360 1677.6
1129370 1677.6
1129380 1672.7
1129390 1668.0
1129400 1668.0
1129410 1664.2
1129420 1659.5
1129430 1659.5
1129440 1656.9
1129450 1652.7
1129460 1652.7
1129470 1648.3
1129480 1645.7
1129490 1645.7
1129500 1643.5
1129510 1639.5
1129520 1635.6
1129530 1635.6
1129540 1631.6
1129550 1630.4
1129560 1630.4
1129570 1631.0
1129580 1628.3
1129590 1628.3
1129600 1625.1
1129610 1623.1
1129620 1623.1
1129630 1619.8
1129640 1615.0
1129650 1615.0
1129660 1611.6
1129670 1607.3
1129680 1607.3
1129690 1602.9
1129700 1597.2
1129710 1597.2
1129720 1589.3
1129730 1582.3
1129740 1582.3
1129750 1576.5
1129760 1570.5
1129770 1570.5
1129780 1565.6
1129790 1562.9
1129800 1563.0
1129810 1559.9
1129820 1556.8
1129830 1553.7
1129840 1553.7
1129850 1551.0
1129860 1548.3
1129870 1548.3
1129880 1546.1
1129890 1542.7
1129900 1542.7
1129910 1538.4
1129920 1533.7
1129930 1533.7
1129940 1529.6
1129950 1524.5
1129960 1524.5
1129970 1517.8
1129980 1511.1
1129990 1511.1
1130000 1506.8
1130010 1500.8
1130020 1500.8
1130030 1496.5
1130040 1492.7
1130050 1492.7
1130060 1489.9
1130070 1487.2
1130080 1487.2
1130090 1484.2
1130100 1478.4
1130110 1472.1
1130120 1472.1
1130130 1466.5
1130140 1463.1
1130150 1463.1
1130160 1461.4
1130170 1457.9
1130180 1457.9
1130190 1452.6
1130200 1448.1
1130210 1448.1
1130220 1445.1
1130230 1441.7
1130240 1441.7
1130250 1437.3
1130260 1433.3
1130270 1433.3
1130280 1428.7
1131560 1332.1
1131570 1332.1
1131580 1336.1
1131590 1339.7
1131600 1334.3
1131610 1336.7
1131620 1339.4
1131630 1340.9
1131640 1340.9
1131650 1343.5
1131660 1346.1
1131670 1346.1
1131680 1348.6
1131690 1350.8
1131700 1350.8
1131710 1352.6
1131720 1356.1
1131730 1356.1
1131740 1357.5
1131750 1358.7
1131760 1358.7
1131770 1359.2
1131780 1358.0
1131790 1358.0
1131800 1350.1
1131810 1346.5
1131820 1346.5
1131830 1350.7
1131840 1354.3
1131850 1354.3
1131860 1357.3
1131870 1359.6
1131880 1359.6
1131890 1362.0
1131900 1363.9
1131910 1363.9
1131920 1364.2
1131930 1364.3
1131940 1364.3
1131950 1364.3
1131960 1361.2
1131970 1362.4
1131980 1362.4
1131990 1363.7
1132000 1364.9
1132010 1364.9
1132020 1365.6
1132030 1366.7
1132040 1366.7
1132050 1368.2
1132060 1369.0
1132070 1369.0
1132080 1369.3
1132090 1368.1
1132100 1368.1
1132110 1364.8
1132120 1362.8
1132130 1362.8
1132140 1364.0
1132150 1364.9
1132160 1364.9
1132170 1365.3
1132180 1365.5
1132190 1365.5
1132200 1365.0
1132210 1364.8
1132220 1364.8
1132230 1365.5
1132240 1367.0
1132250 1367.3
1132260 1367.3
1132270 1366.9
1132280 1368.6
1132290 1368.6
1132300 1369.7
1132310 1369.7
1132320 1365.0
1132330 1363.7
1132340 1363.8
1132350 1363.8
1132360 1364.0
1132370 1364.2
1132380 1364.2
1132390 1363.6
1132400 1363.5
1132410 1363.5
1132420 1362.9
1132430 1364.3
1132440 1364.3
1132450 1364.9
1132460 1365.3
1132470 1365.3
1132480 1366.3
1132490 1365.8
1132500 1365.8
1132510 1366.4
1132520 1368.5
1132530 1368.5
1132540 1370.7
1132550 1372.9
1132560 1375.2
1132570 1375.2
1132580 1376.0
1132590 1373.4
1132600 1373.4
1132610 1374.8
1132620 1377.3
1132630 1377.3
1132640 1379.3
1132650 1380.7
1132660 1380.7
1132670 1382.7
1132680 1384.5
1132690 1380.0
1132700 1381.3
1132710 1381.1
1132720 1381.1
1132730 1382.3
1132740 1383.4
1132750 1383.4
1132760 1384.8
1132770 1386.1
1132780 1386.1
1132790 1387.0
1132800 1387.6
1132810 1387.6
1132820 1387.6
1132830 1388.3
1132840 1388.3
1132850 1389.1
1132860 1389.5
1132870 1388.0
1132880 1388.0
1132890 1386.9
1132900 1388.4
1132910 1388.4
1132920 1391.5
1132930 1392.6
1132940 1392.6
1132950 1392.4
1132960 1390.8
1132970 1390.8
1132980 1391.1
1132990 1392.0
1133000 1392.0
1133010 1394.2
1133020 1396.4
1133030 1396.4
1133040 1398.2
1133050 1396.3
1133060 1396.3
1133070 1395.7
1133080 1394.5
1133090 1394.5
1133100 1393.8
1133110 1397.5
1133120 1397.5
1133130 1398.7
1133140 1399.8
1133150 1400.6
1133160 1400.6
1133170 1400.2
1133180 1398.1
1133190 1398.1
1133200 1396.8
1133210 1396.3
1133220 1396.3
1133230 1393.6
1133240 1389.2
1133250 1389.2
1133260 1388.0
1133270 1390.2
1133280 1390.2
1133290 1390.1
1133300 1387.4
1133310 1387.4
1133320 1385.3
1133330 1382.8
1133340 1382.8
1133350 1380.8
1133360 1377.5
1133370 1377.5
1133380 1373.1
1133390 1367.3
1133400 1367.3
1133410 1360.9
1133420 1356.2
1133430 1356.2
1133440 1349.3
1133450 1342.5
1133460 1337.5
1133470 1337.5
1133480 1329.3
1133490 1321.2
1133500 1321.2
1133510 1310.6
1133520 1301.2
1133530 1301.2
1133540 1293.1
1133550 1284.5
1133560 1284.5
1133570 1274.8
1133580 1264.0
1133590 1264.0
1133600 1250.9
1133610 1242.1
1133620 1242.1
1133630 1233.8
1133640 1226.4
1133650 1226.4
1133660 1220.7
1133670 1216.9
1133680 1216.9
1133690 1212.4
1133700 1205.9
1133710 1205.9
1133720 1195.8
1133730 1189.6
1133740 1189.6
1133750 1184.8
1133760 1180.3
1133770 1175.8
1133780 1178.8
1133790 1174.6
1133800 1171.7
1133810 1171.7
1133820 1170.5
1133830 1168.5
1133840 1168.5
1133850 1163.5
1133860 1156.2
1133870 1156.2
1133880 1151.4
1133890 1149.2
1133900 1149.2
1133910 1148.8
1133920 1147.6
1133930 1147.6
1133940 1146.3
1133950 1143.8
1133960 1143.8
1133970 1139.9
1133980 1136.2
1133990 1136.2
1134000 1134.6
1134010 1133.2
1134020 1133.2
1134030 1130.2
1134040 1125.1
1134050 1125.1
1134060 1119.0
1134070 1113.6
1134080 1109.9
1134090 1109.9
1134100 1108.0
1134110 1106.3
1134120 1106.3
1134130 1102.6
1134140 1096.1
1134150 1096.1
1134160 1090.4
1134170 1086.8
1134180 1086.8
1134190 1083.1
1134200 1082.0
1134210 1082.0
1134220 1082.0
1134230 1081.0
1134240 1081.0
1134250 1079.4
1134260 1078.4
1134270 1078.4
1134280 1077.5
1134290 1079.4
1134300 1079.4
1134310 1079.5
1134320 1076.8
1134330 1076.8
1134340 1075.1
1134350 1076.0
1134360 1076.0
1134370 1077.9
1134380 1081.0
1134390 1084.9
1134400 1084.9
1134410 1084.8
1134420 1084.7
1134430 1084.7
1134440 1084.4
1134450 1083.3
1134460 1083.3
1134470 1083.7
1134480 1084.5
1134490 1084.5
1134500 1086.5
1134510 1087.3
1134520 1087.3
1134530 1087.8
1134540 1088.1
1134550 1088.1
1134560 1088.5
1134570 1089.1
1134580 1089.1
1134590 1089.8
1134600 1090.0
1134610 1090.0
1134620 1090.3
1134630 1090.7
1134640 1090.7
1134650 1090.9
1134660 1090.5
1134670 1090.5
1134680 1091.7
1134690 1093.3
1134700 1094.3
1134710 1094.3
1134720 1095.0
1134730 1095.6
1134740 1095.6
1134750 1096.2
1134760 1096.6
1134770 1096.6
1134780 1097.1
1134790 1097.4
1134800 1097.4
1134810 1097.2
1134820 1096.5
1134830 1096.5
1134840 1095.6
1134850 1094.8
1134860 1094.8
1134870 1093.6
1134880 1093.7
1134890 1093.7
1134900 1093.6
1134910 1093.7
1134920 1093.7
1134930 1093.7
1134940 1093.9
1134950 1093.9
1134960 1094.2
1134970 1094.5
1134980 1094.6
1134990 1094.6
1135000 1094.5
1135010 1094.0
1135020 1094.0
1135030 1094.0
1135040 1094.9
1135050 1094.9
1135060 1095.2
1135070 1093.7
1135080 1093.7
1135090 1092.0
1135100 1091.2
1135110 1091.2
1135120 1090.7
1135130 1089.4
1135140 1089.4
1135150 1087.7
1135160 1086.9
1135170 1086.9
1135180 1086.7
1135190 1086.4
1135200 1086.4
1135210 1085.9
1135220 1085.4
1135230 1083.5
1135240 1083.1
1135250 1081.9
1135260 1081.9
1135270 1079.8
1135280 1077.5
1135290 1076.2
1135300 1076.2
1135310 1074.9
1135320 1073.6
1135330 1073.6
1135340 1072.0
1135350 1070.7
1135360 1070.7
1135370 1070.0
1135380 1069.0
1135390 1069.0
1135400 1067.9
1135410 1066.7
1135420 1066.7
1135430 1065.4
1135440 1063.7
1135450 1063.7
1135460 1062.9
1135470 1062.7
1135480 1062.7
1135490 1059.0
1135500 1053.2
1135510 1053.2
1135520 1047.4
1135530 1044.4
1135540 1044.4
1135550 1043.1
1135560 1041.3
1135570 1041.3
1135580 1039.6
1135590 1037.3
1135600 1030.4
1135610 1030.4
1135620 1030.1
1135630 1031.2
1135640 1031.2
1135650 1031.4
1135660 1029.3
1135670 1029.3
1135680 1026.9
1135690 1025.7
1135700 1025.7
1135710 1023.7
1135720 1021.2
1135730 1021.2
1135740 1019.8
1135750 1019.0
1135760 1019.0
1135770 1017.9
1135780 1017.4
1135790 1017.4
1135800 1017.3
1135810 1015.7
1135820 1015.7
1135830 1013.6
1135840 1012.2
1135850 1012.2
1135860 1011.1
1135870 1010.5
1135880 1010.5
1135890 1010.9
1135900 1010.1
1135910 1006.5
1135920 1006.5
1135930 1004.2
1135940 1004.1
1135950 1004.1
1135960 999.9
1135970 997.0
1135980 997.0
1135990 993.4
1136000 989.4
1136010 989.4
1136020 984.7
1136030 979.6
1136040 979.6
1136050 973.1
1136060 965.7
1136070 965.7
1136080 957.3
1136090 950.3
1136100 950.3
1136110 947.7
1136120 946.9
1136130 946.9
1136140 943.5
1136150 943.7
1136160 943.7
1136170 945.9
1136180 950.0
1136190 956.4
1136200 956.4
1136210 962.8
1136220 969.8
1136230 969.8
1136240 976.7
1136250 983.3
1136260 983.3
1136270 986.5
1136280 986.0
1136290 986.0
1136300 984.4
1136310 985.8
1136320 985.8
1136330 996.1
1136340 996.9
1136350 996.9
1136360 993.6
1136370 990.2
1136380 990.2
1136390 989.5
1136400 992.2
1136410 992.2
1136420 995.1
1136430 1001.6
1136440 1001.6
1136450 1009.0
1136460 1013.0
1136470 1013.0
1136480 1016.3
1136490 1018.1
1136500 1019.2
1136510 1019.2
1136520 1021.2
1136530 1023.3
1136540 1023.3
1136550 1024.8
1136560 1027.1
1136570 1027.1
1136580 1029.1
1136590 1030.8
1136600 1030.8
1136610 1032.6
1136620 1034.1
1136630 1034.1
1136640 1035.6
1136650 1037.0
1136660 1037.0
1136670 1039.2
1136680 1040.2
1136690 1040.2
1136700 1041.5
1136710 1042.5
1136720 1042.5
1136730 1043.3
1136740 1045.0
1136750 1045.0
1136760 1047.8
1136770 1051.1
1136780 1051.1
1136790 1052.7
1136800 1054.6
1136810 1057.6
1136820 1057.6
1136830 1061.4
1136840 1063.7
1136850 1063.7
1136860 1065.6
1136870 1065.0
1136880 1065.0
1136890 1059.1
1136900 1053.6
1136910 1053.6
1136920 1049.7
1136930 1054.6
1136940 1054.6
1136950 1063.5
1136960 1068.5
1136970 1068.5
1136980 1071.1
1136990 1073.1
1137000 1073.1
1137010 1073.8
1137020 1070.6
1137030 1070.6
1137040 1066.4
1137050 1068.7
1137060 1069.7
1137070 1074.5
1137080 1076.9
1137090 1076.9
1137100 1080.3
1137110 1084.8
1137120 1088.7
1137130 1088.7
1137140 1092.0
1137150 1094.5
1137160 1094.5
1137170 1096.2
1137180 1097.0
1137190 1097.0
1137200 1097.2
1137210 1093.3
1137220 1093.3
1137230 1091.7
1137240 1094.0
1137250 1094.0
1137260 1101.4
1137270 1107.0
1137280 1107.0
1137290 1110.6
1137300 1113.6
1137310 1113.6
1137320 1115.0
1137330 1116.3
1137340 1116.3
1137350 1118.1
1137360 1118.7
1137370 1118.7
1137380 1119.9
1137390 1120.0
1137400 1120.0
1137410 1124.5
1137420 1127.7
1137430 1133.6
1137440 1133.6
1137450 1136.9
1137460 1140.9
1137470 1140.9
1137480 1143.5
1137490 1145.6
1137500 1145.6
1137510 1146.1
1137520 1150.5
1137530 1150.5
1137540 1155.3
1137550 1158.7
1137560 1158.7
1137570 1161.1
1137580 1162.8
1137590 1162.8
1137600 1164.9
1137610 1165.5
1137620 1165.5
1137630 1167.0
1137640 1170.8
1137650 1170.8
1137660 1174.7
1137670 1176.8
1137680 1176.8
1137690 1178.7
1137700 1180.6
1137710 1181.7
1137720 1181.7
1137730 1183.7
1137740 1185.8
1137750 1185.8
1137760 1188.0
1137770 1189.8
1137780 1189.8
1137790 1191.5
1137800 1196.5
1137810 1196.5
1137820 1198.7
1137830 1201.7
1137840 1201.7
1137850 1204.4
1137860 1206.7
1137870 1206.7
1137880 1208.3
1137890 1210.1
1137900 1210.1
1137910 1213.3
1137920 1218.5
1137930 1218.5
1137940 1223.9
1137950 1227.1
1137960 1227.1
1137970 1230.1
1137980 1232.8
1137990 1232.8
1138000 1236.2
1138010 1240.3
1138020 1244.5
1138030 1244.5
1138040 1249.2
1138050 1253.9
1138060 1253.9
1138070 1257.7
1138080 1259.9
1138090 1259.9
1138100 1262.4
1138110 1266.2
1138120 1266.2
1138130 1269.5
1138140 1270.6
1138150 1270.6
1138160 1271.7
1138170 1274.1
1138180 1274.1
1138190 1274.4
1138200 1275.2
1138210 1275.2
1138220 1275.6
1138230 1275.8
1138240 1275.8
1138250 1275.8
1138260 1277.4
1138270 1277.4
1138280 1281.2
1138290 1287.0
1138300 1287.0
1138310 1292.0
1138320 1296.1
1138330 1300.8
1138340 1300.8
1138350 1303.9
1138360 1306.6
1138370 1306.6
1138380 1309.5
1138390 1312.4
1138400 1312.4
1138410 1314.6
1138420 1317.7
1138430 1317.7
1138440 1320.5
1138450 1322.0
1138460 1322.0
1138470 1322.9
1138480 1323.4
1138490 1323.4
1138500 1323.6
1138510 1324.1
1138520 1324.1
1138530 1326.3
1138540 1327.9
1138550 1327.9
1138560 1329.7
1138570 1331.1
1138580 1331.1
1138590 1332.4
1138600 1333.8
1138610 1333.8
1138620 1335.7
1138630 1337.4
1138640 1338.9
1138650 1338.9
1138660 1340.4
1138670 1341.8
1138680 1341.8
1138690 1342.8
1138700 1344.0
1138710 1344.0
1138720 1345.9
1138730 1347.1
1138740 1347.1
1138750 1348.0
1138760 1348.1
1138770 1348.1
1138780 1347.3
1138790 1348.6
1138800 1348.6
1138810 1349.6
1138820 1351.4
1138830 1351.4
1138840 1355.7
1138850 1361.4
1138860 1361.4
1138870 1366.4
1138880 1370.0
1138890 1370.0
1138900 1373.8
1138910 1376.0
1138920 1376.0
1138930 1378.8
1138940 1382.2
1138950 1385.3
1138960 1385.3
1138970 1389.0
1138980 1391.4
1138990 1391.4
1139000 1393.2
1139010 1396.3
1139020 1396.3
1139030 1399.4
1139040 1401.4
1139050 1401.4
1139060 1402.4
1139070 1403.7
1139080 1403.7
1139090 1406.0
1139100 1408.4
1139110 1408.4
1139120 1411.4
1139130 1414.2
1139140 1414.2
1139150 1417.3
1139160 1421.5
1139170 1421.5
1139180 1425.9
1139190 1430.6
1139200 1430.6
1139210 1435.5
1139220 1439.8
1139230 1443.4
1139240 1443.4
1139250 1445.0
1139260 1444.9
1139270 1446.1
1139280 1447.4
1139290 1450.4
1139300 1450.4
1139310 1453.4
1139320 1456.6
1139330 1456.6
1139340 1459.2
1139350 1461.3
1139360 1461.3
1139370 1462.7
1139380 1464.3
1139390 1464.3
1139400 1466.4
1139410 1468.7
1139420 1468.7
1139430 1470.4
1139440 1474.0
1139450 1474.0
1139460 1479.0
1139470 1483.2
1139480 1483.2
1139490 1486.7
1139500 1490.2
1139510 1490.2
1139520 1494.8
1139530 1498.7
1139540 1502.1
1139550 1502.1
1139560 1503.2
1139570 1506.3
1139580 1506.3
1139590 1507.1
1139600 1508.3
1139610 1508.3
1139620 1510.5
1139630 1511.4
1139640 1517.5
1139650 1519.3
1139660 1519.9
1139670 1519.9
1139680 1521.5
1139690 1523.9
1139700 1523.9
1139710 1527.9
1139720 1531.3
1139730 1531.3
1139740 1534.9
1139750 1538.1
1139760 1538.1
1139770 1542.7
1139780 1546.1
1139790 1546.1
