1120000 1348.7
1120010 1343.6
1120020 1343.6
1120030 1347.7
1120040 1349.8
1120050 1349.8
1120060 1350.0
1120070 1359.5
1120080 1361.3
1120090 1361.3
1120100 1361.5
1120110 1362.0
1120120 1362.0
1120130 1362.4
1120140 1363.2
1120150 1363.2
1120160 1362.6
1120170 1358.8
1120180 1358.8
1120190 1358.3
1120200 1359.0
1120210 1359.0
1120220 1358.9
1120230 1359.5
1120240 1359.5
1120250 1361.0
1120260 1363.0
1120270 1363.0
1120280 1363.0
1120290 1361.1
1120300 1361.1
1120310 1358.9
1120320 1362.0
1120330 1362.0
1120340 1366.0
1120350 1370.1
1120360 1370.1
1120370 1372.6
1120380 1373.0
1120390 1371.2
1120400 1371.2
1120410 1367.2
1120420 1363.6
1120430 1363.6
1120440 1355.9
1120450 1350.2
1120460 1350.2
1120470 1347.4
1120480 1345.8
1120490 1345.8
1120500 1343.8
1120510 1341.7
1120520 1341.7
1120530 1339.9
1120540 1338.4
1120550 1338.4
1120560 1337.0
1120570 1336.2
1120580 1336.2
1120590 1335.1
1120600 1333.9
1120610 1333.9
1120620 1333.4
1120630 1334.0
1120640 1334.0
1120650 1332.5
1120660 1337.2
1120670 1337.2
1120680 1342.8
1120690 1347.3
1120700 1351.2
1120710 1351.2
1120720 1356.2
1120730 1360.9
1120740 1360.9
1120750 1364.7
1120760 1367.8
1120770 1370.6
1120780 1374.1
1120790 1377.8
1120800 1377.8
1120810 1380.2
1120820 1380.3
1120830 1380.3
1120840 1381.9
1120850 1386.1
1120860 1386.1
1120870 1392.6
1120880 1398.5
1120890 1398.5
1120900 1402.1
1120910 1405.1
1120920 1405.1
1120930 1408.2
1120940 1411.4
1120950 1411.4
1120960 1415.1
1120970 1419.4
1120980 1419.4
1120990 1423.3
1121000 1426.7
1121010 1430.0
1121020 1430.0
1121030 1433.6
1121040 1437.7
1121050 1437.7
1121060 1442.6
1121070 1445.9
1121080 1445.9
1121090 1450.1
1121100 1453.1
1121110 1453.1
1121120 1461.4
1121130 1465.1
1121140 1465.1
1121150 1469.2
1121160 1472.6
1121170 1472.6
1121180 1476.5
1121190 1479.4
1121200 1479.4
1121210 1483.1
1121220 1486.9
1121230 1486.9
1121240 1490.2
1121250 1493.2
1121260 1493.2
1121270 1496.0
1121280 1498.4
1121290 1498.4
1121300 1500.6
1121310 1502.3
1121320 1503.6
1121330 1503.6
1121340 1505.7
1121350 1507.1
1121360 1507.1
1121370 1509.1
1121380 1510.7
1121390 1510.7
1121400 1513.4
1121410 1516.7
1121420 1516.7
1121430 1520.7
1121440 1523.6
1121450 1523.6
1121460 1523.8
1121470 1528.2
1121480 1528.2
1121490 1529.7
1121500 1528.1
1121510 1528.1
1121520 1527.9
1121530 1530.3
1121540 1530.3
1121550 1532.1
1121560 1534.3
1121570 1534.3
1121580 1537.5
1121590 1541.2
1121600 1544.6
1121610 1544.6
1121620 1547.7
1121630 1549.4
1121640 1549.4
1121650 1551.8
1121660 1554.1
1121670 1554.1
1121680 1556.5
1121690 1558.5
1121700 1558.5
1121710 1561.0
1121720 1563.2
1121730 1563.2
1121740 1565.5
1121750 1566.2
1121760 1566.2
1121770 1573.2
1121780 1577.1
1121790 1577.1
1121800 1578.4
1121810 1580.3
1121820 1583.6
1121830 1585.2
1121840 1587.1
1121850 1587.1
1121860 1588.7
1121870 1589.7
1121880 1589.7
1121890 1591.7
1121900 1593.4
1121910 1594.1
1121920 1594.1
1121930 1595.7
1121940 1596.6
1121950 1596.6
1121960 1596.8
1121970 1598.2
1121980 1598.2
1121990 1599.2
1122000 1601.1
1122010 1601.1
1122020 1603.3
1122030 1604.9
1122040 1604.9
1122050 1607.3
1122060 1610.2
1122070 1610.2
1122080 1613.0
1122090 1615.4
1122100 1615.4
1122110 1618.1
1122120 1621.1
1122130 1621.1
1122140 1623.9
1122150 1625.8
1122160 1625.8
1122170 1629.8
1122180 1630.2
1122190 1630.2
1122200 1631.2
1122210 1631.6
1122220 1632.1
1122230 1632.1
1122240 1633.4
1122250 1636.7
1122260 1636.7
1122270 1640.0
1122280 1642.5
1122290 1642.5
1122300 1644.3
1122310 1647.5
1122320 1647.5
1122330 1649.5
1122340 1653.3
1122350 1653.3
1122360 1655.3
1122370 1656.4
1122380 1656.4
1122390 1658.1
1122400 1659.6
1122410 1659.6
1122420 1660.4
1122430 1660.5
1122440 1660.5
1122450 1660.7
1122460 1661.7
1122470 1661.7
1122480 1662.9
1122490 1665.3
1122500 1665.3
1122510 1667.4
1122520 1669.0
1122530 1676.4
1122540 1676.4
1122550 1679.5
1122560 1680.5
1122570 1680.5
1122580 1682.3
1122590 1684.3
1122600 1684.3
1122610 1686.4
1122620 1685.6
1122630 1685.6
1122640 1678.8
1122650 1677.2
1122660 1677.2
1122670 1679.0
1122680 1682.2
1122690 1682.2
1122700 1684.4
1122710 1686.3
1122720 1686.3
1122730 1687.4
1122740 1687.9
1122750 1687.9
1122760 1685.0
1122770 1677.5
1122780 1677.5
1122790 1674.6
1122800 1673.4
1122810 1673.4
1122820 1671.2
1122830 1669.8
1122840 1668.9
1122850 1668.9
1122860 1667.4
1122870 1667.1
1122880 1674.9
1122890 1672.8
1122900 1669.9
1122910 1669.9
1122920 1666.8
1122930 1665.9
1122940 1665.9
1122950 1663.0
1122960 1659.8
1122970 1659.8
1122980 1654.5
1122990 1649.9
1123000 1649.9
1123010 1648.1
1123020 1649.6
1123030 1649.6
1123040 1649.6
1123050 1649.0
1123060 1649.0
1123070 1648.1
1123080 1647.2
1123090 1647.2
1123100 1648.9
1123110 1648.3
1123120 1648.4
1123130 1648.4
1123140 1647.6
1123150 1649.4
1123160 1649.4
1123170 1648.2
1123180 1647.7
1123190 1647.7
1123200 1649.9
1123210 1652.2
1123220 1652.2
1123230 1659.8
1123240 1658.7
1123250 1658.7
1123260 1659.1
1123270 1661.8
1123280 1661.8
1123290 1666.3
1123300 1669.9
1123310 1669.9
1123320 1672.9
1123330 1673.1
1123340 1673.1
1123350 1672.8
1123360 1672.9
1123370 1672.9
1123380 1673.6
1123390 1676.8
1123400 1676.8
1123410 1679.6
1123420 1685.3
1123430 1692.0
1123440 1692.0
1123450 1700.1
1123460 1707.6
1123470 1707.6
1123480 1714.3
1123490 1719.7
1123500 1719.7
1123510 1727.2
1123520 1733.7
1123530 1733.7
1123540 1739.4
1123550 1740.9
1123560 1740.9
1123570 1744.4
1123580 1754.9
1123590 1754.9
1123600 1764.8
1123610 1770.7
1123620 1770.7
1123630 1768.9
1123640 1767.8
1123650 1767.8
1123660 1768.2
1123670 1769.9
1123680 1769.9
1123690 1771.0
1123700 1771.5
1123710 1771.5
1123720 1771.2
1123730 1770.1
1123740 1771.1
1123750 1771.1
1123760 1769.2
1123770 1765.9
1123780 1765.9
1123790 1768.5
1123800 1772.1
1123810 1772.1
1123820 1773.6
1123830 1775.4
1123840 1775.4
1123850 1776.1
1123860 1777.9
1123870 1777.9
1123880 1781.4
1123890 1782.9
1123900 1782.9
1123910 1784.7
1123920 1785.2
1123930 1785.2
1123940 1789.4
1123950 1789.6
1123960 1789.6
1123970 1789.1
1123980 1786.8
1123990 1786.8
1124000 1785.2
1124010 1785.3
1124020 1785.3
1124030 1792.1
1124040 1793.6
1124050 1792.9
1124060 1792.9
1124070 1791.0
1124080 1790.9
1124090 1790.9
1124100 1790.8
1124110 1791.1
1124120 1791.1
1124130 1793.3
1124140 1793.5
1124150 1793.5
1124160 1793.4
1124170 1792.6
1124180 1792.6
1124190 1794.0
1124200 1797.1
1124210 1797.1
1124220 1798.0
1124230 1798.3
1124240 1798.3
1124250 1795.3
1124260 1793.6
1124270 1793.6
1124280 1792.5
1124290 1797.2
1124300 1797.2
1124310 1795.5
1124320 1794.0
1124330 1794.0
1124340 1793.9
1124350 1794.3
1124360 1793.8
1124370 1793.8
1124380 1794.7
1124390 1793.1
1124400 1793.1
1124410 1792.4
1124420 1791.3
1124430 1791.3
1124440 1789.7
1124450 1787.1
1124460 1787.1
1124470 1785.4
1124480 1785.2
1124490 1785.2
1124500 1784.0
1124510 1782.3
1124520 1782.3
1124530 1781.7
1124540 1781.3
1124550 1781.3
1124560 1780.7
1124570 1778.5
1124580 1778.5
1124590 1777.8
1124600 1780.1
1124610 1780.1
1124620 1780.9
1124630 1780.7
1124640 1779.7
1124650 1784.3
1124660 1783.1
1124670 1781.2
1124680 1781.2
1124690 1782.2
1124700 1787.5
1124710 1787.5
1124720 1790.9
1124730 1789.3
1124740 1789.3
1124750 1788.6
1124760 1787.2
1124770 1787.2
1124780 1785.5
1124790 1783.9
1124800 1783.9
1124810 1782.7
1124820 1781.6
1124830 1781.6
1124840 1779.6
1124850 1778.1
1124860 1778.1
1124870 1777.3
1124880 1774.9
1124890 1774.9
1124900 1773.2
1124910 1772.8
1124920 1772.8
1124930 1770.3
1124940 1769.8
1124950 1769.1
1124960 1769.1
1124970 1767.9
1124980 1766.6
1124990 1766.6
1125000 1770.4
1125010 1769.1
1125020 1769.1
1125030 1770.2
1125040 1772.2
1125050 1772.2
1125060 1774.6
1125070 1775.2
1125080 1775.2
1125090 1777.3
1125100 1777.8
1125110 1777.8
1125120 1776.9
1125130 1775.6
1125140 1775.6
1125150 1776.1
1125160 1774.0
1125170 1774.0
1125180 1776.1
1125190 1778.7
1125200 1778.7
1125210 1779.4
1125220 1781.5
1125230 1781.5
1125240 1785.5
1125250 1786.0
1125260 1788.3
1125270 1788.3
1125280 1793.9
1125290 1795.8
1125300 1795.8
1125310 1796.5
1125320 1796.4
1125330 1796.4
1125340 1797.2
1125350 1799.5
1125360 1801.7
1125370 1801.7
1125380 1803.3
1125390 1803.3
1125400 1805.1
1125410 1806.5
1125420 1806.5
1125430 1808.3
1125440 1812.5
1125450 1812.5
1125460 1816.2
1125470 1818.3
1125480 1818.3
1125490 1820.8
1125500 1822.9
1125510 1822.9
1125520 1824.6
1125530 1827.5
1125540 1827.5
1125550 1831.3
1125560 1833.2
1125570 1834.6
1125580 1834.6
1125590 1836.4
1125600 1837.3
1125610 1837.3
1125620 1838.0
1125630 1839.3
1125640 1839.3
1125650 1839.8
1125660 1839.2
1125670 1839.2
1125680 1838.3
1125690 1837.8
1125700 1837.8
1125710 1833.9
1125720 1834.2
1125730 1834.2
1125740 1834.4
1125750 1832.6
1125760 1832.6
1125770 1831.8
1125780 1832.6
1125790 1832.6
1125800 1832.5
1125810 1833.5
1125820 1833.5
1125830 1834.0
1125840 1833.0
1125850 1833.0
1125860 1831.6
1125870 1831.5
1125880 1833.1
1125890 1833.1
1125900 1835.2
1125910 1837.6
1125920 1837.6
1125930 1838.8
1125940 1839.3
1125950 1839.3
1125960 1838.9
1125970 1839.5
1125980 1839.5
1125990 1842.7
1126000 1844.8
1126010 1844.8
1126020 1847.5
1126030 1850.4
1126040 1850.4
1126050 1850.5
1126060 1850.1
1126070 1847.7
1126080 1849.2
1126090 1850.3
1126100 1850.3
1126110 1851.2
1126120 1851.6
1126130 1851.6
1126140 1850.0
1126150 1850.4
1126160 1850.7
1126170 1850.7
1126180 1852.6
1126190 1856.6
1126200 1856.6
1126210 1859.0
1126220 1863.4
1126230 1863.4
1126240 1864.8
1126250 1865.2
1126260 1865.2
1126270 1865.7
1126280 1866.6
1126290 1866.6
1126300 1871.4
1126310 1877.2
1126320 1877.2
1126330 1878.3
1126340 1880.2
1126350 1880.2
1126360 1884.6
1126370 1884.9
1126380 1884.9
1126390 1886.2
1126400 1886.8
1126410 1886.8
1126420 1879.0
1126430 1875.4
1126440 1875.4
1126450 1878.3
1126460 1881.0
1126470 1881.7
1126480 1881.7
1126490 1879.9
1126500 1879.3
1126510 1879.3
1126520 1878.9
1126530 1876.7
1126540 1876.7
1126550 1876.8
1126560 1874.6
1126570 1874.6
1126580 1874.3
1126590 1873.9
1126600 1873.9
1126610 1874.7
1126620 1874.5
1126630 1874.5
1126640 1871.2
1126650 1869.9
1126660 1869.9
1126670 1868.7
1126680 1868.8
1126690 1868.8
1126700 1869.1
1126710 1869.1
1126720 1869.1
1126730 1869.6
1126740 1870.2
1126750 1870.2
1126760 1871.5
1126770 1871.5
1126780 1869.7
1126790 1869.7
1126800 1866.5
1126810 1865.4
1126820 1865.4
1126830 1869.2
1126840 1873.4
1126850 1873.4
1126860 1875.3
1126870 1876.1
1126880 1876.1
1126890 1877.8
1126900 1877.6
1126910 1877.6
1126920 1879.1
1126930 1879.6
1126940 1879.6
1126950 1881.5
1126960 1882.6
1126970 1882.6
1126980 1883.9
1126990 1884.7
1127000 1884.7
1127010 1884.8
1127020 1885.3
1127030 1885.3
1127040 1884.4
1127050 1883.5
1127060 1883.5
1127070 1883.2
1127080 1877.0
1127090 1876.8
1127100 1876.8
1127110 1875.7
1127120 1878.1
1127130 1878.1
1127140 1879.9
1127150 1881.2
1127160 1881.2
1127170 1879.3
1127180 1878.3
1127190 1878.3
1127200 1879.8
1127210 1880.3
1127220 1880.3
1127230 1880.6
1127240 1878.4
1127250 1878.4
1127260 1877.8
1127270 1876.3
1127280 1876.3
1127290 1873.9
1127300 1874.0
1127310 1874.0
1127320 1874.1
1127330 1874.7
1127340 1874.7
1127350 1874.3
1127360 1872.2
1127370 1872.2
1127380 1871.0
1127390 1874.6
1127400 1876.6
1127410 1876.6
1127420 1875.4
1127430 1872.2
1127440 1872.2
1127450 1871.7
1127460 1871.2
1127470 1871.2
1127480 1870.4
1127490 1869.5
1127500 1869.5
1127510 1871.9
1127520 1870.9
1127530 1870.9
1127540 1870.9
1127550 1871.7
1127560 1871.7
1127570 1872.8
1127580 1869.7
1127590 1869.7
1127600 1867.6
1127610 1867.7
1127620 1867.7
1127630 1867.3
1127640 1865.4
1127650 1865.4
1127660 1866.0
1127670 1865.1
1127680 1864.7
1127690 1864.7
1127700 1866.6
1127710 1866.8
1127720 1866.8
1127730 1865.8
1127740 1865.5
1127750 1865.5
1127760 1864.6
1127770 1862.3
1127780 1862.3
1127790 1862.0
1127800 1861.2
1127810 1861.2
1127820 1860.4
1127830 1858.8
1127840 1858.8
1127850 1854.5
1127860 1853.7
1127870 1853.7
1127880 1851.5
1127890 1847.4
1127900 1847.4
1127910 1846.0
1127920 1849.3
1127930 1849.3
1127940 1848.1
1127950 1846.2
1127960 1846.2
1127970 1843.9
1127980 1842.8
1127990 1841.2
1128000 1841.2
1128010 1841.3
1128020 1842.0
1128030 1842.0
1128040 1841.8
1128050 1840.7
1128060 1840.7
1128070 1837.7
1128080 1835.1
1128090 1835.1
1128100 1833.1
1128110 1831.5
1128120 1831.5
1128130 1830.6
1128140 1824.5
1128150 1824.5
1128160 1819.8
1128170 1819.6
1128180 1819.6
1128190 1817.8
1128200 1819.5
1128210 1817.1
1128220 1817.2
1128230 1815.5
1128240 1815.5
1128250 1812.2
1128260 1810.5
1128270 1810.5
1128280 1810.4
1128290 1813.0
1128300 1814.1
1128310 1814.1
1128320 1813.7
1128330 1813.1
1128340 1813.1
1128350 1812.2
1128360 1809.9
1128370 1809.9
1128380 1807.2
1128390 1803.7
1128400 1803.7
1128410 1797.3
1128420 1796.1
1128430 1796.1
1128440 1796.3
1128450 1795.3
1128460 1795.3
1128470 1792.7
1128480 1789.5
1128490 1789.5
1128500 1787.8
1128510 1785.7
1128520 1785.7
1128530 1782.7
1128540 1779.6
1128550 1779.6
1128560 1778.3
1128570 1774.9
1128580 1774.9
1128590 1775.5
1128600 1775.6
1128610 1775.0
1128620 1775.0
1128630 1772.9
1128640 1772.0
1128650 1772.0
1128660 1770.0
1128670 1768.8
1128680 1768.8
1128690 1767.8
1128700 1766.7
1128710 1766.7
1128720 1765.6
1128730 1766.4
1128740 1766.4
1128750 1766.5
1128760 1765.3
1128770 1765.3
1128780 1763.5
1128790 1761.7
1128800 1761.7
1128810 1760.0
1128820 1763.6
1128830 1763.6
1128840 1767.4
1128850 1772.4
1128860 1772.4
1128870 1774.1
1128880 1772.5
1128890 1771.5
1128900 1771.5
1128910 1769.9
1128920 1768.7
1128930 1765.7
1128940 1765.2
1128950 1763.4
1128960 1763.4
1128970 1760.6
1128980 1761.8
1128990 1761.8
1129000 1761.6
1129010 1760.2
1129020 1760.2
1129030 1757.8
1129040 1750.6
1129050 1750.6
1129060 1749.9
1129070 1751.1
1129080 1751.1
1129090 1751.2
1129100 1748.9
1129110 1748.9
1129120 1747.9
1129130 1745.3
1129140 1745.3
1129150 1743.9
1129160 1741.3
1129170 1741.3
1129180 1739.0
1129190 1736.3
1129200 1733.3
1129210 1733.3
1129220 1730.7
1129230 1728.3
1129240 1728.3
1129250 1725.9
1129260 1723.5
1129270 1723.5
1129280 1719.2
1129290 1716.7
1129300 1716.7
1129310 1711.9
1129320 1712.2
1129330 1712.2
1129340 1710.6
1129350 1709.2
1129360 1709.2
1129370 1707.6
1129380 1704.4
1129390 1704.4
1129400 1702.3
1129410 1703.7
1129420 1703.7
1129430 1703.7
1129440 1701.4
1129450 1701.4
1129460 1698.8
1129470 1697.9
1129480 1697.9
1129490 1694.2
1129500 1691.5
1129510 1692.0
1129520 1692.0
1129530 1688.8
1129540 1685.9
1129550 1685.9
1129560 1686.9
1129570 1686.4
1129580 1686.4
1129590 1684.4
1129600 1682.7
1129610 1682.7
1129620 1680.1
1129630 1678.0
1129640 1675.2
1129650 1673.4
1129660 1670.8
1129670 1670.8
1129680 1669.7
1129690 1667.3
1129700 1667.3
1129710 1665.0
1129720 1662.7
1129730 1662.7
1129740 1659.9
1129750 1657.7
1129760 1657.7
1129770 1655.6
1129780 1651.8
1129790 1651.8
1129800 1650.4
1129810 1649.7
1129820 1647.6
1129830 1647.6
1129840 1644.4
1129850 1639.9
1129860 1639.9
1129870 1636.0
1129880 1632.0
1129890 1632.0
1129900 1629.9
1129910 1627.1
1129920 1627.1
1129930 1624.0
1129940 1621.3
1129950 1621.3
1129960 1618.4
1129970 1614.9
1129980 1614.9
1129990 1613.2
1130000 1609.0
1130010 1609.0
1130020 1606.9
1130030 1603.8
1130040 1603.8
1130050 1601.0
1130060 1597.8
1130070 1597.8
1130080 1594.3
1130090 1590.3
1130100 1590.3
1130110 1587.2
1130120 1584.2
1130130 1577.4
1130140 1577.4
1130150 1563.1
1130160 1551.7
1130170 1551.7
1130180 1543.4
1130190 1535.4
1130200 1535.4
1130210 1528.9
1130220 1522.8
1130230 1522.8
1130240 1517.2
1130250 1512.5
1130260 1512.5
1130270 1508.5
1130280 1504.1
1130290 1504.1
1130300 1500.1
1130310 1496.6
1130320 1496.6
1130330 1492.8
1130340 1488.5
1130350 1488.5
1130360 1485.9
1130370 1480.4
1130380 1480.4
1130390 1476.3
1130400 1471.5
1130410 1466.3
1130420 1466.3
1130430 1461.4
1130440 1456.8
1130450 1456.8
1130460 1453.3
1130470 1448.9
1130480 1448.9
1130490 1444.1
1130500 1439.8
1130510 1439.8
1130520 1435.3
1130530 1430.9
1130540 1430.9
1130550 1427.1
1130560 1424.0
1130570 1424.0
1130580 1420.1
1130590 1415.8
1130600 1415.8
1130610 1411.2
1130620 1406.9
1130630 1406.9
1130640 1401.8
1130650 1396.4
1130660 1396.4
1130670 1391.8
1130680 1390.3
1130690 1390.3
1130700 1390.3
1130710 1391.3
1130720 1391.1
1130730 1391.1
1130740 1389.4
1130750 1386.9
1130760 1386.9
1130770 1382.6
1130780 1377.7
1130790 1377.7
1130800 1372.5
1130810 1366.6
1130820 1366.6
1130830 1360.3
1130840 1354.5
1130850 1354.5
1130860 1349.2
1130870 1343.8
1130880 1343.8
1130890 1338.4
1130900 1333.5
1130910 1333.5
1130920 1329.6
1130930 1324.2
1130940 1324.2
1130950 1319.3
1130960 1315.4
1130970 1315.4
1130980 1311.6
1130990 1308.9
1131000 1308.9
1131610 1188.7
1131620 1188.7
1131630 1188.3
1131640 1187.8
1131650 1187.5
1131660 1187.5
1131670 1187.7
1131680 1188.1
1131690 1188.1
1131700 1189.6
1131710 1191.2
1131720 1191.2
1131730 1192.4
1131740 1193.3
1131750 1193.3
1131760 1194.8
1131770 1196.7
1131780 1196.7
1131790 1197.3
1131800 1197.6
1131810 1193.9
1131820 1193.1
1131830 1194.4
1131840 1194.4
1131850 1195.8
1131860 1196.5
1131870 1196.5
1131880 1196.5
1131890 1198.3
1131900 1198.3
1131910 1200.7
1131920 1202.6
1131930 1204.1
1131940 1204.1
1131950 1204.7
1131960 1205.0
1131970 1205.0
1131980 1204.6
1131990 1202.7
1132000 1202.7
1132010 1201.6
1132020 1201.3
1132030 1201.3
1132040 1200.8
1132050 1200.4
1132060 1200.4
1132070 1201.3
1132080 1203.7
1132090 1203.7
1132100 1207.3
1132110 1210.7
1132120 1210.7
1132130 1214.4
1132140 1217.9
1132150 1217.9
1132160 1220.3
1132170 1215.8
1132180 1215.8
1132190 1216.9
1132200 1217.8
1132210 1217.8
1132220 1217.6
1132230 1217.7
1132240 1218.6
1132250 1218.6
1132260 1221.1
1132270 1221.5
1132280 1221.5
1132290 1219.2
1132300 1218.6
1132310 1218.6
1132320 1219.8
1132330 1222.1
1132340 1222.1
1132350 1224.6
1132360 1227.0
1132370 1227.0
1132380 1228.8
1132390 1230.5
1132400 1230.5
1132410 1232.9
1132420 1234.4
1132430 1234.4
1132440 1235.5
1132450 1237.5
1132460 1237.5
1132470 1238.9
1132480 1239.6
1132490 1239.6
1132500 1240.6
1132510 1242.8
1132520 1242.8
1132530 1238.1
1132540 1238.3
1132550 1239.8
1132560 1239.8
1132570 1241.3
1132580 1242.0
1132590 1242.0
1132600 1242.2
1132610 1243.0
1132620 1243.0
1132630 1243.6
1132640 1243.9
1132650 1243.9
1132660 1243.6
1132670 1244.3
1132680 1244.3
1132690 1246.2
1132700 1247.1
1132710 1247.1
1132720 1248.3
1132730 1249.5
1132740 1249.5
1132750 1250.9
1132760 1252.4
1132770 1252.4
1132780 1253.3
1132790 1252.6
1132800 1252.6
1132810 1250.9
1132820 1252.4
1132830 1252.4
1132840 1253.3
1132850 1253.3
1132860 1255.4
1132870 1255.4
1132880 1256.6
1132890 1249.8
1132900 1249.8
1132910 1251.8
1132920 1253.9
1132930 1253.9
1132940 1256.2
1132950 1258.6
1132960 1258.6
1132970 1260.0
1132980 1261.4
1132990 1261.4
1133000 1261.6
1133010 1259.7
1133020 1259.7
1133030 1261.1
1133040 1263.2
1133050 1263.2
1133060 1265.0
1133070 1267.2
1133080 1267.2
1133090 1268.7
1133100 1270.5
1133110 1270.5
1133120 1270.5
1133130 1268.1
1133140 1267.1
1133150 1267.1
1133160 1269.3
1133170 1270.4
1133180 1270.4
1133190 1271.4
1133200 1273.2
1133210 1273.2
1133220 1273.9
1133230 1272.6
1133240 1272.6
1133250 1271.6
1133260 1272.4
1133270 1272.4
1133280 1272.9
1133290 1272.4
1133300 1272.4
1133310 1270.6
1133320 1268.0
1133330 1268.0
1133340 1267.0
1133350 1268.3
1133360 1268.3
1133370 1269.3
1133380 1270.5
1133390 1270.5
1133400 1269.3
1133410 1268.2
1133420 1268.2
1133430 1271.2
1133440 1273.1
1133450 1274.4
1133460 1274.4
1133470 1274.3
1133480 1273.9
1133490 1273.9
1133500 1274.3
1133510 1274.6
1133520 1274.6
1133530 1274.7
1133540 1274.8
1133550 1274.8
1133560 1274.8
1133570 1275.1
1133580 1275.1
1133590 1275.3
1133600 1275.1
1133610 1275.1
1133620 1268.6
1133630 1266.9
1133640 1266.9
1133650 1265.0
1133660 1264.6
1133670 1264.6
1133680 1264.5
1133690 1263.0
1133700 1263.0
1133710 1261.7
1133720 1259.2
1133730 1259.2
1133740 1250.8
1133750 1242.0
1133760 1236.6
1133770 1236.6
1133780 1233.1
1133790 1229.4
1133800 1229.4
1133810 1226.6
1133820 1223.7
1133830 1223.7
1133840 1220.9
1133850 1216.8
1133860 1216.8
1133870 1211.6
1133880 1206.4
1133890 1206.4
1133900 1202.5
1133910 1199.5
1133920 1199.5
1133930 1196.3
1133940 1193.7
1133950 1193.7
1133960 1191.2
1133970 1189.1
1133980 1188.9
1133990 1187.3
1134000 1187.4
1134010 1187.4
1134020 1185.8
1134030 1183.2
1134040 1183.2
1134050 1180.9
1134060 1177.7
1134070 1171.5
1134080 1171.5
1134090 1164.9
1134100 1162.3
1134110 1162.3
1134120 1159.6
1134130 1153.0
1134140 1153.0
1134150 1143.3
1134160 1134.8
1134170 1134.8
1134180 1127.0
1134190 1119.9
1134200 1119.9
1134210 1113.3
1134220 1107.6
1134230 1107.6
1134240 1102.1
1134250 1097.4
1134260 1097.4
1134270 1092.7
1134280 1088.7
1134290 1088.7
1134300 1085.0
1134310 1081.1
1134320 1081.1
1134330 1077.6
1134340 1074.3
1134350 1072.4
1134360 1072.4
1134370 1070.7
1134380 1069.2
1134390 1069.2
1134400 1068.3
1134410 1066.0
1134420 1066.0
1134430 1063.2
1134440 1062.2
1134450 1062.2
1134460 1061.2
1134470 1059.0
1134480 1059.0
1134490 1056.9
1134500 1055.7
1134510 1055.7
1134520 1056.4
1134530 1058.7
1134540 1058.7
1134550 1059.4
1134560 1056.8
1134570 1056.8
1134580 1050.1
1134590 1055.7
1134600 1055.7
1134610 1048.3
1134620 1036.6
1134630 1036.6
1134640 1032.0
1134650 1030.6
1134660 1029.6
1134670 1029.6
1134680 1029.9
1134690 1029.3
1134700 1029.3
1134710 1026.8
1134720 1025.3
1134730 1025.3
1134740 1023.9
1134750 1023.0
1134760 1023.0
1134770 1020.9
1134780 1020.0
1134790 1020.0
1134800 1018.4
1134810 1017.2
1134820 1017.2
1134830 1016.0
1134840 1015.1
1134850 1015.1
1134860 1014.0
1134870 1013.1
1134880 1013.1
1134890 1011.8
1134900 1010.4
1134910 1010.4
1134920 1009.3
1134930 1008.3
1134940 1008.3
1134950 1007.5
1134960 1005.8
1134970 1004.2
1134980 1004.2
1134990 1002.9
1135000 1002.2
1135010 1002.2
1135020 1005.6
1135030 1009.8
1135040 1009.8
1135050 1017.6
1135060 1025.8
1135070 1025.8
1135080 1016.3
1135090 1026.0
1135100 1026.0
1135110 1027.7
1135120 1028.8
1135130 1028.8
1135140 1032.6
1135150 1035.6
1135160 1035.6
1135170 1039.0
1135180 1042.5
1135190 1042.5
1135200 1047.3
1135210 1047.5
1135220 1047.5
1135230 1051.3
1135240 1055.7
1135250 1055.7
1135260 1054.8
1135270 1054.5
1135280 1054.7
1135290 1054.7
1135300 1053.8
1135310 1051.2
1135320 1051.2
1135330 1044.8
1135340 1039.7
1135350 1039.7
1135360 1035.4
1135370 1031.0
1135380 1031.0
1135390 1025.4
1135400 1020.1
1135410 1020.1
1135420 1014.4
1135430 1008.6
1135440 1003.5
1135450 1000.0
1135460 994.7
1135470 994.7
1135480 987.1
1135490 980.5
1135500 980.5
1135510 975.7
1135520 970.8
1135530 970.8
1135540 964.9
1135550 960.7
1135560 960.7
1135570 960.3
1135580 959.9
1135590 955.6
1135600 955.6
1135610 955.0
1135620 959.0
1135630 959.0
1135640 967.7
1135650 974.7
1135660 974.7
1135670 980.9
1135680 986.8
1135690 986.8
1135700 991.5
1135710 996.6
1135720 996.6
1135730 1002.2
1135740 1007.3
1135750 1007.3
1135760 1013.1
1135770 1016.5
1135780 1016.5
1135790 1018.5
1135800 1021.1
1135810 1021.0
1135820 1022.0
1135830 1022.7
1135840 1022.7
1135850 1023.6
1135860 1026.3
1135870 1030.2
1135880 1030.2
1135890 1033.6
1135900 1036.3
1135910 1036.3
1135920 1037.2
1135930 1038.0
1135940 1038.0
1135950 1038.4
1135960 1038.6
1135970 1038.6
1135980 1039.0
1135990 1039.1
1136000 1039.1
1136010 1039.6
1136020 1040.0
1136030 1040.0
1136040 1041.0
1136050 1043.9
1136060 1043.9
1136070 1047.1
1136080 1046.0
1136090 1046.0
1136100 1045.4
1136110 1048.1
1136120 1048.1
1136130 1050.8
1136140 1053.4
1136150 1053.4
1136160 1053.7
1136170 1054.7
1136180 1055.3
1136190 1055.3
1136200 1057.3
1136210 1059.8
1136220 1059.8
1136230 1062.8
1136240 1064.9
1136250 1064.9
1136260 1065.9
1136270 1068.3
1136280 1068.3
1136290 1070.0
1136300 1073.2
1136310 1073.2
1136320 1077.2
1136330 1080.8
1136340 1080.8
1136350 1083.8
1136360 1088.3
1136370 1088.3
1136380 1094.7
1136390 1098.9
1136400 1098.9
1136410 1101.4
1136420 1103.4
1136430 1103.4
1136440 1106.0
1136450 1109.2
1136460 1109.2
1136470 1110.5
1136480 1111.7
1136490 1111.8
1136500 1111.8
1136510 1112.8
1136520 1113.4
1136530 1113.4
1136540 1117.2
1136550 1117.3
1136560 1117.3
1136570 1118.2
1136580 1118.6
1136590 1118.6
1136600 1118.5
1136610 1118.4
1136620 1118.4
1136630 1118.2
1136640 1118.7
1136650 1118.7
1136660 1118.4
1136670 1118.2
1136680 1118.2
1136690 1119.0
1136700 1119.4
1136710 1119.4
1136720 1120.9
1136730 1123.8
1136740 1123.8
1136750 1125.3
1136760 1127.1
1136770 1127.1
1136780 1129.7
1136790 1131.3
1136800 1134.8
1136810 1134.8
1136820 1137.2
1136830 1139.2
1136840 1139.2
1136850 1141.5
1136860 1143.5
1136870 1143.5
1136880 1145.1
1136890 1145.8
1136900 1145.8
1136910 1149.8
1136920 1151.7
1136930 1151.7
1136940 1153.4
1136950 1154.9
1136960 1154.9
1136970 1157.1
1136980 1159.4
1136990 1159.4
1137000 1157.7
1137010 1161.8
1137020 1161.8
1137030 1163.0
1137040 1163.1
1137050 1163.1
1137060 1161.4
1137070 1161.0
1137080 1161.1
1137090 1161.1
1137100 1160.9
1137110 1158.1
1137120 1158.1
1137130 1162.2
1137140 1164.4
1137150 1164.4
1137160 1167.3
1137170 1172.1
1137180 1172.1
1137190 1175.1
1137200 1177.9
1137210 1177.9
1137220 1181.1
1137230 1182.6
1137240 1182.6
1137250 1181.5
1137260 1179.3
1137270 1185.8
1137280 1184.8
1137290 1187.2
1137300 1187.2
1137310 1193.3
1137320 1198.2
1137330 1198.2
1137340 1201.5
1137350 1204.2
1137360 1204.2
1137370 1207.7
1137380 1212.2
1137390 1215.0
1137400 1215.0
1137410 1217.8
1137420 1221.0
1137430 1221.0
1137440 1223.5
1137450 1225.7
1137460 1225.7
1137470 1229.1
1137480 1233.3
1137490 1233.3
1137500 1236.0
1137510 1237.6
1137520 1237.6
1137530 1239.2
1137540 1242.0
1137550 1242.0
1137560 1245.8
1137570 1247.7
1137580 1247.7
1137590 1249.1
1137600 1250.8
1137610 1250.8
1137620 1254.4
1137630 1257.7
1137640 1259.2
1137650 1262.7
1137660 1265.2
1137670 1265.2
1137680 1268.9
1137690 1271.9
1137700 1274.0
1137710 1274.0
1137720 1275.9
1137730 1277.5
1137740 1277.5
1137750 1279.8
1137760 1282.6
1137770 1282.6
1137780 1286.2
1137790 1289.5
1137800 1289.5
1137810 1291.5
1137820 1294.1
1137830 1294.1
1137840 1297.1
1137850 1299.2
1137860 1299.2
1137870 1299.7
1137880 1301.2
1137890 1301.2
1137900 1304.4
1137910 1307.8
1137920 1307.8
1137930 1311.0
1137940 1315.6
1137950 1315.6
1137960 1321.5
1137970 1326.7
1137980 1326.7
1137990 1330.4
1138000 1333.9
1138010 1338.4
1138020 1338.4
1138030 1340.6
1138040 1341.6
1138050 1341.6
1138060 1342.7
1138070 1344.4
1138080 1344.4
1138090 1345.2
1138100 1346.6
1138110 1346.6
1138120 1348.2
1138130 1350.8
1138140 1350.8
1138150 1355.5
1138160 1359.8
1138170 1359.8
1138180 1363.4
1138190 1365.9
1138200 1365.9
1138210 1368.1
1138220 1371.0
1138230 1371.0
1138240 1374.0
1138250 1376.3
1138260 1376.3
1138270 1376.3
1138280 1375.5
1138290 1375.8
1138300 1375.8
1138310 1377.3
1138320 1379.2
1138330 1379.2
1138340 1381.2
1138350 1382.9
1138360 1382.9
1138370 1383.9
1138380 1387.4
1138390 1387.4
1138400 1387.1
1138410 1385.8
1138420 1385.8
1138430 1384.5
1138440 1383.5
1138450 1383.5
1138460 1381.2
1138470 1377.7
1138480 1377.7
1138490 1375.1
1138500 1374.7
1138510 1374.7
1138520 1374.5
1138530 1374.4
1138540 1374.4
1138550 1374.4
1138560 1375.0
1138570 1375.0
1138580 1377.0
1138590 1379.5
1138600 1382.0
1138610 1382.0
1138620 1384.3
1138630 1386.6
1138640 1386.6
1138650 1389.0
1138660 1391.3
1138670 1391.3
1138680 1393.6
1138690 1396.0
1138700 1396.0
1138710 1398.7
1138720 1402.2
1138730 1402.2
1138740 1406.3
1138750 1413.6
1138760 1413.6
1138770 1418.2
1138780 1422.6
1138790 1422.6
1138800 1426.6
1138810 1430.6
1138820 1430.6
1138830 1435.0
1138840 1439.3
1138850 1439.3
1138860 1443.8
1138870 1449.0
1138880 1449.0
1138890 1454.8
1138900 1459.6
1138910 1463.4
1138920 1463.4
1138930 1467.0
1138940 1470.8
1138950 1470.8
1138960 1473.8
1138970 1476.7
1138980 1476.7
1138990 1480.0
1139000 1483.8
1139010 1483.8
1139020 1488.0
1139030 1493.4
1139040 1493.4
1139050 1498.1
1139060 1501.6
1139070 1501.6
1139080 1505.2
1139090 1509.7
1139100 1509.7
1139110 1519.6
1139120 1523.4
1139130 1523.4
1139140 1526.7
1139150 1530.4
1139160 1530.4
1139170 1535.7
1139180 1541.7
1139190 1541.7
1139200 1549.4
1139210 1558.0
1139220 1567.2
1139230 1567.2
1139240 1576.9
1139250 1579.9
1139260 1579.9
1139270 1580.4
1139280 1584.0
1139290 1584.0
1139300 1588.7
1139310 1592.3
1139320 1592.3
1139330 1598.7
1139340 1605.6
1139350 1605.6
1139360 1612.8
1139370 1620.6
1139380 1620.6
1139390 1627.6
1139400 1633.5
1139410 1633.5
1139420 1639.6
1139430 1648.1
1139440 1648.1
1139450 1657.4
1139460 1665.9
1139470 1665.9
1139480 1681.7
1139490 1690.2
1139500 1700.3
1139510 1700.3
1139520 1706.7
1139530 1706.5
1139540 1706.5
1139550 1704.5
1139560 1702.0
1139570 1702.0
1139580 1700.4
1139590 1699.3
1139600 1699.3
1139610 1698.0
1139620 1697.0
1139630 1697.0
1139640 1696.0
1139650 1693.5
1139660 1693.5
1139670 1689.8
1139680 1685.6
1139690 1685.6
1139700 1680.5
1139710 1675.3
1139720 1675.3
1139730 1670.2
1139740 1665.1
1139750 1665.1
1139760 1660.5
1139770 1655.7
1139780 1655.7
1139790 1651.1
1139800 1646.9
1139810 1643.3
1139820 1643.3
1139830 1640.1
