1120000 1380.4
1120010 1379.5
1120020 1379.5
1120030 1378.8
1120040 1379.2
1120050 1379.2
1120060 1381.9
1120070 1383.3
1120080 1383.3
1120090 1384.8
1120100 1384.9
1120110 1384.9
1120120 1383.7
1120130 1380.6
1120140 1380.6
1120150 1379.5
1120160 1380.0
1120170 1380.0
1120180 1381.5
1120190 1383.9
1120200 1383.9
1120210 1383.7
1120220 1382.0
1120230 1380.6
1120240 1380.6
1120250 1381.8
1120260 1383.0
1120270 1383.0
1120280 1385.0
1120290 1395.5
1120300 1395.5
1120310 1395.3
1120320 1394.1
1120330 1394.1
1120340 1394.1
1120350 1392.8
1120360 1392.8
1120370 1396.7
1120380 1400.0
1120390 1400.0
1120400 1399.3
1120410 1395.1
1120420 1395.1
1120430 1382.5
1120440 1373.2
1120450 1373.2
1120460 1368.5
1120470 1365.4
1120480 1365.4
1120490 1363.2
1120500 1361.0
1120510 1361.0
1120520 1359.2
1120530 1358.3
1120540 1356.4
1120550 1356.4
1120560 1353.9
1120570 1352.6
1120580 1352.6
1120590 1350.6
1120600 1348.2
1120610 1348.2
1120620 1346.9
1120630 1345.4
1120640 1349.1
1120650 1346.6
1120660 1341.5
1120670 1341.5
1120680 1340.4
1120690 1341.7
1120700 1341.7
1120710 1344.3
1120720 1351.3
1120730 1351.3
1120740 1356.5
1120750 1360.4
1120760 1360.4
1120770 1365.0
1120780 1370.7
1120790 1370.7
1120800 1376.1
1120810 1382.2
1120820 1388.5
1120830 1388.5
1120840 1394.0
1120850 1398.7
1120860 1398.7
1120870 1402.6
1120880 1406.2
1120890 1406.2
1120900 1410.0
1120910 1415.4
1120920 1415.4
1120930 1420.2
1120940 1424.3
1120950 1424.3
1120960 1427.8
1120970 1431.5
1120980 1431.5
1120990 1441.6
1121000 1445.6
1121010 1445.6
1121020 1449.4
1121030 1453.2
1121040 1453.2
1121050 1457.4
1121060 1460.7
1121070 1460.7
1121080 1464.3
1121090 1467.1
1121100 1467.1
1121110 1471.8
1121120 1475.0
1121130 1478.2
1121140 1478.2
1121150 1483.2
1121160 1489.0
1121170 1489.0
1121180 1493.9
1121190 1498.8
1121200 1498.8
1121210 1503.4
1121220 1507.4
1121230 1507.4
1121240 1511.1
1121250 1514.3
1121260 1514.3
1121270 1517.8
1121280 1522.4
1121290 1522.4
1121300 1524.6
1121310 1526.8
1121320 1526.8
1121330 1527.7
1121340 1537.9
1121350 1537.9
1121360 1538.6
1121370 1540.0
1121380 1540.0
1121390 1541.9
1121400 1544.8
1121410 1544.8
1121420 1545.3
1121430 1544.8
1121440 1544.2
1121450 1544.2
1121460 1540.8
1121470 1538.5
1121480 1538.5
1121490 1536.9
1121500 1537.9
1121510 1537.9
1121520 1538.4
1121530 1539.9
1121540 1539.9
1121550 1542.1
1121560 1545.1
1121570 1545.1
1121580 1547.9
1121590 1550.6
1121600 1550.6
1121610 1553.6
1121620 1556.8
1121630 1556.8
1121640 1558.3
1121650 1560.3
1121660 1560.3
1121670 1564.1
1121680 1566.1
1121690 1569.2
1121700 1568.9
1121710 1566.6
1121720 1566.6
1121730 1568.2
1121740 1571.5
1121750 1573.6
1121760 1573.6
1121770 1577.3
1121780 1584.0
1121790 1584.0
1121800 1590.5
1121810 1593.0
1121820 1593.0
1121830 1594.8
1121840 1597.0
1121850 1597.0
1121860 1598.4
1121870 1599.5
1121880 1599.5
1121890 1601.2
1121900 1603.3
1121910 1603.3
1121920 1604.4
1121930 1605.4
1121940 1605.4
1121950 1607.5
1121960 1608.9
1121970 1608.9
1121980 1610.3
1121990 1611.9
1122000 1611.9
1122010 1612.7
1122020 1614.2
1122030 1614.2
1122040 1620.4
1122050 1622.8
1122060 1624.6
1122070 1624.6
1122080 1626.6
1122090 1628.9
1122100 1628.9
1122110 1630.9
1122120 1632.4
1122130 1632.4
1122140 1633.3
1122150 1633.7
1122160 1633.7
1122170 1635.6
1122180 1638.2
1122190 1638.2
1122200 1639.4
1122210 1641.4
1122220 1641.4
1122230 1642.7
1122240 1644.0
1122250 1644.0
1122260 1645.0
1122270 1647.3
1122280 1647.3
1122290 1650.1
1122300 1652.1
1122310 1652.1
1122320 1655.6
1122330 1659.9
1122340 1663.5
1122350 1663.5
1122360 1665.8
1122370 1667.9
1122380 1667.9
1122390 1674.4
1122400 1676.3
1122410 1676.3
1122420 1677.1
1122430 1678.9
1122440 1678.9
1122450 1681.0
1122460 1682.6
1122470 1682.6
1122480 1684.5
1122490 1686.0
1122500 1686.0
1122510 1687.5
1122520 1688.5
1122530 1688.5
1122540 1690.7
1122550 1689.5
1122560 1689.5
1122570 1688.9
1122580 1687.4
1122590 1687.4
1122600 1683.3
1122610 1678.7
1122620 1678.7
1122630 1678.2
1122640 1679.3
1122650 1680.9
1122660 1680.9
1122670 1683.4
1122680 1685.7
1122690 1685.7
1122700 1688.4
1122710 1690.6
1122720 1690.6
1122730 1693.4
1122740 1695.2
1122750 1697.6
1122760 1701.2
1122770 1704.8
1122780 1704.8
1122790 1708.9
1122800 1710.1
1122810 1710.1
1122820 1705.3
1122830 1700.9
1122840 1700.9
1122850 1699.0
1122860 1698.0
1122870 1698.0
1122880 1693.7
1122890 1691.7
1122900 1691.7
1122910 1689.2
1122920 1687.1
1122930 1687.1
1122940 1686.1
1122950 1684.1
1122960 1680.2
1122970 1680.2
1122980 1676.0
1122990 1671.2
1123000 1671.2
1123010 1672.5
1123020 1673.2
1123030 1673.2
1123040 1672.2
1123050 1670.4
1123060 1670.4
1123070 1668.8
1123080 1667.5
1123090 1667.5
1123100 1675.1
1123110 1675.3
1123120 1675.3
1123130 1675.1
1123140 1674.8
1123150 1674.8
1123160 1676.5
1123170 1676.7
1123180 1676.7
1123190 1675.1
1123200 1675.6
1123210 1675.6
1123220 1676.7
1123230 1677.1
1123240 1677.1
1123250 1679.2
1123260 1681.5
1123270 1683.4
1123280 1683.4
1123290 1683.4
1123300 1683.8
1123310 1683.8
1123320 1684.8
1123330 1687.0
1123340 1687.0
1123350 1688.3
1123360 1689.0
1123370 1689.0
1123380 1688.9
1123390 1688.5
1123400 1688.5
1123410 1689.7
1123420 1694.9
1123430 1694.9
1123440 1701.4
1123450 1709.1
1123460 1709.1
1123470 1715.0
1123480 1722.0
1123490 1722.0
1123500 1730.2
1123510 1736.8
1123520 1736.8
1123530 1741.7
1123540 1746.4
1123550 1753.5
1123560 1753.5
1123570 1760.6
1123580 1777.2
1123590 1777.2
1123600 1779.3
1123610 1782.9
1123620 1782.9
1123630 1784.6
1123640 1783.3
1123650 1783.3
1123660 1780.4
1123670 1778.2
1123680 1778.2
1123690 1781.3
1123700 1783.0
1123710 1783.0
1123720 1782.7
1123730 1780.8
1123740 1780.8
1123750 1780.3
1123760 1779.9
1123770 1779.9
1123780 1782.3
1123790 1783.4
1123800 1788.3
1123810 1787.9
1123820 1790.0
1123830 1790.0
1123840 1792.3
1123850 1791.8
1123860 1789.9
1123870 1789.9
1123880 1791.1
1123890 1794.4
1123900 1794.4
1123910 1797.4
1123920 1800.4
1123930 1800.4
1123940 1800.1
1123950 1799.5
1123960 1799.5
1123970 1798.5
1123980 1797.9
1123990 1797.9
1124000 1798.2
1124010 1797.4
1124020 1797.4
1124030 1796.3
1124040 1796.1
1124050 1796.1
1124060 1795.8
1124070 1795.7
1124080 1795.7
1124090 1797.7
1124100 1798.0
1124110 1798.0
1124120 1796.6
1124130 1796.8
1124140 1796.8
1124150 1798.2
1124160 1800.9
1124170 1799.7
1124180 1799.7
1124190 1797.6
1124200 1800.2
1124210 1800.2
1124220 1804.4
1124230 1806.0
1124240 1806.0
1124250 1807.2
1124260 1804.7
1124270 1804.7
1124280 1803.8
1124290 1802.5
1124300 1802.5
1124310 1801.1
1124320 1801.6
1124330 1801.6
1124340 1803.2
1124350 1804.0
1124360 1804.0
1124370 1802.5
1124380 1802.1
1124390 1802.1
1124400 1802.5
1124410 1801.2
1124420 1801.2
1124430 1800.1
1124440 1798.2
1124450 1798.2
1124460 1797.1
1124470 1796.2
1124480 1794.7
1124490 1794.7
1124500 1790.1
1124510 1790.5
1124520 1790.5
1124530 1793.7
1124540 1794.8
1124550 1794.8
1124560 1795.0
1124570 1794.5
1124580 1794.5
1124590 1793.9
1124600 1792.8
1124610 1792.8
1124620 1793.6
1124630 1795.1
1124640 1795.1
1124650 1794.7
1124660 1794.2
1124670 1794.2
1124680 1792.2
1124690 1795.3
1124700 1795.3
1124710 1799.6
1124720 1799.9
1124730 1799.9
1124740 1798.4
1124750 1796.0
1124760 1796.0
1124770 1793.8
1124780 1792.8
1124790 1789.7
1124800 1789.7
1124810 1783.2
1124820 1784.5
1124830 1784.5
1124840 1784.7
1124850 1783.3
1124860 1783.3
1124870 1782.5
1124880 1780.1
1124890 1780.1
1124900 1777.0
1124910 1773.7
1124920 1773.7
1124930 1773.8
1124940 1777.2
1124950 1777.2
1124960 1778.3
1124970 1777.4
1124980 1777.4
1124990 1775.9
1125000 1775.9
1125010 1775.9
1125020 1780.1
1125030 1781.1
1125040 1781.1
1125050 1780.2
1125060 1777.1
1125070 1779.0
1125080 1779.0
1125090 1783.8
1125100 1784.7
1125110 1784.7
1125120 1785.2
1125130 1783.7
1125140 1783.7
1125150 1781.9
1125160 1784.7
1125170 1784.7
1125180 1786.3
1125190 1785.4
1125200 1785.4
1125210 1786.0
1125220 1791.3
1125230 1791.3
1125240 1791.1
1125250 1791.9
1125260 1791.9
1125270 1795.6
1125280 1800.8
1125290 1800.8
1125300 1802.9
1125310 1803.6
1125320 1803.6
1125330 1806.8
1125340 1810.2
1125350 1810.2
1125360 1811.6
1125370 1812.0
1125380 1812.6
1125390 1812.6
1125400 1813.8
1125410 1814.1
1125420 1814.1
1125430 1815.8
1125440 1819.3
1125450 1819.3
1125460 1820.4
1125470 1822.7
1125480 1822.7
1125490 1825.2
1125500 1826.2
1125510 1826.2
1125520 1828.9
1125530 1830.8
1125540 1830.8
1125550 1832.6
1125560 1834.0
1125570 1834.0
1125580 1836.5
1125590 1836.9
1125600 1836.9
1125610 1835.0
1125620 1833.9
1125630 1833.9
1125640 1832.6
1125650 1832.5
1125660 1832.5
1125670 1831.9
1125680 1830.0
1125690 1828.4
1125700 1828.4
1125710 1825.8
1125720 1824.4
1125730 1824.4
1125740 1823.1
1125750 1822.2
1125760 1822.2
1125770 1821.0
1125780 1823.0
1125790 1823.0
1125800 1824.3
1125810 1826.2
1125820 1826.2
1125830 1827.6
1125840 1827.4
1125850 1827.4
1125860 1827.5
1125870 1828.9
1125880 1828.9
1125890 1831.2
1125900 1831.2
1125910 1831.2
1125920 1830.9
1125930 1828.7
1125940 1828.7
1125950 1830.7
1125960 1832.7
1125970 1832.7
1125980 1833.7
1125990 1834.7
1126000 1835.8
1126010 1835.8
1126020 1837.3
1126030 1837.6
1126040 1837.6
1126050 1838.1
1126060 1839.7
1126070 1839.7
1126080 1841.1
1126090 1842.4
1126100 1842.4
1126110 1843.5
1126120 1844.0
1126130 1844.0
1126140 1844.3
1126150 1845.3
1126160 1845.3
1126170 1846.3
1126180 1847.1
1126190 1847.1
1126200 1847.6
1126210 1847.5
1126220 1847.5
1126230 1843.9
1126240 1845.7
1126250 1845.7
1126260 1848.2
1126270 1850.7
1126280 1850.7
1126290 1847.9
1126300 1856.7
1126310 1859.6
1126320 1859.6
1126330 1863.6
1126340 1863.7
1126350 1863.7
1126360 1865.5
1126370 1868.9
1126380 1868.9
1126390 1868.3
1126400 1869.5
1126410 1869.5
1126420 1868.5
1126430 1865.9
1126440 1865.9
1126450 1868.5
1126460 1869.5
1126470 1869.5
1126480 1870.8
1126490 1870.4
1126500 1870.4
1126510 1870.6
1126520 1869.8
1126530 1869.8
1126540 1869.1
1126550 1872.9
1126560 1872.9
1126570 1870.7
1126580 1864.8
1126590 1862.9
1126600 1862.9
1126610 1863.7
1126620 1862.6
1126630 1862.6
1126640 1857.2
1126650 1856.9
1126660 1856.9
1126670 1855.9
1126680 1853.7
1126690 1853.7
1126700 1855.7
1126710 1859.0
1126720 1859.0
1126730 1860.3
1126740 1861.6
1126750 1861.6
1126760 1864.4
1126770 1865.3
1126780 1865.3
1126790 1865.1
1126800 1865.9
1126810 1865.9
1126820 1865.8
1126830 1864.9
1126840 1864.9
1126850 1864.7
1126860 1862.8
1126870 1862.8
1126880 1862.2
1126890 1866.2
1126900 1868.9
1126910 1868.9
1126920 1870.9
1126930 1870.8
1126940 1870.8
1126950 1871.4
1126960 1872.0
1126970 1872.0
1126980 1874.0
1126990 1872.8
1127000 1870.8
1127010 1869.6
1127020 1870.1
1127030 1870.1
1127040 1872.2
1127050 1873.1
1127060 1873.1
1127070 1874.5
1127080 1872.3
1127090 1872.3
1127100 1872.1
1127110 1872.4
1127120 1872.4
1127130 1871.7
1127140 1871.2
1127150 1871.2
1127160 1869.9
1127170 1868.1
1127180 1868.1
1127190 1868.0
1127200 1869.6
1127210 1869.3
1127220 1869.3
1127230 1867.1
1127240 1867.0
1127250 1867.0
1127260 1866.7
1127270 1865.3
1127280 1865.3
1127290 1864.5
1127300 1867.9
1127310 1867.9
1127320 1868.4
1127330 1869.4
1127340 1869.4
1127350 1868.7
1127360 1865.2
1127370 1865.2
1127380 1865.2
1127390 1865.2
1127400 1865.2
1127410 1865.0
1127420 1863.5
1127430 1863.5
1127440 1862.7
1127450 1860.6
1127460 1860.6
1127470 1855.3
1127480 1855.0
1127490 1855.0
1127500 1856.3
1127510 1858.0
1127520 1857.7
1127530 1857.7
1127540 1860.1
1127550 1862.1
1127560 1862.1
1127570 1862.0
1127580 1861.8
1127590 1861.8
1127600 1859.6
1127610 1857.6
1127620 1857.6
1127630 1854.5
1127640 1854.4
1127650 1854.4
1127660 1856.1
1127670 1854.8
1127680 1854.8
1127690 1856.3
1127700 1857.1
1127710 1857.1
1127720 1855.1
1127730 1854.4
1127740 1854.4
1127750 1854.0
1127760 1854.1
1127770 1854.1
1127780 1853.0
1127790 1851.0
1127800 1851.0
1127810 1849.5
1127820 1848.3
1127830 1846.5
1127840 1846.5
1127850 1843.8
1127860 1843.1
1127870 1843.1
1127880 1842.2
1127890 1841.0
1127900 1841.0
1127910 1838.6
1127920 1837.2
1127930 1837.2
1127940 1837.6
1127950 1836.4
1127960 1836.4
1127970 1833.7
1127980 1828.8
1127990 1828.8
1128000 1827.6
1128010 1825.5
1128020 1825.5
1128030 1825.2
1128040 1824.2
1128050 1824.2
1128060 1828.3
1128070 1823.8
1128080 1823.8
1128090 1818.7
1128100 1816.1
1128110 1814.0
1128120 1814.0
1128130 1810.9
1128140 1809.2
1128150 1809.2
1128160 1807.3
1128170 1808.5
1128180 1808.5
1128190 1807.4
1128200 1807.2
1128210 1807.2
1128220 1806.7
1128230 1804.7
1128240 1804.7
1128250 1802.2
1128260 1802.7
1128270 1802.7
1128280 1802.4
1128290 1802.6
1128300 1802.6
1128310 1802.3
1128320 1801.9
1128330 1801.9
1128340 1801.2
1128350 1798.6
1128360 1798.6
1128370 1796.9
1128380 1795.3
1128390 1795.3
1128400 1791.9
1128410 1786.8
1128420 1784.2
1128430 1779.4
1128440 1780.0
1128450 1782.1
1128460 1782.1
1128470 1780.7
1128480 1778.1
1128490 1778.1
1128500 1774.5
1128510 1772.4
1128520 1772.4
1128530 1767.2
1128540 1763.7
1128550 1763.7
1128560 1762.9
1128570 1763.3
1128580 1763.3
1128590 1764.2
1128600 1764.3
1128610 1764.3
1128620 1764.1
1128630 1764.0
1128640 1764.0
1128650 1761.6
1128660 1758.5
1128670 1758.5
1128680 1757.2
1128690 1756.5
1128700 1756.5
1128710 1754.9
1128720 1752.0
1128730 1750.3
1128740 1750.3
1128750 1749.5
1128760 1750.4
1128770 1750.4
1128780 1752.2
1128790 1747.5
1128800 1747.5
1128810 1746.0
1128820 1745.0
1128830 1745.0
1128840 1746.3
1128850 1749.9
1128860 1749.9
1128870 1754.2
1128880 1759.9
1128890 1759.9
1128900 1759.9
1128910 1757.7
1128920 1757.7
1128930 1756.1
1128940 1755.0
1128950 1755.0
1128960 1754.6
1128970 1754.4
1128980 1754.4
1128990 1753.7
1129000 1750.4
1129010 1750.4
1129020 1746.7
1129030 1747.2
1129040 1744.7
1129050 1744.7
1129060 1742.7
1129070 1740.9
1129080 1740.9
1129090 1739.5
1129100 1738.6
1129110 1738.6
1129120 1736.4
1129130 1736.1
1129140 1736.1
1129150 1730.6
1129160 1728.8
1129170 1728.8
1129180 1727.5
1129190 1727.5
1129200 1727.5
1129210 1726.6
1129220 1723.2
1129230 1723.2
1129240 1718.3
1129250 1715.5
1129260 1715.5
1129270 1713.3
1129280 1710.1
1129290 1710.1
1129300 1707.6
1129310 1707.1
1129320 1705.7
1129330 1705.7
1129340 1703.5
1129350 1702.1
1129360 1702.1
1129370 1701.0
1129380 1699.4
1129390 1699.4
1129400 1697.5
1129410 1695.1
1129420 1695.1
1129430 1693.0
1129440 1693.7
1129450 1693.7
1129460 1693.6
1129470 1693.5
1129480 1693.5
1129490 1692.4
1129500 1688.3
1129510 1686.8
1129520 1683.7
1129530 1681.9
1129540 1681.9
1129550 1679.5
1129560 1677.3
1129570 1677.3
1129580 1675.7
1129590 1675.1
1129600 1675.1
1129610 1674.3
1129620 1673.3
1129630 1670.6
1129640 1670.6
1129650 1668.4
1129660 1666.8
1129670 1666.8
1129680 1663.6
1129690 1661.6
1129700 1661.6
1129710 1660.0
1129720 1658.1
1129730 1658.1
1129740 1655.8
1129750 1652.5
1129760 1652.5
1129770 1649.9
1129780 1645.9
1129790 1645.9
1129800 1643.1
1129810 1641.3
1129820 1641.3
1129830 1638.8
1129840 1636.4
1129850 1636.4
1129860 1633.9
1129870 1629.2
1129880 1629.2
1129890 1626.1
1129900 1624.2
1129910 1624.2
1129920 1622.2
1129930 1618.4
1129940 1615.2
1129950 1615.2
1129960 1613.1
1129970 1610.7
1129980 1610.7
1129990 1606.2
1130000 1602.2
1130010 1602.2
1130020 1599.8
1130030 1597.7
1130040 1597.7
1130050 1595.0
1130060 1592.7
1130070 1592.7
1130080 1591.0
1130090 1587.8
1130100 1587.8
1130110 1583.3
1130120 1579.4
1130130 1579.4
1130140 1572.7
1130150 1559.7
1130160 1559.7
1130170 1551.9
1130180 1544.8
1130190 1544.8
1130200 1537.2
1130210 1530.7
1130220 1530.7
1130230 1526.7
1130240 1521.7
1130250 1517.5
1130260 1517.5
1130270 1513.8
1130280 1509.6
1130290 1509.6
1130300 1505.4
1130310 1501.0
1130320 1501.0
1130330 1495.7
1130340 1490.8
1130350 1490.8
1130360 1486.4
1130370 1482.6
1130380 1482.6
1130390 1479.2
1130400 1475.3
1130410 1475.3
1130420 1470.8
1130430 1466.3
1130440 1466.3
1130450 1461.6
1130460 1457.2
1130470 1457.2
1130480 1453.1
1130490 1448.8
1130500 1448.8
1130510 1444.3
1130520 1439.4
1130530 1439.4
1130540 1434.7
1130550 1430.3
1130560 1425.8
1130570 1425.8
1130580 1421.7
1130590 1420.2
1130600 1420.2
1130610 1416.7
1130620 1412.0
1130630 1412.0
1130640 1407.9
1130650 1403.7
1130660 1403.7
1130670 1400.4
1130680 1398.1
1130690 1398.1
1130700 1395.3
1130710 1393.9
1130720 1393.9
1130730 1393.0
1130740 1392.8
1130750 1392.8
1130760 1392.4
1130770 1389.0
1130780 1389.0
1130790 1384.5
1130800 1380.7
1130810 1380.7
1130820 1376.7
1130830 1372.4
1130840 1366.8
1130850 1366.8
1130860 1361.4
1130870 1356.3
1130880 1356.3
1130890 1352.4
1130900 1348.5
1130910 1348.5
1130920 1343.8
1130930 1339.7
1130940 1339.7
1130950 1341.7
1130960 1337.5
1130970 1337.5
1130980 1332.1
1130990 1326.4
1131000 1326.4
1131010 1321.2
1131020 1317.6
1131030 1317.6
1131040 1314.5
1131050 1311.3
1131060 1311.3
1131070 1307.9
1131610 1184.4
1131620 1184.4
1131630 1185.1
1131640 1186.5
1131650 1186.5
1131660 1183.9
1131670 1180.8
1131680 1180.8
1131690 1180.8
1131700 1181.4
1131710 1181.4
1131720 1181.9
1131730 1182.9
1131740 1182.9
1131750 1183.5
1131760 1183.2
1131770 1184.0
1131780 1184.0
1131790 1183.9
1131800 1183.3
1131810 1183.3
1131820 1183.1
1131830 1183.4
1131840 1183.4
1131850 1183.7
1131860 1183.7
1131870 1183.7
1131880 1184.6
1131890 1185.9
1131900 1185.9
1131910 1187.3
1131920 1188.6
1131930 1188.6
1131940 1190.0
1131950 1191.1
1131960 1191.1
1131970 1192.3
1131980 1192.8
1131990 1192.8
1132000 1192.1
1132010 1190.1
1132020 1190.1
1132030 1185.0
1132040 1185.0
1132050 1187.4
1132060 1187.4
1132070 1189.3
1132080 1190.7
1132090 1190.7
1132100 1193.7
1132110 1196.3
1132120 1196.3
1132130 1197.7
1132140 1198.9
1132150 1198.9
1132160 1199.5
1132170 1199.3
1132180 1199.3
1132190 1199.6
1132200 1201.8
1132210 1201.8
1132220 1203.9
1132230 1207.4
1132240 1207.4
1132250 1210.2
1132260 1210.8
1132270 1210.8
1132280 1209.7
1132290 1206.9
1132300 1206.9
1132310 1206.6
1132320 1208.9
1132330 1208.9
1132340 1211.8
1132350 1214.5
1132360 1215.4
1132370 1215.4
1132380 1216.6
1132390 1217.0
1132400 1212.6
1132410 1214.9
1132420 1217.9
1132430 1217.9
1132440 1220.4
1132450 1223.2
1132460 1223.2
1132470 1227.2
1132480 1229.7
1132490 1229.7
1132500 1232.3
1132510 1233.5
1132520 1233.5
1132530 1233.2
1132540 1230.8
1132550 1230.8
1132560 1230.3
1132570 1230.7
1132580 1230.7
1132590 1230.9
1132600 1231.0
1132610 1231.0
1132620 1230.8
1132630 1231.5
1132640 1231.5
1132650 1233.0
1132660 1233.7
1132670 1234.4
1132680 1234.4
1132690 1235.6
1132700 1236.6
1132710 1236.6
1132720 1238.4
1132730 1239.9
1132740 1239.9
1132750 1241.0
1132760 1235.4
1132770 1235.4
1132780 1235.0
1132790 1236.0
1132800 1236.0
1132810 1235.8
1132820 1236.0
1132830 1236.0
1132840 1237.2
1132850 1239.1
1132860 1239.1
1132870 1239.8
1132880 1240.5
1132890 1240.5
1132900 1240.4
1132910 1241.3
1132920 1241.3
1132930 1241.9
1132940 1243.3
1132950 1243.3
1132960 1244.4
1132970 1244.9
1132980 1243.7
1132990 1243.7
1133000 1245.8
1133010 1247.1
1133020 1247.1
1133030 1248.6
1133040 1250.0
1133050 1250.0
1133060 1251.9
1133070 1254.2
1133080 1254.2
1133090 1255.6
1133100 1256.6
1133110 1256.6
1133120 1247.8
1133130 1250.2
1133140 1250.2
1133150 1252.9
1133160 1253.7
1133170 1253.7
1133180 1254.1
1133190 1255.9
1133200 1255.9
1133210 1256.2
1133220 1256.8
1133230 1256.8
1133240 1260.3
1133250 1262.2
1133260 1262.2
1133270 1262.8
1133280 1261.5
1133290 1258.3
1133300 1258.3
1133310 1252.1
1133320 1249.8
1133330 1249.8
1133340 1251.6
1133350 1254.2
1133360 1254.2
1133370 1255.7
1133380 1255.9
1133390 1255.9
1133400 1258.3
1133410 1260.0
1133420 1260.0
1133430 1260.1
1133440 1260.0
1133450 1260.0
1133460 1261.6
1133470 1262.8
1133480 1259.3
1133490 1259.9
1133500 1260.4
1133510 1260.4
1133520 1260.2
1133530 1258.9
1133540 1258.9
1133550 1258.9
1133560 1259.2
1133570 1259.9
1133580 1259.9
1133590 1258.8
1133600 1254.8
1133610 1254.8
1133620 1252.7
1133630 1253.8
1133640 1253.8
1133650 1255.6
1133660 1257.4
1133670 1257.4
1133680 1257.2
1133690 1256.4
1133700 1256.4
1133710 1255.4
1133720 1254.2
1133730 1254.2
1133740 1251.4
1133750 1247.1
1133760 1247.1
1133770 1240.8
1133780 1233.6
1133790 1233.6
1133800 1229.2
1133810 1227.4
1133820 1227.4
1133830 1225.4
1133840 1220.6
1133850 1221.1
1133860 1217.2
1133870 1214.6
1133880 1211.6
1133890 1211.6
1133900 1207.8
1133910 1204.6
1133920 1204.6
1133930 1200.6
1133940 1196.4
1133950 1196.4
1133960 1192.0
1133970 1189.8
1133980 1189.8
1133990 1187.1
1134000 1185.6
1134010 1185.6
1134020 1184.6
1134030 1183.6
1134040 1183.6
1134050 1181.8
1134060 1180.2
1134070 1180.2
1134080 1177.6
1134090 1170.8
1134100 1170.8
1134110 1163.1
1134120 1157.4
1134130 1157.4
1134140 1151.6
1134150 1145.2
1134160 1145.2
1134170 1138.6
1134180 1131.5
1134190 1124.3
1134200 1124.3
1134210 1118.9
1134220 1113.2
1134230 1113.2
1134240 1108.3
1134250 1103.8
1134260 1103.8
1134270 1099.6
1134280 1095.8
1134290 1095.8
1134300 1092.1
1134310 1087.8
1134320 1087.8
1134330 1084.2
1134340 1080.6
1134350 1080.6
1134360 1077.3
1134370 1073.6
1134380 1073.6
1134390 1071.4
1134400 1070.2
1134410 1070.2
1134420 1068.9
1134430 1067.6
1134440 1067.6
1134450 1066.8
1134460 1065.4
1134470 1065.4
1134480 1065.1
1134490 1064.0
1134500 1061.9
1134510 1061.9
1134520 1057.4
1134530 1054.2
1134540 1054.2
1134550 1052.2
1134560 1049.7
1134570 1054.8
1134580 1054.2
1134590 1055.4
1134600 1055.4
1134610 1059.1
1134620 1061.0
1134630 1061.0
1134640 1060.8
1134650 1057.8
1134660 1057.8
1134670 1052.0
1134680 1050.5
1134690 1050.5
1134700 1047.4
1134710 1046.2
1134720 1046.2
1134730 1043.6
1134740 1041.1
1134750 1041.1
1134760 1037.5
1134770 1037.5
1134780 1035.6
1134790 1035.6
1134800 1033.0
1134810 1035.4
1134820 1035.4
1134830 1032.1
1134840 1030.2
1134850 1030.2
1134860 1029.6
1134870 1033.2
1134880 1033.2
1134890 1034.5
1134900 1032.1
1134910 1032.1
1134920 1027.9
1134930 1026.6
1134940 1037.4
1134950 1036.9
1134960 1033.6
1134970 1033.6
1134980 1026.6
1134990 1019.9
1135000 1019.9
1135010 1014.5
1135020 1009.9
1135030 1009.9
1135040 1005.2
1135050 1000.6
1135060 1000.6
1135070 996.0
1135080 996.3
1135090 999.9
1135100 999.9
1135110 1000.7
1135120 1003.8
1135130 1003.8
1135140 1008.3
1135150 1014.3
1135160 1014.3
1135170 1017.6
1135180 1023.5
1135190 1023.5
1135200 1025.1
1135210 1028.6
1135220 1028.6
1135230 1033.5
1135240 1038.6
1135250 1038.6
1135260 1037.3
1135270 1037.0
1135280 1037.0
1135290 1037.1
1135300 1029.5
1135310 1029.5
1135320 1025.2
1135330 1019.9
1135340 1019.9
1135350 1014.4
1135360 1010.4
1135370 1010.4
1135380 1006.7
1135390 1003.6
1135400 1000.7
1135410 1000.7
1135420 997.1
1135430 993.3
1135440 993.3
1135450 991.3
1135460 989.2
1135470 989.2
1135480 986.6
1135490 982.7
1135500 982.7
1135510 976.9
1135520 970.4
1135530 970.4
1135540 963.8
1135550 960.7
1135560 960.7
1135570 961.1
1135580 958.9
1135590 958.9
1135600 956.0
1135610 955.8
1135620 955.8
1135630 958.9
1135640 966.6
1135650 966.6
1135660 973.5
1135670 985.0
1135680 985.0
1135690 994.6
1135700 1003.1
1135710 1010.4
1135720 1010.4
1135730 1016.6
1135740 1022.3
1135750 1022.3
1135760 1021.1
1135770 1020.7
1135780 1020.7
1135790 1020.3
1135800 1020.4
1135810 1020.4
1135820 1020.7
1135830 1021.8
1135840 1021.8
1135850 1024.9
1135860 1028.7
1135870 1028.7
1135880 1033.4
1135890 1036.1
1135900 1036.1
1135910 1037.5
1135920 1038.4
1135930 1038.4
1135940 1039.4
1135950 1040.6
1135960 1040.6
1135970 1041.0
1135980 1041.2
1135990 1041.5
1136000 1041.5
1136010 1042.9
1136020 1045.0
1136030 1045.0
1136040 1050.0
1136050 1053.2
1136060 1053.2
1136070 1056.5
1136080 1058.0
1136090 1058.0
1136100 1058.3
1136110 1060.5
1136120 1060.5
1136130 1062.5
1136140 1063.6
1136150 1063.6
1136160 1064.1
1136170 1063.5
1136180 1063.5
1136190 1065.1
1136200 1067.4
1136210 1067.4
1136220 1069.4
1136230 1071.4
1136240 1071.4
1136250 1075.0
1136260 1077.8
1136270 1077.8
1136280 1080.6
1136290 1083.7
1136300 1086.5
1136310 1086.5
1136320 1088.8
1136330 1091.4
1136340 1091.4
1136350 1093.8
1136360 1095.9
1136370 1095.9
1136380 1099.4
1136390 1103.1
1136400 1105.0
1136410 1108.7
1136420 1110.6
1136430 1110.6
1136440 1113.0
1136450 1116.0
1136460 1116.0
1136470 1118.5
1136480 1120.3
1136490 1120.3
1136500 1121.2
1136510 1121.3
1136520 1121.3
1136530 1121.7
1136540 1121.7
1136550 1121.7
1136560 1121.8
1136570 1123.3
1136580 1123.3
1136590 1124.6
1136600 1125.0
1136610 1125.1
1136620 1125.1
1136630 1125.0
1136640 1125.2
1136650 1125.2
1136660 1123.7
1136670 1124.4
1136680 1124.4
1136690 1126.0
1136700 1128.7
1136710 1128.7
1136720 1130.8
1136730 1133.1
1136740 1133.1
1136750 1134.7
1136760 1136.3
1136770 1139.1
1136780 1141.4
1136790 1142.8
1136800 1142.8
1136810 1145.0
1136820 1147.2
1136830 1147.2
1136840 1148.8
1136850 1150.8
1136860 1150.8
1136870 1153.2
1136880 1156.1
1136890 1156.1
1136900 1158.2
1136910 1160.0
1136920 1161.9
1136930 1161.9
1136940 1165.2
1136950 1168.6
1136960 1168.6
1136970 1170.8
1136980 1172.0
1136990 1172.0
1137000 1171.1
1137010 1170.5
1137020 1170.5
1137030 1175.4
1137040 1177.7
1137050 1177.7
1137060 1177.6
1137070 1174.1
1137080 1174.1
1137090 1172.4
1137100 1174.4
1137110 1174.4
1137120 1176.4
1137130 1174.5
1137140 1180.7
1137150 1176.6
1137160 1179.5
1137170 1179.5
1137180 1185.6
1137190 1189.2
1137200 1193.2
1137210 1193.2
1137220 1196.7
1137230 1199.4
1137240 1199.4
1137250 1200.6
1137260 1199.8
1137270 1199.8
1137280 1201.7
1137290 1202.0
1137300 1202.0
1137310 1201.3
1137320 1203.1
1137330 1203.1
1137340 1206.0
1137350 1210.2
1137360 1210.2
1137370 1212.2
1137380 1213.2
1137390 1213.2
1137400 1217.4
1137410 1222.0
1137420 1222.0
1137430 1225.2
1137440 1227.7
1137450 1227.7
1137460 1230.0
1137470 1231.9
1137480 1231.9
1137490 1233.5
1137500 1236.1
1137510 1237.6
1137520 1237.6
1137530 1239.2
1137540 1241.0
1137550 1241.0
1137560 1243.9
1137570 1248.4
1137580 1248.4
1137590 1253.4
1137600 1258.9
1137610 1258.9
1137620 1264.4
1137630 1267.4
1137640 1267.4
1137650 1268.8
1137660 1271.8
1137670 1271.8
1137680 1276.7
1137690 1281.4
1137700 1281.4
1137710 1284.2
1137720 1286.0
1137730 1286.0
1137740 1287.8
1137750 1290.7
1137760 1290.7
1137770 1293.2
1137780 1297.4
1137790 1297.4
1137800 1301.9
1137810 1304.1
1137820 1304.8
1137830 1304.8
1137840 1307.8
1137850 1310.7
1137860 1310.7
1137870 1317.5
1137880 1320.5
1137890 1320.5
1137900 1323.2
1137910 1326.3
1137920 1326.3
1137930 1329.4
1137940 1332.1
1137950 1332.1
1137960 1334.0
1137970 1336.8
1137980 1336.8
1137990 1340.1
1138000 1342.9
1138010 1342.9
1138020 1344.1
1138030 1344.2
1138040 1344.2
1138050 1344.1
1138060 1344.0
1138070 1344.0
1138080 1344.3
1138090 1344.3
1138100 1344.3
1138110 1345.3
1138120 1349.8
1138130 1355.4
1138140 1355.4
1138150 1359.9
1138160 1363.4
1138170 1363.4
1138180 1366.2
1138190 1369.3
1138200 1369.3
1138210 1372.4
1138220 1376.1
1138230 1376.1
1138240 1380.5
1138250 1382.4
1138260 1382.4
1138270 1383.5
1138280 1384.7
1138290 1384.7
1138300 1386.0
1138310 1386.6
1138320 1386.6
1138330 1385.9
1138340 1384.9
1138350 1384.9
1138360 1385.1
1138370 1385.4
1138380 1385.4
1138390 1385.0
1138400 1383.4
1138410 1382.0
1138420 1382.0
1138430 1381.1
1138440 1379.9
1138450 1379.9
1138460 1378.5
1138470 1376.9
1138480 1376.9
1138490 1375.7
1138500 1375.2
1138510 1375.2
1138520 1375.3
1138530 1375.8
1138540 1375.8
1138550 1376.9
1138560 1378.6
1138570 1378.6
1138580 1381.2
1138590 1384.4
1138600 1384.4
1138610 1389.8
1138620 1392.8
1138630 1392.8
1138640 1396.0
1138650 1399.7
1138660 1399.7
1138670 1402.9
1138680 1406.1
1138690 1406.1
1138700 1409.8
1138710 1413.4
1138720 1417.5
1138730 1417.5
1138740 1422.3
1138750 1427.3
1138760 1427.3
1138770 1431.0
1138780 1433.9
1138790 1433.9
1138800 1437.7
1138810 1441.7
1138820 1441.7
1138830 1445.3
1138840 1449.2
1138850 1449.2
1138860 1453.6
1138870 1458.4
1138880 1458.4
1138890 1463.4
1138900 1468.7
1138910 1468.7
1138920 1473.4
1138930 1477.5
1138940 1477.5
1138950 1481.9
1138960 1486.0
1138970 1486.0
1138980 1494.1
1138990 1497.6
1139000 1497.6
1139010 1500.8
1139020 1505.2
1139030 1509.1
1139040 1509.1
1139050 1513.6
1139060 1518.1
1139070 1518.1
1139080 1522.9
1139090 1527.3
1139100 1527.3
1139110 1530.6
1139120 1536.0
1139130 1536.0
1139140 1541.4
1139150 1546.7
1139160 1546.7
1139170 1552.2
1139180 1559.6
1139190 1559.6
1139200 1567.3
1139210 1575.1
1139220 1575.1
1139230 1583.4
1139240 1591.0
1139250 1591.0
1139260 1598.3
1139270 1605.1
1139280 1605.1
1139290 1612.1
1139300 1617.9
1139310 1617.9
1139320 1620.8
1139330 1616.1
1139340 1627.9
1139350 1627.9
1139360 1634.6
1139370 1648.9
1139380 1648.9
1139390 1661.0
1139400 1671.0
1139410 1671.0
1139420 1679.8
1139430 1688.9
1139440 1688.9
1139450 1695.1
1139460 1696.4
1139470 1696.4
1139480 1700.6
1139490 1704.0
1139500 1704.0
1139510 1704.4
1139520 1702.7
1139530 1702.7
1139540 1698.1
1139550 1691.8
1139560 1691.8
1139570 1691.8
1139580 1691.1
1139590 1691.1
1139600 1689.1
1139610 1688.6
1139620 1686.5
1139630 1686.5
1139640 1684.1
1139650 1681.7
1139660 1681.7
1139670 1678.7
1139680 1675.8
1139690 1675.8
1139700 1671.5
1139710 1663.3
1139720 1663.3
1139730 1659.9
1139740 1657.1
1139750 1657.1
1139760 1653.3
1139770 1648.5
1139780 1648.5
1139790 1643.9
