1120000 1341.7
1120010 1345.1
1120020 1345.1
1120030 1347.7
1120040 1349.1
1120050 1349.1
1120060 1355.9
1120070 1356.7
1120080 1356.7
1120090 1357.0
1120100 1360.0
1120110 1360.0
1120120 1362.3
1120130 1363.2
1120140 1357.9
1120150 1360.0
1120160 1363.0
1120170 1363.0
1120180 1365.3
1120190 1368.2
1120200 1368.2
1120210 1370.8
1120220 1372.9
1120230 1372.9
1120240 1374.7
1120250 1377.6
1120260 1377.6
1120270 1379.3
1120280 1379.7
1120290 1380.2
1120300 1380.2
1120310 1381.3
1120320 1379.7
1120330 1379.7
1120340 1378.9
1120350 1381.6
1120360 1381.6
1120370 1386.5
1120380 1388.8
1120390 1388.8
1120400 1388.6
1120410 1389.7
1120420 1389.7
1120430 1395.2
1120440 1398.2
1120450 1398.2
1120460 1400.0
1120470 1401.2
1120480 1401.2
1120490 1400.6
1120500 1400.4
1120510 1400.4
1120520 1402.0
1120530 1404.3
1120540 1404.3
1120550 1407.4
1120560 1410.1
1120570 1410.1
1120580 1412.1
1120590 1414.0
1120600 1417.1
1120610 1417.1
1120620 1419.8
1120630 1422.1
1120640 1422.1
1120650 1424.2
1120660 1425.4
1120670 1425.4
1120680 1426.1
1120690 1427.0
1120700 1427.0
1120710 1427.6
1120720 1428.6
1120730 1428.6
1120740 1430.3
1120750 1432.4
1120760 1432.4
1120770 1433.6
1120780 1435.1
1120790 1435.1
1120800 1437.1
1120810 1439.2
1120820 1439.2
1120830 1441.1
1120840 1439.0
1120850 1439.0
1120860 1440.9
1120870 1442.9
1120880 1442.9
1120890 1444.6
1120900 1445.1
1120910 1446.9
1120920 1446.9
1120930 1449.3
1120940 1451.1
1120950 1451.1
1120960 1453.3
1120970 1455.4
1120980 1455.4
1120990 1456.9
1121000 1458.4
1121010 1458.4
1121020 1460.7
1121030 1462.5
1121040 1462.5
1121050 1465.0
1121060 1467.4
1121070 1467.4
1121080 1466.4
1121090 1465.3
1121100 1465.3
1121110 1466.1
1121120 1467.8
1121130 1467.8
1121140 1470.0
1121150 1472.9
1121160 1472.9
1121170 1475.3
1121180 1477.9
1121190 1478.3
1121200 1478.3
1121210 1481.0
1121220 1483.3
1121230 1483.3
1121240 1485.7
1121250 1488.2
1121260 1488.2
1121270 1490.6
1121280 1493.3
1121290 1493.3
1121300 1496.5
1121310 1499.6
1121320 1499.6
1121330 1501.3
1121340 1503.6
1121350 1503.6
1121360 1505.2
1121370 1505.3
1121380 1505.3
1121390 1507.8
1121400 1511.4
1121410 1511.4
1121420 1513.7
1121430 1513.4
1121440 1513.4
1121450 1516.6
1121460 1519.3
1121470 1519.3
1121480 1521.0
1121490 1522.8
1121500 1524.9
1121510 1524.9
1121520 1526.1
1121530 1527.4
1121540 1525.2
1121550 1526.8
1121560 1528.6
1121570 1528.6
1121580 1530.7
1121590 1532.2
1121600 1532.2
1121610 1531.6
1121620 1531.3
1121630 1531.3
1121640 1532.2
1121650 1533.5
1121660 1533.5
1121670 1534.2
1121680 1535.2
1121690 1535.2
1121700 1536.0
1121710 1537.2
1121720 1537.2
1121730 1539.5
1121740 1543.0
1121750 1543.0
1121760 1543.9
1121770 1544.5
1121780 1544.5
1121790 1542.8
1121800 1534.1
1121810 1528.7
1121820 1528.7
1121830 1526.9
1121840 1527.7
1121850 1527.7
1121860 1527.2
1121870 1526.3
1121880 1526.3
1121890 1521.9
1121900 1517.8
1121910 1517.8
1121920 1513.8
1121930 1511.8
1121940 1511.8
1121950 1514.7
1121960 1517.6
1121970 1517.6
1121980 1517.5
1121990 1519.2
1122000 1519.2
1122010 1521.7
1122020 1524.9
1122030 1524.9
1122040 1527.5
1122050 1527.5
1122060 1527.5
1122070 1525.2
1122080 1525.8
1122090 1525.8
1122100 1527.4
1122110 1527.9
1122120 1528.4
1122130 1528.4
1122140 1530.1
1122150 1535.4
1122160 1535.4
1122170 1536.8
1122180 1537.7
1122190 1537.7
1122200 1539.9
1122210 1542.2
1122220 1542.2
1122230 1543.5
1122240 1537.1
1122250 1537.1
1122260 1538.4
1122270 1540.4
1122280 1540.4
1122290 1542.1
1122300 1542.9
1122310 1542.9
1122320 1543.4
1122330 1544.1
1122340 1544.1
1122350 1545.3
1122360 1546.5
1122370 1546.5
1122380 1547.9
1122390 1549.4
1122400 1549.4
1122410 1551.1
1122420 1553.7
1122430 1556.0
1122440 1556.0
1122450 1558.6
1122460 1561.1
1122470 1561.1
1122480 1563.8
1122490 1566.1
1122500 1566.1
1122510 1567.7
1122520 1570.6
1122530 1570.6
1122540 1575.2
1122550 1577.2
1122560 1577.2
1122570 1580.3
1122580 1583.6
1122590 1583.6
1122600 1579.0
1122610 1581.9
1122620 1581.9
1122630 1584.6
1122640 1588.8
1122650 1588.8
1122660 1594.3
1122670 1600.3
1122680 1600.3
1122690 1605.3
1122700 1610.9
1122710 1610.9
1122720 1617.5
1122730 1625.1
1122740 1636.0
1122750 1636.0
1122760 1644.6
1122770 1652.3
1122780 1652.3
1122790 1657.0
1122800 1663.0
1122810 1663.0
1122820 1672.3
1122830 1673.3
1122840 1673.3
1122850 1679.9
1122860 1683.2
1122870 1683.2
1122880 1685.0
1122890 1686.8
1122900 1686.8
1122910 1690.1
1122920 1692.0
1122930 1692.0
1122940 1691.2
1122950 1691.0
1122960 1691.0
1122970 1690.3
1122980 1692.4
1122990 1692.4
1123000 1694.7
1123010 1696.5
1123020 1696.5
1123030 1699.8
1123040 1700.5
1123050 1703.4
1123060 1703.4
1123070 1704.6
1123080 1704.7
1123090 1704.7
1123100 1709.8
1123110 1715.2
1123120 1715.2
1123130 1723.1
1123140 1728.2
1123150 1728.2
1123160 1732.3
1123170 1734.4
1123180 1734.4
1123190 1735.9
1123200 1735.9
1123210 1735.9
1123220 1738.1
1123230 1738.9
1123240 1738.9
1123250 1735.4
1123260 1734.6
1123270 1734.6
1123280 1732.9
1123290 1733.0
1123300 1730.8
1123310 1731.5
1123320 1730.5
1123330 1731.6
1123340 1731.6
1123350 1733.7
1123360 1736.4
1123370 1736.4
1123380 1738.2
1123390 1738.7
1123400 1738.7
1123410 1736.9
1123420 1733.5
1123430 1733.5
1123440 1731.4
1123450 1730.7
1123460 1730.7
1123470 1731.5
1123480 1733.4
1123490 1733.4
1123500 1736.0
1123510 1737.6
1123520 1737.6
1123530 1739.3
1123540 1742.0
1123550 1742.0
1123560 1745.6
1123570 1748.9
1123580 1748.9
1123590 1752.4
1123600 1756.4
1123610 1756.4
1123620 1759.8
1123630 1761.2
1123640 1767.5
1123650 1767.5
1123660 1760.9
1123670 1768.2
1123680 1768.2
1123690 1776.5
1123700 1780.9
1123710 1780.9
1123720 1782.0
1123730 1777.5
1123740 1777.5
1123750 1772.0
1123760 1771.1
1123770 1771.1
1123780 1771.6
1123790 1770.9
1123800 1770.9
1123810 1769.9
1123820 1771.2
1123830 1771.2
1123840 1774.4
1123850 1770.1
1123860 1770.1
1123870 1767.6
1123880 1764.9
1123890 1764.9
1123900 1762.1
1123910 1760.3
1123920 1760.3
1123930 1760.4
1123940 1762.3
1123950 1763.5
1123960 1763.5
1123970 1765.1
1123980 1767.3
1123990 1767.3
1124000 1769.0
1124010 1767.7
1124020 1767.7
1124030 1772.7
1124040 1775.8
1124050 1775.8
1124060 1776.1
1124070 1776.4
1124080 1776.4
1124090 1780.2
1124100 1782.9
1124110 1782.9
1124120 1789.3
1124130 1793.0
1124140 1793.0
1124150 1795.6
1124160 1797.3
1124170 1797.3
1124180 1802.0
1124190 1804.8
1124200 1804.8
1124210 1810.3
1124220 1813.9
1124230 1813.9
1124240 1814.6
1124250 1813.3
1124260 1810.5
1124270 1810.5
1124280 1808.0
1124290 1805.2
1124300 1805.2
1124310 1805.1
1124320 1807.5
1124330 1807.5
1124340 1810.1
1124350 1815.9
1124360 1805.4
1124370 1809.9
1124380 1816.8
1124390 1816.8
1124400 1823.8
1124410 1828.8
1124420 1828.8
1124430 1831.7
1124440 1833.5
1124450 1833.5
1124460 1831.3
1124470 1828.8
1124480 1828.8
1124490 1828.6
1124500 1829.9
1124510 1829.9
1124520 1831.6
1124530 1832.1
1124540 1832.1
1124550 1835.4
1124560 1839.9
1124570 1846.2
1124580 1846.2
1124590 1852.7
1124600 1857.6
1124610 1857.6
1124620 1862.2
1124630 1872.4
1124640 1872.4
1124650 1877.1
1124660 1880.9
1124670 1880.9
1124680 1883.5
1124690 1885.2
1124700 1885.2
1124710 1888.3
1124720 1887.3
1124730 1887.3
1124740 1889.8
1124750 1892.7
1124760 1892.7
1124770 1895.8
1124780 1899.0
1124790 1899.0
1124800 1902.1
1124810 1903.3
1124820 1903.3
1124830 1904.3
1124840 1906.0
1124850 1906.0
1124860 1913.4
1124870 1921.6
1124880 1926.6
1124890 1926.6
1124900 1930.0
1124910 1933.3
1124920 1933.3
1124930 1935.3
1124940 1931.6
1124950 1931.6
1124960 1918.2
1124970 1930.1
1124980 1930.1
1124990 1937.7
1125000 1919.6
1125010 1919.6
1125020 1904.8
1125030 1899.7
1125040 1899.7
1125050 1888.0
1125060 1885.6
1125070 1907.0
1125080 1899.8
1125090 1888.9
1125100 1888.9
1125110 1886.1
1125120 1885.3
1125130 1885.3
1125140 1884.8
1125150 1884.2
1125160 1884.2
1125170 1883.7
1125180 1883.8
1125190 1884.4
1125200 1884.4
1125210 1885.0
1125220 1885.2
1125230 1885.2
1125240 1884.1
1125250 1883.4
1125260 1883.4
1125270 1883.9
1125280 1885.0
1125290 1885.0
1125300 1886.0
1125310 1886.4
1125320 1886.4
1125330 1886.4
1125340 1886.5
1125350 1886.5
1125360 1886.3
1125370 1885.9
1125380 1885.9
1125390 1884.9
1125400 1883.5
1125410 1883.5
1125420 1882.4
1125430 1886.9
1125440 1886.9
1125450 1884.0
1125460 1880.7
1125470 1880.7
1125480 1878.6
1125490 1877.9
1125500 1876.8
1125510 1876.8
1125520 1875.1
1125530 1873.5
1125540 1873.5
1125550 1871.7
1125560 1870.4
1125570 1870.4
1125580 1869.5
1125590 1869.5
1125600 1869.5
1125610 1869.4
1125620 1870.0
1125630 1870.0
1125640 1871.5
1125650 1868.4
1125660 1868.4
1125670 1866.5
1125680 1865.7
1125690 1865.7
1125700 1863.8
1125710 1861.8
1125720 1861.8
1125730 1859.9
1125740 1859.1
1125750 1859.1
1125760 1859.1
1125770 1860.2
1125780 1869.1
1125790 1869.1
1125800 1869.6
1125810 1868.3
1125820 1868.3
1125830 1867.2
1125840 1864.5
1125850 1864.5
1125860 1860.0
1125870 1855.5
1125880 1855.5
1125890 1853.5
1125900 1852.1
1125910 1852.1
1125920 1850.8
1125930 1850.0
1125940 1850.0
1125950 1851.6
1125960 1854.3
1125970 1854.3
1125980 1855.7
1125990 1855.9
1126000 1855.9
1126010 1854.1
1126020 1853.5
1126030 1853.5
1126040 1852.8
1126050 1851.2
1126060 1851.2
1126070 1849.9
1126080 1848.3
1126090 1846.9
1126100 1846.9
1126110 1845.9
1126120 1842.9
1126130 1842.9
1126140 1844.1
1126150 1842.2
1126160 1842.2
1126170 1841.2
1126180 1836.9
1126190 1836.9
1126200 1832.5
1126210 1830.1
1126220 1830.1
1126230 1827.0
1126240 1825.4
1126250 1825.4
1126260 1824.0
1126270 1821.5
1126280 1821.5
1126290 1817.3
1126300 1813.5
1126310 1813.5
1126320 1813.7
1126330 1813.9
1126340 1813.9
1126350 1813.6
1126360 1811.0
1126370 1811.0
1126380 1809.1
1126390 1809.4
1126400 1807.3
1126410 1807.3
1126420 1804.7
1126430 1804.1
1126440 1804.1
1126450 1804.5
1126460 1803.4
1126470 1803.4
1126480 1801.1
1126490 1804.0
1126500 1804.0
1126510 1801.6
1126520 1799.9
1126530 1799.9
1126540 1798.5
1126550 1796.6
1126560 1796.6
1126570 1794.0
1126580 1794.3
1126590 1794.3
1126600 1794.1
1126610 1793.1
1126620 1793.1
1126630 1791.8
1126640 1789.7
1126650 1789.7
1126660 1787.4
1126670 1785.9
1126680 1785.9
1126690 1784.3
1126700 1784.1
1126710 1783.4
1126720 1783.4
1126730 1783.7
1126740 1784.3
1126750 1784.3
1126760 1783.5
1126770 1782.5
1126780 1782.5
1126790 1782.5
1126800 1783.3
1126810 1783.3
1126820 1783.2
1126830 1784.1
1126840 1784.1
1126850 1787.9
1126860 1786.9
1126870 1786.9
1126880 1784.9
1126890 1783.5
1126900 1783.5
1126910 1784.5
1126920 1784.6
1126930 1784.6
1126940 1783.3
1126950 1781.9
1126960 1781.9
1126970 1782.5
1126980 1783.7
1126990 1783.7
1127000 1783.8
1127010 1784.3
1127020 1786.3
1127030 1786.3
1127040 1788.7
1127050 1790.4
1127060 1790.4
1127070 1790.9
1127080 1791.3
1127090 1791.3
1127100 1792.0
1127110 1792.1
1127120 1792.1
1127130 1793.3
1127140 1795.0
1127150 1795.0
1127160 1795.3
1127170 1794.1
1127180 1794.1
1127190 1793.2
1127200 1791.8
1127210 1794.7
1127220 1793.0
1127230 1793.4
1127240 1793.4
1127250 1795.1
1127260 1793.6
1127270 1793.6
1127280 1792.2
1127290 1793.6
1127300 1793.6
1127310 1794.7
1127320 1799.4
1127330 1802.9
1127340 1802.9
1127350 1803.5
1127360 1805.8
1127370 1805.8
1127380 1809.4
1127390 1813.3
1127400 1813.3
1127410 1818.6
1127420 1824.4
1127430 1824.4
1127440 1830.1
1127450 1836.1
1127460 1836.1
1127470 1841.9
1127480 1847.6
1127490 1847.6
1127500 1854.8
1127510 1862.6
1127520 1862.6
1127530 1870.3
1127540 1879.1
1127550 1879.1
1127560 1889.2
1127570 1897.8
1127580 1897.8
1127590 1898.8
1127600 1892.3
1127610 1892.3
1127620 1884.6
1127630 1877.7
1127640 1870.2
1127650 1870.2
1127660 1862.2
1127670 1854.5
1127680 1854.5
1127690 1847.4
1127700 1840.8
1127710 1840.8
1127720 1835.7
1127730 1830.8
1127740 1830.8
1127750 1826.6
1127760 1822.1
1127770 1822.1
1127780 1816.8
1127790 1811.7
1127800 1811.7
1127810 1807.3
1127820 1803.0
1127830 1803.0
1127840 1801.1
1127850 1801.8
1127860 1801.8
1127870 1800.2
1127880 1798.1
1127890 1798.1
1127900 1795.5
1127910 1793.8
1127920 1792.7
1127930 1792.7
1127940 1787.4
1127950 1785.5
1127960 1785.5
1127970 1782.3
1127980 1779.8
1127990 1779.8
1128000 1778.8
1128010 1778.3
1128020 1778.3
1128030 1775.3
1128040 1771.1
1128050 1771.1
1128060 1765.5
1128070 1759.4
1128080 1759.4
1128090 1752.4
1128100 1746.3
1128110 1746.3
1128120 1741.7
1128130 1736.9
1128140 1736.9
1128150 1733.5
1128160 1729.3
1128170 1729.3
1128180 1724.9
1128190 1720.9
1128200 1720.9
1128210 1715.4
1128220 1711.3
1128230 1710.2
1128240 1710.2
1128250 1708.2
1128260 1704.3
1128270 1704.3
1128280 1705.7
1128290 1701.0
1128300 1701.0
1128310 1694.6
1128320 1686.5
1128330 1686.5
1128340 1680.1
1128350 1673.2
1128360 1673.2
1128370 1666.3
1128380 1661.8
1128390 1661.8
1128400 1657.7
1128410 1654.0
1128420 1654.0
1128430 1648.8
1128440 1642.4
1128450 1642.4
1128460 1636.2
1128470 1631.5
1128480 1631.5
1128490 1626.8
1128500 1622.5
1128510 1622.5
1128520 1617.2
1128530 1611.8
1128540 1608.2
1128550 1608.2
1128560 1605.9
1128570 1604.3
1128580 1604.3
1128590 1602.1
1128600 1598.6
1128610 1598.6
1128620 1593.2
1128630 1587.1
1128640 1591.1
1128650 1586.8
1128660 1583.8
1128670 1583.8
1128680 1581.9
1128690 1579.9
1128700 1579.9
1128710 1578.0
1128720 1576.1
1128730 1576.1
1128740 1574.1
1128750 1571.7
1128760 1571.7
1128770 1568.7
1128780 1566.4
1128790 1566.4
1128800 1564.6
1128810 1563.6
1128820 1563.6
1128830 1562.5
1128840 1559.5
1128850 1556.0
1128860 1556.0
1128870 1553.1
1128880 1549.5
1128890 1549.5
1128900 1546.4
1128910 1543.7
1128920 1543.7
1128930 1541.6
1128940 1540.3
1128950 1540.3
1128960 1539.6
1128970 1538.5
1128980 1538.5
1128990 1537.2
1129000 1538.6
1129010 1538.6
1129020 1537.0
1129030 1535.1
1129040 1535.1
1129050 1532.5
1131590 1484.2
1131600 1483.5
1131610 1482.5
1131620 1482.5
1131630 1482.2
1131640 1481.7
1131650 1481.7
1131660 1480.5
1131670 1478.8
1131680 1478.8
1131690 1478.5
1131700 1479.4
1131710 1479.4
1131720 1480.0
1131730 1479.5
1131740 1479.5
1131750 1479.8
1131760 1480.2
1131770 1480.2
1131780 1480.1
1131790 1480.1
1131800 1480.1
1131810 1479.7
1131820 1479.0
1131830 1479.0
1131840 1480.5
1131850 1482.3
1131860 1482.3
1131870 1483.4
1131880 1481.9
1131890 1481.9
1131900 1482.9
1131910 1483.7
1131920 1485.0
1131930 1485.0
1131940 1484.9
1131950 1484.5
1131960 1484.5
1131970 1486.3
1131980 1488.8
1131990 1488.8
1132000 1491.5
1132010 1492.5
1132020 1492.5
1132030 1492.8
1132040 1492.2
1132050 1492.2
1132060 1492.0
1132070 1491.4
1132080 1491.4
1132090 1491.8
1132100 1492.7
1132110 1492.7
1132120 1492.9
1132130 1492.9
1132140 1492.9
1132150 1493.0
1132160 1492.5
1132170 1492.5
1132180 1491.3
1132190 1490.6
1132200 1489.8
1132210 1489.8
1132220 1489.7
1132230 1489.6
1132240 1487.8
1132250 1487.0
1132260 1485.1
1132270 1485.1
1132280 1481.7
1132290 1479.6
1132300 1479.6
1132310 1477.1
1132320 1476.7
1132330 1476.7
1132340 1475.0
1132350 1472.6
1132360 1472.6
1132370 1469.9
1132380 1468.8
1132390 1468.8
1132400 1469.2
1132410 1469.9
1132420 1469.9
1132430 1470.0
1132440 1469.9
1132450 1469.9
1132460 1470.0
1132470 1470.9
1132480 1470.9
1132490 1472.1
1132500 1471.4
1132510 1470.4
1132520 1470.4
1132530 1469.7
1132540 1469.3
1132550 1469.3
1132560 1469.6
1132570 1469.9
1132580 1469.9
1132590 1469.8
1132600 1468.8
1132610 1469.0
1132620 1468.0
1132630 1466.4
1132640 1466.4
1132650 1465.3
1132660 1465.7
1132670 1465.7
1132680 1466.9
1132690 1468.8
1132700 1468.8
1132710 1470.3
1132720 1469.0
1132730 1469.0
1132740 1466.1
1132750 1463.4
1132760 1463.4
1132770 1461.4
1132780 1459.9
1132790 1459.9
1132800 1459.2
1132810 1456.9
1132820 1453.9
1132830 1453.9
1132840 1452.3
1132850 1450.7
1132860 1450.7
1132870 1448.3
1132880 1443.2
1132890 1443.2
1132900 1436.3
1132910 1425.9
1132920 1425.9
1132930 1409.8
1132940 1399.0
1132950 1399.0
1132960 1389.5
1132970 1386.9
1132980 1386.9
1132990 1374.5
1133000 1358.5
1133010 1358.5
1133020 1345.4
1133030 1335.6
1133040 1335.6
1133050 1327.5
1133060 1321.2
1133070 1321.2
1133080 1314.5
1133090 1308.6
1133100 1308.6
1133110 1301.9
1133120 1294.8
1133130 1288.5
1133140 1288.5
1133150 1283.2
1133160 1278.6
1133170 1278.6
1133180 1274.5
1133190 1270.0
1133200 1270.0
1133210 1265.5
1133220 1261.6
1133230 1261.6
1133240 1258.1
1133250 1254.6
1133260 1254.6
1133270 1250.7
1133280 1247.0
1133290 1247.0
1133300 1243.1
1133310 1239.1
1133320 1239.1
1133330 1235.6
1133340 1231.2
1133350 1231.2
1133360 1227.1
1133370 1223.2
1133380 1223.2
1133390 1220.0
1133400 1216.9
1133410 1216.9
1133420 1213.8
1133430 1210.6
1133440 1207.4
1133450 1207.4
1133460 1204.0
1133470 1201.1
1133480 1201.1
1133490 1198.2
1133500 1195.5
1133510 1195.5
1133520 1192.4
1133530 1189.7
1133540 1189.7
1133550 1187.4
1133560 1185.3
1133570 1185.3
1133580 1183.2
1133590 1181.4
1133600 1181.4
1133610 1179.1
1133620 1176.0
1133630 1176.0
1133640 1172.3
1133650 1168.4
1133660 1168.4
1133670 1164.8
1133680 1161.8
1133690 1159.9
1133700 1156.7
1133710 1154.0
1133720 1154.0
1133730 1152.7
1133740 1150.7
1133750 1146.5
1133760 1146.5
1133770 1141.8
1133780 1137.3
1133790 1137.3
1133800 1130.5
1133810 1127.9
1133820 1127.9
1133830 1128.5
1133840 1135.8
1133850 1135.8
1133860 1140.9
1133870 1141.0
1133880 1141.0
1133890 1139.3
1133900 1138.0
1133910 1138.0
1133920 1137.0
1133930 1136.2
1133940 1136.2
1133950 1135.1
1133960 1133.7
1133970 1133.7
1133980 1132.1
1133990 1130.9
1134000 1130.9
1134010 1129.5
1134020 1128.1
1134030 1127.0
1134040 1127.0
1134050 1126.6
1134060 1124.8
1134070 1124.8
1134080 1125.3
1134090 1125.7
1134100 1125.7
1134110 1126.0
1134120 1126.1
1134130 1126.1
1134140 1125.9
1134150 1125.6
1134160 1125.6
1134170 1124.6
1134180 1123.6
1134190 1123.6
1134200 1122.0
1134210 1120.4
1134220 1120.4
1134230 1118.2
1134240 1115.9
1134250 1115.9
1134260 1114.3
1134270 1113.3
1134280 1113.3
1134290 1112.2
1134300 1111.6
1134310 1111.6
1134320 1110.8
1134330 1110.0
1134340 1108.9
1134350 1108.9
1134360 1108.4
1134370 1108.3
1134380 1108.3
1134390 1108.4
1134400 1108.8
1134410 1108.8
1134420 1109.5
1134430 1110.7
1134440 1110.7
1134450 1110.5
1134460 1110.7
1134470 1110.7
1134480 1111.0
1134490 1111.2
1134500 1111.2
1134510 1111.7
1134520 1112.2
1134530 1112.2
1134540 1113.7
1134550 1114.9
1134560 1114.9
1134570 1116.0
1134580 1117.1
1134590 1117.1
1134600 1118.2
1134610 1119.7
1134620 1119.7
1134630 1120.7
1134640 1121.6
1134650 1122.4
1134660 1122.4
1134670 1122.1
1134680 1122.4
1134690 1122.4
1134700 1122.6
1134710 1122.5
1134720 1122.5
1134730 1122.5
1134740 1122.8
1134750 1122.8
1134760 1123.2
1134770 1123.7
1134780 1123.7
1134790 1124.6
1134800 1125.2
1134810 1125.2
1134820 1126.1
1134830 1126.9
1134840 1126.9
1134850 1127.5
1134860 1127.4
1134870 1127.4
1134880 1126.4
1134890 1126.4
1134900 1126.4
1134910 1126.5
1134920 1126.7
1134930 1126.7
1134940 1127.0
1134950 1127.3
1134960 1127.7
1134970 1127.7
1134980 1128.3
1134990 1129.3
1135000 1129.3
1135010 1130.1
1135020 1130.9
1135030 1130.9
1135040 1131.6
1135050 1131.8
1135060 1131.8
1135070 1131.9
1135080 1132.4
1135090 1132.4
1135100 1132.0
1135110 1130.9
1135120 1130.9
1135130 1130.6
1135140 1130.5
1135150 1123.7
1135160 1125.0
1135170 1125.3
1135180 1125.3
1135190 1123.8
1135200 1121.1
1135210 1121.1
1135220 1118.5
1135230 1115.1
1135240 1115.1
1135250 1112.1
1135260 1109.4
1135270 1107.0
1135280 1107.0
1135290 1103.1
1135300 1097.7
1135310 1097.7
1135320 1095.2
1135330 1094.1
1135340 1094.1
1135350 1094.2
1135360 1093.3
1135370 1093.3
1135380 1092.7
1135390 1093.7
1135400 1093.7
1135410 1095.0
1135420 1096.3
1135430 1096.3
1135440 1097.2
1135450 1098.1
1135460 1098.1
1135470 1099.1
1135480 1100.5
1135490 1100.5
1135500 1102.5
1135510 1105.0
1135520 1106.4
1135530 1108.7
1135540 1109.1
1135550 1109.1
1135560 1111.7
1135570 1114.4
1135580 1116.0
1135590 1116.0
1135600 1116.7
1135610 1116.1
1135620 1116.1
1135630 1115.1
1135640 1114.3
1135650 1114.3
1135660 1113.6
1135670 1112.6
1135680 1112.6
1135690 1111.6
1135700 1110.6
1135710 1110.6
1135720 1109.5
1135730 1108.4
1135740 1108.4
1135750 1107.3
1135760 1105.9
1135770 1105.9
1135780 1104.7
1135790 1103.3
1135800 1103.3
1135810 1101.8
1135820 1100.1
1135830 1100.1
1135840 1098.4
1135850 1096.7
1135860 1094.8
1135870 1094.8
1135880 1089.1
1135890 1087.3
1135900 1087.3
1135910 1085.2
1135920 1082.9
1135930 1082.9
1135940 1080.2
1135950 1077.4
1135960 1077.4
1135970 1074.8
1135980 1072.4
1135990 1072.4
1136000 1070.3
1136010 1068.5
1136020 1068.5
1136030 1066.5
1136040 1064.1
1136050 1064.1
1136060 1061.1
1136070 1058.5
1136080 1058.5
1136090 1055.6
1136100 1052.4
1136110 1052.4
1136120 1048.3
1136130 1043.9
1136140 1043.9
1136150 1040.1
1136160 1037.2
1136170 1034.1
1136180 1034.1
1136190 1030.7
1136200 1027.7
1136210 1027.7
1136220 1024.5
1136230 1021.2
1136240 1021.2
1136250 1015.3
1136260 1012.1
1136270 1012.1
1136280 1009.6
1136290 1007.0
1136300 1007.0
1136310 1004.5
1136320 1002.9
1136330 1002.9
1136340 1000.2
1136350 993.7
1136360 993.7
1136370 988.5
1136380 984.8
1136390 984.8
1136400 978.6
1136410 968.8
1136420 968.8
1136430 959.2
1136440 952.5
1136450 952.5
1136460 948.9
1136470 946.8
1136480 942.5
1136490 942.5
1136500 937.8
1136510 934.5
1136520 934.5
1136530 934.6
1136540 935.2
1136550 935.2
1136560 935.3
1136570 935.9
1136580 935.9
1136590 935.9
1136600 936.2
1136610 936.2
1136620 938.7
1136630 939.3
1136640 939.3
1136650 939.4
1136660 938.8
1136670 938.8
1136680 938.3
1136690 938.7
1136700 938.7
1136710 939.8
1136720 940.4
1136730 940.4
1136740 941.0
1136750 942.5
1136760 942.5
1136770 944.6
1136780 948.1
1136790 951.9
1136800 951.9
1136810 955.7
1136820 950.8
1136830 950.8
1136840 948.8
1136850 951.7
1136860 951.7
1136870 957.4
1136880 963.5
1136890 963.5
1136900 968.8
1136910 976.2
1136920 976.2
1136930 985.4
1136940 994.4
1136950 994.4
1136960 1002.7
1136970 1006.5
1136980 1008.9
1136990 1009.4
1137000 1009.4
1137010 1009.4
1137020 1008.9
1137030 1009.7
1137040 1009.7
1137050 1010.9
1137060 1011.6
1137070 1011.6
1137080 1011.9
1137090 1013.1
1137100 1014.7
1137110 1014.7
1137120 1016.5
1137130 1020.0
1137140 1020.0
1137150 1020.1
1137160 1021.4
1137170 1021.4
1137180 1021.1
1137190 1021.6
1137200 1021.6
1137210 1020.9
1137220 1020.2
1137230 1020.2
1137240 1019.8
1137250 1019.6
1137260 1019.6
1137270 1018.7
1137280 1018.5
1137290 1018.5
1137300 1019.0
1137310 1020.4
1137320 1020.4
1137330 1022.4
1137340 1025.1
1137350 1028.0
1137360 1029.6
1137370 1030.2
1137380 1030.2
1137390 1030.4
1137400 1033.1
1137410 1036.1
1137420 1036.1
1137430 1039.7
1137440 1042.1
1137450 1042.1
1137460 1041.7
1137470 1037.6
1137480 1037.6
1137490 1040.8
1137500 1041.2
1137510 1041.2
1137520 1042.0
1137530 1043.8
1137540 1043.8
1137550 1045.0
1137560 1046.0
1137570 1046.0
1137580 1046.9
1137590 1048.9
1137600 1048.9
1137610 1052.3
1137620 1056.7
1137630 1056.7
1137640 1061.3
1137650 1067.1
1137660 1067.1
1137670 1073.2
1137680 1078.3
1137690 1082.4
1137700 1082.4
1137710 1085.6
1137720 1092.3
1137730 1092.3
1137740 1095.2
1137750 1099.1
1137760 1099.1
1137770 1103.8
1137780 1108.2
1137790 1108.2
1137800 1111.8
1137810 1111.7
1137820 1111.7
1137830 1110.2
1137840 1108.6
1137850 1108.6
1137860 1109.4
1137870 1112.5
1137880 1112.5
1137890 1115.3
1137900 1117.2
1137910 1117.2
1137920 1118.0
1137930 1118.6
1137940 1118.6
1137950 1119.4
1137960 1119.1
1137970 1119.1
1137980 1119.9
1137990 1123.2
1138000 1125.5
1138010 1125.5
1138020 1127.5
1138030 1130.5
1138040 1130.5
1138050 1133.0
1138060 1135.5
1138070 1135.5
1138080 1141.6
1138090 1145.2
1138100 1145.2
1138110 1148.5
1138120 1150.1
1138130 1150.1
1138140 1152.2
1138150 1156.0
1138160 1156.0
1138170 1160.6
1138180 1164.1
1138190 1164.1
1138200 1164.8
1138210 1162.9
1138220 1162.9
1138230 1166.8
1138240 1171.0
1138250 1171.0
1138260 1173.6
1138270 1177.8
1138280 1177.8
1138290 1180.8
1138300 1181.1
1138310 1176.7
1138320 1176.7
1138330 1181.3
1138340 1187.6
1138350 1187.6
1138360 1192.6
1138370 1197.4
1138380 1197.4
1138390 1200.8
1138400 1204.1
1138410 1204.1
1138420 1207.3
1138430 1209.2
1138440 1209.2
1138450 1216.0
1138460 1221.1
1138470 1221.1
1138480 1225.0
1138490 1228.1
1138500 1228.1
1138510 1231.4
1138520 1232.7
1138530 1232.7
1138540 1230.6
1138550 1231.0
1138560 1231.0
1138570 1236.6
1138580 1236.9
1138590 1236.9
1138600 1236.2
1138610 1240.4
1138620 1245.8
1138630 1245.8
1138640 1249.5
1138650 1250.9
1138660 1250.9
1138670 1251.6
1138680 1252.7
1138690 1252.7
1138700 1254.0
1138710 1255.5
1138720 1255.5
1138730 1256.8
1138740 1258.1
1138750 1258.1
1138760 1258.6
1138770 1258.7
1138780 1258.7
1138790 1260.8
1138800 1262.3
1138810 1262.3
1138820 1266.5
1138830 1268.7
1138840 1268.7
1138850 1270.4
1138860 1272.5
1138870 1272.5
1138880 1274.5
1138890 1277.9
1138900 1277.9
1138910 1281.5
1138920 1283.5
1138930 1285.4
1138940 1285.4
1138950 1287.1
1138960 1289.4
1138970 1289.4
1138980 1292.2
1138990 1295.5
1139000 1295.5
1139010 1298.4
1139020 1299.7
1139030 1299.7
1139040 1302.1
1139050 1305.3
1139060 1305.3
1139070 1308.5
1139080 1310.6
1139090 1310.6
1139100 1312.9
1139110 1315.8
1139120 1315.8
1139130 1317.8
1139140 1321.4
1139150 1321.4
1139160 1325.6
1139170 1328.6
1139180 1328.6
1139190 1337.2
1139200 1340.1
1139210 1340.1
1139220 1342.0
1139230 1343.7
1139240 1346.4
1139250 1346.4
1139260 1351.6
1139270 1357.3
1139280 1357.3
1139290 1361.0
1139300 1362.8
1139310 1362.8
1139320 1363.6
1139330 1363.7
1139340 1363.7
1139350 1362.9
1139360 1362.9
1139370 1362.9
1139380 1364.7
1139390 1366.1
1139400 1366.1
1139410 1367.4
1139420 1369.3
1139430 1369.3
1139440 1371.1
1139450 1373.5
1139460 1373.5
1139470 1376.0
1139480 1378.2
1139490 1378.2
