1120000 1397.3
1120010 1400.4
1120020 1403.4
1120030 1403.4
1120040 1406.1
1120050 1408.3
1120060 1410.4
1120070 1410.4
1120080 1411.8
1120090 1412.5
1120100 1412.5
1120110 1414.3
1120120 1416.7
1120130 1416.7
1120140 1418.4
1120150 1419.8
1120160 1419.8
1120170 1421.7
1120180 1423.5
1120190 1423.5
1120200 1425.5
1120210 1427.7
1120220 1427.7
1120230 1428.3
1120240 1429.6
1120250 1429.6
1120260 1431.5
1120270 1432.9
1120280 1432.9
1120290 1433.9
1120300 1435.1
1120310 1435.1
1120320 1432.7
1120330 1433.4
1120340 1433.4
1120350 1434.7
1120360 1434.8
1120370 1435.2
1120380 1435.2
1120390 1434.0
1120400 1433.8
1120410 1433.8
1120420 1435.3
1120430 1436.2
1120440 1436.2
1120450 1436.9
1120460 1437.2
1120470 1437.2
1120480 1439.0
1120490 1441.5
1120500 1441.5
1120510 1443.8
1120520 1446.9
1120530 1446.9
1120540 1449.0
1120550 1449.4
1120560 1449.4
1120570 1450.5
1120580 1452.5
1120590 1452.5
1120600 1453.6
1120610 1456.5
1120620 1456.5
1120630 1459.6
1120640 1463.7
1120650 1463.7
1120660 1467.7
1120670 1467.8
1120680 1471.1
1120690 1471.1
1120700 1473.9
1120710 1477.5
1120720 1477.5
1120730 1480.1
1120740 1482.4
1120750 1482.4
1120760 1484.2
1120770 1484.0
1120780 1484.0
1120790 1486.0
1120800 1488.0
1120810 1488.0
1120820 1491.3
1120830 1493.3
1120840 1493.3
1120850 1494.4
1120860 1495.3
1120870 1495.3
1120880 1497.0
1120890 1497.9
1120900 1497.9
1120910 1499.5
1120920 1500.7
1120930 1500.7
1120940 1500.9
1120950 1500.1
1120960 1500.1
1120970 1499.0
1120980 1499.7
1120990 1501.7
1121000 1501.7
1121010 1504.0
1121020 1504.2
1121030 1504.2
1121040 1505.4
1121050 1506.0
1121060 1506.0
1121070 1506.8
1121080 1508.0
1121090 1508.0
1121100 1508.7
1121110 1509.4
1121120 1509.4
1121130 1510.0
1121140 1511.3
1121150 1511.3
1121160 1512.2
1121170 1512.7
1121180 1512.7
1121190 1513.9
1121200 1516.4
1121210 1516.4
1121220 1519.6
1121230 1522.8
1121240 1522.8
1121250 1525.4
1121260 1528.5
1121270 1528.5
1121280 1530.1
1121290 1532.1
1121300 1534.5
1121310 1534.5
1121320 1536.3
1121330 1538.5
1121340 1538.5
1121350 1541.0
1121360 1543.4
1121370 1540.1
1121380 1542.4
1121390 1545.2
1121400 1545.2
1121410 1548.6
1121420 1552.1
1121430 1552.1
1121440 1555.2
1121450 1556.8
1121460 1556.8
1121470 1557.9
1121480 1558.4
1121490 1558.4
1121500 1559.3
1121510 1561.9
1121520 1561.9
1121530 1563.4
1121540 1564.4
1121550 1564.4
1121560 1565.4
1121570 1565.7
1121580 1565.7
1121590 1566.2
1121600 1565.8
1121610 1566.3
1121620 1566.3
1121630 1565.9
1121640 1568.1
1121650 1568.1
1121660 1568.7
1121670 1569.6
1121680 1569.6
1121690 1573.7
1121700 1577.6
1121710 1577.6
1121720 1575.2
1121730 1576.8
1121740 1576.8
1121750 1579.4
1121760 1580.8
1121770 1580.8
1121780 1580.6
1121790 1578.0
1121800 1578.0
1121810 1574.4
1121820 1572.4
1121830 1572.4
1121840 1570.5
1121850 1564.8
1121860 1564.8
1121870 1560.4
1121880 1557.6
1121890 1557.6
1121900 1557.0
1121910 1557.8
1121920 1559.4
1121930 1559.4
1121940 1561.7
1121950 1562.8
1121960 1562.8
1121970 1563.4
1121980 1566.0
1121990 1566.0
1122000 1569.6
1122010 1573.3
1122020 1573.3
1122030 1578.2
1122040 1582.7
1122050 1582.7
1122060 1586.9
1122070 1585.3
1122080 1585.3
1122090 1589.6
1122100 1593.6
1122110 1593.6
1122120 1597.9
1122130 1603.3
1122140 1603.3
1122150 1608.9
1122160 1613.9
1122170 1613.9
1122180 1618.5
1122190 1622.8
1122200 1627.5
1122210 1627.5
1122220 1631.6
1122230 1635.9
1122240 1635.9
1122250 1639.8
1122260 1644.0
1122270 1644.0
1122280 1647.0
1122290 1647.8
1122300 1647.8
1122310 1649.5
1122320 1651.9
1122330 1651.9
1122340 1653.8
1122350 1654.2
1122360 1654.2
1122370 1653.7
1122380 1656.6
1122390 1656.6
1122400 1658.1
1122410 1660.3
1122420 1656.2
1122430 1657.2
1122440 1659.3
1122450 1659.3
1122460 1662.2
1122470 1664.6
1122480 1664.6
1122490 1666.6
1122500 1669.4
1122510 1673.5
1122520 1673.5
1122530 1677.7
1122540 1681.0
1122550 1681.0
1122560 1683.5
1122570 1684.6
1122580 1684.6
1122590 1682.4
1122600 1681.4
1122610 1681.4
1122620 1682.8
1122630 1684.7
1122640 1684.7
1122650 1686.8
1122660 1689.5
1122670 1689.5
1122680 1689.9
1122690 1689.1
1122700 1689.1
1122710 1688.7
1122720 1690.9
1122730 1690.9
1122740 1693.9
1122750 1697.6
1122760 1697.6
1122770 1704.3
1122780 1701.4
1122790 1701.4
1122800 1705.9
1122810 1710.0
1122820 1713.9
1122830 1713.9
1122840 1716.5
1122850 1718.2
1122860 1718.2
1122870 1719.8
1122880 1720.7
1122890 1720.7
1122900 1720.6
1122910 1720.5
1122920 1720.5
1122930 1721.6
1122940 1721.8
1122950 1721.8
1122960 1723.1
1122970 1724.2
1122980 1724.2
1122990 1725.3
1123000 1727.3
1123010 1727.3
1123020 1728.9
1123030 1729.9
1123040 1729.9
1123050 1730.9
1123060 1732.9
1123070 1732.9
1123080 1736.6
1123090 1742.2
1123100 1742.2
1123110 1746.4
1123120 1748.4
1123130 1746.9
1123140 1746.9
1123150 1749.7
1123160 1752.8
1123170 1752.8
1123180 1756.4
1123190 1761.2
1123200 1761.2
1123210 1762.0
1123220 1766.6
1123230 1766.6
1123240 1771.9
1123250 1776.1
1123260 1776.1
1123270 1779.3
1123280 1779.5
1123290 1779.5
1123300 1778.6
1123310 1781.9
1123320 1781.9
1123330 1783.9
1123340 1749.2
1123350 1749.2
1123360 1736.5
1123370 1731.5
1123380 1731.5
1123390 1726.3
1123400 1722.0
1123410 1722.0
1123420 1717.9
1123430 1714.1
1123440 1711.0
1123450 1711.0
1123460 1708.9
1123470 1706.8
1123480 1712.6
1123490 1712.1
1123500 1710.6
1123510 1710.6
1123520 1709.4
1123530 1708.7
1123540 1708.7
1123550 1709.2
1123560 1710.3
1123570 1710.3
1123580 1711.3
1123590 1713.1
1123600 1713.1
1123610 1715.7
1123620 1719.2
1123630 1719.2
1123640 1723.9
1123650 1728.8
1123660 1728.8
1123670 1733.2
1123680 1737.9
1123690 1737.9
1123700 1742.8
1123710 1747.0
1123720 1747.0
1123730 1751.1
1123740 1757.1
1123750 1762.9
1123760 1762.9
1123770 1768.1
1123780 1773.9
1123790 1773.9
1123800 1779.9
1123810 1785.8
1123820 1785.8
1123830 1792.1
1123840 1803.7
1123850 1803.7
1123860 1812.7
1123870 1820.9
1123880 1820.9
1123890 1828.5
1123900 1832.9
1123910 1832.9
1123920 1840.7
1123930 1853.6
1123940 1853.6
1123950 1857.1
1123960 1858.9
1123970 1858.9
1123980 1859.7
1123990 1861.2
1124000 1861.2
1124010 1863.8
1124020 1866.9
1124030 1866.9
1124040 1870.3
1124050 1873.8
1124060 1876.6
1124070 1876.6
1124080 1878.7
1124090 1877.8
1124100 1877.8
1124110 1874.4
1124120 1867.5
1124130 1867.5
1124140 1862.7
1124150 1860.4
1124160 1860.4
1124170 1858.5
1124180 1858.1
1124190 1852.8
1124200 1854.5
1124210 1861.9
1124220 1861.9
1124230 1868.2
1124240 1872.3
1124250 1872.3
1124260 1873.9
1124270 1878.1
1124280 1878.1
1124290 1882.6
1124300 1884.2
1124310 1884.2
1124320 1883.8
1124330 1880.6
1124340 1880.6
1124350 1883.0
1124360 1887.6
1124370 1892.5
1124380 1892.5
1124390 1894.3
1124400 1896.6
1124410 1896.6
1124420 1899.7
1124430 1903.4
1124440 1903.4
1124450 1907.8
1124460 1911.0
1124470 1911.0
1124480 1913.8
1124490 1914.9
1124500 1914.9
1124510 1916.7
1124520 1920.9
1124530 1920.9
1124540 1919.8
1124550 1922.7
1124560 1922.7
1124570 1925.0
1124580 1930.0
1124590 1930.0
1124600 1933.6
1124610 1938.2
1124620 1938.2
1124630 1942.8
1124640 1946.4
1124650 1949.8
1124660 1949.8
1124670 1944.7
1124680 1893.3
1124690 1893.3
1124700 1886.5
1124710 1880.3
1124720 1880.3
1124730 1872.8
1124740 1866.4
1124750 1866.4
1124760 1860.6
1124770 1854.7
1124780 1854.7
1124790 1849.0
1124800 1842.8
1124810 1842.8
1124820 1837.4
1124830 1832.5
1124840 1832.5
1124850 1827.0
1124860 1821.0
1124870 1821.0
1124880 1817.9
1124890 1816.5
1124900 1822.3
1124910 1820.8
1124920 1820.0
1124930 1820.0
1124940 1817.6
1124950 1815.0
1124960 1812.3
1124970 1812.3
1124980 1811.0
1124990 1809.9
1125000 1809.9
1125010 1810.9
1125020 1811.8
1125030 1811.8
1125040 1810.4
1125050 1809.7
1125060 1809.7
1125070 1810.1
1125080 1808.9
1125090 1808.9
1125100 1809.4
1125110 1808.6
1125120 1808.6
1125130 1808.3
1125140 1808.3
1125150 1808.3
1125160 1808.4
1125170 1808.0
1125180 1808.0
1125190 1807.9
1125200 1807.1
1125210 1807.1
1125220 1805.7
1125230 1804.8
1125240 1804.8
1125250 1808.0
1125260 1809.4
1125270 1812.6
1125280 1812.6
1125290 1816.0
1125300 1816.6
1125310 1816.6
1125320 1817.1
1125330 1818.4
1125340 1818.4
1125350 1819.1
1125360 1818.7
1125370 1818.7
1125380 1816.5
1125390 1814.6
1125400 1814.6
1125410 1814.2
1125420 1814.1
1125430 1814.1
1125440 1813.9
1125450 1812.6
1125460 1812.6
1125470 1810.7
1125480 1808.4
1125490 1808.4
1125500 1806.0
1125510 1807.0
1125520 1807.0
1125530 1807.2
1125540 1807.3
1125550 1807.3
1125560 1807.8
1125570 1808.4
1125580 1808.1
1125590 1808.1
1125600 1807.2
1125610 1810.6
1125620 1810.6
1125630 1809.1
1125640 1808.5
1125650 1808.5
1125660 1808.5
1125670 1807.9
1125680 1807.9
1125690 1807.9
1125700 1808.6
1125710 1808.6
1125720 1808.0
1125730 1807.9
1125740 1807.9
1125750 1806.5
1125760 1803.1
1125770 1803.1
1125780 1801.0
1125790 1798.6
1125800 1798.6
1125810 1795.4
1125820 1793.0
1125830 1793.0
1125840 1791.8
1125850 1788.1
1125860 1788.1
1125870 1783.8
1125880 1780.5
1125890 1779.4
1125900 1779.4
1125910 1778.7
1125920 1776.9
1125930 1776.9
1125940 1775.5
1125950 1773.2
1125960 1781.2
1125970 1778.2
1125980 1774.7
1125990 1774.7
1126000 1772.0
1126010 1768.8
1126020 1768.8
1126030 1766.2
1126040 1763.3
1126050 1763.3
1126060 1759.7
1126070 1757.6
1126080 1757.6
1126090 1755.6
1126100 1754.1
1126110 1754.1
1126120 1752.7
1126130 1751.0
1126140 1751.0
1126150 1749.3
1126160 1747.3
1126170 1747.3
1126180 1744.9
1126190 1743.1
1126200 1741.8
1126210 1741.8
1126220 1740.6
1126230 1738.8
1126240 1738.8
1126250 1737.7
1126260 1737.0
1126270 1737.0
1126280 1735.7
1126290 1735.4
1126300 1735.4
1126310 1734.9
1126320 1736.8
1126330 1736.8
1126340 1734.6
1126350 1733.4
1126360 1733.4
1126370 1732.8
1126380 1731.8
1126390 1731.8
1126400 1730.9
1126410 1731.1
1126420 1731.1
1126430 1731.2
1126440 1730.5
1126450 1730.5
1126460 1731.2
1126470 1735.2
1126480 1735.2
1126490 1738.8
1126500 1739.9
1126510 1741.2
1126520 1741.2
1126530 1741.8
1126540 1741.7
1126550 1741.7
1126560 1742.0
1126570 1742.1
1126580 1742.1
1126590 1743.7
1126600 1747.4
1126610 1747.4
1126620 1750.1
1126630 1751.7
1126640 1751.7
1126650 1753.6
1126660 1757.1
1126670 1757.1
1126680 1758.7
1126690 1763.0
1126700 1763.0
1126710 1766.3
1126720 1767.7
1126730 1767.7
1126740 1767.5
1126750 1768.2
1126760 1768.2
1126770 1769.3
1126780 1772.5
1126790 1772.5
1126800 1778.7
1126810 1786.1
1126820 1790.8
1126830 1790.8
1126840 1793.8
1126850 1795.5
1126860 1795.5
1126870 1796.9
1126880 1799.1
1126890 1799.1
1126900 1802.9
1126910 1808.1
1126920 1808.1
1126930 1812.3
1126940 1814.8
1126950 1814.8
1126960 1815.2
1126970 1816.2
1126980 1816.2
1126990 1817.2
1127000 1817.3
1127010 1817.3
1127020 1816.9
1127030 1816.9
1127040 1816.9
1127050 1817.0
1127060 1817.3
1127070 1817.3
1127080 1817.1
1127090 1817.6
1127100 1817.6
1127110 1818.5
1127120 1819.4
1127130 1820.4
1127140 1820.4
1127150 1820.8
1127160 1822.4
1127170 1822.4
1127180 1822.3
1127190 1822.6
1127200 1822.6
1127210 1820.8
1127220 1813.7
1127230 1813.7
1127240 1805.6
1127250 1797.4
1127260 1797.4
1127270 1789.8
1127280 1787.1
1127290 1787.1
1127300 1784.3
1127310 1781.3
1127320 1781.3
1127330 1782.1
1127340 1785.4
1127350 1785.4
1127360 1788.8
1127370 1793.3
1127380 1793.3
1127390 1799.5
1127400 1805.6
1127410 1812.0
1127420 1812.0
1127430 1817.2
1127440 1822.9
1127450 1822.9
1127460 1830.0
1127470 1837.8
1127480 1837.8
1127490 1848.5
1127500 1863.1
1127510 1863.1
1127520 1873.2
1127530 1872.8
1127540 1872.8
1127550 1872.3
1127560 1873.2
1127570 1873.2
1127580 1867.3
1127590 1851.7
1127600 1851.7
1127610 1835.3
1127620 1827.7
1127630 1827.7
1127640 1821.9
1127650 1814.0
1127660 1814.0
1127670 1805.6
1127680 1798.6
1127690 1798.6
1127700 1791.3
1127710 1783.3
1127720 1772.1
1127730 1772.1
1127740 1764.2
1127750 1770.6
1127760 1770.6
1127770 1764.3
1127780 1757.3
1127790 1757.3
1127800 1751.4
1127810 1743.0
1127820 1743.0
1127830 1735.5
1127840 1729.4
1127850 1729.4
1127860 1720.6
1127870 1713.1
1127880 1713.1
1127890 1709.0
1127900 1704.0
1127910 1704.0
1127920 1698.4
1127930 1693.2
1127940 1693.2
1127950 1687.8
1127960 1682.2
1127970 1682.2
1127980 1677.4
1127990 1672.8
1128000 1672.8
1128010 1668.4
1128020 1664.8
1128030 1661.4
1128040 1661.4
1128050 1658.1
1128060 1655.2
1128070 1655.2
1128080 1651.8
1128090 1649.7
1128100 1653.2
1128110 1652.2
1128120 1652.0
1128130 1652.0
1128140 1650.5
1128150 1648.0
1128160 1648.0
1128170 1646.0
1128180 1643.0
1128190 1643.0
1128200 1640.5
1128210 1639.4
1128220 1639.4
1128230 1636.5
1131610 1521.2
1131620 1522.0
1131630 1522.0
1131640 1523.3
1131650 1523.9
1131660 1523.9
1131670 1523.4
1131680 1521.1
1131690 1521.1
1131700 1515.2
1131710 1513.2
1131720 1512.6
1131730 1512.6
1131740 1510.8
1131750 1509.5
1131760 1509.5
1131770 1509.3
1131780 1509.3
1131790 1509.3
1131800 1509.3
1131810 1509.7
1131820 1509.7
1131830 1510.2
1131840 1510.4
1131850 1510.4
1131860 1510.6
1131870 1510.5
1131880 1510.5
1131890 1510.6
1131900 1511.2
1131910 1511.2
1131920 1512.2
1131930 1513.1
1131940 1513.1
1131950 1514.7
1131960 1516.5
1131970 1516.5
1131980 1517.8
1131990 1518.6
1132000 1518.2
1132010 1518.2
1132020 1517.5
1132030 1517.0
1132040 1517.0
1132050 1516.6
1132060 1515.3
1132070 1515.0
1132080 1512.6
1132090 1511.4
1132100 1511.4
1132110 1510.0
1132120 1508.6
1132130 1508.6
1132140 1507.5
1132150 1506.7
1132160 1506.7
1132170 1504.7
1132180 1502.5
1132190 1502.5
1132200 1501.0
1132210 1498.9
1132220 1498.9
1132230 1498.0
1132240 1494.8
1132250 1494.8
1132260 1493.4
1132270 1492.7
1132280 1492.7
1132290 1492.3
1132300 1492.0
1132310 1491.8
1132320 1491.8
1132330 1491.7
1132340 1491.7
1132350 1491.7
1132360 1492.2
1132370 1491.5
1132380 1491.5
1132390 1488.7
1132400 1487.3
1132410 1487.3
1132420 1486.2
1132430 1483.4
1132440 1483.4
1132450 1482.5
1132460 1482.8
1132470 1482.8
1132480 1482.6
1132490 1482.7
1132500 1482.7
1132510 1481.3
1132520 1479.2
1132530 1479.2
1132540 1479.5
1132550 1478.8
1132560 1478.8
1132570 1478.2
1132580 1477.5
1132590 1477.5
1132600 1476.8
1132610 1476.2
1132620 1475.5
1132630 1475.5
1132640 1474.0
1132650 1471.8
1132660 1471.8
1132670 1468.6
1132680 1462.6
1132690 1462.6
1132700 1455.2
1132710 1446.8
1132720 1446.8
1132730 1436.5
1132740 1420.9
1132750 1420.9
1132760 1407.7
1132770 1396.6
1132780 1396.6
1132790 1395.1
1132800 1387.1
1132810 1387.1
1132820 1380.3
1132830 1371.6
1132840 1371.6
1132850 1357.8
1132860 1345.4
1132870 1345.4
1132880 1330.5
1132890 1318.9
1132900 1318.9
1132910 1309.0
1132920 1298.9
1132930 1291.9
1132940 1291.9
1132950 1285.7
1132960 1279.2
1132970 1279.2
1132980 1270.3
1132990 1262.2
1133000 1262.2
1133010 1254.8
1133020 1248.8
1133030 1248.8
1133040 1246.2
1133050 1246.4
1133060 1246.4
1133070 1245.0
1133080 1242.9
1133090 1242.9
1133100 1240.1
1133110 1236.6
1133120 1236.6
1133130 1234.7
1133140 1232.9
1133150 1236.6
1133160 1234.9
1133170 1233.1
1133180 1233.1
1133190 1231.3
1133200 1230.4
1133210 1230.4
1133220 1228.4
1133230 1226.2
1133240 1224.4
1133250 1224.4
1133260 1223.0
1133270 1221.3
1133280 1221.3
1133290 1219.4
1133300 1218.0
1133310 1218.0
1133320 1217.0
1133330 1216.4
1133340 1216.4
1133350 1216.8
1133360 1218.1
1133370 1218.1
1133380 1217.6
1133390 1210.9
1133400 1210.9
1133410 1204.3
1133420 1199.1
1133430 1199.1
1133440 1193.8
1133450 1189.2
1133460 1189.2
1133470 1185.9
1133480 1182.9
1133490 1182.9
1133500 1179.5
1133510 1175.1
1133520 1182.6
1133530 1178.7
1133540 1176.5
1133550 1174.5
1133560 1174.5
1133570 1171.8
1133580 1169.8
1133590 1169.8
1133600 1168.2
1133610 1163.3
1133620 1163.3
1133630 1157.2
1133640 1159.7
1133650 1159.7
1133660 1164.0
1133670 1166.5
1133680 1166.5
1133690 1169.2
1133700 1170.6
1133710 1170.6
1133720 1172.2
1133730 1174.0
1133740 1174.0
1133750 1177.1
1133760 1179.0
1133770 1179.0
1133780 1177.7
1133790 1175.2
1133800 1175.2
1133810 1175.0
1133820 1176.6
1133830 1176.6
1133840 1177.7
1133850 1175.6
1133860 1174.9
1133870 1174.9
1133880 1171.0
1133890 1169.3
1133900 1169.3
1133910 1166.9
1133920 1164.7
1133930 1164.7
1133940 1163.0
1133950 1161.9
1133960 1161.9
1133970 1160.7
1133980 1159.9
1133990 1159.9
1134000 1160.2
1134010 1161.2
1134020 1161.2
1134030 1160.8
1134040 1159.7
1134050 1159.7
1134060 1158.0
1134070 1156.0
1134080 1156.0
1134090 1154.4
1134100 1152.8
1134110 1152.8
1134120 1150.3
1134130 1147.3
1134140 1144.0
1134150 1144.0
1134160 1142.0
1134170 1141.4
1134180 1141.4
1134190 1139.4
1134200 1137.5
1134210 1137.5
1134220 1136.4
1134230 1135.8
1134240 1133.3
1134250 1132.8
1134260 1131.3
1134270 1131.3
1134280 1129.3
1134290 1127.9
1134300 1127.9
1134310 1126.3
1134320 1124.6
1134330 1124.6
1134340 1122.7
1134350 1120.9
1134360 1120.9
1134370 1119.2
1134380 1116.4
1134390 1116.4
1134400 1113.6
1134410 1111.3
1134420 1111.3
1134430 1108.2
1134440 1106.4
1134450 1105.1
1134460 1105.1
1134470 1103.5
1134480 1103.0
1134490 1103.0
1134500 1102.2
1134510 1105.2
1134520 1105.2
1134530 1106.6
1134540 1106.4
1134550 1106.4
1134560 1106.2
1134570 1105.7
1134580 1105.7
1134590 1105.4
1134600 1105.2
1134610 1106.7
1134620 1107.1
1134630 1107.4
1134640 1107.4
1134650 1107.6
1134660 1108.3
1134670 1108.3
1134680 1109.9
1134690 1111.2
1134700 1111.2
1134710 1112.3
1134720 1113.2
1134730 1113.2
1134740 1113.9
1134750 1114.3
1134760 1114.2
1134770 1114.2
1134780 1113.5
1134790 1113.3
1134800 1113.3
1134810 1113.2
1134820 1112.9
1134830 1112.9
1134840 1112.5
1134850 1113.0
1134860 1113.0
1134870 1113.5
1134880 1113.7
1134890 1113.7
1134900 1114.3
1134910 1114.8
1134920 1114.8
1134930 1113.6
1134940 1109.5
1134950 1109.5
1134960 1113.1
1134970 1116.7
1134980 1116.7
1134990 1117.4
1135000 1117.8
1135010 1117.8
1135020 1118.0
1135030 1118.1
1135040 1118.1
1135050 1118.1
1135060 1118.0
1135070 1118.4
1135080 1118.4
1135090 1119.0
1135100 1119.4
1135110 1119.4
1135120 1119.1
1135130 1118.8
1135140 1118.8
1135150 1119.3
1135160 1119.6
1135170 1119.6
1135180 1119.1
1135190 1118.8
1135200 1118.8
1135210 1118.1
1135220 1116.9
1135230 1116.9
1135240 1116.0
1135250 1114.7
1135260 1114.7
1135270 1113.8
1135280 1111.5
1135290 1111.5
1135300 1108.6
1135310 1106.7
1135320 1106.7
1135330 1104.2
1135340 1100.9
1135350 1100.9
1135360 1097.8
1135370 1094.9
1135380 1090.3
1135390 1090.3
1135400 1085.0
1135410 1079.6
1135420 1079.6
1135430 1074.4
1135440 1069.6
1135450 1069.6
1135460 1066.0
1135470 1065.7
1135480 1065.7
1135490 1066.8
1135500 1066.2
1135510 1066.2
1135520 1064.8
1135530 1063.9
1135540 1063.9
1135550 1063.8
1135560 1063.4
1135570 1063.4
1135580 1063.0
1135590 1063.6
1135600 1063.6
1135610 1064.4
1135620 1065.4
1135630 1065.4
1135640 1066.4
1135650 1067.7
1135660 1067.7
1135670 1068.7
1135680 1069.9
1135690 1072.0
1135700 1078.4
1135710 1079.8
1135720 1080.8
1135730 1080.8
1135740 1081.6
1135750 1083.3
1135760 1083.3
1135770 1083.3
1135780 1080.8
1135790 1080.8
1135800 1080.1
1135810 1079.5
1135820 1079.5
1135830 1080.5
1135840 1083.6
1135850 1083.6
1135860 1084.5
1135870 1085.2
1135880 1085.2
1135890 1087.9
1135900 1091.5
1135910 1091.5
1135920 1091.4
1135930 1091.4
1135940 1091.4
1135950 1090.5
1135960 1089.3
1135970 1088.6
1135980 1088.6
1135990 1087.7
1136000 1086.3
1136010 1086.3
1136020 1084.8
1136030 1082.9
1136040 1082.9
1136050 1081.3
1136060 1079.9
1136070 1083.3
1136080 1081.4
1136090 1079.4
1136100 1079.4
1136110 1077.3
1136120 1073.9
1136130 1073.9
1136140 1070.2
1136150 1066.0
1136160 1066.0
1136170 1061.9
1136180 1057.2
1136190 1057.2
1136200 1051.4
1136210 1045.7
1136220 1045.7
1136230 1040.8
1136240 1035.9
1136250 1035.9
1136260 1030.2
1136270 1024.4
1136280 1020.2
1136290 1020.2
1136300 1016.4
1136310 1014.1
1136320 1014.1
1136330 1013.7
1136340 1010.4
1136350 1010.4
1136360 997.9
1136370 986.2
1136380 986.2
1136390 980.7
1136400 976.5
1136410 976.5
1136420 975.4
1136430 975.1
1136440 973.2
1136450 971.0
1136460 970.2
1136470 970.2
1136480 972.0
1136490 975.1
1136500 975.1
1136510 978.5
1136520 981.4
1136530 981.4
1136540 985.6
1136550 988.6
1136560 988.6
1136570 988.9
1136580 988.6
1136590 988.3
1136600 988.3
1136610 987.9
1136620 987.6
1136630 987.6
1136640 986.8
1136650 985.3
1136660 985.3
1136670 982.9
1136680 981.4
1136690 981.4
1136700 978.6
1136710 974.8
1136720 974.8
1136730 970.7
1136740 965.3
1136750 965.3
1136760 959.3
1136770 952.5
1136780 952.5
1136790 947.1
1136800 937.6
1136810 937.6
1136820 929.8
1136830 929.5
1136840 929.5
1136850 931.7
1136860 933.0
1136870 933.0
1136880 935.9
1136890 938.3
1136900 943.1
1136910 943.1
1136920 952.3
1136930 959.8
1136940 959.8
1136950 966.5
1136960 973.0
1136970 973.0
1136980 977.2
1136990 982.7
1137000 982.7
1137010 988.3
1137020 992.5
1137030 992.5
1137040 994.8
1137050 994.2
1137060 994.2
1137070 994.6
1137080 995.0
1137090 995.0
1137100 994.4
1137110 993.1
1137120 993.1
1137130 995.1
1137140 995.7
1137150 995.7
1137160 995.9
1137170 997.0
1137180 997.0
1137190 996.9
1137200 997.6
1137210 998.2
1137220 998.2
1137230 998.8
1137240 999.3
1137250 999.3
1137260 1000.2
1137270 1001.0
1137280 1001.0
1137290 1001.4
1137300 1001.3
1137310 1001.3
1137320 1001.2
1137330 1001.4
1137340 1001.4
1137350 1002.1
1137360 1002.7
1137370 1002.7
1137380 1003.6
1137390 1004.8
1137400 1004.8
1137410 1006.1
1137420 1007.1
1137430 1007.1
1137440 1007.0
1137450 1008.3
1137460 1008.3
1137470 1009.4
1137480 1009.8
1137490 1009.8
1137500 1010.6
1137510 1011.1
1137520 1011.9
1137530 1011.9
1137540 1016.4
1137550 1016.6
1137560 1016.6
1137570 1015.8
1137580 1015.9
1137590 1015.9
1137600 1017.2
1137610 1019.1
1137620 1019.1
1137630 1020.0
1137640 1021.5
1137650 1021.5
1137660 1023.0
1137670 1024.6
1137680 1024.6
1137690 1025.8
1137700 1027.9
1137710 1027.9
1137720 1031.4
1137730 1034.0
1137740 1034.0
1137750 1037.0
1137760 1038.3
1137770 1038.3
1137780 1040.0
1137790 1047.9
1137800 1047.9
1137810 1053.7
1137820 1057.9
1137830 1060.4
1137840 1060.4
1137850 1064.5
1137860 1067.5
1137870 1067.5
1137880 1066.9
1137890 1068.2
1137900 1072.2
1137910 1075.5
1137920 1082.5
1137930 1082.5
1137940 1087.6
1137950 1090.3
1137960 1090.3
1137970 1092.1
1137980 1094.1
1137990 1094.1
1138000 1096.3
1138010 1097.8
1138020 1097.8
1138030 1099.1
1138040 1100.2
1138050 1100.2
1138060 1101.0
1138070 1101.1
1138080 1101.1
1138090 1100.4
1138100 1102.6
1138110 1105.0
1138120 1105.0
1138130 1106.9
1138140 1108.3
1138150 1108.3
1138160 1111.4
1138170 1112.8
1138180 1112.8
1138190 1114.5
1138200 1116.6
1138210 1116.6
1138220 1118.4
1138230 1119.9
1138240 1119.9
1138250 1121.3
1138260 1124.4
1138270 1126.6
1138280 1130.4
1138290 1131.7
1138300 1131.7
1138310 1135.9
1138320 1140.9
1138330 1140.9
1138340 1144.0
1138350 1146.4
1138360 1146.4
1138370 1146.8
1138380 1148.5
1138390 1148.5
1138400 1153.5
1138410 1157.8
1138420 1161.0
1138430 1161.0
1138440 1164.0
1138450 1167.2
1138460 1167.2
1138470 1170.1
1138480 1172.6
1138490 1172.6
1138500 1175.1
1138510 1178.8
1138520 1178.8
1138530 1182.0
1138540 1181.7
1138550 1181.7
1138560 1184.6
1138570 1192.8
1138580 1192.8
1138590 1199.0
1138600 1202.8
1138610 1202.8
1138620 1205.3
1138630 1208.3
1138640 1214.3
1138650 1216.6
1138660 1218.5
1138670 1218.5
1138680 1220.6
1138690 1222.3
1138700 1222.3
1138710 1222.5
1138720 1226.6
1138730 1229.6
1138740 1229.6
1138750 1230.4
1138760 1231.2
1138770 1231.2
1138780 1232.6
1138790 1234.1
1138800 1234.1
1138810 1236.0
1138820 1238.2
1138830 1238.2
1138840 1239.9
1138850 1242.7
1138860 1242.7
1138870 1245.2
1138880 1246.8
1138890 1246.8
1138900 1248.4
1138910 1248.7
1138920 1248.7
1138930 1248.8
1138940 1250.6
1138950 1250.6
1138960 1252.2
1138970 1252.9
1138980 1252.9
1138990 1254.6
1139000 1256.8
1139010 1259.0
1139020 1261.1
1139030 1263.2
1139040 1265.0
1139050 1265.0
1139060 1267.1
1139070 1268.6
1139080 1268.6
1139090 1270.8
1139100 1275.3
1139110 1275.3
1139120 1281.0
1139130 1286.4
1139140 1286.4
1139150 1290.3
1139160 1291.4
1139170 1291.4
1139180 1294.0
1139190 1297.2
1139200 1297.2
1139210 1299.9
1139220 1303.3
1139230 1303.3
1139240 1306.1
1139250 1309.0
1139260 1309.0
1139270 1310.9
1139280 1314.6
1139290 1314.6
1139300 1318.4
1139310 1321.1
1139320 1321.1
1139330 1324.0
1139340 1327.1
1139350 1329.1
1139360 1329.1
1139370 1330.8
1139380 1336.9
1139390 1336.9
1139400 1337.8
1139410 1341.3
1139420 1341.3
1139430 1345.3
1139440 1348.3
1139450 1348.3
1139460 1349.7
1139470 1351.0
1139480 1351.0
1139490 1353.9
1139500 1356.5
1139510 1356.5
1139520 1358.0
