1120000 1459.4
1120010 1460.4
1120020 1461.4
1120030 1461.4
1120040 1462.5
1120050 1463.5
1120060 1463.5
1120070 1462.7
1120080 1465.1
1120090 1465.1
1120100 1467.8
1120110 1470.1
1120120 1472.0
1120130 1472.0
1120140 1473.8
1120150 1475.1
1120160 1475.1
1120170 1476.4
1120180 1478.0
1120190 1478.0
1120200 1480.3
1120210 1482.1
1120220 1482.1
1120230 1481.1
1120240 1480.3
1120250 1480.3
1120260 1479.7
1120270 1479.1
1120280 1479.1
1120290 1479.8
1120300 1481.6
1120310 1481.6
1120320 1484.0
1120330 1485.3
1120340 1485.3
1120350 1485.4
1120360 1486.3
1120370 1486.3
1120380 1488.2
1120390 1490.7
1120400 1490.7
1120410 1492.4
1120420 1492.6
1120430 1492.9
1120440 1492.9
1120450 1493.1
1120460 1494.5
1120470 1494.5
1120480 1496.0
1120490 1497.8
1120500 1497.8
1120510 1499.1
1120520 1499.5
1120530 1499.5
1120540 1498.9
1120550 1498.4
1120560 1498.4
1120570 1497.0
1120580 1494.0
1120590 1494.0
1120600 1495.2
1120610 1497.3
1120620 1497.3
1120630 1499.3
1120640 1501.2
1120650 1501.2
1120660 1501.9
1120670 1502.9
1120680 1502.9
1120690 1503.6
1120700 1505.4
1120710 1505.4
1120720 1507.6
1120730 1509.3
1120740 1510.6
1120750 1510.6
1120760 1511.9
1120770 1512.0
1120780 1512.0
1120790 1514.3
1120800 1516.5
1120810 1516.5
1120820 1518.1
1120830 1517.8
1120840 1517.8
1120850 1519.1
1120860 1521.4
1120870 1521.4
1120880 1523.4
1120890 1525.3
1120900 1525.3
1120910 1525.9
1120920 1525.2
1120930 1525.2
1120940 1526.0
1120950 1528.7
1120960 1528.7
1120970 1531.6
1120980 1533.4
1120990 1533.4
1121000 1534.4
1121010 1535.6
1121020 1535.6
1121030 1539.6
1121040 1544.4
1121050 1549.0
1121060 1549.0
1121070 1552.5
1121080 1553.9
1121090 1553.9
1121100 1553.4
1121110 1551.4
1121120 1554.4
1121130 1553.1
1121140 1552.5
1121150 1552.5
1121160 1551.9
1121170 1551.0
1121180 1551.0
1121190 1550.3
1121200 1550.2
1121210 1550.2
1121220 1551.3
1121230 1553.7
1121240 1553.7
1121250 1555.2
1121260 1556.7
1121270 1556.7
1121280 1558.4
1121290 1561.2
1121300 1561.2
1121310 1563.5
1121320 1565.5
1121330 1565.5
1121340 1566.5
1121350 1565.8
1121360 1563.2
1121370 1563.2
1121380 1559.4
1121390 1556.6
1121400 1556.6
1121410 1554.8
1121420 1554.9
1121430 1554.9
1121440 1554.9
1121450 1554.5
1121460 1554.5
1121470 1555.3
1121480 1559.7
1121490 1559.7
1121500 1560.8
1121510 1562.1
1121520 1562.1
1121530 1562.8
1121540 1564.2
1121550 1564.2
1121560 1565.9
1121570 1568.0
1121580 1568.0
1121590 1571.6
1121600 1573.3
1121610 1573.3
1121620 1575.1
1121630 1575.6
1121640 1575.6
1121650 1577.5
1121660 1579.8
1121670 1581.3
1121680 1581.3
1121690 1581.2
1121700 1582.4
1121710 1582.4
1121720 1584.4
1121730 1585.0
1121740 1585.0
1121750 1586.0
1121760 1587.7
1121770 1587.7
1121780 1588.7
1121790 1589.3
1121800 1589.3
1121810 1592.3
1121820 1593.5
1121830 1593.5
1121840 1597.0
1121850 1600.3
1121860 1600.3
1121870 1603.4
1121880 1605.6
1121890 1605.6
1121900 1608.7
1121910 1610.5
1121920 1610.5
1121930 1612.2
1121940 1614.3
1121950 1614.3
1121960 1616.7
1121970 1618.7
1121980 1620.9
1121990 1620.9
1122000 1623.7
1122010 1626.5
1122020 1626.5
1122030 1628.3
1122040 1630.1
1122050 1630.1
1122060 1634.6
1122070 1640.4
1122080 1640.4
1122090 1643.5
1122100 1646.0
1122110 1646.0
1122120 1648.5
1122130 1650.7
1122140 1650.7
1122150 1653.0
1122160 1655.4
1122170 1655.5
1122180 1657.3
1122190 1658.9
1122200 1658.9
1122210 1661.0
1122220 1663.5
1122230 1663.5
1122240 1665.2
1122250 1667.6
1122260 1671.4
1122270 1671.4
1122280 1675.3
1122290 1677.9
1122300 1677.9
1122310 1679.1
1122320 1682.5
1122330 1682.5
1122340 1685.9
1122350 1688.9
1122360 1688.9
1122370 1691.4
1122380 1694.2
1122390 1694.2
1122400 1697.0
1122410 1700.0
1122420 1700.0
1122430 1703.7
1122440 1705.1
1122450 1705.1
1122460 1707.4
1122470 1711.1
1122480 1711.1
1122490 1714.4
1122500 1717.5
1122510 1717.5
1122520 1719.6
1122530 1720.0
1122540 1720.0
1122550 1723.1
1122560 1726.5
1122570 1728.6
1122580 1728.6
1122590 1731.0
1122600 1732.1
1122610 1732.1
1122620 1714.5
1122630 1686.9
1122640 1686.9
1122650 1660.8
1122660 1658.1
1122670 1658.1
1122680 1653.6
1122690 1649.2
1122700 1649.2
1122710 1644.8
1122720 1641.9
1122730 1641.9
1122740 1638.0
1122750 1635.7
1122760 1635.7
1122770 1633.5
1122780 1632.0
1122790 1632.0
1122800 1629.2
1122810 1628.0
1122820 1628.0
1122830 1627.2
1122840 1625.0
1122850 1625.0
1122860 1622.0
1122870 1618.9
1122880 1623.0
1122890 1623.0
1122900 1620.6
1122910 1617.5
1122920 1617.5
1122930 1615.2
1122940 1613.6
1122950 1613.6
1122960 1611.5
1122970 1609.7
1122980 1609.7
1122990 1607.3
1123000 1605.3
1123010 1605.3
1123020 1604.0
1123030 1602.2
1123040 1602.2
1123050 1600.0
1123060 1597.7
1123070 1597.7
1123080 1593.8
1123090 1593.6
1123100 1593.6
1123110 1594.5
1123120 1593.8
1123130 1593.8
1123140 1595.0
1123150 1597.3
1123160 1597.3
1123170 1599.4
1123180 1599.0
1123190 1597.8
1123200 1597.8
1123210 1596.5
1123220 1595.9
1123230 1601.3
1123240 1599.9
1123250 1599.3
1123260 1599.3
1123270 1599.1
1123280 1600.3
1123290 1600.3
1123300 1599.4
1123310 1599.3
1123320 1599.3
1123330 1599.1
1123340 1598.3
1123350 1598.3
1123360 1598.0
1123370 1597.9
1123380 1597.9
1123390 1599.7
1123400 1602.1
1123410 1602.1
1123420 1604.9
1123430 1607.3
1123440 1607.3
1123450 1609.7
1123460 1612.5
1123470 1612.5
1123480 1615.3
1123490 1618.1
1123500 1621.1
1123510 1621.1
1123520 1624.0
1123530 1627.2
1123540 1627.2
1123550 1631.2
1123560 1634.6
1123570 1634.6
1123580 1638.6
1123590 1642.2
1123600 1642.2
1123610 1646.1
1123620 1650.8
1123630 1650.8
1123640 1656.2
1123650 1662.3
1123660 1662.3
1123670 1668.4
1123680 1674.1
1123690 1674.1
1123700 1679.1
1123710 1684.1
1123720 1684.1
1123730 1688.0
1123740 1691.9
1123750 1691.9
1123760 1696.0
1123770 1700.7
1123780 1700.7
1123790 1705.4
1123800 1709.7
1123810 1713.9
1123820 1713.9
1123830 1718.1
1123840 1722.4
1123850 1722.4
1123860 1726.4
1123870 1729.9
1123880 1729.9
1123890 1732.7
1123900 1735.5
1123910 1735.5
1123920 1738.9
1123930 1743.8
1123940 1747.7
1123950 1752.0
1123960 1757.3
1123970 1757.3
1123980 1762.3
1123990 1766.1
1124000 1766.1
1124010 1769.4
1124020 1772.4
1124030 1772.4
1124040 1777.4
1124050 1782.3
1124060 1782.3
1124070 1787.0
1124080 1789.9
1124090 1789.9
1124100 1793.2
1124110 1798.2
1124120 1803.7
1124130 1803.7
1124140 1809.5
1124150 1815.7
1124160 1815.7
1124170 1823.4
1124180 1830.0
1124190 1830.0
1124200 1836.1
1124210 1841.4
1124220 1841.4
1124230 1845.0
1124240 1846.1
1124250 1846.1
1124260 1844.3
1124270 1839.0
1124280 1839.0
1124290 1838.4
1124300 1833.8
1124310 1833.8
1124320 1832.0
1124330 1830.4
1124340 1830.4
1124350 1826.6
1124360 1824.7
1124370 1824.7
1124380 1824.5
1124390 1824.4
1124400 1824.4
1124410 1821.0
1124420 1818.6
1124430 1815.4
1124440 1815.4
1124450 1813.6
1124460 1810.2
1124470 1810.2
1124480 1802.5
1124490 1793.2
1124500 1793.2
1124510 1788.2
1124520 1784.5
1124530 1784.5
1124540 1782.1
1124550 1779.1
1124560 1779.1
1124570 1778.1
1124580 1777.4
1124590 1777.4
1124600 1777.6
1124610 1779.2
1124620 1779.2
1124630 1781.2
1124640 1786.0
1124650 1790.6
1124660 1797.2
1124670 1804.7
1124680 1804.7
1124690 1811.7
1124700 1819.3
1124710 1819.3
1124720 1825.4
1124730 1828.5
1124740 1830.2
1124750 1830.2
1124760 1829.6
1124770 1826.2
1124780 1826.2
1124790 1822.2
1124800 1818.2
1124810 1818.2
1124820 1813.6
1124830 1807.9
1124840 1807.9
1124850 1800.2
1124860 1789.3
1124870 1789.3
1124880 1776.7
1131620 1536.1
1131630 1536.1
1131640 1536.9
1131650 1536.9
1131660 1536.9
1131670 1535.1
1131680 1532.9
1131690 1532.9
1131700 1531.5
1131710 1528.9
1131720 1528.9
1131730 1525.3
1131740 1523.3
1131750 1523.3
1131760 1519.1
1131770 1515.5
1131780 1508.9
1131790 1508.9
1131800 1501.8
1131810 1512.1
1131820 1512.1
1131830 1499.5
1131840 1486.4
1131850 1486.4
1131860 1477.7
1131870 1470.3
1131880 1470.3
1131890 1463.2
1131900 1456.9
1131910 1456.9
1131920 1451.2
1131930 1445.3
1131940 1445.3
1131950 1438.5
1131960 1431.4
1131970 1431.4
1131980 1424.0
1131990 1416.6
1132000 1416.6
1132010 1405.1
1132020 1402.5
1132030 1402.5
1132040 1389.2
1132050 1358.1
1132060 1358.1
1132070 1346.4
1132080 1342.2
1132090 1337.1
1132100 1337.1
1132110 1332.3
1132120 1327.6
1132130 1327.6
1132140 1323.7
1132150 1319.9
1132160 1319.9
1132170 1321.3
1132180 1316.8
1132190 1316.8
1132200 1312.4
1132210 1308.0
1132220 1308.0
1132230 1303.8
1132240 1299.3
1132250 1299.3
1132260 1295.6
1132270 1292.6
1132280 1292.6
1132290 1288.1
1132300 1284.4
1132310 1284.4
1132320 1281.6
1132330 1278.8
1132340 1278.8
1132350 1276.1
1132360 1274.5
1132370 1274.5
1132380 1272.5
1132390 1271.0
1132400 1268.5
1132410 1268.5
1132420 1267.0
1132430 1265.1
1132440 1265.1
1132450 1262.8
1132460 1260.9
1132470 1260.9
1132480 1259.7
1132490 1258.7
1132500 1258.7
1132510 1258.1
1132520 1257.3
1132530 1260.4
1132540 1258.6
1132550 1257.1
1132560 1257.1
1132570 1256.0
1132580 1254.1
1132590 1254.1
1132600 1252.6
1132610 1251.9
1132620 1251.9
1132630 1250.3
1132640 1247.5
1132650 1247.5
1132660 1242.8
1132670 1239.7
1132680 1239.7
1132690 1235.4
1132700 1232.9
1132710 1233.0
1132720 1233.0
1132730 1232.5
1132740 1233.2
1132750 1233.2
1132760 1236.5
1132770 1234.2
1132780 1234.2
1132790 1228.2
1132800 1225.7
1132810 1225.7
1132820 1227.3
1132830 1230.4
1132840 1230.4
1132850 1232.7
1132860 1233.5
1132870 1233.5
1132880 1235.7
1132890 1238.8
1132900 1233.4
1132910 1236.1
1132920 1239.8
1132930 1239.8
1132940 1243.8
1132950 1248.1
1132960 1248.1
1132970 1252.2
1132980 1259.0
1132990 1259.0
1133000 1267.3
1133010 1269.6
1133020 1269.8
1133030 1269.8
1133040 1266.2
1133050 1266.7
1133060 1266.7
1133070 1268.2
1133080 1270.5
1133090 1270.5
1133100 1273.1
1133110 1273.8
1133120 1273.8
1133130 1272.8
1133140 1269.8
1133150 1269.8
1133160 1268.6
1133170 1270.5
1133180 1270.5
1133190 1272.1
1133200 1273.1
1133210 1273.1
1133220 1274.0
1133230 1275.4
1133240 1275.4
1133250 1275.3
1133260 1269.5
1133270 1269.5
1133280 1265.7
1133290 1263.8
1133300 1263.8
1133310 1262.3
1133320 1260.7
1133330 1259.5
1133340 1259.5
1133350 1257.8
1133360 1255.2
1133370 1255.2
1133380 1253.3
1133390 1251.6
1133400 1251.6
1133410 1251.2
1133420 1253.7
1133430 1253.7
1133440 1253.0
1133450 1251.8
1133460 1251.8
1133470 1248.7
1133480 1245.4
1133490 1245.4
1133500 1244.6
1133510 1243.6
1133520 1243.6
1133530 1242.3
1133540 1240.6
1133550 1240.6
1133560 1238.9
1133570 1236.3
1133580 1236.3
1133590 1234.2
1133600 1236.0
1133610 1236.0
1133620 1238.1
1133630 1237.8
1133640 1235.2
1133650 1235.2
1133660 1233.7
1133670 1232.4
1133680 1232.4
1133690 1230.6
1133700 1228.4
1133710 1228.4
1133720 1226.8
1133730 1225.1
1133740 1225.1
1133750 1222.5
1133760 1219.7
1133770 1219.7
1133780 1215.6
1133790 1212.4
1133800 1212.4
1133810 1210.2
1133820 1207.1
1133830 1207.1
1133840 1202.4
1133850 1197.4
1133860 1197.4
1133870 1193.4
1133880 1190.4
1133890 1190.4
1133900 1188.6
1133910 1186.8
1133920 1184.1
1133930 1184.1
1133940 1181.7
1133950 1179.9
1133960 1179.9
1133970 1178.0
1133980 1175.3
1133990 1177.4
1134000 1174.1
1134010 1171.4
1134020 1171.4
1134030 1169.4
1134040 1167.4
1134050 1167.4
1134060 1164.0
1134070 1159.9
1134080 1159.9
1134090 1156.7
1134100 1153.5
1134110 1153.5
1134120 1150.2
1134130 1144.7
1134140 1144.7
1134150 1140.4
1134160 1136.0
1134170 1136.0
1134180 1133.3
1134190 1130.8
1134200 1130.8
1134210 1127.9
1134220 1125.1
1134230 1122.2
1134240 1122.2
1134250 1119.9
1134260 1118.4
1134270 1118.4
1134280 1117.5
1134290 1117.1
1134300 1117.1
1134310 1116.4
1134320 1115.8
1134330 1115.8
1134340 1115.1
1134350 1114.7
1134360 1114.7
1134370 1113.3
1134380 1112.9
1134390 1112.9
1134400 1112.5
1134410 1111.7
1134420 1111.7
1134430 1110.6
1134440 1109.3
1134450 1109.3
1134460 1107.8
1134470 1106.5
1134480 1106.5
1134490 1105.6
1134500 1103.8
1134510 1103.8
1134520 1099.7
1134530 1094.5
1134540 1090.7
1134550 1090.7
1134560 1098.3
1134570 1104.0
1134580 1104.0
1134590 1105.1
1134600 1106.0
1134610 1106.0
1134620 1106.3
1134630 1106.5
1134640 1106.5
1134650 1106.6
1134660 1105.8
1134670 1105.8
1134680 1104.7
1134690 1103.6
1134700 1103.6
1134710 1102.5
1134720 1101.1
1134730 1101.1
1134740 1097.8
1134750 1094.7
1134760 1094.7
1134770 1093.5
1134780 1091.0
1134790 1091.0
1134800 1088.2
1134810 1083.7
1134820 1083.7
1134830 1078.5
1134840 1074.0
1134850 1069.2
1134860 1069.2
1134870 1066.3
1134880 1064.3
1134890 1064.3
1134900 1061.3
1134910 1061.1
1134920 1061.1
1134930 1061.9
1134940 1064.9
1134950 1064.9
1134960 1064.5
1134970 1063.0
1134980 1063.0
1134990 1064.7
1135000 1066.6
1135010 1066.6
1135020 1072.2
1135030 1071.2
1135040 1071.2
1135050 1068.4
1135060 1066.0
1135070 1066.0
1135080 1068.8
1135090 1068.1
1135100 1068.1
1135110 1061.1
1135120 1057.0
1135130 1057.0
1135140 1064.9
1135150 1066.6
1135160 1065.9
1135170 1065.9
1135180 1065.8
1135190 1066.0
1135200 1066.0
1135210 1065.7
1135220 1063.9
1135230 1063.9
1135240 1061.0
1135250 1057.7
1135260 1057.7
1135270 1052.5
1135280 1056.2
1135290 1056.2
1135300 1056.5
1135310 1055.0
1135320 1055.0
1135330 1053.1
1135340 1050.8
1135350 1050.8
1135360 1048.8
1135370 1047.4
1135380 1047.4
1135390 1047.6
1135400 1047.1
1135410 1047.1
1135420 1046.7
1135430 1045.4
1135440 1046.8
1135450 1045.0
1135460 1045.5
1135470 1045.2
1135480 1045.2
1135490 1044.6
1135500 1043.7
1135510 1043.7
1135520 1042.8
1135530 1042.7
1135540 1042.7
1135550 1042.1
1135560 1041.1
1135570 1041.1
1135580 1040.1
1135590 1039.4
1135600 1039.4
1135610 1038.1
1135620 1035.6
1135630 1035.6
1135640 1033.3
1135650 1031.9
1135660 1031.9
1135670 1028.5
1135680 1025.9
1135690 1025.9
1135700 1023.3
1135710 1021.8
1135720 1021.8
1135730 1019.8
1135740 1017.8
1135750 1017.8
1135760 1013.5
1135770 1008.6
1135780 1011.5
1135790 1011.5
1135800 1015.3
1135810 1025.9
1135820 1025.9
1135830 1027.5
1135840 1029.3
1135850 1029.3
1135860 1032.4
1135870 1035.0
1135880 1035.0
1135890 1036.8
1135900 1038.8
1135910 1038.8
1135920 1040.0
1135930 1040.9
1135940 1040.9
1135950 1041.1
1135960 1041.1
1135970 1041.1
1135980 1039.6
1135990 1038.6
1136000 1038.6
1136010 1039.1
1136020 1040.4
1136030 1040.4
1136040 1041.4
1136050 1042.1
1136060 1042.1
1136070 1042.5
1136080 1042.1
1136090 1041.2
1136100 1041.2
1136110 1041.8
1136120 1043.1
1136130 1043.1
1136140 1042.6
1136150 1041.8
1136160 1041.8
1136170 1040.9
1136180 1038.1
1136190 1038.1
1136200 1034.8
1136210 1030.6
1136220 1030.6
1136230 1027.9
1136240 1025.2
1136250 1025.2
1136260 1022.0
1136270 1019.6
1136280 1019.6
1136290 1016.1
1136300 1012.4
1136310 1012.4
1136320 1008.8
1136330 1005.9
1136340 1005.9
1136350 1005.0
1136360 1003.6
1136370 1002.6
1136380 1002.6
1136390 1002.3
1136400 1000.7
1136410 1000.7
1136420 998.5
1136430 996.0
1136440 996.0
1136450 991.7
1136460 985.3
1136470 985.3
1136480 980.2
1136490 974.6
1136500 974.6
1136510 968.5
1136520 960.3
1136530 960.3
1136540 956.3
1136550 951.7
1136560 951.7
1136570 952.4
1136580 954.0
1136590 954.0
1136600 956.6
1136610 955.9
1136620 955.9
1136630 954.7
1136640 956.2
1136650 956.2
1136660 959.7
1136670 961.8
1136680 967.5
1136690 967.5
1136700 970.7
1136710 970.7
1136720 970.7
1136730 970.2
1136740 968.8
1136750 968.8
1136760 966.2
1136770 964.3
1136780 964.3
1136790 966.4
1136800 975.6
1136810 975.6
1136820 982.4
1136830 979.6
1136840 979.6
1136850 976.6
1136860 972.4
1136870 972.4
1136880 969.0
1136890 966.8
1136900 966.8
1136910 956.9
1136920 951.4
1136930 951.4
1136940 947.4
1136950 943.5
1136960 943.5
1136970 940.7
1136980 937.8
1136990 934.7
1137000 934.7
1137010 934.7
1137020 935.2
1137030 935.2
1137040 934.7
1137050 932.7
1137060 932.7
1137070 928.0
1137080 924.8
1137090 924.8
1137100 925.8
1137110 930.9
1137120 930.9
1137130 934.2
1137140 934.5
1137150 934.5
1137160 935.1
1137170 935.4
1137180 935.4
1137190 935.1
1137200 936.0
1137210 936.0
1137220 934.9
1137230 935.0
1137240 935.0
1137250 936.1
1137260 936.8
1137270 936.8
1137280 942.3
1137290 941.5
1137300 939.8
1137310 939.8
1137320 939.2
1137330 937.6
1137340 937.6
1137350 936.5
1137360 937.0
1137370 937.0
1137380 937.0
1137390 935.9
1137400 935.9
1137410 935.6
1137420 936.4
1137430 936.4
1137440 938.7
1137450 941.9
1137460 941.9
1137470 944.6
1137480 945.9
1137490 945.9
1137500 946.7
1137510 949.5
1137520 949.5
1137530 956.8
1137540 960.4
1137550 960.4
1137560 959.5
1137570 964.8
1137580 964.8
1137590 973.9
1137600 978.0
1137610 972.8
1137620 972.8
1137630 967.7
1137640 978.3
1137650 978.3
1137660 983.7
1137670 985.4
1137680 985.4
1137690 986.2
1137700 986.3
1137710 986.3
1137720 987.2
1137730 986.5
1137740 986.5
1137750 986.7
1137760 990.7
1137770 990.7
1137780 991.6
1137790 992.0
1137800 992.0
1137810 994.3
1137820 996.5
1137830 996.5
1137840 998.4
1137850 1000.0
1137860 1000.0
1137870 1001.9
1137880 1003.8
1137890 1003.8
1137900 1005.5
1137910 1007.0
1137920 1007.8
1137930 1007.8
1137940 1008.9
1137950 1010.1
1137960 1010.1
1137970 1011.2
1137980 1012.8
1137990 1012.8
1138000 1014.4
1138010 1018.8
1138020 1018.8
1138030 1021.0
1138040 1023.0
1138050 1023.0
1138060 1025.6
1138070 1029.4
1138080 1029.4
1138090 1033.4
1138100 1036.2
1138110 1036.2
1138120 1038.9
1138130 1041.6
1138140 1041.6
1138150 1044.9
1138160 1048.7
1138170 1048.7
1138180 1051.9
1138190 1054.1
1138200 1054.1
1138210 1055.2
1138220 1053.9
1138230 1049.7
1138240 1049.7
1138250 1041.8
1138260 1036.5
1138270 1036.5
1138280 1045.7
1138290 1056.2
1138300 1056.2
1138310 1062.4
1138320 1066.0
1138330 1066.0
1138340 1069.8
1138350 1074.8
1138360 1074.8
1138370 1079.8
1138380 1087.6
1138390 1087.6
1138400 1091.1
1138410 1094.0
1138420 1094.0
1138430 1097.5
1138440 1101.6
1138450 1101.6
1138460 1106.8
1138470 1111.4
1138480 1111.4
1138490 1116.2
1138500 1121.1
1138510 1125.8
1138520 1125.8
1138530 1131.0
1138540 1136.2
1138550 1136.2
1138560 1140.5
1138570 1143.8
1138580 1143.8
1138590 1146.6
1138600 1149.0
1138610 1149.0
1138620 1151.0
1138630 1151.5
1138640 1151.5
1138650 1148.6
1138660 1143.7
1138670 1143.7
1138680 1140.9
1138690 1145.6
1138700 1145.6
1138710 1154.9
1138720 1164.3
1138730 1164.3
1138740 1170.4
1138750 1174.8
1138760 1174.8
1138770 1178.4
1138780 1181.9
1138790 1181.9
1138800 1185.0
1138810 1186.8
1138820 1188.7
1138830 1188.7
1138840 1191.3
1138850 1194.1
1138860 1194.1
1138870 1196.6
1138880 1198.6
1138890 1198.6
1138900 1199.9
1138910 1200.9
1138920 1200.9
1138930 1203.0
1138940 1204.5
1138950 1204.5
1138960 1206.9
1138970 1209.6
1138980 1209.6
1138990 1212.4
1139000 1214.3
1139010 1214.3
1139020 1215.1
1139030 1217.9
1139040 1217.9
1139050 1220.4
1139060 1222.2
1139070 1222.2
1139080 1223.6
1139090 1224.7
1139100 1224.7
1139110 1225.8
1139120 1228.3
1139130 1229.2
1139140 1229.2
1139150 1230.1
1139160 1231.4
1139170 1231.4
1139180 1232.7
1139190 1234.0
1139200 1234.0
1139210 1236.0
1139220 1237.4
1139230 1237.4
1139240 1238.3
1139250 1239.7
1139260 1239.7
1139270 1241.2
1139280 1242.7
1139290 1242.7
1139300 1245.5
1139310 1247.6
1139320 1247.6
1139330 1250.2
1139340 1252.3
1139350 1252.3
1139360 1253.9
1139370 1255.0
1139380 1255.0
1139390 1257.6
1139400 1260.3
1139410 1260.3
1139420 1262.7
1139430 1265.2
1139440 1267.4
1139450 1267.4
1139460 1269.3
1139470 1271.5
1139480 1271.5
1139490 1276.3
1139500 1277.0
1139510 1277.0
1139520 1279.2
1139530 1282.8
1139540 1282.8
1139550 1284.7
1139560 1286.2
1139570 1286.2
1139580 1286.4
1139590 1288.9
1139600 1288.9
1139610 1293.2
1139620 1296.5
1139630 1296.5
1139640 1298.3
1139650 1300.0
1139660 1300.0
1139670 1304.1
1139680 1308.6
1139690 1308.6
1139700 1311.7
1139710 1313.7
1139720 1313.7
1139730 1315.7
1139740 1319.5
1139750 1321.8
1139760 1321.8
1139770 1322.4
1139780 1325.9
1139790 1325.9
1139800 1328.2
1139810 1330.8
1139820 1330.8
