1120000 1307.8
1120010 1301.8
1120020 1304.5
1120030 1307.6
1120040 1307.6
1120050 1311.1
1120060 1323.0
1120070 1323.0
1120080 1331.7
1120090 1338.1
1120100 1343.8
1120110 1343.8
1120120 1347.4
1120130 1350.7
1120140 1350.7
1120150 1352.3
1120160 1353.5
1120170 1353.5
1120180 1356.4
1120190 1358.9
1120200 1358.9
1120210 1363.2
1120220 1364.7
1120230 1364.7
1120240 1365.6
1120250 1367.4
1120260 1367.4
1120270 1369.2
1120280 1370.6
1120290 1370.6
1120300 1372.0
1120310 1373.4
1120320 1373.4
1120330 1373.7
1120340 1373.5
1120350 1373.5
1120360 1367.9
1120370 1369.9
1120380 1369.9
1120390 1372.3
1120400 1374.2
1120410 1375.6
1120420 1375.6
1120430 1377.2
1120440 1379.4
1120450 1379.4
1120460 1380.5
1120470 1382.1
1120480 1382.1
1120490 1384.1
1120500 1387.7
1120510 1387.7
1120520 1390.7
1120530 1393.6
1120540 1393.6
1120550 1398.2
1120560 1400.5
1120570 1400.5
1120580 1401.6
1120590 1402.1
1120600 1402.1
1120610 1402.9
1120620 1404.5
1120630 1404.5
1120640 1405.7
1120650 1406.3
1120660 1406.3
1120670 1407.5
1120680 1409.2
1120690 1409.2
1120700 1411.0
1120710 1408.0
1120720 1410.6
1120730 1410.6
1120740 1412.9
1120750 1414.6
1120760 1414.6
1120770 1415.7
1120780 1418.1
1120790 1418.1
1120800 1420.4
1120810 1422.3
1120820 1422.3
1120830 1423.9
1120840 1426.3
1120850 1426.3
1120860 1428.7
1120870 1429.5
1120880 1429.5
1120890 1430.0
1120900 1432.6
1120910 1432.6
1120920 1435.7
1120930 1437.4
1120940 1437.4
1120950 1438.0
1120960 1439.3
1120970 1439.3
1120980 1441.8
1120990 1445.2
1121000 1445.2
1121010 1448.4
1121020 1450.0
1121030 1451.9
1121040 1451.9
1121050 1453.7
1121060 1450.4
1121070 1450.4
1121080 1452.8
1121090 1454.2
1121100 1454.2
1121110 1455.7
1121120 1455.7
1121130 1455.7
1121140 1457.4
1121150 1459.1
1121160 1459.1
1121170 1461.1
1121180 1463.9
1121190 1463.9
1121200 1466.0
1121210 1470.0
1121220 1470.0
1121230 1473.5
1121240 1476.5
1121250 1476.5
1121260 1479.3
1121270 1482.1
1121280 1482.1
1121290 1484.7
1121300 1487.1
1121310 1487.1
1121320 1488.9
1121330 1489.7
1121340 1492.5
1121350 1492.5
1121360 1496.3
1121370 1499.7
1121380 1499.7
1121390 1501.6
1121400 1504.8
1121410 1502.0
1121420 1503.0
1121430 1501.9
1121440 1501.9
1121450 1501.9
1121460 1504.2
1121470 1504.2
1121480 1507.5
1121490 1510.1
1121500 1510.1
1121510 1512.6
1121520 1514.9
1121530 1514.9
1121540 1516.8
1121550 1517.5
1121560 1517.5
1121570 1518.5
1121580 1518.9
1121590 1518.9
1121600 1519.2
1121610 1519.2
1121620 1519.2
1121630 1519.4
1121640 1523.0
1121650 1527.1
1121660 1527.1
1121670 1530.7
1121680 1530.9
1121690 1530.9
1121700 1531.7
1121710 1532.2
1121720 1532.2
1121730 1533.4
1121740 1534.2
1121750 1534.2
1121760 1531.7
1121770 1530.6
1121780 1530.6
1121790 1520.8
1121800 1516.4
1121810 1516.4
1121820 1512.5
1121830 1512.3
1121840 1512.3
1121850 1510.0
1121860 1507.7
1121870 1507.7
1121880 1503.0
1121890 1497.3
1121900 1497.3
1121910 1496.2
1121920 1496.3
1121930 1500.6
1121940 1500.6
1121950 1505.1
1121960 1507.5
1121970 1507.5
1121980 1506.0
1121990 1506.6
1122000 1506.6
1122010 1511.5
1122020 1514.2
1122030 1514.2
1122040 1516.5
1122050 1517.3
1122060 1517.3
1122070 1516.1
1122080 1513.3
1122090 1513.3
1122100 1513.5
1122110 1508.6
1122120 1508.6
1122130 1506.2
1122140 1505.0
1122150 1505.0
1122160 1507.1
1122170 1509.2
1122180 1509.2
1122190 1510.4
1122200 1512.1
1122210 1512.1
1122220 1513.9
1122230 1516.2
1122240 1518.6
1122250 1518.6
1122260 1521.1
1122270 1522.5
1122280 1522.5
1122290 1523.7
1122300 1525.0
1122310 1525.0
1122320 1524.5
1122330 1524.7
1122340 1524.7
1122350 1526.4
1122360 1527.6
1122370 1527.6
1122380 1529.1
1122390 1530.3
1122400 1530.3
1122410 1531.3
1122420 1533.8
1122430 1533.8
1122440 1536.8
1122450 1540.2
1122460 1534.2
1122470 1537.1
1122480 1539.4
1122490 1539.4
1122500 1542.0
1122510 1543.7
1122520 1543.7
1122530 1545.9
1122540 1548.9
1122550 1551.9
1122560 1551.9
1122570 1554.0
1122580 1556.7
1122590 1556.7
1122600 1558.6
1122610 1562.9
1122620 1562.9
1122630 1567.9
1122640 1572.7
1122650 1572.7
1122660 1578.1
1122670 1583.0
1122680 1583.0
1122690 1587.9
1122700 1592.3
1122710 1592.3
1122720 1599.2
1122730 1603.5
1122740 1603.5
1122750 1611.1
1122760 1618.0
1122770 1618.0
1122780 1623.7
1122790 1629.7
1122800 1629.7
1122810 1639.4
1122820 1639.9
1122830 1639.9
1122840 1650.8
1122850 1657.9
1122860 1656.5
1122870 1656.5
1122880 1664.5
1122890 1685.7
1122900 1685.7
1122910 1689.3
1122920 1690.6
1122930 1690.6
1122940 1692.7
1122950 1694.4
1122960 1694.4
1122970 1693.8
1122980 1694.2
1122990 1694.2
1123000 1693.1
1123010 1693.3
1123020 1693.3
1123030 1694.2
1123040 1695.6
1123050 1695.6
1123060 1700.1
1123070 1704.4
1123080 1704.4
1123090 1704.7
1123100 1707.2
1123110 1707.2
1123120 1709.4
1123130 1711.1
1123140 1711.1
1123150 1712.2
1123160 1716.4
1123170 1714.7
1123180 1714.7
1123190 1718.3
1123200 1720.8
1123210 1720.8
1123220 1723.5
1123230 1724.4
1123240 1724.4
1123250 1722.9
1123260 1720.3
1123270 1720.3
1123280 1718.4
1123290 1719.5
1123300 1719.5
1123310 1719.8
1123320 1723.8
1123330 1723.8
1123340 1726.2
1123350 1727.0
1123360 1727.0
1123370 1729.5
1123380 1731.7
1123390 1731.7
1123400 1730.9
1123410 1725.2
1123420 1725.2
1123430 1720.9
1123440 1720.7
1123450 1720.7
1123460 1721.7
1123470 1721.2
1123480 1721.2
1123490 1721.2
1123500 1723.8
1123510 1726.2
1123520 1721.3
1123530 1722.3
1123540 1721.1
1123550 1721.1
1123560 1721.6
1123570 1724.8
1123580 1724.8
1123590 1728.3
1123600 1731.4
1123610 1731.4
1123620 1734.1
1123630 1736.9
1123640 1736.9
1123650 1739.6
1123660 1740.7
1123670 1740.7
1123680 1745.7
1123690 1750.3
1123700 1750.3
1123710 1752.8
1123720 1754.2
1123730 1754.2
1123740 1755.4
1123750 1754.9
1123760 1754.9
1123770 1755.9
1123780 1754.6
1123790 1754.9
1123800 1754.9
1123810 1753.3
1123820 1752.7
1123830 1752.7
1123840 1755.5
1123850 1758.6
1123860 1758.6
1123870 1755.8
1123880 1751.7
1123890 1751.7
1123900 1753.1
1123910 1756.3
1123920 1756.3
1123930 1759.1
1123940 1760.0
1123950 1760.0
1123960 1757.9
1123970 1755.1
1123980 1755.1
1123990 1755.0
1124000 1752.8
1124010 1752.8
1124020 1753.5
1124030 1756.7
1124040 1756.7
1124050 1757.6
1124060 1760.1
1124070 1760.1
1124080 1764.0
1124090 1764.8
1124100 1764.4
1124110 1764.4
1124120 1766.8
1124130 1770.3
1124140 1770.3
1124150 1776.8
1124160 1781.7
1124170 1781.7
1124180 1785.1
1124190 1783.4
1124200 1783.4
1124210 1780.9
1124220 1783.9
1124230 1772.3
1124240 1773.6
1124250 1774.9
1124260 1774.9
1124270 1774.7
1124280 1774.0
1124290 1774.0
1124300 1774.7
1124310 1776.1
1124320 1776.1
1124330 1779.0
1124340 1782.2
1124350 1782.2
1124360 1785.4
1124370 1789.8
1124380 1793.0
1124390 1793.0
1124400 1796.1
1124410 1799.4
1124420 1799.4
1124430 1800.7
1124440 1801.2
1124450 1801.2
1124460 1803.2
1124470 1804.0
1124480 1804.0
1124490 1805.6
1124500 1808.1
1124510 1808.1
1124520 1810.1
1124530 1813.3
1124540 1813.3
1124550 1817.0
1124560 1820.1
1124570 1820.1
1124580 1817.2
1124590 1820.9
1124600 1820.9
1124610 1827.0
1124620 1834.3
1124630 1834.3
1124640 1840.9
1124650 1845.7
1124660 1845.7
1124670 1852.1
1124680 1858.4
1124690 1863.1
1124700 1863.1
1124710 1867.1
1124720 1871.5
1124730 1871.5
1124740 1877.9
1124750 1882.7
1124760 1882.7
1124770 1887.0
1124780 1888.9
1124790 1888.9
1124800 1887.9
1124810 1888.7
1124820 1888.7
1124830 1892.2
1124840 1894.8
1124850 1894.8
1124860 1896.0
1124870 1898.4
1124880 1898.4
1124890 1898.9
1124900 1899.3
1124910 1899.3
1124920 1902.0
1124930 1908.9
1124940 1898.8
1124950 1903.1
1124960 1906.9
1124970 1906.9
1124980 1912.5
1124990 1918.9
1125000 1922.4
1125010 1922.4
1125020 1923.3
1125030 1926.5
1125040 1926.5
1125050 1931.8
1125060 1935.9
1125070 1935.9
1125080 1938.7
1125090 1943.0
1125100 1943.0
1125110 1948.1
1125120 1951.7
1125130 1951.7
1125140 1953.7
1125150 1953.0
1125160 1953.0
1125170 1950.7
1125180 1952.7
1125190 1952.7
1125200 1948.9
1125210 1933.7
1125220 1933.7
1125230 1930.8
1125240 1927.7
1125250 1927.7
1125260 1919.2
1125270 1910.1
1125280 1910.1
1125290 1921.1
1125300 1916.4
1125310 1917.3
1125320 1917.3
1125330 1921.1
1125340 1920.6
1125350 1920.6
1125360 1917.1
1125370 1915.4
1125380 1915.4
1125390 1912.9
1125400 1910.7
1125410 1910.7
1125420 1908.0
1125430 1904.1
1125440 1904.1
1125450 1900.4
1125460 1897.4
1125470 1897.4
1125480 1895.1
1125490 1894.3
1125500 1894.3
1125510 1892.5
1125520 1890.6
1125530 1890.6
1125540 1888.6
1125550 1886.8
1125560 1886.8
1125570 1885.6
1125580 1884.6
1125590 1884.6
1125600 1884.9
1125610 1885.0
1125620 1885.6
1125630 1885.6
1125640 1885.7
1125650 1892.2
1125660 1892.2
1125670 1891.3
1125680 1890.2
1125690 1890.2
1125700 1889.0
1125710 1888.2
1125720 1888.2
1125730 1888.3
1125740 1888.6
1125750 1888.6
1125760 1887.6
1125770 1885.9
1125780 1885.9
1125790 1884.6
1125800 1885.2
1125810 1885.2
1125820 1881.6
1125830 1879.9
1125840 1879.9
1125850 1878.3
1125860 1876.0
1125870 1876.0
1125880 1874.9
1125890 1874.5
1125900 1874.5
1125910 1874.3
1125920 1872.5
1125930 1870.5
1125940 1870.5
1125950 1869.4
1125960 1867.8
1125970 1867.8
1125980 1866.5
1125990 1866.0
1126000 1871.3
1126010 1870.9
1126020 1870.9
1126030 1870.9
1126040 1870.1
1126050 1870.5
1126060 1870.5
1126070 1869.5
1126080 1868.4
1126090 1868.4
1126100 1867.3
1126110 1866.0
1126120 1866.0
1126130 1863.9
1126140 1861.4
1126150 1861.4
1126160 1857.9
1126170 1856.7
1126180 1856.7
1126190 1856.1
1126200 1856.8
1126210 1856.8
1126220 1855.7
1126230 1854.2
1126240 1854.9
1126250 1854.9
1126260 1852.9
1126270 1852.7
1126280 1852.7
1126290 1848.3
1126300 1840.0
1126310 1840.0
1126320 1842.1
1126330 1844.6
1126340 1844.6
1126350 1839.0
1126360 1841.9
1126370 1841.9
1126380 1846.8
1126390 1846.8
1126400 1846.8
1126410 1841.6
1126420 1844.0
1126430 1844.0
1126440 1842.2
1126450 1837.7
1126460 1837.7
1126470 1832.2
1126480 1826.7
1126490 1826.7
1126500 1824.6
1126510 1823.1
1126520 1820.7
1126530 1820.7
1126540 1816.7
1126550 1812.0
1126560 1812.0
1126570 1808.6
1126580 1805.7
1126590 1805.7
1126600 1804.8
1126610 1803.7
1126620 1803.7
1126630 1801.6
1126640 1798.8
1126650 1798.8
1126660 1796.6
1126670 1795.7
1126680 1795.7
1126690 1795.7
1126700 1795.6
1126710 1795.6
1126720 1799.7
1126730 1798.4
1126740 1798.4
1126750 1797.6
1126760 1796.0
1126770 1796.0
1126780 1795.2
1126790 1795.0
1126800 1795.0
1126810 1795.8
1126820 1796.7
1126830 1797.2
1126840 1797.2
1126850 1798.3
1126860 1799.1
1126870 1799.1
1126880 1798.8
1126890 1798.7
1126900 1798.7
1126910 1798.5
1126920 1797.5
1126930 1797.5
1126940 1796.1
1126950 1795.1
1126960 1795.1
1126970 1795.0
1126980 1795.2
1126990 1795.2
1127000 1795.3
1127010 1796.1
1127020 1796.1
1127030 1796.9
1127040 1798.6
1127050 1798.6
1127060 1800.2
1127070 1805.3
1127080 1805.3
1127090 1805.3
1127100 1805.6
1127110 1805.6
1127120 1805.1
1127130 1804.4
1127140 1804.5
1127150 1804.5
1127160 1804.6
1127170 1805.4
1127180 1805.4
1127190 1806.5
1127200 1806.8
1127210 1806.8
1127220 1806.6
1127230 1806.7
1127240 1806.7
1127250 1806.3
1127260 1807.1
1127270 1807.1
1127280 1807.3
1127290 1807.4
1127300 1807.4
1127310 1808.9
1127320 1810.1
1127330 1810.1
1127340 1809.8
1127350 1811.9
1127360 1811.9
1127370 1814.0
1127380 1817.2
1127390 1817.2
1127400 1820.7
1127410 1825.0
1127420 1825.0
1127430 1831.9
1127440 1836.4
1127450 1842.1
1127460 1842.1
1127470 1848.5
1127480 1854.3
1127490 1854.3
1127500 1860.0
1127510 1866.2
1127520 1866.2
1127530 1873.6
1127540 1881.1
1127550 1881.1
1127560 1892.7
1127570 1901.7
1127580 1901.7
1127590 1897.3
1127600 1890.4
1127610 1890.4
1127620 1882.3
1127630 1875.0
1127640 1875.0
1127650 1868.2
1127660 1860.5
1127670 1860.5
1127680 1851.1
1127690 1842.5
1127700 1842.5
1127710 1836.7
1127720 1831.9
1127730 1831.9
1127740 1826.5
1127750 1821.6
1127760 1816.8
1127770 1816.8
1127780 1812.9
1127790 1807.8
1127800 1807.8
1127810 1804.5
1127820 1802.0
1127830 1802.0
1127840 1799.4
1127850 1796.1
1127860 1796.1
1127870 1793.1
1127880 1789.7
1127890 1789.7
1127900 1789.6
1127910 1791.0
1127920 1791.0
1127930 1785.7
1127940 1780.1
1127950 1780.1
1127960 1778.8
1127970 1777.8
1127980 1777.8
1127990 1778.2
1128000 1778.5
1128010 1778.5
1128020 1779.7
1128030 1780.5
1128040 1780.5
1128050 1779.8
1128060 1776.3
1128070 1771.8
1128080 1771.8
1128090 1768.0
1128100 1763.8
1128110 1763.8
1128120 1758.9
1128130 1754.3
1128140 1754.3
1128150 1751.8
1128160 1749.2
1128170 1749.2
1128180 1747.5
1128190 1744.9
1128200 1744.9
1128210 1744.4
1128220 1742.6
1128230 1742.6
1128240 1739.2
1128250 1734.0
1128260 1734.0
1128270 1730.5
1128280 1725.9
1128290 1725.9
1128300 1720.5
1128310 1717.5
1128320 1717.5
1128330 1714.0
1128340 1710.1
1128350 1710.1
1128360 1705.9
1128370 1700.3
1128380 1693.8
1128390 1693.8
1128400 1688.8
1128410 1684.8
1128420 1684.8
1128430 1681.4
1128440 1678.9
1128450 1678.9
1128460 1674.4
1128470 1671.1
1128480 1671.1
1128490 1666.7
1128500 1675.8
1128510 1675.8
1128520 1668.4
1128530 1657.6
1128540 1657.6
1128550 1651.3
1128560 1647.0
1128570 1647.0
1128580 1640.9
1128590 1630.3
1128600 1630.3
1128610 1624.1
1128620 1619.6
1128630 1619.6
1128640 1616.0
1128650 1609.7
1128660 1604.3
1128670 1604.3
1128680 1601.2
1128690 1598.0
1128700 1598.0
1128710 1596.9
1128720 1595.8
1128730 1595.8
1128740 1594.1
1128750 1592.2
1128760 1592.2
1128770 1589.8
1128780 1587.4
1128790 1587.4
1128800 1585.0
1128810 1583.3
1128820 1583.3
1128830 1581.3
1128840 1577.3
1128850 1577.3
1128860 1580.3
1128870 1577.2
1128880 1577.2
1128890 1573.6
1128900 1569.8
1128910 1569.8
1128920 1567.3
1128930 1564.5
1128940 1564.5
1128950 1561.5
1128960 1559.4
1128970 1557.4
1128980 1557.4
1128990 1555.3
1129000 1553.8
1129010 1553.8
1129020 1553.6
1129030 1553.0
1129040 1553.0
1129050 1551.6
1129060 1549.3
1129070 1549.3
1129080 1546.3
1129090 1545.2
1129100 1545.2
1129110 1544.6
1129120 1544.4
1129130 1544.4
1129140 1545.0
1129150 1546.0
1129160 1546.0
1129170 1547.9
1129220 1553.5
1131590 1473.1
1131600 1471.5
1131610 1471.5
1131620 1469.6
1131630 1468.8
1131640 1468.8
1131650 1468.5
1131660 1468.1
1131670 1468.1
1131680 1467.7
1131690 1467.8
1131700 1467.8
1131710 1469.0
1131720 1470.8
1131730 1471.3
1131740 1469.2
1131750 1470.4
1131760 1471.3
1131770 1471.3
1131780 1471.8
1131790 1471.7
1131800 1471.7
1131810 1471.3
1131820 1471.2
1131830 1471.2
1131840 1471.0
1131850 1471.3
1131860 1471.3
1131870 1472.2
1131880 1473.5
1131890 1473.5
1131900 1474.7
1131910 1476.3
1131920 1476.3
1131930 1478.7
1131940 1480.6
1131950 1480.6
1131960 1481.9
1131970 1482.9
1131980 1482.9
1131990 1483.1
1132000 1483.1
1132010 1483.1
1132020 1483.3
1132030 1483.1
1132040 1484.4
1132050 1484.4
1132060 1485.9
1132070 1485.9
1132080 1485.9
1132090 1485.6
1132100 1485.9
1132110 1483.4
1132120 1484.0
1132130 1484.1
1132140 1484.1
1132150 1483.3
1132160 1483.0
1132170 1483.0
1132180 1483.0
1132190 1482.7
1132200 1482.7
1132210 1481.7
1132220 1480.2
1132230 1480.2
1132240 1480.3
1132250 1479.8
1132260 1479.8
1132270 1478.1
1132280 1475.4
1132290 1475.4
1132300 1473.2
1132310 1472.2
1132320 1472.2
1132330 1470.2
1132340 1468.5
1132350 1467.4
1132360 1467.4
1132370 1466.4
1132380 1466.2
1132390 1466.2
1132400 1466.7
1132410 1466.2
1132420 1466.2
1132430 1465.9
1132440 1466.1
1132450 1466.1
1132460 1466.2
1132470 1465.5
1132480 1465.5
1132490 1466.0
1132500 1466.3
1132510 1466.3
1132520 1463.9
1132530 1462.1
1132540 1462.1
1132550 1462.5
1132560 1463.5
1132570 1463.5
1132580 1463.8
1132590 1464.7
1132600 1464.7
1132610 1466.4
1132620 1466.9
1132630 1466.5
1132640 1466.5
1132650 1463.2
1132660 1461.8
1132670 1461.8
1132680 1463.2
1132690 1464.1
1132700 1464.1
1132710 1464.4
1132720 1463.8
1132730 1463.8
1132740 1461.1
1132750 1459.1
1132760 1459.1
1132770 1457.9
1132780 1456.7
1132790 1456.7
1132800 1454.8
1132810 1452.1
1132820 1452.1
1132830 1450.6
1132840 1450.9
1132850 1450.9
1132860 1451.1
1132870 1451.4
1132880 1451.4
1132890 1450.9
1132900 1448.2
1132910 1448.2
1132920 1442.9
1132930 1436.7
1132940 1426.7
1132950 1426.7
1132960 1413.6
1132970 1402.5
1132980 1402.5
1132990 1392.3
1133000 1379.6
1133010 1379.6
1133020 1365.8
1133030 1350.7
1133040 1350.7
1133050 1340.0
1133060 1333.8
1133070 1333.8
1133080 1327.2
1133090 1320.2
1133100 1320.2
1133110 1313.6
1133120 1307.2
1133130 1307.2
1133140 1300.3
1133150 1293.5
1133160 1293.5
1133170 1286.7
1133180 1280.4
1133190 1282.2
1133200 1276.0
1133210 1270.2
1133220 1270.2
1133230 1265.2
1133240 1261.5
1133250 1258.3
1133260 1258.3
1133270 1254.5
1133280 1250.2
1133290 1250.2
1133300 1245.8
1133310 1242.0
1133320 1242.0
1133330 1238.2
1133340 1233.7
1133350 1233.7
1133360 1229.3
1133370 1225.1
1133380 1225.1
1133390 1221.0
1133400 1216.4
1133410 1216.4
1133420 1212.6
1133430 1209.4
1133440 1209.4
1133450 1206.0
1133460 1202.6
1133470 1202.6
1133480 1199.5
1133490 1196.8
1133500 1196.8
1133510 1194.5
1133520 1191.8
1133530 1191.8
1133540 1188.5
1133550 1185.0
1133560 1181.4
1133570 1181.4
1133580 1177.4
1133590 1174.8
1133600 1174.8
1133610 1173.8
1133620 1172.0
1133630 1172.0
1133640 1169.0
1133650 1166.8
1133660 1166.8
1133670 1164.1
1133680 1160.7
1133690 1160.7
1133700 1156.8
1133710 1152.5
1133720 1152.5
1133730 1149.5
1133740 1146.8
1133750 1146.8
1133760 1144.0
1133770 1141.0
1133780 1141.0
1133790 1135.8
1133800 1130.0
1133810 1130.0
1133820 1126.1
1133830 1124.9
1133840 1124.9
1133850 1122.7
1133860 1123.1
1133870 1125.8
1133880 1125.8
1133890 1127.8
1133900 1126.3
1133910 1126.3
1133920 1121.7
1133930 1122.9
1133940 1122.9
1133950 1122.9
1133960 1122.8
1133970 1122.8
1133980 1122.3
1133990 1122.0
1134000 1122.0
1134010 1121.6
1134020 1121.0
1134030 1121.0
1134040 1120.7
1134050 1120.3
1134060 1120.3
1134070 1120.0
1134080 1120.4
1134090 1120.4
1134100 1120.8
1134110 1121.4
1134120 1121.4
1134130 1121.8
1134140 1121.7
1134150 1121.7
1134160 1121.1
1134170 1120.3
1134180 1119.8
1134190 1119.8
1134200 1119.2
1134210 1117.4
1134220 1117.4
1134230 1115.2
1134240 1113.5
1134250 1113.5
1134260 1112.6
1134270 1111.6
1134280 1111.2
1134290 1110.4
1134300 1109.3
1134310 1109.3
1134320 1108.3
1134330 1107.5
1134340 1107.5
1134350 1107.0
1134360 1106.6
1134370 1106.6
1134380 1106.9
1134390 1107.7
1134400 1107.7
1134410 1108.8
1134420 1109.5
1134430 1109.5
1134440 1110.0
1134450 1110.5
1134460 1110.9
1134470 1110.9
1134480 1111.2
1134490 1111.6
1134500 1111.6
1134510 1112.0
1134520 1112.7
1134530 1112.7
1134540 1113.7
1134550 1114.8
1134560 1114.8
1134570 1115.9
1134580 1117.1
1134590 1117.1
1134600 1118.2
1134610 1119.2
1134620 1119.2
1134630 1120.1
1134640 1120.8
1134650 1120.9
1134660 1122.1
1134670 1123.2
1134680 1123.2
1134690 1123.5
1134700 1123.7
1134710 1123.7
1134720 1123.9
1134730 1124.1
1134740 1124.1
1134750 1124.2
1134760 1124.3
1134770 1124.4
1134780 1124.4
1134790 1124.6
1134800 1124.7
1134810 1124.7
1134820 1125.0
1134830 1125.0
1134840 1125.0
1134850 1125.0
1134860 1125.1
1134870 1125.1
1134880 1125.3
1134890 1125.4
1134900 1125.4
1134910 1125.6
1134920 1125.9
1134930 1125.9
1134940 1126.2
1134950 1126.2
1134960 1126.2
1134970 1126.3
1134980 1126.4
1134990 1126.4
1135000 1126.4
1135010 1124.6
1135020 1124.6
1135030 1124.4
1135040 1124.1
1135050 1124.1
1135060 1123.6
1135070 1121.8
1135080 1121.0
1135090 1121.0
1135100 1121.1
1135110 1120.2
1135120 1120.2
1135130 1116.7
1135140 1114.8
1135150 1114.8
1135160 1113.2
1135170 1112.3
1135180 1112.3
1135190 1112.5
1135200 1111.7
1135210 1111.7
1135220 1110.5
1135230 1109.3
1135240 1109.3
1135250 1106.1
1135260 1104.0
1135270 1104.0
1135280 1101.4
1135290 1099.1
1135300 1099.1
1135310 1097.4
1135320 1097.2
1135330 1097.2
1135340 1097.7
1135350 1098.4
1135360 1098.4
1135370 1099.2
1135380 1102.1
1135390 1103.1
1135400 1103.1
1135410 1105.1
1135420 1105.8
1135430 1105.8
1135440 1105.7
1135450 1106.0
1135460 1106.0
1135470 1105.9
1135480 1105.8
1135490 1105.8
1135500 1105.6
1135510 1105.3
1135520 1105.3
1135530 1105.3
1135540 1106.0
1135550 1106.0
1135560 1105.9
1135570 1106.6
1135580 1106.6
1135590 1107.7
1135600 1107.8
1135610 1107.8
1135620 1107.0
1135630 1106.1
1135640 1106.1
1135650 1104.9
1135660 1103.8
1135670 1103.8
1135680 1102.7
1135690 1101.5
1135700 1100.2
1135710 1100.2
1135720 1098.8
1135730 1097.4
1135740 1093.6
1135750 1091.7
1135760 1089.9
1135770 1089.9
1135780 1088.1
1135790 1086.2
1135800 1086.2
1135810 1084.4
1135820 1082.7
1135830 1082.7
1135840 1081.2
1135850 1079.6
1135860 1079.6
1135870 1077.8
1135880 1076.1
1135890 1076.1
1135900 1074.0
1135910 1071.8
1135920 1071.8
1135930 1068.9
1135940 1066.3
1135950 1066.3
1135960 1063.6
1135970 1060.2
1135980 1060.2
1135990 1056.9
1136000 1054.7
1136010 1052.7
1136020 1052.7
1136030 1050.3
1136040 1047.6
1136050 1047.6
1136060 1044.7
1136070 1041.5
1136080 1041.5
1136090 1037.7
1136100 1034.1
1136110 1028.5
1136120 1025.6
1136130 1022.3
1136140 1022.3
1136150 1019.5
1136160 1017.2
1136170 1017.2
1136180 1015.6
1136190 1013.6
1136200 1013.6
1136210 1012.7
1136220 1012.4
1136230 1012.4
1136240 1011.0
1136250 1008.7
1136260 1008.7
1136270 1006.5
1136280 1005.2
1136290 1004.4
1136300 1004.4
1136310 1003.2
1136320 999.2
1136330 999.2
1136340 992.0
1136350 985.5
1136360 985.5
1136370 978.7
1136380 972.3
1136390 972.3
1136400 965.8
1136410 959.4
1136420 959.4
1136430 951.2
1136440 946.6
1136450 946.6
1136460 942.5
1136470 939.1
1136480 938.0
1136490 934.9
1136500 936.6
1136510 936.6
1136520 939.8
1136530 943.3
1136540 943.3
1136550 944.5
1136560 944.7
1136570 944.7
1136580 945.4
1136590 946.4
1136600 947.3
1136610 947.3
1136620 947.8
1136630 947.7
1136640 947.7
1136650 948.0
1136660 949.6
1136670 949.6
1136680 950.3
1136690 951.7
1136700 951.7
1136710 953.5
1136720 955.5
1136730 955.5
1136740 958.9
1136750 961.8
1136760 961.8
1136770 964.1
1136780 968.2
1136790 968.2
1136800 971.5
1136810 970.1
1136820 970.1
1136830 967.8
1136840 973.8
1136850 973.8
1136860 974.9
1136870 977.6
1136880 977.6
1136890 976.6
1136900 973.3
1136910 971.4
1136920 971.4
1136930 975.0
1136940 987.3
1136950 987.3
1136960 999.1
1136970 1005.2
1136980 1005.2
1136990 1008.6
1137000 1012.4
1137010 1012.4
1137020 1013.1
1137030 1013.5
1137040 1013.5
1137050 1015.6
1137060 1018.1
1137070 1018.1
1137080 1020.1
1137090 1019.8
1137100 1019.8
1137110 1019.7
1137120 1021.4
1137130 1021.4
1137140 1022.6
1137150 1023.6
1137160 1023.6
1137170 1023.6
1137180 1024.1
1137190 1024.1
1137200 1024.9
1137210 1026.7
1137220 1026.9
1137230 1026.9
1137240 1027.3
1137250 1027.9
1137260 1027.9
1137270 1027.5
1137280 1027.7
1137290 1027.7
1137300 1029.3
1137310 1031.0
1137320 1031.0
1137330 1033.2
1137340 1035.6
1137350 1035.6
1137360 1037.9
1137370 1039.2
1137380 1039.2
1137390 1039.1
1137400 1039.5
1137410 1039.5
1137420 1042.7
1137430 1045.3
1137440 1045.3
1137450 1046.8
1137460 1046.5
1137470 1046.5
1137480 1045.0
1137490 1048.4
1137500 1048.4
1137510 1050.2
1137520 1050.9
1137530 1052.3
1137540 1052.3
1137550 1054.2
1137560 1056.7
1137570 1056.7
1137580 1065.5
1137590 1070.3
1137600 1070.3
1137610 1074.6
1137620 1078.7
1137630 1078.7
1137640 1080.1
1137650 1078.4
1137660 1078.4
1137670 1076.6
1137680 1078.9
1137690 1078.9
1137700 1084.5
1137710 1088.5
1137720 1088.5
1137730 1093.0
1137740 1100.2
1137750 1100.2
1137760 1106.1
1137770 1110.0
1137780 1110.0
1137790 1112.2
1137800 1113.8
1137810 1113.8
1137820 1115.2
1137830 1116.4
1137840 1117.6
1137850 1117.6
1137860 1118.9
1137870 1120.6
1137880 1120.6
1137890 1122.6
1137900 1124.4
1137910 1124.4
1137920 1126.4
1137930 1127.5
1137940 1127.5
1137950 1131.7
1137960 1132.4
1137970 1132.4
1137980 1134.1
1137990 1136.3
1138000 1136.3
1138010 1136.5
1138020 1137.5
1138030 1137.5
1138040 1142.3
1138050 1147.3
1138060 1147.3
1138070 1151.8
1138080 1154.9
1138090 1154.9
1138100 1158.6
1138110 1162.8
1138120 1166.4
1138130 1166.4
1138140 1169.2
1138150 1171.2
1138160 1171.2
1138170 1171.7
1138180 1174.7
1138190 1174.7
1138200 1178.4
1138210 1178.8
1138220 1178.8
1138230 1180.0
1138240 1183.2
1138250 1183.2
1138260 1184.4
1138270 1187.9
1138280 1187.9
1138290 1191.7
1138300 1194.6
1138310 1197.5
1138320 1199.4
1138330 1199.8
1138340 1199.8
1138350 1198.6
1138360 1204.2
1138370 1204.2
1138380 1210.6
1138390 1215.3
1138400 1215.3
1138410 1219.2
1138420 1222.9
1138430 1226.1
1138440 1226.1
1138450 1229.8
1138460 1233.5
1138470 1233.5
1138480 1237.0
1138490 1239.6
1138500 1239.6
1138510 1242.2
1138520 1244.1
1138530 1244.1
1138540 1245.0
1138550 1244.9
1138560 1244.9
1138570 1245.3
1138580 1248.6
1138590 1248.6
1138600 1250.0
1138610 1251.3
1138620 1251.3
1138630 1252.9
1138640 1254.1
1138650 1254.1
1138660 1255.6
1138670 1257.8
1138680 1260.1
1138690 1261.9
1138700 1264.5
1138710 1264.5
1138720 1266.1
1138730 1267.7
1138740 1269.2
1138750 1269.2
1138760 1270.8
1138770 1271.8
1138780 1271.8
1138790 1272.8
1138800 1272.3
1138810 1272.3
1138820 1273.4
1138830 1276.5
1138840 1276.5
1138850 1279.0
1138860 1281.5
1138870 1281.5
1138880 1284.0
1138890 1287.1
1138900 1287.1
1138910 1288.8
1138920 1290.3
1138930 1290.3
1138940 1293.3
1138950 1296.3
1138960 1296.3
1138970 1298.3
1138980 1300.0
1138990 1300.0
1139000 1302.7
1139010 1306.5
1139020 1306.5
1139030 1310.3
1139040 1313.1
1139050 1320.3
1139060 1320.3
1139070 1321.7
1139080 1325.7
1139090 1325.7
1139100 1328.2
1139110 1331.1
1139120 1331.1
1139130 1335.8
1139140 1338.9
1139150 1338.9
1139160 1341.0
1139170 1342.7
1139180 1342.7
1139190 1344.1
1139200 1346.6
1139210 1346.6
1139220 1348.7
1139230 1350.3
1139240 1350.3
1139250 1352.4
1139260 1357.0
1139270 1357.0
1139280 1362.5
1139290 1367.0
1139300 1367.0
1139310 1369.8
1139320 1370.2
1139330 1370.2
1139340 1370.4
1139350 1371.5
1139360 1373.1
1139370 1373.1
1139380 1375.5
1139390 1377.5
1139400 1377.5
1139410 1378.9
1139420 1383.2
1139430 1383.2
1139440 1384.5
1139450 1386.6
1139460 1386.6
1139470 1388.3
1139480 1390.2
1139490 1390.2
1139500 1392.6
1139510 1394.7
1139520 1394.7
1139530 1396.5
