1120000 1307.1
1120010 1307.1
1120020 1305.5
1120030 1302.9
1120040 1302.9
1120050 1299.7
1120060 1297.3
1120070 1297.3
1120080 1297.0
1120090 1296.5
1120100 1295.3
1120110 1295.3
1120120 1292.7
1120130 1290.2
1120140 1290.2
1120150 1289.1
1120160 1288.5
1120170 1288.5
1120180 1286.8
1120190 1285.6
1120200 1285.6
1120210 1285.6
1120220 1284.7
1120230 1284.7
1120240 1283.4
1120250 1282.5
1120260 1282.5
1120270 1282.0
1120280 1281.3
1120290 1281.3
1120300 1280.2
1120310 1273.2
1120320 1273.2
1120330 1273.1
1120340 1272.9
1120350 1272.9
1120360 1272.6
1120370 1272.5
1120380 1272.5
1120390 1272.6
1120400 1274.0
1120410 1275.6
1120420 1275.6
1120430 1282.8
1120440 1292.8
1120450 1292.8
1120460 1290.0
1120470 1285.5
1120480 1285.5
1120490 1285.1
1120500 1285.3
1120510 1285.3
1120520 1285.9
1120530 1281.0
1120540 1281.0
1120550 1271.5
1120560 1262.5
1120570 1262.5
1120580 1254.8
1120590 1247.0
1120600 1247.0
1120610 1239.9
1120620 1233.3
1120630 1233.3
1120640 1226.9
1120650 1220.4
1120660 1220.2
1120670 1213.9
1120680 1206.6
1120690 1206.6
1120700 1199.0
1120710 1191.4
1120720 1184.9
1120730 1184.9
1120740 1179.6
1120750 1176.1
1120760 1176.1
1120770 1180.1
1120780 1182.4
1120790 1182.4
1120800 1180.6
1120810 1179.9
1120820 1179.9
1120830 1184.1
1120840 1188.7
1120850 1188.7
1120860 1194.7
1120870 1198.4
1120880 1198.4
1120890 1201.3
1120900 1205.4
1120910 1205.4
1120920 1208.5
1120930 1211.0
1120940 1211.0
1120950 1214.2
1120960 1218.7
1120970 1218.7
1120980 1223.8
1120990 1229.2
1121000 1229.2
1121010 1242.3
1121020 1246.9
1121030 1251.8
1121040 1251.8
1121050 1257.7
1121060 1264.5
1121070 1264.5
1121080 1271.2
1121090 1277.0
1121100 1277.0
1121110 1282.7
1121120 1288.4
1121130 1288.4
1121140 1292.9
1121150 1296.8
1121160 1296.8
1121170 1300.7
1121180 1304.6
1121190 1304.6
1121200 1308.8
1121210 1313.6
1121220 1313.6
1121230 1318.7
1121240 1323.1
1121250 1323.1
1121260 1327.2
1121270 1329.9
1121280 1329.9
1121290 1333.9
1121300 1337.8
1121310 1337.8
1121320 1343.1
1121330 1347.7
1121340 1352.3
1121350 1352.3
1121360 1360.9
1121370 1367.5
1121380 1367.5
1121390 1374.0
1121400 1379.3
1121410 1379.3
1121420 1383.1
1121430 1387.5
1121440 1387.5
1121450 1391.8
1121460 1396.4
1121470 1396.4
1121480 1401.5
1121490 1406.1
1121500 1406.1
1121510 1409.1
1121520 1409.2
1121530 1409.2
1121540 1407.9
1121550 1407.3
1121560 1407.3
1121570 1409.3
1121580 1412.6
1121590 1412.6
1121600 1415.6
1121610 1418.4
1121620 1418.4
1121630 1422.2
1121640 1426.5
1121650 1431.7
1121660 1431.7
1121670 1436.4
1121680 1441.2
1121690 1441.2
1121700 1446.3
1121710 1457.4
1121720 1457.4
1121730 1463.6
1121740 1467.8
1121750 1467.8
1121760 1472.5
1121770 1478.4
1121780 1478.4
1121790 1483.4
1121800 1487.8
1121810 1487.8
1121820 1490.7
1121830 1493.6
1121840 1493.6
1121850 1497.4
1121860 1501.6
1121870 1501.6
1121880 1505.6
1121890 1509.7
1121900 1509.7
1121910 1513.2
1121920 1516.6
1121930 1516.6
1121940 1520.1
1121950 1523.5
1121960 1526.3
1121970 1526.3
1121980 1522.4
1121990 1521.3
1122000 1521.3
1122010 1523.6
1122020 1519.7
1122030 1519.7
1122040 1481.2
1122050 1435.5
1122060 1435.5
1122070 1433.1
1122080 1423.4
1122090 1423.4
1122100 1420.5
1122110 1417.4
1122120 1417.4
1122130 1415.8
1122140 1410.8
1122150 1410.8
1122160 1407.6
1122170 1406.3
1122180 1406.3
1122190 1406.1
1122200 1405.9
1122210 1405.9
1122220 1405.0
1122230 1402.0
1122240 1402.0
1122250 1397.6
1122260 1392.9
1122270 1389.5
1122280 1389.5
1122290 1392.0
1122300 1394.4
1122310 1394.4
1122320 1394.0
1122330 1395.0
1122340 1395.0
1122350 1395.6
1122360 1396.0
1122370 1396.0
1122380 1396.2
1122390 1392.5
1122400 1392.5
1122410 1385.6
1122420 1384.1
1122430 1384.1
1122440 1381.0
1122450 1372.6
1122460 1372.6
1122470 1367.3
1122480 1365.0
1122490 1365.0
1122500 1364.9
1122510 1365.1
1122520 1365.1
1122530 1362.9
1122540 1361.1
1122550 1361.1
1122560 1360.4
1122570 1362.1
1122580 1364.2
1122590 1364.2
1122600 1367.9
1122610 1368.4
1122620 1368.4
1122630 1367.3
1122640 1366.5
1122650 1366.5
1122660 1364.0
1122670 1356.8
1122680 1356.8
1122690 1351.0
1122700 1343.7
1122710 1343.7
1122720 1335.6
1122730 1333.9
1122740 1333.9
1122750 1332.3
1122760 1330.5
1122770 1344.7
1122780 1339.1
1122790 1326.0
1122800 1326.0
1122810 1318.2
1122820 1322.0
1122830 1322.0
1122840 1328.8
1122850 1334.7
1122860 1334.7
1122870 1340.6
1122880 1344.4
1122890 1345.7
1122900 1345.7
1122910 1346.7
1122920 1351.4
1122930 1351.4
1122940 1358.6
1122950 1368.4
1122960 1368.4
1122970 1376.8
1122980 1389.7
1122990 1389.7
1123000 1399.9
1123010 1400.0
1123020 1400.0
1123030 1399.2
1123040 1401.5
1123050 1401.5
1132960 1192.3
1132970 1192.3
1132980 1190.4
1132990 1187.9
1133000 1187.9
1133010 1185.2
1133020 1181.2
1133030 1181.2
1133040 1177.5
1133050 1174.5
1133060 1174.5
1133070 1171.5
1133080 1168.5
1133090 1165.7
1133100 1165.7
1133110 1163.7
1133120 1163.2
1133130 1163.2
1133140 1163.3
1133150 1162.2
1133160 1162.2
1133170 1161.3
1133180 1162.2
1133190 1162.2
1133200 1163.4
1133210 1163.4
1133220 1163.4
1133230 1162.9
1133240 1162.4
1133250 1162.4
1133260 1162.1
1133270 1162.3
1133280 1162.3
1133290 1162.3
1133300 1162.5
1133310 1162.5
1133320 1163.0
1133330 1163.1
1133340 1163.1
1133350 1162.8
1133360 1163.4
1133370 1163.4
1133380 1163.7
1133390 1164.7
1133400 1165.3
1133410 1165.3
1133420 1165.6
1133430 1166.0
1133440 1166.0
1133450 1166.4
1133460 1166.6
1133470 1166.6
1133480 1166.7
1133490 1166.8
1133500 1166.8
1133510 1166.4
1133520 1167.2
1133530 1167.2
1133540 1167.9
1133550 1167.9
1133560 1167.9
1133570 1167.6
1133580 1167.3
1133590 1167.3
1133600 1166.9
1133610 1167.1
1133620 1167.1
1133630 1167.0
1133640 1166.5
1133650 1166.5
1133660 1166.2
1133670 1165.9
1133680 1165.9
1133690 1165.6
1133700 1165.3
1133710 1165.1
1133720 1165.1
1133730 1164.4
1133740 1164.4
1133750 1164.4
1133760 1164.9
1133770 1165.7
1133780 1165.7
1133790 1165.9
1133800 1166.2
1133810 1166.2
1133820 1167.2
1133830 1169.3
1133840 1169.3
1133850 1172.1
1133860 1174.9
1133870 1174.9
1133880 1172.4
1133890 1173.6
1133900 1173.6
1133910 1173.8
1133920 1173.3
1133930 1173.3
1133940 1172.4
1133950 1170.8
1133960 1170.8
1133970 1169.5
1133980 1169.0
1133990 1169.0
1134000 1168.7
1134010 1169.6
1134020 1170.7
1134030 1170.7
1134040 1171.2
1134050 1171.2
1134060 1171.2
1134070 1170.7
1134080 1169.5
1134090 1169.5
1134100 1168.4
1134110 1167.3
1134120 1167.3
1134130 1166.3
1134140 1165.2
1134150 1165.2
1134160 1163.7
1134170 1162.4
1134180 1162.4
1134190 1160.9
1134200 1159.7
1134210 1159.7
1134220 1158.8
1134230 1158.8
1134240 1156.9
1134250 1158.0
1134260 1158.8
1134270 1158.8
1134280 1159.0
1134290 1158.8
1134300 1158.8
1134310 1158.7
1134320 1158.3
1134330 1157.6
1134340 1157.6
1134350 1156.7
1134360 1155.7
1134370 1155.7
1134380 1154.8
1134390 1154.1
1134400 1154.1
1134410 1153.1
1134420 1151.6
1134430 1151.6
1134440 1150.1
1134450 1148.1
1134460 1148.1
1134470 1146.3
1134480 1144.6
1134490 1144.6
1134500 1143.0
1134510 1141.8
1134520 1141.8
1134530 1140.7
1134540 1139.2
1134550 1139.2
1134560 1137.7
1134570 1136.3
1134580 1136.3
1134590 1135.2
1134600 1136.1
1134610 1136.1
1134620 1135.7
1134630 1135.4
1134640 1135.2
1134650 1135.2
1134660 1134.8
1134670 1134.6
1134680 1134.6
1134690 1134.2
1134700 1133.7
1134710 1133.7
1134720 1132.9
1134730 1133.5
1134740 1133.5
1134750 1133.3
1134760 1132.9
1134770 1132.9
1134780 1132.0
1134790 1125.5
1134800 1125.5
1134810 1123.9
1134820 1123.2
1134830 1123.2
1134840 1125.2
1134850 1119.9
1134860 1119.9
1134870 1112.6
1134880 1101.7
1134890 1101.7
1134900 1090.0
1134910 1081.2
1134920 1081.2
1134930 1081.7
1134940 1087.0
1134950 1093.3
1134960 1093.3
1134970 1101.3
1134980 1110.7
1134990 1110.7
1135000 1121.2
1135010 1128.9
1135020 1128.9
1135030 1132.0
1135040 1135.4
1135050 1135.4
1135060 1138.6
1135070 1140.0
1135080 1140.0
1135090 1140.6
1135100 1141.1
1135110 1141.1
1135120 1141.2
1135130 1141.2
1135140 1141.2
1135150 1140.6
1135160 1139.8
1135170 1139.8
1135180 1138.7
1135190 1137.5
1135200 1137.5
1135210 1135.8
1135220 1133.9
1135230 1133.9
1135240 1131.9
1135250 1129.3
1135260 1127.9
1135270 1127.9
1135280 1125.9
1135290 1123.7
1135300 1123.7
1135310 1121.9
1135320 1120.4
1135330 1120.2
1137880 1061.3
1137890 1060.7
1137900 1056.9
1137910 1056.1
1137920 1056.1
1137930 1056.1
1137940 1055.8
1137950 1054.1
1137960 1054.1
1137970 1050.8
1137980 1045.8
1137990 1045.8
1138000 1043.4
1138010 1041.8
1138020 1041.8
1138030 1042.2
1138040 1041.8
1138050 1042.6
1138060 1042.6
1138070 1043.7
1138080 1041.8
1138090 1041.8
1138100 1039.3
1138110 1036.5
1138120 1036.5
1138130 1034.8
1138140 1032.5
1138150 1032.5
1138160 1030.0
1138170 1027.8
1138180 1027.8
1138190 1024.9
1138200 1019.9
1138210 1019.9
1138220 1014.1
1138230 1009.7
1138240 1009.7
1138250 1006.9
1138260 1004.7
1138270 998.8
1138280 995.7
1138290 994.1
1138300 994.1
1138310 992.3
1138320 989.1
1138330 989.1
1138340 985.5
1138350 980.8
1138360 976.6
1138370 976.6
1138380 972.5
1138390 968.4
1138400 968.4
1138410 964.7
1138420 960.3
1138430 960.3
1138440 956.3
1138450 946.3
1138460 946.3
1138470 928.9
1138480 920.4
1138490 920.4
1138500 916.2
1138510 926.6
1138520 926.6
1138530 932.2
1138540 938.2
1138550 938.2
1138560 946.0
1138570 957.0
1138580 957.0
1138590 967.1
1138600 973.5
1138610 973.5
1138620 975.7
1138630 977.3
1138640 974.5
1138650 974.2
1138660 973.1
1138670 971.7
1138680 971.7
1138690 970.1
1138700 969.0
1138710 969.0
1138720 970.4
1138730 971.3
1138740 971.3
1138750 971.8
1138760 972.4
1138770 972.4
1138780 972.9
1138790 973.4
1138800 973.4
1138810 973.9
1138820 974.4
1138830 974.4
1138840 974.7
1138850 974.9
1138860 974.9
1138870 975.1
1138880 975.6
1138890 975.6
1138900 976.3
1138910 977.2
1138920 977.2
1138930 979.3
1138940 983.3
1138950 987.3
1138960 987.3
1138970 988.6
1138980 991.1
1138990 991.1
1139000 993.9
