1120000 1249.1
1120010 1247.4
1120020 1247.4
1120030 1245.5
1120040 1243.2
1120050 1243.2
1120060 1240.3
1120070 1238.0
1120080 1236.0
1120090 1236.0
1120100 1233.8
1120110 1232.1
1120120 1232.1
1120130 1230.6
1120140 1227.5
1120150 1227.5
1120160 1225.5
1120170 1224.7
1120180 1224.7
1120190 1224.2
1120200 1222.0
1120210 1222.0
1120220 1219.9
1120230 1215.6
1120240 1215.6
1120250 1211.6
1120260 1209.3
1120270 1209.3
1120280 1206.0
1120290 1201.3
1120300 1201.3
1120310 1199.0
1120320 1198.5
1120330 1198.5
1120340 1196.5
1120350 1194.1
1120360 1194.1
1120370 1190.1
1120380 1185.6
1120390 1181.2
1120400 1181.2
1120410 1177.1
1120420 1174.0
1120430 1174.0
1120440 1171.2
1120450 1168.7
1120460 1168.7
1120470 1166.6
1120480 1164.6
1120490 1164.6
1120500 1162.6
1120510 1160.9
1120520 1160.9
1120530 1158.0
1120540 1154.8
1120550 1156.6
1120560 1160.3
1120570 1155.4
1120580 1155.4
1120590 1148.2
1120600 1143.2
1120610 1143.2
1120620 1140.9
1120630 1139.8
1120640 1139.8
1120650 1139.7
1120660 1140.9
1120670 1140.9
1120680 1143.0
1120690 1143.8
1120700 1143.3
1120710 1143.3
1120720 1141.8
1120730 1139.5
1120740 1139.5
1120750 1137.0
1120760 1133.2
1120770 1133.2
1120780 1129.2
1120790 1125.5
1120800 1125.5
1120810 1122.9
1120820 1120.8
1120830 1120.8
1120840 1117.6
1120850 1113.0
1120860 1113.0
1120870 1110.0
1120880 1107.7
1120890 1107.7
1120900 1105.7
1120910 1104.2
1120920 1104.2
1120930 1101.7
1120940 1099.8
1120950 1099.8
1120960 1097.4
1120970 1094.1
1120980 1094.1
1120990 1090.9
1121000 1087.4
1121010 1085.1
1121020 1085.1
1121030 1080.9
1121040 1076.7
1121050 1076.7
1121060 1072.8
1121070 1068.3
1121080 1068.3
1121090 1063.8
1121100 1058.6
1121110 1058.6
1121120 1053.1
1121130 1047.8
1121140 1047.8
1121150 1042.7
1121160 1045.1
1121170 1045.1
1121180 1051.9
1121190 1059.1
1121200 1059.1
1121210 1067.5
1121220 1073.5
1121230 1073.5
1121240 1078.0
1121250 1086.3
1121260 1086.3
1121270 1089.2
1121280 1094.7
1121290 1094.7
1121300 1096.5
1121310 1093.9
1121320 1090.8
1121330 1090.8
1121340 1086.9
1121350 1081.5
1121360 1081.5
1121370 1076.1
1121380 1072.7
1121390 1072.7
1121400 1071.1
1121410 1067.8
1121420 1067.8
1121430 1064.3
1121440 1062.2
1121450 1062.2
1121460 1063.0
1121470 1067.7
1121480 1067.7
1121490 1069.5
1121500 1070.7
1121510 1070.7
1121520 1070.8
1121530 1070.3
1121540 1070.3
1121550 1069.4
1121560 1069.0
1121570 1069.0
1121580 1069.1
1121590 1069.0
1121600 1073.6
1121610 1073.4
1121620 1074.6
1121630 1075.7
1121640 1075.7
1121650 1075.7
1121660 1072.3
1121670 1072.3
1121680 1068.3
1121690 1066.0
1121700 1066.0
1121710 1064.1
1121720 1060.5
1121730 1060.5
1121740 1053.5
1121750 1051.1
1121760 1051.1
1121770 1056.4
1121780 1057.1
1121790 1057.1
1121800 1057.0
1121810 1055.5
1121820 1055.5
1121830 1054.2
1121840 1052.1
1121850 1052.1
1121860 1050.0
1121870 1048.8
1121880 1048.8
1121890 1047.2
1121900 1043.8
1121910 1043.8
1121920 1041.3
1121930 1036.8
1121940 1029.6
1121950 1029.6
1121960 1028.2
1121970 1023.6
1121980 1023.6
1121990 1022.7
1122000 1021.8
1122010 1021.8
1122020 1025.2
1122030 1031.6
1122040 1031.6
1122050 1032.2
1122060 1031.2
1122070 1031.2
1122080 1028.9
1122090 1026.0
1122100 1026.0
1122110 1024.6
1122120 1024.4
1122130 1024.4
1122140 1023.4
1122150 1021.7
1122160 1021.7
1122170 1019.7
1122180 1018.6
1122190 1018.6
1122200 1018.2
1122210 1015.9
1122220 1015.9
1122230 1013.9
1122240 1014.1
1122250 1014.3
1122260 1014.3
1122270 1013.8
1122280 1014.4
1122290 1014.4
1122300 1014.7
1122310 1011.9
1122320 1011.9
1122330 1009.7
1122340 1005.4
1122350 1005.4
1122360 1000.6
1122370 997.7
1122380 997.7
1122390 996.1
1122400 993.8
1122410 993.8
1122420 990.6
1122430 987.7
1122440 987.7
1122450 984.4
1122460 981.9
1122470 981.9
1122480 980.1
1122490 978.2
1122500 978.2
1122510 975.5
1122520 971.8
1122530 971.8
1122540 969.3
1122550 966.2
1122560 962.5
1122570 962.5
1122580 964.4
1122590 969.0
1122600 969.0
1122610 973.9
1122620 977.2
1122630 977.2
1122640 979.2
1122650 980.5
1122660 984.8
1122670 984.8
1122680 984.0
1122690 984.0
1122700 983.4
1122710 982.7
1122720 982.7
1122730 986.1
1122740 991.4
1122750 991.4
1122760 996.2
1122770 999.3
1122780 999.3
1122790 1001.3
1122800 1002.6
1122810 1002.6
1122820 1005.3
1122830 1008.6
1122840 1008.6
1122850 1013.2
1122860 1014.4
1122870 1014.4
1122880 1013.2
1122890 1012.2
1122900 1011.8
1122910 1011.8
1122920 1011.3
