1120000 1221.7
1120010 1219.9
1120020 1219.0
1120030 1219.0
1120040 1218.4
1120050 1217.4
1120060 1216.7
1120070 1216.7
1120080 1216.3
1120090 1215.7
1120100 1215.7
1120110 1215.1
1120120 1214.3
1120130 1214.3
1120140 1213.6
1120150 1212.6
1120160 1212.6
1120170 1211.8
1120180 1211.3
1120190 1211.3
1120200 1210.6
1120210 1210.1
1120220 1210.1
1120230 1209.4
1120240 1208.1
1120250 1208.1
1120260 1205.8
1120270 1202.4
1120280 1202.4
1120290 1197.7
1120300 1192.6
1120310 1192.6
1120320 1187.4
1120330 1182.8
1120340 1182.8
1120350 1178.8
1120360 1174.9
1120370 1173.6
1120380 1173.6
1120390 1172.1
1120400 1170.6
1120410 1170.6
1120420 1169.0
1120430 1168.0
1120440 1168.0
1120450 1167.1
1120460 1166.2
1120470 1166.2
1120480 1165.3
1120490 1164.0
1120500 1164.0
1120510 1163.3
1120520 1164.4
1120530 1164.4
1120540 1164.6
1120550 1163.8
1120560 1163.8
1120570 1163.1
1120580 1160.7
1120590 1160.7
1120600 1157.6
1120610 1153.6
1120620 1153.6
1120630 1148.8
1120640 1143.5
1120650 1143.5
1120660 1137.9
1120670 1133.0
1120680 1129.4
1120690 1129.4
1120700 1125.9
1120710 1123.8
1120720 1124.6
1120730 1123.4
1120740 1122.8
1120750 1122.8
1120760 1122.1
1120770 1121.2
1120780 1121.2
1120790 1120.5
1120800 1119.8
1120810 1119.8
1120820 1119.3
1120830 1118.9
1120840 1118.9
1120850 1118.2
1120860 1117.9
1120870 1117.9
1120880 1117.6
1120890 1116.7
1120900 1116.7
1120910 1114.8
1120920 1112.7
1120930 1112.7
1120940 1112.7
1120950 1112.7
1120960 1112.7
1120970 1112.1
1120980 1109.5
1120990 1106.7
1121000 1106.7
1121010 1102.7
1121020 1098.1
1121030 1098.1
1121040 1094.2
1121050 1090.5
1121060 1090.5
1121070 1089.4
1121080 1086.2
1121090 1086.2
1121100 1081.8
1121110 1083.4
1121120 1083.4
1121130 1089.1
1121140 1093.6
1121150 1093.6
1121160 1100.0
1121170 1105.5
1121180 1105.5
1121190 1109.6
1121200 1117.0
1121210 1117.0
1121220 1124.0
1121230 1131.0
1121240 1131.0
1121250 1138.5
1121260 1144.6
1121270 1144.6
1121280 1146.6
1121290 1147.9
1121300 1147.4
1121310 1147.4
1121320 1144.7
1121330 1140.5
1121340 1140.5
1121350 1135.3
1121360 1131.9
1121370 1131.9
1121380 1132.6
1121390 1135.0
1121400 1135.0
1121410 1137.1
1121420 1141.1
1121430 1141.1
1121440 1141.5
1121450 1140.1
1121460 1140.1
1121470 1139.2
1121480 1140.8
1121490 1140.8
1121500 1142.7
1121510 1144.5
1121520 1144.5
1121530 1145.5
1121540 1145.0
1121550 1145.0
1121560 1144.1
1121570 1143.6
1121580 1143.6
1121590 1146.3
1121600 1146.6
1121610 1146.0
1121620 1146.0
1121630 1144.5
1121640 1140.8
1121650 1140.8
1121660 1134.0
1121670 1130.1
1121680 1130.1
1121690 1126.1
1121700 1119.8
1121710 1119.8
1121720 1111.9
1121730 1113.5
1121740 1113.5
1121750 1116.9
1121760 1121.2
1121770 1124.3
1121780 1123.4
1121790 1118.0
1121800 1118.0
1121810 1111.0
1121820 1103.9
1121830 1103.9
1121840 1106.5
1121850 1109.8
1121860 1109.8
1121870 1112.9
1121880 1113.2
1121890 1113.2
1121900 1106.6
1121910 1101.3
1121920 1101.3
1121930 1100.1
1121940 1098.7
1121950 1101.1
1121960 1101.1
1121970 1103.9
1121980 1107.7
1121990 1107.7
1122000 1111.8
1122010 1115.8
1122020 1115.8
1122030 1115.1
1122040 1114.2
1122050 1114.2
1122060 1113.4
1122070 1113.0
1122080 1113.0
1122090 1111.1
1122100 1106.1
1122110 1106.1
1122120 1107.0
1122130 1102.3
1122140 1102.3
1122150 1099.5
1122160 1096.8
1122170 1096.8
1122180 1092.7
1122190 1088.1
1122200 1088.1
1122210 1082.6
1122220 1076.9
1122230 1076.9
1122240 1071.2
1122250 1065.9
1122260 1061.6
1122270 1061.6
1122280 1057.5
1122290 1052.1
1122300 1052.1
1122310 1046.0
1122320 1041.1
1122330 1041.1
1122340 1037.1
1122350 1034.0
1122360 1034.0
1122370 1031.1
1122380 1027.8
1122390 1027.8
1122400 1024.8
1122410 1021.4
1122420 1021.4
1122430 1013.9
1122440 1004.3
1122450 1004.3
1122460 995.3
1122470 990.1
1122480 990.1
1122490 991.6
1122500 994.0
1122510 994.0
1122520 997.8
1122530 1003.0
1122540 1003.0
1122550 1010.4
1122560 1014.3
1122570 1016.6
1122580 1016.6
1122590 1025.2
1122600 1030.1
1122610 1030.1
1122620 1034.2
1122630 1037.5
1122640 1037.5
1122650 1040.3
1122660 1040.8
1122670 1040.8
1122680 1041.6
1122690 1043.7
1122700 1043.7
1122710 1046.1
1122720 1047.2
1122730 1047.2
1122740 1046.7
1122750 1046.4
1122760 1046.4
1122770 1047.5
1122780 1048.1
1122790 1048.1
1122800 1049.3
