1120000 1029.5
1120010 1027.2
1120020 1025.6
1120030 1025.6
1120040 1024.1
1120050 1023.1
1120060 1023.1
1120070 1022.9
1120080 1021.9
1120090 1020.1
1120100 1020.1
1120110 1019.6
1120120 1019.2
1120130 1019.2
1120140 1018.7
1120150 1018.1
1120160 1018.1
1120170 1016.9
1120180 1016.1
1120190 1016.1
1120200 1015.0
1120210 1013.6
1120220 1013.6
1120230 1010.8
1120240 1005.8
1120250 1005.8
1120260 1003.3
1120270 1004.4
1120280 1004.4
1120290 997.9
1120300 995.6
1120310 995.6
1120320 993.0
1120330 989.6
1120340 989.6
1120350 988.6
1120360 988.9
1120370 988.9
1120380 989.5
1120390 989.2
1120400 988.5
1120410 988.5
1120420 988.1
1120430 987.1
1120440 987.1
1120450 986.2
1120460 985.3
1120470 985.3
1120480 983.5
1120490 981.8
1120500 981.8
1120510 979.5
1120520 977.4
1120530 977.4
1120540 975.5
1120550 974.0
1120560 974.0
1120570 971.8
1120580 968.5
1120590 968.5
1120600 966.1
1120610 964.0
1120620 964.0
1120630 962.8
1120640 966.1
1120650 966.1
1120660 965.5
1120670 964.8
1120680 964.8
1120690 964.0
1120700 962.7
1120710 960.2
1120720 960.2
1120730 956.7
1120740 953.2
1120750 953.2
1120760 950.0
1120770 947.6
1120780 947.6
1120790 945.1
1120800 939.8
1120810 939.8
1120820 937.9
1120830 936.8
1120840 936.8
1120850 935.4
1120860 934.8
1120870 934.8
1120880 933.8
1120890 931.6
1120900 931.6
1120910 927.8
1120920 925.0
1120930 925.0
1120940 922.1
1120950 918.3
1120960 918.3
1120970 915.4
1120980 913.7
1120990 914.4
1121000 913.0
1121010 911.8
1121020 911.4
1121030 911.4
1121040 910.2
1121050 907.5
1121060 907.5
1121070 907.1
1121080 907.1
1121090 907.1
1121100 907.3
1121110 907.7
1121120 907.7
1121130 909.0
1121140 909.9
1121150 909.9
1121160 911.5
1121170 913.5
1121180 913.5
1121190 915.8
1121200 917.5
1121210 917.5
1121220 918.0
1121230 918.3
1121240 918.3
1121250 918.9
1121260 919.5
1121270 919.5
1121280 920.3
1121290 921.0
1121300 921.0
1121310 921.9
1121320 922.3
1121330 922.3
1121340 923.6
1121350 925.1
1121360 925.8
1121370 925.8
1121380 926.2
1121390 927.9
1121400 927.9
1121410 929.9
1121420 931.2
1121430 931.2
1121440 931.2
1121450 931.0
1121460 931.0
1121470 931.9
1121480 932.4
1121490 932.4
1121500 932.8
1121510 933.4
1121520 933.4
1121530 934.0
1121540 934.6
1121550 934.6
1121560 934.4
1121570 932.0
1121580 932.0
1121590 931.5
1121600 931.8
1121610 931.8
1121620 933.7
1121630 937.1
1121640 937.1
1121650 937.6
1121660 936.6
1121670 934.5
1121680 934.5
1121690 936.5
1121700 938.5
1121710 938.5
1121720 939.2
1121730 942.1
1121740 942.1
1121750 944.4
1121760 945.2
1121770 945.2
1121780 945.5
1121790 945.2
1121800 945.2
1121810 943.4
1121820 943.8
1121830 943.8
