1120000 1139.2
1120010 1136.5
1120020 1135.2
1120030 1135.2
1120040 1132.8
1120050 1128.0
1120060 1128.0
1120070 1124.8
1120080 1123.2
1120090 1123.2
1120100 1120.1
1120110 1117.9
1120120 1117.9
1120130 1116.6
1120140 1115.9
1120150 1115.2
1120160 1115.2
1120170 1114.1
1120180 1113.1
1120190 1114.2
1120200 1112.5
1120210 1110.1
1120220 1110.1
1120230 1106.9
1120240 1103.5
1120250 1103.5
1120260 1100.5
1120270 1097.3
1120280 1097.3
1120290 1094.2
1120300 1093.6
1120310 1093.6
1120320 1091.5
1120330 1087.2
1120340 1087.2
1120350 1084.5
1120360 1081.7
1120370 1081.7
1120380 1078.1
1120390 1073.9
1120400 1073.9
1120410 1069.3
1120420 1063.9
1120430 1063.9
1120440 1060.0
1120450 1057.5
1120460 1055.1
1120470 1055.1
1120480 1052.6
1120490 1050.0
1120500 1050.0
1120510 1048.1
1120520 1047.6
1120530 1047.6
1120540 1049.2
1120550 1047.3
1120560 1047.3
1120570 1044.0
1120580 1039.3
1120590 1039.3
1120600 1034.7
1120610 1030.1
1120620 1030.1
1120630 1025.2
1120640 1020.0
1120650 1020.0
1120660 1015.8
1120670 1014.2
1120680 1014.2
1120690 1015.2
1120700 1015.5
1120710 1015.5
1120720 1015.7
1120730 1015.2
1120740 1015.2
1120750 1014.9
1120760 1014.1
1120770 1014.1
1120780 1013.6
1120790 1013.2
1120800 1012.7
1120810 1012.7
1120820 1012.2
1120830 1011.3
1120840 1011.3
1120850 1009.4
1120860 1007.1
1120870 1007.1
1120880 1004.7
1120890 1003.9
1120900 1003.9
1120910 1001.0
1120920 997.9
1120930 997.9
1120940 994.5
1120950 991.6
1120960 991.6
1120970 987.5
1120980 984.8
1120990 984.8
1121000 983.1
1121010 980.4
1121020 980.4
1121030 976.9
1121040 974.5
1121050 974.5
1121060 972.4
1121070 969.9
1121080 969.9
1121090 967.2
1121100 965.2
1121110 962.7
1121120 962.7
1121130 960.0
1121140 958.4
1121150 958.4
1121160 957.7
1121170 956.9
1121180 956.9
1121190 955.8
1121200 954.3
1121210 954.3
1121220 950.7
1121230 946.8
1121240 946.3
1121250 948.0
1121260 952.3
1121270 952.3
1121280 953.3
1121290 953.5
1121300 953.5
1121310 953.2
1121320 952.6
1121330 952.6
1121340 950.8
1121350 946.9
1121360 946.9
1121370 943.2
1121380 941.7
1121390 941.7
1121400 944.6
1121410 944.7
1121420 942.1
1121430 942.1
1121440 940.2
1121450 939.3
1121460 939.3
1121470 938.9
1121480 938.0
1121490 938.0
1121500 936.5
1121510 935.0
1121520 935.0
1121530 934.8
1121540 935.5
1121550 935.5
1121560 935.6
1121570 935.2
1121580 935.2
1121590 934.4
1121600 934.9
1121610 934.9
1121620 935.5
1121630 935.7
1121640 935.7
1121650 935.2
1121660 933.7
1121670 933.7
1121680 933.1
1121690 932.4
1121700 932.4
1121710 931.9
1121720 930.8
1121730 930.9
1121740 930.9
1121750 930.3
1121760 930.0
1121770 930.0
1121780 930.3
1121790 930.1
1121800 930.1
1121810 930.0
1121820 929.3
1121830 929.3
1121840 927.7
1121850 927.5
1121860 927.5
1121870 929.2
1121880 929.0
1121890 929.0
1121900 927.8
1121910 926.6
1121920 926.6
1121930 925.6
1121940 925.4
1121950 926.7
1121960 926.4
1121970 925.6
1121980 925.6
1121990 924.4
1122000 924.1
1122010 924.1
1122020 923.9
1122030 924.1
1122040 924.5
1122050 924.5
1122060 924.7
1122070 925.1
1122080 925.1
1122090 925.2
1122100 925.4
1122110 925.4
1122120 925.5
1122130 925.2
1122140 925.2
1122150 924.7
1122160 924.2
1122170 924.2
1122180 923.9
1122190 922.5
1122200 922.5
1122210 922.1
1122220 923.9
1122230 923.9
1122240 924.3
1122250 925.1
1122260 925.1
1122270 925.8
1122280 926.2
1122290 926.2
1122300 927.1
1122310 928.1
1122320 928.1
1122330 929.3
1122340 930.4
1122350 931.2
1122360 931.2
1122370 932.0
1122380 933.1
1122390 933.1
1122400 934.2
1122410 936.0
1122420 936.0
1122430 938.1
1122440 941.6
1122450 941.6
1122460 944.0
1122470 945.1
1122480 945.1
1122490 945.7
1122500 946.3
1122510 946.3
1122520 947.7
1122530 949.4
1122540 949.4
1122550 950.6
1122560 952.1
1122570 952.1
1122580 952.6
1122590 953.0
1122600 953.0
1122610 954.9
1122620 956.5
1122630 956.5
