1120000 959.3
1120010 959.3
1120020 958.1
1120030 957.0
1120040 957.0
1120050 955.6
1120060 954.1
1120070 954.1
1120080 952.3
1120090 951.6
1120100 951.6
1120110 949.7
1120120 946.7
1120130 946.7
1120140 945.8
1120150 944.9
1120160 946.0
1120170 946.0
1120180 947.8
1120190 954.6
1120200 954.6
1120210 957.1
1120220 957.8
1120230 957.8
1120240 955.1
1120250 956.1
1120260 956.1
1120270 954.9
1120280 950.5
1120290 950.5
1120300 946.0
1120310 942.8
1120320 942.8
1120330 941.5
1120340 939.0
1120350 939.0
1120360 936.2
1120370 933.2
1120380 933.2
1120390 931.2
1120400 929.4
1120410 929.4
1120420 927.1
1120430 924.2
1120440 924.2
1120450 922.2
1120460 922.1
1120470 921.5
1120480 921.5
1120490 918.8
1120500 915.1
1120510 915.1
1120520 913.7
1120530 912.7
1120540 914.8
1120550 912.6
1120560 909.0
1120570 909.0
1120580 903.4
1120590 900.3
1120600 900.3
1120610 900.5
1120620 900.2
1120630 900.2
1120640 899.5
1120650 898.3
1120660 898.3
1120670 897.0
1120680 895.7
1120690 895.7
1120700 897.0
1120710 898.2
1120720 898.2
1120730 900.6
1120740 903.0
1120750 903.0
1120760 904.8
1120770 906.2
1120780 906.2
1120790 906.7
1120800 906.8
1120810 906.6
1120820 906.6
1120830 906.5
1120840 906.5
1120850 906.5
1120860 906.5
1120870 906.5
1120880 906.5
1120890 905.9
1120900 902.5
1120910 902.5
1120920 903.1
1120930 903.9
1120940 903.9
1120950 904.4
1120960 904.8
1120970 904.8
1120980 904.9
1120990 904.9
1121000 904.9
1121010 905.4
1121020 906.0
1121030 906.0
1121040 906.5
1121050 907.1
1121060 907.1
1121070 907.5
1121080 906.7
1121090 906.7
1121100 906.2
1121110 906.8
1121120 910.1
1121130 910.1
1121140 913.9
1121150 917.1
1121160 917.1
1121170 920.2
1121180 921.6
1121190 921.6
1121200 923.6
1121210 925.4
1121220 925.4
1121230 926.4
1121240 928.6
1121250 928.6
1121260 930.5
1121270 933.4
1121280 933.4
1121290 937.1
1121300 942.3
1121310 942.3
1121320 947.1
1121330 947.6
1121340 947.6
1121350 947.6
1121360 947.7
1121370 947.7
1121380 947.9
1121390 947.9
1121400 947.9
1121410 948.0
1121420 948.0
1121430 947.9
1121440 947.9
1121450 947.8
1121460 947.7
1121470 947.7
1121480 947.7
1121490 947.8
1121500 947.8
1121510 947.9
1121520 947.9
1121530 947.9
1121540 948.0
1121550 947.9
1121560 947.9
1121570 947.8
1121580 947.7
1121590 947.3
1121600 947.4
1121610 947.5
1121620 947.5
1121630 947.7
