1120000 1041.2
1120010 1041.6
1120020 1041.4
1120030 1041.4
1120040 1040.3
1120050 1039.2
1120060 1039.2
1120070 1039.0
1120080 1038.8
1120090 1038.8
1120100 1038.2
1120110 1039.0
1120120 1039.4
1120130 1039.4
1120140 1039.6
1120150 1040.6
1120160 1040.6
1120170 1039.7
1120180 1041.6
1120190 1041.6
1120200 1043.6
1120210 1044.8
1120220 1044.8
1120230 1045.6
1120240 1046.1
1120250 1046.1
1120260 1046.1
1120270 1046.0
1120280 1046.0
1120290 1045.9
1120300 1045.9
1120310 1045.9
1120320 1046.2
1120330 1047.3
1120340 1047.3
1120350 1048.6
1120360 1050.3
1120370 1050.3
1120380 1051.7
1120390 1051.2
1120400 1051.2
1120410 1050.0
1120420 1049.6
1120430 1049.6
1120440 1049.5
1120450 1045.7
1120460 1045.5
1120470 1045.5
1120480 1046.1
1120490 1047.8
1120500 1047.8
1120510 1049.8
1120520 1051.9
1120530 1051.9
1120540 1053.5
1120550 1054.8
1120560 1054.8
1120570 1056.1
1120580 1057.1
1120590 1057.1
1120600 1057.9
1120610 1058.9
1120620 1058.9
1120630 1059.1
1120640 1059.2
1120650 1059.2
1120660 1059.5
1120670 1060.5
1120680 1060.5
1120690 1061.4
1120700 1062.2
1120710 1062.2
1120720 1062.4
1120730 1063.7
1120740 1063.7
1120750 1065.0
1120760 1066.9
1120770 1068.1
1120780 1068.1
1120790 1069.3
1120800 1065.4
1120810 1065.4
1120820 1065.0
1120830 1065.3
1120840 1065.3
1120850 1065.9
1120860 1068.0
1120870 1068.0
1120880 1069.1
1120890 1071.0
1120900 1071.0
1120910 1074.9
1120920 1078.6
1120930 1078.6
1120940 1080.9
1120950 1082.3
1120960 1082.3
1120970 1081.3
1120980 1078.7
1120990 1078.7
1121000 1077.1
1121010 1076.6
1121020 1076.6
1121030 1076.0
1121040 1076.8
1121050 1076.8
1121060 1081.3
1121070 1086.3
1121080 1087.9
1121090 1087.9
1121100 1087.3
1121110 1086.6
1121120 1086.6
1121130 1086.3
1121140 1087.4
1121150 1084.4
1121160 1086.3
1121170 1088.8
1121180 1088.8
1121190 1088.8
1121200 1087.5
1121210 1087.5
1121220 1087.9
1121230 1087.6
1121240 1087.6
1121250 1087.1
1121260 1087.3
1121270 1087.3
1121280 1086.8
1121290 1087.3
1121300 1087.3
1121310 1087.8
1121320 1087.6
1121330 1087.6
1121340 1087.8
1121350 1087.8
1121360 1087.8
1121370 1086.6
1121380 1085.7
1121390 1085.7
1121400 1086.1
1121410 1086.1
1121420 1086.9
1121430 1086.9
1121440 1088.3
1121450 1089.5
1121460 1089.5
1121470 1091.0
1121480 1091.2
1121490 1091.2
1121500 1086.4
1121510 1087.7
1121520 1087.7
1121530 1088.8
1121540 1090.8
1121550 1090.8
1121560 1093.4
1121570 1098.4
1121580 1098.4
1121590 1104.7
1121600 1107.4
1121610 1107.4
1121620 1110.1
1121630 1113.0
1121640 1113.0
1121650 1115.1
1121660 1117.6
1121670 1117.6
1121680 1120.0
1121690 1121.7
1121700 1121.7
1121710 1122.4
1121720 1122.8
1121730 1124.2
1121740 1124.2
1121750 1126.2
1121760 1128.7
1121770 1128.7
1121780 1130.1
1121790 1131.2
1121800 1131.2
1121810 1132.4
1121820 1133.2
1121830 1133.2
1121840 1133.5
1121850 1131.8
1121860 1131.8
1121870 1132.0
1121880 1132.4
1121890 1132.4
1121900 1133.2
1121910 1134.2
1121920 1134.2
1121930 1134.7
1121940 1134.3
1121950 1134.3
1121960 1134.9
1121970 1136.4
1121980 1136.4
1121990 1139.1
1122000 1142.1
1122010 1142.1
1122020 1145.3
1122030 1146.4
1122040 1144.9
1122050 1144.9
1122060 1143.2
1122070 1143.2
1122080 1143.2
1122090 1144.5
1122100 1146.9
1122110 1146.9
1122120 1148.9
1122130 1150.4
1122140 1150.4
1122150 1151.3
1122160 1150.7
1122170 1150.7
1122180 1151.3
1122190 1153.2
1122200 1153.2
1122210 1152.4
1122220 1154.7
1122230 1154.7
1122240 1157.0
1122250 1159.2
1122260 1159.2
1122270 1160.8
1122280 1161.7
1122290 1161.7
1122300 1162.6
1122310 1163.4
1122320 1163.4
1122330 1164.2
1122340 1164.7
1122350 1164.7
1122360 1164.9
1122370 1166.9
1122380 1170.9
1122390 1170.9
1122400 1174.1
1122410 1176.5
1122420 1176.5
1122430 1179.0
1122440 1184.3
1122450 1184.3
1122460 1189.0
1122470 1191.8
1122480 1191.8
1122490 1194.0
1122500 1196.6
1122510 1196.6
1122520 1199.9
1122530 1206.7
1122540 1206.7
1122550 1209.4
1122560 1203.3
1122570 1203.3
1122580 1202.9
1122590 1202.9
1122600 1202.9
1122610 1202.9
1122620 1200.4
1122630 1200.4
1122640 1197.0
1122650 1193.8
1122660 1193.8
1122670 1189.2
1122680 1185.0
1122690 1181.7
1122700 1181.7
1122710 1180.6
1122720 1178.1
1122730 1178.1
1122740 1176.6
1122750 1176.4
1122760 1176.4
1122770 1177.1
1122780 1178.3
1122790 1178.3
1122800 1180.1
1122810 1180.8
1122820 1180.8
1122830 1181.5
1122840 1183.9
1122850 1183.9
1122860 1185.9
1122870 1187.3
1122880 1187.3
1122890 1188.6
1122900 1189.4
1122910 1186.0
1122920 1187.0
1122930 1187.9
1122940 1187.9
1122950 1188.9
1122960 1188.9
1122970 1188.9
1122980 1188.8
1122990 1188.3
1123000 1188.3
1123010 1189.4
1123020 1190.6
1123030 1192.3
1123040 1192.3
1123050 1193.1
1123060 1193.6
1123070 1193.6
1123080 1193.8
1123090 1192.6
1123100 1192.6
1123110 1191.5
1123120 1190.0
1123130 1190.0
1123140 1193.5
1123150 1195.2
1123160 1195.2
1123170 1196.0
1123180 1196.4
1123190 1196.4
1123200 1196.1
1123210 1195.4
1123220 1195.4
1123230 1194.6
1123240 1193.3
1123250 1193.3
1123260 1190.7
1123270 1189.8
1123280 1189.8
1123290 1189.5
1123300 1188.1
1123310 1188.1
1123320 1187.9
1123330 1187.7
1123340 1183.7
1123350 1183.7
1123360 1180.4
1123370 1177.5
1123380 1177.5
1123390 1175.8
1123400 1173.9
1123410 1173.9
1123420 1173.0
1123430 1171.7
1123440 1171.7
1123450 1170.8
1123460 1171.5
1123470 1171.5
1123480 1170.9
1123490 1171.1
1123500 1171.1
1123510 1172.0
1123520 1173.1
1123530 1173.1
1123540 1171.7
1123550 1167.4
1123560 1167.4
1123570 1167.6
1123580 1168.3
1123590 1168.3
1123600 1168.9
1123610 1169.0
1123620 1164.7
1123630 1167.7
1123640 1166.5
1123650 1164.3
1123660 1164.3
1123670 1163.8
1123680 1161.8
1123690 1161.8
1123700 1161.7
1123710 1161.6
1123720 1161.6
1123730 1160.4
1123740 1159.0
1123750 1159.0
1123760 1158.3
1123770 1154.6
1123780 1154.6
1123790 1149.8
1123800 1147.7
1123810 1147.7
1123820 1141.3
1123830 1139.4
1123840 1139.4
1123850 1137.0
1123860 1135.6
1123870 1135.6
1123880 1142.4
1123890 1145.0
1123900 1145.0
1123910 1144.4
1123920 1142.4
1123930 1142.4
1123940 1142.4
1123950 1142.9
1123960 1142.9
1123970 1141.3
1123980 1144.1
1123990 1147.4
1124000 1147.4
1124010 1151.2
1124020 1155.3
1124030 1155.3
1124040 1160.1
1124050 1164.9
1124060 1164.9
1124070 1166.2
1124080 1167.3
1124090 1167.3
1124100 1167.8
1124110 1168.1
1124120 1168.1
