1120000 1010.0
1120010 1010.7
1120020 1010.7
1120030 1011.8
1120040 1012.2
1120050 1012.2
1120060 1011.9
1120070 1013.3
1120080 1013.3
1120090 1014.5
1120100 1015.1
1120110 1015.1
1120120 1014.9
1120130 1014.6
1120140 1014.6
1120150 1014.6
1120160 1014.3
1120170 1014.3
1120180 1014.2
1120190 1013.7
1120200 1013.7
1120210 1013.7
1120220 1014.0
1120230 1014.0
1120240 1014.3
1120250 1015.1
1120260 1016.0
1120270 1016.0
1120280 1015.0
1120290 1015.6
1120300 1015.6
1120310 1016.2
1120320 1017.0
1120330 1017.0
1120340 1017.7
1120350 1018.2
1120360 1018.2
1120370 1018.5
1120380 1019.0
1120390 1019.0
1120400 1019.5
1120410 1019.9
1120420 1019.9
1120430 1020.3
1120440 1020.8
1120450 1020.8
1120460 1021.8
1120470 1022.9
1120480 1022.9
1120490 1023.8
1120500 1024.1
1120510 1024.1
1120520 1024.4
1120530 1025.0
1120540 1025.0
1120550 1025.4
1120560 1025.6
1120570 1025.6
1120580 1026.0
1120590 1026.4
1120600 1026.4
1120610 1026.4
1120620 1024.5
1120630 1021.7
1120640 1021.7
1120650 1021.2
1120660 1019.8
1120670 1019.8
1120680 1019.5
1120690 1022.2
1120700 1022.2
1120710 1025.4
1120720 1027.6
1120730 1027.6
1120740 1030.7
1120750 1033.1
1120760 1033.1
1120770 1034.6
1120780 1035.3
1120790 1035.3
1120800 1035.1
1120810 1034.6
1120820 1034.6
1120830 1034.9
1120840 1034.9
1120850 1034.9
1120860 1035.3
1120870 1035.1
1120880 1035.1
1120890 1035.2
1120900 1035.4
1120910 1035.3
1120920 1035.3
1120930 1035.2
1120940 1036.3
1120950 1036.3
1120960 1040.2
1120970 1045.5
1120980 1045.3
1120990 1049.1
1121000 1051.5
1121010 1051.5
1121020 1054.5
1121030 1056.8
1121040 1056.8
1121050 1059.2
1121060 1060.8
1121070 1060.8
1121080 1061.2
1121090 1061.5
1121100 1061.5
1121110 1062.3
1121120 1062.8
1121130 1062.8
1121140 1062.9
1121150 1062.1
1121160 1062.1
1121170 1060.4
1121180 1058.0
1121190 1058.0
1121200 1054.6
1121210 1053.1
1121220 1055.5
1121230 1055.5
1121240 1058.6
1121250 1059.9
1121260 1059.9
1121270 1060.1
1121280 1059.7
1121290 1059.7
1121300 1059.3
1121310 1058.3
1121320 1058.3
1121330 1056.8
1121340 1053.5
1121350 1053.5
1121360 1053.5
1121370 1055.0
1121380 1055.0
1121390 1055.4
1121400 1054.5
1121410 1054.5
1121420 1053.0
1121430 1053.1
1121440 1053.1
1121450 1053.2
1121460 1055.7
1121470 1055.7
1121480 1057.1
1121490 1057.4
1121500 1057.4
1121510 1057.9
1121520 1059.5
1121530 1059.5
1121540 1064.0
1121550 1067.8
1121560 1069.9
1121570 1069.9
1121580 1074.3
1121590 1078.8
1121600 1078.8
1121610 1085.6
1121620 1090.0
1121630 1090.0
1121640 1087.8
1121650 1086.1
1121660 1086.1
1121670 1087.3
1121680 1088.0
1121690 1084.3
1121700 1085.9
1121710 1087.3
1121720 1087.3
1121730 1090.6
1121740 1094.1
1121750 1094.1
1121760 1096.2
1121770 1097.8
1121780 1097.8
1121790 1098.8
1121800 1099.6
1121810 1099.6
1121820 1099.8
1121830 1100.6
1121840 1100.6
1121850 1102.1
1121860 1103.4
1121870 1104.5
1121880 1104.5
1121890 1105.6
1121900 1106.3
1121910 1106.3
1121920 1105.6
1121930 1104.4
1121940 1104.4
1121950 1101.4
1121960 1097.3
1121970 1097.3
1121980 1100.2
1121990 1103.7
1122000 1103.7
1122010 1105.5
1122020 1106.3
1122030 1106.3
1122040 1102.6
1122050 1103.1
1122060 1103.1
1122070 1105.3
1122080 1107.3
1122090 1107.3
1122100 1108.4
1122110 1110.3
1122120 1110.3
1122130 1112.7
1122140 1115.6
1122150 1115.6
1122160 1118.0
1122170 1119.5
1122180 1119.5
1122190 1121.2
1122200 1123.6
1122210 1125.1
1122220 1125.1
1122230 1126.9
1122240 1129.1
1122250 1129.1
1122260 1130.3
1122270 1131.2
1122280 1131.2
1122290 1131.3
1122300 1131.1
1122310 1131.1
1122320 1131.7
1122330 1132.5
1122340 1132.5
1122350 1133.9
1122360 1135.2
1122370 1135.2
1122380 1136.9
1122390 1134.1
1122400 1134.1
1122410 1135.8
1122420 1137.6
1122430 1137.6
1122440 1139.1
1122450 1140.9
1122460 1140.9
1122470 1143.9
1122480 1148.6
1122490 1148.6
1122500 1149.1
1122510 1147.4
1122520 1145.7
1122530 1145.7
1122540 1146.2
1122550 1150.0
1122560 1150.0
1122570 1155.1
1122580 1161.7
1122590 1161.7
1122600 1166.4
1122610 1165.8
1122620 1165.8
1122630 1163.0
1122640 1161.9
1122650 1161.9
1122660 1158.8
1122670 1154.6
1122680 1154.6
1122690 1151.0
1122700 1149.4
1122710 1149.4
1122720 1148.5
1122730 1148.0
1122740 1145.1
1122750 1144.9
1122760 1144.4
1122770 1144.4
1122780 1144.9
1122790 1145.5
1122800 1145.5
1122810 1144.4
1122820 1140.7
1122830 1141.3
1122840 1141.3
1122850 1143.4
1122860 1144.9
1122870 1144.9
1122880 1147.1
1122890 1149.0
1122900 1149.0
1122910 1149.6
1122920 1149.2
1122930 1149.2
1122940 1147.5
1122950 1145.9
1122960 1145.9
1122970 1141.1
1122980 1138.5
1122990 1138.5
1123000 1141.7
1123010 1140.3
1123020 1140.3
1123030 1140.4
1123040 1145.6
1123050 1145.6
1123060 1150.4
1123070 1153.5
1123080 1153.5
1123090 1155.8
1123100 1154.6
1123110 1154.6
1123120 1155.0
1123130 1155.8
1123140 1155.8
1123150 1154.9
1123160 1154.4
1123170 1154.7
1123180 1154.7
1123190 1154.9
1123200 1154.2
1123210 1154.2
1123220 1152.3
1123230 1151.2
1123240 1151.2
1123250 1151.4
1123260 1150.5
1123270 1150.5
1123280 1148.9
1123290 1147.8
1123300 1147.8
1123310 1146.5
1123320 1145.1
1123330 1145.1
1123340 1143.3
1123350 1140.4
1123360 1140.4
1123370 1139.8
1123380 1139.4
1123390 1139.4
1123400 1137.1
1123410 1134.1
1123420 1134.1
1123430 1130.7
1123440 1128.9
1123450 1124.2
1123460 1121.8
1123470 1120.8
1123480 1119.9
1123490 1119.9
1123500 1120.2
1123510 1120.4
1123520 1120.4
1123530 1121.5
1123540 1121.8
1123550 1121.8
1123560 1123.2
1123570 1124.5
1123580 1124.5
1123590 1124.7
1123600 1124.1
1123610 1124.1
1123620 1122.1
1123630 1120.4
1123640 1120.4
1123650 1119.7
1123660 1120.3
1123670 1120.3
1123680 1120.4
1123690 1121.6
1123700 1121.6
1123710 1124.2
1123720 1127.9
1123730 1127.9
1123740 1130.0
1123750 1132.1
1123760 1132.1
1123770 1133.9
1123780 1136.3
1123790 1137.9
1123800 1140.5
1123810 1141.5
1123820 1141.7
1123830 1141.7
1123840 1143.1
1123850 1145.9
1123860 1145.9
1123870 1148.2
1123880 1151.2
1123890 1151.2
1123900 1153.8
1123910 1156.6
1123920 1156.6
1123930 1160.4
1123940 1166.1
1123950 1166.1
1123960 1172.4
1123970 1174.8
1123980 1174.8
1123990 1175.8
1124000 1174.3
1124010 1174.3
1124020 1171.8
1124030 1168.2
1124040 1168.2
1124050 1166.8
1124060 1163.7
1124070 1163.7
1124080 1163.9
