1120000 1132.2
1120010 1132.2
1120020 1135.1
1120030 1136.8
1120040 1136.8
1120050 1138.0
1120060 1138.6
1120070 1138.6
1120080 1139.6
1120090 1140.7
1120100 1140.7
1120110 1141.7
1120120 1142.1
1120130 1142.1
1120140 1143.4
1120150 1144.5
1120160 1144.5
1120170 1145.7
1120180 1146.3
1120190 1146.3
1120200 1147.7
1120210 1149.8
1120220 1149.8
1120230 1151.8
1120240 1152.8
1120250 1152.8
1120260 1153.8
1120270 1154.9
1120280 1154.9
1120290 1156.1
1120300 1157.1
1120310 1158.3
1120320 1154.7
1120330 1155.8
1120340 1156.8
1120350 1156.8
1120360 1158.0
1120370 1160.9
1120380 1160.9
1120390 1164.1
1120400 1167.6
1120410 1167.6
1120420 1170.4
1120430 1173.2
1120440 1173.2
1120450 1175.5
1120460 1175.2
1120470 1175.2
1120480 1171.6
1120490 1168.6
1120500 1168.6
1120510 1167.0
1120520 1167.7
1120530 1167.7
1120540 1167.1
1120550 1166.9
1120560 1166.9
1120570 1169.8
1120580 1171.8
1120590 1171.8
1120600 1172.4
1120610 1172.5
1120620 1172.5
1120630 1172.4
1120640 1174.9
1120650 1179.1
1120660 1179.1
1120670 1178.3
1120680 1179.9
1120690 1179.9
1120700 1181.5
1120710 1183.7
1120720 1183.7
1120730 1184.4
1120740 1184.5
1120750 1184.5
1120760 1185.2
1120770 1185.8
1120780 1185.8
1120790 1188.4
1120800 1190.7
1120810 1190.7
1120820 1193.3
1120830 1195.0
1120840 1195.0
1120850 1197.1
1120860 1198.3
1120870 1198.3
1120880 1199.9
1120890 1201.4
1120900 1201.4
1120910 1202.9
1120920 1203.5
1120930 1203.5
1120940 1203.7
1120950 1204.7
1120960 1204.2
1120970 1204.2
1120980 1203.7
1120990 1204.6
1121000 1204.6
1121010 1205.3
1121020 1203.1
1121030 1203.1
1121040 1204.8
1121050 1205.8
1121060 1205.8
1121070 1205.5
1121080 1205.3
1121090 1205.3
1121100 1206.3
1121110 1209.3
1121120 1209.3
1121130 1211.5
1121140 1212.4
1121150 1212.4
1121160 1212.8
1121170 1213.0
1121180 1213.0
1121190 1212.5
1121200 1212.1
1121210 1212.1
1121220 1212.8
1121230 1212.7
1121240 1212.7
1121250 1212.8
1121260 1213.8
1121270 1213.8
1121280 1214.1
1121290 1217.6
1121300 1222.4
1121310 1222.4
1121320 1223.3
1121330 1224.5
1121340 1224.5
1121350 1224.6
1121360 1225.2
1121370 1221.7
1121380 1222.1
1121390 1223.3
1121400 1223.3
1121410 1225.5
1121420 1228.5
1121430 1228.5
1121440 1227.9
1121450 1226.0
1121460 1226.0
1121470 1226.4
1121480 1227.3
1121490 1227.3
1121500 1229.1
1121510 1231.2
1121520 1231.2
1121530 1230.5
1121540 1227.8
1121550 1227.8
1121560 1228.7
1121570 1231.9
1121580 1231.9
1121590 1232.0
1121600 1232.8
1121610 1234.1
1121620 1234.1
1121630 1235.7
1121640 1238.0
1121650 1238.0
1121660 1240.9
1121670 1243.0
1121680 1243.0
1121690 1246.3
1121700 1253.7
1121710 1253.7
1121720 1259.8
1121730 1265.1
1121740 1265.1
1121750 1266.9
1121760 1268.8
1121770 1268.8
1121780 1270.9
1121790 1273.8
1121800 1273.8
1121810 1277.1
1121820 1280.2
1121830 1280.2
1121840 1283.3
1121850 1285.6
1121860 1285.6
1121870 1287.5
1121880 1289.4
1121890 1289.4
1121900 1292.2
1121910 1295.3
1121920 1296.0
1121930 1296.0
1121940 1294.9
1121950 1294.5
1121960 1294.5
1121970 1294.5
1121980 1295.6
1121990 1295.6
1122000 1298.0
1122010 1300.2
1122020 1300.2
1122030 1302.1
1122040 1304.5
1122050 1304.5
1122060 1306.7
1122070 1304.7
1122080 1304.7
1122090 1304.5
1122100 1305.3
1122110 1305.3
1122120 1306.4
1122130 1307.9
1122140 1307.9
1122150 1309.3
1122160 1311.1
1122170 1311.1
1122180 1312.7
1122190 1313.6
1122200 1313.6
1122210 1314.4
1122220 1315.0
1122230 1315.0
1122240 1314.9
1122250 1315.6
1122260 1316.4
1122270 1316.4
1122280 1317.1
1122290 1317.9
1122300 1317.9
1122310 1319.0
1122320 1320.4
1122330 1320.4
1122340 1322.9
1122350 1325.8
1122360 1325.8
1122370 1329.3
1122380 1332.9
1122390 1332.9
1122400 1334.8
1122410 1337.3
1122420 1334.6
1122430 1335.6
1122440 1337.0
1122450 1337.0
1122460 1338.8
1122470 1339.9
1122480 1339.9
1122490 1340.7
1122500 1342.0
1122510 1342.0
1122520 1343.9
1122530 1345.5
1122540 1345.5
1122550 1347.9
1122560 1350.8
1122570 1352.7
1122580 1352.7
1122590 1354.4
1122600 1355.5
1122610 1355.5
1122620 1356.4
1122630 1357.0
1122640 1357.0
1122650 1356.7
1122660 1355.7
1122670 1355.7
1122680 1355.1
1122690 1351.9
1122700 1351.9
1122710 1347.9
1122720 1343.3
1122730 1343.3
1122740 1337.3
1122750 1334.3
1122760 1334.3
1122770 1332.8
1122780 1328.9
1122790 1328.9
1122800 1326.6
1122810 1323.1
1122820 1323.1
1122830 1321.4
1122840 1321.4
1122850 1321.4
1122860 1320.4
1122870 1320.2
1122880 1320.2
1122890 1320.2
1122900 1323.5
1122910 1327.3
1122920 1327.3
1122930 1331.0
1122940 1332.4
1122950 1332.4
1122960 1333.5
1122970 1333.6
1122980 1333.6
1122990 1334.8
1123000 1335.4
1123010 1335.4
1123020 1334.7
1123030 1332.2
1123040 1332.2
1123050 1329.4
1123060 1328.0
1123070 1328.0
1123080 1327.4
1123090 1327.0
1123100 1327.0
1123110 1325.8
1123120 1323.8
1123130 1322.7
1123140 1319.9
1123150 1316.8
1123160 1316.8
1123170 1315.6
1123180 1315.8
1123190 1315.8
1123200 1317.2
1123210 1318.1
1123220 1318.7
1123230 1318.7
1123240 1319.1
1123250 1319.0
1123260 1319.0
1123270 1317.6
1123280 1317.3
1123290 1317.3
1123300 1318.8
1123310 1320.7
1123320 1320.7
1123330 1323.3
1123340 1323.8
1123350 1323.8
1123360 1323.6
1123370 1323.5
1123380 1323.5
1123390 1323.5
1123400 1323.6
1123410 1323.6
1123420 1323.9
1123430 1324.1
1123440 1324.1
1123450 1322.6
1123460 1321.6
1123470 1321.6
1123480 1317.1
1123490 1318.2
1123500 1318.2
1123510 1319.5
1123520 1319.5
1123530 1319.5
1123540 1320.2
1123550 1321.8
1123560 1323.8
1123570 1323.8
1123580 1323.9
1123590 1320.3
1123600 1320.3
1123610 1316.0
1123620 1311.4
1123630 1311.4
1123640 1307.3
1123650 1304.0
1123660 1304.0
1123670 1299.7
1123680 1296.6
1123690 1296.6
1123700 1291.6
1123710 1287.1
1123720 1287.1
1123730 1282.7
1123740 1279.5
1123750 1279.5
1123760 1276.6
1123770 1273.8
1123780 1273.8
1123790 1271.3
1123800 1268.6
1123810 1268.6
1123820 1265.5
1123830 1262.9
1123840 1262.6
1123850 1259.2
1123860 1254.9
1123870 1249.9
1123880 1249.9
1123890 1247.5
1123900 1253.0
1123910 1253.0
1123920 1256.4
1123930 1254.4
1123940 1254.4
1123950 1255.8
1123960 1263.3
1123970 1263.3
1123980 1269.6
1123990 1274.7
1124000 1274.7
1124010 1280.3
1124020 1285.6
1124030 1285.6
1124040 1291.3
1124050 1297.1
1124060 1297.1
1124070 1302.3
1124080 1307.3
1124090 1307.3
1124100 1311.0
1124110 1313.5
1124120 1313.5
1124130 1315.6
1124140 1318.1
1124150 1318.1
1124160 1322.4
1124170 1327.6
1124180 1333.0
1124190 1331.2
1124200 1335.0
1124210 1338.2
1124220 1338.2
1124230 1341.1
1124240 1343.1
1124250 1343.1
1124260 1345.6
1124270 1349.1
1124280 1349.1
1124290 1352.0
1124300 1353.7
1124310 1353.7
