1120000 1291.7
1120010 1291.7
1120020 1286.6
1120030 1283.0
1120040 1283.0
1120050 1279.1
1120060 1275.1
1120070 1275.1
1120080 1270.2
1120090 1263.5
1120100 1263.5
1120110 1257.7
1120120 1250.4
1120130 1250.4
1120140 1244.8
1120150 1239.3
1120160 1239.3
1120170 1236.9
1120180 1234.5
1120190 1234.5
1120200 1229.1
1120210 1223.9
1120220 1223.9
1120230 1216.3
1120240 1207.0
1120250 1207.0
1120260 1203.4
1120270 1200.7
1120280 1200.7
1120290 1199.1
1120300 1197.9
1120310 1192.6
1120320 1192.6
1120330 1186.7
1120340 1179.6
1120350 1179.6
1120360 1172.5
1120370 1172.3
1120380 1172.3
1120390 1177.9
1120400 1186.3
1120410 1186.3
1120420 1191.6
1120430 1191.4
1120440 1191.4
1120450 1190.3
1120460 1191.4
1120470 1191.4
1120480 1192.4
1120490 1193.8
1120500 1193.8
1120510 1198.1
1120520 1204.9
1120530 1204.9
1120540 1212.3
1120550 1220.2
1120560 1220.2
1120570 1225.9
1120580 1232.7
1120590 1232.7
1120600 1239.0
1120610 1243.8
1120620 1243.8
1120630 1249.2
1120640 1253.4
1120650 1257.9
1120660 1257.9
1120670 1257.7
1120680 1261.6
1120690 1261.6
1120700 1266.1
1120710 1269.6
1120720 1269.6
1120730 1272.4
1120740 1276.5
1120750 1276.5
1120760 1280.5
1120770 1284.6
1120780 1284.6
1120790 1289.2
1120800 1292.9
1120810 1292.9
1120820 1294.9
1120830 1297.3
1120840 1297.3
1120850 1299.5
1120860 1302.5
1120870 1302.5
1120880 1305.9
1120890 1309.2
1120900 1309.2
1120910 1312.9
1120920 1315.6
1120930 1315.6
1120940 1318.5
1120950 1321.7
1120960 1321.7
1120970 1325.2
1120980 1328.6
1120990 1333.1
1121000 1333.1
1121010 1337.8
1121020 1337.1
1121030 1337.1
1121040 1340.1
1121050 1342.1
1121060 1342.1
1121070 1345.1
1121080 1347.8
1121090 1347.8
1121100 1348.4
1121110 1348.4
1121120 1348.4
1121130 1350.2
1121140 1353.0
1121150 1353.0
1121160 1354.8
1121170 1356.6
1121180 1356.6
1121190 1358.9
1121200 1361.9
1121210 1361.9
1121220 1364.2
1121230 1366.8
1121240 1366.8
1121250 1369.2
1121260 1371.8
1121270 1371.8
1121280 1374.1
1121290 1378.0
1121300 1381.4
1121310 1381.4
1121320 1385.7
1121330 1388.5
1121340 1388.5
1121350 1390.4
1121360 1393.1
1121370 1392.1
1121380 1392.8
1121390 1393.8
1121400 1393.8
1121410 1394.6
1121420 1396.0
1121430 1396.0
1121440 1398.6
1121450 1402.4
1121460 1402.4
1121470 1405.8
1121480 1407.9
1121490 1407.9
1121500 1410.2
1121510 1412.4
1121520 1412.4
1121530 1415.1
1121540 1417.1
1121550 1417.1
1121560 1420.5
1121570 1425.0
1121580 1425.0
1121590 1428.6
1121600 1431.2
1121610 1431.2
1121620 1433.6
1121630 1438.1
1121640 1444.8
1121650 1444.8
1121660 1452.0
1121670 1458.4
1121680 1458.4
1121690 1465.7
1121700 1471.7
1121710 1471.7
1121720 1477.1
1121730 1481.5
1121740 1481.5
1121750 1484.5
1121760 1487.1
1121770 1487.1
1121780 1487.9
1121790 1488.7
1121800 1488.7
1121810 1491.2
1121820 1496.0
1121830 1496.0
1121840 1502.4
1121850 1508.5
1121860 1508.5
1121870 1512.4
1121880 1516.3
1121890 1516.3
1121900 1520.5
1121910 1527.7
1121920 1527.7
1121930 1535.6
1121940 1541.1
1121950 1541.1
1121960 1546.3
1121970 1551.5
1121980 1558.4
1121990 1558.4
1122000 1562.1
1122010 1560.2
1122020 1560.2
1122030 1560.7
1122040 1561.0
1122050 1561.0
1122060 1560.9
1122070 1567.3
1122080 1567.3
1122090 1567.4
1122100 1567.3
1122110 1567.3
1122120 1560.5
1122130 1551.2
1122140 1551.2
1122150 1544.9
1122160 1540.3
1122170 1540.3
1122180 1536.2
1122190 1533.1
1122200 1533.1
1122210 1531.1
1122220 1528.1
1122230 1528.1
1122240 1524.1
1122250 1522.0
1122260 1522.0
1122270 1520.4
1122280 1517.7
1122290 1516.9
1122300 1516.9
1122310 1516.8
1122320 1516.4
1122330 1516.4
1122340 1514.6
1122350 1511.6
1122360 1511.6
1122370 1508.8
1122380 1508.3
1122390 1508.3
1122400 1508.0
1122410 1507.8
1122420 1507.8
1122430 1508.3
1122440 1502.1
1122450 1502.1
1122460 1493.8
1122470 1486.0
1122480 1486.0
1122490 1479.9
1122500 1474.1
1122510 1474.1
1122520 1469.8
1122530 1465.5
1122540 1465.5
1122550 1461.7
1122560 1459.2
1122570 1459.2
1122580 1454.2
1122590 1448.1
1122600 1448.1
1122610 1441.8
1122620 1435.2
1122630 1429.7
1122640 1429.7
1122650 1425.3
1122660 1421.2
1122670 1421.2
1122680 1417.6
1122690 1414.4
1122700 1414.4
1122710 1412.4
1122720 1410.5
1122730 1410.5
1122740 1408.1
1122750 1405.3
1122760 1405.3
1122770 1403.1
1122780 1400.7
1122790 1400.7
1122800 1398.8
1122810 1396.8
1122820 1396.8
1122830 1394.4
1122840 1392.0
1122850 1392.0
1122860 1389.7
1122870 1387.6
1122880 1387.6
1122890 1383.8
1122900 1379.9
1122910 1379.9
1122920 1376.7
1122930 1374.6
1122940 1372.9
1122950 1372.9
1122960 1370.7
1122970 1368.3
1122980 1368.3
1122990 1363.5
1123000 1360.3
1123010 1360.3
1123020 1359.5
1123030 1357.5
1123040 1357.5
1123050 1358.7
1123060 1355.4
1123070 1355.4
1123080 1350.5
1123090 1348.9
1123100 1348.9
1123110 1348.7
1123120 1349.1
1123130 1352.3
1123140 1354.7
1123150 1356.5
1123160 1356.5
1123170 1357.8
1123180 1354.2
1123190 1354.2
1123200 1345.4
1123210 1335.5
1123220 1335.5
1123230 1327.3
1123240 1320.6
1123250 1320.6
1123260 1314.6
1123270 1308.7
1123280 1301.5
1123290 1301.5
1123300 1295.3
1123310 1290.1
1123320 1290.1
1123330 1285.1
1123340 1280.6
1123350 1280.6
1123360 1276.8
1123370 1274.9
1123380 1274.9
1123390 1273.4
1123400 1271.2
1123410 1271.2
1123420 1270.1
1123430 1268.3
1123440 1268.3
1123450 1265.4
1123460 1263.5
1123470 1263.5
1123480 1263.6
1123490 1265.6
1123500 1265.6
1123510 1270.0
1123520 1268.9
1123530 1268.9
1123540 1267.4
1123550 1265.0
1123560 1265.0
1123570 1261.8
1123580 1259.2
1123590 1259.2
1123600 1257.6
1123610 1254.8
1123620 1252.3
1123630 1252.3
1123640 1249.7
1123650 1245.7
1123660 1245.7
1123670 1242.2
1123680 1237.4
1123690 1237.4
1123700 1233.1
1123710 1230.1
1123720 1230.1
1123730 1226.4
1123740 1221.5
1123750 1221.5
1123760 1218.5
1123770 1216.2
1123780 1216.2
1123790 1214.9
1123800 1213.2
1123810 1213.2
1123820 1219.3
1123830 1222.6
1123840 1225.1
1123850 1223.1
1123860 1220.3
1123870 1220.3
1123880 1218.5
1123890 1216.6
1123900 1216.6
1123910 1214.9
1123920 1212.1
1123930 1207.4
1123940 1207.4
1123950 1203.8
1123960 1203.8
1123970 1203.8
1123980 1205.6
1123990 1208.7
1124000 1208.7
1124010 1210.7
1124020 1211.8
1124030 1211.8
1124040 1214.7
1124050 1219.0
1124060 1219.0
1124070 1223.0
1124080 1227.5
1124090 1227.5
1124100 1231.7
1124110 1235.5
1124120 1235.5
1124130 1237.8
1124140 1239.9
1124150 1239.9
1124160 1243.6
1124170 1248.5
1124180 1248.5
1124190 1251.7
1124200 1256.6
1124210 1256.6
1124220 1260.1
1124230 1264.7
1124240 1264.7
1124250 1269.1
1124260 1273.2
1124270 1276.3
1124280 1276.3
1124290 1279.0
1124300 1281.7
1124310 1281.7
1124320 1285.1
1124330 1288.5
1124340 1288.5
