1120000 1298.4
1120010 1290.3
1120020 1290.3
1120030 1283.3
1120040 1276.3
1120050 1276.3
1120060 1270.4
1120070 1264.7
1120080 1264.7
1120090 1257.9
1120100 1254.1
1120110 1254.1
1120120 1250.6
1120130 1246.7
1120140 1246.7
1120150 1242.8
1120160 1238.7
1120170 1238.7
1120180 1234.4
1120190 1228.0
1120200 1219.8
1120210 1219.8
1120220 1211.9
1120230 1205.5
1120240 1204.1
1120250 1198.2
1120260 1191.5
1120270 1191.5
1120280 1183.1
1120290 1176.0
1120300 1176.0
1120310 1170.1
1120320 1163.9
1120330 1163.9
1120340 1159.1
1120350 1153.7
1120360 1153.7
1120370 1153.1
1120380 1158.3
1120390 1158.3
1120400 1165.1
1120410 1171.0
1120420 1171.0
1120430 1175.3
1120440 1180.0
1120450 1180.0
1120460 1184.4
1120470 1188.1
1120480 1188.1
1120490 1193.1
1120500 1195.8
1120510 1195.8
1120520 1197.8
1120530 1203.1
1120540 1210.0
1120550 1210.0
1120560 1217.0
1120570 1223.8
1120580 1223.8
1120590 1229.5
1120600 1232.6
1120610 1232.6
1120620 1236.2
1120630 1239.5
1120640 1239.5
1120650 1243.2
1120660 1247.0
1120670 1247.0
1120680 1250.3
1120690 1253.5
1120700 1253.5
1120710 1257.3
1120720 1261.8
1120730 1261.8
1120740 1265.5
1120750 1268.0
1120760 1268.0
1120770 1270.5
1120780 1273.7
1120790 1273.7
1120800 1277.6
1120810 1282.1
1120820 1282.1
1120830 1287.2
1120840 1292.3
1120850 1298.1
1120860 1298.1
1120870 1303.5
1120880 1305.7
1120890 1305.7
1120900 1308.7
1120910 1312.6
1120920 1312.6
1120930 1316.1
1120940 1318.4
1120950 1318.4
1120960 1320.5
1120970 1323.1
1120980 1323.1
1120990 1325.8
1121000 1328.6
1121010 1328.6
1121020 1331.2
1121030 1333.9
1121040 1333.9
1121050 1338.3
1121060 1341.9
1121070 1341.9
1121080 1344.9
1121090 1349.1
1121100 1349.1
1121110 1354.1
1121120 1357.9
1121130 1357.9
1121140 1361.5
1121150 1366.0
1121160 1366.0
1121170 1370.7
1121180 1374.8
1121190 1379.2
1121200 1379.2
1121210 1383.8
1121220 1387.3
1121230 1387.3
1121240 1387.8
1121250 1389.8
1121260 1389.8
1121270 1391.9
1121280 1395.2
1121290 1395.2
1121300 1397.1
1121310 1399.9
1121320 1399.9
1121330 1402.5
1121340 1405.9
1121350 1405.9
1121360 1408.7
1121370 1411.3
1121380 1411.3
1121390 1414.0
1121400 1416.3
1121410 1416.3
1121420 1418.6
1121430 1420.6
1121440 1420.6
1121450 1422.9
1121460 1425.0
1121470 1425.0
1121480 1427.0
1121490 1430.5
1121500 1430.5
1121510 1433.9
1121520 1436.9
1121530 1440.1
1121540 1440.1
1121550 1443.3
1121560 1447.0
1121570 1447.0
1121580 1451.9
1121590 1456.7
1121600 1456.7
1121610 1460.1
1121620 1463.6
1121630 1463.6
1121640 1467.3
1121650 1467.8
1121660 1467.8
1121670 1471.7
1121680 1475.8
1121690 1475.8
1121700 1480.7
1121710 1483.9
1121720 1483.9
1121730 1486.7
1121740 1490.3
1121750 1490.3
1121760 1494.4
1121770 1498.1
1121780 1498.1
1121790 1501.6
1121800 1504.3
1121810 1504.3
1121820 1507.4
1121830 1511.8
1121840 1516.2
1121850 1516.2
1121860 1520.3
1121870 1524.2
1121880 1524.2
1121890 1527.7
1121900 1530.7
1121910 1530.7
1121920 1533.9
1121930 1536.7
1121940 1536.7
1121950 1539.0
1121960 1540.2
1121970 1540.2
1121980 1538.3
1121990 1533.4
1122000 1533.3
1122010 1529.4
1122020 1525.9
1122030 1525.9
1122040 1523.7
1122050 1522.9
1122060 1522.9
1122070 1520.1
1122080 1514.3
1122090 1514.3
1122100 1508.8
1122110 1503.5
1122120 1503.5
1122130 1497.2
1122140 1491.2
1122150 1491.2
1122160 1488.1
1122170 1486.5
1122180 1485.5
1122190 1485.5
1122200 1484.1
1122210 1482.0
1122220 1482.0
1122230 1480.1
1122240 1478.5
1122250 1478.5
1122260 1476.1
1122270 1473.0
1122280 1473.0
1122290 1470.2
1122300 1467.3
1122310 1467.3
1122320 1464.9
1122330 1463.1
1122340 1463.1
1122350 1466.1
1122360 1465.5
1122370 1465.5
1122380 1464.6
1122390 1463.7
1122400 1463.7
1122410 1462.0
1122420 1459.5
1122430 1459.5
1122440 1457.0
1122450 1455.6
1122460 1455.6
1122470 1455.5
1122480 1455.1
1122490 1455.1
1122500 1455.7
1122510 1456.4
1122520 1456.0
1122530 1456.0
1122540 1455.3
1122550 1453.0
1122560 1453.0
1122570 1451.0
1122580 1451.3
1122590 1451.3
1122600 1452.8
1122610 1453.3
1122620 1453.3
1122630 1450.9
1122640 1446.6
1122650 1446.6
1122660 1439.9
1122670 1432.6
1122680 1432.6
1122690 1425.1
1122700 1418.7
1122710 1418.6
1122720 1413.5
1122730 1407.4
1122740 1407.4
1122750 1401.8
1122760 1398.8
1122770 1398.8
1122780 1396.4
1122790 1393.9
1122800 1393.9
1122810 1391.9
1122820 1388.9
1122830 1384.9
1122840 1384.9
1122850 1381.6
1122860 1378.0
1122870 1378.0
1122880 1373.8
1122890 1371.0
1122900 1371.0
1122910 1368.8
1122920 1365.9
1122930 1365.9
1122940 1363.6
1122950 1361.6
1122960 1361.6
1122970 1358.2
1122980 1354.6
1122990 1354.6
1123000 1352.6
1123010 1351.0
1123020 1351.0
1123030 1349.0
1123040 1346.5
1123050 1346.5
1123060 1345.5
1123070 1343.3
1123080 1343.3
1123090 1341.2
1123100 1339.0
1123110 1339.0
1123120 1335.7
1123130 1331.8
1123140 1331.8
1123150 1327.2
1123160 1324.0
1123170 1321.0
1123180 1321.0
1123190 1316.6
1123200 1311.9
1123210 1311.9
1123220 1307.7
1123230 1304.0
1123240 1304.0
1123250 1300.9
1123260 1298.2
1123270 1298.2
1123280 1295.1
1123290 1291.6
1123300 1291.6
1123310 1288.0
1123320 1284.2
1123330 1284.2
1123340 1280.5
1123350 1277.3
1123360 1277.3
1123370 1274.1
1123380 1270.9
1123390 1270.9
1123400 1267.8
1123410 1263.5
1123420 1263.5
1123430 1259.7
1123440 1255.4
1123450 1255.4
1123460 1252.4
1123470 1251.2
1123480 1251.2
1123490 1249.0
1123500 1246.0
1123510 1240.3
1123520 1240.3
1123530 1235.3
1123540 1230.1
1123550 1230.1
1123560 1224.9
1123570 1221.3
1123580 1221.3
1123590 1223.6
1123600 1228.5
1123610 1228.5
1123620 1231.4
1123630 1229.6
1123640 1229.6
1123650 1227.0
1123660 1224.6
1123670 1224.6
1123680 1223.9
1123690 1223.2
1123700 1223.2
1123710 1220.4
1123720 1217.8
1123730 1217.8
1123740 1215.3
1123750 1213.7
1123760 1213.7
1123770 1214.2
1123780 1209.7
1123790 1209.7
1123800 1204.2
1123810 1201.6
1123820 1201.2
1123830 1201.2
1123840 1200.5
1123850 1198.5
1123860 1198.5
1123870 1196.1
1123880 1195.5
1123890 1195.5
1123900 1197.7
1123910 1202.3
1123920 1202.3
1123930 1206.7
1123940 1210.0
1123950 1210.0
1123960 1213.2
1123970 1217.2
1123980 1217.2
1123990 1220.3
1124000 1223.1
1124010 1223.1
1124020 1226.3
1124030 1229.5
1124040 1229.5
1124050 1232.7
1124060 1236.3
1124070 1236.3
1124080 1239.5
1124090 1243.7
1124100 1243.7
1124110 1248.5
1124120 1252.9
1124130 1252.9
1124140 1256.4
1124150 1258.8
1124160 1262.6
1124170 1262.6
1124180 1267.3
1124190 1270.3
1124200 1270.3
1124210 1273.5
1124220 1276.2
1124230 1276.2
