1120000 1166.6
1120010 1162.4
1120020 1162.4
1120030 1161.9
1120040 1160.0
1120050 1160.0
1120060 1156.9
1120070 1153.4
1120080 1153.4
1120090 1151.8
1120100 1145.0
1120110 1145.0
1120120 1138.8
1120130 1133.2
1120140 1127.6
1120150 1127.6
1120160 1121.6
1120170 1115.6
1120180 1115.6
1120190 1110.4
1120200 1106.0
1120210 1106.0
1120220 1102.6
1120230 1099.3
1120240 1099.3
1120250 1094.9
1120260 1087.7
1120270 1087.7
1120280 1081.8
1120290 1077.7
1120300 1077.7
1120310 1075.3
1120320 1072.6
1120330 1072.6
1120340 1070.9
1120350 1071.7
1120360 1071.7
1120370 1079.6
1120380 1085.0
1120390 1085.0
1120400 1090.8
1120410 1097.4
1120420 1097.4
1120430 1104.0
1120440 1112.4
1120450 1110.4
1120460 1117.4
1120470 1125.1
1120480 1133.6
1120490 1133.6
1120500 1140.9
1120510 1147.0
1120520 1147.0
1120530 1150.9
1120540 1154.2
1120550 1154.2
1120560 1157.7
1120570 1161.0
1120580 1161.0
1120590 1164.4
1120600 1167.8
1120610 1167.8
1120620 1170.3
1120630 1173.2
1120640 1173.2
1120650 1177.7
1120660 1183.0
1120670 1183.0
1120680 1188.1
1120690 1193.2
1120700 1193.2
1120710 1199.1
1120720 1205.0
1120730 1205.0
1120740 1211.6
1120750 1217.5
1120760 1217.5
1120770 1224.3
1120780 1229.6
1120790 1229.6
1120800 1237.6
1120810 1239.8
1120820 1243.0
1120830 1243.0
1120840 1246.9
1120850 1252.1
1120860 1252.1
1120870 1257.8
1120880 1263.4
1120890 1263.4
1120900 1270.7
1120910 1278.4
1120920 1278.4
1120930 1285.0
1120940 1291.3
1120950 1291.3
1120960 1297.0
1120970 1299.7
1120980 1299.7
1120990 1302.2
1121000 1305.0
1121010 1305.0
1121020 1307.1
1121030 1311.2
1121040 1311.2
1121050 1314.8
1121060 1317.0
1121070 1317.0
1121080 1321.1
1121090 1326.9
1121100 1326.9
1121110 1335.2
1121120 1343.1
1121130 1343.1
1121140 1349.6
1121150 1353.4
1121160 1358.5
1121170 1358.5
1121180 1362.6
1121190 1365.5
1121200 1365.5
1121210 1369.2
1121220 1373.1
1121230 1373.1
1121240 1377.7
1121250 1381.2
1121260 1381.2
1121270 1385.3
1121280 1391.8
1121290 1391.8
1121300 1399.9
1121310 1407.4
1121320 1407.4
1121330 1414.3
1121340 1420.4
1121350 1420.4
1121360 1424.3
1121370 1428.6
1121380 1428.6
1121390 1434.5
1121400 1439.4
1121410 1439.4
1121420 1444.2
1121430 1449.1
1121440 1449.1
1121450 1454.0
1121460 1458.6
1121470 1463.3
1121480 1463.3
1121490 1468.1
1121500 1473.0
1121510 1473.0
1121520 1477.2
1121530 1481.2
1121540 1481.2
1121550 1485.1
1121560 1488.6
1121570 1488.6
1121580 1491.7
1121590 1491.7
1121600 1491.7
1121610 1481.5
1121620 1470.0
1121630 1470.0
1121640 1464.4
1121650 1458.2
1121660 1458.2
1121670 1452.3
1121680 1451.3
1121690 1451.3
1121700 1449.7
1121710 1449.1
1121720 1449.1
1121730 1446.2
1121740 1445.1
1121750 1445.1
1121760 1445.1
1121770 1444.7
1121780 1444.7
1121790 1442.8
1121800 1440.7
1121810 1439.4
1121820 1439.4
1121830 1438.7
1121840 1436.5
1121850 1437.4
1121860 1434.5
1121870 1430.7
1121880 1430.7
1121890 1426.3
1121900 1422.4
1121910 1422.4
1121920 1420.5
1121930 1418.9
1121940 1418.9
1121950 1416.8
1121960 1415.4
1121970 1415.4
1121980 1415.9
1121990 1417.1
1122000 1417.1
1122010 1417.2
1122020 1415.2
1122030 1415.2
1122040 1410.1
1122050 1405.6
1122060 1405.6
1122070 1401.4
1122080 1396.8
1122090 1396.8
1122100 1392.4
1122110 1389.9
1122120 1389.9
1122130 1390.4
1122140 1391.1
1122150 1389.9
1122160 1389.9
1122170 1389.2
1122180 1388.3
1122190 1388.3
1122200 1387.7
1122210 1386.5
1122220 1386.5
1122230 1385.5
1122240 1384.7
1122250 1384.7
1122260 1384.1
1122270 1383.5
1122280 1383.5
1122290 1382.9
1122300 1381.9
1122310 1381.9
1122320 1380.7
1122330 1379.3
1122340 1379.3
1122350 1377.9
1122360 1376.8
1122370 1376.8
1122380 1375.2
1122390 1372.7
1122400 1372.7
1122410 1369.8
1122420 1366.5
1122430 1366.5
1122440 1362.7
1122450 1359.5
1122460 1357.3
1122470 1357.3
1122480 1355.5
1122490 1353.3
1122500 1353.3
1122510 1351.5
1122520 1350.0
1122530 1350.0
1122540 1349.0
1122550 1348.0
1122560 1350.0
1122570 1348.8
1122580 1347.6
1122590 1347.6
1122600 1346.8
1122610 1345.8
1122620 1345.8
1122630 1344.8
1122640 1343.6
1122650 1343.6
1122660 1343.7
1122670 1343.8
1122680 1343.8
1122690 1343.3
1122700 1344.0
1122710 1344.0
1122720 1343.9
1122730 1343.5
1122740 1343.5
1122750 1343.0
1122760 1342.2
1122770 1342.2
1122780 1340.9
1122790 1339.1
1122800 1336.7
1122810 1336.7
1122820 1335.0
1122830 1333.5
1122840 1333.5
1122850 1331.5
1122860 1330.0
1122870 1330.0
1122880 1327.8
1122890 1324.9
1122900 1324.9
1122910 1323.8
1122920 1320.9
1122930 1320.9
1122940 1318.4
1122950 1316.2
1122960 1316.2
1122970 1313.8
1122980 1311.0
1122990 1311.0
1123000 1307.1
1123010 1303.6
1123020 1303.6
1123030 1299.8
1123040 1296.0
1123050 1296.0
1123060 1293.4
1123070 1291.0
1123080 1291.0
1123090 1288.6
1123100 1285.4
1123110 1285.4
1123120 1277.5
1123130 1272.2
1123140 1270.4
1123150 1270.4
1123160 1269.3
1123170 1271.4
1123180 1271.4
1123190 1271.9
1123200 1269.7
1123210 1269.7
1123220 1266.9
1123230 1263.8
1123240 1263.8
1123250 1260.8
1123260 1258.5
1123270 1258.5
1123280 1255.7
1123290 1253.0
1123300 1253.0
1123310 1250.8
1123320 1248.3
1123330 1248.3
1123340 1245.7
1123350 1242.8
1123360 1242.8
1123370 1239.0
1123380 1234.0
1123390 1234.0
1123400 1228.0
1123410 1222.6
1123420 1222.6
1123430 1216.8
1123440 1210.8
1123450 1210.8
1123460 1204.8
1123470 1199.3
1123480 1192.3
1123490 1192.3
1123500 1184.9
1123510 1178.7
1123520 1178.7
1123530 1174.4
1123540 1170.7
1123550 1170.7
1123560 1164.0
1123570 1162.5
1123580 1162.5
1123590 1168.9
1123600 1175.2
1123610 1175.2
1123620 1180.4
1123630 1185.1
1123640 1185.1
1123650 1189.8
1123660 1194.7
1123670 1194.7
1123680 1197.4
1123690 1199.2
1123700 1199.2
1123710 1198.9
1123720 1195.5
1123730 1195.5
1123740 1198.4
1123750 1202.5
1123760 1202.5
1123770 1203.5
1123780 1203.4
1123790 1204.1
1123800 1204.1
1123810 1208.0
1123820 1210.0
1123830 1210.0
1123840 1211.5
1123850 1212.6
1123860 1212.6
1123870 1212.6
