1120000 957.3
1120010 957.3
1120020 958.7
1120030 960.2
1120040 960.2
1120050 961.4
1120060 962.9
1120070 964.0
1120080 964.0
1120090 965.2
1120100 965.5
1120110 966.3
1120120 968.0
1120130 968.7
1120140 968.7
1120150 969.9
1120160 971.8
1120170 971.8
1120180 973.6
1120190 974.7
1120200 974.7
1120210 975.3
1120220 976.0
1120230 976.0
1120240 976.8
1120250 977.7
1120260 977.7
1120270 978.2
1120280 978.1
1120290 978.1
1120300 977.8
1120310 977.5
1120320 977.5
1120330 977.3
1120340 977.4
1120350 977.4
1120360 977.5
1120370 977.6
1120380 977.6
1120390 978.0
1120400 978.5
1120410 978.6
1120420 978.6
1120430 979.4
1120440 980.0
1120450 980.0
1120460 979.6
1120470 980.2
1120480 980.2
1120490 981.2
1120500 982.5
1120510 982.5
1120520 983.6
1120530 984.1
1120540 984.1
1120550 984.7
1120560 985.4
1120570 985.4
1120580 987.2
1120590 989.3
1120600 989.3
1120610 991.3
1120620 992.0
1120630 992.0
1120640 992.0
1120650 992.4
1120660 992.4
1120670 993.0
1120680 993.9
1120690 993.9
1120700 994.8
1120710 996.0
1120720 996.0
1120730 997.2
1120740 998.3
1120750 999.4
1120760 999.4
1120770 1000.2
1120780 1001.0
1120790 1001.0
1120800 1001.6
1120810 1002.9
1120820 1002.9
1120830 1003.7
1120840 1004.4
1120850 1004.4
1120860 1004.9
1120870 1005.2
1120880 1005.2
1120890 1007.0
1120900 1009.4
1120910 1009.4
1120920 1011.8
1120930 1014.8
1120940 1014.8
1120950 1016.1
1120960 1017.1
1120970 1017.1
1120980 1017.9
1120990 1018.5
1121000 1018.5
1121010 1020.0
1121020 1022.8
1121030 1022.8
1121040 1025.2
1121050 1028.3
1121060 1028.6
1121070 1028.6
1121080 1027.4
1121090 1032.1
1121100 1032.1
1121110 1034.4
1121120 1033.0
1121130 1033.0
1121140 1036.6
1121150 1041.1
1121160 1045.3
1121170 1050.6
1121180 1053.0
1121190 1053.0
1121200 1053.7
1121210 1051.5
1121220 1051.5
1121230 1047.4
1121240 1047.7
1121250 1047.7
1121260 1053.9
1121270 1060.9
1121280 1060.9
1121290 1067.7
1121300 1074.6
1121310 1074.6
1121320 1079.1
1121330 1080.2
1121340 1080.2
1121350 1081.6
1121360 1086.3
1121370 1086.3
1121380 1088.3
1121390 1089.1
1121400 1091.6
1121410 1091.6
1121420 1096.7
1121430 1102.4
1121440 1102.4
1121450 1107.1
1121460 1109.5
1121470 1109.5
1121480 1111.0
1121490 1113.7
1121500 1113.7
1121510 1116.8
1121520 1123.3
1121530 1123.3
1121540 1124.8
1121550 1127.6
1121560 1127.6
1121570 1130.0
1121580 1132.0
1121590 1132.0
1121600 1134.4
1121610 1135.9
1121620 1135.9
1121630 1136.2
1121640 1135.7
1121650 1135.7
1121660 1135.9
1121670 1136.2
1121680 1136.2
1121690 1135.8
1121700 1135.3
1121710 1135.3
1121720 1135.4
1121730 1135.5
1121740 1136.2
1121750 1136.2
1121760 1135.5
1121770 1135.5
1121780 1135.5
1121790 1137.7
1121800 1138.5
1121810 1138.5
1121820 1138.3
1121830 1138.6
1121840 1138.6
1121850 1139.4
1121860 1141.2
1121870 1143.0
1121880 1143.7
1121890 1144.4
1121900 1144.4
1121910 1145.0
1121920 1144.4
1121930 1144.4
1121940 1144.3
1121950 1144.3
1121960 1144.3
1121970 1144.7
1121980 1145.1
1121990 1145.1
1122000 1145.6
1122010 1145.7
1122020 1145.7
1122030 1145.6
1122040 1145.5
1122050 1145.5
1122060 1145.6
1122070 1145.6
1122080 1145.4
1122090 1145.4
1122100 1144.7
1122110 1143.8
1122120 1143.8
1122130 1142.5
1122140 1141.4
1122150 1141.4
1122160 1142.2
1122170 1143.6
1122180 1143.6
1122190 1145.3
1122200 1146.8
1122210 1146.8
1122220 1154.4
1122230 1155.2
1122240 1155.2
1122250 1155.8
1122260 1156.4
1122270 1156.4
1122280 1157.2
1122290 1157.8
1122300 1157.8
1122310 1157.6
1122320 1157.0
1122330 1157.0
1122340 1155.2
1122350 1155.3
1122360 1155.3
1122370 1156.8
1122380 1155.8
1122390 1155.8
1122400 1154.1
1122410 1153.9
1122420 1151.8
1122430 1151.8
1122440 1146.8
1122450 1150.3
1122460 1150.3
1122470 1151.6
1122480 1151.4
1122490 1151.4
1122500 1151.2
1122510 1150.4
1122520 1150.4
1122530 1149.6
1122540 1143.4
1122550 1143.4
1122560 1137.8
1122570 1146.9
1122580 1146.9
1122590 1150.1
1122600 1149.9
1122610 1149.9
1122620 1151.2
1122630 1150.7
1122640 1150.7
1122650 1151.3
1122660 1150.3
1122670 1150.3
1122680 1148.2
1122690 1147.5
1122700 1147.5
1122710 1147.4
1122720 1147.1
1122730 1145.9
1122740 1145.9
1122750 1143.9
1122760 1141.4
1122770 1141.4
1122780 1137.5
1122790 1138.3
1122800 1138.3
1122810 1137.7
1122820 1136.8
1122830 1136.8
1122840 1136.6
1122850 1135.7
1122860 1135.7
1122870 1137.0
1122880 1136.8
1122890 1136.8
1122900 1135.3
1122910 1130.8
1122920 1130.8
1122930 1133.4
1122940 1137.9
1122950 1137.9
1122960 1137.0
1122970 1137.9
1122980 1137.9
1122990 1139.3
1123000 1140.5
1123010 1140.5
1123020 1142.5
1123030 1146.9
1123040 1146.9
1123050 1149.1
1123060 1149.6
1123070 1148.8
1123080 1148.8
1123090 1146.7
1123100 1144.2
1123110 1144.2
1123120 1142.6
1123130 1141.5
1123140 1141.5
1123150 1140.9
1123160 1140.0
1123170 1140.0
1123180 1138.5
1123190 1136.9
1123200 1136.9
1123210 1134.8
1123220 1135.9
1123230 1135.9
1123240 1135.7
1123250 1134.2
1123260 1134.2
1123270 1132.8
1123280 1133.2
1123290 1133.2
1123300 1131.7
1123310 1130.2
1123320 1130.2
1123330 1128.0
1123340 1125.9
1123350 1125.9
1123360 1123.1
1123370 1121.0
1123380 1121.0
1123390 1119.7
1123400 1118.6
1123410 1116.6
1123420 1116.6
1123430 1115.4
1123440 1115.1
1123450 1115.1
1123460 1114.5
1123470 1114.0
1123480 1114.0
1123490 1114.2
1123500 1114.2
1123510 1114.2
1123520 1113.8
1123530 1112.5
1123540 1112.5
1123550 1110.8
1123560 1110.7
1123570 1110.7
1123580 1110.3
1123590 1109.2
1123600 1109.2
1123610 1107.9
1123620 1104.8
1123630 1105.0
1123640 1095.2
1123650 1086.0
1123660 1086.0
1123670 1080.3
1123680 1079.6
1123690 1079.6
1123700 1079.5
1123710 1079.5
1123720 1079.5
1123730 1079.2
1123740 1079.0
1123750 1083.6
1123760 1083.6
1123770 1088.5
1123780 1094.1
1123790 1094.1
1123800 1102.3
1123810 1107.7
1123820 1107.7
1123830 1110.6
1123840 1112.9
1123850 1112.9
1123860 1115.5
1123870 1118.2
1123880 1118.2
1123890 1121.0
1123900 1123.7
1123910 1123.7
1123920 1126.4
1123930 1129.1
1123940 1129.1
1123950 1131.4
1123960 1133.3
1123970 1133.3
1123980 1135.1
1123990 1138.7
1124000 1138.7
1124010 1141.2
1124020 1144.1
1124030 1144.1
