1120000 963.7
1120010 964.5
1120020 965.1
1120030 965.1
1120040 965.6
1120050 966.0
1120060 965.9
1120070 966.0
1120080 966.2
1120090 966.2
1120100 967.0
1120110 967.7
1120120 967.7
1120130 968.4
1120140 969.3
1120150 969.3
1120160 970.7
1120170 972.0
1120180 972.0
1120190 972.0
1120200 972.4
1120210 972.4
1120220 974.0
1120230 974.8
1120240 975.8
1120250 975.8
1120260 976.4
1120270 976.6
1120280 976.6
1120290 976.8
1120300 976.7
1120310 976.7
1120320 976.5
1120330 976.7
1120340 976.7
1120350 978.1
1120360 980.4
1120370 980.4
1120380 982.7
1120390 984.2
1120400 984.2
1120410 988.2
1120420 988.8
1120430 988.8
1120440 989.0
1120450 989.6
1120460 989.6
1120470 992.2
1120480 994.4
1120490 994.4
1120500 996.3
1120510 999.1
1120520 999.1
1120530 1002.6
1120540 1005.5
1120550 1005.5
1120560 1007.5
1120570 1009.6
1120580 1012.3
1120590 1012.3
1120600 1014.7
1120610 1016.4
1120620 1016.4
1120630 1021.9
1120640 1024.3
1120650 1024.3
1120660 1023.3
1120670 1027.6
1120680 1027.6
1120690 1032.2
1120700 1035.3
1120710 1035.3
1120720 1038.0
1120730 1041.1
1120740 1041.1
1120750 1042.7
1120760 1048.1
1120770 1048.1
1120780 1045.9
1120790 1048.6
1120800 1048.6
1120810 1053.0
1120820 1057.5
1120830 1057.5
1120840 1053.7
1120850 1055.2
1120860 1055.2
1120870 1061.0
1120880 1060.7
1120890 1060.7
1120900 1065.3
1120910 1072.8
1120920 1074.5
1120930 1074.5
1120940 1075.6
1120950 1078.0
1120960 1078.0
1120970 1079.7
1120980 1079.5
1120990 1079.5
1121000 1073.2
1121010 1071.1
1121020 1071.1
1121030 1081.1
1121040 1089.5
1121050 1089.5
1121060 1090.6
1121070 1087.7
1121080 1087.7
1121090 1089.8
1121100 1094.6
1121110 1097.9
1121120 1099.6
1121130 1098.8
1121140 1098.8
1121150 1097.7
1121160 1102.9
1121170 1102.9
1121180 1104.3
1121190 1104.7
1121200 1104.7
1121210 1109.4
1121220 1110.7
1121230 1110.7
1121240 1110.6
1121250 1113.9
1121260 1117.1
1121270 1117.1
1121280 1119.8
1121290 1122.1
1121300 1122.1
1121310 1126.7
1121320 1129.9
1121330 1129.9
1121340 1131.4
1121350 1132.7
1121360 1132.7
1121370 1133.7
1121380 1135.4
1121390 1135.4
1121400 1138.8
1121410 1142.2
1121420 1142.2
1121430 1144.6
1121440 1147.5
1121450 1147.5
1121460 1151.7
1121470 1155.7
1121480 1155.7
1121490 1157.3
1121500 1157.8
1121510 1157.8
1121520 1159.0
1121530 1161.4
1121540 1161.4
1121550 1163.2
1121560 1164.0
1121570 1163.9
1121580 1163.9
1121590 1165.5
1121600 1167.5
1121610 1167.5
1121620 1169.0
1121630 1170.9
1121640 1170.9
1121650 1172.5
1121660 1174.2
1121670 1174.2
1121680 1176.3
1121690 1178.2
1121700 1178.2
1121710 1180.7
1121720 1183.2
1121730 1183.2
1121740 1184.8
1121750 1185.7
1121760 1185.7
1121770 1186.4
1121780 1186.3
1121790 1186.3
1121800 1186.7
1121810 1186.9
1121820 1190.9
1121830 1190.6
1121840 1189.7
1121850 1189.7
1121860 1188.5
1121870 1187.9
1121880 1187.9
1121890 1187.6
1121900 1187.2
1121910 1186.9
1121920 1186.9
1121930 1186.5
1121940 1185.6
1121950 1185.6
1121960 1183.9
1121970 1182.8
1121980 1182.8
1121990 1182.3
1122000 1181.2
1122010 1181.2
1122020 1181.0
1122030 1181.3
1122040 1181.3
1122050 1182.7
1122060 1183.6
1122070 1183.6
1122080 1183.4
1122090 1182.7
1122100 1182.7
1122110 1183.4
1122120 1184.4
1122130 1184.4
1122140 1186.3
1122150 1189.2
1122160 1189.2
1122170 1197.2
1122180 1200.9
1122190 1200.9
1122200 1205.3
1122210 1207.0
1122220 1207.0
1122230 1208.6
1122240 1209.9
1122250 1210.9
1122260 1210.9
1122270 1211.5
1122280 1211.9
1122290 1211.9
1122300 1211.2
1122310 1209.7
1122320 1209.7
1122330 1206.8
1122340 1203.5
1122350 1203.5
1122360 1200.9
1122370 1199.0
1122380 1199.0
1122390 1196.8
1122400 1194.6
1122410 1194.6
1122420 1193.4
1122430 1194.2
1122440 1194.2
1122450 1193.7
1122460 1190.9
1122470 1190.9
1122480 1187.9
1122490 1185.1
1122500 1185.1
1122510 1183.9
1122520 1187.7
1122530 1187.7
1122540 1187.5
1122550 1188.2
1122560 1188.2
1122570 1189.2
1122580 1189.1
1122590 1187.9
1122600 1187.9
1122610 1185.5
1122620 1184.5
1122630 1184.5
1122640 1184.5
1122650 1183.3
1122660 1183.3
1122670 1182.6
1122680 1182.4
1122690 1182.4
1122700 1181.9
1122710 1181.7
1122720 1181.7
1122730 1181.2
1122740 1179.1
1122750 1179.1
1122760 1178.6
1122770 1178.4
1122780 1178.4
1122790 1177.3
1122800 1175.9
1122810 1175.9
1122820 1175.1
1122830 1174.5
1122840 1174.5
1122850 1174.7
1122860 1174.6
1122870 1174.6
1122880 1175.8
1122890 1174.7
1122900 1174.7
1122910 1173.8
1122920 1170.5
1122930 1171.2
1122940 1171.2
1122950 1171.8
1122960 1172.2
1122970 1172.2
1122980 1172.5
1122990 1172.7
1123000 1172.7
1123010 1172.8
1123020 1172.7
1123030 1172.7
1123040 1171.8
1123050 1170.5
1123060 1170.5
1123070 1169.5
1123080 1168.4
1123090 1168.4
1123100 1168.0
1123110 1166.5
1123120 1166.5
1123130 1165.8
1123140 1164.9
1123150 1164.9
1123160 1164.3
1123170 1161.6
1123180 1161.6
1123190 1160.3
1123200 1159.2
1123210 1159.2
1123220 1157.3
1123230 1156.8
1123240 1155.1
1123250 1155.1
1123260 1153.7
1123270 1152.8
1123280 1152.8
1123290 1152.2
1123300 1150.5
1123310 1150.5
1123320 1148.2
1123330 1146.2
1123340 1146.2
1123350 1144.0
1123360 1141.5
1123370 1141.5
1123380 1138.7
1123390 1136.1
1123400 1136.1
1123410 1133.6
1123420 1131.8
1123430 1131.8
1123440 1130.5
1123450 1129.3
1123460 1129.3
1123470 1128.0
1123480 1127.2
1123490 1127.2
1123500 1126.5
1123510 1125.8
1123520 1125.8
1123530 1124.9
1123540 1124.3
1123550 1124.3
1123560 1123.5
1123570 1121.9
1123580 1121.8
1123590 1121.8
1123600 1121.1
1123610 1120.0
1123620 1120.0
1123630 1118.9
1123640 1117.7
1123650 1117.7
1123660 1114.1
1123670 1108.3
1123680 1108.3
1123690 1101.6
1123700 1097.4
1123710 1097.4
1123720 1094.9
1123730 1093.9
1123740 1093.9
1123750 1091.4
1123760 1089.4
1123770 1089.4
1123780 1089.0
1123790 1095.4
1123800 1095.4
1123810 1103.0
1123820 1109.6
1123830 1109.6
1123840 1113.6
1123850 1118.5
1123860 1118.5
1123870 1124.9
1123880 1129.6
1123890 1129.6
1123900 1131.8
1123910 1133.6
1123920 1138.7
1123930 1138.7
1123940 1142.0
1123950 1146.8
1123960 1146.8
1123970 1150.0
1123980 1150.8
1123990 1150.8
1124000 1151.5
1124010 1154.5
1124020 1154.5
1124030 1157.1
1124040 1158.7
1124050 1158.7
1124060 1160.6
