1120000 949.3
1120010 949.3
1120020 950.5
1120030 951.7
1120040 953.4
1120050 953.4
1120060 955.6
1120070 955.2
1120080 955.2
1120090 954.6
1120100 955.0
1120110 955.0
1120120 956.3
1120130 956.6
1120140 956.6
1120150 957.1
1120160 958.7
1120170 958.7
1120180 959.9
1120190 960.2
1120200 960.2
1120210 962.1
1120220 963.8
1120230 963.8
1120240 964.9
1120250 965.7
1120260 965.7
1120270 966.6
1120280 966.9
1120290 966.9
1120300 966.9
1120310 968.3
1120320 968.3
1120330 968.6
1120340 968.6
1120350 968.6
1120360 968.6
1120370 967.0
1120380 964.9
1120390 964.9
1120400 964.8
1120410 966.0
1120420 966.0
1120430 967.0
1120440 968.1
1120450 968.1
1120460 969.2
1120470 969.8
1120480 969.8
1120490 970.0
1120500 970.4
1120510 970.4
1120520 971.8
1120530 972.7
1120540 972.7
1120550 973.3
1120560 974.8
1120570 974.8
1120580 976.1
1120590 976.8
1120600 976.8
1120610 978.0
1120620 978.9
1120630 978.9
1120640 978.7
1120650 979.5
1120660 979.5
1120670 980.6
1120680 981.4
1120690 981.4
1120700 981.5
1120710 980.0
1120720 978.6
1120730 978.6
1120740 977.6
1120750 978.0
1120760 978.0
1120770 978.2
1120780 978.2
1120790 978.2
1120800 978.2
1120810 978.3
1120820 978.3
1120830 978.6
1120840 978.9
1120850 978.9
1120860 979.4
1120870 979.8
1120880 979.8
1120890 980.9
1120900 982.0
1120910 982.2
1120920 982.7
1120930 983.3
1120940 983.3
1120950 983.8
1120960 983.6
1120970 983.6
1120980 983.4
1120990 983.3
1121000 983.3
1121010 983.2
1121020 983.2
1121030 983.2
1121040 983.3
1121050 984.3
1121060 985.1
1121070 985.1
1121080 985.2
1121090 985.8
1121100 985.8
1121110 985.7
1121120 985.5
1121130 985.5
1121140 984.9
1121150 984.9
1121160 984.9
1121170 986.2
1121180 987.5
1121190 987.5
1121200 988.2
1121210 989.0
1121220 989.0
1121230 989.5
1121240 989.7
1121250 989.7
1121260 991.1
1121270 992.0
1121280 992.0
1121290 993.0
1121300 993.8
1121310 993.8
1121320 994.3
1121330 995.0
1121340 995.0
1121350 995.8
1121360 996.4
1121370 996.4
1121380 997.1
1121390 997.6
1121400 998.0
1121410 998.0
1121420 999.1
1121430 1000.2
1121440 1000.2
1121450 1000.9
1121460 1001.9
1121470 1001.9
1121480 1003.2
1121490 1004.7
1121500 1004.7
1121510 1006.3
1121520 1007.7
1121530 1007.7
1121540 1009.5
1121550 1011.1
1121560 1011.1
1121570 1012.6
1121580 1014.2
1121590 1014.2
1121600 1015.2
1121610 1015.9
1121620 1017.3
1121630 1019.4
1121640 1022.0
1121650 1022.0
1121660 1023.7
1121670 1024.2
1121680 1024.2
1121690 1023.9
1121700 1023.6
1121710 1025.8
1121720 1025.8
1121730 1028.6
1121740 1030.2
1121750 1030.2
1121760 1032.5
1121770 1034.3
1121780 1034.3
1121790 1036.6
1121800 1037.8
1121810 1037.8
1121820 1038.3
1121830 1039.0
1121840 1039.0
1121850 1039.4
1121860 1039.3
1121870 1039.3
1121880 1040.5
1121890 1040.7
1121900 1040.7
1121910 1040.8
1121920 1041.1
1121930 1041.1
1121940 1042.4
1121950 1044.6
1121960 1044.6
1121970 1051.5
1121980 1051.6
1121990 1051.6
1122000 1051.8
1122010 1052.1
1122020 1052.1
1122030 1051.6
1122040 1051.2
1122050 1050.4
1122060 1050.4
1122070 1049.9
1122080 1052.9
1122090 1052.9
1122100 1052.4
1122110 1045.7
1122120 1045.7
1122130 1045.5
1122140 1053.7
1122150 1053.7
1122160 1060.3
1122170 1060.2
1122180 1060.2
1122190 1060.0
1122200 1059.7
1122210 1059.7
1122220 1064.2
1122230 1069.5
1122240 1069.5
1122250 1069.5
1122260 1072.6
1122270 1072.6
1122280 1073.2
1122290 1074.0
1122300 1074.0
1122310 1077.6
1122320 1088.0
1122330 1088.0
1122340 1089.3
1122350 1090.1
1122360 1090.1
1122370 1090.7
1122380 1090.6
1122390 1089.7
1122400 1089.7
1122410 1090.0
1122420 1089.4
1122430 1089.4
1122440 1082.1
1122450 1073.7
1122460 1073.7
1122470 1072.8
1122480 1079.8
1122490 1079.8
1122500 1084.5
1122510 1085.8
1122520 1085.8
1122530 1087.0
1122540 1086.2
1122550 1086.2
1122560 1087.1
1122570 1087.2
1122580 1087.2
1122590 1086.1
1122600 1084.5
1122610 1084.5
1122620 1083.3
1122630 1081.5
1122640 1081.5
1122650 1079.1
1122660 1073.9
1122670 1078.6
1122680 1081.1
1122690 1077.3
1122700 1077.3
1122710 1076.1
1122720 1076.0
1122730 1077.0
1122740 1077.0
1122750 1080.4
1122760 1081.9
1122770 1081.9
1122780 1083.7
1122790 1085.0
1122800 1085.0
1122810 1084.7
1122820 1080.8
1122830 1080.8
1122840 1076.6
1122850 1074.8
1122860 1074.8
1122870 1080.6
1122880 1087.1
1122890 1087.1
1122900 1092.3
1122910 1093.9
1122920 1093.9
1122930 1094.5
1122940 1094.8
1122950 1094.8
1122960 1094.4
1122970 1092.2
1122980 1092.2
1122990 1091.6
1123000 1093.1
1123010 1093.1
1123020 1093.2
1123030 1094.7
1123040 1094.7
1123050 1094.8
1123060 1095.1
1123070 1094.8
1123080 1094.8
1123090 1094.9
1123100 1095.2
1123110 1095.2
1123120 1095.3
1123130 1096.0
1123140 1096.0
1123150 1096.5
1123160 1096.6
1123170 1096.6
1123180 1096.6
1123190 1096.4
1123200 1096.4
1123210 1095.8
1123220 1095.3
1123230 1095.3
1123240 1095.4
1123250 1096.1
1123260 1096.1
1123270 1096.4
1123280 1096.5
1123290 1096.5
1123300 1096.6
1123310 1096.4
1123320 1096.4
1123330 1095.8
1123340 1094.7
1123350 1094.7
1123360 1093.2
1123370 1091.6
1123380 1091.8
1123390 1090.4
1123400 1089.7
1123410 1089.2
1123420 1089.2
1123430 1088.5
1123440 1088.0
1123450 1088.0
1123460 1087.4
1123470 1086.5
1123480 1086.5
1123490 1084.7
1123500 1079.1
1123510 1079.1
1123520 1073.8
1123530 1070.2
1123540 1070.2
1123550 1067.9
1123560 1062.4
1123570 1062.4
1123580 1059.6
1123590 1060.1
1123600 1060.1
1123610 1067.2
1123620 1075.9
1123630 1075.9
1123640 1083.3
1123650 1091.1
1123660 1091.1
1123670 1098.9
1123680 1101.4
1123690 1101.4
1123700 1103.5
1123710 1105.2
1123720 1106.2
1123730 1108.9
1123740 1109.4
1123750 1110.1
1123760 1110.1
1123770 1110.6
1123780 1110.7
1123790 1110.7
1123800 1110.8
1123810 1109.8
1123820 1109.8
1123830 1106.9
1123840 1104.8
1123850 1104.8
1123860 1108.9
1123870 1112.5
1123880 1112.5
1123890 1114.7
