1120000 1066.9
1120010 1067.2
1120020 1066.3
1120030 1064.9
1120040 1064.9
1120050 1062.4
1120060 1059.4
1120070 1059.4
1120080 1057.1
1120090 1056.8
1120100 1056.8
1120110 1056.5
1120120 1055.4
1120130 1055.4
1120140 1050.1
1120150 1049.4
1120160 1049.4
1120170 1048.1
1120180 1046.9
1120190 1046.9
1120200 1045.5
1120210 1043.8
1120220 1043.8
1120230 1042.3
1120240 1041.5
1120250 1041.5
1120260 1039.9
1120270 1037.7
1120280 1037.7
1120290 1035.5
1120300 1033.8
1120310 1033.8
1120320 1032.7
1120330 1032.1
1120340 1032.1
1120350 1031.2
1120360 1030.5
1120370 1029.6
1120380 1029.6
1120390 1026.7
1120400 1022.8
1120410 1022.8
1120420 1020.0
1120430 1019.4
1120440 1019.4
1120450 1017.5
1120460 1014.2
1120470 1014.2
1120480 1012.0
1120490 1005.7
1120500 1005.7
1120510 1003.8
1120520 1002.3
1120530 1002.3
1120540 999.2
1120550 998.1
1120560 998.1
1120570 996.4
1120580 995.4
1120590 995.4
1120600 993.4
1120610 991.3
1120620 991.3
1120630 989.9
1120640 988.3
1120650 988.3
1120660 987.5
1120670 985.7
1120680 985.7
1120690 984.0
1120700 982.5
1120710 982.4
1120720 982.4
1120730 982.2
1120740 981.7
1120750 981.7
1120760 981.5
1120770 981.5
1120780 981.5
1120790 980.4
1120800 979.7
1120810 979.7
1120820 978.6
1120830 977.5
1120840 974.6
1120850 973.6
1120860 973.5
1120870 973.5
1120880 973.3
1120890 972.8
1120900 972.8
1120910 972.5
1120920 972.6
1120930 972.6
1120940 973.3
1120950 974.1
1120960 974.1
1120970 974.7
1120980 975.1
1120990 975.1
1121000 975.2
1121010 974.5
1121020 974.5
1121030 973.3
1121040 974.1
1121050 975.3
1121060 975.3
1121070 974.4
1121080 972.8
1121090 972.8
1121100 972.1
1121110 973.1
1121120 973.1
1121130 973.5
1121140 973.9
1121150 973.9
1121160 975.0
1121170 975.4
1121180 975.4
1121190 973.8
1121200 973.4
1121210 973.4
1121220 972.8
1121230 973.3
1121240 973.3
1121250 973.9
1121260 974.9
1121270 974.9
1121280 975.9
1121290 975.8
1121300 975.8
1121310 976.3
1121320 977.8
1121330 977.8
1121340 978.0
1121350 977.8
1121360 977.8
1121370 977.5
1121380 977.6
1121390 978.3
1121400 978.3
1121410 979.5
1121420 981.8
1121430 981.8
1121440 983.5
1121450 984.9
1121460 984.9
1121470 985.8
1121480 984.7
1121490 984.7
1121500 982.4
1121510 982.4
1121520 982.4
1121530 983.4
1121540 982.8
1121550 982.8
1121560 982.0
1121570 980.5
1121580 980.5
1121590 978.7
1121600 979.1
1121610 979.1
1121620 979.5
1121630 979.9
1121640 979.9
1121650 980.8
1121660 982.0
1121670 982.0
1121680 983.2
1121690 984.2
1121700 984.2
1121710 984.3
1121720 985.0
1121730 985.9
1121740 985.9
1121750 986.0
1121760 987.3
1121770 987.3
1121780 988.5
1121790 989.2
1121800 989.2
1121810 991.7
1121820 994.4
1121830 994.4
1121840 996.4
1121850 997.2
1121860 997.2
1121870 998.5
1121880 1000.0
1121890 1000.0
1121900 1001.0
1121910 1001.6
1121920 1001.6
1121930 1000.8
1121940 1000.7
1121950 1000.7
1121960 1002.0
1121970 1001.7
1121980 1001.7
1121990 1001.7
1122000 1001.5
1122010 1001.5
1122020 1001.6
1122030 1002.2
1122040 1002.2
1122050 1003.0
1122060 1002.6
1122070 1002.2
1122080 1002.2
1122090 1001.5
1122100 1001.5
1122110 1001.5
1122120 1001.6
1122130 1001.7
1122140 1001.7
1122150 1001.7
1122160 1001.3
1122170 1001.3
1122180 1001.0
1122190 1000.8
1122200 1000.8
1122210 1000.8
1122220 1000.6
1122230 1000.6
1122240 1000.5
1122250 999.0
1122260 999.0
1122270 998.3
1122280 997.3
1122290 997.3
1122300 996.8
1122310 995.7
1122320 995.7
1122330 994.1
1122340 990.0
1122350 990.0
1122360 987.5
1122370 985.9
1122380 983.9
1122390 983.9
1122400 983.2
1122410 985.0
1122420 985.0
1122430 986.0
1122440 987.0
1122450 987.0
1122460 989.3
1122470 990.2
1122480 990.2
1122490 993.9
1122500 995.7
1122510 995.7
1122520 996.3
1122530 997.6
1122540 997.6
1122550 999.5
1122560 1001.2
1122570 1001.2
1122580 1003.5
1122590 1006.0
1122600 1005.5
1122610 1007.5
1122620 1010.9
1122630 1010.9
1122640 1014.5
1122650 1016.2
1122660 1016.2
1122670 1016.5
1122680 1018.0
1122690 1018.0
1122700 1020.3
1122710 1021.5
1122720 1020.2
1122730 1020.2
1122740 1019.3
1122750 1019.3
1122760 1019.3
1122770 1020.3
1122780 1019.4
1122790 1019.4
1122800 1020.5
1122810 1023.2
1122820 1023.2
1122830 1025.1
1122840 1026.6
1122850 1026.6
1122860 1027.8
1122870 1028.9
1122880 1028.9
1122890 1030.7
1122900 1033.3
1122910 1033.3
1122920 1035.4
1122930 1035.8
1122940 1035.8
1122950 1036.3
1122960 1036.9
1122970 1036.9
1122980 1037.3
1122990 1037.7
1123000 1037.7
1123010 1038.1
1123020 1038.4
1123030 1038.4
1123040 1038.4
1123050 1038.3
1123060 1038.6
1123070 1038.6
1123080 1039.0
1123090 1039.3
1123100 1039.3
1123110 1039.5
1123120 1039.9
1123130 1039.9
1123140 1040.6
1123150 1041.2
1123160 1041.2
1123170 1041.7
1123180 1041.6
1123190 1041.6
1123200 1041.1
1123210 1042.1
1123220 1042.1
1123230 1043.1
1123240 1043.1
1123250 1043.1
1123260 1043.1
1123270 1043.3
1123280 1043.3
1123290 1043.3
1123300 1043.3
1123310 1043.7
1123320 1043.3
1123330 1037.2
1123340 1037.2
1123350 1030.9
1123360 1025.2
1123370 1025.2
1123380 1021.1
1123390 1020.1
1123400 1020.7
1123410 1020.7
1123420 1021.9
1123430 1022.8
1123440 1022.8
1123450 1023.8
1123460 1024.6
1123470 1024.6
1123480 1025.0
1123490 1025.9
1123500 1025.9
1123510 1027.3
1123520 1029.1
1123530 1029.1
1123540 1031.9
1123550 1038.7
1123560 1038.7
1123570 1043.2
1123580 1043.3
1123590 1043.3
1123600 1043.6
1123610 1046.0
1123620 1046.0
1123630 1048.0
1123640 1049.4
1123650 1049.4
1123660 1052.0
1123670 1053.0
1123680 1053.0
1123690 1052.4
1123700 1053.7
1123710 1053.7
1123720 1055.5
