1120000 948.5
1120010 947.4
1120020 948.8
1120030 948.8
1120040 949.4
1120050 950.7
1120060 951.7
1120070 953.8
1120080 955.7
1120090 955.7
1120100 957.1
1120110 957.5
1120120 958.1
1120130 958.1
1120140 959.0
1120150 960.2
1120160 960.2
1120170 961.7
1120180 963.1
1120190 963.1
1120200 965.0
1120210 966.2
1120220 966.2
1120230 966.6
1120240 968.1
1120250 968.1
1120260 969.1
1120270 970.1
1120280 970.1
1120290 971.3
1120300 972.9
1120310 972.9
1120320 974.2
1120330 973.5
1120340 973.5
1120350 973.4
1120360 973.7
1120370 973.7
1120380 972.5
1120390 971.1
1120400 971.1
1120410 970.4
1120420 969.5
1120430 969.1
1120440 969.1
1120450 970.3
1120460 972.4
1120470 972.4
1120480 974.2
1120490 975.3
1120500 975.3
1120510 975.8
1120520 976.2
1120530 976.2
1120540 976.4
1120550 976.7
1120560 976.7
1120570 977.6
1120580 978.4
1120590 978.4
1120600 978.9
1120610 979.8
1120620 979.8
1120630 980.8
1120640 981.8
1120650 981.8
1120660 982.6
1120670 983.3
1120680 983.3
1120690 983.7
1120700 984.1
1120710 984.1
1120720 984.4
1120730 984.5
1120740 984.5
1120750 984.5
1120760 985.2
1120770 985.6
1120780 985.6
1120790 986.5
1120800 987.3
1120810 987.3
1120820 987.7
1120830 988.1
1120840 988.1
1120850 988.4
1120860 988.5
1120870 988.5
1120880 988.6
1120890 988.8
1120900 988.8
1120910 989.0
1120920 989.3
1120930 989.3
1120940 989.6
1120950 989.9
1120960 989.9
1120970 990.3
1120980 990.8
1120990 990.8
1121000 991.3
1121010 991.9
1121020 991.9
1121030 992.3
1121040 992.6
1121050 992.6
1121060 993.2
1121070 994.1
1121080 994.1
1121090 994.8
1121100 995.8
1121110 997.5
1121120 997.5
1121130 998.1
1121140 998.8
1121150 998.8
1121160 999.3
1121170 1000.0
1121180 1000.0
1121190 1000.9
1121200 1000.9
1121210 1000.9
1121220 1002.4
1121230 1003.7
1121240 1003.7
1121250 1003.7
1121260 1002.8
1121270 1002.8
1121280 1001.9
1121290 1001.4
1121300 1001.4
1121310 1002.2
1121320 1004.7
1121330 1004.7
1121340 1007.4
1121350 1010.3
1121360 1010.3
1121370 1013.4
1121380 1016.4
1121390 1016.4
1121400 1019.2
1121410 1021.7
1121420 1021.7
1121430 1023.5
1121440 1025.4
1121450 1028.4
1121460 1033.5
1121470 1036.2
1121480 1041.4
1121490 1041.4
1121500 1042.7
1121510 1043.1
1121520 1043.1
1121530 1045.5
1121540 1049.3
1121550 1049.3
1121560 1053.8
1121570 1054.1
1121580 1054.1
1121590 1055.7
1121600 1057.0
1121610 1057.0
1121620 1059.3
1121630 1062.4
1121640 1062.4
1121650 1064.1
1121660 1066.0
1121670 1066.0
1121680 1066.3
1121690 1065.4
1121700 1065.4
1121710 1068.1
1121720 1071.0
1121730 1071.0
1121740 1073.7
1121750 1075.7
1121760 1075.7
1121770 1074.9
1121780 1077.5
1121790 1079.2
1121800 1079.2
1121810 1084.7
1121820 1084.4
1121830 1084.4
1121840 1085.8
1121850 1088.0
1121860 1088.0
1121870 1090.3
1121880 1091.5
1121890 1091.5
1121900 1091.5
1121910 1092.6
1121920 1092.6
1121930 1095.1
1121940 1096.3
1121950 1096.3
1121960 1097.8
1121970 1099.1
1121980 1099.1
1121990 1099.0
1122000 1098.6
1122010 1098.6
1122020 1097.8
1122030 1096.8
1122040 1096.8
1122050 1097.8
1122060 1098.8
1122070 1098.8
1122080 1101.4
1122090 1103.8
1122100 1103.8
1122110 1103.8
1122120 1100.5
1122130 1099.4
1122140 1099.4
1122150 1097.8
1122160 1100.4
1122170 1100.4
1122180 1100.5
1122190 1099.9
1122200 1099.9
1122210 1098.5
1122220 1097.9
1122230 1097.9
1122240 1100.2
1122250 1102.1
1122260 1102.1
1122270 1103.6
1122280 1105.1
1122290 1105.1
1122300 1105.9
1122310 1106.2
1122320 1106.2
1122330 1106.8
1122340 1108.0
1122350 1108.0
1122360 1108.6
1122370 1108.6
1122380 1108.6
1122390 1108.7
1122400 1108.4
1122410 1108.4
1122420 1106.0
1122430 1101.3
1122440 1101.3
1122450 1103.4
1122460 1105.4
1122470 1106.4
1122480 1106.4
1122490 1107.2
1122500 1107.6
1122510 1107.6
1122520 1110.6
1122530 1110.7
1122540 1110.7
1122550 1110.5
1122560 1110.2
1122570 1110.2
1122580 1109.4
1122590 1107.5
1122600 1107.5
1122610 1102.7
1122620 1103.9
1122630 1103.9
1122640 1106.3
1122650 1105.8
1122660 1105.8
1122670 1104.8
1122680 1104.0
1122690 1104.0
1122700 1103.6
1122710 1103.9
1122720 1103.9
1122730 1103.1
1122740 1102.7
1122750 1102.7
1122760 1103.1
1122770 1102.9
1122780 1103.3
1122790 1103.3
1122800 1104.5
1122810 1105.9
1122820 1105.9
1122830 1107.2
1122840 1108.0
1122850 1108.0
1122860 1108.3
1122870 1109.2
1122880 1109.2
1122890 1109.8
1122900 1110.3
1122910 1110.3
1122920 1110.3
1122930 1110.0
1122940 1110.0
1122950 1106.3
1122960 1108.1
1122970 1108.1
1122980 1109.1
1122990 1106.5
1123000 1106.5
1123010 1105.9
1123020 1107.9
1123030 1107.9
1123040 1108.4
1123050 1108.6
1123060 1108.6
1123070 1109.5
1123080 1110.1
1123090 1110.1
1123100 1110.5
1123110 1110.8
1123120 1111.2
1123130 1111.2
1123140 1111.3
1123150 1111.5
1123160 1111.5
1123170 1111.5
1123180 1111.2
1123190 1111.2
1123200 1110.7
1123210 1110.3
1123220 1112.3
1123230 1111.8
1123240 1110.7
1123250 1110.7
1123260 1109.5
1123270 1108.8
1123280 1108.8
1123290 1108.1
1123300 1107.2
1123310 1107.2
1123320 1105.8
1123330 1104.3
1123340 1104.3
1123350 1103.0
1123360 1102.1
1123370 1102.1
1123380 1100.6
1123390 1099.3
1123400 1099.3
1123410 1098.1
1123420 1096.5
1123430 1096.5
1123440 1095.5
1123450 1097.4
1123460 1096.2
1123470 1096.2
1123480 1095.1
1123490 1094.4
1123500 1094.4
1123510 1093.3
1123520 1093.7
1123530 1093.7
1123540 1093.6
1123550 1092.8
1123560 1092.8
1123570 1089.1
1123580 1088.9
1123590 1088.9
1123600 1083.2
1123610 1076.2
1123620 1076.2
1123630 1068.9
1123640 1065.8
1123650 1065.8
1123660 1072.4
1123670 1079.3
1123680 1079.3
1123690 1085.2
1123700 1090.7
1123710 1090.7
1123720 1097.3
1123730 1103.4
1123740 1103.4
1123750 1110.5
1123760 1114.6
1123770 1114.6
1123780 1115.6
1123790 1116.3
1123800 1116.5
1123810 1116.5
1123820 1117.5
1123830 1118.3
1123840 1118.3
1123850 1118.4
1123860 1119.0
1123870 1119.0
1123880 1121.3
1123890 1122.9
1123900 1122.9
1123910 1123.9
1123920 1125.3
1123930 1125.3
1123940 1126.9
1123950 1127.1
1123960 1127.1
1123970 1129.1
1123980 1133.2
1123990 1133.2
