1120000 961.6
1120010 960.1
1120020 958.8
1120030 958.8
1120040 957.7
1120050 957.2
1120060 957.2
1120070 957.0
1120080 956.6
1120090 956.0
1120100 956.0
1120110 955.3
1120120 955.1
1120130 955.1
1120140 954.4
1120150 954.2
1120160 954.2
1120170 954.1
1120180 954.2
1120190 954.2
1120200 953.2
1120210 952.6
1120220 952.6
1120230 952.5
1120240 952.6
1120250 952.6
1120260 953.2
1120270 954.4
1120280 954.4
1120290 957.2
1120300 958.2
1120310 958.2
1120320 958.5
1120330 959.1
1120340 959.1
1120350 960.4
1120360 961.2
1120370 961.2
1120380 961.6
1120390 961.6
1120400 961.6
1120410 962.5
1120420 963.1
1120430 963.1
1120440 963.1
1120450 963.3
1120460 964.3
1120470 964.3
1120480 964.2
1120490 963.5
1120500 963.5
1120510 964.5
1120520 965.3
1120530 965.3
1120540 965.9
1120550 965.5
1120560 965.5
1120570 964.9
1120580 963.8
1120590 963.8
1120600 963.6
1120610 963.7
1120620 963.7
1120630 964.0
1120640 964.8
1120650 964.8
1120660 964.5
1120670 964.8
1120680 964.8
1120690 965.3
1120700 965.3
1120710 965.3
1120720 965.7
1120730 966.7
1120740 966.7
1120750 967.5
1120760 968.0
1120770 968.4
1120780 968.4
1120790 968.4
1120800 968.9
1120810 968.9
1120820 968.9
1120830 969.5
1120840 969.5
1120850 970.2
1120860 971.3
1120870 971.3
1120880 971.4
1120890 971.3
1120900 971.3
1120910 972.0
1120920 972.7
1120930 972.7
1120940 972.8
1120950 973.8
1120960 973.8
1120970 974.8
1120980 974.6
1120990 974.6
1121000 974.9
1121010 974.8
1121020 974.8
1121030 973.9
1121040 973.6
1121050 973.6
1121060 974.0
1121070 974.2
1121080 974.3
1121090 974.3
1121100 974.4
1121110 975.2
1121120 975.2
1121130 977.1
1121140 978.1
1121150 978.1
1121160 979.3
1121170 978.6
1121180 978.6
1121190 978.3
1121200 978.4
1121210 979.1
1121220 979.7
1121230 980.4
1121240 980.4
1121250 981.1
1121260 981.9
1121270 981.9
1121280 982.6
1121290 982.9
1121300 982.9
1121310 983.1
1121320 983.6
1121330 983.6
1121340 984.0
1121350 984.3
1121360 984.3
1121370 984.4
1121380 984.6
1121390 984.6
1121400 984.7
1121410 985.1
1121420 985.8
1121430 985.8
1121440 986.0
1121450 986.0
1121460 986.0
1121470 987.2
1121480 989.8
1121490 989.8
1121500 991.8
1121510 993.1
1121520 993.1
1121530 994.1
1121540 995.5
1121550 995.5
1121560 997.8
1121570 997.9
1121580 997.9
1121590 997.4
1121600 998.3
1121610 998.3
1121620 999.2
1121630 1000.0
1121640 1000.0
1121650 1000.7
1121660 1001.5
1121670 1001.5
1121680 1002.2
1121690 1002.8
1121700 1002.8
1121710 1003.5
1121720 1004.3
1121730 1004.3
1121740 1005.3
1121750 1005.5
1121760 1006.2
1121770 1006.2
1121780 1008.2
1121790 1009.7
1121800 1009.7
1121810 1009.7
1121820 1009.7
1121830 1009.7
1121840 1008.9
1121850 1007.2
1121860 1007.2
1121870 1005.3
1121880 1003.9
1121890 1003.9
1121900 1003.4
1121910 1004.4
1121920 1004.4
1121930 1004.4
1121940 1004.7
1121950 1004.7
1121960 1004.2
1121970 1003.0
1121980 1003.0
1121990 1001.8
1122000 1000.8
1122010 1000.8
1122020 999.8
1122030 998.8
1122040 998.8
1122050 997.6
1122060 996.9
1122070 996.9
1122080 996.7
1122090 996.7
1122100 996.6
1122110 996.6
1122120 996.3
1122130 995.6
1122140 995.6
1122150 994.9
1122160 994.9
1122170 994.9
1122180 995.1
1122190 995.4
1122200 995.4
1122210 995.8
1122220 996.2
1122230 996.2
1122240 996.7
1122250 997.4
1122260 997.2
1122270 998.1
1122280 999.2
1122290 999.2
1122300 1000.9
1122310 1002.9
1122320 1002.9
1122330 1005.0
1122340 1007.0
1122350 1007.0
1122360 1008.7
1122370 1010.2
1122380 1010.2
1122390 1012.2
1122400 1014.7
1122410 1014.7
1122420 1016.5
1122430 1018.4
1122440 1019.8
1122450 1019.8
1122460 1020.1
1122470 1021.5
1122480 1021.5
1122490 1023.9
1122500 1026.2
1122510 1026.2
1122520 1028.3
1122530 1031.7
1122540 1031.7
1122550 1036.2
1122560 1038.4
1122570 1038.4
1122580 1039.1
1122590 1038.5
1122600 1038.5
1122610 1039.4
1122620 1040.7
1122630 1040.7
1122640 1040.4
1122650 1040.2
1122660 1040.2
1122670 1039.9
1122680 1039.7
1122690 1039.7
1122700 1039.2
1122710 1038.2
1122720 1038.2
1122730 1039.3
1122740 1040.1
1122750 1040.1
1122760 1040.4
1122770 1040.1
1122780 1040.4
1122790 1040.4
1122800 1042.5
1122810 1045.2
1122820 1045.2
1122830 1047.9
1122840 1050.0
1122850 1050.0
1122860 1051.0
1122870 1052.7
1122880 1052.7
1122890 1054.0
1122900 1055.2
1122910 1055.2
1122920 1057.2
1122930 1058.7
1122940 1058.7
1122950 1059.7
1122960 1060.5
1122970 1062.3
1122980 1063.2
1122990 1063.9
1123000 1063.9
1123010 1064.1
1123020 1064.2
1123030 1064.2
1123040 1063.6
1123050 1064.1
1123060 1064.1
1123070 1064.5
1123080 1064.0
1123090 1064.0
1123100 1065.4
1123110 1067.0
1123120 1068.0
1123130 1068.0
1123140 1069.1
1123150 1069.9
1123160 1069.9
1123170 1069.7
1123180 1071.4
1123190 1071.4
1123200 1073.2
1123210 1073.7
1123220 1073.7
1123230 1073.7
1123240 1073.0
1123250 1073.0
1123260 1074.8
1123270 1075.5
1123280 1075.5
1123290 1075.4
1123300 1075.4
1123310 1075.4
1123320 1077.4
1123330 1077.1
1123340 1077.1
1123350 1076.9
1123360 1076.1
1123370 1076.1
1123380 1074.0
1123390 1073.6
1123400 1073.6
1123410 1074.9
1123420 1075.9
1123430 1075.9
1123440 1072.5
1123450 1067.1
1123460 1064.1
1123470 1064.1
1123480 1061.3
1123490 1059.0
1123500 1059.0
1123510 1057.2
1123520 1056.1
1123530 1056.1
1123540 1055.1
1123550 1054.1
1123560 1054.1
1123570 1050.1
1123580 1056.5
1123590 1056.5
1123600 1068.5
1123610 1079.3
1123620 1079.3
1123630 1082.6
1123640 1084.2
1123650 1084.2
1123660 1084.9
1123670 1085.5
1123680 1085.2
1123690 1086.3
1123700 1087.4
1123710 1087.4
1123720 1088.4
1123730 1089.3
1123740 1089.3
1123750 1090.0
1123760 1091.2
1123770 1092.9
1123780 1092.9
1123790 1093.8
1123800 1094.6
1123810 1094.6
1123820 1096.3
1123830 1098.2
1123840 1098.2
1123850 1100.0
1123860 1101.8
1123870 1101.8
