1120000 1205.5
1120010 1205.5
1120020 1200.3
1120030 1200.2
1120040 1200.2
1120050 1200.0
1120060 1199.7
1120070 1199.7
1120080 1198.7
1120090 1197.7
1120100 1197.7
1120110 1196.5
1120120 1195.2
1120130 1195.2
1120140 1193.9
1120150 1192.1
1120160 1192.1
1120170 1190.2
1120180 1187.5
1120190 1185.0
1120200 1185.0
1120210 1183.2
1120220 1180.0
1120230 1180.0
1120240 1176.3
1120250 1171.8
1120260 1171.8
1120270 1170.0
1120280 1168.6
1120290 1168.6
1120300 1166.8
1120310 1165.9
1120320 1165.9
1120330 1165.0
1120340 1162.5
1120350 1162.5
1120360 1160.3
1120370 1152.7
1120380 1152.7
1120390 1150.6
1120400 1148.2
1120410 1148.2
1120420 1145.1
1120430 1142.4
1120440 1142.4
1120450 1141.1
1120460 1140.3
1120470 1140.3
1120480 1140.1
1120490 1139.7
1120500 1139.7
1120510 1138.9
1120520 1137.6
1120530 1134.9
1120540 1134.9
1120550 1130.8
1120560 1129.4
1120570 1129.4
1120580 1130.7
1120590 1129.9
1120600 1129.9
1120610 1127.8
1120620 1125.9
1120630 1125.9
1120640 1124.3
1120650 1122.0
1120660 1122.0
1120670 1119.9
1120680 1118.0
1120690 1118.0
1120700 1116.1
1120710 1113.2
1120720 1108.7
1120730 1106.7
1120740 1105.2
1120750 1105.2
1120760 1103.6
1120770 1101.7
1120780 1101.7
1120790 1099.9
1120800 1097.8
1120810 1097.8
1120820 1096.1
1120830 1094.5
1120840 1094.5
1120850 1092.7
1120860 1090.2
1120870 1087.6
1120880 1087.6
1120890 1082.8
1120900 1079.1
1120910 1079.1
1120920 1083.4
1120930 1083.2
1120940 1083.2
1120950 1080.7
1120960 1077.6
1120970 1077.6
1120980 1075.0
1120990 1072.1
1121000 1072.1
1121010 1069.5
1121020 1066.8
1121030 1066.8
1121040 1063.7
1121050 1060.9
1121060 1060.9
1121070 1054.5
1121080 1051.9
1121090 1051.9
1121100 1049.6
1121110 1047.8
1121120 1047.8
1121130 1046.7
1121140 1044.3
1121150 1044.3
1121160 1041.9
1121170 1040.3
1121180 1040.3
1121190 1039.4
1121200 1037.6
1121210 1035.9
1121220 1035.9
1122280 1027.8
1122290 1027.7
1122300 1027.7
1122310 1027.0
1122320 1025.9
1122330 1025.9
1122340 1024.7
1122350 1023.8
1122360 1023.8
1122370 1023.0
1122380 1021.9
1122390 1021.9
1122400 1020.9
1122410 1019.8
1122420 1019.8
1122430 1019.3
1122440 1018.8
1122450 1018.8
1122460 1017.6
1122470 1016.6
1122480 1014.6
1122490 1013.5
1122500 1012.5
1122510 1012.5
1122520 1011.9
1122530 1009.9
1122540 1009.9
1122550 1006.6
1122560 1003.1
1122570 1001.6
1122580 1001.6
1122590 1001.3
1122600 1000.0
1122610 1000.0
1122620 996.0
1122630 994.0
1122640 994.0
1122650 992.0
1122660 991.8
1122670 991.8
1122680 992.0
1122690 992.0
1122700 992.0
1122710 992.3
1122720 993.2
1122730 993.2
1122740 994.0
1122750 994.2
1122760 994.2
1122770 994.6
1122780 994.9
1122790 994.9
1122800 994.9
1122810 994.8
1122820 994.8
1122830 994.4
1122840 994.5
1122850 994.5
1122860 994.6
1122870 994.7
1122880 994.7
1122890 994.8
1122900 994.8
1122910 995.1
1122920 995.1
1122930 995.6
1122940 993.3
1122950 993.3
1122960 993.1
1122970 995.0
1122980 995.0
1122990 995.1
1123000 995.9
1123010 995.9
1123020 999.5
1123030 999.2
1123040 999.2
1123050 998.9
1123060 1000.3
1123070 1000.3
1123080 1002.1
1123090 1002.3
1123100 1002.3
1123110 1002.8
1123120 1002.4
1123130 1002.4
1123140 1003.5
1123150 1006.1
1123160 1006.1
1123170 1007.5
1123180 1008.5
1123190 1010.6
1123200 1011.8
1123210 1011.9
1123220 1011.9
1123230 1011.6
1123240 1010.7
1123250 1008.9
1123260 1008.9
1123270 1008.5
1123280 1008.4
1123290 1008.4
1123300 1007.4
1123310 1006.9
1123320 1006.9
1123330 1007.2
1123340 1006.6
1123350 1006.6
1123360 1005.8
1123370 1007.9
1123380 1007.9
1123390 1010.4
1123400 1014.2
1123410 1014.2
1123420 1016.9
1123430 1018.9
1123440 1018.9
1123450 1022.2
1123460 1025.3
1123470 1025.3
1123480 1024.6
1123490 1023.5
1123500 1023.5
1123510 1026.2
1123520 1027.7
1123530 1027.7
1123540 1029.7
1123550 1029.7
1123560 1029.7
1123570 1028.7
1123580 1025.2
1123590 1020.1
1123600 1020.1
1123610 1017.5
1123620 1018.3
1123630 1018.3
1123640 1024.9
1123650 1030.8
1123660 1030.8
