1120000 1271.3
1120010 1269.7
1120020 1268.7
1120030 1268.7
1120040 1268.5
1120050 1267.9
1120060 1267.9
1120070 1268.2
1120080 1268.7
1120090 1268.7
1120100 1269.2
1120110 1269.3
1120120 1269.3
1120130 1269.7
1120140 1270.2
1120150 1270.2
1120160 1269.7
1120170 1268.3
1120180 1268.3
1120190 1266.3
1120200 1264.2
1120210 1264.2
1120220 1263.7
1120230 1262.7
1120240 1261.0
1120250 1261.0
1120260 1260.2
1120270 1259.0
1120280 1259.0
1120290 1256.8
1120300 1254.1
1120310 1244.9
1120320 1243.1
1120330 1241.2
1120340 1241.2
1120350 1239.1
1120360 1236.9
1120370 1236.9
1120380 1234.7
1120390 1233.3
1120400 1233.3
1120410 1233.0
1120420 1233.4
1120430 1233.4
1120440 1233.7
1120450 1233.7
1120460 1233.7
1120470 1232.9
1120480 1231.7
1120490 1231.7
1120500 1231.1
1120510 1229.7
1120520 1229.7
1120530 1228.2
1120540 1226.6
1120550 1226.6
1120560 1223.8
1120570 1220.7
1120580 1217.5
1120590 1217.5
1120600 1215.4
1120610 1213.8
1120620 1213.8
1120630 1212.3
1120640 1210.5
1120650 1210.5
1120660 1202.7
1120670 1200.8
1120680 1200.8
1120690 1199.1
1120700 1197.8
1120710 1197.8
1120720 1195.9
1120730 1192.8
1120740 1192.8
1120750 1189.7
1120760 1185.9
1120770 1185.9
1120780 1180.9
1120790 1175.7
1120800 1175.7
1120810 1169.2
1120820 1160.4
1120830 1160.4
1120840 1161.1
1120850 1167.8
1120860 1167.8
1120870 1169.7
1120880 1169.1
1120890 1169.1
1120900 1166.8
1120910 1163.7
1120920 1160.4
1120930 1160.4
1120940 1156.6
1120950 1152.3
1120960 1152.3
1120970 1147.1
1120980 1142.5
1120990 1142.5
1121000 1137.3
1121010 1129.1
1121020 1129.1
1121030 1125.8
1121040 1122.9
1121050 1122.9
1121060 1119.5
1121070 1117.1
1121080 1117.1
1121090 1115.0
1121100 1112.9
1121110 1112.9
1121120 1110.0
1121130 1106.6
1121140 1106.6
1122490 1031.7
1122500 1031.7
1122510 1030.7
1122520 1029.2
1122530 1029.2
1122540 1027.7
1122550 1026.4
1122560 1026.4
1122570 1025.5
1122580 1024.7
1122590 1024.7
1122600 1023.7
1122610 1022.8
1122620 1021.7
1122630 1021.7
1122640 1020.6
1122650 1019.9
1122660 1019.9
1122670 1019.6
1122680 1019.3
1122690 1019.3
1122700 1018.7
1122710 1017.8
1122720 1017.8
1122730 1017.1
1122740 1017.1
1122750 1017.1
1122760 1017.4
1122770 1017.6
1122780 1016.1
1122790 1016.3
1122800 1016.3
1122810 1016.3
1122820 1016.2
1122830 1016.0
1122840 1016.0
1122850 1015.9
1122860 1015.7
1122870 1015.7
1122880 1015.3
1122890 1014.1
1122900 1014.1
1122910 1012.9
1122920 1013.3
1122930 1013.3
1122940 1012.0
1122950 1010.2
1122960 1009.5
1122970 1009.5
1122980 1010.1
1122990 1010.0
1123000 1010.0
1123010 1008.8
1123020 1008.5
1123030 1008.5
1123040 1007.7
1123050 1007.9
1123060 1007.9
1123070 1007.3
1123080 1005.5
1123090 1005.5
1123100 1003.8
1123110 1004.1
1123120 1004.1
1123130 1002.2
1123140 1003.2
1123150 1003.2
1123160 1003.2
1123170 1003.7
1123180 1003.7
1123190 1003.7
1123200 1003.6
1123210 1003.6
1123220 1003.8
1123230 1004.3
1123240 1004.3
1123250 1004.6
1123260 1005.0
1123270 1005.0
1123280 1005.2
1123290 1005.7
1123300 1005.6
1123310 1005.6
1123320 1005.2
1123330 1004.5
1123340 1004.5
1123350 1003.8
1123360 1003.5
1123370 1003.5
1123380 1003.6
1123390 1005.1
1123400 1005.1
1123410 1006.1
1123420 1005.8
1123430 1005.8
1123440 1005.4
1123450 1005.3
1123460 1005.3
1123470 1005.2
1123480 1002.2
1123490 1002.2
1123500 1002.4
1123510 1002.6
1123520 1002.6
1123530 1002.7
1123540 1003.0
1123550 1003.0
