1120000 1112.6
1120010 1112.6
1120020 1110.4
1120030 1107.3
1120040 1104.0
1120050 1104.0
1120060 1102.0
1120070 1100.9
1120080 1100.9
1120090 1099.3
1120100 1097.2
1120110 1097.2
1120120 1094.8
1120130 1093.7
1120140 1093.7
1120150 1092.6
1120160 1090.0
1120170 1090.0
1120180 1087.5
1120190 1085.1
1120200 1085.1
1120210 1082.0
1120220 1079.6
1120230 1079.6
1120240 1077.6
1120250 1074.9
1120260 1074.9
1120270 1072.3
1120280 1068.7
1120290 1063.5
1120300 1061.0
1120310 1059.4
1120320 1059.4
1120330 1058.6
1120340 1057.0
1120350 1057.0
1120360 1054.4
1120370 1051.9
1120380 1049.5
1120390 1049.5
1120400 1047.8
1120410 1046.4
1120420 1046.4
1120430 1044.8
1120440 1044.1
1120450 1044.1
1120460 1043.0
1120470 1041.2
1120480 1041.2
1120490 1038.5
1120500 1036.7
1120510 1036.7
1120520 1036.9
1120530 1035.9
1120540 1035.9
1120550 1035.2
1120560 1035.2
1120570 1035.2
1120580 1035.3
1120590 1034.6
1120600 1034.6
1120610 1034.1
1120620 1031.5
1120630 1031.5
1120640 1024.4
1120650 1022.5
1120660 1022.5
1120670 1020.3
1120680 1018.1
1120690 1018.1
1120700 1016.3
1120710 1013.5
1120720 1012.0
1120730 1012.0
1120740 1009.7
1120750 1008.0
1120760 1008.0
1120770 1007.0
1120780 1005.8
1120790 1005.8
1120800 1005.0
1120810 1003.7
1120820 1003.7
1120830 1000.9
1120840 999.2
1120850 999.2
1120860 997.4
1120870 996.6
1120880 996.6
1120890 996.4
1120900 994.1
1120910 994.1
1120920 992.2
1120930 989.3
1120940 989.3
1120950 986.3
1120960 984.2
1120970 984.2
1120980 982.8
1120990 979.4
1121000 979.4
1121010 979.9
1121020 980.4
1121030 980.4
1121040 980.0
1121050 979.9
1121060 980.7
1121070 980.7
1121080 980.9
1121090 980.9
1121100 980.9
1121110 980.4
1121120 980.6
1121130 980.6
1121140 981.3
1121150 981.5
1121160 981.5
1121170 981.7
1121180 982.4
1121190 982.4
1121200 983.0
1121210 983.6
1121220 983.6
1121230 983.2
1121240 983.1
1121250 983.1
1121260 983.8
1121270 984.9
1121280 984.9
1121290 986.3
1121300 986.7
1121310 986.7
1121320 986.9
1121330 986.3
1121340 985.7
1121350 986.6
1121360 987.1
1121370 987.1
1121380 988.4
1121390 989.8
1121400 989.8
1121410 989.8
1121420 990.1
1121430 990.9
1121440 990.9
1121450 990.6
1121460 992.3
1121470 992.3
1121480 992.1
1121490 991.0
1121500 991.0
1121510 990.9
1121520 990.0
1121530 990.0
1121540 990.2
1121550 990.7
1121560 990.7
1121570 993.2
1121580 993.1
1121590 993.1
1121600 993.4
1121610 994.7
1121620 994.7
1121630 995.2
1121640 995.3
1121650 995.3
1121660 996.0
1121670 997.0
1121680 997.0
1121690 995.3
1121700 996.5
1121710 996.5
1121720 997.8
1121730 998.8
1121740 999.3
1121750 999.3
1121760 997.8
1121770 997.2
1121780 997.2
1121790 998.5
1121800 999.3
1121810 999.3
1121820 1000.6
1121830 1002.6
1121840 1002.6
1121850 1005.4
1121860 1006.7
1121870 1006.7
1121880 1006.7
1121890 1007.1
1121900 1007.1
1121910 1007.3
1121920 1007.8
1121930 1007.8
1121940 1008.7
1121950 1009.7
1121960 1009.7
1121970 1010.4
1121980 1010.9
1121990 1010.9
1122000 1011.5
1122010 1011.5
1122020 1011.5
1122100 1010.0
1122110 1010.1
1122120 1010.1
1122130 1010.2
1122140 1010.4
1122150 1010.4
1122160 1010.6
1122170 1010.6
1122180 1010.6
1122190 1010.2
1122200 1009.4
1122210 1009.4
1122220 1008.2
1122230 1007.0
1122240 1007.0
1122250 1005.9
1122260 1004.7
1122270 1004.7
1122280 1004.0
1122290 1003.9
1122300 1003.9
1122310 1003.3
1122320 1001.4
1122330 1001.4
1122340 997.8
1122350 994.6
1122360 994.6
1122370 993.7
1122380 992.5
1122390 992.5
1122400 990.1
1122410 989.4
1122420 987.8
1122430 987.8
1122440 985.3
1122450 983.7
1122460 983.7
1122470 985.6
1122480 987.7
1122490 987.7
1122500 988.3
1122510 989.5
1122520 989.5
1122530 990.0
1122540 990.1
1122550 990.1
1122560 990.2
1122570 990.6
1122580 990.6
1122590 992.4
1122600 995.3
1122610 995.3
1122620 997.1
1122630 998.3
1122640 998.3
1122650 1000.4
1122660 1001.7
1122670 1001.7
1122680 1003.7
1122690 1005.0
1122700 1005.0
1122710 1006.8
1122720 1008.4
1122730 1008.4
1122740 1009.5
1122750 1011.1
1122760 1012.7
1122770 1012.7
1122780 1015.2
1122790 1016.1
1122800 1016.1
1122810 1017.0
1122820 1018.9
1122830 1018.9
1122840 1020.7
1122850 1022.0
1122860 1022.0
1122870 1023.0
1122880 1023.8
1122890 1023.8
1122900 1024.6
1122910 1025.2
1122920 1025.2
1122930 1025.7
1122940 1025.8
1122950 1025.8
1122960 1025.7
1122970 1025.3
1122980 1025.3
1122990 1024.9
1123000 1025.6
1123010 1025.6
1123020 1028.5
1123030 1033.6
1123040 1033.6
1123050 1034.8
1123060 1035.5
1123070 1035.5
1123080 1036.4
1123090 1036.9
1123100 1037.4
1123110 1037.4
1123120 1037.5
1123130 1037.7
1123140 1037.7
1123150 1038.2
1123160 1038.9
1123170 1038.9
1123180 1039.1
1123190 1039.1
1123200 1039.1
1123210 1039.4
1123220 1039.4
1123230 1039.4
1123240 1039.2
1123250 1039.2
1123260 1039.2
1123270 1039.3
1123280 1039.8
1123290 1039.8
1123300 1040.2
1123310 1040.6
1123320 1040.6
1123330 1039.7
1123340 1032.2
1123350 1032.2
1123360 1024.0
1123370 1017.4
1123380 1017.4
1123390 1016.0
1123400 1016.8
1123410 1016.8
1123420 1016.6
1123430 1016.3
1123440 1017.8
1123450 1017.8
1123460 1020.4
1123470 1020.5
1123480 1020.5
1123490 1020.8
1123500 1024.5
1123510 1024.5
1123520 1030.2
1123530 1035.8
1123540 1035.8
1123550 1039.1
1123560 1039.3
1123570 1039.3
1123580 1040.2
1123590 1040.4
1123600 1040.4
1123610 1040.0
1123620 1040.5
1123630 1040.5
1123640 1042.1
1123650 1042.6
1123660 1042.6
1123670 1043.6
1123680 1046.6
1123690 1046.6
1123700 1048.2
1123710 1049.6
1123720 1049.6
