1120000 1196.2
1120010 1196.2
1120020 1195.2
1120030 1195.9
1120040 1195.9
1120050 1195.6
1120060 1195.0
1120070 1195.0
1120080 1194.4
1120090 1193.0
1120100 1193.0
1120110 1191.6
1120120 1190.2
1120130 1190.2
1120140 1188.7
1120150 1186.5
1120160 1186.5
1120170 1184.7
1120180 1182.9
1120190 1182.9
1120200 1180.8
1120210 1177.8
1120220 1177.8
1120230 1174.5
1120240 1170.8
1120250 1162.9
1120260 1162.9
1120270 1160.8
1120280 1159.7
1120290 1159.7
1120300 1157.6
1120310 1155.6
1120320 1155.6
1120330 1153.8
1120340 1151.0
1120350 1151.0
1120360 1148.2
1120370 1145.9
1120380 1145.9
1120390 1143.9
1120400 1141.4
1120410 1141.4
1120420 1138.7
1120430 1136.5
1120440 1136.5
1120450 1135.8
1120460 1135.3
1120470 1135.3
1120480 1134.7
1120490 1134.6
1120500 1134.6
1120510 1133.7
1120520 1132.3
1120530 1132.3
1120540 1129.4
1120550 1124.9
1120560 1124.9
1120570 1123.6
1120580 1124.0
1120590 1123.8
1120600 1118.0
1120610 1116.5
1120620 1114.1
1120630 1114.1
1120640 1111.9
1120650 1110.4
1120660 1110.4
1120670 1108.7
1120680 1106.9
1120690 1106.9
1120700 1105.5
1120710 1103.3
1120720 1103.3
1120730 1101.8
1120740 1100.1
1120750 1100.1
1120760 1098.3
1120770 1096.6
1120780 1096.6
1120790 1094.6
1120800 1092.6
1120810 1092.6
1120820 1090.7
1120830 1089.0
1120840 1089.0
1120850 1087.4
1120860 1085.3
1120870 1085.3
1120880 1083.2
1120890 1079.3
1120900 1079.3
1120910 1074.1
1120920 1078.2
1120930 1078.2
1120940 1078.2
1120950 1071.2
1120960 1068.2
1120970 1068.2
1120980 1065.4
1120990 1063.2
1121000 1063.2
1121010 1060.7
1121020 1058.2
1121030 1058.2
1121040 1055.6
1121050 1053.2
1121060 1053.2
1121070 1050.9
1121080 1049.1
1121090 1049.1
1121100 1048.0
1121110 1046.4
1121120 1046.4
1121130 1043.6
1121140 1040.9
1121150 1040.9
1121160 1038.5
1121170 1037.5
1121180 1037.5
1121190 1035.6
1121200 1033.3
1121210 1033.3
1121220 1032.3
1122270 1027.0
1122280 1027.2
1122290 1027.2
1122300 1027.2
1122310 1026.5
1122320 1024.7
1122330 1024.7
1122340 1023.2
1122350 1022.4
1122360 1020.7
1122370 1020.5
1122380 1020.2
1122390 1020.2
1122400 1019.6
1122410 1019.2
1122420 1019.2
1122430 1018.5
1122440 1017.0
1122450 1017.0
1122460 1015.1
1122470 1012.9
1122480 1012.9
1122490 1011.6
1122500 1011.1
1122510 1011.1
1122520 1009.0
1122530 1007.3
1122540 1007.3
1122550 1005.1
1122560 1001.2
1122570 1001.2
1122580 998.6
1122590 996.9
1122600 996.9
1122610 995.2
1122620 993.9
1122630 992.2
1122640 992.2
1122650 991.3
1122660 991.3
1122670 991.3
1122680 991.4
1122690 991.6
1122700 991.6
1122710 991.6
1122720 991.8
1122730 991.8
1122740 992.3
1122750 992.9
1122760 992.9
1122770 993.4
1122780 993.9
1122790 993.9
1122800 994.0
1122810 994.1
1122820 994.1
1122830 994.2
1122840 994.2
1122850 994.2
1122860 994.3
1122870 994.3
1122880 994.3
1122890 994.4
1122900 994.7
1122910 994.7
1122920 995.0
1122930 995.4
1122940 995.4
1122950 992.7
1122960 993.3
1122970 994.7
1122980 994.7
1122990 994.9
1123000 995.2
1123010 995.2
1123020 998.7
1123030 1001.0
1123040 1001.0
1123050 1001.9
1123060 1005.3
1123070 1005.3
1123080 1006.1
1123090 1005.7
1123100 1005.7
1123110 1006.3
1123120 1007.5
1123130 1007.5
1123140 1008.9
1123150 1011.2
1123160 1011.2
1123170 1011.6
1123180 1012.7
1123190 1012.7
1123200 1014.7
1123210 1014.9
1123220 1014.9
1123230 1014.8
1123240 1013.2
1123250 1013.2
1123260 1012.5
1123270 1012.3
1123280 1012.3
1123290 1011.6
1123300 1009.3
1123310 1008.2
1123320 1008.2
1123330 1007.9
1123340 1007.6
1123350 1007.6
1123360 1005.9
1123370 1006.5
1123380 1006.5
1123390 1008.8
1123400 1012.3
1123410 1012.3
1123420 1014.5
1123430 1019.3
1123440 1019.3
1123450 1022.3
1123460 1026.8
1123470 1026.8
1123480 1029.5
1123490 1029.7
1123500 1029.7
1123510 1029.7
1123520 1029.9
1123530 1029.9
1123540 1030.0
1123550 1029.9
1123560 1029.9
1123570 1028.6
1123580 1024.0
1123590 1024.0
1123600 1022.7
1123610 1022.4
1123620 1022.4
1123630 1020.1
1123640 1020.1
1123650 1025.7
1123660 1025.7
