1120000 1363.0
1120010 1363.0
1120020 1359.0
1120030 1356.5
1120040 1356.5
1120050 1355.9
1120060 1356.8
1120070 1356.8
1120080 1357.5
1120090 1357.5
1120100 1352.7
1120110 1345.4
1120120 1338.7
1120130 1334.2
1120140 1334.2
1120150 1329.5
1120160 1325.5
1120170 1325.5
1120180 1323.2
1120190 1320.7
1120200 1320.7
1120210 1317.9
1120220 1314.4
1120230 1314.4
1120240 1312.6
1120250 1310.1
1120260 1310.1
1120270 1306.8
1120280 1303.4
1120290 1303.4
1120300 1301.8
1120310 1301.0
1120320 1301.0
1120330 1299.9
1120340 1298.0
1120350 1298.0
1120360 1297.0
1120370 1297.4
1120380 1297.4
1120390 1297.3
1120400 1296.8
1120410 1296.8
1120420 1298.2
1120430 1298.8
1120440 1298.8
1120450 1295.0
1120460 1296.1
1120470 1297.8
1120480 1297.8
1120490 1298.7
1120500 1297.9
1120510 1297.9
1120520 1296.1
1120530 1294.6
1120540 1294.6
1120550 1294.9
1120560 1296.5
1120570 1296.5
1120580 1297.7
1120590 1297.8
1120600 1297.8
1120610 1299.5
1120620 1300.8
1120630 1300.8
1120640 1301.6
1120650 1303.9
1120660 1303.9
1120670 1306.3
1120680 1309.2
1120690 1309.2
1120700 1311.3
1120710 1314.0
1120720 1314.0
1120730 1316.6
1120740 1318.5
1120750 1318.5
1120760 1320.2
1120770 1322.5
1120780 1322.5
1120790 1324.0
