1120000 1392.6
1120010 1390.1
1120020 1386.4
1120030 1386.4
1120040 1382.2
1120050 1380.2
1120060 1380.2
1120070 1377.7
1120080 1375.8
1120090 1375.8
1120100 1373.6
1120110 1373.5
1120120 1373.5
1120130 1373.2
1120140 1372.2
1120150 1372.2
1120160 1371.8
1120170 1371.3
1120180 1371.3
1120190 1371.5
1120200 1371.2
1120210 1371.2
1120220 1370.4
1120230 1369.8
1120240 1369.8
1120250 1369.8
1120260 1367.9
1120270 1367.9
1120280 1364.1
1120290 1360.8
1120300 1358.0
1120310 1358.0
1120320 1355.6
1120330 1354.7
1120340 1354.7
1120350 1354.2
1120360 1354.1
1120370 1354.1
1120380 1352.4
1120390 1351.3
1120400 1351.3
1120410 1352.5
1120420 1354.2
1120430 1354.2
1120440 1355.7
1120450 1356.3
1120460 1356.3
1120470 1356.7
1120480 1356.8
1120490 1356.8
1120500 1357.8
1120510 1361.2
1120520 1361.2
1120530 1366.5
1120540 1372.1
1120550 1372.1
1120560 1377.3
1120570 1378.0
1120580 1378.0
1120590 1376.3
1120600 1374.1
1120610 1365.7
1120620 1366.0
1120630 1366.3
